,date,tournament,home_team,away_team,home_team_rating,away_team_rating,home_goals,away_goals,home_team_rating_change,away_team_rating_change,home_team_new_rating,away_team_new_rating,home_team_rank,away_team_rank,home_team_rank_change,away_team_rank_change,home_team_new_rank,away_team_new_rank,k,hadv,rdiff
0,Jan 12 1990,Friendly tournament in France,Algeria,Mali,1666,1456,5,0,14,-14,1680,1442,31,88,3,-5,34,83,30,0,210
1,Jan 17 1990,Friendly in Greece,Greece,Belgium,1660,1852,2,0,19,-19,1679,1833,31,17,4,0,35,17,20,100,-92
2,Jan 17 1990,Friendly in the United States,Mexico,Argentina,1907,1801,2,0,11,-11,1918,1790,10,21,0,-1,10,20,20,0,106
3,Jan 20 1990,SADCC Tournament in Swaziland,Malawi,Tanzania,1462,1208,2,2,-9,9,1453,1217,80,134,-2,1,78,135,30,0,254
4,Jan 20 1990,SADCC Tournament in Swaziland,Swaziland,Botswana,1153,1090,3,1,13,-13,1166,1077,142,162,2,-2,144,160,30,100,163
5,Jan 21 1990,SADCC Tournament in Swaziland,Botswana,Malawi,1077,1453,2,2,12,-12,1089,1441,156,88,2,-5,158,83,30,0,-376
6,Jan 21 1990,Friendly tournament in Kuwait,Kuwait,France,1515,1864,0,1,-6,6,1509,1870,69,16,-1,0,68,16,30,100,-249
7,Jan 21 1990,SADCC Tournament in Swaziland,Swaziland,Tanzania,1166,1217,0,1,-17,17,1149,1234,150,119,-3,8,147,127,30,100,49
8,Jan 23 1990,SADCC Tournament in Swaziland,Botswana,Tanzania,1089,1234,0,0,6,-6,1095,1228,156,131,1,-2,157,129,30,0,-145
9,Jan 23 1990,SADCC Tournament in Swaziland,Swaziland,Malawi,1149,1441,0,0,8,-8,1157,1433,145,83,1,0,146,83,30,100,-192
10,Jan 24 1990,Friendly tournament in Kuwait,France,East Germany,1870,1739,3,0,17,-17,1887,1722,12,31,2,-2,14,29,30,0,131
11,Jan 24 1990,CEDEAO Cup in Nigeria,Senegal,Liberia,1559,1426,1,0,13,-13,1572,1413,48,96,4,-5,52,91,40,0,133
12,Jan 25 1990,CEDEAO Cup in Nigeria,Nigeria,Ivory Coast,1609,1676,2,0,27,-27,1636,1649,39,41,4,-2,43,39,30,0,-67
13,Jan 26 1990,Friendly tournament in Kuwait,Kuwait,East Germany,1509,1722,1,2,-10,10,1499,1732,68,29,0,0,68,29,30,100,-113
14,Jan 27 1990,CEDEAO Cup in Nigeria,Ivory Coast,Liberia,1649,1413,1,0,8,-8,1657,1405,39,97,0,-3,39,94,40,0,236
15,Jan 28 1990,CEDEAO Cup in Nigeria,Nigeria,Senegal,1636,1572,0,0,-9,9,1627,1581,47,50,-2,1,45,51,40,100,164
16,Jan 28 1990,Friendly in the United Arab Emirates,United Arab Emirates,Egypt,1529,1712,1,2,-8,8,1521,1720,65,28,-1,2,64,30,20,100,-83
17,Jan 29 1990,King's Cup in Thailand,Thailand,Kenya,1219,1451,2,1,20,-20,1239,1431,117,89,8,-5,125,84,30,100,-132
18,Jan 31 1990,Friendly in the United Arab Emirates,United Arab Emirates,Egypt,1521,1720,1,0,13,-13,1534,1707,60,34,2,-2,62,32,20,100,-99
19,Feb 2 1990,Friendly in Iran,Iran,Poland,1580,1791,0,2,-10,10,1570,1801,52,19,0,0,52,19,20,100,-111
20,Feb 2 1990,King's Cup in Thailand,Kenya,Indonesia,1431,1212,3,2,7,-7,1438,1205,80,138,2,-1,82,137,30,0,219
21,Feb 2 1990,Friendly tournament in the United States,Uruguay,Colombia,1873,1822,2,0,19,-19,1892,1803,8,18,4,0,12,18,30,0,51
22,Feb 2 1990,Friendly tournament in the United States,United States,Costa Rica,1612,1613,0,2,-29,29,1583,1642,53,36,-3,5,50,41,30,100,99
23,Feb 4 1990,Friendly in Algeria,Algeria,Romania,1680,1890,0,0,3,-3,1683,1887,34,15,0,-1,34,14,20,100,-110
24,Feb 4 1990,Friendly in Iran,Iran,Poland,1570,1801,0,1,-6,6,1564,1807,60,17,-4,1,56,18,20,100,-131
25,Feb 4 1990,Friendly tournament in Malta,Norway,South Korea,1661,1745,3,2,19,-19,1680,1726,32,33,3,-4,35,29,30,0,-84
26,Feb 4 1990,Friendly tournament in the United States,Uruguay,Costa Rica,1892,1642,2,0,9,-9,1901,1633,12,47,0,-3,12,44,30,0,250
27,Feb 4 1990,Friendly tournament in the United States,United States,Colombia,1583,1803,1,1,5,-5,1588,1798,48,20,1,-1,49,19,30,100,-120
28,Feb 5 1990,King's Cup in Thailand,Thailand,Indonesia,1239,1205,1,1,-6,6,1233,1211,131,135,-3,1,128,136,30,100,134
29,Feb 5 1990,Friendly in the United Arab Emirates,United Arab Emirates,Denmark,1534,1906,1,1,7,-7,1541,1899,60,13,1,-1,61,12,20,100,-272
30,Feb 7 1990,Friendly tournament in Malta,Malta,Norway,1379,1680,1,1,8,-8,1387,1672,95,41,1,-3,96,38,30,100,-201
31,Feb 9 1990,Friendly in Malta,South Korea,Norway,1726,1672,3,0,15,-15,1741,1657,21,38,4,0,25,38,20,0,54
32,Feb 10 1990,Friendly tournament in Malta,Malta,South Korea,1387,1741,1,2,-6,6,1381,1747,98,25,-1,0,97,25,30,100,-254
33,Feb 10 1990,Friendly in Uganda,Uganda,Mauritius,1534,1236,4,1,3,-3,1537,1233,63,128,0,-1,63,127,20,100,398
34,Feb 11 1990,Friendly in Egypt,Kuwait,Poland,1499,1807,1,1,7,-7,1506,1800,68,18,0,0,68,18,20,0,-308
35,Feb 11 1990,Friendly in Togo,Togo,Cameroon,1384,1704,1,1,6,-6,1390,1698,96,33,0,0,96,33,20,100,-220
36,Feb 12 1990,Friendly in the United Arab Emirates,United Arab Emirates,Finland,1541,1608,1,1,-1,1,1540,1609,63,47,-1,0,62,47,20,100,33
37,Feb 13 1990,Friendly in Bermuda,Bermuda,United States,1350,1588,0,1,-6,6,1344,1594,106,47,-1,1,105,48,20,100,-138
38,Feb 14 1990,Friendly in Egypt,Egypt,Denmark,1707,1899,0,0,3,-3,1710,1896,32,12,0,0,32,12,20,100,-92
39,Feb 14 1990,Friendly in the United Arab Emirates,United Arab Emirates,Sweden,1540,1958,2,1,17,-17,1557,1941,52,9,5,-2,57,7,20,100,-318
40,Feb 15 1990,Friendly in Egypt,Finland,Kuwait,1609,1506,1,0,7,-7,1616,1499,47,68,0,0,47,68,20,0,103
41,Feb 15 1990,Friendly in Iraq,Iraq,South Korea,1640,1747,0,0,0,0,1640,1747,42,25,0,0,42,25,20,100,-7
42,Feb 17 1990,Friendly in the United Arab Emirates,United Arab Emirates,Sweden,1557,1941,0,2,-5,5,1552,1946,61,5,-2,1,59,6,20,100,-284
43,Feb 18 1990,Friendly in Egypt,Egypt,South Korea,1710,1747,0,0,-2,2,1708,1749,32,25,0,0,32,25,20,100,63
44,Feb 20 1990,Friendly tournament in the United States,Colombia,Soviet Union,1798,1954,0,0,6,-6,1804,1948,17,5,1,0,18,5,30,0,-156
45,Feb 21 1990,Friendly in Belgium,Belgium,Sweden,1833,1946,0,0,0,0,1833,1946,17,6,0,0,17,6,20,100,-13
46,Feb 21 1990,Friendly in The Gambia,Gambia,Guinea-Bissau,1257,1326,0,1,-11,11,1246,1337,125,108,-3,0,122,108,20,100,31
47,Feb 21 1990,Gulf Cup in Kuwait,Kuwait,Bahrain,1499,1374,1,0,9,-9,1508,1365,68,100,0,-1,68,99,40,100,225
48,Feb 21 1990,Friendly in Morocco,Morocco,Ivory Coast,1591,1657,2,1,9,-9,1600,1648,47,40,1,-1,48,39,20,100,34
49,Feb 21 1990,Friendly in the Netherlands,Netherlands,Italy,2047,1962,0,0,-5,5,2042,1967,1,4,0,0,1,4,20,100,185
50,Feb 21 1990,Friendly in Spain,Spain,Czechoslovakia,1924,1889,1,0,6,-6,1930,1883,8,19,0,-3,8,16,20,100,135
51,Feb 22 1990,Gulf Cup in Kuwait,Oman,United Arab Emirates,1046,1552,1,1,18,-18,1064,1534,159,67,2,-4,161,63,40,0,-506
52,Feb 22 1990,Friendly tournament in the United States,Soviet Union,Costa Rica,1948,1633,2,1,4,-4,1952,1629,5,46,0,-1,5,45,30,0,315
53,Feb 23 1990,Gulf Cup in Kuwait,Bahrain,Qatar,1365,1495,0,0,7,-7,1372,1488,97,69,1,0,98,69,40,0,-130
54,Feb 24 1990,Gulf Cup in Kuwait,Kuwait,Oman,1508,1064,1,1,-18,18,1490,1082,68,157,0,2,68,159,40,100,544
55,Feb 24 1990,Friendly in the United States,United States,Soviet Union,1594,1952,1,3,-6,6,1588,1958,49,5,0,0,49,5,20,100,-258
56,Feb 26 1990,Gulf Cup in Kuwait,Iraq,Bahrain,1640,1372,1,0,7,-7,1647,1365,40,100,1,-1,41,99,40,0,268
57,Feb 27 1990,Gulf Cup in Kuwait,Qatar,United Arab Emirates,1488,1534,0,0,3,-3,1491,1531,67,63,1,0,68,63,40,0,-46
58,Feb 28 1990,Gulf Cup in Kuwait,Bahrain,Oman,1365,1082,0,0,-13,13,1352,1095,103,155,-2,2,101,157,40,0,283
59,Feb 28 1990,Friendly in Egypt,Egypt,Austria,1708,1720,0,0,-2,2,1706,1722,32,30,0,0,32,30,20,100,88
60,Feb 28 1990,Friendly in France,France,West Germany,1887,1999,2,1,10,-10,1897,1989,11,3,1,0,12,3,20,100,-12
61,Feb 28 1990,Gulf Cup in Kuwait,Kuwait,Iraq,1490,1647,1,1,3,-3,1493,1644,67,41,1,0,68,41,40,100,-57
62,Mar 2 1990,African Nations Cup in Algeria,Algeria,Nigeria,1683,1627,5,1,27,-27,1710,1600,30,48,2,-1,32,47,50,100,156
63,Mar 2 1990,African Nations Cup in Algeria,Ivory Coast,Egypt,1648,1706,3,1,44,-44,1692,1662,29,44,5,-6,34,38,50,0,-58
64,Mar 3 1990,Gulf Cup in Kuwait,Iraq,United Arab Emirates,1644,1531,2,2,-6,6,1638,1537,43,63,-1,0,42,63,40,0,113
65,Mar 3 1990,African Nations Cup in Algeria,Kenya,Senegal,1438,1581,0,0,10,-10,1448,1571,80,51,1,0,81,51,50,0,-143
66,Mar 3 1990,African Nations Cup in Algeria,Zambia,Cameroon,1515,1698,1,0,37,-37,1552,1661,51,43,8,-5,59,38,50,0,-183
67,Mar 4 1990,Gulf Cup in Kuwait,Qatar,Oman,1491,1095,4,2,6,-6,1497,1089,67,161,1,-2,68,159,40,0,396
68,Mar 5 1990,African Nations Cup in Algeria,Algeria,Ivory Coast,1710,1692,3,0,29,-29,1739,1663,22,39,5,-3,27,36,50,100,118
69,Mar 5 1990,Gulf Cup in Kuwait,Bahrain,United Arab Emirates,1352,1537,1,0,30,-30,1382,1507,93,71,4,-4,97,67,40,0,-185
70,Mar 5 1990,African Nations Cup in Algeria,Nigeria,Egypt,1600,1662,1,0,29,-29,1629,1633,43,49,2,-6,45,43,50,0,-62
71,Mar 6 1990,SADCC Tournament in Mozambique,Mozambique,Angola,1351,1456,2,1,15,-15,1366,1441,97,85,3,-4,100,81,30,100,-5
72,Mar 6 1990,African Nations Cup in Algeria,Senegal,Cameroon,1571,1661,2,0,47,-47,1618,1614,41,59,5,-11,46,48,50,0,-90
73,Mar 6 1990,African Nations Cup in Algeria,Zambia,Kenya,1552,1448,1,0,18,-18,1570,1430,45,87,7,-3,52,84,50,0,104
74,Mar 7 1990,Gulf Cup in Kuwait,Kuwait,Qatar,1493,1497,2,0,22,-22,1515,1475,65,78,2,-5,67,73,40,100,96
75,Mar 7 1990,SADCC Tournament in Mozambique,Zimbabwe,Lesotho,1473,1163,4,1,8,-8,1481,1155,66,148,4,-2,70,146,30,0,310
76,Mar 8 1990,African Nations Cup in Algeria,Algeria,Egypt,1739,1633,2,0,18,-18,1757,1615,23,52,2,-5,25,47,50,100,206
77,Mar 8 1990,African Nations Cup in Algeria,Nigeria,Ivory Coast,1629,1663,1,0,27,-27,1656,1636,30,46,7,-5,37,41,50,0,-34
78,Mar 8 1990,SADCC Tournament in Mozambique,Zimbabwe,Angola,1481,1441,2,0,20,-20,1501,1421,68,95,1,-7,69,88,30,0,40
79,Mar 9 1990,African Nations Cup in Algeria,Cameroon,Kenya,1614,1430,2,0,19,-19,1633,1411,38,97,5,-7,43,90,50,0,184
80,Mar 9 1990,Gulf Cup in Kuwait,Kuwait,United Arab Emirates,1515,1507,6,1,28,-28,1543,1479,57,72,5,-2,62,70,40,100,108
81,Mar 9 1990,African Nations Cup in Algeria,Senegal,Zambia,1618,1570,0,0,-3,3,1615,1573,49,52,-2,0,47,52,40,0,48
82,Mar 10 1990,SADCC Tournament in Mozambique,Angola,Lesotho,1421,1155,3,1,8,-8,1429,1147,79,150,4,-2,83,148,30,0,266
83,Mar 10 1990,SADCC Tournament in Mozambique,Mozambique,Zimbabwe,1366,1501,3,1,25,-25,1391,1476,92,74,4,-3,96,71,30,100,-35
84,Mar 10 1990,Friendly in the United States,United States,Finland,1588,1616,2,1,8,-8,1596,1608,50,50,0,-2,50,48,20,100,72
85,Mar 11 1990,SADCC Tournament in Mozambique,Mozambique,Lesotho,1391,1147,3,0,6,-6,1397,1141,96,148,0,0,96,148,30,100,344
86,Mar 12 1990,African Nations Cup in Algeria,Algeria,Senegal,1757,1615,2,1,10,-10,1767,1605,23,50,1,-2,24,48,50,100,242
87,Mar 12 1990,African Nations Cup in Algeria,Nigeria,Zambia,1656,1573,2,0,29,-29,1685,1544,29,70,4,-9,33,61,50,0,83
88,Mar 15 1990,African Nations Cup in Algeria,Zambia,Senegal,1544,1605,1,0,29,-29,1573,1576,43,54,9,-3,52,51,50,0,-61
89,Mar 16 1990,African Nations Cup in Algeria,Algeria,Nigeria,1767,1685,1,0,13,-13,1780,1672,20,39,2,-3,22,36,50,100,182
90,Mar 16 1990,Friendly tournament in Jamaica,Jamaica,Barbados,1234,1237,0,1,-19,19,1215,1256,144,113,-9,6,135,119,30,100,97
91,Mar 18 1990,Friendly tournament in Jamaica,Jamaica,Barbados,1215,1256,1,0,12,-12,1227,1244,125,129,5,-5,130,124,30,100,59
92,Mar 20 1990,Friendly in Hungary,Hungary,United States,1736,1596,2,0,6,-6,1742,1590,26,49,1,0,27,49,20,100,240
93,Mar 20 1990,Friendly in the United States,Mexico,Uruguay,1918,1901,2,1,10,-10,1928,1891,8,15,1,-2,9,13,20,0,17
94,Mar 23 1990,Friendly in Namibia,Namibia,Zimbabwe,1195,1476,1,5,-10,10,1185,1486,141,67,-1,2,140,69,20,100,-181
95,Mar 24 1990,Caribbean Championship qual in Saint Martin,Cayman Islands,Sint Maarten,1079,853,1,1,-11,11,1068,864,163,182,-1,2,162,184,30,100,326
96,Mar 24 1990,Friendly in Saint Kitts and Nevis,Saint Kitts and Nevis,Antigua and Barbuda,1219,1253,3,1,12,-12,1231,1241,124,127,5,-3,129,124,20,100,66
97,Mar 24 1990,Caribbean Championship qual in Saint Martin,Saint Martin,British Virgin Islands,1015,925,3,0,18,-18,1033,907,163,180,2,-2,165,178,40,100,190
98,Mar 26 1990,Caribbean Championship qual in Anguilla,Anguilla,Saint Martin,593,1033,0,4,-9,9,584,1042,199,165,0,0,199,165,40,100,-340
99,Mar 26 1990,Caribbean Championship qual in Anguilla,Cayman Islands,Aruba,1068,1135,2,1,24,-24,1092,1111,156,159,3,-4,159,155,40,0,-67
100,Mar 27 1990,Friendly in Northern Ireland,Northern Ireland,Norway,1642,1657,2,3,-12,12,1630,1669,49,37,-5,0,44,37,20,100,85
101,Mar 28 1990,Caribbean Championship qual in Saint Martin,Aruba,Sint Maarten,1111,864,2,2,-12,12,1099,876,157,182,-1,1,156,183,40,0,247
102,Mar 28 1990,Caribbean Championship qual in Saint Martin,British Virgin Islands,Anguilla,907,584,6,0,11,-11,918,573,176,199,1,0,177,199,40,0,323
103,Mar 28 1990,Friendly in East Germany,East Germany,United States,1732,1590,3,2,4,-4,1736,1586,28,49,1,0,29,49,20,100,242
104,Mar 28 1990,Friendly in Egypt,Egypt,Romania,1615,1887,1,3,-8,8,1607,1895,48,12,-1,1,47,13,20,100,-172
105,Mar 28 1990,Friendly in England,England,Brazil,1943,2007,1,0,9,-9,1952,1998,5,2,1,0,6,2,20,100,36
106,Mar 28 1990,Friendly in Greece,Greece,Israel,1679,1634,2,1,6,-6,1685,1628,33,49,0,-4,33,45,20,100,145
107,Mar 28 1990,Friendly in Hungary,Hungary,France,1742,1897,1,3,-13,13,1729,1910,33,11,-3,0,30,11,20,100,-55
108,Mar 28 1990,Friendly in Ireland,Ireland,Wales,1887,1733,1,0,4,-4,1891,1729,14,31,0,-1,14,30,20,100,254
109,Mar 28 1990,Friendly in Luxembourg,Luxembourg,Iceland,1174,1546,1,2,-3,3,1171,1549,144,60,-1,0,143,60,20,100,-272
110,Mar 28 1990,Friendly in Poland,Poland,Yugoslavia,1800,1921,0,0,1,-1,1801,1920,19,8,0,1,19,9,20,100,-21
111,Mar 28 1990,Friendly in Scotland,Scotland,Argentina,1766,1790,1,0,8,-8,1774,1782,25,20,0,0,25,20,20,100,76
112,Mar 28 1990,Friendly in Spain,Spain,Austria,1930,1722,2,3,-17,17,1913,1739,12,25,-2,3,10,28,20,100,308
113,Mar 28 1990,Friendly in the Soviet Union,Soviet Union,Netherlands,1958,2042,2,1,10,-10,1968,2032,3,1,1,0,4,1,20,100,16
114,Mar 30 1990,Caribbean Championship qual in Saint Martin,Saint Martin,Cayman Islands,1042,1092,5,1,32,-32,1074,1060,159,167,3,-4,162,163,30,0,-50
115,Mar 31 1990,Friendly in Switzerland,Switzerland,Italy,1673,1967,0,1,-5,5,1668,1972,39,3,-2,1,37,4,20,100,-194
116,Apr 1 1990,Caribbean Championship qual in Saint Martin,Saint Martin,Cayman Islands,1074,1060,3,2,14,-14,1088,1046,160,167,1,-2,161,165,30,0,14
117,Apr 1 1990,SADCC Tournament in Zambia,Swaziland,Zimbabwe,1157,1486,4,4,11,-11,1168,1475,143,75,1,-3,144,72,30,0,-329
118,Apr 1 1990,SADCC Tournament in Zambia,Zambia,Tanzania,1573,1228,2,0,3,-3,1576,1225,50,134,1,-2,51,132,30,100,445
119,Apr 3 1990,Friendly in Bermuda,Bermuda,Iceland,1344,1549,0,4,-13,13,1331,1562,111,56,-3,2,108,58,20,100,-105
120,Apr 3 1990,Friendly in Switzerland,Switzerland,Romania,1668,1895,2,1,14,-14,1682,1881,31,19,3,-3,34,16,20,100,-127
121,Apr 4 1990,Friendly in Czechoslovakia,Czechoslovakia,Egypt,1883,1607,0,1,-18,18,1865,1625,17,45,-1,1,16,46,20,100,376
122,Apr 8 1990,Friendly in the United States,United States,Iceland,1586,1562,4,1,12,-12,1598,1550,49,62,0,-2,49,60,20,100,124
123,Apr 11 1990,Friendly in Algeria,Algeria,Sweden,1780,1946,1,1,2,-2,1782,1944,18,7,2,0,20,7,20,100,-66
124,Apr 11 1990,Friendly in Austria,Austria,Hungary,1739,1729,3,0,12,-12,1751,1717,24,34,2,-2,26,32,20,100,110
125,Apr 11 1990,Friendly in Denmark,Denmark,Turkey,1896,1648,1,0,2,-2,1898,1646,12,38,0,0,12,38,20,100,348
126,Apr 11 1990,Friendly in East Germany,East Germany,Egypt,1736,1625,2,0,7,-7,1743,1618,27,46,1,0,28,46,20,100,211
127,Apr 14 1990,Caribbean Championship qual in Bermuda,Bermuda,Antigua and Barbuda,1331,1241,2,2,-10,10,1321,1251,108,118,0,3,108,121,40,100,190
128,Apr 15 1990,Caribbean Championship qual in Barbados,Barbados,Saint Lucia,1244,1245,1,0,14,-14,1258,1231,114,133,5,-5,119,128,40,100,99
129,Apr 16 1990,Caribbean Championship qual in Bermuda,Bermuda,Antigua and Barbuda,1321,1251,3,0,19,-19,1340,1232,104,130,2,-4,106,126,40,100,170
130,Apr 17 1990,Caribbean Championship qual in Grenada,Grenada,Netherlands Antilles,1347,1352,1,1,-5,5,1342,1357,106,101,-1,1,105,102,40,100,95
131,Apr 17 1990,Friendly in the United States,Mexico,Colombia,1928,1804,2,0,10,-10,1938,1794,8,20,0,-1,8,19,20,0,124
132,Apr 22 1990,Caribbean Championship qual in Martinique,Martinique,French Guiana,1432,1262,4,0,13,-13,1445,1249,78,124,2,-3,80,121,40,100,270
133,Apr 22 1990,Caribbean Championship qual in St Vincent & Grenadines,St Vincent & Grenadines,Dominica,1369,1160,2,1,6,-6,1375,1154,100,145,0,0,100,145,40,100,309
134,Apr 22 1990,Friendly in the United States,United States,Colombia,1598,1794,0,1,-7,7,1591,1801,49,17,0,1,49,18,20,100,-96
135,Apr 25 1990,Friendly in England,England,Czechoslovakia,1952,1865,4,2,8,-8,1960,1857,4,16,1,0,5,16,20,100,187
136,Apr 25 1990,Friendly in Ireland,Ireland,Soviet Union,1891,1968,1,0,9,-9,1900,1959,11,7,1,-1,12,6,20,100,23
137,Apr 25 1990,Friendly in Israel,Israel,Romania,1628,1881,1,4,-10,10,1618,1891,45,15,0,0,45,15,20,100,-153
138,Apr 25 1990,Friendly in Scotland,Scotland,East Germany,1774,1743,0,1,-14,14,1760,1757,25,24,0,2,25,26,20,100,131
139,Apr 25 1990,Friendly in Sweden,Sweden,Wales,1944,1729,4,2,4,-4,1948,1725,7,30,0,0,7,30,20,100,315
140,Apr 25 1990,Friendly in West Germany,West Germany,Uruguay,1989,1891,3,3,-5,5,1984,1896,3,15,0,-1,3,14,20,100,198
141,Apr 29 1990,Caribbean Championship qual in Barbados,Barbados,Antigua and Barbuda,1258,1232,1,0,13,-13,1271,1219,110,140,4,-7,114,133,40,100,126
142,Apr 29 1990,Caribbean Championship qual in Jamaica,Jamaica,Saint Kitts and Nevis,1227,1231,3,0,26,-26,1253,1205,112,146,9,-9,121,137,40,100,96
143,Apr 29 1990,Black Stars Tournament in France,Martinique,Gabon,1445,1450,2,0,23,-23,1468,1427,70,89,5,-5,75,84,30,0,-5
144,Apr 29 1990,Caribbean Championship qual in Suriname,Suriname,Guyana,1410,1241,5,0,14,-14,1424,1227,78,133,7,-5,85,128,40,100,269
145,May 1 1990,Black Stars Tournament in France,Guadeloupe,Martinique,1423,1468,1,0,17,-17,1440,1451,76,81,5,-3,81,78,30,0,-45
146,May 3 1990,Friendly in Austria,Austria,Argentina,1751,1782,1,1,-2,2,1749,1784,27,20,0,0,27,20,20,100,69
147,May 4 1990,Friendly tournament in the United States,Colombia,Poland,1801,1801,2,1,15,-15,1816,1786,18,20,0,-1,18,19,30,0,0
148,May 5 1990,Friendly in Brazil,Brazil,Bulgaria,1998,1720,2,1,2,-2,2000,1718,2,31,0,0,2,31,20,100,378
149,May 5 1990,Friendly in the United States,United States,Malta,1591,1381,1,0,3,-3,1594,1378,49,100,0,0,49,100,20,100,310
150,May 6 1990,North American Champ in Canada,Canada,United States,1553,1594,1,0,21,-21,1574,1573,45,57,7,-4,52,53,50,100,59
151,May 6 1990,Friendly in the Cayman Islands,Cayman Islands,Jamaica,1046,1253,1,2,-7,7,1039,1260,166,118,0,2,166,120,20,100,-107
152,May 6 1990,Friendly tournament in the United States,Poland,Costa Rica,1786,1629,2,0,13,-13,1799,1616,19,48,0,-2,19,46,30,0,157
153,May 6 1990,Caribbean Championship qual in Saint Martin,Saint Martin,Guadeloupe,1088,1440,2,1,32,-32,1120,1408,146,105,8,-12,154,93,40,100,-252
154,May 8 1990,Friendly in Switzerland,Switzerland,Argentina,1682,1784,1,1,0,0,1682,1784,34,20,0,0,34,20,20,100,-2
155,May 9 1990,Friendly in Morocco,Morocco,United Arab Emirates,1600,1479,3,1,7,-7,1607,1472,48,79,0,-5,48,74,20,100,221
156,May 9 1990,Friendly in the United States,United States,Poland,1573,1799,3,1,20,-20,1593,1779,45,25,4,-3,49,22,20,100,-126
157,May 10 1990,North American Champ in Canada,Mexico,United States,1938,1593,1,0,6,-6,1944,1587,8,49,0,0,8,49,50,0,345
158,May 12 1990,Caribbean Championship qual in Dominica,Dominica,French Guiana,1154,1249,1,1,0,0,1154,1249,146,123,0,0,146,123,20,100,5
159,May 13 1990,Friendly in Brazil,Brazil,East Germany,2000,1757,3,3,-8,8,1992,1765,2,24,0,1,2,25,20,100,343
160,May 13 1990,North American Champ in Canada,Canada,Mexico,1574,1944,2,1,41,-41,1615,1903,41,14,6,-3,47,11,50,100,-270
161,May 13 1990,Caribbean Championship qual in Saint Lucia,Saint Lucia,Bermuda,1231,1340,0,2,-29,29,1202,1369,148,97,-10,5,138,102,40,100,-9
162,May 13 1990,Caribbean Championship qual in St Vincent & Grenadines,St Vincent & Grenadines,Martinique,1375,1451,1,0,19,-19,1394,1432,95,84,3,-3,98,81,40,100,24
163,May 15 1990,Friendly in England,England,Denmark,1960,1898,1,0,6,-6,1966,1892,5,15,0,-1,5,14,20,100,162
164,May 15 1990,Caribbean Championship qual in Guyana,Grenada,Suriname,1342,1424,3,1,37,-37,1379,1387,95,113,6,-14,101,99,40,0,-82
165,May 16 1990,Friendly in Ireland,Ireland,Finland,1900,1608,1,1,-8,8,1892,1616,14,44,-1,2,13,46,20,100,392
166,May 16 1990,Friendly in Israel,Israel,Soviet Union,1618,1959,3,2,16,-16,1634,1943,40,8,2,-1,42,7,20,100,-241
167,May 16 1990,Friendly in Scotland,Scotland,Egypt,1760,1618,1,3,-24,24,1736,1642,32,34,-3,5,29,39,20,100,242
168,May 17 1990,Friendly in Barbados,Barbados,Suriname,1271,1387,5,0,21,-21,1292,1366,111,107,2,-4,113,103,20,100,-16
169,May 18 1990,African Nations Cup qualifier in Mauritania,Mauritania,Gambia,1052,1246,2,0,38,-38,1090,1208,160,146,2,-11,162,135,40,100,-94
170,May 18 1990,Friendly tournament in Northern Ireland,Northern Ireland,Uruguay,1630,1896,1,0,22,-22,1652,1874,31,18,7,-3,38,15,30,100,-166
171,May 19 1990,Friendly in Scotland,Scotland,Poland,1736,1779,1,1,-2,2,1734,1781,29,20,0,1,29,21,20,100,57
172,May 19 1990,Caribbean Championship qual in Saint Kitts and Nevis,Saint Kitts and Nevis,Guadeloupe,1205,1408,2,0,39,-39,1244,1369,111,110,13,-9,124,101,40,100,-103
173,May 20 1990,Caribbean Championship qual in Guyana,Guyana,Netherlands Antilles,1227,1357,1,1,2,-2,1229,1355,128,105,0,0,128,105,40,100,-30
174,May 20 1990,Caribbean Championship qual in Jamaica,Jamaica,Saint Martin,1260,1120,1,0,8,-8,1268,1112,120,158,0,-2,120,156,40,100,240
175,May 20 1990,Friendly in Wales,Wales,Costa Rica,1725,1616,1,0,5,-5,1730,1611,30,50,0,-2,30,48,20,100,209
176,May 21 1990,Friendly in France,Poland,United Arab Emirates,1781,1472,4,0,5,-5,1786,1467,17,74,2,0,19,74,20,0,309
177,May 21 1990,Friendly in Romania,Romania,Egypt,1891,1642,1,0,2,-2,1893,1640,10,40,2,0,12,40,20,100,349
178,May 22 1990,Friendly in England,England,Uruguay,1966,1874,1,2,-15,15,1951,1889,5,15,0,0,5,15,20,100,192
179,May 22 1990,Friendly in Israel,Israel,Argentina,1634,1784,1,2,-9,9,1625,1793,47,18,-2,1,45,19,20,100,-50
180,May 23 1990,Caribbean Championship qual in French Guiana,French Guiana,St Vincent & Grenadines,1249,1394,2,2,3,-3,1252,1391,123,96,0,0,123,96,40,100,-45
181,May 26 1990,Friendly in Belgium,Belgium,Romania,1833,1893,2,2,-1,1,1832,1894,17,12,0,0,17,12,20,100,40
182,May 26 1990,Caribbean Championship qual in Bermuda,Bermuda,Barbados,1369,1292,1,1,-9,9,1360,1301,107,113,-3,0,104,113,40,100,177
183,May 26 1990,Friendly in Egypt,Egypt,Colombia,1640,1816,1,1,2,-2,1642,1814,40,18,0,0,40,18,20,100,-76
184,May 26 1990,Friendly in The Gambia,Gambia,Burkina Faso,1208,1411,0,0,3,-3,1211,1408,134,92,1,-1,135,91,20,100,-103
185,May 26 1990,Friendly in West Germany,West Germany,Czechoslovakia,1984,1857,1,0,4,-4,1988,1853,3,16,0,0,3,16,20,100,227
186,May 26 1990,Friendly in Yugoslavia,Yugoslavia,Spain,1920,1913,0,1,-13,13,1907,1926,12,7,-2,1,10,8,20,100,107
187,May 27 1990,Caribbean Championship qual in Antigua and Barbuda,Antigua and Barbuda,Saint Lucia,1219,1202,0,2,-40,40,1179,1242,151,114,-9,12,142,126,40,100,117
188,May 27 1990,Friendly in Georgia,Georgia,Lithuania,1623,1136,2,2,-9,9,1614,1145,47,150,0,0,47,150,20,0,487
189,May 27 1990,Caribbean Championship qual in Guyana,Guyana,Grenada,1229,1379,0,0,3,-3,1232,1376,130,103,-1,-2,129,101,40,100,-50
190,May 27 1990,Caribbean Championship qual in the Netherlands Antilles,Netherlands Antilles,Suriname,1355,1366,1,1,-5,5,1350,1371,109,102,-2,0,107,102,40,100,89
191,May 27 1990,Friendly in Sweden,Sweden,Finland,1948,1616,6,0,3,-3,1951,1613,4,50,1,-2,5,48,20,100,432
192,May 27 1990,Friendly in Turkey,Turkey,Ireland,1646,1892,0,0,4,-4,1650,1888,39,17,0,-2,39,15,20,100,-146
193,May 28 1990,Friendly in France,Hungary,United Arab Emirates,1717,1467,3,0,7,-7,1724,1460,30,79,1,-2,31,77,20,0,250
194,May 28 1990,Friendly in Malta,Malta,Scotland,1378,1734,1,2,-4,4,1374,1738,102,29,-1,0,101,29,20,100,-256
195,May 29 1990,Friendly in Bermuda,Bermuda,Barbados,1360,1301,3,0,10,-10,1370,1291,101,114,2,0,103,114,20,100,159
196,May 30 1990,Friendly in Austria,Austria,Netherlands,1749,2032,3,2,15,-15,1764,2017,26,1,0,0,26,1,20,100,-183
197,May 30 1990,Friendly in Burkina Faso,Burkina Faso,Ghana,1408,1476,1,0,9,-9,1417,1467,84,77,4,-3,88,74,20,100,32
198,May 30 1990,Caribbean Championship qual in Guadeloupe,Guadeloupe,Jamaica,1369,1268,0,0,-10,10,1359,1278,106,111,-1,5,105,116,40,100,201
199,May 30 1990,European Championship qual in Iceland,Iceland,Albania,1550,1415,2,0,12,-12,1562,1403,59,99,1,-5,60,94,40,100,235
200,May 30 1990,Friendly in Italy,Italy,Greece,1972,1685,0,0,-8,8,1964,1693,4,33,0,0,4,33,20,100,387
201,May 30 1990,Friendly in Liechtenstein,Liechtenstein,United States,1138,1587,1,4,-4,4,1134,1591,154,51,-1,0,153,51,20,100,-349
202,May 30 1990,Friendly in West Germany,West Germany,Denmark,1988,1892,1,0,5,-5,1993,1887,1,17,1,-2,2,15,20,100,196
203,Jun 1 1990,Friendly in Jordan,Jordan,Iraq,1274,1638,0,2,-5,5,1269,1643,119,39,-1,1,118,40,20,100,-264
204,Jun 2 1990,Friendly in Belgium,Belgium,Mexico,1832,1903,3,0,16,-16,1848,1887,17,17,0,-3,17,14,20,100,29
205,Jun 2 1990,Friendly in Hungary,Hungary,Colombia,1724,1814,3,1,15,-15,1739,1799,27,18,2,0,29,18,20,100,10
206,Jun 2 1990,Friendly in Malta,Malta,Ireland,1374,1888,0,3,-3,3,1371,1891,101,10,0,2,101,12,20,100,-414
207,Jun 2 1990,Friendly in Switzerland,Switzerland,United States,1682,1591,2,1,5,-5,1687,1586,34,51,0,0,34,51,20,100,191
208,Jun 2 1990,Friendly in Tunisia,Tunisia,England,1474,1951,1,1,8,-8,1482,1943,67,7,3,-1,70,6,20,100,-377
209,Jun 3 1990,African Nations Cup qualifier in The Gambia,Gambia,Mauritania,1211,1090,2,1,9,-9,1220,1081,134,165,1,-1,135,164,40,100,221
210,Jun 3 1990,Caribbean Championship qual in Saint Kitts and Nevis,Saint Kitts and Nevis,Saint Martin,1244,1112,1,0,8,-8,1252,1104,123,157,1,0,124,157,40,100,232
211,Jun 3 1990,Friendly in Yugoslavia,Yugoslavia,Netherlands,1907,2017,0,2,-15,15,1892,2032,12,1,-1,0,11,1,20,100,-10
212,Jun 6 1990,Friendly in Belgium,Belgium,Poland,1848,1786,1,1,-4,4,1844,1790,17,20,0,0,17,20,20,100,162
213,Jun 6 1990,Friendly in Norway,Norway,Denmark,1669,1887,1,2,-7,7,1662,1894,37,6,0,4,37,10,20,100,-118
214,Jun 7 1990,Friendly in Namibia,Namibia,Mauritius,1185,1233,1,2,-11,11,1174,1244,145,125,-2,1,143,126,20,100,52
215,Jun 8 1990,World Cup in Italy,Cameroon,Argentina,1633,1793,1,0,43,-43,1676,1750,29,33,7,-7,36,26,60,0,-160
216,Jun 9 1990,World Cup in Italy,Colombia,United Arab Emirates,1799,1460,2,0,11,-11,1810,1449,18,81,0,-2,18,79,60,0,339
217,Jun 9 1990,World Cup in Italy,Italy,Austria,1964,1764,1,0,9,-9,1973,1755,4,25,0,0,4,25,60,100,300
218,Jun 9 1990,World Cup in Italy,Romania,Soviet Union,1894,1943,2,0,51,-51,1945,1892,2,16,4,-5,6,11,60,0,-49
219,Jun 10 1990,Friendly in Botswana,Botswana,Mauritius,1095,1244,0,1,-9,9,1086,1253,165,122,-2,2,163,124,20,100,-49
220,Jun 10 1990,World Cup in Italy,Brazil,Sweden,1992,1951,2,1,26,-26,2018,1925,3,11,0,-3,3,8,60,0,41
221,Jun 10 1990,World Cup in Italy,Czechoslovakia,United States,1853,1586,5,1,20,-20,1873,1566,14,61,1,-5,15,56,60,0,267
222,Jun 10 1990,World Cup in Italy,West Germany,Yugoslavia,1993,1892,4,1,38,-38,2031,1854,2,21,0,-5,2,16,60,0,101
223,Jun 11 1990,World Cup in Italy,Costa Rica,Scotland,1611,1738,1,0,41,-41,1652,1697,29,34,10,-2,39,32,60,0,-127
224,Jun 11 1990,World Cup in Italy,England,Ireland,1943,1891,1,1,-4,4,1939,1895,6,8,0,2,6,10,20,100,152
225,Jun 12 1990,World Cup in Italy,Belgium,South Korea,1844,1749,2,0,33,-33,1877,1716,13,35,2,-4,15,31,60,0,95
226,Jun 12 1990,World Cup in Italy,Egypt,Netherlands,1642,2032,1,1,24,-24,1666,2008,33,5,5,-2,38,3,60,0,-390
227,Jun 13 1990,World Cup in Italy,Argentina,Soviet Union,1750,1892,2,0,62,-62,1812,1830,10,22,8,-5,18,17,60,0,-142
228,Jun 13 1990,World Cup in Italy,Spain,Uruguay,1926,1889,0,0,-3,3,1923,1892,9,11,-1,1,8,12,50,0,37
229,Jun 14 1990,World Cup in Italy,Cameroon,Romania,1676,1945,2,1,49,-49,1725,1896,24,13,6,-4,30,9,60,0,-269
230,Jun 14 1990,World Cup in Italy,Italy,United States,1973,1566,1,0,3,-3,1976,1563,4,62,0,-3,4,59,30,0,407
231,Jun 14 1990,World Cup in Italy,Yugoslavia,Colombia,1854,1810,1,0,26,-26,1880,1784,12,21,2,-1,14,20,60,0,44
232,Jun 15 1990,World Cup in Italy,Czechoslovakia,Austria,1873,1755,1,0,20,-20,1893,1735,8,30,4,-2,12,28,60,0,118
233,Jun 15 1990,World Cup in Italy,West Germany,United Arab Emirates,2031,1449,5,1,4,-4,2035,1445,1,79,0,0,1,79,60,0,582
234,Jun 16 1990,World Cup in Italy,Brazil,Costa Rica,2018,1652,1,0,7,-7,2025,1645,2,44,0,-2,2,42,60,0,366
235,Jun 16 1990,World Cup in Italy,England,Netherlands,1939,2008,0,0,6,-6,1945,2002,5,3,0,0,5,3,60,0,-69
236,Jun 16 1990,World Cup in Italy,Scotland,Sweden,1697,1925,2,1,47,-47,1744,1878,19,24,7,-9,26,15,60,0,-228
237,Jun 17 1990,World Cup in Italy,Belgium,Uruguay,1877,1892,3,1,47,-47,1924,1845,-2,20,9,-4,7,16,60,0,-15
238,Jun 17 1990,World Cup in Italy,Egypt,Ireland,1666,1895,0,0,17,-17,1683,1878,34,19,2,-5,36,14,60,0,-229
239,Jun 17 1990,World Cup in Italy,Spain,South Korea,1923,1716,3,1,21,-21,1944,1695,6,33,0,0,6,33,60,0,207
240,Jun 18 1990,World Cup in Italy,Argentina,Romania,1812,1896,1,1,7,-7,1819,1889,18,13,0,-2,18,11,60,0,-84
241,Jun 18 1990,World Cup in Italy,Soviet Union,Cameroon,1830,1725,4,0,40,-40,1870,1685,15,39,1,-4,16,35,60,0,105
242,Jun 19 1990,World Cup in Italy,Austria,United States,1735,1563,2,1,16,-16,1751,1547,23,63,3,-2,26,61,60,0,172
243,Jun 19 1990,World Cup in Italy,Colombia,West Germany,1784,2035,1,1,19,-19,1803,2016,18,3,1,-1,19,2,60,0,-251
244,Jun 19 1990,World Cup in Italy,Italy,Czechoslovakia,1976,1893,2,0,23,-23,1999,1870,4,20,0,-5,4,15,40,0,83
245,Jun 19 1990,World Cup in Italy,Yugoslavia,United Arab Emirates,1880,1445,4,1,8,-8,1888,1437,9,81,2,-1,11,80,60,0,435
246,Jun 20 1990,World Cup in Italy,Brazil,Scotland,2025,1744,1,0,10,-10,2035,1734,1,31,0,-2,1,29,60,0,281
247,Jun 20 1990,World Cup in Italy,Costa Rica,Sweden,1645,1878,2,1,48,-48,1693,1830,24,21,9,-4,33,17,60,0,-233
248,Jun 21 1990,World Cup in Italy,England,Egypt,1945,1683,1,0,11,-11,1956,1672,7,39,-1,-1,6,38,60,0,262
249,Jun 21 1990,World Cup in Italy,Ireland,Netherlands,1878,2002,1,1,10,-10,1888,1992,9,5,2,-1,11,4,60,0,-124
250,Jun 21 1990,World Cup in Italy,Spain,Belgium,1944,1924,2,1,28,-28,1972,1896,4,9,1,-1,5,8,60,0,20
251,Jun 21 1990,World Cup in Italy,Uruguay,South Korea,1845,1695,1,0,18,-18,1863,1677,16,40,0,-4,16,36,60,0,150
252,Jun 23 1990,World Cup in Italy,Cameroon,Colombia,1685,1803,2,1,40,-40,1725,1763,27,31,4,-6,31,25,60,0,-118
253,Jun 23 1990,World Cup in Italy,Czechoslovakia,Costa Rica,1870,1693,4,1,28,-28,1898,1665,2,46,6,-7,8,39,60,0,177
254,Jun 24 1990,World Cup in Italy,Argentina,Brazil,1819,2035,1,0,47,-47,1866,1988,14,5,2,-2,16,3,60,0,-216
255,Jun 24 1990,World Cup in Italy,West Germany,Netherlands,2016,1992,2,1,28,-28,2044,1964,0,6,1,-1,1,5,60,0,24
256,Jun 25 1990,World Cup in Italy,Ireland,Romania,1888,1889,0,0,0,0,1888,1889,12,11,0,0,12,11,20,0,-1
257,Jun 25 1990,World Cup in Italy,Italy,Uruguay,1999,1863,2,0,18,-18,2017,1845,2,17,0,0,2,17,60,100,236
258,Jun 26 1990,World Cup in Italy,England,Belgium,1956,1896,1,0,25,-25,1981,1871,2,19,2,-5,4,14,60,0,60
259,Jun 26 1990,World Cup in Italy,Yugoslavia,Spain,1888,1972,2,1,37,-37,1925,1935,2,8,5,-2,7,6,60,0,-84
260,Jun 30 1990,World Cup in Italy,Argentina,Yugoslavia,1866,1925,0,0,5,-5,1871,1920,12,7,2,0,14,7,60,0,-59
261,Jun 30 1990,World Cup in Italy,Italy,Ireland,2017,1888,1,0,13,-13,2030,1875,2,14,0,-1,2,13,40,0,129
262,Jul 1 1990,World Cup in Italy,England,Cameroon,1981,1725,3,2,11,-11,1992,1714,2,33,1,-1,3,32,60,0,256
263,Jul 1 1990,World Cup in Italy,West Germany,Czechoslovakia,2044,1898,1,0,18,-18,2062,1880,1,15,0,-3,1,12,60,0,146
264,Jul 3 1990,World Cup in Italy,Italy,Argentina,2030,1871,1,1,-19,19,2011,1890,2,6,0,4,2,10,60,100,259
265,Jul 4 1990,World Cup in Italy,England,West Germany,1992,2062,1,1,6,-6,1998,2056,3,1,0,0,3,1,60,0,-70
266,Jul 6 1990,Friendly in Malawi,Malawi,Tanzania,1433,1225,2,0,4,-4,1437,1221,79,134,1,-1,80,133,20,100,308
267,Jul 7 1990,World Cup in Italy,Italy,England,2011,1998,2,1,21,-21,2032,1977,2,5,0,-1,2,4,60,100,113
268,Jul 8 1990,World Cup in Italy,West Germany,Argentina,2056,1890,1,0,17,-17,2073,1873,1,18,0,-4,1,14,60,0,166
269,Jul 9 1990,Friendly in Barbados,Barbados,Grenada,1291,1376,1,1,0,0,1291,1376,114,100,0,0,114,100,20,100,15
270,Jul 9 1990,Friendly in Malawi,Malawi,Tanzania,1437,1221,1,1,-7,7,1430,1228,84,129,-2,2,82,131,20,100,316
271,Jul 10 1990,Friendly in Barbados,Barbados,Grenada,1291,1376,4,0,18,-18,1309,1358,112,110,1,-5,113,105,20,100,15
272,Jul 11 1990,Friendly in Malawi,Malawi,Tanzania,1430,1228,0,0,-7,7,1423,1235,88,125,-3,3,85,128,20,100,302
273,Jul 14 1990,Friendly in Iraq,Iraq,China,1643,1555,4,1,9,-9,1652,1546,39,62,2,-1,41,61,20,100,188
274,Jul 16 1990,Friendly in Iraq,Iraq,China,1652,1546,0,0,-5,5,1647,1551,45,59,-2,1,43,60,20,100,206
275,Jul 22 1990,Caribbean Championship in Trinidad and Tobago,Barbados,Martinique,1309,1432,2,2,7,-7,1316,1425,113,87,0,-3,113,84,40,0,-123
276,Jul 22 1990,Caribbean Championship in Trinidad and Tobago,Trinidad and Tobago,Grenada,1541,1358,5,0,13,-13,1554,1345,56,109,4,-2,60,107,40,100,283
277,Jul 25 1990,Caribbean Championship in Trinidad and Tobago,Grenada,Jamaica,1345,1278,0,0,-4,4,1341,1282,109,114,-1,1,108,115,20,100,167
278,Jul 25 1990,Caribbean Championship in Trinidad and Tobago,Martinique,St Vincent & Grenadines,1425,1391,2,0,27,-27,1452,1364,72,109,6,-6,78,103,40,0,34
279,Jul 27 1990,Caribbean Championship in Trinidad and Tobago,Barbados,St Vincent & Grenadines,1316,1364,3,2,23,-23,1339,1341,107,111,3,-4,110,107,40,0,-48
280,Jul 27 1990,Dynasty Cup in China,China,North Korea,1551,1522,2,0,15,-15,1566,1507,51,70,5,-2,56,68,30,100,129
281,Jul 27 1990,Dynasty Cup in China,South Korea,Japan,1677,1408,2,0,8,-8,1685,1400,35,98,0,-3,35,95,30,0,269
282,Jul 27 1990,Caribbean Championship in Trinidad and Tobago,Trinidad and Tobago,Jamaica,1554,1282,0,0,-16,16,1538,1298,68,115,-4,0,64,115,40,100,372
283,Jul 29 1990,Dynasty Cup in China,China,Japan,1566,1400,1,0,5,-5,1571,1395,52,97,2,-1,54,96,30,100,266
284,Jul 29 1990,Dynasty Cup in China,South Korea,North Korea,1685,1507,1,0,8,-8,1693,1499,31,68,2,0,33,68,30,0,178
285,Jul 29 1990,Friendly in Togo,Togo,Mali,1390,1442,0,0,-1,1,1389,1443,97,80,0,0,97,80,20,100,48
286,Jul 31 1990,Dynasty Cup in China,China,South Korea,1571,1693,0,1,-14,14,1557,1707,66,33,-6,0,60,33,30,100,-22
287,Jul 31 1990,Dynasty Cup in China,North Korea,Japan,1499,1395,1,0,11,-11,1510,1384,68,98,0,-1,68,97,30,0,104
288,Aug 3 1990,Dynasty Cup in China,China,South Korea,1557,1707,1,1,2,-2,1559,1705,60,33,0,0,60,33,30,100,-50
289,Aug 4 1990,Friendly in Malawi,Malawi,Zaire,1423,1568,1,0,11,-11,1434,1557,79,65,3,-5,82,60,20,100,-45
290,Aug 6 1990,Friendly in Malawi,Malawi,Zaire,1434,1557,1,0,11,-11,1445,1546,78,62,2,-1,80,61,20,100,-23
291,Aug 8 1990,Friendly in the Faroe Islands,Faroe Islands,Iceland,1225,1562,2,3,-4,4,1221,1566,133,52,0,3,133,55,20,100,-237
292,Aug 8 1990,Friendly in Malawi,Malawi,Zaire,1445,1546,0,0,0,0,1445,1546,80,61,0,0,80,61,20,100,-1
293,Aug 9 1990,Friendly in Tunisia,Tunisia,Morocco,1482,1607,0,0,1,-1,1483,1606,70,50,0,0,70,50,20,100,-25
294,Aug 11 1990,Friendly in Réunion,Réunion,Congo,1174,1402,2,1,14,-14,1188,1388,139,98,2,-2,141,96,20,100,-128
295,Aug 12 1990,Friendly in Gabon,Gabon,Mali,1427,1443,0,0,-2,2,1425,1445,85,79,0,1,85,80,20,100,84
296,Aug 12 1990,Friendly in Swaziland,Swaziland,Mozambique,1168,1397,0,0,4,-4,1172,1393,144,94,1,0,145,94,20,100,-129
297,Aug 12 1990,Friendly in Zambia,Zambia,Zaire,1576,1546,0,0,-4,4,1572,1550,54,59,-1,1,53,60,20,100,130
298,Aug 13 1990,Friendly in Swaziland,Zimbabwe,Mozambique,1475,1393,3,2,8,-8,1483,1385,68,98,2,-2,70,96,20,0,82
299,Aug 15 1990,Friendly in France,France,Poland,1910,1790,0,0,-6,6,1904,1796,8,19,0,0,8,19,20,100,220
300,Aug 16 1990,Friendly in New Zealand,New Zealand,China,1519,1559,2,1,8,-8,1527,1551,65,59,1,0,66,59,20,100,60
301,Aug 17 1990,African Nations Cup qualifier in Egypt,Egypt,Ethiopia,1672,1467,2,0,9,-9,1681,1458,35,78,1,-2,36,76,40,100,305
302,Aug 18 1990,African Nations Cup qualifier in Guinea,Guinea,Sierra Leone,1422,1365,1,2,-28,28,1394,1393,101,88,-7,7,94,95,40,100,157
303,Aug 18 1990,Friendly tournament in Indonesia,Indonesia,Singapore,1211,1218,6,0,24,-24,1235,1194,119,144,9,-4,128,140,30,100,93
304,Aug 18 1990,African Nations Cup qualifier in Malawi,Malawi,Congo,1445,1388,0,1,-28,28,1417,1416,92,83,-6,6,86,89,40,100,157
305,Aug 18 1990,African Nations Cup qualifier in Nigeria,Nigeria,Togo,1672,1389,3,0,7,-7,1679,1382,36,102,1,-4,37,98,40,100,383
306,Aug 18 1990,Friendly tournament in North Korea,North Korea,Cuba,1510,1488,0,0,-5,5,1505,1493,68,69,0,0,68,69,30,100,122
307,Aug 19 1990,African Nations Cup qualifier in Angola,Angola,Madagascar,1429,1453,0,1,-24,24,1405,1477,100,69,-9,4,91,73,40,100,76
308,Aug 19 1990,African Nations Cup qualifier in Burkina Faso,Burkina Faso,Benin,1417,1232,2,0,10,-10,1427,1222,82,135,2,-2,84,133,40,100,285
309,Aug 19 1990,African Nations Cup qualifier in Cameroon,Cameroon,Mali,1714,1445,0,0,-16,16,1698,1461,34,74,-1,3,33,77,40,100,369
310,Aug 19 1990,African Nations Cup qualifier in Gabon,Gabon,Uganda,1425,1537,1,0,21,-21,1446,1516,78,69,3,-2,81,67,40,100,-12
311,Aug 19 1990,African Nations Cup qualifier in Ivory Coast,Ivory Coast,Mauritania,1636,1081,2,0,1,-1,1637,1080,44,164,0,0,44,164,20,0,555
312,Aug 19 1990,African Nations Cup qualifier in Morocco,Morocco,Niger,1606,1340,2,0,7,-7,1613,1333,48,113,1,-2,49,111,40,100,366
313,Aug 19 1990,African Nations Cup qualifier in Sudan,Sudan,Mozambique,1428,1385,1,0,12,-12,1440,1373,81,102,1,-3,82,99,40,100,143
314,Aug 19 1990,African Nations Cup qualifier in Tunisia,Tunisia,Chad,1483,1269,2,1,6,-6,1489,1263,70,124,0,-3,70,121,40,100,314
315,Aug 19 1990,African Nations Cup qualifier in Zaire,Zaire,Tanzania,1550,1235,2,0,5,-5,1555,1230,58,134,1,-3,59,131,40,100,415
316,Aug 19 1990,African Nations Cup qualifier in Zambia,Zambia,Swaziland,1572,1172,5,0,4,-4,1576,1168,51,147,1,-1,52,146,20,0,400
317,Aug 21 1990,Friendly in Austria,Austria,Switzerland,1751,1687,1,3,-22,22,1729,1709,34,29,-4,3,30,32,20,100,164
318,Aug 21 1990,Indian Ocean Games in Madagascar,Madagascar,Comoros,1477,877,1,0,1,-1,1478,876,71,183,1,0,72,183,20,0,600
319,Aug 22 1990,Friendly in Norway,Norway,Sweden,1662,1830,1,2,-8,8,1654,1838,40,18,0,0,40,18,20,100,-68
320,Aug 23 1990,Indian Ocean Games in Madagascar,Comoros,Réunion,876,1188,1,0,26,-26,902,1162,179,151,2,-5,181,146,30,0,-312
321,Aug 24 1990,Friendly in New Zealand,New Zealand,China,1527,1551,1,0,8,-8,1535,1543,65,64,0,-2,65,62,20,100,76
322,Aug 25 1990,Friendly in Botswana,Botswana,Swaziland,1086,1168,3,2,9,-9,1095,1159,159,147,2,-1,161,146,20,100,18
323,Aug 25 1990,Friendly tournament in Indonesia,Indonesia,Australia,1235,1677,0,3,-6,6,1229,1683,134,34,-3,2,131,36,30,100,-342
324,Aug 25 1990,Indian Ocean Games in Madagascar,Madagascar,Réunion,1478,1162,0,0,-12,12,1466,1174,76,140,-2,3,74,143,30,100,416
325,Aug 25 1990,Indian Ocean Games in Madagascar,Mauritius,Seychelles,1253,979,2,0,8,-8,1261,971,120,172,2,0,122,172,30,0,274
326,Aug 25 1990,SADCC Tournament in Botswana,Zambia,Zimbabwe,1576,1483,3,1,17,-17,1593,1466,50,77,1,-3,51,74,30,0,93
327,Aug 26 1990,Friendly in Botswana,Botswana,Zimbabwe,1095,1466,0,7,-8,8,1087,1474,165,72,-2,1,163,73,20,100,-271
328,Aug 27 1990,Indian Ocean Games in Madagascar,Madagascar,Seychelles,1466,971,6,0,2,-2,1468,969,73,172,1,0,74,172,20,0,495
329,Aug 27 1990,Friendly in Mali,Mali,Burkina Faso,1461,1427,2,1,6,-6,1467,1421,73,86,2,-1,75,85,20,100,134
330,Aug 27 1990,Indian Ocean Games in Madagascar,Mauritius,Comoros,1261,902,4,0,6,-6,1267,896,120,181,1,0,121,181,30,0,359
331,Aug 29 1990,Friendly in Finland,Finland,Czechoslovakia,1613,1880,1,1,4,-4,1617,1876,45,12,2,0,47,12,20,100,-167
332,Aug 29 1990,Friendly in Portugal,Portugal,West Germany,1778,2073,1,1,5,-5,1783,2068,18,1,2,0,20,1,20,100,-195
333,Aug 29 1990,Indian Ocean Games in Madagascar,Seychelles,Comoros,969,896,3,1,18,-18,987,878,170,183,1,-1,171,182,30,0,73
334,Aug 29 1990,Friendly in the Soviet Union,Soviet Union,Romania,1870,1889,1,2,-12,12,1858,1901,16,8,0,1,16,9,20,100,81
335,Aug 30 1990,Indian Ocean Games in Madagascar,Madagascar,Mauritius,1468,1267,5,1,8,-8,1476,1259,70,123,2,-1,72,122,30,100,301
336,Aug 30 1990,Friendly in Mozambique,Mozambique,Angola,1373,1405,0,2,-18,18,1355,1423,107,77,-4,7,103,84,20,100,68
337,Sep 1 1990,African Nations Cup qualifier in Congo,Congo,Zimbabwe,1416,1474,2,0,26,-26,1442,1448,75,86,7,-6,82,80,30,0,-58
338,Sep 1 1990,African Nations Cup qualifier in Sierra Leone,Sierra Leone,Cameroon,1393,1698,1,1,11,-11,1404,1687,91,36,2,-1,93,35,30,0,-305
339,Sep 2 1990,African Nations Cup qualifier in Burkina Faso,Burkina Faso,Togo,1421,1382,2,0,19,-19,1440,1363,77,107,5,-5,82,102,40,100,139
340,Sep 2 1990,African Nations Cup qualifier in Chad,Chad,Egypt,1263,1681,0,0,14,-14,1277,1667,113,37,4,0,117,37,40,100,-318
341,Sep 2 1990,African Nations Cup qualifier in Ghana,Ghana,Nigeria,1467,1679,1,0,26,-26,1493,1653,64,42,5,-2,69,40,40,100,-112
342,Sep 2 1990,African Nations Cup qualifier in Madagascar,Madagascar,Zambia,1476,1593,0,0,1,-1,1477,1592,74,51,-1,0,73,51,30,100,-17
343,Sep 2 1990,African Nations Cup qualifier in Mali,Mali,Guinea,1467,1394,1,1,-9,9,1458,1403,78,91,-2,2,76,93,40,100,173
344,Sep 2 1990,African Nations Cup qualifier in Morocco,Morocco,Mauritania,1613,1080,4,0,2,-2,1615,1078,46,166,2,-1,48,165,20,0,533
345,Sep 2 1990,African Nations Cup qualifier in Mozambique,Mozambique,Kenya,1355,1411,2,1,17,-17,1372,1394,93,99,5,-4,98,95,30,0,-56
346,Sep 2 1990,African Nations Cup qualifier in Swaziland,Swaziland,Angola,1159,1423,1,1,9,-9,1168,1414,146,95,0,-5,146,90,40,100,-164
347,Sep 2 1990,African Nations Cup qualifier in Tanzania,Tanzania,Gabon,1230,1446,0,0,6,-6,1236,1440,126,83,2,-1,128,82,20,0,-216
348,Sep 2 1990,African Nations Cup qualifier in Uganda,Uganda,Zaire,1516,1555,2,1,17,-17,1533,1538,65,67,1,-4,66,63,30,0,-39
349,Sep 5 1990,Friendly in Greece,Greece,Albania,1693,1403,1,0,2,-2,1695,1401,34,95,0,-1,34,94,20,100,390
350,Sep 5 1990,Friendly in Hungary,Hungary,Turkey,1739,1650,4,1,9,-9,1748,1641,25,44,1,-1,26,43,20,100,189
351,Sep 5 1990,European Championship qual in Iceland,Iceland,France,1566,1904,1,2,-8,8,1558,1912,61,8,-3,0,58,8,40,100,-238
352,Sep 5 1990,Friendly in Sweden,Sweden,Denmark,1838,1894,0,1,-11,11,1827,1905,18,8,0,1,18,9,20,100,44
353,Sep 6 1990,Friendly in South Korea,South Korea,Australia,1705,1683,1,0,7,-7,1712,1676,31,36,1,0,32,36,20,100,122
354,Sep 8 1990,Friendly in Malaysia,Malaysia,Yemen,1317,1176,0,1,-16,16,1301,1192,115,140,-1,1,114,141,20,100,241
355,Sep 9 1990,Friendly in South Korea,South Korea,Australia,1712,1676,1,0,6,-6,1718,1670,30,36,1,0,31,36,20,100,136
356,Sep 11 1990,Friendly in Denmark,Denmark,Wales,1905,1730,1,0,3,-3,1908,1727,9,31,0,-1,9,30,20,100,275
357,Sep 12 1990,Friendly in Belgium,Belgium,East Germany,1871,1765,0,2,-23,23,1848,1788,17,16,-1,4,16,20,20,100,206
358,Sep 12 1990,Friendly in England,England,Hungary,1977,1748,1,0,3,-3,1980,1745,2,28,1,-1,3,27,20,100,329
359,Sep 12 1990,European Championship qual in Sweden,Faroe Islands,Austria,1221,1729,1,0,38,-38,1259,1691,110,39,12,-5,122,34,40,0,-508
360,Sep 12 1990,European Championship qual in Finland,Finland,Portugal,1617,1783,0,0,4,-4,1621,1779,47,26,0,-3,47,23,20,0,-166
361,Sep 12 1990,Friendly in Ireland,Ireland,Morocco,1875,1615,1,0,2,-2,1877,1613,9,52,2,-2,11,50,20,100,360
362,Sep 12 1990,European Championship qual in Northern Ireland,Northern Ireland,Yugoslavia,1652,1920,0,2,-17,17,1635,1937,47,7,-3,0,44,7,40,100,-168
363,Sep 12 1990,European Championship qual in Scotland,Scotland,Romania,1734,1901,2,1,24,-24,1758,1877,24,12,2,-1,26,11,40,100,-67
364,Sep 12 1990,Friendly in Spain,Spain,Brazil,1935,1988,3,0,15,-15,1950,1973,6,5,0,-1,6,4,20,100,47
365,Sep 12 1990,European Championship qual in Switzerland,Switzerland,Bulgaria,1709,1718,2,0,22,-22,1731,1696,25,33,4,-1,29,32,40,100,91
366,Sep 12 1990,European Championship qual in the Soviet Union,Soviet Union,Norway,1858,1654,2,0,9,-9,1867,1645,14,43,1,-2,15,41,40,100,304
367,Sep 13 1990,Friendly in Singapore,Singapore,Malaysia,1194,1301,3,0,18,-18,1212,1283,134,116,3,-1,137,115,20,100,-7
368,Sep 15 1990,Friendly in the United States,United States,Trinidad and Tobago,1547,1538,3,0,12,-12,1559,1526,57,69,1,-3,58,66,20,100,109
369,Sep 23 1990,Asian Games in China,China,Pakistan,1543,1017,3,0,2,-2,1545,1015,61,169,0,0,61,169,20,0,526
370,Sep 23 1990,Asian Games in China,Kuwait,Hong Kong,1543,1269,2,1,7,-7,1550,1262,59,123,1,-2,60,121,40,0,274
371,Sep 23 1990,Asian Games in China,South Korea,Singapore,1718,1212,7,0,5,-5,1723,1207,31,137,0,0,31,137,40,0,506
372,Sep 23 1990,Asian Games in China,Thailand,Yemen,1233,1192,0,0,-2,2,1231,1194,132,141,-1,0,131,141,30,0,41
373,Sep 24 1990,Asian Games in China,Iran,Malaysia,1564,1283,3,0,12,-12,1576,1271,49,119,4,-2,53,117,40,0,281
374,Sep 24 1990,Asian Games in China,Saudi Arabia,Bangladesh,1586,1079,4,0,4,-4,1590,1075,52,166,0,-1,52,165,40,0,507
375,Sep 25 1990,Asian Games in China,China,Singapore,1545,1207,5,1,6,-6,1551,1201,59,141,1,-2,60,139,40,100,438
376,Sep 25 1990,Asian Games in China,Kuwait,Yemen,1550,1194,0,0,-15,15,1535,1209,66,133,-3,4,63,137,40,0,356
377,Sep 25 1990,Asian Games in China,South Korea,Pakistan,1723,1015,7,0,2,-2,1725,1013,31,169,0,0,31,169,40,0,708
378,Sep 25 1990,Asian Games in China,Thailand,Hong Kong,1231,1262,2,0,33,-33,1264,1229,111,141,10,-10,121,131,40,0,-31
379,Sep 26 1990,European Championship qual in Czechoslovakia,Czechoslovakia,Iceland,1876,1558,1,0,3,-3,1879,1555,11,59,1,0,12,59,20,0,318
380,Sep 26 1990,Friendly in Italy,Italy,Netherlands,2032,1964,1,0,6,-6,2038,1958,2,5,0,0,2,5,20,100,168
381,Sep 26 1990,Asian Games in China,Japan,Bangladesh,1384,1075,3,0,10,-10,1394,1065,94,165,1,0,95,165,40,0,309
382,Sep 26 1990,Asian Games in China,Malaysia,North Korea,1271,1505,0,0,12,-12,1283,1493,113,68,2,0,115,68,40,0,-234
383,Sep 26 1990,Friendly in Romania,Romania,Poland,1877,1796,2,1,5,-5,1882,1791,11,19,0,0,11,19,20,100,181
384,Sep 26 1990,Friendly in Sweden,Sweden,Bulgaria,1827,1696,2,0,6,-6,1833,1690,18,36,0,-2,18,34,20,100,231
385,Sep 27 1990,Asian Games in China,China,South Korea,1551,1725,0,2,-24,24,1527,1749,68,23,-4,4,64,27,40,100,-74
386,Sep 27 1990,Asian Games in China,Hong Kong,Yemen,1229,1209,2,0,28,-28,1257,1181,117,145,7,-4,124,141,40,0,20
387,Sep 27 1990,Asian Games in China,Singapore,Pakistan,1201,1013,6,1,20,-20,1221,993,131,171,4,-1,135,170,40,0,188
388,Sep 27 1990,Asian Games in China,Thailand,Kuwait,1264,1535,2,1,33,-33,1297,1502,109,71,6,-4,115,67,40,0,-271
389,Sep 28 1990,Asian Games in China,Iran,North Korea,1576,1493,2,1,15,-15,1591,1478,53,74,0,-3,53,71,40,0,83
390,Sep 28 1990,Asian Games in China,Saudi Arabia,Japan,1590,1394,2,0,15,-15,1605,1379,50,99,1,-2,51,97,40,0,196
391,Sep 30 1990,Friendly in Aruba,Aruba,Netherlands Antilles,1099,1350,1,3,-9,9,1090,1359,165,99,-3,3,162,102,20,100,-151
392,Sep 30 1990,African Nations Cup qualifier in Benin,Benin,Nigeria,1222,1653,0,1,-5,5,1217,1658,140,39,-3,0,137,39,40,100,-331
393,Sep 30 1990,Friendly in Botswana,Botswana,Cameroon,1087,1687,0,0,9,-9,1096,1678,157,35,3,0,160,35,20,0,-600
394,Sep 30 1990,African Nations Cup qualifier in Niger,Niger,Ivory Coast,1333,1637,0,1,-9,9,1324,1646,111,39,0,2,111,41,40,100,-204
395,Sep 30 1990,African Nations Cup qualifier in Togo,Togo,Ghana,1363,1493,0,1,-18,18,1345,1511,108,66,-3,1,105,67,40,100,-30
396,Oct 1 1990,Asian Games in China,China,Thailand,1527,1297,0,1,-35,35,1492,1332,74,107,-5,4,69,111,40,100,330
397,Oct 1 1990,Asian Games in China,Iran,Japan,1591,1379,1,0,9,-9,1600,1370,49,103,2,-3,51,100,40,0,212
398,Oct 1 1990,Asian Games in China,North Korea,Saudi Arabia,1478,1605,0,0,7,-7,1485,1598,71,53,0,-1,71,52,40,0,-127
399,Oct 1 1990,Asian Games in China,South Korea,Kuwait,1749,1502,1,0,8,-8,1757,1494,27,66,0,1,27,67,40,0,247
400,Oct 3 1990,Asian Games in China,Iran,South Korea,1600,1757,1,0,28,-28,1628,1729,39,31,6,-2,45,29,40,0,-157
401,Oct 3 1990,Asian Games in China,North Korea,Thailand,1485,1332,1,0,12,-12,1497,1320,61,111,5,0,66,111,40,0,153
402,Oct 5 1990,Asian Games in China,South Korea,Thailand,1729,1320,1,0,3,-3,1732,1317,27,113,1,-1,28,112,30,0,409
403,Oct 6 1990,Asian Games in China,Iran,North Korea,1628,1497,0,0,-7,7,1621,1504,47,66,-1,0,46,66,40,0,131
404,Oct 9 1990,Friendly in the Soviet Union,Soviet Union,Israel,1867,1625,3,0,4,-4,1871,1621,15,45,0,0,15,45,20,100,342
405,Oct 10 1990,European Championship qual in Denmark,Denmark,Faroe Islands,1908,1259,4,1,1,-1,1909,1258,9,123,0,-1,9,122,20,0,649
406,Oct 10 1990,Friendly in Greece,Greece,Egypt,1695,1667,6,1,13,-13,1708,1654,31,40,0,-2,31,38,20,100,128
407,Oct 10 1990,European Championship qual in Norway,Norway,Hungary,1645,1745,0,0,0,0,1645,1745,41,26,0,0,41,26,20,100,0
408,Oct 10 1990,Friendly in Poland,Poland,United States,1791,1559,2,3,-17,17,1774,1576,27,49,-4,4,23,53,20,100,332
409,Oct 10 1990,European Championship qual in Spain,Spain,Iceland,1950,1555,2,1,2,-2,1952,1553,6,58,0,0,6,58,20,0,395
410,Oct 10 1990,Friendly in Sweden,Sweden,West Germany,1833,2068,1,3,-9,9,1824,2077,18,1,0,0,18,1,20,100,-135
411,Oct 11 1990,Friendly in North Korea,North Korea,South Korea,1504,1732,2,1,14,-14,1518,1718,64,32,1,-2,65,30,20,100,-128
412,Oct 12 1990,African Nations Cup qualifier in Niger,Niger,Mauritania,1324,1078,7,1,10,-10,1334,1068,110,163,0,0,110,163,40,100,346
413,Oct 13 1990,European Championship qual in France,France,Czechoslovakia,1912,1879,2,1,13,-13,1925,1866,8,18,0,-3,8,15,40,100,133
414,Oct 14 1990,African Nations Cup qualifier in Benin,Benin,Togo,1217,1345,1,1,2,-2,1219,1343,136,104,0,0,136,104,40,100,-28
415,Oct 14 1990,African Nations Cup qualifier in Ghana,Ghana,Burkina Faso,1511,1440,2,0,16,-16,1527,1424,60,87,3,-3,63,84,40,100,171
416,Oct 17 1990,Friendly tournament in Chile,Chile,Brazil,1777,1973,0,0,4,-4,1781,1969,22,4,0,0,22,4,30,100,-96
417,Oct 17 1990,Friendly in Croatia,Croatia,United States,1876,1576,2,1,2,-2,1878,1574,12,55,0,0,12,55,20,100,400
418,Oct 17 1990,European Championship qual in England,England,Poland,1980,1774,2,0,9,-9,1989,1765,3,27,0,-2,3,25,40,100,306
419,Oct 17 1990,European Championship qual in Hungary,Hungary,Italy,1745,2038,1,1,10,-10,1755,2028,30,2,-2,0,28,2,30,0,-293
420,Oct 17 1990,European Championship qual in Ireland,Ireland,Turkey,1877,1641,5,0,10,-10,1887,1631,8,48,2,-3,10,45,40,100,336
421,Oct 17 1990,European Championship qual in Northern Ireland,Northern Ireland,Denmark,1635,1909,1,1,9,-9,1644,1900,43,9,0,0,43,9,40,100,-174
422,Oct 17 1990,European Championship qual in Portugal,Portugal,Netherlands,1779,1958,1,0,24,-24,1803,1934,19,9,1,-2,20,7,40,100,-79
423,Oct 17 1990,European Championship qual in Romania,Romania,Bulgaria,1882,1690,0,3,-59,59,1823,1749,25,25,-7,4,18,29,40,100,292
424,Oct 17 1990,European Championship qual in Scotland,Scotland,Switzerland,1758,1731,2,1,13,-13,1771,1718,23,34,1,-3,24,31,40,100,127
425,Oct 17 1990,European Championship qual in Wales,Wales,Belgium,1727,1848,3,1,32,-32,1759,1816,25,22,2,-3,27,19,40,100,-21
426,Oct 23 1990,Friendly in South Korea,South Korea,North Korea,1718,1518,1,0,3,-3,1721,1515,31,67,0,0,31,67,20,100,300
427,Oct 31 1990,European Championship qual in Greece,Greece,Malta,1708,1371,4,0,6,-6,1714,1365,33,104,0,-3,33,101,40,100,437
428,Oct 31 1990,European Championship qual in Hungary,Hungary,Cyprus,1755,1270,4,2,2,-2,1757,1268,28,123,0,-2,28,121,20,0,485
429,Oct 31 1990,European Championship qual in Luxembourg,Luxembourg,West Germany,1171,2077,2,3,0,0,1171,2077,145,1,0,0,145,1,20,0,-906
430,Oct 31 1990,Friendly in Norway,Norway,Cameroon,1645,1678,6,1,16,-16,1661,1662,34,39,4,-2,38,37,20,100,67
431,Oct 31 1990,European Championship qual in Yugoslavia,Yugoslavia,Austria,1937,1691,4,1,8,-8,1945,1683,6,34,0,0,6,34,40,100,346
432,Nov 1 1990,Melanesian Cup in New Caledonia,Fiji,Solomon Islands,1423,1120,0,0,-14,14,1409,1134,94,151,-4,2,90,153,40,0,303
433,Nov 1 1990,Melanesian Cup in New Caledonia,New Caledonia,Vanuatu,1318,968,0,1,-37,37,1281,1005,120,167,-4,3,116,170,40,100,450
434,Nov 3 1990,European Championship qual in Italy,Italy,Soviet Union,2028,1871,0,0,-13,13,2015,1884,2,10,0,2,2,12,40,100,257
435,Nov 3 1990,Leeward Islands Champ in Montserrat,Montserrat,Antigua and Barbuda,598,1179,0,6,-4,4,594,1183,199,140,0,1,199,141,30,100,-481
436,Nov 3 1990,Melanesian Cup in New Caledonia,New Caledonia,Papua New Guinea,1281,1195,2,1,10,-10,1291,1185,114,140,1,0,115,140,40,100,186
437,Nov 3 1990,Melanesian Cup in New Caledonia,Solomon Islands,Vanuatu,1134,1005,1,1,-7,7,1127,1012,157,168,-2,1,155,169,40,0,129
438,Nov 5 1990,Melanesian Cup in New Caledonia,New Caledonia,Fiji,1291,1409,0,0,1,-1,1292,1408,115,90,0,0,115,90,20,100,-18
439,Nov 5 1990,Melanesian Cup in New Caledonia,Vanuatu,Papua New Guinea,1012,1185,1,0,29,-29,1041,1156,165,152,2,-6,167,146,40,0,-173
440,Nov 6 1990,Melanesian Cup in New Caledonia,Fiji,Vanuatu,1408,1041,1,1,-16,16,1392,1057,100,165,-5,1,95,166,40,0,367
441,Nov 6 1990,Melanesian Cup in New Caledonia,Solomon Islands,Papua New Guinea,1127,1156,1,0,22,-22,1149,1134,141,160,7,-7,148,153,40,0,-29
442,Nov 7 1990,Friendly in Tunisia,Tunisia,Norway,1489,1661,1,3,-12,12,1477,1673,73,32,-1,3,72,35,20,100,-72
443,Nov 8 1990,Friendly tournament in Brazil,Brazil,Chile,1969,1781,0,0,-10,10,1959,1791,4,20,0,1,4,21,30,100,288
444,Nov 8 1990,Melanesian Cup in New Caledonia,Fiji,Papua New Guinea,1392,1134,1,0,7,-7,1399,1127,93,157,1,-2,94,155,40,0,258
445,Nov 8 1990,Melanesian Cup in New Caledonia,New Caledonia,Solomon Islands,1292,1149,3,1,12,-12,1304,1137,111,154,2,-3,113,151,40,100,243
446,Nov 9 1990,Friendly tournament in Angola,Angola,Mozambique,1414,1372,4,2,14,-14,1428,1358,81,109,4,-6,85,103,30,100,142
447,Nov 10 1990,Friendly tournament in Angola,Congo,Mozambique,1442,1358,1,0,11,-11,1453,1347,75,105,3,-1,78,104,30,0,84
448,Nov 11 1990,Friendly tournament in Angola,Angola,Congo,1428,1453,1,0,12,-12,1440,1441,79,84,3,-3,82,81,30,100,75
449,Nov 11 1990,Friendly in Tunisia,Tunisia,Finland,1477,1621,1,2,-9,9,1468,1630,76,46,-2,0,74,46,20,100,-44
450,Nov 14 1990,European Championship qual in Austria,Austria,Northern Ireland,1683,1644,0,0,-8,8,1675,1652,36,39,-1,2,35,41,40,100,139
451,Nov 14 1990,European Championship qual in Bulgaria,Bulgaria,Scotland,1749,1771,1,1,-4,4,1745,1775,29,26,0,-1,29,25,40,100,78
452,Nov 14 1990,European Championship qual in Cyprus,Cyprus,Norway,1268,1673,0,3,-10,10,1258,1683,123,33,-1,1,122,34,40,100,-305
453,Nov 14 1990,European Championship qual in Czechoslovakia,Czechoslovakia,Spain,1866,1952,3,2,19,-19,1885,1933,7,9,4,-2,11,7,30,0,-86
454,Nov 14 1990,European Championship qual in Denmark,Denmark,Yugoslavia,1900,1945,0,2,-35,35,1865,1980,21,2,-6,2,15,4,40,100,55
455,Nov 14 1990,European Championship qual in Ireland,Ireland,England,1887,1989,1,1,0,0,1887,1989,8,3,1,0,9,3,20,100,-2
456,Nov 14 1990,European Championship qual in Luxembourg,Luxembourg,Wales,1171,1759,0,1,-2,2,1169,1761,144,27,0,0,144,27,30,100,-488
457,Nov 14 1990,European Championship qual in San Marino,San Marino,Switzerland,1008,1718,0,4,-2,2,1006,1720,170,32,0,0,170,32,30,100,-610
458,Nov 14 1990,European Championship qual in Turkey,Turkey,Poland,1631,1765,0,1,-18,18,1613,1783,55,19,-5,3,50,22,40,100,-34
459,Nov 17 1990,European Championship qual in Albania,Albania,France,1401,1925,0,1,-3,3,1398,1928,95,8,-1,0,94,8,40,100,-424
460,Nov 18 1990,Leeward Islands Champ in Montserrat,Antigua and Barbuda,Saint Kitts,1183,1252,2,0,27,-27,1210,1225,136,139,2,-6,138,133,30,0,-69
461,Nov 18 1990,African Nations Cup qualifier in Ethiopia,Ethiopia,Tunisia,1458,1468,0,2,-38,38,1420,1506,96,62,-10,6,86,68,40,100,90
462,Nov 18 1990,Friendly tournament in Trinidad and Tobago,Trinidad and Tobago,United States,1526,1574,0,0,-2,2,1524,1576,65,53,0,1,65,54,30,100,52
463,Nov 21 1990,European Championship qual in the Netherlands,Netherlands,Greece,1934,1714,2,0,8,-8,1942,1706,6,33,0,0,6,33,40,100,320
464,Nov 21 1990,Friendly tournament in Trinidad and Tobago,United States,Soviet Union,1576,1884,0,0,11,-11,1587,1873,54,14,0,-1,54,13,30,0,-308
465,Nov 23 1990,Friendly tournament in Trinidad and Tobago,Trinidad and Tobago,Soviet Union,1524,1873,0,2,-9,9,1515,1882,67,11,-1,1,66,12,30,100,-249
466,Nov 25 1990,European Championship qual in Malta,Malta,Finland,1365,1630,1,1,9,-9,1374,1621,94,45,3,0,97,45,40,100,-165
467,Nov 29 1990,Friendly in Tanzania,Tanzania,Uganda,1236,1533,1,1,5,-5,1241,1528,129,63,0,0,129,63,20,100,-197
468,Nov 30 1990,Friendly in Guatemala,Guatemala,Soviet Union,1462,1882,0,3,-5,5,1457,1887,77,6,-1,3,76,9,20,100,-320
469,Dec 5 1990,European Championship qual in Romania,Romania,San Marino,1823,1006,6,0,0,0,1823,1006,18,170,0,0,18,170,20,0,817
470,Dec 8 1990,UDEAC Cup in Congo,Congo,Chad,1441,1277,3,0,13,-13,1454,1264,74,122,3,-2,77,120,40,100,264
471,Dec 8 1990,CECAFA Cup in Zanzibar,Zanzibar,Tanzania,1150,1241,0,0,-1,1,1149,1242,147,127,0,1,147,128,40,100,9
472,Dec 9 1990,Friendly tournament in Antigua and Barbuda,Antigua and Barbuda,Dominica,1210,1154,2,1,9,-9,1219,1145,136,150,1,-2,137,148,30,100,156
473,Dec 9 1990,UDEAC Cup in Congo,Cameroon,Gabon,1662,1440,2,1,9,-9,1671,1431,34,87,2,-3,36,84,40,0,222
474,Dec 9 1990,CECAFA Cup in Zanzibar,Kenya,Uganda,1394,1528,2,2,7,-7,1401,1521,91,65,2,-1,93,64,40,0,-134
475,Dec 9 1990,CECAFA Cup in Zanzibar,Malawi,Zimbabwe,1417,1448,0,0,2,-2,1419,1446,87,80,0,0,87,80,40,0,-31
476,Dec 11 1990,UDEAC Cup in Congo,Gabon,Central African Republic,1431,1256,1,0,11,-11,1442,1245,78,129,3,-2,81,127,40,0,175
477,Dec 11 1990,CECAFA Cup in Zanzibar,Malawi,Tanzania,1419,1242,1,0,11,-11,1430,1231,83,132,2,-2,85,130,40,0,177
478,Dec 12 1990,Friendly in the United States,Brazil,Mexico,1959,1887,0,0,-2,2,1957,1889,5,9,0,0,5,9,20,0,72
479,Dec 12 1990,UDEAC Cup in Congo,Chad,Equatorial Guinea,1264,1092,1,0,11,-11,1275,1081,116,165,2,-2,118,163,40,0,172
480,Dec 12 1990,CECAFA Cup in Zanzibar,Sudan,Kenya,1440,1401,2,1,18,-18,1458,1383,68,97,7,-2,75,95,40,0,39
481,Dec 12 1990,CECAFA Cup in Zanzibar,Zanzibar,Zimbabwe,1149,1446,0,1,-10,10,1139,1456,154,76,-4,2,150,78,40,100,-197
482,Dec 13 1990,UDEAC Cup in Congo,Cameroon,Central African Republic,1671,1245,3,0,6,-6,1677,1239,34,129,1,-1,35,128,40,0,426
483,Dec 13 1990,UDEAC Cup in Congo,Congo,Equatorial Guinea,1454,1081,6,0,5,-5,1459,1076,71,163,4,0,75,163,40,100,473
484,Dec 14 1990,CECAFA Cup in Zanzibar,Sudan,Uganda,1458,1521,2,2,4,-4,1462,1517,74,66,1,-1,75,65,40,0,-63
485,Dec 14 1990,CECAFA Cup in Zanzibar,Tanzania,Zimbabwe,1231,1456,2,0,47,-47,1278,1409,106,97,12,-9,118,88,40,0,-225
486,Dec 14 1990,CECAFA Cup in Zanzibar,Zanzibar,Malawi,1139,1430,2,1,30,-30,1169,1400,138,99,6,-7,144,92,40,100,-191
487,Dec 15 1990,UDEAC Cup in Congo,Cameroon,Chad,1677,1275,1,0,4,-4,1681,1271,35,119,0,0,35,119,40,0,402
488,Dec 15 1990,UDEAC Cup in Congo,Congo,Gabon,1459,1442,1,0,14,-14,1473,1428,74,85,1,-2,75,83,30,0,17
489,Dec 17 1990,UDEAC Cup in Congo,Chad,Gabon,1271,1428,2,1,28,-28,1299,1400,111,99,4,-8,115,91,40,0,-157
490,Dec 17 1990,UDEAC Cup in Congo,Central African Republic,Equatorial Guinea,1239,1076,3,3,-9,9,1230,1085,131,163,-1,0,130,163,40,0,163
491,Dec 17 1990,CECAFA Cup in Zanzibar,Tanzania,Uganda,1278,1517,1,1,12,-12,1290,1505,116,71,1,-3,117,68,40,0,-239
492,Dec 17 1990,CECAFA Cup in Zanzibar,Zanzibar,Sudan,1169,1462,0,1,-10,10,1159,1472,148,76,-2,0,146,76,40,100,-193
493,Dec 18 1990,Friendly in Algeria,Algeria,Senegal,1782,1576,1,0,3,-3,1785,1573,21,55,1,0,22,55,20,100,306
494,Dec 18 1990,UDEAC Cup in Congo,Congo,Cameroon,1473,1681,2,1,26,-26,1499,1655,63,43,6,-4,69,39,40,100,-108
495,Dec 19 1990,Friendly in Germany,Germany,Switzerland,2077,1720,4,0,3,-3,2080,1717,1,32,0,0,1,32,20,100,457
496,Dec 19 1990,Friendly in Greece,Greece,Poland,1706,1783,1,2,-11,11,1695,1794,33,19,0,2,33,21,20,100,23
497,Dec 19 1990,European Championship qual in Malta,Malta,Netherlands,1374,1942,0,8,-6,6,1368,1948,103,6,-3,0,100,6,40,100,-468
498,Dec 19 1990,Friendly in Morocco,Morocco,Senegal,1613,1573,0,0,-4,4,1609,1577,52,55,-1,0,51,55,20,100,140
499,Dec 19 1990,Friendly in Portugal,Portugal,United States,1803,1587,1,0,3,-3,1806,1584,20,54,0,0,20,54,20,100,316
500,Dec 19 1990,European Championship qual in Spain,Spain,Albania,1933,1398,9,0,3,-3,1936,1395,7,94,0,0,7,94,30,0,535
501,Dec 19 1990,CECAFA Cup in Zanzibar,Zanzibar,Tanzania,1159,1290,1,2,-18,18,1141,1308,152,109,-3,4,149,113,40,100,-31
502,Dec 20 1990,CECAFA Cup in Zanzibar,Uganda,Sudan,1505,1472,2,0,27,-27,1532,1445,58,84,5,-4,63,80,40,0,33
503,Dec 22 1990,Friendly in Croatia,Croatia,Romania,1878,1823,2,0,9,-9,1887,1814,7,20,3,-1,10,19,20,100,155
504,Dec 22 1990,European Championship qual in Cyprus,Cyprus,Italy,1258,2015,0,4,-2,2,1256,2017,127,2,-2,0,125,2,40,100,-657
505,Jan 6 1991,Friendly in Burkina Faso,Burkina Faso,Mali,1424,1458,2,0,12,-12,1436,1446,83,82,0,-3,83,79,20,100,66
506,Jan 9 1991,Friendly in Burkina Faso,Burkina Faso,Niger,1436,1334,2,2,-5,5,1431,1339,83,107,0,2,83,109,20,100,202
507,Jan 13 1991,African Nations Cup qualifier in Burkina Faso,Burkina Faso,Nigeria,1431,1658,1,1,7,-7,1438,1651,81,44,1,-3,82,41,40,100,-127
508,Jan 13 1991,African Nations Cup qualifier in Ghana,Ghana,Benin,1527,1219,4,0,7,-7,1534,1212,62,139,1,-1,63,138,40,100,408
509,Jan 13 1991,African Nations Cup qualifier in Morocco,Morocco,Ivory Coast,1609,1646,3,1,25,-25,1634,1621,35,47,8,-2,43,45,30,0,-37
510,Jan 16 1991,Friendly in Spain,Spain,Portugal,1936,1806,1,1,-6,6,1930,1812,7,20,0,0,7,20,20,100,230
511,Jan 17 1991,Nehru Gold Cup in India,India,Hungary,1135,1757,1,2,-2,2,1133,1759,154,28,-1,0,153,28,40,100,-522
512,Jan 23 1991,European Championship qual in Greece,Greece,Portugal,1695,1812,3,2,21,-21,1716,1791,33,22,0,-1,33,21,40,100,-17
513,Jan 27 1991,African Nations Cup qualifier in Benin,Benin,Burkina Faso,1212,1438,1,2,-13,13,1199,1451,142,74,-2,4,140,78,40,100,-126
514,Jan 27 1991,African Nations Cup qualifier in Niger,Niger,Morocco,1339,1634,1,0,30,-30,1369,1604,91,59,9,-8,100,51,40,100,-195
515,Jan 27 1991,African Nations Cup qualifier in Togo,Togo,Nigeria,1343,1651,0,0,11,-11,1354,1640,105,43,0,-1,105,42,30,0,-308
516,Jan 29 1991,Friendly in Mexico,Mexico,Colombia,1889,1763,0,0,-6,6,1883,1769,17,26,-4,0,13,26,20,100,226
517,Jan 30 1991,Friendly in Australia,Australia,Czechoslovakia,1670,1885,0,1,-7,7,1663,1892,38,6,-1,3,37,9,20,100,-115
518,Feb 1 1991,Friendly tournament in the United States,United States,Switzerland,1584,1717,0,1,-14,14,1570,1731,56,30,-1,1,55,31,30,100,-33
519,Feb 3 1991,Friendly tournament in the United States,Switzerland,Colombia,1731,1769,3,2,17,-17,1748,1752,27,30,2,-2,29,28,30,0,-38
520,Feb 5 1991,Friendly in Northern Ireland,Northern Ireland,Poland,1652,1794,3,1,17,-17,1669,1777,32,28,4,-4,36,24,20,100,-42
521,Feb 6 1991,Friendly in Australia,Australia,Czechoslovakia,1663,1892,0,2,-10,10,1653,1902,40,11,-1,-1,39,10,20,100,-129
522,Feb 6 1991,Friendly in England,England,Cameroon,1989,1655,2,0,2,-2,1991,1653,3,39,0,0,3,39,20,100,434
523,Feb 6 1991,Friendly in Guinea-Bissau,Guinea-Bissau,Gambia,1337,1220,2,1,4,-4,1341,1216,105,138,3,-1,108,137,20,100,217
524,Feb 6 1991,Merdeka Tournament in Malaysia,Malaysia,Indonesia,1283,1229,1,2,-21,21,1262,1250,124,125,-3,3,121,128,30,100,154
525,Feb 6 1991,Friendly in Scotland,Scotland,Soviet Union,1775,1887,0,1,-10,10,1765,1897,25,12,0,-1,25,11,20,100,-12
526,Feb 6 1991,Friendly in Wales,Wales,Ireland,1761,1887,0,3,-16,16,1745,1903,32,8,-3,1,29,9,20,100,-26
527,Feb 7 1991,Friendly in Guinea-Bissau,Guinea-Bissau,Mauritania,1341,1068,2,0,3,-3,1344,1065,106,164,1,0,107,164,20,100,373
528,Feb 9 1991,European Championship qual in Malta,Malta,Portugal,1368,1791,0,1,-5,5,1363,1796,101,20,0,0,101,20,40,100,-323
529,Feb 13 1991,Friendly in Italy,Italy,Belgium,2017,1816,0,0,-7,7,2010,1823,2,18,0,0,2,18,20,100,301
530,Feb 15 1991,Friendly tournament in Senegal,Algeria,Cameroon,1785,1653,0,0,-5,5,1780,1658,24,37,-1,1,23,38,30,0,132
531,Feb 15 1991,Friendly tournament in Senegal,Senegal,Ivory Coast,1577,1621,0,0,-2,2,1575,1623,54,44,0,0,54,44,20,100,56
532,Feb 17 1991,Friendly tournament in Senegal,Cameroon,Ivory Coast,1658,1623,1,1,-2,2,1656,1625,38,44,0,0,38,44,30,0,35
533,Feb 17 1991,Friendly in The Gambia,Gambia,Mauritania,1216,1065,0,0,-6,6,1210,1071,137,164,0,0,137,164,20,100,251
534,Feb 17 1991,Friendly tournament in Senegal,Senegal,Algeria,1575,1780,2,2,4,-4,1579,1776,54,25,0,-1,54,24,30,100,-105
535,Feb 19 1991,Friendly in Argentina,Argentina,Hungary,1873,1759,2,0,7,-7,1880,1752,14,26,0,0,14,26,20,100,214
536,Feb 20 1991,European Championship qual in France,France,Spain,1928,1930,3,1,22,-22,1950,1908,4,9,2,-1,6,8,40,100,98
537,Feb 20 1991,European Championship qual in Portugal,Portugal,Malta,1796,1363,5,0,4,-4,1800,1359,20,101,0,0,20,101,40,100,533
538,Feb 21 1991,Friendly in Bermuda,Bermuda,United States,1370,1570,1,0,13,-13,1383,1557,92,61,3,-3,95,58,20,100,-100
539,Feb 27 1991,European Championship qual in Belgium,Belgium,Luxembourg,1823,1169,3,0,1,-1,1824,1168,16,144,1,0,17,144,20,0,654
540,Feb 27 1991,Friendly in Brazil,Brazil,Paraguay,1957,1741,1,1,-7,7,1950,1748,5,25,0,3,5,28,20,100,316
541,Feb 27 1991,Friendly in Cyprus,Cyprus,Greece,1256,1716,1,1,8,-8,1264,1708,117,33,4,0,121,33,20,100,-360
542,Feb 27 1991,Friendly in Turkey,Turkey,Yugoslavia,1613,1980,1,1,6,-6,1619,1974,46,4,2,0,48,4,20,100,-267
543,Mar 2 1991,Friendly in Suriname,Suriname,French Guiana,1371,1252,3,0,8,-8,1379,1244,98,129,0,-1,98,128,20,100,219
544,Mar 5 1991,Friendly in Algeria,Algeria,Tunisia,1776,1506,2,1,2,-2,1778,1504,22,68,1,0,23,68,20,100,370
545,Mar 9 1991,Friendly in Uganda,Uganda,Sudan,1532,1445,0,1,-15,15,1517,1460,66,71,-1,5,65,76,20,100,187
546,Mar 12 1991,Friendly in Liechtenstein,Liechtenstein,Switzerland,1134,1748,0,6,-2,2,1132,1750,154,28,-1,0,153,28,20,100,-514
547,Mar 12 1991,North American Champ in the United States,United States,Mexico,1557,1883,2,2,14,-14,1571,1869,52,15,3,-1,55,14,50,100,-226
548,Mar 13 1991,Friendly in Argentina,Argentina,Mexico,1880,1869,0,0,-3,3,1877,1872,13,14,0,0,13,14,20,100,111
549,Mar 13 1991,European Championship qual in the Netherlands,Netherlands,Malta,1948,1359,1,0,1,-1,1949,1358,7,105,0,-2,7,103,20,0,589
550,Mar 13 1991,Friendly in Poland,Poland,Finland,1777,1621,1,1,-6,6,1771,1627,24,43,0,1,24,44,20,100,256
551,Mar 14 1991,North American Champ in the United States,Mexico,Canada,1872,1615,3,0,16,-16,1888,1599,10,53,2,-2,12,51,50,0,257
552,Mar 16 1991,North American Champ in the United States,United States,Canada,1571,1599,2,0,30,-30,1601,1569,47,59,4,-4,51,55,50,100,72
553,Mar 27 1991,Friendly in Argentina,Argentina,Brazil,1877,1950,3,3,-1,1,1876,1951,14,5,0,0,14,5,20,100,27
554,Mar 27 1991,European Championship qual in Belgium,Belgium,Wales,1824,1745,1,1,-9,9,1815,1754,19,24,-1,3,18,27,40,100,179
555,Mar 27 1991,Friendly in Czechoslovakia,Czechoslovakia,Poland,1902,1771,4,0,8,-8,1910,1763,8,26,1,-1,9,25,20,100,231
556,Mar 27 1991,European Championship qual in England,England,Ireland,1991,1903,1,1,-10,10,1981,1913,3,7,0,1,3,8,40,100,188
557,Mar 27 1991,Friendly in Germany,Germany,Soviet Union,2080,1897,2,1,3,-3,2083,1894,1,9,0,1,1,10,20,100,283
558,Mar 27 1991,Friendly in Morocco,Morocco,Greece,1604,1708,0,0,0,0,1604,1708,50,33,0,0,50,33,20,100,-4
559,Mar 27 1991,European Championship qual in San Marino,San Marino,Romania,1006,1814,1,3,-1,1,1005,1815,170,17,0,1,170,18,20,100,-708
560,Mar 27 1991,European Championship qual in Scotland,Scotland,Bulgaria,1765,1745,1,1,-7,7,1758,1752,27,26,-1,2,26,28,40,100,120
561,Mar 27 1991,Friendly in Spain,Spain,Hungary,1908,1752,2,4,-24,24,1884,1776,18,22,-5,2,13,24,20,100,256
562,Mar 27 1991,Friendly in Tunisia,Tunisia,Turkey,1504,1619,0,0,0,0,1504,1619,68,48,0,0,68,48,20,100,-15
563,Mar 27 1991,European Championship qual in Yugoslavia,Yugoslavia,Northern Ireland,1974,1669,4,1,6,-6,1980,1663,4,38,0,-1,4,37,40,100,405
564,Mar 30 1991,European Championship qual in France,France,Albania,1950,1395,5,0,2,-2,1952,1393,4,94,1,0,5,94,20,0,555
565,Apr 3 1991,Friendly in Algeria,Algeria,Morocco,1778,1604,2,2,-7,7,1771,1611,25,50,-1,0,24,50,20,100,274
566,Apr 3 1991,European Championship qual in Cyprus,Cyprus,Hungary,1264,1776,0,2,-5,5,1259,1781,123,20,-1,2,122,22,40,100,-412
567,Apr 3 1991,European Championship qual in Switzerland,Switzerland,Romania,1750,1815,0,0,-2,2,1748,1817,30,18,0,0,30,18,30,100,35
568,Apr 7 1991,Friendly in Mali,Mali,Burkina Faso,1446,1451,5,1,14,-14,1460,1437,71,85,5,-3,76,82,20,100,95
569,Apr 7 1991,Friendly in Sudan,Sudan,Uganda,1460,1517,1,1,-1,1,1459,1518,78,65,-1,0,77,65,20,100,43
570,Apr 7 1991,Friendly in Tunisia,Tunisia,Algeria,1504,1771,0,0,4,-4,1508,1767,68,24,0,0,68,24,20,100,-167
571,Apr 9 1991,Friendly in Denmark,Denmark,Bulgaria,1865,1752,1,1,-5,5,1860,1757,15,26,0,1,15,27,20,100,213
572,Apr 9 1991,Friendly in Mexico,Mexico,Chile,1888,1791,1,0,5,-5,1893,1786,11,21,0,0,11,21,20,100,197
573,Apr 12 1991,African Nations Cup qualifier in Mauritania,Mauritania,Morocco,1071,1611,0,2,-4,4,1067,1615,164,48,0,1,164,49,40,100,-440
574,Apr 13 1991,African Nations Cup qualifier in Nigeria,Nigeria,Ghana,1640,1534,0,0,-11,11,1629,1545,44,57,-1,3,43,60,40,100,206
575,Apr 14 1991,African Nations Cup qualifier in Angola,Angola,Zambia,1440,1592,1,2,-17,17,1423,1609,87,49,-3,2,84,51,40,100,-52
576,Apr 14 1991,African Nations Cup qualifier in Guinea,Guinea,Cameroon,1403,1656,0,0,8,-8,1411,1648,88,42,1,-2,89,40,40,100,-153
577,Apr 14 1991,African Nations Cup qualifier in Mali,Mali,Sierra Leone,1460,1404,0,0,-8,8,1452,1412,80,87,-2,1,78,88,40,100,156
578,Apr 14 1991,African Nations Cup qualifier in Sudan,Sudan,Kenya,1459,1383,1,0,11,-11,1470,1372,75,101,1,-3,76,98,40,100,176
579,Apr 14 1991,African Nations Cup qualifier in Swaziland,Swaziland,Madagascar,1168,1477,0,1,-9,9,1159,1486,146,72,-1,1,145,73,40,100,-209
580,Apr 14 1991,African Nations Cup qualifier in Tunisia,Tunisia,Egypt,1508,1654,2,2,3,-3,1511,1651,68,39,0,0,68,39,40,100,-46
581,Apr 14 1991,African Nations Cup qualifier in Uganda,Uganda,Tanzania,1518,1308,3,2,6,-6,1524,1302,63,115,1,-1,64,114,40,100,310
582,Apr 14 1991,African Nations Cup qualifier in Zaire,Zaire,Gabon,1538,1400,2,1,8,-8,1546,1392,58,95,2,-2,60,93,40,100,238
583,Apr 14 1991,African Nations Cup qualifier in Zimbabwe,Zimbabwe,Malawi,1409,1400,4,0,26,-26,1435,1374,79,103,4,-6,83,97,40,100,109
584,Apr 17 1991,Friendly in Austria,Austria,Norway,1675,1683,0,0,-3,3,1672,1686,35,34,0,0,35,34,20,100,92
585,Apr 17 1991,Friendly in Brazil,Brazil,Romania,1951,1817,1,0,4,-4,1955,1813,4,16,1,1,5,17,20,100,234
586,Apr 17 1991,Friendly in Congo,Congo,Benin,1499,1199,1,2,-18,18,1481,1217,77,134,-4,3,73,137,20,100,400
587,Apr 17 1991,Friendly in Costa Rica,Costa Rica,Mexico,1665,1893,0,0,4,-4,1669,1889,36,11,0,0,36,11,20,100,-128
588,Apr 17 1991,Friendly in Greece,Greece,Sweden,1708,1824,2,2,0,0,1708,1824,33,19,0,-1,33,18,20,100,-16
589,Apr 17 1991,European Championship qual in Hungary,Hungary,Soviet Union,1781,1894,0,1,-19,19,1762,1913,28,6,-3,2,25,8,40,100,-13
590,Apr 17 1991,European Championship qual in the Netherlands,Netherlands,Finland,1949,1627,2,0,5,-5,1954,1622,5,46,1,-1,6,45,40,100,422
591,Apr 17 1991,European Championship qual in Poland,Poland,Turkey,1763,1619,3,0,14,-14,1777,1605,21,54,2,-3,23,51,40,100,244
592,Apr 17 1991,Friendly in Spain,Spain,Romania,1884,1813,0,2,-22,22,1862,1835,15,16,-1,1,14,17,20,100,171
593,Apr 18 1991,N Am Ch & UNCAF Cup q in Nicaragua,Nicaragua,El Salvador,984,1417,2,3,-5,5,979,1422,173,84,0,1,173,85,40,100,-333
594,Apr 21 1991,African Nations Cup qualifier in Togo,Togo,Burkina Faso,1354,1437,1,0,19,-19,1373,1418,91,91,7,-5,98,86,30,0,-83
595,Apr 25 1991,N Am Ch & UNCAF Cup q in El Salvador,El Salvador,Nicaragua,1422,979,2,0,3,-3,1425,976,82,173,1,0,83,173,30,0,443
596,Apr 27 1991,African Nations Cup qualifier in Nigeria,Nigeria,Benin,1629,1217,3,0,3,-3,1632,1214,41,137,1,0,42,137,20,0,412
597,Apr 27 1991,African Nations Cup qualifier in Sierra Leone,Sierra Leone,Guinea,1412,1411,0,1,-26,26,1386,1437,98,73,-5,8,93,81,40,100,101
598,Apr 27 1991,African Nations Cup qualifier in Tanzania,Tanzania,Zaire,1302,1546,1,0,28,-28,1330,1518,110,70,2,-5,112,65,40,100,-144
599,Apr 28 1991,African Nations Cup qualifier in Chad,Chad,Tunisia,1299,1511,0,0,6,-6,1305,1505,112,68,2,0,114,68,40,100,-112
600,Apr 28 1991,African Nations Cup qualifier in Congo,Congo,Malawi,1481,1374,2,1,9,-9,1490,1365,71,107,1,-5,72,102,40,100,207
601,Apr 28 1991,African Nations Cup qualifier in Mali,Mali,Cameroon,1452,1648,0,2,-22,22,1430,1670,88,32,-5,4,83,36,40,100,-96
602,Apr 28 1991,African Nations Cup qualifier in Mozambique,Mozambique,Sudan,1347,1470,1,0,21,-21,1368,1449,96,82,5,-3,101,79,40,100,-23
603,Apr 28 1991,African Nations Cup qualifier in Swaziland,Swaziland,Zambia,1159,1609,2,1,35,-35,1194,1574,137,58,4,-4,141,54,40,100,-350
604,Apr 28 1991,African Nations Cup qualifier in Uganda,Uganda,Gabon,1524,1392,0,0,-12,12,1512,1404,71,88,-4,2,67,90,40,100,232
605,Apr 29 1991,African Nations Cup qualifier in Ghana,Ghana,Togo,1545,1373,2,0,10,-10,1555,1363,58,107,1,-5,59,102,40,100,272
606,Apr 30 1991,African Nations Cup qualifier in Ivory Coast,Ivory Coast,Niger,1625,1369,1,0,5,-5,1630,1364,44,103,0,-2,44,101,40,100,356
607,May 1 1991,European Championship qual in Albania,Albania,Czechoslovakia,1393,1910,0,2,-5,5,1388,1915,92,6,0,2,92,8,40,100,-417
608,May 1 1991,European Championship qual in Bulgaria,Bulgaria,Switzerland,1757,1748,2,3,-26,26,1731,1774,35,18,-4,6,31,24,40,100,109
609,May 1 1991,European Championship qual in Germany,Germany,Belgium,2083,1815,1,0,4,-4,2087,1811,1,19,0,0,1,19,20,0,268
610,May 1 1991,European Championship qual in Ireland,Ireland,Poland,1913,1777,0,0,-12,12,1901,1789,12,19,-2,2,10,21,40,100,236
611,May 1 1991,European Championship qual in Italy,Italy,Hungary,2010,1762,3,1,7,-7,2017,1755,2,31,0,-3,2,28,40,100,348
612,May 1 1991,European Championship qual in Norway,Norway,Cyprus,1686,1259,3,0,3,-3,1689,1256,34,128,0,-3,34,125,20,0,427
613,May 1 1991,European Championship qual in Northern Ireland,Northern Ireland,Faroe Islands,1663,1258,1,1,-18,18,1645,1276,44,114,-3,5,41,119,40,100,505
614,May 1 1991,European Championship qual in San Marino,San Marino,Scotland,1005,1758,0,2,-1,1,1004,1759,170,26,0,0,170,26,20,100,-653
615,May 1 1991,Friendly in Sweden,Sweden,Austria,1824,1672,6,0,8,-8,1832,1664,18,39,0,-2,18,37,20,100,252
616,May 1 1991,European Championship qual in Turkey,Turkey,England,1605,1981,0,1,-7,7,1598,1988,52,3,-1,0,51,3,40,100,-276
617,May 1 1991,Friendly in Wales,Wales,Iceland,1754,1553,1,0,3,-3,1757,1550,26,60,1,0,27,60,20,100,301
618,May 1 1991,European Championship qual in Yugoslavia,Yugoslavia,Denmark,1980,1860,1,2,-31,31,1949,1891,10,7,-3,4,7,11,40,100,220
619,May 4 1991,African Nations Cup qualifier in Madagascar,Madagascar,Angola,1486,1423,0,0,-9,9,1477,1432,75,81,-1,2,74,83,40,100,163
620,May 5 1991,Friendly in Jamaica,Jamaica,Haiti,1298,1343,2,1,8,-8,1306,1335,111,114,3,-3,114,111,20,100,55
621,May 5 1991,CEDEAO Cup qualifier in Senegal,Senegal,Ivory Coast,1579,1630,0,0,-3,3,1576,1633,53,40,0,2,53,42,40,100,49
622,May 5 1991,Friendly in the United States,United States,Uruguay,1601,1845,1,0,14,-14,1615,1831,46,20,2,-2,48,18,20,100,-144
623,May 6 1991,Friendly in Jamaica,Jamaica,Haiti,1306,1335,2,0,12,-12,1318,1323,112,113,1,-1,113,112,20,100,71
624,May 6 1991,Friendly tournament in the Philippines,Philippines,Brunei,797,912,2,1,16,-16,813,896,188,181,0,-1,188,180,30,100,-15
625,May 7 1991,Friendly in Malta,Malta,Iceland,1358,1550,1,4,-13,13,1345,1563,107,58,-1,1,106,59,20,100,-92
626,May 7 1991,Friendly tournament in the United States,Uruguay,Mexico,1831,1889,2,0,26,-26,1857,1863,14,16,2,-2,16,14,30,0,-58
627,May 8 1991,CONCACAF Ch & Car Cup q in Guyana,Suriname,Aruba,1379,1090,1,0,6,-6,1385,1084,92,165,2,-2,94,163,40,0,289
628,May 10 1991,CONCACAF Ch & Car Cup q in Saint Kitts and Nevis,Cayman Islands,British Virgin Islands,1039,918,2,1,13,-13,1052,905,166,178,1,0,167,178,40,0,121
629,May 10 1991,CONCACAF Ch & Car Cup q in Guyana,Guyana,Aruba,1232,1084,4,1,14,-14,1246,1070,126,163,2,0,128,163,40,100,248
630,May 10 1991,CONCACAF Ch & Car Cup q in Puerto Rico,Puerto Rico,Haiti,952,1323,2,3,-7,7,945,1330,176,110,0,1,176,111,40,100,-271
631,May 12 1991,CONCACAF Ch & Car Cup q in Puerto Rico,Dominican Republic,Haiti,961,1330,1,1,16,-16,977,1314,172,117,1,-3,173,114,40,0,-369
632,May 12 1991,CONCACAF Ch & Car Cup q in Guyana,Guyana,Suriname,1246,1385,1,1,2,-2,1248,1383,128,94,0,0,128,94,30,100,-39
633,May 12 1991,Trans-Tasman Cup in New Zealand,New Zealand,Australia,1535,1653,0,1,-14,14,1521,1667,62,36,0,1,62,37,30,100,-18
634,May 12 1991,N Am Ch & UNCAF Cup q in Panama,Panama,Honduras,1255,1569,2,0,46,-46,1301,1523,110,67,8,-6,118,61,40,100,-214
635,May 12 1991,Friendly in the Philippines,Philippines,Brunei,813,896,0,0,0,0,813,896,188,180,0,0,188,180,20,100,17
636,May 12 1991,CONCACAF Ch & Car Cup q in Saint Kitts and Nevis,Saint Kitts and Nevis,Cayman Islands,1225,1052,1,1,-13,13,1212,1065,141,163,-4,2,137,165,40,100,273
637,May 12 1991,CONCACAF Ch & Car Cup q in Saint Lucia,Saint Lucia,Montserrat,1242,594,3,0,1,-1,1243,593,130,199,0,0,130,199,20,0,648
638,May 14 1991,CONCACAF Ch & Car Cup q in Saint Lucia,Anguilla,Montserrat,573,593,1,1,1,-1,574,592,200,199,0,0,200,199,20,0,-20
639,May 14 1991,Friendly in Costa Rica,Costa Rica,Uruguay,1669,1857,0,1,-8,8,1661,1865,40,12,-2,2,38,14,20,100,-88
640,May 14 1991,CONCACAF Ch & Car Cup q in Puerto Rico,Puerto Rico,Dominican Republic,945,977,1,3,-36,36,909,1013,180,167,-2,3,178,170,40,100,68
641,May 14 1991,CONCACAF Ch & Car Cup q in Saint Kitts and Nevis,Saint Kitts and Nevis,British Virgin Islands,1212,905,0,0,-16,16,1196,921,143,176,-3,1,140,177,40,100,407
642,May 15 1991,Trans-Tasman Cup in Australia,Australia,New Zealand,1667,1521,2,1,6,-6,1673,1515,34,66,1,-2,35,64,20,0,146
643,May 15 1991,CONCACAF Ch & Car Cup q in Martinique,Martinique,French Guiana,1452,1244,1,2,-34,34,1418,1278,95,111,-9,9,86,120,40,100,308
644,May 16 1991,European Championship qual in Finland,Finland,Malta,1622,1345,2,0,6,-6,1628,1339,45,112,0,-3,45,109,40,100,377
645,May 16 1991,CONCACAF Ch & Car Cup q in Saint Lucia,Saint Lucia,Anguilla,1243,574,6,0,1,-1,1244,573,130,200,0,0,130,200,20,0,669
646,May 16 1991,European Championship qual in Yugoslavia,Yugoslavia,Faroe Islands,1949,1276,7,0,1,-1,1950,1275,7,121,0,0,7,121,20,0,673
647,May 17 1991,CONCACAF Ch & Car Cup q in Martinique,Guadeloupe,French Guiana,1359,1278,1,0,15,-15,1374,1263,91,126,6,-3,97,123,40,0,81
648,May 18 1991,N Am Ch & UNCAF Cup q in Honduras,Honduras,Panama,1523,1301,3,0,9,-9,1532,1292,61,118,0,0,61,118,40,100,322
649,May 19 1991,CONCACAF Ch & Car Cup q in Martinique,Martinique,Guadeloupe,1418,1374,3,1,18,-18,1436,1356,76,111,5,-7,81,104,40,100,144
650,May 19 1991,Friendly in the United States,United States,Argentina,1615,1876,0,1,-6,6,1609,1882,52,13,-2,0,50,13,20,100,-161
651,May 21 1991,Friendly tournament in England,England,Soviet Union,1988,1913,3,1,12,-12,2000,1901,3,9,0,0,3,9,20,0,75
652,May 21 1991,Friendly in Guyana,Guyana,Haiti,1248,1314,1,1,-1,1,1247,1315,129,114,0,0,129,114,20,100,34
653,May 22 1991,European Championship qual in Austria,Austria,Faroe Islands,1664,1275,3,0,4,-4,1668,1271,37,120,0,0,37,120,40,100,489
654,May 22 1991,Friendly in Ireland,Ireland,Chile,1901,1786,1,1,-6,6,1895,1792,11,20,-1,1,10,21,20,100,215
655,May 22 1991,European Championship qual in San Marino,San Marino,Bulgaria,1004,1731,0,3,-2,2,1002,1733,171,31,0,0,171,31,40,100,-627
656,May 23 1991,Friendly tournament in England,Argentina,Soviet Union,1882,1901,1,1,1,-1,1883,1900,13,9,0,0,13,9,20,0,-19
657,May 23 1991,CONCACAF Ch q & Car Cup in Jamaica,Martinique,Saint Lucia,1436,1244,0,0,-10,10,1426,1254,87,126,-3,2,84,128,30,100,292
658,May 23 1991,Friendly in Norway,Norway,Romania,1689,1835,1,0,11,-11,1700,1824,34,19,0,-1,34,18,20,100,-46
659,May 23 1991,CONCACAF Ch q & Car Cup in Jamaica,Trinidad and Tobago,Dominican Republic,1515,1013,7,0,5,-5,1520,1008,62,170,1,0,63,170,40,0,502
660,May 24 1991,CONCACAF Ch q & Car Cup in Jamaica,Jamaica,Guyana,1318,1247,6,0,23,-23,1341,1224,102,134,5,-2,107,132,40,100,171
661,May 25 1991,CONCACAF Ch q & Car Cup in Jamaica,Dominican Republic,Saint Lucia,1008,1254,0,0,12,-12,1020,1242,170,130,0,-1,170,129,40,0,-246
662,May 25 1991,Friendly tournament in England,England,Argentina,2000,1883,2,2,-8,8,1992,1891,3,9,0,2,3,11,30,100,217
663,May 25 1991,CONCACAF Ch q & Car Cup in Jamaica,Trinidad and Tobago,Martinique,1520,1426,1,0,15,-15,1535,1411,59,92,2,-4,61,88,40,0,94
664,May 26 1991,European Championship qual in Albania,Albania,Iceland,1388,1563,1,0,24,-24,1412,1539,84,62,4,-2,88,60,40,100,-75
665,May 26 1991,N Am Ch q & UNCAF Cup in Costa Rica,Costa Rica,Honduras,1661,1532,2,0,13,-13,1674,1519,32,64,3,-1,35,63,40,100,229
666,May 26 1991,N Am Ch q & UNCAF Cup in Costa Rica,El Salvador,Guatemala,1425,1457,0,0,2,-2,1427,1455,84,76,0,0,84,76,40,0,-32
667,May 26 1991,CONCACAF Ch q & Car Cup in Jamaica,Jamaica,Cayman Islands,1341,1065,3,2,4,-4,1345,1061,105,167,1,-1,106,166,40,100,376
668,May 27 1991,CONCACAF Ch q & Car Cup in Jamaica,Martinique,Dominican Republic,1411,1020,4,1,7,-7,1418,1013,83,170,3,0,86,170,40,0,391
669,May 27 1991,CONCACAF Ch q & Car Cup in Jamaica,Saint Lucia,Trinidad and Tobago,1242,1535,2,1,34,-34,1276,1501,111,75,9,-7,120,68,40,0,-293
670,May 28 1991,Friendly in Brazil,Brazil,Bulgaria,1955,1733,3,0,5,-5,1960,1728,4,31,0,0,4,31,20,100,322
671,May 28 1991,CONCACAF Ch q & Car Cup in Jamaica,Guyana,Cayman Islands,1224,1061,2,1,11,-11,1235,1050,128,168,2,-1,130,167,40,0,163
672,May 29 1991,N Am Ch q & UNCAF Cup in Costa Rica,Costa Rica,El Salvador,1674,1427,7,1,10,-10,1684,1417,35,90,0,-3,35,87,40,100,347
673,May 29 1991,N Am Ch q & UNCAF Cup in Costa Rica,Guatemala,Honduras,1455,1519,0,0,4,-4,1459,1515,76,64,0,-1,76,63,40,0,-64
674,May 29 1991,Friendly in Poland,Poland,Wales,1789,1757,0,0,-4,4,1785,1761,22,25,0,1,22,26,20,100,132
675,May 29 1991,European Championship qual in the Soviet Union,Soviet Union,Cyprus,1900,1256,4,0,1,-1,1901,1255,9,128,0,0,9,128,20,0,644
676,May 30 1991,Friendly in Chile,Chile,Uruguay,1792,1865,2,1,9,-9,1801,1856,19,18,1,-2,20,16,20,100,27
677,May 30 1991,CONCACAF Ch q & Car Cup in Jamaica,Jamaica,Saint Lucia,1345,1276,2,0,16,-16,1361,1260,100,130,3,-5,103,125,40,100,169
678,May 30 1991,CONCACAF Ch q & Car Cup in Jamaica,Trinidad and Tobago,Guyana,1501,1235,3,1,11,-11,1512,1224,64,134,2,-2,66,132,40,0,266
679,Jun 1 1991,Friendly in Australia,Australia,England,1673,1992,0,1,-4,4,1669,1996,38,3,-1,0,37,3,20,100,-219
680,Jun 1 1991,Friendly in the United States,United States,Ireland,1609,1895,1,1,5,-5,1614,1890,48,14,1,-2,49,12,20,100,-186
681,Jun 2 1991,N Am Ch q & UNCAF Cup in Costa Rica,Costa Rica,Guatemala,1684,1459,1,0,5,-5,1689,1454,35,76,0,0,35,76,40,100,325
682,Jun 2 1991,N Am Ch q & UNCAF Cup in Costa Rica,Honduras,El Salvador,1515,1417,2,1,15,-15,1530,1402,59,95,2,-4,61,91,40,0,98
683,Jun 2 1991,Caribbean Cup in Jamaica,Jamaica,Trinidad and Tobago,1361,1512,2,0,34,-34,1395,1478,83,78,10,-6,93,72,40,100,-51
684,Jun 2 1991,Friendly tournament in Japan,Japan,Thailand,1370,1317,1,0,9,-9,1379,1308,98,115,0,-1,98,114,30,100,153
685,Jun 2 1991,Caribbean Cup in Jamaica,Saint Lucia,Guyana,1260,1224,4,1,31,-31,1291,1193,113,150,6,-9,119,141,40,0,36
686,Jun 3 1991,Friendly in New Zealand,New Zealand,England,1515,1996,0,1,-2,2,1513,1998,66,3,-1,0,65,3,20,100,-381
687,Jun 5 1991,European Championship qual in Denmark,Denmark,Austria,1891,1668,2,1,5,-5,1896,1663,10,38,0,0,10,38,40,100,323
688,Jun 5 1991,European Championship qual in Finland,Finland,Netherlands,1628,1954,1,1,11,-11,1639,1943,39,9,3,-2,42,7,30,0,-326
689,Jun 5 1991,European Championship qual in Iceland,Iceland,Czechoslovakia,1539,1915,0,1,-7,7,1532,1922,60,8,0,0,60,8,40,100,-276
690,Jun 5 1991,European Championship qual in Norway,Norway,Italy,1700,2017,2,1,31,-31,1731,1986,28,4,3,-1,31,3,40,100,-217
691,Jun 5 1991,Friendly in Sweden,Sweden,Colombia,1832,1752,2,2,-5,5,1827,1757,17,27,0,1,17,28,20,100,180
692,Jun 5 1991,European Championship qual in Switzerland,Switzerland,San Marino,1774,1002,7,0,1,-1,1775,1001,26,171,-1,0,25,171,20,0,772
693,Jun 5 1991,European Championship qual in Wales,Wales,Germany,1761,2087,1,0,31,-31,1792,2056,18,1,4,0,22,1,40,100,-226
694,Jun 6 1991,Friendly in Peru,Peru,Ecuador,1521,1632,0,1,-10,10,1511,1642,70,40,-4,2,66,42,20,100,-11
695,Jun 7 1991,Presidents Cup in South Korea,Malta,Indonesia,1339,1250,3,0,26,-26,1365,1224,92,133,9,-2,101,131,40,0,89
696,Jun 7 1991,Presidents Cup in South Korea,South Korea,Egypt,1721,1651,0,0,-9,9,1712,1660,33,39,0,0,33,39,40,100,170
697,Jun 8 1991,Friendly in New Zealand,New Zealand,England,1513,1998,0,2,-3,3,1510,2001,68,2,-2,0,66,2,20,100,-385
698,Jun 9 1991,Presidents Cup in South Korea,Egypt,Malta,1660,1365,5,2,11,-11,1671,1354,33,113,3,-6,36,107,40,0,295
699,Jun 9 1991,CEDEAO Cup qualifier in Ivory Coast,Ivory Coast,Senegal,1633,1576,2,0,17,-17,1650,1559,36,61,4,-4,40,57,40,100,157
700,Jun 9 1991,Presidents Cup in South Korea,South Korea,Indonesia,1712,1224,3,0,2,-2,1714,1222,33,131,0,0,33,131,20,0,488
701,Jun 11 1991,Presidents Cup in South Korea,Egypt,Indonesia,1671,1222,6,0,6,-6,1677,1216,36,137,0,-3,36,134,40,0,449
702,Jun 11 1991,Presidents Cup in South Korea,South Korea,Malta,1714,1354,1,1,-17,17,1697,1371,35,93,-1,7,34,100,40,100,460
703,Jun 12 1991,Friendly tournament in Sweden,Italy,Denmark,1986,1896,2,0,17,-17,2003,1879,1,16,1,-3,2,13,30,0,90
704,Jun 12 1991,Friendly in Malaysia,Malaysia,England,1262,2001,2,4,-1,1,1261,2002,125,4,0,-1,125,3,20,100,-639
705,Jun 12 1991,Friendly in Peru,Peru,Uruguay,1511,1856,1,0,16,-16,1527,1840,59,16,3,0,62,16,20,100,-245
706,Jun 13 1991,Friendly tournament in Sweden,Sweden,Soviet Union,1827,1901,2,3,-16,16,1811,1917,19,9,-1,0,18,9,30,100,26
707,Jun 14 1991,Copa Paz del Chaco in Bolivia,Bolivia,Paraguay,1566,1748,0,1,-12,12,1554,1760,61,24,-3,3,58,27,30,100,-82
708,Jun 14 1991,Presidents Cup in South Korea,South Korea,Australia,1697,1669,0,0,-7,7,1690,1676,34,36,0,1,34,37,40,100,128
709,Jun 15 1991,Friendly tournament in Sweden,Sweden,Denmark,1811,1879,4,0,26,-26,1837,1853,16,17,1,-2,17,15,30,100,32
710,Jun 16 1991,Friendly tournament in Sweden,Italy,Soviet Union,2003,1917,1,1,-4,4,1999,1921,4,9,-1,0,3,9,30,0,86
711,Jun 16 1991,Copa Paz del Chaco in Paraguay,Paraguay,Bolivia,1760,1554,0,0,-11,11,1749,1565,33,54,-3,2,30,56,30,100,306
712,Jun 16 1991,Presidents Cup in South Korea,South Korea,Egypt,1690,1677,2,0,21,-21,1711,1656,32,42,1,-3,33,39,40,100,113
713,Jun 19 1991,Friendly in Ecuador,Ecuador,Chile,1642,1801,2,1,12,-12,1654,1789,37,24,3,-2,40,22,20,100,-59
714,Jun 19 1991,Friendly in Slovenia,Slovenia,Croatia,1600,1887,0,1,-5,5,1595,1892,53,10,0,0,53,10,20,100,-187
715,Jun 20 1991,Friendly in Mozambique,Mozambique,Botswana,1368,1096,2,0,3,-3,1371,1093,100,161,1,0,101,161,20,100,372
716,Jun 20 1991,Friendly in Uruguay,Uruguay,Peru,1840,1527,0,0,-8,8,1832,1535,18,59,-1,2,17,61,20,100,413
717,Jun 22 1991,Friendly in Mozambique,Mozambique,Swaziland,1371,1194,2,1,3,-3,1374,1191,99,143,1,-1,100,142,20,100,277
718,Jun 25 1991,Friendly in Costa Rica,Costa Rica,Colombia,1689,1757,0,1,-11,11,1678,1768,35,24,0,2,35,26,20,100,32
719,Jun 25 1991,Friendly in Ecuador,Ecuador,Peru,1654,1535,2,2,-6,6,1648,1541,42,61,-1,0,41,61,20,100,219
720,Jun 25 1991,Island Games in Finland,Faroe Islands,Greenland,1271,958,3,2,6,-6,1277,952,122,176,0,0,122,176,40,0,313
721,Jun 25 1991,Friendly in Mozambique,Mozambique,Botswana,1374,1093,1,1,-8,8,1366,1101,104,159,-2,1,102,160,20,100,381
722,Jun 26 1991,Friendly in Uruguay,Uruguay,Chile,1832,1789,2,1,6,-6,1838,1783,15,24,1,-1,16,23,20,100,143
723,Jun 27 1991,Friendly in Brazil,Brazil,Argentina,1960,1891,1,1,-5,5,1955,1896,4,9,0,1,4,10,20,100,169
724,Jun 28 1991,Friendly in Ghana,Ghana,Gambia,1555,1210,3,2,1,-1,1556,1209,59,137,0,0,59,137,20,100,445
725,Jun 28 1991,CONCACAF Championship in the United States,Honduras,Canada,1530,1569,4,2,42,-42,1572,1527,47,71,8,-8,55,63,50,0,-39
726,Jun 28 1991,CONCACAF Championship in the United States,Mexico,Jamaica,1863,1395,4,1,6,-6,1869,1389,13,94,0,0,13,94,50,0,468
727,Jun 29 1991,CONCACAF Championship in the United States,Costa Rica,Guatemala,1678,1454,2,0,16,-16,1694,1438,35,81,0,-2,35,79,50,0,224
728,Jun 29 1991,CONCACAF Championship in the United States,United States,Trinidad and Tobago,1614,1478,2,1,10,-10,1624,1468,43,79,3,-3,46,76,50,100,236
729,Jun 30 1991,Friendly in Chile,Chile,Ecuador,1783,1648,3,1,6,-6,1789,1642,21,45,1,-2,22,43,20,100,235
730,Jun 30 1991,CONCACAF Championship in the United States,Honduras,Jamaica,1572,1389,5,0,26,-26,1598,1363,47,114,4,-10,51,104,50,0,183
731,Jun 30 1991,CONCACAF Championship in the United States,Mexico,Canada,1869,1527,3,1,9,-9,1878,1518,13,63,0,0,13,63,50,0,342
732,Jul 1 1991,CONCACAF Championship in the United States,Trinidad and Tobago,Costa Rica,1468,1694,2,1,39,-39,1507,1655,60,43,8,-4,68,39,50,0,-226
733,Jul 1 1991,CONCACAF Championship in the United States,United States,Guatemala,1624,1438,3,0,14,-14,1638,1424,44,89,1,-5,45,84,50,100,286
734,Jul 2 1991,Friendly in Moldova,Moldova,Georgia,1500,1614,2,4,-14,14,1486,1628,74,47,0,0,74,47,20,100,-14
735,Jul 3 1991,CONCACAF Championship in the United States,Canada,Jamaica,1518,1363,3,2,15,-15,1533,1348,61,113,1,-4,62,109,50,0,155
736,Jul 3 1991,CONCACAF Championship in the United States,Guatemala,Trinidad and Tobago,1424,1507,1,0,31,-31,1455,1476,71,84,7,-8,78,76,50,0,-83
737,Jul 3 1991,CONCACAF Championship in the United States,Honduras,Mexico,1598,1878,1,1,17,-17,1615,1861,49,15,1,-1,50,14,50,0,-280
738,Jul 3 1991,CONCACAF Championship in the United States,United States,Costa Rica,1638,1655,3,2,19,-19,1657,1636,31,51,7,-6,38,45,50,100,83
739,Jul 5 1991,CONCACAF Championship in the United States,Honduras,Costa Rica,1615,1636,2,0,40,-40,1655,1596,30,61,10,-8,40,53,50,0,-21
740,Jul 5 1991,CONCACAF Championship in the United States,United States,Mexico,1657,1861,2,0,48,-48,1705,1813,32,22,3,-4,35,18,50,100,-104
741,Jul 6 1991,Copa América in Chile,Chile,Venezuela,1789,1355,2,0,3,-3,1792,1352,20,106,1,1,21,107,30,0,434
742,Jul 6 1991,Friendly in Malawi,Malawi,Kenya,1365,1372,0,2,-19,19,1346,1391,115,90,-6,5,109,95,20,100,93
743,Jul 6 1991,Copa América in Chile,Paraguay,Peru,1749,1541,1,0,12,-12,1761,1529,26,65,2,-2,28,63,50,0,208
744,Jul 7 1991,Copa América in Chile,Bolivia,Uruguay,1565,1838,1,1,16,-16,1581,1822,51,21,3,-3,54,18,50,0,-273
745,Jul 7 1991,Copa América in Chile,Colombia,Ecuador,1768,1642,1,0,16,-16,1784,1626,22,50,2,-3,24,47,50,0,126
746,Jul 7 1991,Friendly in Gabon,Gabon,Ghana,1404,1556,0,1,-9,9,1395,1565,96,57,-2,1,94,58,20,100,-52
747,Jul 7 1991,CONCACAF Championship in the United States,Mexico,Costa Rica,1813,1596,2,0,17,-17,1830,1579,14,57,2,-2,16,55,50,0,217
748,Jul 7 1991,CONCACAF Championship in the United States,United States,Honduras,1705,1655,0,0,-10,10,1695,1665,35,36,0,2,35,38,50,100,150
749,Jul 8 1991,Copa América in Chile,Argentina,Venezuela,1896,1352,3,0,4,-4,1900,1348,10,107,0,0,10,107,50,0,544
750,Jul 8 1991,Copa América in Chile,Chile,Peru,1792,1529,4,2,8,-8,1800,1521,19,63,1,0,20,63,30,0,263
751,Jul 8 1991,Friendly in Malawi,Malawi,Kenya,1346,1391,1,1,-2,2,1344,1393,109,95,0,0,109,95,20,100,55
752,Jul 9 1991,Copa América in Chile,Brazil,Bolivia,1955,1581,2,1,5,-5,1960,1576,4,56,0,-1,4,55,50,0,374
753,Jul 9 1991,Friendly in Congo,Congo,Zaire,1490,1518,0,0,-2,2,1488,1520,72,64,0,0,72,64,20,100,72
754,Jul 9 1991,Copa América in Chile,Ecuador,Uruguay,1626,1822,1,1,13,-13,1639,1809,41,20,3,-1,44,19,50,0,-196
755,Jul 10 1991,Copa América in Chile,Chile,Argentina,1800,1900,0,1,-25,25,1775,1925,30,6,-5,2,25,8,50,100,0
756,Jul 10 1991,Friendly in Malawi,Malawi,Kenya,1344,1393,1,1,-1,1,1343,1394,109,95,0,0,109,95,20,100,51
757,Jul 10 1991,Copa América in Chile,Paraguay,Venezuela,1761,1348,5,0,8,-8,1769,1340,26,117,1,-5,27,112,50,0,413
758,Jul 11 1991,Copa América in Chile,Bolivia,Colombia,1576,1784,0,0,13,-13,1589,1771,53,29,1,-3,54,26,50,0,-208
759,Jul 11 1991,Copa América in Chile,Brazil,Uruguay,1960,1809,1,1,-10,10,1950,1819,6,17,-1,1,5,18,50,0,151
760,Jul 12 1991,Copa América in Chile,Argentina,Paraguay,1925,1769,4,1,25,-25,1950,1744,2,33,3,-3,5,30,50,0,156
761,Jul 12 1991,African Nations Cup qualifier in Egypt,Egypt,Chad,1656,1305,5,1,5,-5,1661,1300,40,121,0,-2,40,119,40,100,451
762,Jul 12 1991,Copa América in Chile,Peru,Venezuela,1521,1340,5,1,24,-24,1545,1316,57,116,3,-2,60,114,50,0,181
763,Jul 13 1991,Copa América in Chile,Colombia,Brazil,1771,1950,2,0,55,-55,1826,1895,8,15,9,-5,17,10,50,0,-179
764,Jul 13 1991,Copa América in Chile,Ecuador,Bolivia,1639,1589,4,0,40,-40,1679,1549,28,64,8,-5,36,59,50,0,50
765,Jul 14 1991,Copa América in Chile,Argentina,Peru,1950,1545,3,2,4,-4,1954,1541,3,62,1,-1,4,61,40,0,405
766,Jul 14 1991,African Nations Cup qualifier in Burkina Faso,Burkina Faso,Ghana,1418,1565,2,1,23,-23,1441,1542,77,63,5,-3,82,60,40,100,-47
767,Jul 14 1991,African Nations Cup qualifier in Cameroon,Cameroon,Sierra Leone,1670,1386,1,0,4,-4,1674,1382,38,100,0,-2,38,98,40,100,384
768,Jul 14 1991,Copa América in Chile,Chile,Paraguay,1775,1744,4,0,30,-30,1805,1714,17,34,4,-2,21,32,50,100,131
769,Jul 14 1991,African Nations Cup qualifier in Gabon,Gabon,Tanzania,1395,1330,1,0,11,-11,1406,1319,90,113,2,0,92,113,40,100,165
770,Jul 14 1991,African Nations Cup qualifier in Guinea,Guinea,Mali,1437,1430,2,1,14,-14,1451,1416,77,91,2,-3,79,88,40,100,107
771,Jul 14 1991,African Nations Cup qualifier in Kenya,Kenya,Mozambique,1394,1366,1,0,13,-13,1407,1353,87,110,4,-4,91,106,40,100,128
772,Jul 14 1991,African Nations Cup qualifier in Togo,Togo,Benin,1363,1214,2,0,12,-12,1375,1202,98,141,3,-2,101,139,40,100,249
773,Jul 14 1991,African Nations Cup qualifier in Zaire,Zaire,Uganda,1520,1512,1,0,14,-14,1534,1498,60,70,2,-2,62,68,40,100,108
774,Jul 14 1991,African Nations Cup qualifier in Zambia,Zambia,Madagascar,1574,1477,2,1,10,-10,1584,1467,53,79,1,-2,54,77,40,100,197
775,Jul 14 1991,African Nations Cup qualifier in Zimbabwe,Zimbabwe,Congo,1435,1488,2,2,-3,3,1432,1491,85,72,-1,0,84,72,40,100,47
776,Jul 15 1991,African Nations Cup qualifier in Angola,Angola,Swaziland,1432,1191,1,1,-15,15,1417,1206,90,135,-3,4,87,139,40,100,341
777,Jul 15 1991,Copa América in Chile,Brazil,Ecuador,1895,1679,3,1,17,-17,1912,1662,10,44,0,-4,10,40,50,0,216
778,Jul 15 1991,Friendly in the Faroe Islands,Faroe Islands,Turkey,1277,1598,1,1,6,-6,1283,1592,121,55,1,-2,122,53,20,100,-221
779,Jul 15 1991,Copa América in Chile,Uruguay,Colombia,1819,1826,1,0,26,-26,1845,1800,11,25,4,-4,15,21,50,0,-7
780,Jul 17 1991,Copa América in Chile,Argentina,Brazil,1954,1912,3,2,22,-22,1976,1890,4,12,0,-1,4,11,50,0,42
781,Jul 17 1991,Copa América in Chile,Chile,Colombia,1805,1800,1,1,-7,7,1798,1807,24,19,-2,1,22,20,50,100,105
782,Jul 17 1991,Friendly in Iceland,Iceland,Turkey,1532,1592,5,1,17,-17,1549,1575,52,57,6,-2,58,55,20,100,40
783,Jul 19 1991,Copa América in Chile,Brazil,Colombia,1890,1807,2,0,29,-29,1919,1778,9,30,1,-5,10,25,50,0,83
784,Jul 19 1991,Copa América in Chile,Chile,Argentina,1798,1976,0,0,6,-6,1804,1970,18,4,2,0,20,4,50,100,-78
785,Jul 21 1991,Copa América in Chile,Argentina,Colombia,1970,1778,2,1,12,-12,1982,1766,4,29,0,-2,4,27,50,0,192
786,Jul 21 1991,Copa América in Chile,Chile,Brazil,1804,1919,0,2,-36,36,1768,1955,30,0,-5,5,25,5,50,100,-15
787,Jul 24 1991,Friendly in Ivory Coast,Ivory Coast,Guinea,1650,1451,0,0,-7,7,1643,1458,46,77,-2,1,44,78,20,100,299
788,Jul 26 1991,African Nations Cup qualifier in Egypt,Egypt,Tunisia,1661,1505,2,2,-13,13,1648,1518,41,63,0,2,41,65,40,100,256
789,Jul 26 1991,African Nations Cup qualifier in Mauritania,Mauritania,Niger,1067,1364,0,1,-10,10,1057,1374,168,101,-1,1,167,102,40,100,-197
790,Jul 27 1991,Friendly in Japan,Japan,South Korea,1379,1711,0,1,-4,4,1375,1715,100,31,0,1,100,32,20,100,-232
791,Jul 27 1991,African Nations Cup qualifier in Malawi,Malawi,Zimbabwe,1343,1432,2,2,-1,1,1342,1433,109,82,0,1,109,83,40,100,11
792,Jul 27 1991,African Nations Cup qualifier in Nigeria,Nigeria,Burkina Faso,1632,1441,7,1,13,-13,1645,1428,40,86,3,-2,43,84,40,100,291
793,Jul 27 1991,African Nations Cup qualifier in Sierra Leone,Sierra Leone,Mali,1382,1416,2,0,24,-24,1406,1392,84,104,7,-8,91,96,40,100,66
794,Jul 28 1991,African Nations Cup qualifier in Benin,Benin,Ghana,1202,1542,0,0,12,-12,1214,1530,134,67,3,-3,137,64,40,100,-240
795,Jul 28 1991,African Nations Cup qualifier in Cameroon,Cameroon,Guinea,1674,1458,1,0,6,-6,1680,1452,35,80,1,-1,36,79,40,100,316
796,Jul 28 1991,African Nations Cup qualifier in Gabon,Gabon,Zaire,1406,1534,0,0,2,-2,1408,1532,91,63,0,0,91,63,40,100,-28
797,Jul 28 1991,African Nations Cup qualifier in Ivory Coast,Ivory Coast,Morocco,1643,1615,2,0,19,-19,1662,1596,35,52,5,-1,40,51,40,100,128
798,Jul 28 1991,African Nations Cup qualifier in Kenya,Kenya,Sudan,1407,1449,2,1,17,-17,1424,1432,80,85,5,-2,85,83,30,0,-42
799,Jul 28 1991,African Nations Cup qualifier in Tanzania,Tanzania,Uganda,1319,1498,1,1,4,-4,1323,1494,113,68,0,0,113,68,40,100,-79
800,Jul 28 1991,African Nations Cup qualifier in Zambia,Zambia,Angola,1584,1417,1,0,7,-7,1591,1410,53,93,0,-3,53,90,40,100,267
801,Aug 8 1991,Friendly tournament in Italy,Czechoslovakia,Yugoslavia,1922,1950,0,0,1,-1,1923,1949,9,7,0,0,9,7,20,0,-28
802,Aug 8 1991,Friendly in Norway,Norway,Sweden,1731,1837,1,2,-10,10,1721,1847,32,14,-1,1,31,15,20,100,-6
803,Aug 11 1991,CEDEAO Cup qualifier in Benin,Benin,Ivory Coast,1214,1662,0,3,-8,8,1206,1670,141,36,-2,2,139,38,40,100,-348
804,Aug 14 1991,Friendly in Poland,Poland,France,1785,1952,1,5,-15,15,1770,1967,26,4,-2,1,24,5,20,100,-67
805,Aug 19 1991,Friendly in Malawi,Malawi,Mozambique,1342,1353,1,0,7,-7,1349,1346,103,110,3,-2,106,108,20,100,89
806,Aug 20 1991,Friendly in Malawi,Malawi,Mozambique,1349,1346,2,0,11,-11,1360,1335,102,116,2,-4,104,112,20,100,103
807,Aug 21 1991,Friendly in Bulgaria,Bulgaria,Turkey,1728,1575,0,0,-6,6,1722,1581,30,53,0,1,30,54,20,100,253
808,Aug 21 1991,Friendly in Czechoslovakia,Czechoslovakia,Switzerland,1923,1775,1,1,-6,6,1917,1781,11,23,-1,0,10,23,20,100,248
809,Aug 21 1991,Friendly in Poland,Poland,Sweden,1770,1847,2,0,14,-14,1784,1833,20,17,2,-1,22,16,20,100,23
810,Aug 28 1991,European Championship qual in Norway,Norway,Soviet Union,1721,1921,0,1,-14,14,1707,1935,39,9,-4,0,35,9,40,100,-100
811,Aug 28 1991,Friendly in Romania,Romania,United States,1824,1695,0,2,-24,24,1800,1719,20,27,-1,4,19,31,20,100,229
812,Sep 1 1991,CEDEAO Cup qualifier in Ivory Coast,Ivory Coast,Benin,1670,1206,1,0,1,-1,1671,1205,38,142,0,-1,38,141,20,0,464
813,Sep 4 1991,European Championship qual in Czechoslovakia,Czechoslovakia,France,1917,1967,1,2,-23,23,1894,1990,10,3,0,1,10,4,40,100,50
814,Sep 4 1991,Friendly in Greece,Greece,Albania,1708,1412,0,2,-27,27,1681,1439,36,73,-1,8,35,81,20,100,396
815,Sep 4 1991,Friendly in Iceland,Iceland,Denmark,1549,1853,0,0,5,-5,1554,1848,58,14,0,0,58,14,20,100,-204
816,Sep 4 1991,Friendly in Portugal,Portugal,Austria,1800,1663,1,1,-6,6,1794,1669,21,38,-1,1,20,39,20,100,237
817,Sep 4 1991,Friendly in Spain,Spain,Uruguay,1862,1845,2,1,7,-7,1869,1838,13,17,0,-1,13,16,20,100,117
818,Sep 4 1991,Friendly in Sweden,Sweden,Yugoslavia,1833,1949,4,3,10,-10,1843,1939,14,9,1,-1,15,8,20,100,-16
819,Sep 4 1991,Friendly in Turkey,Turkey,United States,1581,1719,1,1,1,-1,1582,1718,54,31,0,0,54,31,20,100,-38
820,Sep 8 1991,Friendly in Mali,Mali,Guinea,1392,1452,0,0,-1,1,1391,1453,96,79,0,0,96,79,20,100,40
821,Sep 9 1991,South Pacific Games in Papua New Guinea,Papua New Guinea,Solomon Islands,1127,1137,0,0,-5,5,1122,1142,158,150,0,2,158,152,40,100,90
822,Sep 9 1991,South Pacific Games in Papua New Guinea,Vanuatu,Wallis and Futuna,1057,708,4,0,9,-9,1066,699,166,195,1,0,167,195,40,0,349
823,Sep 10 1991,South Pacific Games in Papua New Guinea,Fiji,New Caledonia,1399,1304,3,1,22,-22,1421,1282,79,127,8,-5,87,122,40,0,95
824,Sep 10 1991,South Pacific Games in Papua New Guinea,Tahiti,Guam,1545,748,15,0,1,-1,1546,747,60,193,0,0,60,193,20,0,797
825,Sep 11 1991,Friendly in England,England,Germany,2002,2056,0,1,-11,11,1991,2067,4,1,-1,0,3,1,20,100,46
826,Sep 11 1991,Friendly in Hungary,Hungary,Ireland,1755,1890,1,2,-9,9,1746,1899,29,8,0,2,29,10,20,100,-35
827,Sep 11 1991,European Championship qual in Luxembourg,Luxembourg,Belgium,1168,1811,0,2,-3,3,1165,1814,148,18,0,0,148,18,40,100,-543
828,Sep 11 1991,Friendly in the Netherlands,Netherlands,Poland,1943,1784,1,1,-6,6,1937,1790,9,22,-1,0,8,22,20,100,259
829,Sep 11 1991,European Championship qual in Sweden,Northern Ireland,Faroe Islands,1645,1283,5,0,9,-9,1654,1274,40,125,2,-2,42,123,40,0,362
830,Sep 11 1991,South Pacific Games in Papua New Guinea,Papua New Guinea,Vanuatu,1122,1066,0,1,-28,28,1094,1094,168,159,-5,4,163,163,40,100,156
831,Sep 11 1991,European Championship qual in Portugal,Portugal,Finland,1794,1639,1,0,7,-7,1801,1632,20,46,0,0,20,46,40,100,255
832,Sep 11 1991,South Pacific Games in Papua New Guinea,Solomon Islands,Wallis and Futuna,1142,699,5,0,6,-6,1148,693,148,195,2,0,150,195,40,0,443
833,Sep 11 1991,European Championship qual in Switzerland,Switzerland,Scotland,1781,1759,2,2,-7,7,1774,1766,25,26,-1,1,24,27,40,100,122
834,Sep 11 1991,Friendly in Wales,Wales,Brazil,1792,1955,1,0,12,-12,1804,1943,17,6,2,0,19,6,20,100,-63
835,Sep 12 1991,Friendly in Bermuda,Bermuda,Jamaica,1383,1348,1,1,-4,4,1379,1352,101,107,-2,0,99,107,20,100,135
836,Sep 12 1991,South Pacific Games in Papua New Guinea,Fiji,Guam,1421,747,14,1,2,-2,1423,745,87,193,0,0,87,193,30,0,674
837,Sep 12 1991,South Pacific Games in Papua New Guinea,New Caledonia,Tahiti,1282,1546,2,2,13,-13,1295,1533,117,62,2,-1,119,61,40,0,-264
838,Sep 13 1991,South Pacific Games in Papua New Guinea,Papua New Guinea,Wallis and Futuna,1094,693,5,0,4,-4,1098,689,161,195,1,0,162,195,20,0,401
839,Sep 13 1991,South Pacific Games in Papua New Guinea,Solomon Islands,Vanuatu,1148,1094,3,0,30,-30,1178,1064,142,173,4,-5,146,168,40,0,54
840,Sep 14 1991,South Pacific Games in Papua New Guinea,Fiji,Tahiti,1423,1533,3,0,46,-46,1469,1487,67,83,10,-11,77,72,40,0,-110
841,Sep 14 1991,South Pacific Games in Papua New Guinea,New Caledonia,Guam,1295,745,18,0,6,-6,1301,739,117,193,1,0,118,193,40,0,550
842,Sep 14 1991,Friendly in the United States,United States,Jamaica,1718,1352,1,0,1,-1,1719,1351,31,107,0,0,31,107,20,100,466
843,Sep 17 1991,South Pacific Games in Papua New Guinea,Fiji,Vanuatu,1469,1064,3,1,5,-5,1474,1059,77,168,0,0,77,168,40,0,405
844,Sep 17 1991,South Pacific Games in Papua New Guinea,Solomon Islands,New Caledonia,1178,1301,4,1,47,-47,1225,1254,122,142,12,-12,134,130,40,0,-123
845,Sep 17 1991,South Pacific Games in Papua New Guinea,Tahiti,Wallis and Futuna,1487,689,5,0,1,-1,1488,688,72,195,0,0,72,195,30,0,798
846,Sep 18 1991,South Pacific Games in Papua New Guinea,Wallis and Futuna,Guam,688,739,5,0,46,-46,734,693,191,197,2,-2,193,195,40,0,-51
847,Sep 19 1991,South Pacific Games in Papua New Guinea,New Caledonia,Vanuatu,1254,1059,3,0,17,-17,1271,1042,116,174,7,-3,123,171,40,0,195
848,Sep 20 1991,South Pacific Games in Papua New Guinea,Fiji,Solomon Islands,1474,1225,1,1,-12,12,1462,1237,79,128,-1,3,78,131,40,0,249
849,Sep 21 1991,Friendly in Botswana,Botswana,Swaziland,1101,1206,2,1,10,-10,1111,1196,159,147,1,-3,160,144,20,100,-5
850,Sep 25 1991,Friendly in Bulgaria,Bulgaria,Italy,1722,1999,2,1,15,-15,1737,1984,30,6,0,-2,30,4,20,100,-177
851,Sep 25 1991,European Championship qual in Sweden,Denmark,Faroe Islands,1848,1274,4,0,3,-3,1851,1271,12,122,1,0,13,122,40,0,574
852,Sep 25 1991,European Championship qual in Iceland,Iceland,Spain,1554,1869,2,0,47,-47,1601,1822,42,21,8,-4,50,17,40,100,-215
853,Sep 25 1991,Friendly in Norway,Norway,Czechoslovakia,1707,1894,2,3,-8,8,1699,1902,34,9,0,1,34,10,20,100,-87
854,Sep 25 1991,European Championship qual in the Soviet Union,Soviet Union,Hungary,1935,1746,2,2,-14,14,1921,1760,9,29,0,0,9,29,40,100,289
855,Sep 27 1991,Afro-Asian Cup in Iran,Iran,Algeria,1621,1767,2,1,28,-28,1649,1739,38,32,5,-3,43,29,40,0,-146
856,Sep 30 1991,Friendly in Botswana,Botswana,Ghana,1111,1530,0,0,7,-7,1118,1523,158,63,1,0,159,63,20,100,-319
857,Oct 5 1991,Friendly in Singapore,Singapore,Indonesia,1221,1216,2,0,11,-11,1232,1205,130,143,3,-2,133,141,20,100,105
858,Oct 9 1991,European Championship qual in Austria,Austria,Denmark,1669,1851,0,3,-27,27,1642,1878,53,13,-7,0,46,13,40,100,-82
859,Oct 9 1991,European Championship qual in Finland,Finland,Greece,1632,1681,1,1,-3,3,1629,1684,47,35,0,0,47,35,40,100,51
860,Oct 9 1991,Friendly in Hungary,Hungary,Belgium,1760,1814,0,2,-17,17,1743,1831,28,12,0,3,28,15,20,100,46
861,Oct 9 1991,Friendly in Switzerland,Switzerland,Sweden,1774,1843,3,1,14,-14,1788,1829,22,20,1,-3,23,17,20,100,31
862,Oct 12 1991,Friendly in Luxembourg,Luxembourg,Portugal,1165,1801,1,1,9,-9,1174,1792,146,22,2,-1,148,21,20,0,-636
863,Oct 12 1991,European Championship qual in Spain,Spain,France,1822,1990,1,2,-16,16,1806,2006,18,1,0,1,18,2,40,100,-68
864,Oct 12 1991,European Championship qual in the Soviet Union,Soviet Union,Italy,1921,1984,0,0,-2,2,1919,1986,9,4,0,0,9,4,30,100,37
865,Oct 13 1991,Afro-Asian Cup in Algeria,Algeria,Iran,1739,1649,1,0,13,-13,1752,1636,27,50,1,-4,28,46,50,100,190
866,Oct 16 1991,European Championship qual in Bulgaria,Bulgaria,San Marino,1737,1001,4,0,1,-1,1738,1000,30,175,0,0,30,175,20,0,736
867,Oct 16 1991,Friendly in Cyprus,Cyprus,Iceland,1255,1601,1,1,6,-6,1261,1595,124,54,3,-2,127,52,20,100,-246
868,Oct 16 1991,European Championship qual in Czechoslovakia,Czechoslovakia,Albania,1902,1439,2,1,2,-2,1904,1437,10,82,0,0,10,82,30,0,463
869,Oct 16 1991,European Championship qual in England,England,Turkey,1991,1582,1,0,2,-2,1993,1580,3,55,0,0,3,55,20,0,409
870,Oct 16 1991,European Championship qual in Germany,Germany,Wales,2067,1804,4,1,8,-8,2075,1796,1,21,0,-1,1,20,40,100,363
871,Oct 16 1991,European Championship qual in the Netherlands,Netherlands,Portugal,1937,1792,1,0,8,-8,1945,1784,4,25,2,-2,6,23,40,100,245
872,Oct 16 1991,European Championship qual in Northern Ireland,Northern Ireland,Austria,1654,1642,2,1,14,-14,1668,1628,37,49,2,-2,39,47,30,0,12
873,Oct 16 1991,European Championship qual in Poland,Poland,Ireland,1790,1899,3,3,1,-1,1791,1898,20,11,1,0,21,11,40,100,-9
874,Oct 16 1991,European Championship qual in Romania,Romania,Scotland,1800,1766,1,0,13,-13,1813,1753,16,28,2,-1,18,27,40,100,134
875,Oct 16 1991,European Championship qual in Sweden,Yugoslavia,Faroe Islands,1939,1271,2,0,1,-1,1940,1270,9,124,-1,-1,8,123,20,0,668
876,Oct 19 1991,Friendly in the United States,United States,North Korea,1719,1515,1,2,-17,17,1702,1532,35,61,-2,2,33,63,20,100,304
877,Oct 30 1991,Friendly in Brazil,Brazil,Yugoslavia,1943,1940,3,1,11,-11,1954,1929,5,8,1,0,6,8,20,100,103
878,Oct 30 1991,European Championship qual in Greece,Greece,Finland,1684,1629,2,0,17,-17,1701,1612,35,52,0,-3,35,49,40,100,155
879,Oct 30 1991,European Championship qual in Hungary,Hungary,Norway,1743,1699,0,0,-8,8,1735,1707,31,32,-1,1,30,33,40,100,144
880,Oct 31 1991,CEDEAO Cup in Ivory Coast,Ivory Coast,Nigeria,1671,1645,2,0,20,-20,1691,1625,34,50,2,-3,36,47,40,100,126
881,Oct 31 1991,CEDEAO Cup in Ivory Coast,Senegal,Ghana,1559,1523,3,2,18,-18,1577,1505,56,69,1,-2,57,67,40,0,36
882,Nov 2 1991,CEDEAO Cup in Ivory Coast,Ghana,Nigeria,1505,1625,1,0,27,-27,1532,1598,59,51,4,-2,63,49,40,0,-120
883,Nov 2 1991,CEDEAO Cup in Ivory Coast,Ivory Coast,Senegal,1691,1577,1,0,9,-9,1700,1568,36,57,0,0,36,57,40,100,214
884,Nov 9 1991,Friendly in Tanzania,Tanzania,Kenya,1323,1424,1,1,0,0,1323,1424,114,88,0,0,114,88,20,100,-1
885,Nov 13 1991,European Championship qual in Austria,Austria,Yugoslavia,1628,1929,0,2,-14,14,1614,1943,49,8,-2,0,47,8,40,100,-201
886,Nov 13 1991,European Championship qual in Cyprus,Cyprus,Soviet Union,1261,1919,0,3,-3,3,1258,1922,132,9,-2,0,130,9,40,100,-558
887,Nov 13 1991,European Championship qual in Denmark,Denmark,Northern Ireland,1878,1668,2,1,6,-6,1884,1662,11,41,1,-1,12,40,40,100,310
888,Nov 13 1991,European Championship qual in Italy,Italy,Norway,1986,1707,1,1,-16,16,1970,1723,6,29,-1,2,5,31,40,100,379
889,Nov 13 1991,European Championship qual in Poland,Poland,England,1791,1993,1,1,6,-6,1797,1987,19,3,1,0,20,3,40,100,-102
890,Nov 13 1991,European Championship qual in Romania,Romania,Switzerland,1813,1788,1,0,13,-13,1826,1775,18,26,0,-2,18,24,40,100,125
891,Nov 13 1991,European Championship qual in Scotland,Scotland,San Marino,1753,1000,4,0,1,-1,1754,999,27,176,0,0,27,176,30,0,753
892,Nov 13 1991,European Championship qual in Spain,Spain,Czechoslovakia,1806,1904,2,1,20,-20,1826,1884,17,14,1,-2,18,12,40,100,2
893,Nov 13 1991,European Championship qual in Turkey,Turkey,Ireland,1580,1898,1,3,-13,13,1567,1911,59,9,-2,1,57,10,40,100,-218
894,Nov 13 1991,European Championship qual in Wales,Wales,Luxembourg,1796,1174,1,0,1,-1,1797,1173,20,153,0,-2,20,151,20,0,622
895,Nov 15 1991,Baltic Cup in Lithuania,Lithuania,Estonia,1145,1232,4,1,25,-25,1170,1207,151,146,1,-6,152,140,30,100,13
896,Nov 16 1991,Baltic Cup in Lithuania,Latvia,Estonia,1415,1207,2,0,10,-10,1425,1197,87,148,2,-4,89,144,30,0,208
897,Nov 16 1991,Friendly in Tanzania,Tanzania,Kenya,1323,1424,1,2,-10,10,1313,1434,118,82,-2,3,116,85,20,100,-1
898,Nov 17 1991,Baltic Cup in Lithuania,Lithuania,Latvia,1170,1425,1,1,6,-6,1176,1419,146,91,3,-1,149,90,20,0,-255
899,Nov 20 1991,European Championship qual in Belgium,Belgium,Germany,1831,2075,0,1,-12,12,1819,2087,23,1,-4,0,19,1,40,100,-144
900,Nov 20 1991,European Championship qual in Bulgaria,Bulgaria,Romania,1738,1826,1,1,-1,1,1737,1827,29,14,0,2,29,16,30,100,12
901,Nov 20 1991,European Championship qual in France,France,Iceland,2006,1595,3,1,3,-3,2009,1592,2,54,0,-1,2,53,20,0,411
902,Nov 20 1991,Friendly in Mexico,Mexico,Uruguay,1830,1838,1,1,-3,3,1827,1841,16,14,0,0,16,14,20,100,92
903,Nov 20 1991,European Championship qual in Portugal,Portugal,Greece,1784,1701,1,0,10,-10,1794,1691,22,37,0,-1,22,36,40,100,183
904,Nov 22 1991,Amilcar Cabral Cup in Senegal,Cape Verde,Guinea-Bissau,1279,1344,2,1,24,-24,1303,1320,114,117,4,-4,118,113,40,0,-65
905,Nov 23 1991,Amilcar Cabral Cup in Senegal,Gambia,Mali,1209,1391,1,0,30,-30,1239,1361,127,111,6,-7,133,104,40,0,-182
906,Nov 23 1991,Friendly in Ivory Coast,Ivory Coast,Niger,1700,1374,5,2,3,-3,1703,1371,33,101,1,1,34,102,20,100,426
907,Nov 23 1991,CECAFA Cup in Uganda,Zambia,Kenya,1591,1434,1,0,12,-12,1603,1422,44,91,5,-3,49,88,40,0,157
908,Nov 24 1991,Amilcar Cabral Cup in Senegal,Senegal,Guinea-Bissau,1568,1320,4,0,9,-9,1577,1311,56,119,0,-3,56,116,40,100,348
909,Nov 24 1991,Amilcar Cabral Cup in Senegal,Sierra Leone,Guinea,1406,1453,1,0,23,-23,1429,1430,78,89,8,-4,86,85,40,0,-47
910,Nov 24 1991,CECAFA Cup in Uganda,Sudan,Tanzania,1432,1313,1,1,-7,7,1425,1320,90,110,-2,3,88,113,40,0,119
911,Nov 24 1991,Friendly in the United States,United States,Costa Rica,1702,1579,1,1,-6,6,1696,1585,35,55,0,0,35,55,20,100,223
912,Nov 25 1991,CECAFA Cup in Uganda,Malawi,Zanzibar,1360,1141,1,0,9,-9,1369,1132,103,159,1,-2,104,157,40,0,219
913,Nov 25 1991,Southeast Asian Games in the Philippines,Singapore,Thailand,1232,1308,0,0,4,-4,1236,1304,135,117,0,0,135,117,40,0,-76
914,Nov 26 1991,Amilcar Cabral Cup in Senegal,Gambia,Guinea,1239,1430,0,0,10,-10,1249,1420,129,93,2,-4,131,89,40,0,-191
915,Nov 26 1991,Southeast Asian Games in the Philippines,Indonesia,Malaysia,1205,1261,2,0,35,-35,1240,1226,125,148,8,-10,133,138,40,0,-56
916,Nov 26 1991,Amilcar Cabral Cup in Senegal,Mali,Sierra Leone,1361,1429,1,1,4,-4,1365,1425,105,86,0,0,105,86,40,0,-68
917,Nov 26 1991,Southeast Asian Games in the Philippines,Philippines,Vietnam,813,1207,2,2,14,-14,827,1193,193,152,0,-6,193,146,40,100,-294
918,Nov 27 1991,Friendly in the United States,Costa Rica,Mexico,1585,1827,1,1,6,-6,1591,1821,55,20,0,-2,55,18,20,0,-242
919,Nov 27 1991,Friendly in Malta,Malta,Libya,1371,1566,2,0,19,-19,1390,1547,92,60,5,-1,97,59,20,100,-95
920,Nov 27 1991,Amilcar Cabral Cup in Senegal,Senegal,Cape Verde,1577,1303,0,0,-16,16,1561,1319,58,112,-1,3,57,115,40,100,374
921,Nov 27 1991,Southeast Asian Games in the Philippines,Thailand,Myanmar,1304,1149,4,0,22,-22,1326,1127,109,165,4,-6,113,159,40,0,155
922,Nov 27 1991,Friendly in Tunisia,Tunisia,Ivory Coast,1518,1703,5,3,19,-19,1537,1684,56,38,5,-2,61,36,20,100,-85
923,Nov 27 1991,CECAFA Cup in Uganda,Uganda,Sudan,1494,1425,2,0,16,-16,1510,1409,66,100,1,-7,67,93,40,100,169
924,Nov 27 1991,CECAFA Cup in Uganda,Zambia,Zanzibar,1603,1132,3,2,2,-2,1605,1130,49,159,0,-1,49,158,30,0,471
925,Nov 28 1991,Amilcar Cabral Cup in Senegal,Gambia,Sierra Leone,1249,1425,0,0,9,-9,1258,1416,127,94,2,-4,129,90,40,0,-176
926,Nov 28 1991,Southeast Asian Games in the Philippines,Indonesia,Vietnam,1240,1193,1,0,17,-17,1257,1176,129,150,2,-2,131,148,40,0,47
927,Nov 28 1991,CECAFA Cup in Uganda,Kenya,Malawi,1422,1369,1,0,17,-17,1439,1352,77,110,5,-3,82,107,40,0,53
928,Nov 28 1991,Amilcar Cabral Cup in Senegal,Mali,Guinea,1365,1420,2,0,35,-35,1400,1385,87,108,9,-10,96,98,40,0,-55
929,Nov 28 1991,Southeast Asian Games in the Philippines,Philippines,Malaysia,827,1226,1,0,34,-34,861,1192,193,154,0,-8,193,146,40,100,-299
930,Nov 29 1991,Southeast Asian Games in the Philippines,Singapore,Myanmar,1236,1127,2,1,14,-14,1250,1113,131,161,2,-1,133,160,40,0,109
931,Nov 30 1991,Amilcar Cabral Cup in Senegal,Cape Verde,Sierra Leone,1319,1416,0,0,5,-5,1324,1411,113,90,1,0,114,90,40,0,-97
932,Nov 30 1991,CECAFA Cup in Uganda,Kenya,Zanzibar,1439,1130,3,2,6,-6,1445,1124,82,158,0,0,82,158,40,0,309
933,Nov 30 1991,Southeast Asian Games in the Philippines,Malaysia,Vietnam,1192,1176,2,1,19,-19,1211,1157,134,156,6,-4,140,152,40,0,16
934,Nov 30 1991,Southeast Asian Games in the Philippines,Philippines,Indonesia,861,1257,1,2,-6,6,855,1263,193,123,0,4,193,127,40,100,-296
935,Nov 30 1991,Amilcar Cabral Cup in Senegal,Senegal,Gambia,1561,1258,2,0,5,-5,1566,1253,57,135,0,-3,57,132,40,100,403
936,Nov 30 1991,CECAFA Cup in Uganda,Uganda,Tanzania,1510,1320,5,0,13,-13,1523,1307,67,122,0,-4,67,118,40,100,290
937,Dec 1 1991,CECAFA Cup in Uganda,Malawi,Zambia,1352,1605,0,0,12,-12,1364,1593,103,57,2,-4,105,53,40,0,-253
938,Dec 2 1991,Southeast Asian Games in the Philippines,Indonesia,Singapore,1263,1250,0,0,-1,1,1262,1251,129,133,-1,0,128,133,30,0,13
939,Dec 2 1991,Southeast Asian Games in the Philippines,Philippines,Thailand,855,1326,2,6,-8,8,847,1334,193,113,0,0,193,113,40,100,-371
940,Dec 2 1991,Amilcar Cabral Cup in Senegal,Senegal,Cape Verde,1566,1324,1,0,5,-5,1571,1319,55,114,1,0,56,114,40,100,342
941,Dec 3 1991,Friendly in Egypt,Egypt,Poland,1648,1797,4,0,21,-21,1669,1776,36,26,3,-3,39,23,20,100,-49
942,Dec 4 1991,European Championship qual in Greece,Greece,Netherlands,1691,1945,0,2,-18,18,1673,1963,41,5,-3,1,38,6,40,100,-154
943,Dec 4 1991,Southeast Asian Games in the Philippines,Indonesia,Thailand,1262,1334,0,0,4,-4,1266,1330,126,113,1,0,127,113,40,0,-72
944,Dec 4 1991,Friendly in Mexico,Mexico,Hungary,1821,1735,3,0,9,-9,1830,1726,12,30,3,0,15,30,20,100,186
945,Dec 4 1991,Friendly in Morocco,Morocco,Mali,1596,1400,3,0,5,-5,1601,1395,47,96,2,0,49,96,20,100,296
946,Dec 4 1991,Southeast Asian Games in the Philippines,Philippines,Singapore,847,1251,0,2,-9,9,838,1260,193,125,0,4,193,129,40,100,-304
947,Dec 4 1991,CECAFA Cup in Uganda,Uganda,Kenya,1523,1445,1,3,-44,44,1479,1489,83,62,-8,10,75,72,40,100,178
948,Dec 5 1991,Friendly in Egypt,Egypt,Poland,1669,1776,0,0,0,0,1669,1776,39,23,0,0,39,23,20,100,-7
949,Dec 5 1991,CECAFA Cup in Uganda,Zambia,Sudan,1593,1409,3,2,10,-10,1603,1399,45,98,4,-3,49,95,40,0,184
950,Dec 7 1991,CECAFA Cup in Uganda,Uganda,Sudan,1479,1399,3,1,16,-16,1495,1383,61,101,7,-3,68,98,40,100,180
951,Dec 7 1991,CECAFA Cup in Uganda,Zambia,Kenya,1603,1489,2,0,20,-20,1623,1469,43,84,3,-6,46,78,40,0,114
952,Dec 8 1991,Friendly in El Salvador,El Salvador,Hungary,1402,1726,1,1,6,-6,1408,1720,90,32,2,-1,92,31,20,100,-224
953,Dec 9 1991,Friendly in Kuwait,Kuwait,Poland,1494,1776,0,2,-8,8,1486,1784,77,21,-4,1,73,22,20,100,-182
954,Dec 16 1991,Friendly in Algeria,Algeria,Senegal,1752,1571,3,1,5,-5,1757,1566,26,58,1,-1,27,57,20,100,281
955,Dec 18 1991,Friendly in Brazil,Brazil,Czechoslovakia,1954,1884,2,1,5,-5,1959,1879,7,14,0,-1,7,13,20,100,170
956,Dec 18 1991,European Championship qual in Germany,Germany,Luxembourg,2087,1173,4,0,0,0,2087,1173,1,151,0,0,1,151,20,0,914
957,Dec 21 1991,Friendly in Egypt,Egypt,Romania,1669,1827,3,1,17,-17,1686,1810,31,21,4,-2,35,19,20,100,-58
958,Dec 21 1991,European Championship qual in Italy,Italy,Cyprus,1970,1258,2,0,1,-1,1971,1257,5,131,0,0,5,131,30,0,712
959,Dec 22 1991,South Asian Games in Sri Lanka,India,Pakistan,1133,993,0,0,-8,8,1125,1001,159,175,-2,1,157,176,40,0,140
960,Dec 22 1991,European Championship qual in Malta,Malta,Greece,1390,1673,1,1,10,-10,1400,1663,94,41,1,-1,95,40,30,0,-283
961,Dec 22 1991,South Asian Games in Sri Lanka,Sri Lanka,Nepal,875,878,2,2,-5,5,870,883,190,187,0,0,190,187,40,100,97
962,Dec 24 1991,Friendly in Egypt,Egypt,Romania,1686,1810,1,1,1,-1,1687,1809,35,19,0,0,35,19,20,100,-24
963,Dec 24 1991,South Asian Games in Sri Lanka,Maldives,Nepal,726,883,1,0,28,-28,754,855,192,197,2,-5,194,192,40,0,-157
964,Dec 24 1991,South Asian Games in Sri Lanka,Pakistan,Bangladesh,1001,1065,1,0,24,-24,1025,1041,172,177,2,-4,174,173,40,0,-64
965,Dec 25 1991,Friendly in Tunisia,Tunisia,Cameroon,1537,1680,2,2,1,-1,1538,1679,61,37,0,0,61,37,20,100,-43
966,Dec 26 1991,South Asian Games in Sri Lanka,Bangladesh,India,1041,1125,2,1,25,-25,1066,1100,165,169,4,-6,169,163,40,0,-84
967,Dec 26 1991,Friendly in Morocco,Morocco,Algeria,1601,1757,1,1,2,-2,1603,1755,50,27,0,0,50,27,20,100,-56
968,Dec 26 1991,South Asian Games in Sri Lanka,Sri Lanka,Maldives,870,754,0,1,-31,31,839,785,195,194,-3,0,192,194,40,100,216
969,Dec 28 1991,South Asian Games in Sri Lanka,Bangladesh,Nepal,1066,855,2,0,14,-14,1080,841,167,191,1,0,168,191,40,0,211
970,Dec 29 1991,South Asian Games in Sri Lanka,Pakistan,Maldives,1025,785,2,0,12,-12,1037,773,174,194,0,0,174,194,40,0,240
971,Dec 30 1991,Friendly in Malawi,Malawi,Zambia,1364,1623,0,2,-9,9,1355,1632,109,44,-2,1,107,45,20,100,-159
972,1992,Friendly in Syria,Syria,Jordan,1478,1269,1,0,3,-3,1481,1266,75,127,0,-1,75,126,20,100,309
973,Jan 1992,Friendly in Guyana,Guyana,Barbados,1193,1339,0,2,-13,13,1180,1352,156,99,-5,6,151,105,20,100,-46
974,Jan 1992,Friendly in Guyana,Guyana,Barbados,1180,1352,0,2,-12,12,1168,1364,156,99,-5,6,151,105,20,100,-72
975,Jan 4 1992,Friendly in Egypt,Egypt,Czechoslovakia,1687,1879,2,0,19,-19,1706,1860,33,13,1,0,34,13,20,100,-92
976,Jan 5 1992,Friendly in Zaire,Zaire,Ivory Coast,1532,1684,2,0,17,-17,1549,1667,52,40,6,-2,58,38,20,100,-52
977,Jan 7 1992,Friendly in Egypt,Egypt,Norway,1706,1723,0,0,-2,2,1704,1725,34,30,0,0,34,30,20,100,83
978,Jan 9 1992,Friendly in Qatar,Qatar,Thailand,1475,1330,1,1,-6,6,1469,1336,77,111,0,1,77,112,20,100,245
979,Jan 12 1992,African Nations Cup in Senegal,Cameroon,Morocco,1679,1603,1,0,20,-20,1699,1583,34,60,1,-5,35,55,50,0,76
980,Jan 12 1992,Friendly in Qatar,Qatar,Thailand,1469,1336,4,0,8,-8,1477,1328,75,114,1,-1,76,113,20,100,233
981,Jan 12 1992,African Nations Cup in Senegal,Senegal,Nigeria,1566,1598,1,2,-30,30,1536,1628,67,41,-5,5,62,46,50,100,68
982,Jan 13 1992,African Nations Cup in Senegal,Ivory Coast,Algeria,1667,1755,3,0,55,-55,1722,1700,22,41,8,-7,30,34,50,0,-88
983,Jan 13 1992,African Nations Cup in Senegal,Zambia,Egypt,1632,1704,1,0,30,-30,1662,1674,37,42,4,-4,41,38,50,0,-72
984,Jan 14 1992,African Nations Cup in Senegal,Morocco,Zaire,1583,1549,1,1,-2,2,1581,1551,55,57,0,0,55,57,40,0,34
985,Jan 14 1992,African Nations Cup in Senegal,Nigeria,Kenya,1628,1469,2,1,14,-14,1642,1455,44,82,1,-2,45,80,50,0,159
986,Jan 15 1992,African Nations Cup in Senegal,Congo,Ivory Coast,1491,1722,0,0,15,-15,1506,1707,65,36,3,-3,68,33,50,0,-231
987,Jan 15 1992,African Nations Cup in Senegal,Ghana,Zambia,1532,1662,1,0,34,-34,1566,1628,49,51,8,-5,57,46,50,0,-130
988,Jan 15 1992,Friendly in Portugal,Portugal,Spain,1794,1826,0,0,-2,2,1792,1828,21,17,0,0,21,17,20,100,68
989,Jan 16 1992,African Nations Cup in Senegal,Cameroon,Zaire,1699,1551,1,1,-10,10,1689,1561,37,58,-1,0,36,58,50,0,148
990,Jan 16 1992,African Nations Cup in Senegal,Senegal,Kenya,1536,1455,3,0,23,-23,1559,1432,55,90,4,-5,59,85,50,100,181
991,Jan 17 1992,African Nations Cup in Senegal,Algeria,Congo,1700,1506,1,1,-13,13,1687,1519,38,66,-2,1,36,67,50,0,194
992,Jan 17 1992,African Nations Cup in Senegal,Ghana,Egypt,1566,1674,1,0,33,-33,1599,1641,45,50,6,-6,51,44,50,0,-108
993,Jan 19 1992,African Nations Cup in Senegal,Nigeria,Zaire,1642,1561,1,0,19,-19,1661,1542,41,62,1,-2,42,60,50,0,81
994,Jan 19 1992,African Nations Cup in Senegal,Senegal,Cameroon,1559,1689,0,1,-23,23,1536,1712,67,31,-4,2,63,33,50,100,-30
995,Jan 20 1992,African Nations Cup in Senegal,Ghana,Congo,1599,1519,2,1,19,-19,1618,1500,45,69,3,-1,48,68,50,0,80
996,Jan 20 1992,African Nations Cup in Senegal,Ivory Coast,Zambia,1707,1628,1,0,19,-19,1726,1609,24,56,5,-5,29,51,50,0,79
997,Jan 23 1992,African Nations Cup in Senegal,Cameroon,Ivory Coast,1712,1726,0,0,1,-1,1713,1725,34,29,0,0,34,29,30,0,-14
998,Jan 23 1992,African Nations Cup in Senegal,Ghana,Nigeria,1618,1661,2,1,28,-28,1646,1633,38,50,5,-4,43,46,50,0,-43
999,Jan 25 1992,African Nations Cup in Senegal,Nigeria,Cameroon,1633,1713,2,1,31,-31,1664,1682,32,38,7,-2,39,36,50,0,-80
1000,Jan 25 1992,Friendly in the United States,United States,Comm of Indep States,1696,1922,0,1,-7,7,1689,1929,33,9,1,0,34,9,20,100,-126
1001,Jan 26 1992,Friendly in Australia,Australia,Sweden,1676,1829,0,0,2,-2,1678,1827,37,18,0,-1,37,17,20,100,-53
1002,Jan 26 1992,African Nations Cup in Senegal,Ghana,Ivory Coast,1646,1725,0,0,6,-6,1652,1719,42,33,1,-2,43,31,50,0,-79
1003,Jan 29 1992,Friendly in Albania,Albania,Greece,1437,1663,1,0,13,-13,1450,1650,82,46,0,-3,82,43,20,100,-126
1004,Jan 29 1992,Friendly in Australia,Australia,Sweden,1678,1827,1,0,11,-11,1689,1816,31,19,3,-1,34,18,20,100,-49
1005,Jan 29 1992,Friendly in El Salvador,El Salvador,Comm of Indep States,1408,1929,0,3,-3,3,1405,1932,94,9,-1,0,93,9,20,100,-421
1006,Jan 29 1992,Friendly in the United Arab Emirates,United Arab Emirates,Switzerland,1437,1775,0,2,-6,6,1431,1781,88,22,-3,1,85,23,20,100,-238
1007,Feb 2 1992,Friendly in Australia,Australia,Sweden,1689,1816,1,0,11,-11,1700,1805,36,20,-1,-1,35,19,20,100,-27
1008,Feb 2 1992,Friendly in the United States,United States,Comm of Indep States,1689,1932,2,1,14,-14,1703,1918,34,9,0,0,34,9,20,100,-143
1009,Feb 4 1992,Friendly in Bermuda,Bermuda,Norway,1379,1725,1,3,-6,6,1373,1731,105,29,-2,0,103,29,20,100,-246
1010,Feb 10 1992,Friendly tournament in Malta,Malta,Iceland,1400,1592,1,0,19,-19,1419,1573,81,58,7,-2,88,56,30,100,-92
1011,Feb 12 1992,Friendly in Costa Rica,Costa Rica,United States,1591,1703,0,0,0,0,1591,1703,54,34,0,0,54,34,20,100,-12
1012,Feb 12 1992,Friendly in Greece,Greece,Romania,1650,1809,1,0,12,-12,1662,1797,37,22,3,-2,40,20,20,100,-59
1013,Feb 12 1992,Friendly in Israel,Israel,Comm of Indep States,1621,1918,1,2,-5,5,1616,1923,48,9,0,0,48,9,20,100,-197
1014,Feb 12 1992,Friendly in Portugal,Portugal,Netherlands,1792,1963,2,0,18,-18,1810,1945,15,8,3,-1,18,7,20,100,-71
1015,Feb 12 1992,Friendly in Turkey,Turkey,Finland,1567,1612,1,1,-2,2,1565,1614,57,48,0,1,57,49,20,100,55
1016,Feb 18 1992,Friendly in El Salvador,El Salvador,United States,1405,1703,2,0,23,-23,1428,1680,78,40,8,-3,86,37,20,100,-198
1017,Feb 19 1992,Friendly in England,England,France,1987,2009,2,0,12,-12,1999,1997,1,4,1,-1,2,3,20,100,78
1018,Feb 19 1992,Friendly in Ireland,Ireland,Wales,1911,1797,0,1,-15,15,1896,1812,10,16,0,2,10,18,20,100,214
1019,Feb 19 1992,Friendly in Italy,Italy,San Marino,1971,999,4,0,0,0,1971,999,5,177,0,0,5,177,20,0,972
1020,Feb 19 1992,Friendly in Scotland,Scotland,Northern Ireland,1754,1662,1,0,5,-5,1759,1657,27,44,0,-2,27,42,20,100,192
1021,Feb 19 1992,Friendly in Spain,Spain,Comm of Indep States,1828,1923,1,1,0,0,1828,1923,16,9,0,0,16,9,20,100,5
1022,Feb 22 1992,Friendly in Tunisia,Tunisia,Nigeria,1538,1664,1,1,1,-1,1539,1663,62,39,0,0,62,39,20,100,-26
1023,Feb 26 1992,Friendly in Brazil,Brazil,United States,1959,1680,3,0,4,-4,1963,1676,6,37,0,0,6,37,20,100,379
1024,Feb 26 1992,Friendly in Tunisia,Tunisia,Belgium,1539,1819,2,1,15,-15,1554,1804,54,23,4,-3,58,20,20,100,-180
1025,Mar 1 1992,Caribbean Cup qualifier in Saint Lucia,Saint Lucia,Guadeloupe,1291,1356,0,2,-33,33,1258,1389,138,87,-8,10,130,97,40,100,35
1026,Mar 2 1992,Friendly in the United Arab Emirates,United Arab Emirates,Iceland,1431,1573,0,1,-9,9,1422,1582,89,54,-2,1,87,55,20,100,-42
1027,Mar 3 1992,Friendly in Israel,Israel,Cyprus,1616,1257,2,1,1,-1,1617,1256,48,131,0,0,48,131,20,100,459
1028,Mar 3 1992,Caribbean Cup qualifier in Saint Lucia,Saint Lucia,Dominica,1258,1145,1,1,-11,11,1247,1156,136,153,-3,0,133,153,40,100,213
1029,Mar 4 1992,Caribbean Cup qualifier in Barbados,Barbados,Grenada,1364,1341,1,1,-7,7,1357,1348,108,110,-1,0,107,110,40,100,123
1030,Mar 4 1992,Friendly in Costa Rica,Costa Rica,El Salvador,1591,1428,2,0,5,-5,1596,1423,52,87,1,-1,53,86,20,100,263
1031,Mar 4 1992,Caribbean Cup qualifier in Barbados,Netherlands Antilles,St Vincent & Grenadines,1359,1341,2,2,-1,1,1358,1342,105,112,1,-1,106,111,20,0,18
1032,Mar 5 1992,Caribbean Cup qualifier in Saint Lucia,Dominica,Guadeloupe,1156,1389,0,0,12,-12,1168,1377,149,105,2,-4,151,101,40,0,-233
1033,Mar 6 1992,Caribbean Cup qualifier in Barbados,Barbados,Netherlands Antilles,1357,1358,1,0,14,-14,1371,1344,103,114,2,-4,105,110,40,100,99
1034,Mar 6 1992,Caribbean Cup qualifier in Barbados,Grenada,St Vincent & Grenadines,1348,1342,0,0,0,0,1348,1342,108,111,1,0,109,111,20,0,6
1035,Mar 8 1992,Caribbean Cup qualifier in Barbados,Barbados,St Vincent & Grenadines,1371,1342,2,3,-27,27,1344,1369,115,101,-5,5,110,106,40,100,129
1036,Mar 8 1992,Caribbean Cup qualifier in Barbados,Netherlands Antilles,Grenada,1344,1348,1,0,20,-20,1364,1328,104,115,3,-3,107,112,40,0,-4
1037,Mar 11 1992,Friendly in Spain,Spain,United States,1828,1676,2,0,6,-6,1834,1670,14,37,1,0,15,37,20,100,252
1038,Mar 17 1992,Friendly in the United States,El Salvador,Honduras,1423,1665,1,1,6,-6,1429,1659,84,44,1,-3,85,41,20,0,-242
1039,Mar 18 1992,Friendly in Morocco,Morocco,United States,1581,1670,3,1,15,-15,1596,1655,50,47,3,-5,53,42,20,100,11
1040,Mar 21 1992,World Cup qualifier in the Dominican Republic,Dominican Republic,Puerto Rico,1013,909,1,2,-31,31,982,940,180,181,-2,1,178,182,40,100,204
1041,Mar 22 1992,World Cup qualifier in Saint Lucia,Saint Lucia,St Vincent & Grenadines,1247,1369,1,0,21,-21,1268,1348,117,112,8,-3,125,109,40,100,-22
1042,Mar 25 1992,Friendly in Cyprus,Cyprus,Greece,1256,1662,1,3,-4,4,1252,1666,134,36,-1,1,133,37,20,100,-306
1043,Mar 25 1992,Friendly in Czechoslovakia,Czechoslovakia,England,1860,1999,2,2,1,-1,1861,1998,13,2,0,0,13,2,20,100,-39
1044,Mar 25 1992,Friendly in France,France,Belgium,1997,1804,3,3,-7,7,1990,1811,3,16,0,2,3,18,20,100,293
1045,Mar 25 1992,Friendly in Hungary,Hungary,Austria,1720,1614,2,1,5,-5,1725,1609,30,51,0,-1,30,50,20,100,206
1046,Mar 25 1992,Friendly in Ireland,Ireland,Switzerland,1896,1781,2,1,4,-4,1900,1777,10,25,0,-1,10,24,20,100,215
1047,Mar 25 1992,Friendly in Italy,Italy,Germany,1971,2087,1,0,10,-10,1981,2077,5,1,0,0,5,1,20,100,-16
1048,Mar 25 1992,Friendly in Luxembourg,Luxembourg,Turkey,1173,1565,2,3,-3,3,1170,1568,150,57,0,0,150,57,20,100,-292
1049,Mar 25 1992,Friendly in the Netherlands,Netherlands,Yugoslavia,1945,1943,2,0,11,-11,1956,1932,7,8,0,0,7,8,20,100,102
1050,Mar 25 1992,Friendly in Scotland,Scotland,Finland,1759,1614,1,1,-6,6,1753,1620,27,47,0,1,27,48,20,100,245
1051,Mar 28 1992,World Cup qualifier in Puerto Rico,Puerto Rico,Dominican Republic,940,982,1,1,-3,3,937,985,182,178,0,0,182,178,40,100,58
1052,Mar 29 1992,World Cup qualifier in St Vincent & Grenadines,St Vincent & Grenadines,Saint Lucia,1348,1268,3,1,16,-16,1364,1252,103,139,3,-7,106,132,40,100,180
1053,Apr 1 1992,Caribbean Cup qualifier in Sint Maarten,Martinique,Cayman Islands,1418,1050,7,0,10,-10,1428,1040,81,175,5,-2,86,173,40,0,368
1054,Apr 2 1992,Friendly in Canada,Canada,China,1533,1492,5,2,11,-11,1544,1481,57,77,4,-3,61,74,20,100,141
1055,Apr 3 1992,Caribbean Cup qualifier in Sint Maarten,Sint Maarten,Cayman Islands,876,1040,4,2,35,-35,911,1005,180,177,4,-2,184,175,40,100,-64
1056,Apr 4 1992,Friendly in the United States,United States,China,1655,1481,5,0,7,-7,1662,1474,36,80,3,-3,39,77,20,100,274
1057,Apr 5 1992,Caribbean Cup qualifier in Sint Maarten,Sint Maarten,Martinique,911,1428,1,1,17,-17,928,1411,182,96,1,-5,183,91,40,100,-417
1058,Apr 5 1992,Friendly in Togo,Togo,Ghana,1375,1652,1,0,15,-15,1390,1637,92,47,5,-2,97,45,20,100,-177
1059,Apr 8 1992,Caribbean Cup qualifier in Suriname,French Guiana,Guyana,1263,1168,1,1,-5,5,1258,1173,131,149,-2,1,129,150,20,100,195
1060,Apr 8 1992,Friendly in Israel,Israel,Iceland,1617,1582,2,2,-4,4,1613,1586,49,56,0,0,49,56,20,100,135
1061,Apr 8 1992,Friendly in Romania,Romania,Latvia,1797,1419,2,0,2,-2,1799,1417,21,91,0,-1,21,90,20,100,478
1062,Apr 8 1992,Caribbean Cup qualifier in Suriname,Suriname,Aruba,1383,1070,5,0,7,-7,1390,1063,95,169,2,0,97,169,40,100,413
1063,Apr 8 1992,Friendly in Turkey,Turkey,Denmark,1568,1884,2,1,16,-16,1584,1868,57,12,0,0,57,12,20,100,-216
1064,Apr 10 1992,Caribbean Cup qualifier in Suriname,French Guiana,Aruba,1258,1063,2,0,15,-15,1273,1048,115,173,7,-2,122,171,40,0,195
1065,Apr 10 1992,Caribbean Cup qualifier in Suriname,Suriname,Guyana,1390,1173,4,0,10,-10,1400,1163,95,154,1,-2,96,152,40,100,317
1066,Apr 12 1992,Caribbean Cup qualifier in Suriname,Guyana,Aruba,1163,1048,3,0,24,-24,1187,1024,140,175,6,-2,146,173,40,0,115
1067,Apr 12 1992,Friendly in Jamaica,Jamaica,Bermuda,1351,1373,0,0,-2,2,1349,1375,109,102,0,1,109,103,20,100,78
1068,Apr 12 1992,Caribbean Cup qualifier in Suriname,Suriname,French Guiana,1400,1273,3,2,9,-9,1409,1264,92,132,2,-5,94,127,40,100,227
1069,Apr 14 1992,Friendly in Austria,Austria,Lithuania,1609,1176,4,0,2,-2,1611,1174,50,148,0,0,50,148,20,100,533
1070,Apr 15 1992,Caribbean Cup qualifier in Saint Kitts and Nevis,Antigua and Barbuda,Montserrat,1219,592,5,0,2,-2,1221,590,137,204,1,0,138,204,30,0,627
1071,Apr 15 1992,Friendly in Brazil,Brazil,Finland,1963,1620,3,1,2,-2,1965,1618,6,48,0,0,6,48,20,100,443
1072,Apr 15 1992,Caribbean Cup qualifier in Saint Kitts and Nevis,Saint Kitts and Nevis,British Virgin Islands,1196,921,4,0,8,-8,1204,913,140,184,2,0,142,184,40,100,375
1073,Apr 17 1992,Caribbean Cup qualifier in Saint Kitts and Nevis,Antigua and Barbuda,British Virgin Islands,1221,913,2,0,9,-9,1230,904,134,184,2,0,136,184,40,0,308
1074,Apr 17 1992,Caribbean Cup qualifier in Saint Kitts and Nevis,Saint Kitts and Nevis,Montserrat,1204,590,10,0,2,-2,1206,588,140,204,1,0,141,204,30,0,614
1075,Apr 18 1992,Caribbean Cup qualifier in Saint Kitts and Nevis,Saint Kitts and Nevis,Antigua and Barbuda,1206,1230,0,1,-24,24,1182,1254,151,126,-5,5,146,131,40,100,76
1076,Apr 19 1992,World Cup qualifier in Barbados,Barbados,Trinidad and Tobago,1344,1476,1,2,-18,18,1326,1494,116,64,-3,6,113,70,40,100,-32
1077,Apr 19 1992,World Cup qualifier in the Netherlands Antilles,Netherlands Antilles,Antigua and Barbuda,1364,1254,1,1,-11,11,1353,1265,110,123,-2,4,108,127,40,100,210
1078,Apr 19 1992,Asian Cup qualifier in Singapore,Singapore,Malaysia,1260,1211,1,1,-8,8,1252,1219,136,140,-4,0,132,140,40,100,149
1079,Apr 20 1992,Asian Cup qualifier in Singapore,China,Indonesia,1474,1266,2,0,14,-14,1488,1252,67,137,5,-6,72,131,40,0,208
1080,Apr 22 1992,World Cup qualifier in Belgium,Belgium,Cyprus,1811,1252,1,0,1,-1,1812,1251,16,135,1,-2,17,133,20,0,559
1081,Apr 22 1992,Friendly in Czechoslovakia,Czechoslovakia,Germany,1861,2077,1,1,3,-3,1864,2074,13,1,0,0,13,1,20,100,-116
1082,Apr 22 1992,Asian Cup qualifier in Singapore,Singapore,Indonesia,1252,1252,1,2,-26,26,1226,1278,145,113,-7,9,138,122,40,100,100
1083,Apr 22 1992,World Cup qualifier in Spain,Spain,Albania,1834,1450,3,0,4,-4,1838,1446,15,82,0,0,15,82,40,100,484
1084,Apr 22 1992,Friendly in Tunisia,Tunisia,Sweden,1554,1805,0,1,-6,6,1548,1811,60,18,-1,1,59,19,20,100,-151
1085,Apr 23 1992,Asian Cup qualifier in Singapore,China,Malaysia,1488,1219,4,0,13,-13,1501,1206,64,140,4,0,68,140,40,0,269
1086,Apr 25 1992,Asian Cup qualifier in Singapore,Indonesia,Malaysia,1278,1206,1,1,-4,4,1274,1210,122,140,0,0,122,140,40,0,72
1087,Apr 26 1992,World Cup qualifier in Antigua and Barbuda,Antigua and Barbuda,Netherlands Antilles,1265,1353,3,0,34,-34,1299,1319,115,118,6,-5,121,113,40,100,12
1088,Apr 26 1992,World Cup qualifier in Bermuda,Bermuda,Haiti,1375,1315,1,0,11,-11,1386,1304,95,120,4,-2,99,118,40,100,160
1089,Apr 26 1992,World Cup qualifier in Guyana,Guyana,Suriname,1187,1409,1,2,-13,13,1174,1422,149,80,-2,7,147,87,40,100,-122
1090,Apr 26 1992,Asian Cup qualifier in Singapore,Singapore,China,1226,1501,0,1,-11,11,1215,1512,140,66,-1,1,139,67,40,100,-175
1091,Apr 28 1992,World Cup qualifier in Northern Ireland,Northern Ireland,Lithuania,1657,1174,2,2,-19,19,1638,1193,46,143,-2,2,44,145,40,100,583
1092,Apr 28 1992,Friendly in Switzerland,Switzerland,Bulgaria,1777,1737,0,2,-21,21,1756,1758,30,24,-3,2,27,26,20,100,140
1093,Apr 29 1992,Friendly in Austria,Austria,Wales,1611,1812,1,1,3,-3,1614,1809,48,23,1,-3,49,20,20,100,-101
1094,Apr 29 1992,Friendly in the CIS,Comm of Indep States,England,1923,1998,2,2,-1,1,1922,1999,9,2,0,0,9,2,20,100,25
1095,Apr 29 1992,Friendly in Denmark,Denmark,Norway,1868,1731,1,0,4,-4,1872,1727,12,31,0,-1,12,30,20,100,237
1096,Apr 29 1992,Friendly in El Salvador,El Salvador,Costa Rica,1429,1596,1,1,2,-2,1431,1594,87,57,-1,-2,86,55,20,100,-67
1097,Apr 29 1992,Friendly in Ireland,Ireland,United States,1900,1662,4,1,4,-4,1904,1658,10,43,0,-2,10,41,20,100,338
1098,Apr 29 1992,Friendly in Ukraine,Ukraine,Hungary,1600,1725,1,3,-14,14,1586,1739,56,29,0,0,56,29,20,100,-25
1099,Apr 30 1992,Friendly in Uruguay,Uruguay,Brazil,1841,1965,1,0,11,-11,1852,1954,14,8,0,-1,14,7,20,100,-24
1100,May 2 1992,Caribbean Cup qualifier in Anguilla,Anguilla,Cuba,573,1493,0,3,-1,1,572,1494,206,71,0,1,206,72,40,100,-820
1101,May 6 1992,World Cup qualifier in Romania,Romania,Faroe Islands,1799,1270,7,0,2,-2,1801,1268,21,128,0,-1,21,127,20,0,529
1102,May 7 1992,Friendly in Sweden,Sweden,Poland,1811,1784,5,0,13,-13,1824,1771,16,24,1,-1,17,23,20,100,127
1103,May 8 1992,Black Stars Tournament in France,Congo,Haiti,1500,1304,4,1,13,-13,1513,1291,66,127,2,-4,68,123,30,0,196
1104,May 9 1992,Black Stars Tournament in France,Congo,Guadeloupe,1513,1377,1,1,-6,6,1507,1383,72,100,-2,2,70,102,20,100,236
1105,May 9 1992,Caribbean Cup qualifier in Cuba,Cuba,Anguilla,1494,572,5,0,0,0,1494,572,72,206,0,0,72,206,20,0,922
1106,May 9 1992,Asian Cup qualifier in India,India,Pakistan,1100,1037,2,0,17,-17,1117,1020,156,177,4,-2,160,175,40,100,163
1107,May 11 1992,Asian Cup qualifier in India,Iran,Pakistan,1636,1020,7,0,3,-3,1639,1017,42,175,2,0,44,175,40,0,616
1108,May 12 1992,Friendly in Hungary,Hungary,England,1739,1999,0,1,-6,6,1733,2005,29,2,0,0,29,2,20,100,-160
1109,May 13 1992,World Cup qualifier in Greece,Greece,Iceland,1666,1586,1,0,10,-10,1676,1576,37,60,0,-2,37,58,40,100,180
1110,May 13 1992,Asian Cup qualifier in India,India,Iran,1117,1639,0,3,-6,6,1111,1645,164,42,-2,1,162,43,40,100,-422
1111,May 13 1992,Friendly in Norway,Norway,Faroe Islands,1727,1268,2,0,1,-1,1728,1267,30,127,0,0,30,127,20,100,559
1112,May 14 1992,World Cup qualifier in Finland,Finland,Bulgaria,1618,1758,0,3,-31,31,1587,1789,62,18,-7,4,55,22,40,100,-40
1113,May 14 1992,Friendly in Kuwait,Kuwait,Syria,1486,1481,0,0,-3,3,1483,1484,79,75,-2,1,77,76,20,100,105
1114,May 14 1992,Friendly in the United Arab Emirates,United Arab Emirates,Qatar,1422,1477,1,0,9,-9,1431,1468,84,78,2,0,86,78,20,100,45
1115,May 17 1992,Friendly in England,England,Brazil,2005,1954,1,1,-4,4,2001,1958,2,5,0,1,2,6,20,100,151
1116,May 17 1992,Friendly in Qatar,Qatar,Kuwait,1468,1483,0,0,-2,2,1466,1485,80,75,-1,1,79,76,20,100,85
1117,May 17 1992,Friendly in the United Arab Emirates,United Arab Emirates,Syria,1431,1484,2,0,13,-13,1444,1471,82,78,2,-1,84,77,20,100,47
1118,May 17 1992,Friendly in the United States,United States,Scotland,1658,1753,0,1,-10,10,1648,1763,41,26,0,1,41,27,20,100,5
1119,May 19 1992,Friendly in Austria,Austria,Poland,1614,1771,2,4,-13,13,1601,1784,52,22,-2,1,50,23,20,100,-57
1120,May 19 1992,Friendly in Bahrain,Bahrain,Algeria,1382,1687,0,0,5,-5,1387,1682,96,35,4,0,100,35,20,100,-205
1121,May 20 1992,Friendly in Canada,Canada,Scotland,1544,1763,1,3,-10,10,1534,1773,70,23,-4,2,66,25,20,100,-119
1122,May 20 1992,Friendly in Moldova,Moldova,Lithuania,1486,1193,1,1,-8,8,1478,1201,77,140,-1,3,76,143,20,100,393
1123,May 20 1992,World Cup qualifier in Romania,Romania,Wales,1801,1809,5,1,28,-28,1829,1781,13,26,4,-3,17,23,40,100,92
1124,May 20 1992,Friendly in the United Arab Emirates,United Arab Emirates,Syria,1444,1471,0,0,-2,2,1442,1473,84,77,0,0,84,77,20,100,73
1125,May 23 1992,World Cup qualifier in Jamaica,Jamaica,Puerto Rico,1349,937,2,1,2,-2,1351,935,109,183,0,0,109,183,20,0,412
1126,May 24 1992,Friendly tournament in Ethiopia,Ethiopia,Sudan,1420,1383,5,1,18,-18,1438,1365,80,107,5,-2,85,105,30,100,137
1127,May 24 1992,Friendly in Guatemala,Guatemala,Ecuador,1455,1662,1,1,3,-3,1458,1659,81,39,0,0,81,39,20,100,-107
1128,May 24 1992,World Cup qualifier in Haiti,Haiti,Bermuda,1291,1386,2,1,20,-20,1311,1366,111,107,6,-3,117,104,40,100,5
1129,May 24 1992,Asian Cup qualifier in the United Arab Emirates,Kuwait,Bahrain,1485,1387,2,0,22,-22,1507,1365,65,110,5,-5,70,105,40,0,98
1130,May 24 1992,World Cup qualifier in Suriname,Suriname,Guyana,1422,1174,1,1,-15,15,1407,1189,103,145,-7,2,96,147,40,100,348
1131,May 26 1992,World Cup qualifier in Ireland,Ireland,Albania,1904,1446,2,0,2,-2,1906,1444,10,83,0,0,10,83,20,0,458
1132,May 26 1992,Friendly in Malta,Malta,Latvia,1419,1417,1,0,7,-7,1426,1410,90,95,0,-2,90,93,20,100,102
1133,May 26 1992,Friendly tournament in Ethiopia,Nigeria,Sudan,1663,1365,2,1,5,-5,1668,1360,38,109,0,-2,38,107,30,0,298
1134,May 27 1992,Friendly in Costa Rica,Costa Rica,Ecuador,1594,1659,2,1,9,-9,1603,1650,46,41,4,-1,50,40,20,100,35
1135,May 27 1992,Friendly in the Netherlands,Netherlands,Austria,1956,1601,3,2,1,-1,1957,1600,7,52,0,-1,7,51,20,100,455
1136,May 27 1992,Friendly in Poland,Poland,Czechoslovakia,1784,1864,1,0,9,-9,1793,1855,20,13,1,0,21,13,20,100,20
1137,May 27 1992,Friendly in Sweden,Sweden,Hungary,1824,1733,2,1,5,-5,1829,1728,16,29,1,0,17,29,20,100,191
1138,May 27 1992,Friendly in Switzerland,Switzerland,France,1756,1990,2,1,14,-14,1770,1976,24,7,2,-2,26,5,20,100,-134
1139,May 27 1992,Asian Cup qualifier in the United Arab Emirates,United Arab Emirates,Kuwait,1442,1507,3,2,18,-18,1460,1489,78,78,3,-4,81,74,30,0,-65
1140,May 28 1992,Friendly tournament in Ethiopia,Ethiopia,Nigeria,1438,1668,4,1,36,-36,1474,1632,69,54,8,-8,77,46,30,100,-130
1141,May 29 1992,Asian Cup qualifier in Qatar,Qatar,Syria,1466,1473,4,2,22,-22,1488,1451,70,88,5,-5,75,83,40,100,93
1142,May 30 1992,Friendly in Germany,Germany,Turkey,2074,1584,1,0,1,-1,2075,1583,1,57,0,0,1,57,20,0,490
1143,May 30 1992,Friendly tournament in Japan,Japan,Argentina,1375,1982,0,1,-2,2,1373,1984,102,3,0,0,102,3,30,100,-507
1144,May 30 1992,Friendly in the Netherlands,Netherlands,Wales,1957,1781,4,0,6,-6,1963,1775,5,25,1,-1,6,24,20,100,276
1145,May 30 1992,World Cup qualifier in Puerto Rico,Puerto Rico,Jamaica,935,1351,0,1,-6,6,929,1357,183,105,0,2,183,107,40,100,-316
1146,May 30 1992,Asian Cup qualifier in the United Arab Emirates,United Arab Emirates,Bahrain,1460,1365,3,1,15,-15,1475,1350,75,113,3,-4,78,109,40,100,195
1147,May 30 1992,US Cup in the United States,United States,Ireland,1648,1906,3,1,32,-32,1680,1874,34,12,3,-1,37,11,30,100,-158
1148,May 31 1992,US Cup in the United States,Italy,Portugal,1981,1810,0,0,-7,7,1974,1817,6,18,-1,1,5,19,20,100,271
1149,May 31 1992,Asian Cup qualifier in Qatar,Qatar,Oman,1488,1089,4,0,4,-4,1492,1085,73,167,1,0,74,167,40,100,499
1150,May 31 1992,World Cup qualifier in Trinidad and Tobago,Trinidad and Tobago,Barbados,1494,1326,3,0,12,-12,1506,1314,70,119,1,-3,71,116,40,100,268
1151,Jun 1992,Friendly tournament in North Korea,North Korea,Kazakhstan,1532,1600,3,1,20,-20,1552,1580,60,58,0,0,60,58,30,100,32
1152,Jun 1 1992,Friendly tournament in Kazakhstan,Kazakhstan,Turkmenistan,1580,1500,1,0,8,-8,1588,1492,55,75,0,0,55,75,20,0,80
1153,Jun 2 1992,Friendly in Germany,Germany,Northern Ireland,2075,1638,1,1,-9,9,2066,1647,1,38,0,3,1,41,20,0,437
1154,Jun 2 1992,Asian Cup qualifier in Qatar,Syria,Oman,1451,1085,1,0,4,-4,1455,1081,85,171,0,-1,85,170,40,0,366
1155,Jun 3 1992,World Cup qualifier in Albania,Albania,Lithuania,1444,1201,1,0,5,-5,1449,1196,87,149,0,-2,87,147,40,100,343
1156,Jun 3 1992,Friendly tournament in Japan,Argentina,Wales,1984,1775,1,0,7,-7,1991,1768,3,28,0,-2,3,26,30,0,209
1157,Jun 3 1992,Friendly in Denmark,Denmark,Comm of Indep States,1872,1922,1,1,-1,1,1871,1923,12,9,0,0,12,9,20,100,50
1158,Jun 3 1992,Friendly in Estonia,Estonia,Slovenia,1197,1595,1,1,7,-7,1204,1588,143,56,2,-1,145,55,20,100,-298
1159,Jun 3 1992,World Cup qualifier in the Faroe Islands,Faroe Islands,Belgium,1267,1812,0,3,-5,5,1262,1817,133,18,-2,1,131,19,40,100,-445
1160,Jun 3 1992,Friendly in Finland,Finland,England,1587,2001,1,2,-3,3,1584,2004,60,2,-2,0,58,2,20,100,-314
1161,Jun 3 1992,Asian Cup qualifier in North Korea,Hong Kong,Macao,1257,1022,2,2,-12,12,1245,1034,139,174,-3,1,136,175,40,0,235
1162,Jun 3 1992,World Cup qualifier in Hungary,Hungary,Iceland,1728,1576,1,2,-32,32,1696,1608,41,41,-6,9,35,50,40,100,252
1163,Jun 3 1992,Asian Cup qualifier in North Korea,North Korea,Taiwan,1552,1131,6,0,4,-4,1556,1127,60,159,0,0,60,159,40,100,521
1164,Jun 3 1992,Friendly in Norway,Norway,Scotland,1728,1773,0,0,-2,2,1726,1775,29,23,0,1,29,24,20,100,55
1165,Jun 3 1992,US Cup in the United States,United States,Portugal,1680,1817,1,0,17,-17,1697,1800,31,21,3,-1,34,20,30,100,-37
1166,Jun 4 1992,US Cup in the United States,Italy,Ireland,1974,1874,2,0,16,-16,1990,1858,3,13,1,-1,4,12,30,0,100
1167,Jun 5 1992,Friendly in France,France,Netherlands,1976,1963,1,1,-3,3,1973,1966,5,6,0,0,5,6,20,100,113
1168,Jun 5 1992,Asian Cup qualifier in North Korea,Hong Kong,Taiwan,1245,1127,0,0,-7,7,1238,1134,138,157,-1,1,137,158,40,0,118
1169,Jun 5 1992,Asian Cup qualifier in North Korea,North Korea,Macao,1556,1034,2,0,2,-2,1558,1032,60,175,0,0,60,175,30,0,522
1170,Jun 6 1992,US Cup in the United States,United States,Italy,1697,1990,1,1,8,-8,1705,1982,32,4,1,0,33,4,30,100,-193
1171,Jun 7 1992,Friendly in Guatemala,Guatemala,Nicaragua,1458,976,7,1,1,-1,1459,975,82,182,1,0,83,182,20,100,582
1172,Jun 7 1992,US Cup in the United States,Ireland,Portugal,1858,1800,2,0,19,-19,1877,1781,10,24,1,-2,11,22,30,0,58
1173,Jun 7 1992,Friendly tournament in Japan,Japan,Wales,1373,1768,0,1,-5,5,1368,1773,106,24,-1,1,105,25,30,100,-295
1174,Jun 7 1992,Asian Cup qualifier in North Korea,Macao,Taiwan,1032,1134,2,0,39,-39,1071,1095,169,178,3,-10,172,168,40,0,-102
1175,Jun 7 1992,World Cup qualifier in New Zealand,New Zealand,Fiji,1510,1462,3,0,21,-21,1531,1441,68,91,1,-4,69,87,40,100,148
1176,Jun 7 1992,Asian Cup qualifier in North Korea,North Korea,Hong Kong,1558,1238,0,0,-17,17,1541,1255,68,129,-4,4,64,133,40,100,420
1177,Jun 10 1992,European Championship in Sweden,Sweden,France,1829,1973,1,1,3,-3,1832,1970,15,5,1,0,16,5,40,100,-44
1178,Jun 11 1992,European Championship in Sweden,Denmark,England,1871,2004,0,0,9,-9,1880,1995,10,2,1,0,11,2,50,0,-133
1179,Jun 12 1992,European Championship in Sweden,Comm of Indep States,Germany,1923,2066,1,1,10,-10,1933,2056,7,1,1,0,8,1,50,0,-143
1180,Jun 12 1992,European Championship in Sweden,Netherlands,Scotland,1966,1775,1,0,12,-12,1978,1763,4,32,1,-4,5,28,50,0,191
1181,Jun 13 1992,Friendly tournament in Canada,Canada,Hong Kong,1534,1255,3,1,5,-5,1539,1250,64,139,2,-3,66,136,20,0,279
1182,Jun 13 1992,Friendly in the United States,United States,Australia,1705,1700,0,1,-13,13,1692,1713,37,32,-2,1,35,33,20,100,105
1183,Jun 14 1992,World Cup qualifier in Antigua and Barbuda,Antigua and Barbuda,Bermuda,1299,1366,0,3,-38,38,1261,1404,138,94,-7,6,131,100,40,100,33
1184,Jun 14 1992,European Championship in Sweden,England,France,1995,1970,0,0,-2,2,1993,1972,2,6,0,0,2,6,50,0,25
1185,Jun 14 1992,Friendly in Gabon,Gabon,Togo,1408,1390,1,0,7,-7,1415,1383,89,105,4,-2,93,103,20,100,118
1186,Jun 14 1992,African Nations Cup qualifier in Guinea-Bissau,Guinea-Bissau,Cape Verde,1311,1319,3,1,22,-22,1333,1297,107,131,6,-8,113,123,40,100,92
1187,Jun 14 1992,African Nations Cup qualifier in Lesotho,Lesotho,Botswana,1141,1118,0,0,-7,7,1134,1125,157,158,0,1,157,159,40,100,123
1188,Jun 14 1992,European Championship in Sweden,Sweden,Denmark,1832,1880,1,0,21,-21,1853,1859,12,13,2,-1,14,12,50,100,52
1189,Jun 15 1992,European Championship in Sweden,Comm of Indep States,Netherlands,1933,1978,0,0,3,-3,1936,1975,8,5,0,0,8,5,40,0,-45
1190,Jun 15 1992,European Championship in Sweden,Germany,Scotland,2056,1763,2,0,12,-12,2068,1751,1,28,0,0,1,28,50,0,293
1191,Jun 16 1992,World Cup qualifier in the Faroe Islands,Faroe Islands,Cyprus,1262,1251,0,2,-39,39,1223,1290,150,115,-10,10,140,125,40,100,111
1192,Jun 17 1992,European Championship in Sweden,Denmark,France,1859,1972,2,1,33,-33,1892,1939,8,8,2,-1,10,7,50,0,-113
1193,Jun 17 1992,Caribbean Cup in Trinidad and Tobago,Martinique,Suriname,1411,1407,4,1,35,-35,1446,1372,82,114,6,-8,88,106,40,0,4
1194,Jun 17 1992,European Championship in Sweden,Sweden,England,1853,1993,2,1,28,-28,1881,1965,10,8,2,-3,12,5,40,0,-140
1195,Jun 17 1992,Friendly tournament in Tajikistan,Tajikistan,Uzbekistan,1400,1700,2,2,8,-8,1408,1692,99,35,0,0,99,35,30,100,-200
1196,Jun 17 1992,Caribbean Cup in Trinidad and Tobago,Trinidad and Tobago,Antigua and Barbuda,1506,1261,7,0,11,-11,1517,1250,70,141,1,-5,71,136,40,100,345
1197,Jun 18 1992,Friendly in Argentina,Argentina,Australia,1991,1713,2,0,3,-3,1994,1710,4,33,-1,0,3,33,20,100,378
1198,Jun 18 1992,Caribbean Cup in Trinidad and Tobago,Cuba,Guadeloupe,1494,1383,2,0,21,-21,1515,1362,69,114,3,-5,72,109,40,0,111
1199,Jun 18 1992,Caribbean Cup in Trinidad and Tobago,Jamaica,St Vincent & Grenadines,1357,1364,2,0,31,-31,1388,1333,95,119,8,-5,103,114,40,0,-7
1200,Jun 18 1992,European Championship in Sweden,Netherlands,Germany,1975,2068,3,1,47,-47,2022,2021,-2,3,3,-1,1,2,50,0,-93
1201,Jun 18 1992,European Championship in Sweden,Scotland,Comm of Indep States,1751,1936,3,0,65,-65,1816,1871,12,18,8,-5,20,13,50,0,-185
1202,Jun 19 1992,Caribbean Cup in Trinidad and Tobago,Antigua and Barbuda,Suriname,1250,1372,1,1,7,-7,1257,1365,132,110,2,-2,134,108,40,0,-122
1203,Jun 19 1992,Asian Cup qualifier in Thailand,South Korea,Bangladesh,1715,1080,6,0,2,-2,1717,1078,31,173,0,0,31,173,30,0,635
1204,Jun 19 1992,Caribbean Cup in Trinidad and Tobago,Trinidad and Tobago,Martinique,1517,1446,2,1,11,-11,1528,1435,71,90,0,-1,71,89,40,100,171
1205,Jun 20 1992,Caribbean Cup in Trinidad and Tobago,Cuba,St Vincent & Grenadines,1515,1333,1,0,10,-10,1525,1323,72,120,0,-3,72,117,40,0,182
1206,Jun 20 1992,Caribbean Cup in Trinidad and Tobago,Jamaica,Guadeloupe,1388,1362,1,0,19,-19,1407,1343,97,115,3,-3,100,112,40,0,26
1207,Jun 20 1992,Friendly in Mozambique,Mozambique,Swaziland,1335,1196,4,1,7,-7,1342,1189,113,151,0,-1,113,150,20,100,239
1208,Jun 21 1992,Friendly in Gabon,Gabon,Burundi,1415,1269,0,1,-16,16,1399,1285,109,126,-7,2,102,128,20,100,246
1209,Jun 21 1992,Caribbean Cup in Trinidad and Tobago,Martinique,Antigua and Barbuda,1435,1257,4,1,18,-18,1453,1239,83,142,3,-4,86,138,40,0,178
1210,Jun 21 1992,European Championship in Sweden,Sweden,Germany,1881,2021,2,3,-22,22,1859,2043,15,0,-2,1,13,1,50,100,-40
1211,Jun 21 1992,Asian Cup qualifier in Thailand,Thailand,South Korea,1328,1717,2,1,34,-34,1362,1683,101,41,7,-5,108,36,40,100,-289
1212,Jun 21 1992,Caribbean Cup in Trinidad and Tobago,Trinidad and Tobago,Suriname,1528,1365,1,0,7,-7,1535,1358,67,112,2,-2,69,110,40,100,263
1213,Jun 21 1992,Friendly in Uruguay,Uruguay,Australia,1852,1710,2,0,6,-6,1858,1704,13,31,1,1,14,32,20,100,242
1214,Jun 22 1992,Caribbean Cup in Trinidad and Tobago,Cuba,Jamaica,1525,1407,0,0,-7,7,1518,1414,72,91,0,4,72,95,40,0,118
1215,Jun 22 1992,European Championship in Sweden,Denmark,Netherlands,1892,2022,2,2,9,-9,1901,2013,9,2,0,0,9,2,50,0,-130
1216,Jun 22 1992,Caribbean Cup in Trinidad and Tobago,Guadeloupe,St Vincent & Grenadines,1343,1323,1,0,19,-19,1362,1304,103,127,5,-5,108,122,40,0,20
1217,Jun 23 1992,Asian Cup qualifier in Thailand,Thailand,Bangladesh,1362,1078,1,0,4,-4,1366,1074,108,173,0,0,108,173,40,100,384
1218,Jun 24 1992,Caribbean Cup in Trinidad and Tobago,Jamaica,Martinique,1414,1453,1,0,22,-22,1436,1431,83,98,6,-6,89,92,40,0,-39
1219,Jun 24 1992,Caribbean Cup in Trinidad and Tobago,Trinidad and Tobago,Cuba,1535,1518,1,0,14,-14,1549,1504,53,76,8,-2,61,74,30,0,17
1220,Jun 26 1992,Caribbean Cup in Trinidad and Tobago,Cuba,Martinique,1504,1431,1,1,-4,4,1500,1435,74,86,0,3,74,89,40,0,73
1221,Jun 26 1992,European Championship in Sweden,Denmark,Germany,1901,2043,2,0,52,-52,1953,1991,5,5,2,-2,7,3,50,0,-142
1222,Jun 26 1992,Friendly tournament in Sudan,Sudan,Eritrea,1360,1200,1,1,-10,10,1350,1210,112,145,0,0,112,145,30,100,260
1223,Jun 26 1992,Caribbean Cup in Trinidad and Tobago,Trinidad and Tobago,Jamaica,1549,1436,3,1,14,-14,1563,1422,61,101,0,-6,61,95,40,100,213
1224,Jun 27 1992,Friendly in the United States,United States,Ukraine,1692,1586,0,0,-5,5,1687,1591,36,54,-1,2,35,56,20,100,206
1225,Jun 27 1992,World Cup qualifier in Vanuatu,Vanuatu,New Zealand,1042,1531,1,4,-7,7,1035,1538,178,67,0,2,178,69,40,100,-389
1226,Jun 28 1992,African Nations Cup qualifier in Botswana,Botswana,Lesotho,1125,1134,0,4,-47,47,1078,1181,186,150,-12,5,174,155,40,100,91
1227,Jun 28 1992,African Nations Cup qualifier in Cape Verde,Cape Verde,Guinea-Bissau,1297,1333,1,0,16,-16,1313,1317,117,121,4,-3,121,118,40,100,64
1228,Jun 28 1992,Friendly tournament in China,China,Slovakia,1512,1646,2,3,-14,14,1498,1660,75,41,0,0,75,41,30,100,-34
1229,Jun 28 1992,Friendly tournament in Sudan,Eritrea,Chad,1210,1300,1,0,19,-19,1229,1281,139,134,3,-5,142,129,30,0,-90
1230,Jun 28 1992,Friendly in Honduras,Honduras,Panama,1659,1292,4,0,2,-2,1661,1290,40,126,0,0,40,126,20,100,467
1231,Jun 28 1992,Friendly tournament in Uzbekistan,Uzbekistan,Turkmenistan,1692,1492,2,1,5,-5,1697,1487,32,84,1,-4,33,80,20,0,200
1232,Jun 30 1992,Friendly in Honduras,Honduras,Panama,1661,1290,4,0,2,-2,1663,1288,40,128,0,-1,40,127,20,100,471
1233,Jun 30 1992,Friendly tournament in Sudan,Sudan,Chad,1350,1281,1,0,8,-8,1358,1273,109,131,2,-1,111,130,20,0,69
1234,Jul 1 1992,World Cup qualifier in New Zealand,New Zealand,Vanuatu,1538,1035,8,0,3,-3,1541,1032,64,179,3,0,67,179,40,100,603
1235,Jul 3 1992,Friendly tournament in North Korea,Kazakhstan,Libya,1588,1547,1,0,13,-13,1601,1534,50,79,4,-7,54,72,30,0,41
1236,Jul 4 1992,World Cup qualifier in Bermuda,Bermuda,Antigua and Barbuda,1404,1239,2,1,7,-7,1411,1232,92,141,5,-1,97,140,40,100,265
1237,Jul 4 1992,Friendly in Uruguay,Uruguay,Ecuador,1858,1650,3,1,4,-4,1862,1646,12,46,1,-2,13,44,20,100,308
1238,Jul 5 1992,Friendly in Australia,Australia,Croatia,1704,1892,1,0,12,-12,1716,1880,30,10,1,0,31,10,20,100,-88
1239,Jul 5 1992,Friendly in Guatemala,Guatemala,Poland,1459,1793,2,2,6,-6,1465,1787,85,23,0,-1,85,22,20,100,-234
1240,Jul 5 1992,African Nations Cup qualifier in Guinea-Bissau,Guinea-Bissau,Cape Verde,1317,1313,1,0,14,-14,1331,1299,114,129,2,-4,116,125,40,100,104
1241,Jul 5 1992,World Cup qualifier in Trinidad and Tobago,Trinidad and Tobago,Jamaica,1563,1422,1,2,-32,32,1531,1454,82,78,-10,9,72,87,40,100,241
1242,Jul 6 1992,Friendly in Malawi,Malawi,Zimbabwe,1355,1433,0,0,-1,1,1354,1434,113,92,0,0,113,92,20,100,22
1243,Jul 7 1992,Friendly in South Africa,South Africa,Cameroon,1781,1682,1,0,5,-5,1786,1677,23,39,0,-1,23,38,20,100,199
1244,Jul 8 1992,Friendly in Australia,Australia,Croatia,1716,1880,3,1,18,-18,1734,1862,27,14,2,-2,29,12,20,100,-64
1245,Jul 8 1992,Friendly in Honduras,Honduras,Colombia,1663,1766,1,0,10,-10,1673,1756,40,28,0,0,40,28,20,100,-3
1246,Jul 8 1992,Friendly in Malawi,Malawi,Zimbabwe,1354,1434,0,0,-1,1,1353,1435,113,90,0,1,113,91,20,100,20
1247,Jul 9 1992,Friendly in South Africa,South Africa,Cameroon,1786,1677,1,2,-15,15,1771,1692,27,32,-2,3,25,35,20,100,209
1248,Jul 10 1992,Baltic Cup in Latvia,Latvia,Estonia,1410,1204,2,1,4,-4,1414,1200,95,151,2,-1,97,150,30,100,306
1249,Jul 11 1992,Baltic Cup in Latvia,Estonia,Lithuania,1200,1196,1,1,0,0,1200,1196,150,151,0,0,150,151,20,0,4
1250,Jul 11 1992,Friendly in Malawi,Malawi,Zimbabwe,1353,1435,1,0,9,-9,1362,1426,107,99,3,-4,110,95,20,100,18
1251,Jul 11 1992,World Cup qualifier in the Solomon Islands,Solomon Islands,Tahiti,1237,1488,1,1,8,-8,1245,1480,137,79,1,0,138,79,40,100,-151
1252,Jul 11 1992,Friendly in South Africa,South Africa,Cameroon,1771,1692,2,2,-5,5,1766,1697,29,31,-2,2,27,33,20,100,179
1253,Jul 11 1992,Friendly tournament in Turkmenistan,Turkmenistan,Tajikistan,1487,1408,3,3,-7,7,1480,1415,78,93,1,4,79,97,30,100,179
1254,Jul 12 1992,Friendly in Australia,Australia,Croatia,1734,1862,0,0,1,-1,1735,1861,29,14,0,-1,29,13,20,100,-28
1255,Jul 12 1992,Baltic Cup in Latvia,Latvia,Lithuania,1414,1196,2,3,-26,26,1388,1222,110,139,-6,6,104,145,30,100,318
1256,Jul 12 1992,Friendly in New Caledonia,New Caledonia,Tahiti,1271,1480,0,1,-7,7,1264,1487,133,79,-1,0,132,79,20,100,-109
1257,Jul 13 1992,Friendly in Vanuatu,Vanuatu,Tahiti,1032,1487,2,1,18,-18,1050,1469,177,87,1,-4,178,83,20,100,-355
1258,Jul 16 1992,Friendly tournament in Kazakhstan,Kazakhstan,Uzbekistan,1601,1697,1,0,15,-15,1616,1682,46,41,4,-4,50,37,30,100,4
1259,Jul 19 1992,Friendly in Cameroon,Cameroon,Egypt,1697,1641,0,1,-14,14,1683,1655,37,38,-2,4,35,42,20,100,156
1260,Jul 19 1992,World Cup qualifier in Guatemala,Guatemala,Honduras,1465,1673,0,0,6,-6,1471,1667,81,40,2,0,83,40,40,100,-108
1261,Jul 19 1992,World Cup qualifier in Nicaragua,Nicaragua,El Salvador,975,1431,0,5,-9,9,966,1440,186,89,0,2,186,91,40,100,-356
1262,Jul 20 1992,Friendly in Vanuatu,Vanuatu,Tahiti,1050,1469,1,2,-3,3,1047,1472,180,82,-1,1,179,83,20,100,-319
1263,Jul 22 1992,Friendly in Cameroon,Cameroon,Egypt,1683,1655,0,1,-14,14,1669,1669,43,36,-4,3,39,39,20,100,128
1264,Jul 22 1992,Friendly in New Caledonia,New Caledonia,Tahiti,1264,1472,1,2,-7,7,1257,1479,136,77,-2,3,134,80,20,100,-108
1265,Jul 23 1992,World Cup qualifier in El Salvador,El Salvador,Nicaragua,1440,966,5,1,3,-3,1443,963,89,186,1,0,90,186,30,0,474
1266,Jul 25 1992,Melanesian Cup in Vanuatu,Fiji,Solomon Islands,1441,1245,2,1,10,-10,1451,1235,85,140,3,-1,88,139,40,0,196
1267,Jul 25 1992,Melanesian Cup in Vanuatu,Vanuatu,New Caledonia,1047,1257,0,1,-14,14,1033,1271,179,128,0,3,179,131,40,100,-110
1268,Jul 26 1992,Friendly in El Salvador,El Salvador,Mexico,1443,1830,1,2,-3,3,1440,1833,91,17,0,0,91,17,20,100,-287
1269,Jul 26 1992,World Cup qualifier in Honduras,Honduras,Guatemala,1667,1471,2,0,9,-9,1676,1462,35,86,3,-1,38,85,40,100,296
1270,Jul 26 1992,Friendly in Ivory Coast,Ivory Coast,Egypt,1719,1669,2,0,9,-9,1728,1660,29,43,1,-2,30,41,20,100,150
1271,Jul 27 1992,Melanesian Cup in Vanuatu,Vanuatu,Solomon Islands,1033,1235,1,3,-21,21,1012,1256,183,131,-2,4,181,135,40,100,-102
1272,Jul 28 1992,Melanesian Cup in Vanuatu,Fiji,New Caledonia,1451,1271,2,2,-10,10,1441,1281,92,127,-2,2,90,129,30,100,280
1273,Jul 28 1992,Friendly in Ivory Coast,Ivory Coast,Egypt,1728,1660,2,2,-4,4,1724,1664,32,41,-1,0,31,41,20,100,168
1274,Jul 30 1992,Melanesian Cup in Vanuatu,New Caledonia,Solomon Islands,1281,1256,1,0,19,-19,1300,1237,121,143,4,-4,125,139,40,0,25
1275,Jul 30 1992,Melanesian Cup in Vanuatu,Vanuatu,Fiji,1012,1441,0,2,-8,8,1004,1449,183,88,-1,1,182,89,40,100,-329
1276,Jul 31 1992,Friendly tournament in the United States,Brazil,Mexico,1958,1833,5,0,20,-20,1978,1813,4,23,1,-3,5,20,30,0,125
1277,Jul 31 1992,Friendly tournament in the United States,United States,Colombia,1687,1756,0,1,-16,16,1671,1772,44,22,-5,3,39,25,30,100,31
1278,Aug 1 1992,Friendly in Lesotho,Lesotho,Namibia,1181,1174,2,0,11,-11,1192,1163,149,163,3,-3,152,160,20,100,107
1279,Aug 1 1992,Friendly in Uruguay,Uruguay,Costa Rica,1862,1603,2,1,2,-2,1864,1601,12,54,0,0,12,54,20,100,359
1280,Aug 2 1992,Friendly tournament in the United States,Colombia,Mexico,1772,1813,0,0,2,-2,1774,1811,23,20,1,0,24,20,30,0,-41
1281,Aug 2 1992,Friendly in Lesotho,Lesotho,Namibia,1192,1163,2,2,-4,4,1188,1167,156,160,-2,0,154,160,20,100,129
1282,Aug 2 1992,World Cup qualifier in Suriname,Suriname,St Vincent & Grenadines,1358,1304,0,0,-8,8,1350,1312,114,119,-1,2,113,121,40,100,154
1283,Aug 2 1992,Friendly tournament in the United States,United States,Brazil,1671,1978,0,1,-7,7,1664,1985,41,3,-1,1,40,4,30,100,-207
1284,Aug 5 1992,Friendly in the Faroe Islands,Faroe Islands,Israel,1223,1613,1,1,7,-7,1230,1606,138,55,3,-2,141,53,20,100,-290
1285,Aug 6 1992,Friendly in Ecuador,Ecuador,Costa Rica,1646,1601,1,1,-4,4,1642,1605,47,54,-1,0,46,54,20,100,145
1286,Aug 8 1992,Friendly tournament in Indonesia,Indonesia,Malaysia,1274,1210,1,1,-7,7,1267,1217,132,146,-1,1,131,147,30,100,164
1287,Aug 8 1992,Friendly in Lesotho,Lesotho,Mauritius,1188,1259,1,0,9,-9,1197,1250,150,138,2,-2,152,136,20,100,29
1288,Aug 9 1992,Friendly in Iceland,Iceland,Israel,1608,1606,0,2,-19,19,1589,1625,64,47,-6,3,58,50,20,100,102
1289,Aug 9 1992,Friendly in Lesotho,Lesotho,Mauritius,1197,1250,2,2,-1,1,1196,1251,152,136,0,0,152,136,20,100,47
1290,Aug 9 1992,Friendly in Libya,Libya,Niger,1534,1371,0,0,-6,6,1528,1377,73,107,-1,0,72,107,20,100,263
1291,Aug 11 1992,Friendly tournament in Indonesia,Malaysia,Australia,1217,1735,1,0,29,-29,1246,1706,129,35,9,-3,138,32,30,0,-518
1292,Aug 12 1992,Friendly in the United States,Honduras,El Salvador,1676,1440,3,0,7,-7,1683,1433,31,93,3,-1,34,92,20,0,236
1293,Aug 12 1992,World Cup qualifier in Latvia,Latvia,Lithuania,1388,1222,1,2,-33,33,1355,1255,120,122,-8,12,112,134,40,100,266
1294,Aug 12 1992,Friendly in Libya,Libya,Mali,1528,1395,0,1,-16,16,1512,1411,72,93,0,5,72,98,20,100,233
1295,Aug 14 1992,African Nations Cup qualifier in Algeria,Algeria,Guinea-Bissau,1682,1331,3,1,4,-4,1686,1327,32,118,2,-1,34,117,20,0,351
1296,Aug 14 1992,Friendly tournament in Indonesia,Indonesia,Australia,1267,1706,0,3,-7,7,1260,1713,135,32,-2,0,133,32,30,100,-339
1297,Aug 14 1992,Friendly in Mali,Mali,Libya,1411,1512,2,1,10,-10,1421,1502,96,74,1,-1,97,73,20,100,-1
1298,Aug 15 1992,African Nations Cup qualifier in Sudan,Sudan,Nigeria,1358,1632,0,0,9,-9,1367,1623,105,52,3,-2,108,50,40,100,-174
1299,Aug 15 1992,African Nations Cup qualifier in Tanzania,Tanzania,Ghana,1307,1637,2,2,12,-12,1319,1625,113,49,5,-1,118,48,40,100,-230
1300,Aug 15 1992,African Nations Cup qualifier in Uganda,Uganda,Ethiopia,1495,1474,3,1,20,-20,1515,1454,68,89,4,-3,72,86,40,100,121
1301,Aug 15 1992,African Nations Cup qualifier in Zambia,Zambia,Mauritius,1609,1251,2,1,3,-3,1612,1248,52,139,0,-1,52,138,30,0,358
1302,Aug 16 1992,African Nations Cup qualifier in Benin,Benin,Niger,1205,1377,1,2,-16,16,1189,1393,155,104,-3,1,152,105,40,100,-72
1303,Aug 16 1992,African Nations Cup qualifier in Burkina Faso,Burkina Faso,Liberia,1428,1405,1,1,-7,7,1421,1412,98,98,-2,2,96,100,40,100,123
1304,Aug 16 1992,African Nations Cup qualifier in Burundi,Burundi,Congo,1285,1507,1,0,27,-27,1312,1480,117,85,6,-6,123,79,40,100,-122
1305,Aug 16 1992,African Nations Cup qualifier in Chad,Chad,Guinea,1273,1385,0,3,-34,34,1239,1419,150,92,-10,6,140,98,40,100,-12
1306,Aug 16 1992,World Cup qualifier in Estonia,Estonia,Switzerland,1200,1770,0,6,-5,5,1195,1775,151,22,0,2,151,24,40,100,-470
1307,Aug 16 1992,African Nations Cup qualifier in Gabon,Gabon,Cameroon,1399,1669,0,0,9,-9,1408,1660,105,41,-1,-1,104,40,40,100,-170
1308,Aug 16 1992,World Cup qualifier in Jamaica,Jamaica,Trinidad and Tobago,1454,1531,1,1,-1,1,1453,1532,90,71,-2,0,88,71,20,100,23
1309,Aug 16 1992,African Nations Cup qualifier in Lesotho,Lesotho,Kenya,1196,1432,2,2,7,-7,1203,1425,146,97,3,-2,149,95,40,100,-136
1310,Aug 16 1992,African Nations Cup qualifier in Malawi,Malawi,Egypt,1362,1664,1,0,30,-30,1392,1634,102,52,4,-6,106,46,40,100,-202
1311,Aug 16 1992,World Cup qualifier in Panama,Panama,Costa Rica,1288,1605,1,0,31,-31,1319,1574,108,69,10,-8,118,61,40,100,-217
1312,Aug 16 1992,Friendly in Russia,Russia,Mexico,1871,1811,2,0,9,-9,1880,1802,9,20,1,0,10,20,20,100,160
1313,Aug 16 1992,African Nations Cup qualifier in Senegal,Senegal,Togo,1536,1383,2,0,11,-11,1547,1372,61,109,4,-2,65,107,40,100,253
1314,Aug 16 1992,African Nations Cup qualifier in Zaire,Zaire,Mozambique,1542,1342,2,0,9,-9,1551,1333,60,115,2,0,62,115,40,100,300
1315,Aug 16 1992,African Nations Cup qualifier in Zimbabwe,Zimbabwe,South Africa,1426,1766,4,1,56,-56,1482,1710,61,36,17,-4,78,32,40,100,-240
1316,Aug 18 1992,Friendly tournament in Jordan,Iraq,Ethiopia,1647,1454,13,0,22,-22,1669,1432,36,99,3,-6,39,93,30,0,193
1317,Aug 18 1992,Friendly tournament in Jordan,Jordan,Sudan,1266,1367,3,0,26,-26,1292,1341,128,119,1,-5,129,114,30,100,-1
1318,Aug 18 1992,Friendly tournament in Jordan,Moldova,Pakistan,1478,1017,5,0,4,-4,1482,1013,74,180,4,0,78,180,30,0,461
1319,Aug 19 1992,Friendly in Bulgaria,Bulgaria,Mexico,1789,1802,1,1,-2,2,1787,1804,21,20,0,0,21,20,20,100,87
1320,Aug 19 1992,Friendly in Czechoslovakia,Czechoslovakia,Austria,1855,1600,2,2,-8,8,1847,1608,15,53,0,0,15,53,20,100,355
1321,Aug 20 1992,Friendly tournament in Jordan,Iraq,Congo,1669,1480,3,0,13,-13,1682,1467,35,86,2,-3,37,83,30,0,189
1322,Aug 20 1992,Friendly tournament in Jordan,Jordan,Pakistan,1292,1013,2,0,5,-5,1297,1008,129,180,0,0,129,180,20,0,279
1323,Aug 20 1992,Friendly tournament in Jordan,Moldova,Sudan,1482,1341,2,1,9,-9,1491,1332,76,116,1,-1,77,115,30,0,141
1324,Aug 22 1992,Dynasty Cup in China,China,North Korea,1498,1541,2,2,-2,2,1496,1543,75,66,0,0,75,66,20,100,57
1325,Aug 22 1992,Friendly tournament in Jordan,Congo,Ethiopia,1467,1432,3,0,24,-24,1491,1408,71,113,6,-10,77,103,30,0,35
1326,Aug 22 1992,Dynasty Cup in China,Japan,South Korea,1368,1683,0,0,11,-11,1379,1672,106,43,1,-4,107,39,30,0,-315
1327,Aug 22 1992,Friendly tournament in Jordan,Jordan,Moldova,1297,1491,1,0,19,-19,1316,1472,113,89,8,-6,121,83,30,100,-94
1328,Aug 22 1992,Friendly tournament in Jordan,Sudan,Pakistan,1332,1008,4,0,8,-8,1340,1000,113,184,1,-2,114,182,30,0,324
1329,Aug 23 1992,World Cup qualifier in Costa Rica,Costa Rica,Panama,1574,1319,5,1,9,-9,1583,1310,59,134,1,-8,60,126,40,100,355
1330,Aug 23 1992,Friendly tournament in Uzbekistan,Uzbekistan,Kyrgyzstan,1682,1200,3,0,2,-2,1684,1198,35,151,0,0,35,151,20,0,482
1331,Aug 24 1992,Dynasty Cup in China,China,Japan,1496,1379,0,2,-35,35,1461,1414,95,91,-10,8,85,99,30,100,217
1332,Aug 24 1992,Dynasty Cup in China,North Korea,South Korea,1543,1672,1,1,5,-5,1548,1667,62,39,2,0,64,39,30,0,-129
1333,Aug 26 1992,Dynasty Cup in China,China,South Korea,1461,1667,0,2,-16,16,1445,1683,97,35,-6,2,91,37,30,100,-106
1334,Aug 26 1992,Friendly in Finland,Finland,Poland,1584,1787,0,0,3,-3,1587,1784,59,21,0,0,59,21,20,100,-103
1335,Aug 26 1992,Friendly in France,France,Brazil,1939,1985,0,2,-17,17,1922,2002,10,0,-1,2,9,2,20,100,54
1336,Aug 26 1992,Friendly in Hungary,Hungary,Ukraine,1696,1591,2,1,5,-5,1701,1586,33,64,0,-4,33,60,20,100,205
1337,Aug 26 1992,Friendly tournament in Jordan,Iraq,Moldova,1682,1472,1,0,7,-7,1689,1465,31,84,3,-1,34,83,30,0,210
1338,Aug 26 1992,Dynasty Cup in China,Japan,North Korea,1414,1548,4,1,36,-36,1450,1512,77,80,11,-8,88,72,30,0,-134
1339,Aug 26 1992,Friendly tournament in Jordan,Jordan,Congo,1316,1491,2,1,18,-18,1334,1473,110,86,5,-5,115,81,30,100,-75
1340,Aug 26 1992,World Cup qualifier in Latvia,Latvia,Denmark,1355,1953,0,0,18,-18,1373,1935,105,7,3,0,108,7,40,100,-498
1341,Aug 26 1992,Friendly in Norway,Norway,Sweden,1726,1859,2,2,1,-1,1727,1858,28,14,0,0,28,14,20,100,-33
1342,Aug 26 1992,Friendly in Romania,Romania,Mexico,1829,1804,2,0,10,-10,1839,1794,15,20,1,0,16,20,20,100,125
1343,Aug 26 1992,Friendly in Turkey,Turkey,Bulgaria,1583,1787,3,2,13,-13,1596,1774,50,27,5,-3,55,24,20,100,-104
1344,Aug 28 1992,Friendly tournament in Jordan,Jordan,Iraq,1334,1689,2,0,37,-37,1371,1652,105,50,5,-8,110,42,30,100,-255
1345,Aug 28 1992,Friendly tournament in Jordan,Moldova,Congo,1465,1473,3,1,23,-23,1488,1450,71,93,6,-6,77,87,30,0,-8
1346,Aug 29 1992,Dynasty Cup in China,China,North Korea,1445,1512,0,0,-1,1,1444,1513,91,70,0,1,91,71,20,100,33
1347,Aug 29 1992,Dynasty Cup in China,Japan,South Korea,1450,1683,2,2,9,-9,1459,1674,81,38,3,-1,84,37,30,0,-233
1348,Aug 29 1992,African Nations Cup qualifier in Kenya,Kenya,Zaire,1425,1551,1,3,-28,28,1397,1579,115,62,-10,0,105,62,40,100,-26
1349,Aug 29 1992,African Nations Cup qualifier in Malawi,Malawi,Mali,1392,1421,1,1,-4,4,1388,1425,107,96,0,0,107,96,40,100,71
1350,Aug 29 1992,African Nations Cup qualifier in Nigeria,Nigeria,Uganda,1623,1515,2,0,14,-14,1637,1501,42,75,4,-2,46,73,40,100,208
1351,Aug 29 1992,African Nations Cup qualifier in Sierra Leone,Sierra Leone,Algeria,1411,1686,1,0,29,-29,1440,1657,83,48,9,-7,92,41,40,100,-175
1352,Aug 30 1992,African Nations Cup qualifier in Cameroon,Cameroon,Benin,1660,1189,2,0,2,-2,1662,1187,39,157,0,-2,39,155,20,0,471
1353,Aug 30 1992,African Nations Cup qualifier in Congo,Congo,Chad,1450,1239,2,0,9,-9,1459,1230,80,144,4,-2,84,142,40,100,311
1354,Aug 30 1992,African Nations Cup qualifier in Ethiopia,Ethiopia,Sudan,1408,1340,3,0,19,-19,1427,1321,89,125,7,-5,96,120,40,100,168
1355,Aug 30 1992,African Nations Cup qualifier in Ghana,Ghana,Burkina Faso,1625,1421,3,0,10,-10,1635,1411,47,103,1,-3,48,100,40,100,304
1356,Aug 30 1992,African Nations Cup qualifier in Guinea,Guinea,Burundi,1419,1312,2,2,-11,11,1408,1323,108,115,-5,4,103,119,40,100,207
1357,Aug 30 1992,African Nations Cup qualifier in Liberia,Liberia,Tanzania,1412,1319,1,1,-10,10,1402,1329,108,113,-4,3,104,116,40,100,193
1358,Aug 30 1992,African Nations Cup qualifier in Mauritius,Mauritius,Zimbabwe,1248,1482,0,1,-13,13,1235,1495,143,72,-3,3,140,75,40,100,-134
1359,Aug 30 1992,African Nations Cup qualifier in Mozambique,Mozambique,Lesotho,1333,1203,3,0,15,-15,1348,1188,112,159,2,-5,114,154,40,100,230
1360,Aug 30 1992,African Nations Cup qualifier in Niger,Niger,Gabon,1393,1408,1,3,-37,37,1356,1445,118,79,-6,12,112,91,40,100,85
1361,Aug 30 1992,African Nations Cup qualifier in Senegal,Senegal,Guinea-Bissau,1547,1327,3,0,10,-10,1557,1317,61,126,2,-4,63,122,40,100,320
1362,Aug 30 1992,African Nations Cup qualifier in South Africa,South Africa,Zambia,1710,1612,0,1,-30,30,1680,1642,38,38,-3,7,35,45,40,100,198
1363,Aug 30 1992,World Cup qualifier in St Vincent & Grenadines,St Vincent & Grenadines,Suriname,1312,1350,2,1,16,-16,1328,1334,111,117,6,-2,117,115,40,100,62
1364,Sep 2 1992,Friendly in Austria,Austria,Portugal,1608,1781,1,1,2,-2,1610,1779,53,22,0,0,53,22,20,100,-73
1365,Sep 2 1992,World Cup qualifier in Czechoslovakia,Czechoslovakia,Belgium,1847,1817,1,2,-27,27,1820,1844,21,12,-3,3,18,15,40,100,130
1366,Sep 2 1992,Friendly in Greece,Greece,Cyprus,1676,1290,2,3,-19,19,1657,1309,44,124,-4,3,40,127,20,100,486
1367,Sep 2 1992,Friendly in Lithuania,Lithuania,Georgia,1255,1628,1,0,17,-17,1272,1611,129,54,2,-2,131,52,20,100,-273
1368,Sep 3 1992,Friendly in Canada,Canada,United States,1539,1664,0,2,-14,14,1525,1678,72,35,-2,1,70,36,20,100,-25
1369,Sep 4 1992,World Cup qualifier in the Solomon Islands,Solomon Islands,Australia,1237,1713,1,2,-4,4,1233,1717,141,29,-1,1,140,30,40,100,-376
1370,Sep 9 1992,World Cup qualifier in Bulgaria,Bulgaria,France,1774,1922,2,0,34,-34,1808,1888,14,9,5,0,19,9,40,100,-48
1371,Sep 9 1992,Friendly in Denmark,Denmark,Germany,1935,1991,1,2,-11,11,1924,2002,9,-2,-1,3,8,1,20,100,44
1372,Sep 9 1992,World Cup qualifier in Finland,Finland,Sweden,1587,1858,0,1,-11,11,1576,1869,65,10,-3,2,62,12,40,100,-171
1373,Sep 9 1992,World Cup qualifier in Ireland,Ireland,Latvia,1877,1373,4,0,2,-2,1879,1371,11,109,0,-1,11,108,20,0,504
1374,Sep 9 1992,World Cup qualifier in Luxembourg,Luxembourg,Hungary,1170,1701,0,3,-5,5,1165,1706,163,32,-2,0,161,32,40,100,-431
1375,Sep 9 1992,Friendly in the Netherlands,Netherlands,Italy,2013,1982,2,3,-14,14,1999,1996,5,3,-2,1,3,4,20,100,131
1376,Sep 9 1992,World Cup qualifier in Norway,Norway,San Marino,1727,999,10,0,1,-1,1728,998,28,184,0,0,28,184,20,0,728
1377,Sep 9 1992,World Cup qualifier in Northern Ireland,Northern Ireland,Albania,1647,1449,3,0,11,-11,1658,1438,37,97,3,-4,40,93,40,100,298
1378,Sep 9 1992,Friendly in Poland,Poland,Israel,1784,1625,1,1,-6,6,1778,1631,27,50,-3,0,24,50,20,100,259
1379,Sep 9 1992,Friendly in Spain,Spain,England,1838,1965,1,0,11,-11,1849,1954,13,6,2,0,15,6,20,100,-27
1380,Sep 9 1992,World Cup qualifier in Switzerland,Switzerland,Scotland,1775,1816,3,1,25,-25,1800,1791,17,25,3,-3,20,22,30,0,-41
1381,Sep 9 1992,Pan Arab Games in Syria,Syria,Saudi Arabia,1455,1598,1,1,2,-2,1457,1596,86,54,0,0,86,54,30,100,-43
1382,Sep 9 1992,World Cup qualifier in Wales,Wales,Faroe Islands,1773,1230,6,0,2,-2,1775,1228,24,148,1,-3,25,145,20,0,543
1383,Sep 10 1992,Pan Arab Games in Syria,Kuwait,Jordan,1489,1371,4,1,24,-24,1513,1347,65,120,6,-6,71,114,40,0,118
1384,Sep 11 1992,Pan Arab Games in Syria,Syria,Palestine,1457,1227,0,0,-15,15,1442,1242,96,130,-5,8,91,138,40,100,330
1385,Sep 11 1992,World Cup qualifier in Tahiti,Tahiti,Australia,1479,1717,0,3,-22,22,1457,1739,90,26,-5,2,85,28,40,100,-138
1386,Sep 12 1992,World Cup qualifier in Fiji,Fiji,Vanuatu,1449,1004,3,0,3,-3,1452,1001,86,182,1,0,87,182,20,0,445
1387,Sep 13 1992,Friendly in El Salvador,El Salvador,Honduras,1433,1683,3,1,21,-21,1454,1662,77,40,9,-3,86,37,20,100,-150
1388,Sep 13 1992,Pan Arab Games in Syria,Saudi Arabia,Palestine,1596,1242,2,1,5,-5,1601,1237,54,140,0,-1,54,139,40,0,354
1389,Sep 14 1992,Friendly tournament in Turkmenistan,Turkmenistan,Kazakhstan,1480,1616,1,1,2,-2,1482,1614,79,51,0,0,79,51,30,100,-36
1390,Sep 15 1992,Pan Arab Games in Syria,Saudi Arabia,Kuwait,1601,1513,2,0,23,-23,1624,1490,48,83,3,-6,51,77,40,0,88
1391,Sep 17 1992,Friendly in Georgia,Georgia,Azerbaijan,1611,1535,6,3,9,-9,1620,1526,51,70,1,-1,52,69,20,100,176
1392,Sep 17 1992,Pan Arab Games in Syria,Syria,Kuwait,1442,1490,1,2,-23,23,1419,1513,104,65,-6,6,98,71,40,100,52
1393,Sep 18 1992,Friendly in Honduras,Honduras,El Salvador,1662,1454,1,1,-7,7,1655,1461,47,80,-5,3,42,83,20,100,308
1394,Sep 19 1992,World Cup qualifier in Fiji,Fiji,New Zealand,1452,1541,0,0,-1,1,1451,1542,88,66,0,0,88,66,40,100,11
1395,Sep 20 1992,World Cup qualifier in Australia,Australia,Tahiti,1739,1457,2,0,6,-6,1745,1451,28,88,0,-1,28,87,40,100,382
1396,Sep 22 1992,Friendly in Honduras,Honduras,Jamaica,1655,1453,5,1,6,-6,1661,1447,34,92,4,-3,38,89,20,100,302
1397,Sep 23 1992,Friendly in Brazil,Brazil,Costa Rica,2002,1583,4,2,1,-1,2003,1582,1,60,0,0,1,60,20,100,519
1398,Sep 23 1992,World Cup qualifier in Czechoslovakia,Czechoslovakia,Faroe Islands,1820,1228,4,0,1,-1,1821,1227,18,146,0,0,18,146,20,0,592
1399,Sep 23 1992,Friendly in Hungary,Hungary,Israel,1706,1631,0,0,-5,5,1701,1636,32,46,0,2,32,48,20,100,175
1400,Sep 23 1992,World Cup qualifier in Latvia,Latvia,Spain,1371,1849,0,0,16,-16,1387,1833,106,19,1,-2,107,17,40,100,-378
1401,Sep 23 1992,World Cup qualifier in Lithuania,Lithuania,Denmark,1272,1924,0,0,18,-18,1290,1906,131,8,0,0,131,8,40,100,-552
1402,Sep 23 1992,World Cup qualifier in Norway,Norway,Netherlands,1728,1999,2,1,29,-29,1757,1970,27,7,1,-2,28,5,40,100,-171
1403,Sep 23 1992,World Cup qualifier in Poland,Poland,Turkey,1778,1596,1,0,7,-7,1785,1589,22,57,1,-1,23,56,40,100,282
1404,Sep 23 1992,Friendly in Tunisia,Tunisia,Algeria,1548,1657,1,1,0,0,1548,1657,65,41,0,0,65,41,20,100,-9
1405,Sep 23 1992,Lipton Cup in Uruguay,Uruguay,Argentina,1864,1994,0,0,1,-1,1865,1993,13,3,0,1,13,4,20,100,-30
1406,Sep 24 1992,Friendly in Honduras,Honduras,Jamaica,1661,1447,7,0,6,-6,1667,1441,36,93,1,-2,37,91,20,100,314
1407,Sep 26 1992,World Cup qualifier in Australia,Australia,Solomon Islands,1745,1233,6,1,2,-2,1747,1231,29,143,0,-1,29,142,20,0,512
1408,Sep 26 1992,Friendly tournament in Kyrgyzstan,Kyrgyzstan,Kazakhstan,1198,1614,1,1,11,-11,1209,1603,148,55,1,-1,149,54,30,100,-316
1409,Sep 26 1992,World Cup qualifier in Vanuatu,Vanuatu,Fiji,1001,1451,0,3,-8,8,993,1459,186,82,-2,2,184,84,40,100,-350
1410,Sep 27 1992,Friendly tournament in St Vincent & Grenadines,St Vincent & Grenadines,Jamaica,1328,1441,0,1,-14,14,1314,1455,129,83,-6,4,123,87,30,100,-13
1411,Sep 30 1992,Friendly in Botswana,Botswana,Kenya,1078,1397,1,3,-7,7,1071,1404,177,103,-1,1,176,104,20,100,-219
1412,Oct 2 1992,Friendly in Iran,Iran,Cameroon,1645,1662,1,1,-2,2,1643,1664,44,38,0,0,44,38,20,100,83
1413,Oct 3 1992,Friendly in Botswana,Botswana,Kenya,1071,1404,0,1,-4,4,1067,1408,178,102,-1,1,177,103,20,100,-233
1414,Oct 3 1992,Friendly tournament in Kyrgyzstan,Kyrgyzstan,Uzbekistan,1209,1684,2,6,-6,6,1203,1690,149,33,0,0,149,33,30,100,-375
1415,Oct 3 1992,African Nations Cup qualifier in Togo,Togo,Algeria,1372,1657,0,0,10,-10,1382,1647,108,45,0,-2,108,43,30,0,-285
1416,Oct 4 1992,Friendly in Gabon,Gabon,Chad,1445,1230,1,0,3,-3,1448,1227,92,147,-1,-2,91,145,20,100,315
1417,Oct 4 1992,African Nations Cup qualifier in Guinea-Bissau,Guinea-Bissau,Sierra Leone,1317,1440,0,3,-33,33,1284,1473,141,70,-10,11,131,81,40,100,-23
1418,Oct 4 1992,Friendly in Iran,Iran,Cameroon,1643,1664,0,0,-2,2,1641,1666,48,38,-2,0,46,38,20,100,79
1419,Oct 4 1992,Friendly tournament in Jamaica,Jamaica,St Vincent & Grenadines,1455,1314,3,3,-9,9,1446,1323,97,113,-5,5,92,118,30,100,241
1420,Oct 4 1992,African Nations Cup qualifier in Mali,Mali,Morocco,1425,1596,2,1,24,-24,1449,1572,83,69,7,-7,90,62,40,100,-71
1421,Oct 6 1992,Friendly in Saudi Arabia,Saudi Arabia,Cameroon,1624,1666,2,1,8,-8,1632,1658,51,40,0,-1,51,39,20,100,58
1422,Oct 7 1992,Friendly in Cyprus,Cyprus,Malta,1309,1426,3,0,18,-18,1327,1408,110,107,8,-5,118,102,20,100,-17
1423,Oct 7 1992,World Cup qualifier in Iceland,Iceland,Greece,1589,1657,0,1,-22,22,1567,1679,69,29,-7,6,62,35,40,100,32
1424,Oct 7 1992,Friendly in the United States,Mexico,El Salvador,1794,1461,2,0,4,-4,1798,1457,19,90,1,-3,20,87,20,0,333
1425,Oct 7 1992,World Cup qualifier in San Marino,San Marino,Norway,998,1757,0,2,-1,1,997,1758,183,28,0,0,183,28,20,100,-659
1426,Oct 7 1992,World Cup qualifier in Sweden,Sweden,Bulgaria,1869,1808,2,0,17,-17,1886,1791,8,23,2,-2,10,21,40,100,161
1427,Oct 9 1992,World Cup qualifier in Algeria,Algeria,Burundi,1647,1323,3,1,5,-5,1652,1318,41,125,1,-3,42,122,40,100,424
1428,Oct 9 1992,World Cup qualifier in Tahiti,Tahiti,Solomon Islands,1451,1231,4,2,8,-8,1459,1223,80,150,4,-4,84,146,40,100,320
1429,Oct 9 1992,Friendly in the United States,United States,Canada,1678,1525,0,0,-6,6,1672,1531,38,68,-1,1,37,69,20,100,253
1430,Oct 9 1992,World Cup qualifier in Zimbabwe,Zimbabwe,Togo,1495,1382,1,0,9,-9,1504,1373,70,108,3,0,73,108,40,100,213
1431,Oct 10 1992,World Cup qualifier in Nigeria,Nigeria,South Africa,1637,1680,4,0,31,-31,1668,1649,27,54,10,-10,37,44,40,100,57
1432,Oct 11 1992,World Cup qualifier in Egypt,Egypt,Angola,1634,1410,1,0,5,-5,1639,1405,46,107,2,-3,48,104,40,100,324
1433,Oct 11 1992,World Cup qualifier in Gabon,Gabon,Mozambique,1448,1348,3,1,14,-14,1462,1334,75,115,8,-1,83,114,40,100,200
1434,Oct 11 1992,World Cup qualifier in Ivory Coast,Ivory Coast,Botswana,1724,1067,6,0,1,-1,1725,1066,30,177,0,0,30,177,20,0,657
1435,Oct 11 1992,World Cup qualifier in Madagascar,Madagascar,Namibia,1467,1167,3,0,6,-6,1473,1161,80,162,1,-1,81,161,40,100,400
1436,Oct 11 1992,World Cup qualifier in Morocco,Morocco,Ethiopia,1572,1427,5,0,16,-16,1588,1411,53,100,4,-2,57,98,40,100,245
1437,Oct 11 1992,Friendly in Qatar,Qatar,Hungary,1492,1701,1,4,-12,12,1480,1713,81,32,-2,0,79,32,20,100,-109
1438,Oct 11 1992,World Cup qualifier in Tunisia,Tunisia,Benin,1548,1187,5,1,5,-5,1553,1182,63,155,1,0,64,155,40,100,461
1439,Oct 11 1992,World Cup qualifier in Zaire,Zaire,Liberia,1579,1402,4,2,10,-10,1589,1392,51,105,4,0,55,105,40,100,277
1440,Oct 11 1992,World Cup qualifier in Zambia,Zambia,Tanzania,1642,1329,2,0,5,-5,1647,1324,45,120,0,-2,45,118,40,100,413
1441,Oct 13 1992,Friendly in Qatar,Qatar,Hungary,1480,1713,1,1,4,-4,1484,1709,77,32,1,0,78,32,20,100,-133
1442,Oct 14 1992,Friendly in Armenia,Armenia,Moldova,1242,1488,0,0,4,-4,1246,1484,136,79,1,-1,137,78,20,100,-146
1443,Oct 14 1992,World Cup qualifier in Belgium,Belgium,Romania,1844,1839,1,0,14,-14,1858,1825,15,18,0,-1,15,17,40,100,105
1444,Oct 14 1992,World Cup qualifier in Cyprus,Cyprus,Wales,1327,1775,0,1,-5,5,1322,1780,121,25,-2,0,119,25,40,100,-348
1445,Oct 14 1992,World Cup qualifier in Denmark,Denmark,Ireland,1906,1879,0,0,-7,7,1899,1886,8,8,0,2,8,10,40,100,127
1446,Oct 14 1992,World Cup qualifier in England,England,Norway,1954,1758,1,1,-14,14,1940,1772,6,26,0,1,6,27,40,100,296
1447,Oct 14 1992,World Cup qualifier in France,France,Austria,1888,1610,2,0,6,-6,1894,1604,9,55,0,-1,9,54,40,100,378
1448,Oct 14 1992,Friendly in Germany,Germany,Mexico,2002,1798,1,1,-7,7,1995,1805,2,20,0,0,2,20,20,100,304
1449,Oct 14 1992,World Cup qualifier in Italy,Italy,Switzerland,1996,1800,2,2,-14,14,1982,1814,5,19,-1,0,4,19,40,100,296
1450,Oct 14 1992,Friendly in Lithuania,Lithuania,Slovakia,1290,1660,0,1,-3,3,1287,1663,130,39,0,0,130,39,20,100,-270
1451,Oct 14 1992,World Cup qualifier in the Netherlands,Netherlands,Poland,1970,1785,2,2,-14,14,1956,1799,5,19,0,2,5,21,40,100,285
1452,Oct 14 1992,World Cup qualifier in Northern Ireland,Northern Ireland,Spain,1658,1833,0,0,4,-4,1662,1829,40,15,0,1,40,16,40,100,-75
1453,Oct 14 1992,World Cup qualifier in Russia,Russia,Iceland,1880,1567,1,0,3,-3,1883,1564,13,62,-1,0,12,62,20,0,313
1454,Oct 14 1992,World Cup qualifier in Scotland,Scotland,Portugal,1791,1779,0,0,-6,6,1785,1785,25,22,-2,1,23,23,40,100,112
1455,Oct 14 1992,Friendly tournament in Turkmenistan,Turkmenistan,Kyrgyzstan,1482,1203,4,0,6,-6,1488,1197,75,151,2,-1,77,150,20,0,279
1456,Oct 14 1992,Friendly tournament in Uzbekistan,Uzbekistan,Kazakhstan,1690,1603,1,1,-7,7,1683,1610,33,52,0,1,33,53,30,100,187
1457,Oct 15 1992,Intercontinental Champ in Saudi Arabia,Saudi Arabia,United States,1632,1672,3,0,36,-36,1668,1636,21,62,15,-13,36,49,50,100,60
1458,Oct 16 1992,Intercontinental Champ in Saudi Arabia,Argentina,Ivory Coast,1993,1725,4,0,17,-17,2010,1708,-1,34,2,-2,1,32,50,0,268
1459,Oct 18 1992,World Cup qualifier in Bermuda,Bermuda,El Salvador,1411,1457,1,0,17,-17,1428,1440,94,97,2,-4,96,93,30,0,-46
1460,Oct 18 1992,World Cup qualifier in Cameroon,Cameroon,Swaziland,1658,1189,5,0,3,-3,1661,1186,41,156,0,-2,41,154,20,0,469
1461,Oct 18 1992,World Cup qualifier in Jamaica,Jamaica,Canada,1446,1531,1,1,-1,1,1445,1532,90,67,1,1,91,68,30,100,15
1462,Oct 18 1992,Friendly in Kuwait,Kuwait,Iran,1513,1641,1,1,1,-1,1514,1640,71,47,0,0,71,47,20,100,-28
1463,Oct 18 1992,Friendly in Niger,Niger,Mali,1356,1449,0,2,-15,15,1341,1464,115,75,-2,8,113,83,20,100,7
1464,Oct 19 1992,Intercontinental Champ in Saudi Arabia,United States,Ivory Coast,1636,1708,5,2,53,-53,1689,1655,15,52,17,-10,32,42,50,0,-72
1465,Oct 20 1992,Intercontinental Champ in Saudi Arabia,Saudi Arabia,Argentina,1668,2010,1,3,-15,15,1653,2025,48,1,-6,0,42,1,50,100,-242
1466,Oct 21 1992,Friendly in South Korea,South Korea,United Arab Emirates,1674,1475,0,0,-7,7,1667,1482,37,80,-1,0,36,80,20,100,299
1467,Oct 22 1992,Friendly in Croatia,Croatia,Mexico,1861,1805,3,0,10,-10,1871,1795,12,22,1,-1,13,21,20,100,156
1468,Oct 22 1992,Friendly in Kuwait,Kuwait,Oman,1514,1081,4,0,2,-2,1516,1079,71,174,0,0,71,174,20,100,533
1469,Oct 24 1992,Friendly in South Korea,South Korea,United Arab Emirates,1667,1482,1,1,-7,7,1660,1489,44,74,-4,3,40,77,20,100,285
1470,Oct 25 1992,World Cup qualifier in Benin,Benin,Morocco,1182,1588,0,1,-6,6,1176,1594,159,53,-2,2,157,55,40,100,-306
1471,Oct 25 1992,World Cup qualifier in Bermuda,Bermuda,Jamaica,1428,1445,1,1,-5,5,1423,1450,96,91,0,0,96,91,40,100,83
1472,Oct 25 1992,World Cup qualifier in Burundi,Burundi,Ghana,1318,1635,1,0,31,-31,1349,1604,104,55,9,-2,113,53,40,100,-217
1473,Oct 25 1992,World Cup qualifier in El Salvador,El Salvador,Canada,1440,1532,1,1,0,0,1440,1532,93,68,0,0,93,68,20,100,8
1474,Oct 25 1992,World Cup qualifier in Ethiopia,Ethiopia,Tunisia,1411,1553,0,0,2,-2,1413,1551,99,64,0,0,99,64,30,100,-42
1475,Oct 25 1992,Friendly tournament in Kazakhstan,Kazakhstan,Kyrgyzstan,1610,1197,2,0,2,-2,1612,1195,51,154,1,-2,52,152,30,100,513
1476,Oct 25 1992,World Cup qualifier in Malta,Malta,Estonia,1408,1195,0,0,-14,14,1394,1209,107,149,-3,1,104,150,40,100,313
1477,Oct 25 1992,World Cup qualifier in Mozambique,Mozambique,Senegal,1334,1557,0,1,-13,13,1321,1570,126,59,-6,2,120,61,40,100,-123
1478,Oct 25 1992,World Cup qualifier in Namibia,Namibia,Zambia,1161,1647,0,4,-7,7,1154,1654,163,40,-1,3,162,43,40,100,-386
1479,Oct 25 1992,World Cup qualifier in Niger,Niger,Ivory Coast,1341,1655,0,0,11,-11,1352,1644,109,53,2,-6,111,47,30,0,-314
1480,Oct 25 1992,World Cup qualifier in South Africa,South Africa,Congo,1649,1459,1,0,6,-6,1655,1453,39,92,3,-3,42,89,40,100,290
1481,Oct 25 1992,World Cup qualifier in Swaziland,Swaziland,Zaire,1186,1589,1,0,34,-34,1220,1555,142,71,6,-8,148,63,40,100,-303
1482,Oct 25 1992,World Cup qualifier in Tanzania,Tanzania,Madagascar,1324,1473,0,0,3,-3,1327,1470,117,83,0,-1,117,82,40,100,-49
1483,Oct 25 1992,World Cup qualifier in Togo,Togo,Egypt,1373,1639,1,4,-19,19,1354,1658,112,33,-2,8,110,41,40,100,-166
1484,Oct 25 1992,Friendly tournament in Turkmenistan,Turkmenistan,Uzbekistan,1488,1683,1,0,19,-19,1507,1664,68,39,5,-3,73,36,30,100,-95
1485,Oct 28 1992,World Cup qualifier in Austria,Austria,Israel,1604,1636,5,2,28,-28,1632,1608,47,56,3,-3,50,53,40,100,68
1486,Oct 28 1992,Friendly in Belarus,Belarus,Ukraine,1400,1586,1,1,2,-2,1402,1584,104,58,0,0,104,58,20,100,-86
1487,Oct 28 1992,World Cup qualifier in Lithuania,Lithuania,Latvia,1287,1387,1,1,0,0,1287,1387,132,109,-1,-1,131,108,20,100,0
1488,Oct 28 1992,World Cup qualifier in Russia,Russia,Luxembourg,1883,1165,2,0,1,-1,1884,1164,12,162,0,-1,12,161,30,0,718
1489,Oct 28 1992,World Cup qualifier in Turkey,Turkey,San Marino,1589,997,4,1,1,-1,1590,996,56,185,0,-1,56,184,20,0,592
1490,Oct 29 1992,Asian Cup in Japan,China,Saudi Arabia,1444,1653,1,1,13,-13,1457,1640,86,52,3,-4,89,48,50,0,-209
1491,Oct 29 1992,Asian Cup in Japan,Qatar,Thailand,1484,1366,1,1,-8,8,1476,1374,81,109,-1,0,80,109,30,100,218
1492,Oct 30 1992,Asian Cup in Japan,Iran,North Korea,1640,1513,2,0,24,-24,1664,1489,24,84,12,-6,36,78,50,0,127
1493,Oct 30 1992,Asian Cup in Japan,Japan,United Arab Emirates,1459,1489,0,0,-5,5,1454,1494,92,76,-3,1,89,77,50,100,70
1494,Oct 31 1992,Asian Cup in Japan,China,Thailand,1457,1374,0,0,-6,6,1451,1380,92,109,-2,0,90,109,50,0,83
1495,Oct 31 1992,Asian Cup in Japan,Qatar,Saudi Arabia,1476,1640,1,1,11,-11,1487,1629,78,51,1,-1,79,50,50,0,-164
1496,Nov 1 1992,World Cup qualifier in Canada,Canada,Jamaica,1532,1450,1,0,10,-10,1542,1440,64,94,2,-1,66,93,40,100,182
1497,Nov 1 1992,World Cup qualifier in El Salvador,El Salvador,Bermuda,1440,1423,4,1,24,-24,1464,1399,73,112,10,-8,83,104,40,100,117
1498,Nov 1 1992,Asian Cup in Japan,Iran,United Arab Emirates,1664,1494,0,0,-11,11,1653,1505,52,69,-8,4,44,73,50,0,170
1499,Nov 1 1992,Asian Cup in Japan,Japan,North Korea,1454,1489,1,1,-5,5,1449,1494,96,78,-4,0,92,78,50,100,65
1500,Nov 2 1992,Asian Cup in Japan,China,Qatar,1451,1487,2,1,28,-28,1479,1459,70,95,10,-8,80,87,50,0,-36
1501,Nov 2 1992,Friendly in Egypt,Egypt,Kuwait,1658,1516,1,1,-6,6,1652,1522,47,71,-3,0,44,71,20,100,242
1502,Nov 2 1992,Asian Cup in Japan,Saudi Arabia,Thailand,1629,1380,4,0,18,-18,1647,1362,44,109,3,0,47,109,50,0,249
1503,Nov 3 1992,Asian Cup in Japan,Japan,Iran,1449,1653,1,0,32,-32,1481,1621,66,57,13,-7,79,50,50,100,-104
1504,Nov 3 1992,Asian Cup in Japan,United Arab Emirates,North Korea,1505,1494,2,1,24,-24,1529,1470,67,86,3,-4,70,82,50,0,11
1505,Nov 6 1992,Asian Cup in Japan,Japan,China,1481,1479,3,2,18,-18,1499,1461,77,94,1,-7,78,87,50,100,102
1506,Nov 6 1992,Asian Cup in Japan,Saudi Arabia,United Arab Emirates,1647,1529,2,0,25,-25,1672,1504,22,76,12,-3,34,73,50,0,118
1507,Nov 7 1992,Friendly in Tunisia,Tunisia,Finland,1551,1576,1,1,-2,2,1549,1578,64,60,0,0,64,60,20,100,75
1508,Nov 7 1992,Friendly in Zimbabwe,Zimbabwe,Malawi,1504,1388,0,1,-16,16,1488,1404,83,99,-5,4,78,103,20,100,216
1509,Nov 8 1992,World Cup qualifier in Canada,Canada,El Salvador,1542,1464,2,3,-29,29,1513,1493,78,75,-6,4,72,79,40,100,178
1510,Nov 8 1992,Asian Cup in Japan,China,United Arab Emirates,1461,1504,1,1,3,-3,1464,1501,81,79,3,-3,84,76,50,0,-43
1511,Nov 8 1992,World Cup qualifier in Costa Rica,Costa Rica,Honduras,1582,1667,2,3,-21,21,1561,1688,63,30,-2,3,61,33,40,100,15
1512,Nov 8 1992,World Cup qualifier in Jamaica,Jamaica,Bermuda,1440,1399,3,2,12,-12,1452,1387,91,109,1,-2,92,107,40,100,141
1513,Nov 8 1992,Asian Cup in Japan,Japan,Saudi Arabia,1499,1672,1,0,30,-30,1529,1642,61,60,8,-13,69,47,50,100,-73
1514,Nov 8 1992,African Nations Cup qualifier in Morocco,Morocco,Egypt,1594,1652,0,0,-2,2,1592,1654,55,40,0,2,55,42,30,100,42
1515,Nov 8 1992,African Nations Cup qualifier in Guinea,Sierra Leone,Senegal,1473,1570,2,0,38,-38,1511,1532,66,73,7,-6,73,67,40,0,-97
1516,Nov 8 1992,World Cup qualifier in St Vincent & Grenadines,St Vincent & Grenadines,Mexico,1323,1795,0,4,-8,8,1315,1803,129,19,-5,1,124,20,40,100,-372
1517,Nov 8 1992,African Nations Cup qualifier in Togo,Togo,Guinea-Bissau,1354,1284,0,0,-9,9,1345,1293,119,130,-4,1,115,131,40,100,170
1518,Nov 9 1992,Friendly in Zimbabwe,Zimbabwe,Malawi,1488,1404,4,1,9,-9,1497,1395,78,105,1,-1,79,104,20,100,184
1519,Nov 11 1992,World Cup qualifier in Albania,Albania,Latvia,1438,1387,1,1,-8,8,1430,1395,96,101,-1,3,95,104,40,100,151
1520,Nov 11 1992,World Cup qualifier in Greece,Greece,Hungary,1679,1709,0,0,-4,4,1675,1713,34,31,0,0,34,31,40,100,70
1521,Nov 11 1992,World Cup qualifier in Israel,Israel,Sweden,1608,1886,1,3,-16,16,1592,1902,55,6,-1,2,54,8,40,100,-178
1522,Nov 11 1992,Friendly in France,Portugal,Bulgaria,1785,1791,2,1,10,-10,1795,1781,21,26,1,-2,22,24,20,0,-6
1523,Nov 14 1992,World Cup qualifier in France,France,Finland,1894,1578,2,1,3,-3,1897,1575,10,59,0,0,10,59,20,0,316
1524,Nov 14 1992,World Cup qualifier in Romania,Romania,Czechoslovakia,1825,1821,1,1,-6,6,1819,1827,19,16,-1,1,18,17,40,100,104
1525,Nov 15 1992,World Cup qualifier in Canada,Canada,Bermuda,1513,1387,4,2,13,-13,1526,1374,68,108,2,0,70,108,40,100,226
1526,Nov 15 1992,CECAFA Cup in Tanzania,Ethiopia,Zanzibar,1413,1124,3,0,11,-11,1424,1113,94,165,2,0,96,165,40,0,289
1527,Nov 15 1992,CECAFA Cup in Tanzania,Kenya,Uganda,1408,1501,1,1,5,-5,1413,1496,98,82,1,-3,99,79,40,0,-93
1528,Nov 15 1992,World Cup qualifier in Mexico,Mexico,Honduras,1803,1688,2,0,13,-13,1816,1675,18,33,1,0,19,33,40,100,215
1529,Nov 15 1992,Friendly in Niger,Niger,Mali,1352,1464,0,1,-10,10,1342,1474,119,80,-4,2,115,82,20,100,-12
1530,Nov 15 1992,World Cup qualifier in St Vincent & Grenadines,St Vincent & Grenadines,Costa Rica,1315,1561,0,1,-12,12,1303,1573,130,59,-3,1,127,60,40,100,-146
1531,Nov 16 1992,CECAFA Cup in Tanzania,Tanzania,Malawi,1327,1395,1,1,-2,2,1325,1397,118,104,0,0,118,104,40,100,32
1532,Nov 17 1992,Friendly in the United Arab Emirates,United Arab Emirates,Senegal,1501,1532,1,1,-2,2,1499,1534,78,67,-1,0,77,67,20,100,69
1533,Nov 17 1992,CECAFA Cup in Tanzania,Zambia,Ethiopia,1654,1424,3,2,8,-8,1662,1416,34,98,4,-1,38,97,40,0,230
1534,Nov 18 1992,World Cup qualifier in Belgium,Belgium,Wales,1858,1780,2,0,16,-16,1874,1764,11,31,2,-3,13,28,40,100,178
1535,Nov 18 1992,Friendly in Cyprus,Cyprus,Slovenia,1322,1588,1,1,4,-4,1326,1584,117,57,1,0,118,57,20,100,-166
1536,Nov 18 1992,World Cup qualifier in England,England,Turkey,1940,1590,4,0,5,-5,1945,1585,6,56,0,0,6,56,40,100,450
1537,Nov 18 1992,Friendly in Germany,Germany,Austria,1995,1632,0,0,-9,9,1986,1641,3,49,0,0,3,49,20,100,463
1538,Nov 18 1992,CECAFA Cup in Tanzania,Kenya,Seychelles,1413,987,2,1,3,-3,1416,984,95,188,2,-1,97,187,40,0,426
1539,Nov 18 1992,World Cup qualifier in Northern Ireland,Northern Ireland,Denmark,1662,1899,0,1,-12,12,1650,1911,52,7,-7,1,45,8,40,100,-137
1540,Nov 18 1992,Friendly in Poland,Poland,Latvia,1799,1395,1,0,1,-1,1800,1394,21,105,0,0,21,105,20,100,504
1541,Nov 18 1992,World Cup qualifier in Scotland,Scotland,Italy,1785,1982,0,0,5,-5,1790,1977,23,4,0,0,23,4,20,0,-197
1542,Nov 18 1992,World Cup qualifier in Spain,Spain,Ireland,1829,1886,0,0,-2,2,1827,1888,16,11,0,0,16,11,30,100,43
1543,Nov 18 1992,World Cup qualifier in Switzerland,Switzerland,Malta,1814,1394,3,0,3,-3,1817,1391,18,108,1,-1,19,107,20,0,420
1544,Nov 18 1992,CECAFA Cup in Tanzania,Tanzania,Zanzibar,1325,1113,0,1,-34,34,1291,1147,144,163,-13,1,131,164,40,100,312
1545,Nov 19 1992,CECAFA Cup in Tanzania,Malawi,Zambia,1397,1662,1,0,33,-33,1430,1629,86,60,9,-11,95,49,40,0,-265
1546,Nov 19 1992,Friendly in the United Arab Emirates,United Arab Emirates,Senegal,1499,1534,2,2,-2,2,1497,1536,77,67,0,0,77,67,20,100,65
1547,Nov 20 1992,Friendly in Egypt,Egypt,Kuwait,1654,1522,1,1,-6,6,1648,1528,47,68,-3,2,44,70,20,100,232
1548,Nov 20 1992,CECAFA Cup in Tanzania,Tanzania,Ethiopia,1291,1416,2,1,21,-21,1312,1395,117,110,7,-6,124,104,40,100,-25
1549,Nov 21 1992,CECAFA Cup in Tanzania,Uganda,Seychelles,1496,984,5,2,3,-3,1499,981,75,187,2,0,77,187,30,0,512
1550,Nov 21 1992,CECAFA Cup in Tanzania,Zambia,Zanzibar,1629,1147,8,0,6,-6,1635,1141,49,164,0,0,49,164,40,0,482
1551,Nov 22 1992,World Cup qualifier in Jamaica,Jamaica,El Salvador,1452,1493,0,2,-35,35,1417,1528,102,60,-5,10,97,70,40,100,59
1552,Nov 22 1992,CECAFA Cup in Tanzania,Malawi,Ethiopia,1430,1395,2,1,18,-18,1448,1377,91,110,2,-3,93,107,40,0,35
1553,Nov 22 1992,World Cup qualifier in Mexico,Mexico,Costa Rica,1816,1573,4,0,9,-9,1825,1564,16,60,2,0,18,60,40,100,343
1554,Nov 22 1992,World Cup qualifier in St Vincent & Grenadines,St Vincent & Grenadines,Honduras,1303,1675,0,4,-13,13,1290,1688,135,33,-4,0,131,33,40,100,-272
1555,Nov 23 1992,CECAFA Cup in Tanzania,Tanzania,Zambia,1312,1635,1,2,-9,9,1303,1644,128,41,-2,4,126,45,40,100,-223
1556,Nov 24 1992,Friendly in Bahrain,Algeria,United Arab Emirates,1652,1497,0,0,-4,4,1648,1501,45,75,-2,2,43,77,20,0,155
1557,Nov 24 1992,CECAFA Cup in Tanzania,Malawi,Zanzibar,1448,1141,3,1,9,-9,1457,1132,89,164,2,0,91,164,40,0,307
1558,Nov 24 1992,Friendly in Peru,Peru,Ecuador,1541,1642,1,1,0,0,1541,1642,66,47,0,0,66,47,20,100,-1
1559,Nov 25 1992,Friendly in Brazil,Brazil,Uruguay,2003,1865,1,2,-16,16,1987,1881,2,11,0,2,2,13,20,100,238
1560,Nov 25 1992,CECAFA Cup in Tanzania,Uganda,Zambia,1499,1644,0,0,8,-8,1507,1636,71,53,4,-4,75,49,40,0,-145
1561,Nov 26 1992,Friendly in Argentina,Argentina,Poland,2025,1800,2,0,4,-4,2029,1796,1,21,0,0,1,21,20,100,325
1562,Nov 27 1992,Gulf Cup in Qatar,Qatar,Oman,1459,1079,2,0,4,-4,1463,1075,84,175,2,0,86,175,40,100,480
1563,Nov 28 1992,Gulf Cup in Qatar,Bahrain,Saudi Arabia,1350,1642,2,1,34,-34,1384,1608,103,58,4,-6,107,52,40,0,-292
1564,Nov 28 1992,World Cup qualifier in Honduras,Honduras,St Vincent & Grenadines,1688,1290,4,0,4,-4,1692,1286,31,133,1,-1,32,132,40,100,498
1565,Nov 28 1992,Gulf Cup in Qatar,Kuwait,United Arab Emirates,1528,1501,2,0,28,-28,1556,1473,54,86,8,-4,62,82,40,0,27
1566,Nov 28 1992,CECAFA Cup in Tanzania,Zambia,Malawi,1636,1457,4,0,20,-20,1656,1437,31,95,9,-2,40,93,40,0,179
1567,Nov 29 1992,World Cup qualifier in Costa Rica,Costa Rica,Mexico,1564,1825,2,0,43,-43,1607,1782,46,28,7,-5,53,23,40,100,-161
1568,Nov 29 1992,World Cup qualifier in Cyprus,Cyprus,Romania,1326,1819,1,4,-7,7,1319,1826,122,17,-2,1,120,18,40,100,-393
1569,Nov 29 1992,Friendly in Uruguay,Uruguay,Poland,1881,1796,0,1,-15,15,1866,1811,17,19,-2,1,15,20,20,100,185
1570,Nov 30 1992,Gulf Cup in Qatar,Kuwait,Oman,1556,1075,2,1,2,-2,1558,1073,62,177,0,-1,62,176,30,0,481
1571,Nov 30 1992,Gulf Cup in Qatar,Qatar,Bahrain,1463,1384,1,0,11,-11,1474,1373,76,111,5,-2,81,109,40,100,179
1572,Dec 1 1992,Gulf Cup in Qatar,United Arab Emirates,Saudi Arabia,1473,1608,1,0,27,-27,1500,1581,73,66,5,-7,78,59,40,0,-135
1573,Dec 2 1992,Friendly in China,China,Norway,1464,1772,2,1,15,-15,1479,1757,78,30,4,-2,82,28,20,100,-208
1574,Dec 2 1992,Friendly in Guatemala,Guatemala,Jamaica,1462,1417,2,1,6,-6,1468,1411,87,101,0,-2,87,99,20,100,145
1575,Dec 2 1992,World Cup qualifier in Israel,Israel,Bulgaria,1592,1781,0,2,-22,22,1570,1803,66,18,-6,3,60,21,40,100,-89
1576,Dec 2 1992,Friendly in Malaysia,Malaysia,Uzbekistan,1246,1664,1,1,7,-7,1253,1657,132,42,3,-3,135,39,20,100,-318
1577,Dec 3 1992,Gulf Cup in Qatar,Qatar,Kuwait,1474,1558,4,0,36,-36,1510,1522,67,84,8,-11,75,73,40,100,16
1578,Dec 4 1992,Gulf Cup in Qatar,Saudi Arabia,Oman,1581,1073,2,0,3,-3,1584,1070,54,178,2,-1,56,177,40,0,508
1579,Dec 4 1992,Gulf Cup in Qatar,United Arab Emirates,Bahrain,1500,1373,2,0,19,-19,1519,1354,69,113,5,-2,74,111,40,0,127
1580,Dec 5 1992,World Cup qualifier in Honduras,Honduras,Costa Rica,1692,1607,2,1,10,-10,1702,1597,32,54,0,-1,32,53,40,100,185
1581,Dec 6 1992,World Cup qualifier in Bermuda,Bermuda,Canada,1374,1526,0,0,3,-3,1377,1523,106,75,1,-2,107,73,40,100,-52
1582,Dec 6 1992,World Cup qualifier in El Salvador,El Salvador,Jamaica,1528,1411,2,1,9,-9,1537,1402,64,105,3,-3,67,102,40,100,217
1583,Dec 6 1992,World Cup qualifier in Mexico,Mexico,St Vincent & Grenadines,1782,1286,11,0,3,-3,1785,1283,24,132,0,0,24,132,20,0,496
1584,Dec 6 1992,Gulf Cup in Qatar,Qatar,United Arab Emirates,1510,1519,1,0,15,-15,1525,1504,68,82,4,-4,72,78,30,0,-9
1585,Dec 6 1992,Gulf Cup in Qatar,Saudi Arabia,Kuwait,1584,1522,2,1,16,-16,1600,1506,50,81,3,-4,53,77,40,0,62
1586,Dec 7 1992,Gulf Cup in Qatar,Bahrain,Oman,1354,1070,3,0,11,-11,1365,1059,107,179,2,-1,109,178,40,0,284
1587,Dec 8 1992,Merlion Tournament in Singapore,Singapore,Malaysia,1215,1253,3,0,22,-22,1237,1231,128,151,11,-8,139,143,30,100,62
1588,Dec 9 1992,Gulf Cup in Qatar,United Arab Emirates,Oman,1504,1059,1,0,3,-3,1507,1056,72,180,3,-1,75,179,40,0,445
1589,Dec 10 1992,Gulf Cup in Qatar,Bahrain,Kuwait,1365,1506,1,0,28,-28,1393,1478,101,88,4,-5,105,83,40,0,-141
1590,Dec 10 1992,Gulf Cup in Qatar,Qatar,Saudi Arabia,1525,1600,0,1,-21,21,1504,1621,82,45,-5,4,77,49,40,100,25
1591,Dec 13 1992,World Cup qualifier in Costa Rica,Costa Rica,St Vincent & Grenadines,1597,1283,5,0,7,-7,1604,1276,54,132,0,0,54,132,40,100,414
1592,Dec 13 1992,World Cup qualifier in Honduras,Honduras,Mexico,1702,1785,1,1,-1,1,1701,1786,32,24,0,0,32,24,30,100,17
1593,Dec 13 1992,Friendly in Niger,Niger,Ghana,1342,1604,0,1,-6,6,1336,1610,115,53,0,0,115,53,20,100,-162
1594,Dec 14 1992,Friendly in Guinea,Guinea,Sierra Leone,1408,1511,1,1,0,0,1408,1511,100,73,0,0,100,73,20,100,-3
1595,Dec 16 1992,Friendly in Brazil,Brazil,Germany,1987,1986,3,1,11,-11,1998,1975,2,5,0,-1,2,4,20,100,101
1596,Dec 16 1992,Friendly in Guinea,Guinea,Sierra Leone,1408,1511,0,0,0,0,1408,1511,100,73,0,0,100,73,20,100,-3
1597,Dec 16 1992,World Cup qualifier in Spain,Spain,Latvia,1827,1394,5,0,4,-4,1831,1390,16,110,0,-3,16,107,40,100,533
1598,Dec 16 1992,World Cup qualifier in Turkey,Turkey,Netherlands,1585,1956,1,3,-10,10,1575,1966,60,5,-2,0,58,5,40,100,-271
1599,Dec 19 1992,World Cup qualifier in Gabon,Gabon,Senegal,1462,1536,3,2,19,-19,1481,1517,76,76,6,-4,82,72,40,100,26
1600,Dec 19 1992,World Cup qualifier in Malta,Malta,Italy,1391,1977,1,2,-2,2,1389,1979,108,3,-1,0,107,3,30,100,-486
1601,Dec 19 1992,World Cup qualifier in Tanzania,Tanzania,Namibia,1303,1154,2,0,12,-12,1315,1142,120,163,3,0,123,163,40,100,249
1602,Dec 20 1992,World Cup qualifier in Botswana,Botswana,Niger,1066,1336,0,1,-11,11,1055,1347,181,111,-2,2,179,113,40,100,-170
1603,Dec 20 1992,World Cup qualifier in Congo,Congo,Nigeria,1453,1668,0,1,-14,14,1439,1682,93,33,-1,1,92,34,40,100,-115
1604,Dec 20 1992,World Cup qualifier in Ethiopia,Ethiopia,Benin,1377,1176,3,1,9,-9,1386,1167,108,162,0,-2,108,160,40,100,301
1605,Dec 20 1992,World Cup qualifier in Ghana,Ghana,Algeria,1610,1648,2,0,25,-25,1635,1623,39,52,7,-4,46,48,30,0,-38
1606,Dec 20 1992,World Cup qualifier in Guinea,Guinea,Kenya,1408,1416,4,0,28,-28,1436,1388,88,117,6,-10,94,107,40,100,92
1607,Dec 20 1992,World Cup qualifier in Madagascar,Madagascar,Zambia,1470,1656,2,0,37,-37,1507,1619,64,64,11,-12,75,52,40,100,-86
1608,Dec 20 1992,World Cup qualifier in Tunisia,Tunisia,Morocco,1549,1592,1,1,-3,3,1546,1595,65,55,-1,0,64,55,40,100,57
1609,Dec 20 1992,Friendly in Uruguay,Uruguay,Germany,1866,1975,1,4,-17,17,1849,1992,15,2,0,1,15,3,20,100,-9
1610,Dec 20 1992,World Cup qualifier in Zimbabwe,Zimbabwe,Egypt,1497,1648,2,1,23,-23,1520,1625,64,50,8,-3,72,47,40,100,-51
1611,Dec 22 1992,Friendly in Cyprus,Cyprus,Georgia,1319,1620,1,0,15,-15,1334,1605,112,55,4,-2,116,53,20,100,-201
1612,Dec 26 1992,Friendly in Burkina Faso,Burkina Faso,Mali,1411,1474,3,1,13,-13,1424,1461,95,90,2,-2,97,88,20,100,37
1613,1993,Friendly in Syria,Syria,Jordan,1419,1347,1,1,-5,5,1414,1352,106,107,-4,3,102,110,20,100,172
1614,1993,Friendly in Syria,Syria,Jordan,1414,1352,2,3,-14,14,1400,1366,106,107,-4,3,102,110,20,100,162
1615,Jan 1 1993,Black Stars Tournament in Gabon,Ghana,Mali,1635,1461,1,1,-7,7,1628,1468,46,86,0,1,46,87,20,100,274
1616,Jan 2 1993,Black Stars Tournament in Gabon,Gabon,Burkina Faso,1481,1424,1,1,-6,6,1475,1430,87,95,-2,1,85,96,30,100,157
1617,Jan 2 1993,Friendly in Kuwait,Kuwait,Lebanon,1478,1221,2,0,3,-3,1481,1218,81,151,2,-1,83,150,20,100,357
1618,Jan 3 1993,Black Stars Tournament in Gabon,Burkina Faso,Mali,1430,1468,1,0,17,-17,1447,1451,88,93,4,-3,92,90,30,0,-38
1619,Jan 3 1993,Black Stars Tournament in Gabon,Gabon,Ghana,1475,1628,2,3,-13,13,1462,1641,89,44,-2,1,87,45,30,100,-53
1620,Jan 8 1993,Friendly in Uganda,Uganda,Tanzania,1507,1315,3,1,5,-5,1512,1310,73,127,1,-2,74,125,20,100,292
1621,Jan 9 1993,African Nations Cup qualifier in Guinea,Sierra Leone,Togo,1511,1345,0,0,-9,9,1502,1354,83,111,-4,2,79,113,40,0,166
1622,Jan 10 1993,World Cup qualifier in Angola,Angola,Zimbabwe,1405,1520,1,1,1,-1,1406,1519,99,72,0,0,99,72,30,100,-15
1623,Jan 10 1993,Friendly in Botswana,Botswana,South Africa,1055,1655,0,2,-2,2,1053,1657,179,38,0,1,179,39,20,100,-500
1624,Jan 10 1993,African Nations Cup qualifier in Senegal,Senegal,Algeria,1517,1623,1,2,-20,20,1497,1643,89,40,-8,4,81,44,40,100,-6
1625,Jan 10 1993,Friendly in Tunisia,Tunisia,Bulgaria,1546,1803,3,0,25,-25,1571,1778,56,27,4,-3,60,24,20,100,-157
1626,Jan 10 1993,Friendly in Uganda,Uganda,Tanzania,1512,1310,2,0,4,-4,1516,1306,72,127,1,-1,73,126,20,100,302
1627,Jan 10 1993,World Cup qualifier in Zaire,Zaire,Cameroon,1555,1661,1,2,-20,20,1535,1681,72,33,-5,2,67,35,40,100,-6
1628,Jan 16 1993,World Cup qualifier in South Africa,South Africa,Nigeria,1657,1682,0,0,-4,4,1653,1686,41,34,-1,0,40,34,40,100,75
1629,Jan 16 1993,World Cup qualifier in Tanzania,Tanzania,Zambia,1306,1619,1,3,-14,14,1292,1633,134,45,-4,3,130,48,40,100,-213
1630,Jan 17 1993,World Cup qualifier in Benin,Benin,Tunisia,1167,1571,0,5,-12,12,1155,1583,164,56,-2,2,162,58,40,100,-304
1631,Jan 17 1993,World Cup qualifier in Botswana,Botswana,Ivory Coast,1053,1644,0,0,18,-18,1071,1626,173,53,3,-5,176,48,40,100,-491
1632,Jan 17 1993,World Cup qualifier in Burundi,Burundi,Algeria,1349,1643,0,0,10,-10,1359,1633,112,48,1,-2,113,46,30,0,-294
1633,Jan 17 1993,World Cup qualifier in Ethiopia,Ethiopia,Morocco,1386,1595,0,1,-14,14,1372,1609,110,51,-1,2,109,53,40,100,-109
1634,Jan 17 1993,World Cup qualifier in Mozambique,Mozambique,Gabon,1321,1462,1,1,2,-2,1323,1460,119,87,0,0,119,87,30,100,-41
1635,Jan 17 1993,World Cup qualifier in Namibia,Namibia,Madagascar,1142,1507,0,1,-7,7,1135,1514,163,74,0,0,163,74,40,100,-265
1636,Jan 17 1993,World Cup qualifier in Swaziland,Swaziland,Cameroon,1220,1681,0,0,16,-16,1236,1665,133,37,8,-1,141,36,40,100,-361
1637,Jan 17 1993,World Cup qualifier in Togo,Togo,Zimbabwe,1354,1519,1,2,-16,16,1338,1535,117,62,-2,5,115,67,40,100,-65
1638,Jan 18 1993,World Cup qualifier in Angola,Angola,Egypt,1406,1625,0,0,7,-7,1413,1618,99,53,0,-2,99,51,40,100,-119
1639,Jan 20 1993,Friendly in Guinea-Bissau,Guinea-Bissau,Guinea,1293,1436,2,1,11,-11,1304,1425,123,99,3,-2,126,97,20,100,-43
1640,Jan 20 1993,Nehru Gold Cup in India,India,Finland,1111,1575,0,0,16,-16,1127,1559,164,65,2,-3,166,62,40,100,-364
1641,Jan 20 1993,Friendly in Italy,Italy,Mexico,1979,1786,2,0,5,-5,1984,1781,4,23,0,0,4,23,20,100,293
1642,Jan 22 1993,Nehru Gold Cup in India,Cameroon,Finland,1665,1559,0,0,-6,6,1659,1565,40,60,-2,1,38,61,40,0,106
1643,Jan 23 1993,Friendly in Ghana,Ghana,Niger,1641,1347,4,0,4,-4,1645,1343,42,114,1,0,43,114,20,100,394
1644,Jan 23 1993,Friendly in Venezuela,Venezuela,Peru,1316,1541,0,0,3,-3,1319,1538,120,65,1,0,121,65,20,100,-125
1645,Jan 24 1993,African Nations Cup qualifier in Guinea-Bissau,Guinea-Bissau,Algeria,1304,1633,1,4,-15,15,1289,1648,134,38,-4,4,130,42,40,100,-229
1646,Jan 24 1993,Nehru Gold Cup in India,India,Cameroon,1127,1659,1,1,17,-17,1144,1642,160,50,3,-6,163,44,40,100,-432
1647,Jan 24 1993,World Cup qualifier in Malta,Malta,Portugal,1389,1795,0,1,-6,6,1383,1801,108,21,-1,0,107,21,40,100,-306
1648,Jan 24 1993,African Nations Cup qualifier in Togo,Togo,Senegal,1338,1497,1,1,3,-3,1341,1494,115,81,0,0,115,81,30,100,-59
1649,Jan 26 1993,Nehru Gold Cup in India,India,Finland,1144,1565,0,2,-8,8,1136,1573,163,59,0,1,163,60,40,100,-321
1650,Jan 27 1993,Friendly in Ecuador,Ecuador,Belarus,1642,1402,1,1,-8,8,1634,1410,48,100,-2,0,46,100,20,100,340
1651,Jan 27 1993,Friendly in Peru,Peru,Honduras,1538,1701,1,1,2,-2,1540,1699,65,32,0,0,65,32,20,100,-63
1652,Jan 27 1993,Friendly in Spain,Spain,Mexico,1831,1781,1,1,-4,4,1827,1785,16,23,0,0,16,23,20,100,150
1653,Jan 28 1993,Nehru Gold Cup in India,Cameroon,Finland,1642,1573,2,0,24,-24,1666,1549,28,64,8,-2,36,62,40,0,69
1654,Jan 29 1993,Friendly in Bolivia,Bolivia,Honduras,1549,1699,3,1,17,-17,1566,1682,60,36,1,-2,61,34,20,100,-50
1655,Jan 30 1993,Nehru Gold Cup in India,India,Cameroon,1136,1666,2,2,17,-17,1153,1649,163,48,0,-6,163,42,40,100,-430
1656,Jan 30 1993,Friendly in Peru,Peru,Belarus,1540,1410,1,1,-6,6,1534,1416,71,96,-3,2,68,98,20,100,230
1657,Jan 30 1993,World Cup qualifier in Senegal,Senegal,Mozambique,1494,1323,6,1,14,-14,1508,1309,69,131,6,-6,75,125,40,100,271
1658,Jan 30 1993,Friendly in the United States,United States,Denmark,1689,1911,2,2,3,-3,1692,1908,32,8,0,0,32,8,20,100,-122
1659,Jan 30 1993,World Cup qualifier in Zambia,Zambia,Namibia,1633,1135,4,0,2,-2,1635,1133,45,164,1,0,46,164,20,0,498
1660,Jan 31 1993,World Cup qualifier in Congo,Congo,South Africa,1439,1653,0,1,-14,14,1425,1667,99,33,-3,3,96,36,40,100,-114
1661,Jan 31 1993,Friendly in Ecuador,Ecuador,Romania,1634,1826,3,0,22,-22,1656,1804,33,22,7,-2,40,20,20,100,-92
1662,Jan 31 1993,World Cup qualifier in Egypt,Egypt,Togo,1618,1341,3,0,7,-7,1625,1334,47,115,2,0,49,115,40,100,377
1663,Jan 31 1993,World Cup qualifier in Ghana,Ghana,Burundi,1645,1359,1,0,4,-4,1649,1355,42,113,1,0,43,113,40,100,386
1664,Jan 31 1993,World Cup qualifier in Ivory Coast,Ivory Coast,Niger,1626,1343,1,0,4,-4,1630,1339,48,114,0,0,48,114,40,100,383
1665,Jan 31 1993,World Cup qualifier in Morocco,Morocco,Benin,1609,1155,5,0,3,-3,1612,1152,51,164,1,-1,52,163,20,0,454
1666,Jan 31 1993,Nehru Gold Cup in India,North Korea,Finland,1470,1549,3,2,24,-24,1494,1525,79,79,3,-8,82,71,40,0,-79
1667,Jan 31 1993,World Cup qualifier in Tunisia,Tunisia,Ethiopia,1583,1372,3,0,10,-10,1593,1362,54,111,2,-1,56,110,40,100,311
1668,Jan 31 1993,World Cup qualifier in Zimbabwe,Zimbabwe,Angola,1535,1413,2,1,9,-9,1544,1404,60,100,3,0,63,100,40,100,222
1669,Feb 1 1993,Friendly in Cyprus,Cyprus,Poland,1334,1811,0,0,8,-8,1342,1803,113,21,1,-1,114,20,20,100,-377
1670,Feb 3 1993,Friendly in Israel,Israel,Poland,1570,1803,0,0,4,-4,1574,1799,60,22,0,-1,60,21,20,100,-133
1671,Feb 3 1993,Friendly in Peru,Peru,Romania,1534,1804,0,2,-8,8,1526,1812,71,19,-2,0,69,19,20,100,-170
1672,Feb 5 1993,Merdeka Tournament in Malaysia,Malaysia,Singapore,1231,1237,2,1,11,-11,1242,1226,134,157,5,-9,139,148,30,100,94
1673,Feb 6 1993,Merdeka Tournament in Malaysia,Ghana,Indonesia,1649,1260,2,0,4,-4,1653,1256,39,134,2,0,41,134,30,0,389
1674,Feb 6 1993,Friendly in the United States,United States,Romania,1692,1812,1,1,1,-1,1693,1811,32,19,0,0,32,19,20,100,-20
1675,Feb 7 1993,Merdeka Tournament in Malaysia,Malaysia,Thailand,1242,1362,1,1,1,-1,1243,1361,139,114,0,-2,139,112,20,100,-20
1676,Feb 8 1993,Merdeka Tournament in Malaysia,South Korea,Indonesia,1660,1256,3,0,5,-5,1665,1251,36,138,1,-2,37,136,30,0,404
1677,Feb 9 1993,Merdeka Tournament in Malaysia,Singapore,Thailand,1226,1361,1,1,6,-6,1232,1355,138,112,5,0,143,112,30,0,-135
1678,Feb 10 1993,Friendly in Mexico,Mexico,Romania,1785,1811,2,0,12,-12,1797,1799,19,19,2,0,21,19,20,100,74
1679,Feb 10 1993,Friendly in Portugal,Portugal,Norway,1801,1757,1,1,-4,4,1797,1761,22,28,-1,0,21,28,20,100,144
1680,Feb 10 1993,Merdeka Tournament in Malaysia,South Korea,Ghana,1665,1653,3,1,22,-22,1687,1631,29,53,4,-6,33,47,30,0,12
1681,Feb 10 1993,King's Cup in Thailand,Thailand,China,1355,1479,1,0,16,-16,1371,1463,106,87,3,-1,109,86,30,100,-24
1682,Feb 13 1993,World Cup qualifier in Cyprus,Cyprus,Belgium,1342,1874,0,3,-5,5,1337,1879,116,13,-1,0,115,13,40,100,-432
1683,Feb 13 1993,Friendly in the United States,United States,Russia,1693,1884,0,1,-7,7,1686,1891,34,10,-1,1,33,11,20,100,-91
1684,Feb 14 1993,Friendly in Albania,Albania,Kosovo,1430,1400,3,1,10,-10,1440,1390,93,105,0,0,93,105,20,100,130
1685,Feb 14 1993,Merdeka Tournament in Malaysia,Malaysia,South Korea,1243,1687,3,1,40,-40,1283,1647,127,56,6,-12,133,44,30,100,-344
1686,Feb 16 1993,N Am Ch & UNCAF Cup q in Costa Rica,Costa Rica,Nicaragua,1604,963,6,0,1,-1,1605,962,53,189,1,0,54,189,20,0,641
1687,Feb 16 1993,King's Cup in Thailand,Thailand,China,1371,1463,0,4,-29,29,1342,1492,118,80,-4,3,114,83,30,100,8
1688,Feb 17 1993,World Cup qualifier in Albania,Albania,Northern Ireland,1440,1650,1,2,-14,14,1426,1664,97,33,-2,4,95,37,40,100,-110
1689,Feb 17 1993,World Cup qualifier in England,England,San Marino,1945,996,6,0,0,0,1945,996,6,185,0,0,6,185,20,0,949
1690,Feb 17 1993,World Cup qualifier in Greece,Greece,Luxembourg,1675,1164,2,0,2,-2,1677,1162,35,161,0,0,35,161,20,0,511
1691,Feb 17 1993,Friendly in Ireland,Ireland,Wales,1888,1764,2,1,4,-4,1892,1760,12,29,0,-1,12,28,20,100,224
1692,Feb 17 1993,World Cup qualifier in Israel,Israel,France,1574,1897,0,4,-16,16,1558,1913,64,6,-2,2,62,8,40,100,-223
1693,Feb 17 1993,Friendly in the United States,Russia,El Salvador,1891,1537,2,1,2,-2,1893,1535,11,65,0,0,11,65,20,0,354
1694,Feb 17 1993,World Cup qualifier in Scotland,Scotland,Malta,1790,1383,3,0,4,-4,1794,1379,23,108,0,0,23,108,40,100,507
1695,Feb 18 1993,Friendly tournament in Argentina,Argentina,Brazil,2029,1998,1,1,-5,5,2024,2003,1,2,0,0,1,2,30,100,131
1696,Feb 18 1993,Friendly in the United Arab Emirates,United Arab Emirates,Bulgaria,1507,1778,1,0,15,-15,1522,1763,70,28,3,-2,73,26,20,100,-171
1697,Feb 19 1993,N Am Ch & UNCAF Cup q in Costa Rica,Costa Rica,Nicaragua,1605,962,2,0,1,-1,1606,961,54,189,0,0,54,189,20,0,643
1698,Feb 20 1993,Baltic Tournament in Finland,Finland,Estonia,1525,1209,0,0,-12,12,1513,1221,77,150,-3,1,74,151,30,100,416
1699,Feb 20 1993,Baltic Tournament in Finland,Lithuania,Latvia,1287,1390,2,1,19,-19,1306,1371,122,113,5,-4,127,109,30,0,-103
1700,Feb 20 1993,Friendly in the United Arab Emirates,United Arab Emirates,Bulgaria,1522,1763,1,3,-9,9,1513,1772,75,24,-1,1,74,25,20,100,-141
1701,Feb 21 1993,Baltic Tournament in Finland,Finland,Lithuania,1513,1306,3,0,8,-8,1521,1298,70,133,2,-3,72,130,20,0,207
1702,Feb 21 1993,Baltic Tournament in Finland,Latvia,Estonia,1371,1221,2,0,13,-13,1384,1208,105,153,2,-1,107,152,30,0,150
1703,Feb 21 1993,Friendly in the United States,United States,Russia,1686,1893,0,0,3,-3,1689,1890,32,13,0,-1,32,12,20,100,-107
1704,Feb 24 1993,Artemio Franchi Trophy in Argentina,Argentina,Denmark,2024,1908,1,1,-14,14,2010,1922,1,7,0,1,1,8,50,100,216
1705,Feb 24 1993,Friendly in Kuwait,Kuwait,China,1481,1492,1,0,7,-7,1488,1485,81,85,2,-1,83,84,20,100,89
1706,Feb 24 1993,World Cup qualifier in the Netherlands,Netherlands,Turkey,1966,1575,3,1,3,-3,1969,1572,5,59,0,0,5,59,20,0,391
1707,Feb 24 1993,World Cup qualifier in Portugal,Portugal,Italy,1797,1984,1,3,-23,23,1774,2007,25,0,-2,2,23,2,40,100,-87
1708,Feb 24 1993,World Cup qualifier in Spain,Spain,Lithuania,1827,1298,5,0,2,-2,1829,1296,16,130,0,0,16,130,20,0,529
1709,Feb 24 1993,Friendly in Venezuela,Venezuela,Colombia,1319,1774,0,0,8,-8,1327,1766,119,28,1,-2,120,26,20,100,-355
1710,Feb 26 1993,World Cup qualifier in Algeria,Algeria,Ghana,1648,1631,2,1,14,-14,1662,1617,35,55,4,-4,39,51,30,0,17
1711,Feb 27 1993,World Cup qualifier in Kenya,Kenya,Guinea,1388,1425,2,0,25,-25,1413,1400,92,108,7,-6,99,102,30,0,-37
1712,Feb 27 1993,World Cup qualifier in Nigeria,Nigeria,Congo,1686,1425,2,0,7,-7,1693,1418,31,96,1,0,32,96,40,100,361
1713,Feb 27 1993,World Cup qualifier in Senegal,Senegal,Gabon,1508,1460,1,0,12,-12,1520,1448,70,95,3,-4,73,91,40,100,148
1714,Feb 28 1993,World Cup qualifier in Benin,Benin,Ethiopia,1152,1362,1,0,26,-26,1178,1336,154,121,5,-5,159,116,40,100,-110
1715,Feb 28 1993,World Cup qualifier in Egypt,Egypt,Zimbabwe,1625,1544,2,1,10,-10,1635,1534,46,69,1,-3,47,66,40,100,181
1716,Feb 28 1993,World Cup qualifier in Morocco,Morocco,Tunisia,1612,1593,0,0,-7,7,1605,1600,56,56,-2,0,54,56,40,100,119
1717,Feb 28 1993,World Cup qualifier in Niger,Niger,Botswana,1339,1071,2,1,4,-4,1343,1067,111,179,2,-1,113,178,20,0,268
1718,Feb 28 1993,World Cup qualifier in Togo,Togo,Angola,1334,1404,0,1,-22,22,1312,1426,129,90,-6,5,123,95,40,100,30
1719,Feb 28 1993,World Cup qualifier in Zambia,Zambia,Madagascar,1635,1514,3,1,13,-13,1648,1501,42,85,2,-5,44,80,40,100,221
1720,Mar 1 1993,World Cup qualifier in Cameroon,Cameroon,Zaire,1649,1535,0,0,-11,11,1638,1546,49,62,-3,1,46,63,40,100,214
1721,Mar 1 1993,CONCACAF Ch & Car Cup q in Martinique,French Guiana,Guadeloupe,1264,1362,2,1,25,-25,1289,1337,129,117,3,-3,132,114,40,0,-98
1722,Mar 2 1993,Friendly in Jordan,Jordan,Syria,1366,1400,1,1,-2,2,1364,1402,110,100,0,1,110,101,20,100,66
1723,Mar 3 1993,CONCACAF Ch & Car Cup q in Martinique,Martinique,Guadeloupe,1435,1337,4,1,17,-17,1452,1320,84,126,5,-6,89,120,40,100,198
1724,Mar 3 1993,Copa Paz del Chaco in Paraguay,Paraguay,Bolivia,1714,1566,1,0,6,-6,1720,1560,30,62,0,-1,30,61,20,0,148
1725,Mar 3 1993,Friendly in the United States,United States,Canada,1689,1523,2,2,-6,6,1683,1529,33,65,0,3,33,68,20,100,266
1726,Mar 5 1993,N Am Ch q & UNCAF Cup in Honduras,Costa Rica,El Salvador,1606,1535,1,0,16,-16,1622,1519,45,81,4,-8,49,73,40,0,71
1727,Mar 5 1993,N Am Ch q & UNCAF Cup in Honduras,Honduras,Panama,1682,1310,2,0,4,-4,1686,1306,32,127,1,-1,33,126,40,100,472
1728,Mar 5 1993,CONCACAF Ch & Car Cup q in Martinique,Martinique,French Guiana,1452,1289,2,1,7,-7,1459,1282,85,136,2,-2,87,134,40,100,263
1729,Mar 7 1993,N Am Ch q & UNCAF Cup in Honduras,El Salvador,Panama,1519,1306,1,1,-11,11,1508,1317,77,118,-2,4,75,122,30,100,313
1730,Mar 7 1993,N Am Ch q & UNCAF Cup in Honduras,Honduras,Costa Rica,1686,1622,2,0,17,-17,1703,1605,31,57,1,-4,32,53,40,100,164
1731,Mar 7 1993,Friendly tournament in Japan,Japan,Hungary,1529,1713,0,1,-11,11,1518,1724,77,29,-5,1,72,30,30,100,-84
1732,Mar 9 1993,Friendly in Canada,Canada,South Korea,1529,1647,0,2,-14,14,1515,1661,79,36,-6,4,73,40,20,100,-18
1733,Mar 9 1993,N Am Ch q & UNCAF Cup in Honduras,Costa Rica,Panama,1605,1317,2,0,10,-10,1615,1307,51,130,1,-4,52,126,40,0,288
1734,Mar 9 1993,N Am Ch q & UNCAF Cup in Honduras,Honduras,El Salvador,1703,1508,3,0,11,-11,1714,1497,32,87,0,-6,32,81,40,100,295
1735,Mar 10 1993,Friendly in Austria,Austria,Greece,1641,1677,2,1,8,-8,1649,1669,43,35,1,0,44,35,20,100,64
1736,Mar 10 1993,Friendly tournament in Japan,Hungary,United States,1724,1683,0,0,-2,2,1722,1685,30,34,0,0,30,34,30,0,41
1737,Mar 10 1993,World Cup qualifier in San Marino,San Marino,Turkey,996,1572,0,0,18,-18,1014,1554,181,65,2,-3,183,62,40,100,-476
1738,Mar 11 1993,Friendly in Canada,Canada,South Korea,1515,1661,2,0,17,-17,1532,1644,59,50,7,-5,66,45,20,100,-46
1739,Mar 11 1993,CONCACAF Ch & Car Cup q in Guyana,Guyana,Cayman Islands,1189,1005,3,2,7,-7,1196,998,153,186,1,-1,154,185,40,100,284
1740,Mar 11 1993,CONCACAF Ch & Car Cup q in Guyana,Puerto Rico,Barbados,929,1314,1,0,36,-36,965,1278,186,146,3,-12,189,134,40,0,-385
1741,Mar 12 1993,CONCACAF Ch & Car Cup q in Guyana,Barbados,Cayman Islands,1278,998,6,1,13,-13,1291,985,128,189,3,-2,131,187,40,0,280
1742,Mar 12 1993,Friendly in El Salvador,El Salvador,Bolivia,1497,1560,2,2,-1,1,1496,1561,79,60,1,0,80,60,20,100,37
1743,Mar 12 1993,CONCACAF Ch & Car Cup q in Guyana,Guyana,Puerto Rico,1196,965,0,2,-52,52,1144,1017,174,177,-10,6,164,183,40,100,331
1744,Mar 12 1993,Friendly in Qatar,Qatar,Jordan,1504,1364,1,2,-16,16,1488,1380,88,106,-6,2,82,108,20,100,240
1745,Mar 14 1993,CONCACAF Ch & Car Cup q in Guyana,Guyana,Barbados,1144,1291,0,3,-30,30,1114,1321,170,107,-3,12,167,119,40,100,-47
1746,Mar 14 1993,Friendly in Honduras,Honduras,Bolivia,1714,1561,0,0,-6,6,1708,1567,32,58,0,1,32,59,20,100,253
1747,Mar 14 1993,Friendly tournament in Japan,Japan,United States,1518,1685,3,1,27,-27,1545,1658,56,44,8,-5,64,39,30,100,-67
1748,Mar 14 1993,CONCACAF Ch & Car Cup q in Guyana,Puerto Rico,Cayman Islands,1017,985,4,0,34,-34,1051,951,179,195,2,-4,181,191,40,0,32
1749,Mar 16 1993,Friendly in Honduras,Honduras,Bolivia,1708,1567,0,0,-6,6,1702,1573,32,59,0,0,32,59,20,100,241
1750,Mar 16 1993,Friendly in Kuwait,Kuwait,Syria,1488,1402,2,1,5,-5,1493,1397,82,105,0,-2,82,103,20,100,186
1751,Mar 17 1993,Friendly in Brazil,Brazil,Poland,2003,1799,2,2,-7,7,1996,1806,3,19,0,0,3,19,20,100,304
1752,Mar 17 1993,Friendly in Tunisia,Tunisia,Switzerland,1600,1817,0,1,-7,7,1593,1824,56,18,0,0,56,18,20,100,-117
1753,Mar 23 1993,Friendly in El Salvador,El Salvador,United States,1496,1658,2,2,2,-2,1498,1656,80,41,0,-1,80,40,20,100,-62
1754,Mar 24 1993,Friendly in Costa Rica,Costa Rica,Canada,1615,1532,0,1,-15,15,1600,1547,58,59,-3,4,55,63,20,100,183
1755,Mar 24 1993,World Cup qualifier in Cyprus,Cyprus,Czechoslovakia,1337,1827,1,1,16,-16,1353,1811,110,19,2,-1,112,18,40,100,-390
1756,Mar 24 1993,Friendly in Israel,Israel,Russia,1558,1890,2,2,6,-6,1564,1884,59,12,1,0,60,12,20,100,-232
1757,Mar 24 1993,World Cup qualifier in Italy,Italy,Malta,2007,1379,6,1,1,-1,2008,1378,2,109,0,0,2,109,20,0,628
1758,Mar 24 1993,World Cup qualifier in the Netherlands,Netherlands,San Marino,1969,1014,6,0,0,0,1969,1014,5,184,0,0,5,184,20,0,955
1759,Mar 24 1993,Friendly in Scotland,Scotland,Germany,1794,1992,0,1,-7,7,1787,1999,22,2,0,1,22,3,20,100,-98
1760,Mar 25 1993,Friendly in Honduras,Honduras,United States,1702,1656,4,1,11,-11,1713,1645,32,48,0,-4,32,44,20,100,146
1761,Mar 26 1993,Friendly in Lebanon,Lebanon,Jordan,1218,1380,1,0,12,-12,1230,1368,141,112,5,-2,146,110,20,100,-62
1762,Mar 27 1993,World Cup qualifier in Austria,Austria,France,1649,1913,0,1,-11,11,1638,1924,46,7,-2,1,44,8,40,100,-164
1763,Mar 27 1993,Friendly in Malaysia,China,United Arab Emirates,1485,1513,0,0,1,-1,1486,1512,84,74,0,0,84,74,20,0,-28
1764,Mar 27 1993,Friendly in Malawi,Malawi,Zambia,1437,1648,1,0,13,-13,1450,1635,90,49,2,-3,92,46,20,100,-111
1765,Mar 30 1993,Friendly in Qatar,Qatar,Norway,1488,1761,1,6,-11,11,1477,1772,85,21,-1,3,84,24,20,100,-173
1766,Mar 30 1993,Friendly in Slovakia,Slovakia,Lithuania,1663,1296,2,2,-9,9,1654,1305,43,124,-3,3,40,127,20,100,467
1767,Mar 30 1993,Friendly in Malaysia,United Arab Emirates,China,1512,1486,2,1,9,-9,1521,1477,68,84,3,0,71,84,20,0,26
1768,Mar 31 1993,Friendly in Chile,Chile,Bolivia,1768,1573,2,1,3,-3,1771,1570,30,59,-2,0,28,59,20,100,295
1769,Mar 31 1993,Friendly in Colombia,Colombia,Costa Rica,1766,1600,4,1,6,-6,1772,1594,23,55,2,0,25,55,20,100,266
1770,Mar 31 1993,World Cup qualifier in Denmark,Denmark,Spain,1922,1829,1,0,10,-10,1932,1819,5,16,2,0,7,16,40,100,193
1771,Mar 31 1993,World Cup qualifier in Hungary,Hungary,Greece,1722,1669,0,1,-28,28,1694,1697,36,30,-3,2,33,32,40,100,153
1772,Mar 31 1993,World Cup qualifier in Ireland,Ireland,Northern Ireland,1892,1664,3,0,9,-9,1901,1655,11,42,0,-3,11,39,40,100,328
1773,Mar 31 1993,Friendly in Poland,Poland,Lithuania,1806,1305,1,1,-9,9,1797,1314,21,119,-1,4,20,123,20,0,501
1774,Mar 31 1993,World Cup qualifier in Switzerland,Switzerland,Portugal,1824,1774,1,1,-8,8,1816,1782,17,25,0,-1,17,24,40,100,150
1775,Mar 31 1993,World Cup qualifier in Turkey,Turkey,England,1554,1945,0,2,-9,9,1545,1954,66,6,-2,0,64,6,40,100,-291
1776,Mar 31 1993,World Cup qualifier in Wales,Wales,Belgium,1760,1879,2,0,32,-32,1792,1847,16,17,6,-2,22,15,40,100,-19
1777,Apr 2 1993,Friendly in Malaysia,Malaysia,United Arab Emirates,1283,1521,0,1,-6,6,1277,1527,135,67,-1,2,134,69,20,100,-138
1778,Apr 2 1993,CONCACAF Ch & Car Cup q in Saint Kitts and Nevis,Saint Kitts and Nevis,British Virgin Islands,1182,904,5,1,8,-8,1190,896,154,196,1,-1,155,195,40,100,378
1779,Apr 2 1993,CONCACAF Ch & Car Cup q in Anguilla,Sint Maarten,Antigua and Barbuda,928,1232,1,0,34,-34,962,1198,185,162,4,-9,189,153,40,0,-304
1780,Apr 3 1993,Friendly in Niger,Niger,Benin,1343,1178,2,2,-6,6,1337,1184,115,156,-1,1,114,157,20,100,265
1781,Apr 4 1993,CONCACAF Ch & Car Cup q in Anguilla,Anguilla,Antigua and Barbuda,572,1198,0,4,-3,3,569,1201,215,151,0,1,215,152,30,100,-526
1782,Apr 4 1993,CONCACAF Ch & Car Cup q in Saint Kitts and Nevis,Dominican Republic,British Virgin Islands,985,896,3,1,22,-22,1007,874,183,201,2,-3,185,198,40,0,89
1783,Apr 4 1993,World Cup qualifier in El Salvador,El Salvador,Mexico,1498,1797,2,1,30,-30,1528,1767,58,36,11,-8,69,28,40,100,-199
1784,Apr 4 1993,World Cup qualifier in Honduras,Honduras,Canada,1713,1547,2,2,-13,13,1700,1560,31,62,0,0,31,62,40,100,266
1785,Apr 4 1993,Friendly in Kuwait,Kuwait,Egypt,1493,1635,1,3,-13,13,1480,1648,84,38,-1,4,83,42,20,100,-42
1786,Apr 6 1993,CONCACAF Ch & Car Cup q in Anguilla,Anguilla,Sint Maarten,569,962,0,1,-6,6,563,968,217,189,-1,0,216,189,40,100,-293
1787,Apr 6 1993,CONCACAF Ch & Car Cup q in Saint Kitts and Nevis,Saint Kitts and Nevis,Dominican Republic,1190,1007,2,2,-13,13,1177,1020,161,183,-3,1,158,184,40,100,283
1788,Apr 7 1993,Friendly in Slovenia,Slovenia,Estonia,1584,1208,2,0,2,-2,1586,1206,57,151,0,0,57,151,20,100,476
1789,Apr 8 1993,World Cup qualifier in Japan,Japan,Thailand,1545,1342,1,0,6,-6,1551,1336,62,115,1,-1,63,114,40,100,303
1790,Apr 8 1993,World Cup qualifier in Japan,United Arab Emirates,Sri Lanka,1527,839,4,0,1,-1,1528,838,68,202,1,0,69,202,20,0,688
1791,Apr 9 1993,African Nations Cup qualifier in Algeria,Algeria,Sierra Leone,1662,1502,0,0,-13,13,1649,1515,48,75,-6,1,42,76,40,100,260
1792,Apr 9 1993,World Cup qualifier in Qatar,North Korea,Vietnam,1494,1157,3,0,9,-9,1503,1148,75,164,3,-1,78,163,40,0,337
1793,Apr 9 1993,Friendly in Oman,Oman,Malaysia,1056,1277,1,0,13,-13,1069,1264,176,136,2,-1,178,135,20,100,-121
1794,Apr 9 1993,World Cup qualifier in Qatar,Qatar,Indonesia,1477,1251,3,1,8,-8,1485,1243,80,142,2,-2,82,140,40,100,326
1795,Apr 9 1993,Friendly in Saudi Arabia,Saudi Arabia,United States,1621,1645,0,2,-18,18,1603,1663,59,29,-5,7,54,36,20,100,76
1796,Apr 10 1993,African Nations Cup qualifier in Egypt,Egypt,Mali,1648,1451,2,1,6,-6,1654,1445,35,98,4,-4,39,94,40,100,297
1797,Apr 10 1993,African Nations Cup qualifier in Ghana,Ghana,Liberia,1617,1392,1,0,5,-5,1622,1387,48,107,1,-1,49,106,40,100,325
1798,Apr 10 1993,African Nations Cup qualifier in South Africa,South Africa,Mauritius,1667,1235,0,0,-18,18,1649,1253,49,129,-7,7,42,136,40,100,532
1799,Apr 10 1993,African Nations Cup qualifier in Sudan,Sudan,Uganda,1321,1516,1,1,5,-5,1326,1511,119,77,0,-1,119,76,20,0,-195
1800,Apr 10 1993,African Nations Cup qualifier in Zambia,Zambia,Zimbabwe,1635,1534,0,0,-10,10,1625,1544,49,65,-1,1,48,66,40,100,201
1801,Apr 11 1993,World Cup qualifier in Canada,Canada,El Salvador,1560,1528,2,0,19,-19,1579,1509,54,85,4,-8,58,77,40,100,132
1802,Apr 11 1993,African Nations Cup qualifier in Ethiopia,Ethiopia,Nigeria,1336,1693,1,0,33,-33,1369,1660,106,36,4,-1,110,35,40,100,-257
1803,Apr 11 1993,African Nations Cup qualifier in Gabon,Gabon,Benin,1448,1184,2,0,7,-7,1455,1177,90,158,1,-1,91,157,40,100,364
1804,Apr 11 1993,African Nations Cup qualifier in Guinea,Guinea,Congo,1400,1418,1,0,15,-15,1415,1403,94,105,4,-4,98,101,40,100,82
1805,Apr 11 1993,African Nations Cup qualifier in Guinea-Bissau,Guinea-Bissau,Senegal,1289,1520,0,3,-22,22,1267,1542,136,58,-2,8,134,66,40,100,-131
1806,Apr 11 1993,World Cup qualifier in Japan,Japan,Bangladesh,1551,1074,8,0,3,-3,1554,1071,63,176,0,0,63,176,20,0,477
1807,Apr 11 1993,African Nations Cup qualifier in Lesotho,Lesotho,Zaire,1188,1546,1,1,13,-13,1201,1533,149,72,3,-4,152,68,40,100,-258
1808,Apr 11 1993,World Cup qualifier in Mexico,Mexico,Honduras,1767,1700,3,0,19,-19,1786,1681,18,35,5,-2,23,33,40,100,167
1809,Apr 11 1993,African Nations Cup qualifier in Morocco,Morocco,Malawi,1605,1450,0,1,-33,33,1572,1483,66,77,-7,7,59,84,40,100,255
1810,Apr 11 1993,African Nations Cup qualifier in Mozambique,Mozambique,Kenya,1309,1413,0,0,0,0,1309,1413,126,100,0,0,126,100,20,100,-4
1811,Apr 11 1993,African Nations Cup qualifier in Niger,Niger,Cameroon,1337,1638,0,0,10,-10,1347,1628,115,49,-1,-2,114,47,30,0,-301
1812,Apr 11 1993,World Cup qualifier in Qatar,North Korea,Singapore,1503,1232,2,1,7,-7,1510,1225,74,154,2,-5,76,149,40,0,271
1813,Apr 11 1993,World Cup qualifier in Qatar,Qatar,Vietnam,1485,1148,4,0,6,-6,1491,1142,82,163,0,0,82,163,40,100,437
1814,Apr 11 1993,World Cup qualifier in Japan,Thailand,Sri Lanka,1336,838,1,0,2,-2,1338,836,116,204,-1,-1,115,203,30,0,498
1815,Apr 13 1993,World Cup qualifier in Japan,Bangladesh,Sri Lanka,1071,836,1,0,8,-8,1079,828,176,203,0,0,176,203,40,0,235
1816,Apr 13 1993,World Cup qualifier in Qatar,North Korea,Indonesia,1510,1243,4,0,13,-13,1523,1230,70,147,3,-3,73,144,40,0,267
1817,Apr 13 1993,Friendly in Poland,Poland,Finland,1797,1521,2,1,2,-2,1799,1519,18,75,1,-1,19,74,20,100,376
1818,Apr 13 1993,World Cup qualifier in Qatar,Singapore,Vietnam,1225,1142,3,2,15,-15,1240,1127,133,169,8,-3,141,166,40,0,83
1819,Apr 13 1993,World Cup qualifier in Japan,United Arab Emirates,Thailand,1528,1338,1,0,10,-10,1538,1328,66,117,2,-1,68,116,40,0,190
1820,Apr 14 1993,World Cup qualifier in Austria,Austria,Bulgaria,1638,1772,3,1,33,-33,1671,1739,23,33,11,-4,34,29,40,100,-34
1821,Apr 14 1993,World Cup qualifier in Denmark,Denmark,Latvia,1932,1384,2,0,1,-1,1933,1383,7,107,0,0,7,107,20,0,548
1822,Apr 14 1993,Friendly in Germany,Germany,Ghana,1999,1622,6,1,2,-2,2001,1620,3,51,0,-1,3,50,20,100,477
1823,Apr 14 1993,World Cup qualifier in Italy,Italy,Estonia,2008,1206,2,0,0,0,2008,1206,2,151,0,0,2,151,20,0,802
1824,Apr 14 1993,World Cup qualifier in Lithuania,Lithuania,Albania,1314,1426,3,1,31,-31,1345,1395,107,111,8,-8,115,103,40,100,-12
1825,Apr 14 1993,World Cup qualifier in Luxembourg,Luxembourg,Russia,1162,1884,0,4,-2,2,1160,1886,161,12,0,0,161,12,30,100,-622
1826,Apr 14 1993,World Cup qualifier in Romania,Romania,Cyprus,1799,1353,2,1,2,-2,1801,1351,19,113,0,0,19,113,30,0,446
1827,Apr 15 1993,World Cup qualifier in France,Egypt,Zimbabwe,1654,1544,0,0,-6,6,1648,1550,48,63,-4,1,44,64,40,0,110
1828,Apr 15 1993,Friendly in Hungary,Hungary,Sweden,1694,1902,0,2,-10,10,1684,1912,32,10,0,0,32,10,20,100,-108
1829,Apr 15 1993,World Cup qualifier in Japan,Japan,Sri Lanka,1554,828,5,0,1,-1,1555,827,63,203,0,0,63,203,20,0,726
1830,Apr 15 1993,World Cup qualifier in Japan,United Arab Emirates,Bangladesh,1538,1079,1,0,3,-3,1541,1076,68,176,0,0,68,176,40,0,459
1831,Apr 16 1993,World Cup qualifier in Algeria,Algeria,Ivory Coast,1649,1630,1,1,-7,7,1642,1637,48,46,-3,0,45,46,40,100,119
1832,Apr 16 1993,Friendly in Singapore,Australia,Kuwait,1747,1480,1,0,4,-4,1751,1476,28,87,0,-1,28,86,20,0,267
1833,Apr 16 1993,World Cup qualifier in Qatar,Qatar,Singapore,1491,1240,4,1,8,-8,1499,1232,82,145,0,-2,82,143,40,100,351
1834,Apr 16 1993,World Cup qualifier in Qatar,Vietnam,Indonesia,1127,1230,1,0,26,-26,1153,1204,158,158,4,-7,162,151,40,0,-103
1835,Apr 17 1993,World Cup qualifier in Malta,Malta,Switzerland,1378,1816,0,2,-8,8,1370,1824,110,15,-1,1,109,16,40,100,-338
1836,Apr 17 1993,Friendly in the United States,United States,Iceland,1663,1564,1,1,-5,5,1658,1569,37,61,-1,0,36,61,20,100,199
1837,Apr 18 1993,World Cup qualifier in Cameroon,Cameroon,Guinea,1628,1415,3,1,8,-8,1636,1407,47,101,0,-2,47,99,40,100,313
1838,Apr 18 1993,World Cup qualifier in Canada,Canada,Honduras,1579,1681,3,1,30,-30,1609,1651,48,49,5,-8,53,41,40,100,-2
1839,Apr 18 1993,World Cup qualifier in Japan,Japan,United Arab Emirates,1555,1541,2,0,20,-20,1575,1521,57,78,3,-5,60,73,40,100,114
1840,Apr 18 1993,World Cup qualifier in Mexico,Mexico,El Salvador,1786,1509,3,1,6,-6,1792,1503,19,79,2,-1,21,78,40,100,377
1841,Apr 18 1993,World Cup qualifier in Morocco,Morocco,Senegal,1572,1542,1,0,13,-13,1585,1529,57,74,1,-4,58,70,40,100,130
1842,Apr 18 1993,World Cup qualifier in Qatar,Qatar,North Korea,1499,1523,1,2,-24,24,1475,1547,90,57,-4,8,86,65,40,100,76
1843,Apr 18 1993,Friendly in Singapore,Saudi Arabia,New Zealand,1603,1542,3,1,12,-12,1615,1530,49,72,2,-3,51,69,20,0,61
1844,Apr 18 1993,World Cup qualifier in Qatar,Singapore,Indonesia,1232,1204,2,0,28,-28,1260,1176,129,165,7,-7,136,158,40,0,28
1845,Apr 18 1993,World Cup qualifier in Japan,Thailand,Bangladesh,1328,1076,4,1,13,-13,1341,1063,115,182,1,-3,116,179,40,0,252
1846,Apr 19 1993,Friendly in Singapore,Kuwait,Australia,1476,1751,3,1,25,-25,1501,1726,75,30,5,-1,80,29,20,0,-275
1847,Apr 22 1993,Friendly in Singapore,Singapore,Saudi Arabia,1260,1615,0,3,-7,7,1253,1622,136,47,0,2,136,49,20,100,-255
1848,Apr 23 1993,African Nations Cup qualifier in Algeria,Algeria,Togo,1642,1312,4,0,6,-6,1648,1306,41,130,2,-3,43,127,40,100,430
1849,Apr 23 1993,Friendly in Singapore,Hong Kong,Kuwait,1250,1501,2,2,6,-6,1256,1495,132,84,4,-2,136,82,20,0,-251
1850,Apr 24 1993,African Nations Cup qualifier in Ethiopia,Ethiopia,Uganda,1369,1511,2,2,2,-2,1371,1509,108,76,1,0,109,76,30,100,-42
1851,Apr 24 1993,African Nations Cup qualifier in Kenya,Kenya,Lesotho,1413,1201,3,0,10,-10,1423,1191,94,157,2,-3,96,154,40,100,312
1852,Apr 24 1993,World Cup qualifier in Singapore,North Korea,Vietnam,1547,1153,1,0,4,-4,1551,1149,65,164,0,-1,65,163,40,0,394
1853,Apr 24 1993,World Cup qualifier in Singapore,Qatar,Indonesia,1475,1176,4,1,11,-11,1486,1165,80,162,3,-2,83,160,40,0,299
1854,Apr 24 1993,Friendly in Singapore,Saudi Arabia,New Zealand,1622,1530,1,0,7,-7,1629,1523,47,75,1,-3,48,72,20,0,92
1855,Apr 24 1993,African Nations Cup qualifier in Sierra Leone,Sierra Leone,Guinea-Bissau,1515,1267,2,0,7,-7,1522,1260,71,136,2,-1,73,135,40,100,348
1856,Apr 24 1993,African Nations Cup qualifier in South Africa,South Africa,Zimbabwe,1649,1550,1,1,-10,10,1639,1560,48,64,-3,0,45,64,40,100,199
1857,Apr 25 1993,African Nations Cup qualifier in Cameroon,Cameroon,Gabon,1636,1455,0,0,-13,13,1623,1468,51,83,-2,4,49,87,40,100,281
1858,Apr 25 1993,African Nations Cup qualifier in Congo,Congo,Burundi,1403,1355,0,0,-8,8,1395,1363,104,114,-2,-1,102,113,40,100,148
1859,Apr 25 1993,World Cup qualifier in Cyprus,Cyprus,Faroe Islands,1351,1227,3,1,13,-13,1364,1214,111,151,1,-2,112,149,40,100,224
1860,Apr 25 1993,African Nations Cup qualifier in Egypt,Egypt,Malawi,1648,1483,2,0,11,-11,1659,1472,30,87,6,-1,36,86,40,100,265
1861,Apr 25 1993,CONCACAF Ch & Car Cup q in Grenada,Grenada,Dominica,1328,1168,1,1,-13,13,1315,1181,130,151,-6,4,124,155,40,100,260
1862,Apr 25 1993,World Cup qualifier in Honduras,Honduras,El Salvador,1651,1503,2,0,12,-12,1663,1491,29,86,6,-4,35,82,40,100,248
1863,Apr 25 1993,Friendly in Singapore,Kuwait,Hong Kong,1495,1256,1,0,4,-4,1499,1252,80,142,1,-3,81,139,20,0,239
1864,Apr 25 1993,African Nations Cup qualifier in Mauritius,Mauritius,Zambia,1253,1625,0,3,-12,12,1241,1637,145,43,-4,3,141,46,40,100,-272
1865,Apr 25 1993,World Cup qualifier in Mexico,Mexico,Canada,1792,1609,4,0,12,-12,1804,1597,17,55,2,-1,19,54,40,100,283
1866,Apr 25 1993,African Nations Cup qualifier in Morocco,Morocco,Mali,1585,1445,1,0,8,-8,1593,1437,54,94,2,0,56,94,40,100,240
1867,Apr 25 1993,African Nations Cup qualifier in Mozambique,Mozambique,Zaire,1309,1533,0,0,7,-7,1316,1526,121,71,2,-2,123,69,40,100,-124
1868,Apr 25 1993,African Nations Cup qualifier in Niger,Niger,Benin,1347,1177,4,1,12,-12,1359,1165,114,162,0,-3,114,159,40,100,270
1869,Apr 25 1993,African Nations Cup qualifier in Nigeria,Nigeria,Sudan,1660,1326,4,0,6,-6,1666,1320,34,120,0,0,34,120,40,100,434
1870,Apr 25 1993,Friendly in South Korea,South Korea,Iraq,1644,1652,1,1,-3,3,1641,1655,44,40,0,0,44,40,20,100,92
1871,Apr 25 1993,CONCACAF Ch & Car Cup q in Grenada,Saint Lucia,St Vincent & Grenadines,1252,1276,1,0,21,-21,1273,1255,126,139,7,-3,133,136,40,0,-24
1872,Apr 26 1993,World Cup qualifier in Singapore,Qatar,Vietnam,1486,1149,4,0,9,-9,1495,1140,81,163,1,0,82,163,40,0,337
1873,Apr 26 1993,World Cup qualifier in Singapore,Singapore,North Korea,1253,1551,1,3,-15,15,1238,1566,145,61,-4,2,141,63,40,100,-198
1874,Apr 27 1993,CONCACAF Ch & Car Cup q in Grenada,Grenada,St Vincent & Grenadines,1315,1255,1,1,-9,9,1306,1264,128,132,-2,2,126,134,40,100,160
1875,Apr 27 1993,CONCACAF Ch & Car Cup q in Grenada,Saint Lucia,Dominica,1273,1181,4,2,22,-22,1295,1159,129,167,2,-6,131,161,40,0,92
1876,Apr 27 1993,Friendly in Ukraine,Ukraine,Israel,1584,1564,1,1,-3,3,1581,1567,59,62,0,1,59,63,20,100,120
1877,Apr 28 1993,World Cup qualifier in Bulgaria,Bulgaria,Finland,1739,1519,2,0,8,-8,1747,1511,28,75,0,0,28,75,40,100,320
1878,Apr 28 1993,World Cup qualifier in Czechoslovakia,Czechoslovakia,Wales,1811,1792,1,1,-7,7,1804,1799,20,22,-1,0,19,22,40,100,119
1879,Apr 28 1993,World Cup qualifier in England,England,Netherlands,1954,1969,2,2,-5,5,1949,1974,6,5,0,0,6,5,40,100,85
1880,Apr 28 1993,World Cup qualifier in France,France,Sweden,1924,1912,2,1,14,-14,1938,1898,5,10,2,0,7,10,30,0,12
1881,Apr 28 1993,World Cup qualifier in Ireland,Ireland,Denmark,1901,1933,1,1,-4,4,1897,1937,11,9,0,-1,11,8,40,100,68
1882,Apr 28 1993,World Cup qualifier in the United Arab Emirates,Japan,Thailand,1575,1341,1,0,8,-8,1583,1333,58,118,1,-1,59,117,40,0,234
1883,Apr 28 1993,World Cup qualifier in Singapore,North Korea,Indonesia,1566,1165,2,1,4,-4,1570,1161,58,160,3,-1,61,159,40,0,401
1884,Apr 28 1993,World Cup qualifier in Norway,Norway,Turkey,1772,1545,3,1,8,-8,1780,1537,23,66,1,0,24,66,40,100,327
1885,Apr 28 1993,World Cup qualifier in Poland,Poland,San Marino,1799,1014,1,0,0,0,1799,1014,23,185,-1,0,22,185,20,0,785
1886,Apr 28 1993,World Cup qualifier in Portugal,Portugal,Scotland,1782,1787,5,0,29,-29,1811,1758,12,31,6,-4,18,27,40,100,95
1887,Apr 28 1993,World Cup qualifier in Russia,Russia,Hungary,1886,1684,3,0,10,-10,1896,1674,12,32,0,0,12,32,40,100,302
1888,Apr 28 1993,World Cup qualifier in Singapore,Singapore,Vietnam,1238,1140,1,0,10,-10,1248,1130,137,169,2,-3,139,166,40,100,198
1889,Apr 28 1993,Friendly in South Korea,South Korea,Iraq,1641,1655,2,2,-2,2,1639,1657,44,36,0,2,44,38,20,100,86
1890,Apr 28 1993,World Cup qualifier in Spain,Spain,Northern Ireland,1819,1655,3,1,11,-11,1830,1644,15,46,1,-3,16,43,40,100,264
1891,Apr 28 1993,World Cup qualifier in the United Arab Emirates,United Arab Emirates,Sri Lanka,1521,827,3,0,1,-1,1522,826,72,203,1,0,73,203,20,0,694
1892,Apr 29 1993,CONCACAF Ch & Car Cup q in Grenada,Grenada,Saint Lucia,1306,1295,0,1,-26,26,1280,1321,142,107,-8,12,134,119,40,100,111
1893,Apr 29 1993,CONCACAF Ch & Car Cup q in Grenada,St Vincent & Grenadines,Dominica,1264,1159,2,0,21,-21,1285,1138,130,163,2,-1,132,162,40,0,105
1894,Apr 30 1993,World Cup qualifier in Singapore,Indonesia,Vietnam,1161,1130,2,1,18,-18,1179,1112,153,172,3,-3,156,169,40,0,31
1895,Apr 30 1993,World Cup qualifier in the United Arab Emirates,Japan,Bangladesh,1583,1063,4,1,3,-3,1586,1060,57,179,1,0,58,179,30,0,520
1896,Apr 30 1993,World Cup qualifier in Singapore,Singapore,Qatar,1248,1495,1,0,28,-28,1276,1467,131,94,4,-6,135,88,40,100,-147
1897,Apr 30 1993,World Cup qualifier in the United Arab Emirates,United Arab Emirates,Thailand,1522,1333,2,1,6,-6,1528,1327,65,117,4,0,69,117,40,100,289
1898,May 1 1993,World Cup qualifier in Malaysia,Malaysia,Kuwait,1264,1499,1,1,7,-7,1271,1492,136,81,0,0,136,81,40,100,-135
1899,May 1 1993,World Cup qualifier in Malaysia,Saudi Arabia,Macao,1629,1071,6,0,3,-3,1632,1068,48,178,0,-1,48,177,40,0,558
1900,May 1 1993,World Cup qualifier in Switzerland,Switzerland,Italy,1824,2008,1,0,25,-25,1849,1983,11,6,3,-2,14,4,40,100,-84
1901,May 2 1993,World Cup qualifier in El Salvador,El Salvador,Canada,1491,1597,1,2,-20,20,1471,1617,90,50,-4,2,86,52,40,100,-6
1902,May 2 1993,World Cup qualifier in Guinea,Guinea,Zimbabwe,1407,1560,3,0,40,-40,1447,1520,87,83,6,-9,93,74,40,100,-53
1903,May 2 1993,World Cup qualifier in Honduras,Honduras,Mexico,1663,1804,1,4,-31,31,1632,1835,59,15,-12,2,47,17,40,100,-41
1904,May 2 1993,World Cup qualifier in Ivory Coast,Ivory Coast,Nigeria,1637,1666,2,1,16,-16,1653,1650,34,48,6,-7,40,41,30,0,-29
1905,May 2 1993,World Cup qualifier in Singapore,North Korea,Qatar,1570,1467,2,2,-6,6,1564,1473,67,80,-3,4,64,84,40,0,103
1906,May 2 1993,World Cup qualifier in Singapore,Singapore,Indonesia,1276,1179,2,1,10,-10,1286,1169,129,160,3,-2,132,158,40,100,197
1907,May 3 1993,World Cup qualifier in Malaysia,Kuwait,Macao,1492,1068,10,1,8,-8,1500,1060,79,179,1,-1,80,178,40,0,424
1908,May 3 1993,World Cup qualifier in Malaysia,Malaysia,Saudi Arabia,1271,1632,1,1,13,-13,1284,1619,132,55,2,-4,134,51,40,100,-261
1909,May 3 1993,World Cup qualifier in the United Arab Emirates,Thailand,Sri Lanka,1327,826,3,0,4,-4,1331,822,117,203,0,0,117,203,40,0,501
1910,May 3 1993,World Cup qualifier in the United Arab Emirates,United Arab Emirates,Bangladesh,1528,1060,7,0,3,-3,1531,1057,66,179,1,0,67,179,20,0,468
1911,May 5 1993,World Cup qualifier in the United Arab Emirates,Japan,Sri Lanka,1586,822,6,0,1,-1,1587,821,58,203,0,0,58,203,20,0,764
1912,May 5 1993,World Cup qualifier in Malaysia,Kuwait,Saudi Arabia,1500,1619,0,0,7,-7,1507,1612,74,53,3,-1,77,52,40,0,-119
1913,May 5 1993,World Cup qualifier in Malaysia,Malaysia,Macao,1284,1060,9,0,13,-13,1297,1047,128,184,3,-3,131,181,40,100,324
1914,May 5 1993,World Cup qualifier in the United Arab Emirates,Thailand,Bangladesh,1331,1057,4,1,12,-12,1343,1045,115,185,1,-3,116,182,40,0,274
1915,May 7 1993,World Cup qualifier in the United Arab Emirates,Bangladesh,Sri Lanka,1045,821,3,0,15,-15,1060,806,174,203,4,0,178,203,40,0,224
1916,May 7 1993,World Cup qualifier in Lebanon,Hong Kong,Bahrain,1252,1393,2,1,28,-28,1280,1365,133,118,3,-7,136,111,40,0,-141
1917,May 7 1993,World Cup qualifier in Lebanon,Lebanon,India,1230,1153,2,2,-9,9,1221,1162,152,159,-4,1,148,160,40,100,177
1918,May 7 1993,World Cup qualifier in the United Arab Emirates,United Arab Emirates,Japan,1531,1587,1,1,-3,3,1528,1590,69,58,-1,0,68,58,40,100,44
1919,May 8 1993,Friendly in the United States,United States,Colombia,1658,1772,1,2,-10,10,1648,1782,47,23,-6,1,41,24,20,100,-14
1920,May 9 1993,World Cup qualifier in Lebanon,Bahrain,South Korea,1365,1639,0,0,13,-13,1378,1626,103,48,4,-2,107,46,40,0,-274
1921,May 9 1993,World Cup qualifier in Canada,Canada,Mexico,1617,1835,1,2,-13,13,1604,1848,57,15,-3,1,54,16,40,100,-118
1922,May 9 1993,World Cup qualifier in El Salvador,El Salvador,Honduras,1471,1632,2,1,23,-23,1494,1609,78,57,4,-5,82,52,40,100,-61
1923,May 9 1993,World Cup qualifier in Lebanon,Lebanon,Hong Kong,1221,1280,2,2,-2,2,1219,1282,148,134,0,1,148,135,30,100,41
1924,May 11 1993,World Cup qualifier in Lebanon,Hong Kong,India,1282,1162,2,1,13,-13,1295,1149,129,162,3,-1,132,161,40,0,120
1925,May 11 1993,World Cup qualifier in Lebanon,Lebanon,South Korea,1219,1626,0,1,-6,6,1213,1632,150,46,-1,0,149,46,40,100,-307
1926,May 12 1993,World Cup qualifier in Bulgaria,Bulgaria,Israel,1747,1567,2,2,-13,13,1734,1580,28,59,0,2,28,61,40,100,280
1927,May 12 1993,World Cup qualifier in Estonia,Estonia,Malta,1206,1370,0,1,-16,16,1190,1386,158,102,-4,4,154,106,40,100,-64
1928,May 13 1993,World Cup qualifier in Finland,Finland,Austria,1511,1671,3,1,35,-35,1546,1636,55,57,10,-12,65,45,40,100,-60
1929,May 13 1993,World Cup qualifier in Lebanon,Lebanon,Bahrain,1213,1378,0,0,4,-4,1217,1374,147,110,1,-1,148,109,20,0,-165
1930,May 13 1993,World Cup qualifier in Lebanon,South Korea,India,1632,1149,3,0,4,-4,1636,1145,44,161,1,0,45,161,40,0,483
1931,May 14 1993,World Cup qualifier in Saudi Arabia,Kuwait,Malaysia,1507,1297,2,0,14,-14,1521,1283,73,139,2,-4,75,135,40,0,210
1932,May 14 1993,World Cup qualifier in Saudi Arabia,Saudi Arabia,Macao,1612,1047,8,0,2,-2,1614,1045,50,182,0,0,50,182,20,0,565
1933,May 15 1993,World Cup qualifier in Lebanon,Bahrain,India,1374,1145,2,1,8,-8,1382,1137,105,163,2,-1,107,162,40,0,229
1934,May 15 1993,World Cup qualifier in Latvia,Latvia,Albania,1383,1395,0,0,-5,5,1378,1400,109,100,-1,1,108,101,40,100,88
1935,May 15 1993,Friendly tournament in the Philippines,Philippines,Brunei,838,896,1,0,13,-13,851,883,200,197,1,-1,201,196,30,100,42
1936,May 15 1993,World Cup qualifier in Lebanon,South Korea,Hong Kong,1636,1295,3,0,9,-9,1645,1286,39,133,3,-1,42,132,40,0,341
1937,May 16 1993,World Cup qualifier in Saudi Arabia,Kuwait,Macao,1521,1045,8,0,6,-6,1527,1039,65,182,5,0,70,182,40,0,476
1938,May 16 1993,World Cup qualifier in Saudi Arabia,Saudi Arabia,Malaysia,1614,1283,3,0,5,-5,1619,1278,50,139,0,-2,50,137,20,0,331
1939,May 17 1993,Friendly tournament in the Philippines,Philippines,Brunei,851,883,0,1,-18,18,833,901,203,194,-1,1,202,195,30,100,68
1940,May 18 1993,Friendly in Lithuania,Lithuania,Ukraine,1345,1581,1,2,-6,6,1339,1587,117,58,-1,1,116,59,20,100,-136
1941,May 18 1993,World Cup qualifier in Saudi Arabia,Malaysia,Macao,1278,1039,5,0,16,-16,1294,1023,125,184,6,-1,131,183,40,0,239
1942,May 18 1993,World Cup qualifier in Saudi Arabia,Saudi Arabia,Kuwait,1619,1527,2,0,15,-15,1634,1512,44,82,3,-6,47,76,40,100,192
1943,May 19 1993,World Cup qualifier in Estonia,Estonia,Scotland,1190,1758,0,3,-4,4,1186,1762,154,27,0,0,154,27,40,100,-468
1944,May 19 1993,World Cup qualifier in San Marino,San Marino,Poland,1014,1799,0,3,-1,1,1013,1800,185,22,0,0,185,22,20,100,-685
1945,May 19 1993,World Cup qualifier in Sweden,Sweden,Austria,1898,1636,1,0,4,-4,1902,1632,10,48,0,-1,10,47,20,0,262
1946,May 20 1993,World Cup qualifier in Luxembourg,Luxembourg,Iceland,1160,1569,1,1,14,-14,1174,1555,156,65,2,-1,158,64,40,100,-309
1947,May 20 1993,Black Stars Tournament in France,Réunion,Guadeloupe,1174,1320,3,0,37,-37,1211,1283,143,149,7,-14,150,135,30,0,-146
1948,May 20 1993,Friendly in Zambia,Zambia,Malawi,1637,1472,1,1,-6,6,1631,1478,49,82,-2,2,47,84,20,100,265
1949,May 21 1993,Friendly in Colombia,Colombia,Venezuela,1782,1327,1,1,-9,9,1773,1336,26,116,-1,1,25,117,20,0,455
1950,May 21 1993,CONCACAF Ch q & Car Cup in Jamaica,Jamaica,Saint Kitts and Nevis,1402,1177,4,1,9,-9,1411,1168,100,161,0,-2,100,159,40,100,325
1951,May 21 1993,CONCACAF Ch q & Car Cup in Jamaica,Martinique,Saint Lucia,1459,1321,2,0,19,-19,1478,1302,79,133,5,-7,84,126,40,0,138
1952,May 21 1993,CONCACAF Ch q & Car Cup in Jamaica,Puerto Rico,Sint Maarten,1051,968,3,0,27,-27,1078,941,172,195,4,-3,176,192,40,0,83
1953,May 21 1993,CONCACAF Ch q & Car Cup in Jamaica,Trinidad and Tobago,St Vincent & Grenadines,1532,1285,4,1,14,-14,1546,1271,63,140,2,-3,65,137,40,0,247
1954,May 22 1993,World Cup qualifier in Belgium,Belgium,Faroe Islands,1847,1214,3,0,1,-1,1848,1213,15,149,1,0,16,149,20,0,633
1955,May 22 1993,World Cup qualifier in Jordan,China,Pakistan,1477,1000,5,0,5,-5,1482,995,84,186,1,0,85,186,40,0,477
1956,May 22 1993,Black Stars Tournament in France,Guadeloupe,Burkina Faso,1283,1447,2,0,32,-32,1315,1415,112,103,11,-5,123,98,30,0,-164
1957,May 22 1993,World Cup qualifier in Jordan,Jordan,Yemen,1368,1181,1,1,-14,14,1354,1195,117,150,-3,3,114,153,40,100,287
1958,May 22 1993,Friendly in New Zealand,New Zealand,Fiji,1523,1459,2,0,8,-8,1531,1451,63,92,5,-1,68,91,20,100,164
1959,May 22 1993,Friendly in Zambia,Zambia,Malawi,1631,1478,0,1,-16,16,1615,1494,53,80,-3,2,50,82,20,100,253
1960,May 23 1993,CONCACAF Ch q & Car Cup in Jamaica,Jamaica,Sint Maarten,1411,941,2,0,2,-2,1413,939,100,194,0,-1,100,193,20,0,470
1961,May 23 1993,CONCACAF Ch q & Car Cup in Jamaica,Martinique,St Vincent & Grenadines,1478,1271,3,0,16,-16,1494,1255,78,139,4,-1,82,138,40,0,207
1962,May 23 1993,World Cup qualifier in Russia,Russia,Greece,1896,1697,1,1,-14,14,1882,1711,12,31,0,0,12,31,40,100,299
1963,May 23 1993,CONCACAF Ch q & Car Cup in Jamaica,Saint Kitts and Nevis,Puerto Rico,1168,1078,1,0,15,-15,1183,1063,155,180,2,-2,157,178,40,0,90
1964,May 23 1993,CONCACAF Ch q & Car Cup in Jamaica,Saint Lucia,Trinidad and Tobago,1302,1546,1,1,12,-12,1314,1534,121,69,3,-2,124,67,40,0,-244
1965,May 23 1993,Friendly in the United States,United States,Bolivia,1648,1570,0,0,-5,5,1643,1575,46,62,-3,0,43,62,20,100,178
1966,May 24 1993,World Cup qualifier in Jordan,Jordan,Iraq,1354,1657,1,1,11,-11,1365,1646,108,46,3,-6,111,40,30,0,-303
1967,May 24 1993,Friendly in New Zealand,New Zealand,Fiji,1531,1451,5,0,10,-10,1541,1441,64,95,2,-2,66,93,20,100,180
1968,May 24 1993,World Cup qualifier in Jordan,Yemen,Pakistan,1195,995,5,1,18,-18,1213,977,145,190,4,-2,149,188,40,0,200
1969,May 24 1993,Friendly in Zambia,Zambia,Malawi,1615,1494,4,2,7,-7,1622,1487,46,86,2,-2,48,84,20,100,221
1970,May 25 1993,Friendly in Azerbaijan,Azerbaijan,Georgia,1526,1605,1,0,9,-9,1535,1596,65,55,3,-1,68,54,20,100,21
1971,May 25 1993,CONCACAF Ch q & Car Cup in Jamaica,Jamaica,Puerto Rico,1413,1063,1,0,3,-3,1416,1060,94,178,3,0,97,178,40,100,450
1972,May 25 1993,World Cup qualifier in Lithuania,Lithuania,Northern Ireland,1339,1644,0,1,-9,9,1330,1653,120,32,-2,5,118,37,40,100,-205
1973,May 25 1993,CONCACAF Ch q & Car Cup in Jamaica,Martinique,Trinidad and Tobago,1494,1534,3,2,22,-22,1516,1512,68,84,7,-8,75,76,40,0,-40
1974,May 25 1993,CONCACAF Ch q & Car Cup in Jamaica,Saint Kitts and Nevis,Sint Maarten,1183,939,2,2,-12,12,1171,951,159,189,-1,2,158,191,40,0,244
1975,May 25 1993,CONCACAF Ch q & Car Cup in Jamaica,St Vincent & Grenadines,Saint Lucia,1255,1314,4,1,41,-41,1296,1273,122,150,8,-13,130,137,40,0,-59
1976,May 26 1993,World Cup qualifier in Albania,Albania,Ireland,1400,1897,1,2,-4,4,1396,1901,103,11,-1,0,102,11,40,100,-397
1977,May 26 1993,Friendly in Ethiopia,Ethiopia,Sudan,1371,1320,1,1,-4,4,1367,1324,110,118,0,1,110,119,20,100,151
1978,May 26 1993,World Cup qualifier in Jordan,Iraq,Yemen,1646,1213,6,1,6,-6,1652,1207,37,153,2,-2,39,151,40,0,433
1979,May 26 1993,World Cup qualifier in Jordan,Jordan,China,1365,1482,0,3,-33,33,1332,1515,123,66,-6,10,117,76,40,100,-17
1980,May 26 1993,Friendly in the United States,United States,Peru,1643,1526,0,0,-6,6,1637,1532,45,67,-1,2,44,69,20,100,217
1981,May 27 1993,Copa Paz del Chaco in Bolivia,Bolivia,Paraguay,1575,1720,2,1,17,-17,1592,1703,54,32,4,-1,58,31,30,100,-45
1982,May 28 1993,World Cup qualifier in Jordan,Iraq,Pakistan,1652,977,8,0,2,-2,1654,975,33,188,3,0,36,188,40,0,675
1983,May 28 1993,CONCACAF Ch q & Car Cup in Jamaica,Jamaica,Trinidad and Tobago,1416,1512,3,0,35,-35,1451,1477,85,95,6,-9,91,86,40,100,4
1984,May 28 1993,CONCACAF Ch q & Car Cup in Jamaica,Martinique,Saint Kitts and Nevis,1516,1171,1,1,-15,15,1501,1186,83,154,-4,2,79,156,40,0,345
1985,May 28 1993,World Cup qualifier in Jordan,Yemen,China,1207,1515,1,0,34,-34,1241,1481,131,94,10,-9,141,85,40,0,-308
1986,May 29 1993,Friendly in Ireland,Ireland,Hungary,1901,1674,2,4,-26,26,1875,1700,13,32,-1,0,12,32,20,100,327
1987,May 29 1993,World Cup qualifier in Poland,Poland,England,1800,1949,1,1,3,-3,1803,1946,20,6,1,0,21,6,40,100,-49
1988,May 30 1993,Friendly in Chile,Chile,Colombia,1771,1773,1,1,-3,3,1768,1776,26,25,0,0,26,25,20,100,98
1989,May 30 1993,Friendly in Ecuador,Ecuador,Peru,1656,1532,1,0,4,-4,1660,1528,33,69,1,0,34,69,20,100,224
1990,May 30 1993,World Cup qualifier in Jordan,Iraq,China,1654,1481,1,0,11,-11,1665,1470,30,89,3,-2,33,87,40,0,173
1991,May 30 1993,Caribbean Cup in Jamaica,Jamaica,Martinique,1451,1501,0,0,-3,3,1448,1504,93,77,-1,1,92,78,40,100,50
1992,May 30 1993,World Cup qualifier in Jordan,Jordan,Pakistan,1332,975,3,1,4,-4,1336,971,113,188,2,0,115,188,40,100,457
1993,May 30 1993,World Cup qualifier in New Zealand,New Zealand,Australia,1541,1726,0,1,-15,15,1526,1741,76,27,-5,1,71,28,40,100,-85
1994,May 30 1993,Caribbean Cup in Jamaica,Trinidad and Tobago,Saint Kitts and Nevis,1477,1186,3,2,6,-6,1483,1180,84,158,1,-1,85,157,40,0,291
1995,Jun 2 1993,World Cup qualifier in Czechoslovakia,Czechoslovakia,Romania,1804,1801,5,2,25,-25,1829,1776,18,26,1,-2,19,24,40,100,103
1996,Jun 2 1993,World Cup qualifier in Denmark,Denmark,Albania,1937,1396,4,0,2,-2,1939,1394,4,104,2,-1,6,103,20,0,541
1997,Jun 2 1993,World Cup qualifier in Iceland,Iceland,Russia,1555,1882,1,1,11,-11,1566,1871,62,13,1,-1,63,12,30,0,-327
1998,Jun 2 1993,World Cup qualifier in Latvia,Latvia,Northern Ireland,1378,1653,1,2,-11,11,1367,1664,110,30,-1,4,109,34,40,100,-175
1999,Jun 2 1993,World Cup qualifier in Lithuania,Lithuania,Spain,1330,1830,0,2,-5,5,1325,1835,118,18,0,0,118,18,40,100,-400
2000,Jun 2 1993,World Cup qualifier in Norway,Norway,England,1780,1946,2,0,36,-36,1816,1910,16,12,4,-3,20,9,40,100,-66
2001,Jun 2 1993,World Cup qualifier in Scotland,Scotland,Estonia,1762,1186,3,1,1,-1,1763,1185,27,156,0,0,27,156,20,0,576
2002,Jun 2 1993,World Cup qualifier in Sweden,Sweden,Israel,1902,1580,5,0,6,-6,1908,1574,10,62,0,0,10,62,40,100,422
2003,Jun 2 1993,Friendly in Turkmenistan,Turkmenistan,Tajikistan,1507,1415,6,0,11,-11,1518,1404,73,101,2,-1,75,100,20,100,192
2004,Jun 5 1993,World Cup qualifier in South Korea,Bahrain,Lebanon,1382,1217,0,0,-9,9,1373,1226,109,147,-1,1,108,148,40,0,165
2005,Jun 5 1993,World Cup qualifier in South Korea,South Korea,Hong Kong,1645,1286,4,1,5,-5,1650,1281,38,137,2,-2,40,135,40,100,459
2006,Jun 6 1993,World Cup qualifier in Australia,Australia,New Zealand,1741,1526,3,0,10,-10,1751,1516,28,79,0,-4,28,75,40,100,315
2007,Jun 6 1993,Friendly tournament in Iran,Azerbaijan,Tajikistan,1535,1404,2,0,14,-14,1549,1390,63,106,2,-3,65,103,30,0,131
2008,Jun 6 1993,Friendly in Colombia,Colombia,Chile,1776,1768,1,0,7,-7,1783,1761,24,28,0,-1,24,27,20,100,108
2009,Jun 6 1993,World Cup qualifier in the Faroe Islands,Faroe Islands,Wales,1213,1799,0,3,-4,4,1209,1803,152,21,-1,1,151,22,40,100,-486
2010,Jun 6 1993,Friendly tournament in Iran,Iran,Pakistan,1621,971,5,0,1,-1,1622,970,47,188,1,0,48,188,20,0,650
2011,Jun 6 1993,Friendly in Peru,Peru,Bolivia,1528,1592,1,0,9,-9,1537,1583,65,64,2,-3,67,61,20,100,36
2012,Jun 6 1993,US Cup in the United States,United States,Brazil,1637,1996,0,2,-8,8,1629,2004,48,1,-2,1,46,2,30,100,-259
2013,Jun 7 1993,Friendly tournament in Iran,Azerbaijan,Kyrgyzstan,1549,1195,3,2,3,-3,1552,1192,65,154,0,0,65,154,30,0,354
2014,Jun 7 1993,World Cup qualifier in South Korea,Bahrain,India,1373,1137,3,0,14,-14,1387,1123,102,168,3,-3,105,165,40,0,236
2015,Jun 7 1993,Southeast Asian Games in Singapore,Laos,Brunei,941,901,3,2,18,-18,959,883,187,197,3,-1,190,196,40,0,40
2016,Jun 7 1993,World Cup qualifier in South Korea,South Korea,Lebanon,1650,1226,2,0,3,-3,1653,1223,38,148,1,0,39,148,40,100,524
2017,Jun 7 1993,Southeast Asian Games in Singapore,Thailand,Myanmar,1343,1113,2,0,13,-13,1356,1100,114,175,0,-4,114,171,40,0,230
2018,Jun 7 1993,Friendly tournament in Iran,Turkmenistan,Pakistan,1518,970,4,0,2,-2,1520,968,72,188,1,0,73,188,20,0,548
2019,Jun 8 1993,Friendly tournament in Iran,Iran,Turkmenistan,1622,1520,2,1,7,-7,1629,1513,44,77,2,-2,46,75,20,0,102
2020,Jun 8 1993,Friendly tournament in Iran,Kyrgyzstan,Tajikistan,1192,1390,1,1,8,-8,1200,1382,154,111,0,-4,154,107,30,0,-198
2021,Jun 9 1993,Friendly in Ecuador,Ecuador,Chile,1660,1761,1,2,-10,10,1650,1771,47,25,-6,1,41,26,20,100,-1
2022,Jun 9 1993,Southeast Asian Games in Singapore,Indonesia,Vietnam,1169,1112,1,0,17,-17,1186,1095,153,178,3,-5,156,173,40,0,57
2023,Jun 9 1993,World Cup qualifier in Latvia,Latvia,Ireland,1367,1875,0,2,-5,5,1362,1880,115,9,-3,1,112,10,40,100,-408
2024,Jun 9 1993,World Cup qualifier in South Korea,Lebanon,Hong Kong,1223,1281,2,1,23,-23,1246,1258,132,141,8,-3,140,138,40,0,-58
2025,Jun 9 1993,Southeast Asian Games in Singapore,Malaysia,Brunei,1294,883,3,1,5,-5,1299,878,127,196,2,0,129,196,40,0,411
2026,Jun 9 1993,Southeast Asian Games in Singapore,Myanmar,Laos,1100,959,7,1,26,-26,1126,933,159,196,6,-3,165,193,40,0,141
2027,Jun 9 1993,World Cup qualifier in the Netherlands,Netherlands,Norway,1974,1816,0,0,-13,13,1961,1829,5,18,0,1,5,19,40,100,258
2028,Jun 9 1993,Southeast Asian Games in Singapore,Singapore,Philippines,1286,833,7,0,4,-4,1290,829,133,202,0,0,133,202,40,100,553
2029,Jun 9 1993,World Cup qualifier in South Korea,South Korea,India,1653,1123,7,0,2,-2,1655,1121,37,167,1,-1,38,166,20,0,530
2030,Jun 9 1993,US Cup in the United States,United States,England,1629,1910,2,0,33,-33,1662,1877,24,13,11,-2,35,11,30,100,-181
2031,Jun 10 1993,US Cup in the United States,Brazil,Germany,2004,2001,3,3,0,0,2004,2001,2,3,0,0,2,3,20,0,3
2032,Jun 10 1993,Friendly in Mexico,Mexico,Paraguay,1848,1703,3,1,6,-6,1854,1697,12,33,2,-1,14,32,20,100,245
2033,Jun 11 1993,World Cup qualifier in South Korea,Bahrain,Hong Kong,1387,1258,3,0,23,-23,1410,1235,96,152,4,-7,100,145,40,0,129
2034,Jun 11 1993,World Cup qualifier in South Korea,Lebanon,India,1246,1121,2,1,13,-13,1259,1108,136,170,2,-2,138,168,40,0,125
2035,Jun 11 1993,Southeast Asian Games in Singapore,Malaysia,Laos,1299,933,9,0,11,-11,1310,922,121,193,4,0,125,193,40,0,366
2036,Jun 11 1993,Friendly in Martinique,Martinique,Trinidad and Tobago,1504,1483,1,1,-3,3,1501,1486,80,83,-1,1,79,84,20,100,121
2037,Jun 11 1993,Friendly in Peru,Peru,Venezuela,1537,1336,3,1,5,-5,1542,1331,67,119,0,-2,67,117,20,100,301
2038,Jun 11 1993,Southeast Asian Games in Singapore,Singapore,Indonesia,1290,1186,1,1,-11,11,1279,1197,137,154,-2,1,135,155,40,100,204
2039,Jun 11 1993,Southeast Asian Games in Singapore,Thailand,Brunei,1356,878,5,2,4,-4,1360,874,112,198,1,-1,113,197,40,0,478
2040,Jun 11 1993,Southeast Asian Games in Singapore,Vietnam,Philippines,1095,829,1,0,7,-7,1102,822,169,202,2,0,171,202,40,0,266
2041,Jun 12 1993,World Cup qualifier in China,China,Pakistan,1470,968,3,0,2,-2,1472,966,87,188,0,0,87,188,20,0,502
2042,Jun 12 1993,World Cup qualifier in China,Jordan,Yemen,1336,1241,1,1,-5,5,1331,1246,117,139,-1,1,116,140,20,100,195
2043,Jun 13 1993,Friendly in Bolivia,Bolivia,Chile,1583,1771,1,3,-11,11,1572,1782,63,24,-1,1,62,25,20,100,-88
2044,Jun 13 1993,US Cup in the United States,Brazil,England,2004,1877,1,1,-5,5,1999,1882,4,9,-1,1,3,10,30,0,127
2045,Jun 13 1993,World Cup qualifier in South Korea,India,Hong Kong,1108,1235,3,1,41,-41,1149,1194,156,165,6,-10,162,155,40,0,-127
2046,Jun 13 1993,Friendly tournament in Iran,Iran,Tajikistan,1629,1382,1,0,4,-4,1633,1378,45,107,1,0,46,107,20,0,247
2047,Jun 13 1993,Southeast Asian Games in Singapore,Myanmar,Malaysia,1126,1310,2,1,30,-30,1156,1280,157,141,4,-8,161,133,40,0,-184
2048,Jun 13 1993,World Cup qualifier in South Korea,South Korea,Bahrain,1655,1410,3,0,8,-8,1663,1402,32,100,3,0,35,100,40,100,345
2049,Jun 13 1993,Southeast Asian Games in Singapore,Thailand,Laos,1360,922,4,1,5,-5,1365,917,107,193,3,0,110,193,40,0,438
2050,Jun 13 1993,US Cup in the United States,United States,Germany,1662,2001,3,4,-6,6,1656,2007,41,1,-3,1,38,2,30,100,-239
2051,Jun 14 1993,Friendly tournament in Iran,Iran,Turkmenistan,1633,1513,2,1,7,-7,1640,1506,42,79,2,-2,44,77,20,0,120
2052,Jun 14 1993,World Cup qualifier in China,Iraq,Jordan,1665,1331,4,0,10,-10,1675,1321,33,122,0,-3,33,119,40,0,334
2053,Jun 14 1993,World Cup qualifier in China,Yemen,Pakistan,1246,966,3,0,12,-12,1258,954,138,190,1,-1,139,189,40,0,280
2054,Jun 15 1993,Copa América in Ecuador,Ecuador,Venezuela,1650,1331,6,1,8,-8,1658,1323,33,120,4,-2,37,118,30,0,319
2055,Jun 15 1993,Southeast Asian Games in Singapore,Indonesia,Philippines,1197,822,3,1,6,-6,1203,816,148,202,3,0,151,202,40,0,375
2056,Jun 15 1993,Southeast Asian Games in Singapore,Myanmar,Brunei,1156,874,6,0,14,-14,1170,860,159,203,1,-3,160,200,40,0,282
2057,Jun 15 1993,Southeast Asian Games in Singapore,Singapore,Vietnam,1279,1102,2,0,10,-10,1289,1092,129,177,3,-3,132,174,40,100,277
2058,Jun 15 1993,Southeast Asian Games in Singapore,Thailand,Malaysia,1365,1280,2,0,23,-23,1388,1257,100,145,5,-6,105,139,40,0,85
2059,Jun 16 1993,World Cup qualifier in China,China,Jordan,1472,1321,4,1,13,-13,1485,1308,83,129,2,-5,85,124,40,100,251
2060,Jun 16 1993,Copa América in Ecuador,Colombia,Mexico,1783,1854,2,1,30,-30,1813,1824,18,26,3,-6,21,20,50,0,-71
2061,Jun 16 1993,World Cup qualifier in the Faroe Islands,Faroe Islands,Czechoslovakia,1209,1829,0,3,-3,3,1206,1832,150,17,0,1,150,18,30,100,-520
2062,Jun 16 1993,World Cup qualifier in Finland,Finland,Israel,1546,1574,0,0,-4,4,1542,1578,66,63,0,-1,66,62,40,100,72
2063,Jun 16 1993,World Cup qualifier in Iceland,Iceland,Hungary,1566,1700,2,0,33,-33,1599,1667,45,35,9,-2,54,33,40,100,-34
2064,Jun 16 1993,World Cup qualifier in China,Iraq,Yemen,1675,1258,3,0,6,-6,1681,1252,31,142,1,-2,32,140,40,0,417
2065,Jun 16 1993,World Cup qualifier in Lithuania,Lithuania,Ireland,1325,1880,0,1,-3,3,1322,1883,120,9,-2,1,118,10,40,100,-455
2066,Jun 16 1993,Copa América in Ecuador,Uruguay,United States,1849,1656,1,0,12,-12,1861,1644,13,47,1,-4,14,43,50,0,193
2067,Jun 17 1993,Copa América in Ecuador,Argentina,Bolivia,2010,1572,1,0,4,-4,2014,1568,1,63,0,0,1,63,50,0,438
2068,Jun 17 1993,Southeast Asian Games in Singapore,Singapore,Myanmar,1289,1170,3,3,-11,11,1278,1181,136,156,-2,2,134,158,40,100,219
2069,Jun 17 1993,Southeast Asian Games in Singapore,Thailand,Indonesia,1388,1203,1,0,10,-10,1398,1193,97,159,4,-4,101,155,40,0,185
2070,Jun 18 1993,Copa América in Ecuador,Brazil,Peru,1999,1542,0,0,-22,22,1977,1564,5,62,-1,2,4,64,50,0,457
2071,Jun 18 1993,World Cup qualifier in China,China,Yemen,1485,1252,1,0,5,-5,1490,1247,81,140,2,0,83,140,40,100,333
2072,Jun 18 1993,World Cup qualifier in China,Iraq,Pakistan,1681,954,4,0,1,-1,1682,953,32,189,0,0,32,189,20,0,727
2073,Jun 18 1993,Copa América in Ecuador,Paraguay,Chile,1697,1782,1,0,31,-31,1728,1751,29,29,1,-2,30,27,50,0,-85
2074,Jun 19 1993,Copa América in Ecuador,Ecuador,United States,1658,1644,2,0,26,-26,1684,1618,29,57,4,-7,33,50,50,100,114
2075,Jun 19 1993,US Cup in the United States,Germany,England,2007,1882,2,1,10,-10,2017,1872,0,11,1,0,1,11,30,0,125
2076,Jun 19 1993,World Cup qualifier in Portugal,Portugal,Malta,1811,1386,4,0,3,-3,1814,1383,20,107,1,0,21,107,20,0,425
2077,Jun 19 1993,Southeast Asian Games in Singapore,Singapore,Indonesia,1278,1193,3,1,15,-15,1293,1178,128,163,3,-4,131,159,40,100,185
2078,Jun 19 1993,Presidents Cup in South Korea,South Korea,Egypt,1663,1659,1,2,-26,26,1637,1685,53,28,-9,4,44,32,40,100,104
2079,Jun 19 1993,Copa América in Ecuador,Uruguay,Venezuela,1861,1323,2,2,-23,23,1838,1346,18,113,-2,2,16,115,50,0,538
2080,Jun 20 1993,Copa América in Ecuador,Argentina,Mexico,2014,1824,1,1,-12,12,2002,1836,2,14,0,3,2,17,50,0,190
2081,Jun 20 1993,Copa América in Ecuador,Bolivia,Colombia,1568,1813,1,1,15,-15,1583,1798,61,26,1,-2,62,24,50,0,-245
2082,Jun 20 1993,World Cup qualifier in China,China,Iraq,1490,1682,2,1,25,-25,1515,1657,67,38,8,-2,75,36,40,100,-92
2083,Jun 20 1993,World Cup qualifier in China,Jordan,Pakistan,1308,953,5,0,9,-9,1317,944,118,195,3,-3,121,192,40,0,355
2084,Jun 20 1993,Friendly in Mali,Mali,Senegal,1437,1529,0,2,-15,15,1422,1544,99,65,-2,2,97,67,20,100,8
2085,Jun 20 1993,Southeast Asian Games in Singapore,Thailand,Myanmar,1398,1181,4,3,9,-9,1407,1172,99,163,1,-3,100,160,40,0,217
2086,Jun 21 1993,Copa América in Ecuador,Chile,Brazil,1751,1977,3,2,39,-39,1790,1938,23,8,2,-2,25,6,50,0,-226
2087,Jun 21 1993,Copa América in Ecuador,Paraguay,Peru,1728,1564,1,1,-11,11,1717,1575,30,64,0,0,30,64,50,0,164
2088,Jun 22 1993,Friendly in France,Algeria,Guinea,1648,1447,1,1,-5,5,1643,1452,41,89,0,2,41,91,20,0,201
2089,Jun 22 1993,Copa América in Ecuador,Ecuador,Uruguay,1684,1838,2,1,29,-29,1713,1809,29,26,2,-5,31,21,50,100,-54
2090,Jun 22 1993,Copa América in Ecuador,United States,Venezuela,1618,1346,3,3,-16,16,1602,1362,56,111,-3,2,53,113,40,100,372
2091,Jun 23 1993,Copa América in Ecuador,Argentina,Colombia,2002,1798,1,1,-13,13,1989,1811,2,18,0,3,2,21,50,0,204
2092,Jun 23 1993,Copa América in Ecuador,Bolivia,Mexico,1583,1836,0,0,16,-16,1599,1820,46,22,8,-3,54,19,50,0,-253
2093,Jun 23 1993,Friendly in Costa Rica,Costa Rica,Panama,1594,1307,3,1,3,-3,1597,1304,56,127,0,-1,56,126,20,100,387
2094,Jun 23 1993,World Cup qualifier in Iran,Iran,Oman,1640,1069,0,0,-19,19,1621,1088,54,172,-6,2,48,174,40,0,571
2095,Jun 23 1993,World Cup qualifier in Iran,Syria,Taiwan,1397,1095,2,0,9,-9,1406,1086,100,177,1,-2,101,175,40,0,302
2096,Jun 24 1993,Copa América in Ecuador,Brazil,Paraguay,1938,1717,3,0,19,-19,1957,1698,4,34,1,-2,5,32,50,0,221
2097,Jun 24 1993,Copa América in Ecuador,Peru,Chile,1575,1790,1,0,39,-39,1614,1751,36,29,14,-2,50,27,50,0,-215
2098,Jun 25 1993,Friendly in Croatia,Croatia,Ukraine,1871,1587,3,1,3,-3,1874,1584,10,64,1,-1,11,63,20,100,384
2099,Jun 25 1993,World Cup qualifier in Iran,Iran,Taiwan,1621,1086,6,0,2,-2,1623,1084,44,177,2,-1,46,176,20,0,535
2100,Jun 25 1993,World Cup qualifier in Iran,Oman,Syria,1088,1406,0,0,14,-14,1102,1392,168,107,3,-3,171,104,40,0,-318
2101,Jun 26 1993,Copa América in Ecuador,Colombia,Uruguay,1811,1809,1,1,0,0,1811,1809,21,22,0,0,21,22,20,0,2
2102,Jun 26 1993,Copa América in Ecuador,Ecuador,Paraguay,1713,1698,3,0,30,-30,1743,1668,28,34,1,-1,29,33,50,100,115
2103,Jun 27 1993,Copa América in Ecuador,Argentina,Brazil,1989,1957,1,1,-2,2,1987,1959,2,5,0,0,2,5,40,0,32
2104,Jun 27 1993,World Cup qualifier in Iran,Iran,Syria,1623,1392,1,1,-15,15,1608,1407,56,96,-5,4,51,100,40,100,331
2105,Jun 27 1993,Copa América in Ecuador,Mexico,Peru,1820,1614,4,2,18,-18,1838,1596,13,64,3,-7,16,57,50,0,206
2106,Jun 27 1993,World Cup qualifier in Iran,Oman,Taiwan,1102,1084,2,1,19,-19,1121,1065,163,178,4,-1,167,177,40,0,18
2107,Jun 28 1993,Presidents Cup in South Korea,South Korea,Egypt,1637,1685,0,1,-23,23,1614,1708,53,32,-5,0,48,32,40,100,52
2108,Jun 29 1993,Friendly in Costa Rica,Costa Rica,Mexico,1597,1838,0,2,-9,9,1588,1847,66,16,-5,0,61,16,20,100,-141
2109,Jun 30 1993,Copa América in Ecuador,Ecuador,Mexico,1743,1847,0,2,-37,37,1706,1884,35,4,-3,6,32,10,50,100,-4
2110,Jul 1 1993,Copa América in Ecuador,Argentina,Colombia,1987,1811,0,0,-12,12,1975,1823,4,19,-1,1,3,20,50,0,176
2111,Jul 2 1993,Baltic Cup in Estonia,Estonia,Latvia,1185,1362,0,2,-18,18,1167,1380,164,103,-4,5,160,108,30,100,-77
2112,Jul 2 1993,World Cup qualifier in Syria,Iran,Oman,1608,1121,1,0,2,-2,1610,1119,49,167,1,0,50,167,30,0,487
2113,Jul 2 1993,World Cup qualifier in Syria,Syria,Taiwan,1407,1065,8,1,7,-7,1414,1058,100,181,0,-2,100,179,40,100,442
2114,Jul 3 1993,Copa América in Ecuador,Ecuador,Colombia,1706,1823,0,1,-24,24,1682,1847,32,14,0,3,32,17,50,100,-17
2115,Jul 3 1993,Baltic Cup in Estonia,Latvia,Lithuania,1380,1322,0,0,-2,2,1378,1324,108,116,0,1,108,117,20,0,58
2116,Jul 3 1993,World Cup qualifier in Nigeria,Nigeria,Algeria,1650,1643,4,1,25,-25,1675,1618,26,53,7,-6,33,47,40,100,107
2117,Jul 4 1993,Copa América in Ecuador,Argentina,Mexico,1975,1884,2,1,19,-19,1994,1865,1,18,1,-4,2,14,50,0,91
2118,Jul 4 1993,Baltic Cup in Estonia,Estonia,Lithuania,1167,1324,2,1,17,-17,1184,1307,152,131,4,-7,156,124,30,100,-57
2119,Jul 4 1993,Friendly in Gabon,Gabon,Mali,1468,1422,0,2,-21,21,1447,1443,98,91,-5,3,93,94,20,100,146
2120,Jul 4 1993,World Cup qualifier in Syria,Iran,Taiwan,1610,1058,6,0,3,-3,1613,1055,46,181,2,-1,48,180,30,0,552
2121,Jul 4 1993,Friendly in Jamaica,Jamaica,Costa Rica,1448,1588,1,1,1,-1,1449,1587,91,59,1,1,92,60,20,100,-40
2122,Jul 4 1993,World Cup qualifier in Syria,Syria,Oman,1414,1119,2,1,4,-4,1418,1115,96,167,2,0,98,167,40,100,395
2123,Jul 4 1993,World Cup qualifier in Zambia,Zambia,Morocco,1622,1593,2,1,13,-13,1635,1580,39,68,3,-5,42,63,40,100,129
2124,Jul 4 1993,World Cup qualifier in Zimbabwe,Zimbabwe,Cameroon,1520,1623,1,0,20,-20,1540,1603,65,60,4,-8,69,52,40,100,-3
2125,Jul 6 1993,Island Games in England,Greenland,Gibraltar,952,1100,5,0,56,-56,1008,1044,187,182,0,0,187,182,40,0,-148
2126,Jul 6 1993,Friendly in Malawi,Malawi,Swaziland,1487,1236,3,1,4,-4,1491,1232,84,144,0,0,84,144,20,100,351
2127,Jul 7 1993,Friendly in Ivory Coast,Ivory Coast,Niger,1653,1359,3,2,2,-2,1655,1357,38,115,1,0,39,115,20,100,394
2128,Jul 7 1993,World Cup qualifier in Syria,Oman,Taiwan,1115,1055,7,1,35,-35,1150,1020,157,188,5,-4,162,184,40,0,60
2129,Jul 7 1993,World Cup qualifier in Syria,Syria,Iran,1418,1613,1,1,5,-5,1423,1608,96,52,1,-2,97,50,20,0,-195
2130,Jul 8 1993,Friendly in Malawi,Malawi,Swaziland,1491,1232,1,1,-8,8,1483,1240,88,142,-2,1,86,143,20,100,359
2131,Jul 9 1993,African Nations Cup qualifier in Sudan,Sudan,Ethiopia,1324,1367,1,0,17,-17,1341,1350,115,119,1,-4,116,115,30,0,-43
2132,Jul 10 1993,CONCACAF Championship in the United States,Honduras,Panama,1609,1304,5,1,14,-14,1623,1290,41,138,4,-6,45,132,50,0,305
2133,Jul 10 1993,Friendly in Malawi,Malawi,Swaziland,1483,1240,0,1,-18,18,1465,1258,90,133,-2,5,88,138,20,100,343
2134,Jul 10 1993,CONCACAF Championship in the United States,United States,Jamaica,1602,1449,1,0,9,-9,1611,1440,47,98,3,-3,50,95,30,0,153
2135,Jul 11 1993,African Nations Cup qualifier in Benin,Benin,Cameroon,1165,1603,0,3,-9,9,1156,1612,161,45,0,4,161,49,40,100,-338
2136,Jul 11 1993,African Nations Cup qualifier in Burundi,Burundi,Guinea,1363,1452,2,2,-1,1,1362,1453,112,94,0,-2,112,92,40,100,11
2137,Jul 11 1993,CONCACAF Championship in Mexico,Canada,Costa Rica,1604,1587,1,1,-1,1,1603,1588,54,62,-1,-1,53,61,30,0,17
2138,Jul 11 1993,African Nations Cup qualifier in Egypt,Egypt,Morocco,1708,1580,1,1,-12,12,1696,1592,31,55,0,4,31,59,40,100,228
2139,Jul 11 1993,African Nations Cup qualifier in Gabon,Gabon,Niger,1447,1357,3,0,18,-18,1465,1339,84,118,4,-2,88,116,40,100,190
2140,Jul 11 1993,African Nations Cup qualifier in Lesotho,Lesotho,Mozambique,1191,1316,1,1,1,-1,1192,1315,155,121,0,0,155,121,20,100,-25
2141,Jul 11 1993,African Nations Cup qualifier in Mali,Mali,Malawi,1443,1465,2,1,16,-16,1459,1449,85,100,4,-6,89,94,30,0,-22
2142,Jul 11 1993,CONCACAF Championship in Mexico,Mexico,Martinique,1865,1501,9,0,8,-8,1873,1493,10,86,2,-3,12,83,30,0,364
2143,Jul 11 1993,African Nations Cup qualifier in Senegal,Senegal,Sierra Leone,1544,1522,1,1,-7,7,1537,1529,71,69,-2,2,69,71,40,100,122
2144,Jul 11 1993,African Nations Cup qualifier in Zaire,Zaire,Kenya,1526,1423,0,1,-31,31,1495,1454,90,85,-9,6,81,91,40,100,203
2145,Jul 11 1993,African Nations Cup qualifier in Zambia,Zambia,South Africa,1635,1639,3,0,26,-26,1661,1613,32,55,5,-7,37,48,40,100,96
2146,Jul 11 1993,African Nations Cup qualifier in Zimbabwe,Zimbabwe,Mauritius,1540,1241,2,0,5,-5,1545,1236,65,145,2,-1,67,144,20,0,299
2147,Jul 13 1993,Friendly in Peru,Peru,Uruguay,1596,1809,1,2,-7,7,1589,1816,64,20,-4,1,60,21,20,100,-113
2148,Jul 14 1993,Friendly in Brazil,Brazil,Paraguay,1959,1668,2,0,3,-3,1962,1665,3,36,1,-1,4,35,20,100,391
2149,Jul 14 1993,CONCACAF Championship in the United States,Jamaica,Honduras,1440,1623,3,1,56,-56,1496,1567,66,84,15,-20,81,64,50,0,-183
2150,Jul 14 1993,CONCACAF Championship in the United States,United States,Panama,1611,1290,2,1,4,-4,1615,1286,41,132,5,0,46,132,30,0,321
2151,Jul 15 1993,CONCACAF Championship in Mexico,Canada,Martinique,1603,1493,2,2,-8,8,1595,1501,60,74,-4,5,56,79,30,100,210
2152,Jul 15 1993,CONCACAF Championship in Mexico,Mexico,Costa Rica,1873,1588,1,1,-20,20,1853,1608,16,42,-2,9,14,51,50,100,385
2153,Jul 16 1993,South Asian Championship in Pakistan,India,Sri Lanka,1149,806,2,0,7,-7,1156,799,159,204,2,0,161,204,40,0,343
2154,Jul 16 1993,South Asian Championship in Pakistan,Pakistan,Nepal,944,841,1,1,-11,11,933,852,193,202,0,0,193,202,40,100,203
2155,Jul 17 1993,CONCACAF Championship in the United States,Jamaica,Panama,1496,1286,1,1,-14,14,1482,1300,90,122,-4,5,86,127,40,100,310
2156,Jul 17 1993,World Cup qualifier in Senegal,Senegal,Morocco,1537,1592,1,3,-34,34,1503,1626,85,32,-8,13,77,45,40,100,45
2157,Jul 17 1993,African Nations Cup qualifier in Uganda,Uganda,Nigeria,1509,1675,0,0,4,-4,1513,1671,72,33,2,0,74,33,20,0,-166
2158,Jul 17 1993,Friendly in Uruguay,Uruguay,Peru,1816,1589,3,0,5,-5,1821,1584,21,62,0,-1,21,61,20,100,327
2159,Jul 17 1993,CONCACAF Championship in the United States,United States,Honduras,1615,1567,1,0,15,-15,1630,1552,42,66,2,-1,44,65,50,100,148
2160,Jul 18 1993,CONCACAF Championship in Mexico,Costa Rica,Martinique,1608,1501,3,1,26,-26,1634,1475,32,93,10,-7,42,86,50,0,107
2161,Jul 18 1993,World Cup qualifier in Ecuador,Ecuador,Brazil,1682,1962,0,0,10,-10,1692,1952,32,6,0,-1,32,5,30,0,-280
2162,Jul 18 1993,World Cup qualifier in Guinea,Guinea,Cameroon,1453,1612,0,1,-17,17,1436,1629,99,42,-3,4,96,46,40,100,-59
2163,Jul 18 1993,World Cup qualifier in Ivory Coast,Ivory Coast,Algeria,1655,1618,1,0,12,-12,1667,1606,28,61,6,-7,34,54,40,100,137
2164,Jul 18 1993,CONCACAF Championship in Mexico,Mexico,Canada,1853,1595,8,0,13,-13,1866,1582,14,67,0,-5,14,62,30,0,258
2165,Jul 18 1993,South Asian Championship in Pakistan,Pakistan,Sri Lanka,933,799,0,4,-60,60,873,859,203,200,-5,2,198,202,40,100,234
2166,Jul 18 1993,World Cup qualifier in Venezuela,Venezuela,Bolivia,1362,1599,1,7,-27,27,1335,1626,120,40,-4,7,116,47,40,100,-137
2167,Jul 19 1993,South Asian Championship in Pakistan,Nepal,Sri Lanka,852,859,0,0,0,0,852,859,203,202,0,0,203,202,20,0,-7
2168,Jul 21 1993,South Asian Championship in Pakistan,India,Nepal,1156,852,1,0,6,-6,1162,846,161,203,0,0,161,203,40,0,304
2169,Jul 21 1993,CONCACAF Championship in the United States,United States,Costa Rica,1630,1634,1,0,18,-18,1648,1616,39,56,3,-7,42,49,50,100,96
2170,Jul 22 1993,CONCACAF Championship in Mexico,Mexico,Jamaica,1866,1482,6,1,6,-6,1872,1476,10,85,2,0,12,85,30,0,384
2171,Jul 23 1993,South Asian Championship in Pakistan,Pakistan,India,873,1162,1,1,10,-10,883,1152,194,163,2,-1,196,162,30,0,-289
2172,Jul 24 1993,African Nations Cup qualifier in Nigeria,Nigeria,Ethiopia,1671,1350,6,0,7,-7,1678,1343,33,113,0,0,33,113,40,100,421
2173,Jul 24 1993,African Nations Cup qualifier in Uganda,Uganda,Sudan,1513,1341,1,0,7,-7,1520,1334,70,118,2,-2,72,116,40,100,272
2174,Jul 25 1993,African Nations Cup qualifier in Algeria,Algeria,Senegal,1606,1503,4,0,18,-18,1624,1485,44,93,5,-8,49,85,40,100,203
2175,Jul 25 1993,African Nations Cup qualifier in Benin,Benin,Gabon,1156,1465,1,2,-9,9,1147,1474,165,87,-2,1,163,88,40,100,-209
2176,Jul 25 1993,World Cup qualifier in Bolivia,Bolivia,Brazil,1626,1952,2,0,47,-47,1673,1905,20,13,13,-4,33,9,40,100,-226
2177,Jul 25 1993,African Nations Cup qualifier in Cameroon,Cameroon,Niger,1629,1339,2,0,6,-6,1635,1333,45,118,0,-2,45,116,40,100,390
2178,Jul 25 1993,CONCACAF Championship in Mexico,Costa Rica,Jamaica,1616,1476,1,1,-10,10,1606,1486,59,81,-5,2,54,83,50,0,140
2179,Jul 25 1993,African Nations Cup qualifier in Kenya,Kenya,Mozambique,1454,1315,4,1,14,-14,1468,1301,88,131,2,-5,90,126,40,100,239
2180,Jul 25 1993,African Nations Cup qualifier in Liberia,Liberia,Ghana,1387,1620,0,2,-19,19,1368,1639,114,40,-4,4,110,44,40,100,-133
2181,Jul 25 1993,African Nations Cup qualifier in Malawi,Malawi,Morocco,1449,1626,0,2,-23,23,1426,1649,98,40,-2,3,96,43,40,100,-77
2182,Jul 25 1993,African Nations Cup qualifier in Mali,Mali,Egypt,1459,1696,2,1,28,-28,1487,1668,74,37,8,-3,82,34,40,100,-137
2183,Jul 25 1993,African Nations Cup qualifier in Mauritius,Mauritius,South Africa,1236,1613,1,3,-10,10,1226,1623,150,49,-3,1,147,50,40,100,-277
2184,Jul 25 1993,CONCACAF Championship in Mexico,Mexico,United States,1872,1648,4,0,13,-13,1885,1635,8,48,2,-3,10,45,50,100,324
2185,Jul 25 1993,World Cup qualifier in Venezuela,Venezuela,Uruguay,1335,1821,0,1,-4,4,1331,1825,119,21,-2,0,117,21,40,100,-386
2186,Jul 25 1993,African Nations Cup qualifier in Zaire,Zaire,Lesotho,1495,1192,7,0,8,-8,1503,1184,73,155,4,0,77,155,40,100,403
2187,Jul 25 1993,African Nations Cup qualifier in Zimbabwe,Zimbabwe,Zambia,1545,1661,1,1,1,-1,1546,1660,67,40,0,-1,67,39,30,100,-16
2188,Jul 28 1993,Friendly in France,France,Russia,1938,1871,3,1,8,-8,1946,1863,4,14,1,0,5,14,20,100,167
2189,Jul 29 1993,Friendly in Malawi,Malawi,Swaziland,1426,1258,3,0,6,-6,1432,1252,96,142,0,-2,96,140,20,100,268
2190,Jul 31 1993,World Cup qualifier in Canada,Canada,Australia,1582,1751,2,1,24,-24,1606,1727,46,31,8,-2,54,29,40,100,-69
2191,Aug 1 1993,World Cup qualifier in Colombia,Colombia,Paraguay,1847,1665,0,0,-13,13,1834,1678,19,27,-1,5,18,32,40,100,282
2192,Aug 1 1993,World Cup qualifier in Peru,Peru,Argentina,1584,1994,0,1,-6,6,1578,2000,63,2,-1,0,62,2,40,100,-310
2193,Aug 1 1993,World Cup qualifier in Uruguay,Uruguay,Ecuador,1825,1692,0,0,-12,12,1813,1704,23,31,-1,0,22,31,40,100,233
2194,Aug 1 1993,World Cup qualifier in Venezuela,Venezuela,Brazil,1331,1905,1,5,-5,5,1326,1910,117,7,0,1,117,8,40,100,-474
2195,Aug 7 1993,World Cup qualifier in Ivory Coast,Senegal,Zambia,1485,1660,0,0,9,-9,1494,1651,77,45,4,-3,81,42,40,0,-175
2196,Aug 8 1993,World Cup qualifier in Bolivia,Bolivia,Uruguay,1673,1813,3,1,33,-33,1706,1780,30,26,2,-2,32,24,40,100,-40
2197,Aug 8 1993,Friendly in Brazil,Brazil,Mexico,1910,1885,1,1,-3,3,1907,1888,10,10,-1,0,9,10,20,100,125
2198,Aug 8 1993,World Cup qualifier in Ecuador,Ecuador,Venezuela,1704,1326,5,0,5,-5,1709,1321,31,117,0,0,31,117,40,100,478
2199,Aug 8 1993,Friendly in Guinea,Guinea,Sierra Leone,1436,1529,1,0,10,-10,1446,1519,93,74,1,-2,94,72,20,100,7
2200,Aug 8 1993,World Cup qualifier in Paraguay,Paraguay,Argentina,1678,2000,1,3,-13,13,1665,2013,42,2,-5,0,37,2,40,100,-222
2201,Aug 8 1993,World Cup qualifier in Peru,Peru,Colombia,1578,1834,0,1,-12,12,1566,1846,64,16,-1,1,63,17,40,100,-156
2202,Aug 8 1993,Friendly in Zimbabwe,Zimbabwe,Swaziland,1546,1252,2,0,3,-3,1549,1249,67,140,0,0,67,140,20,100,394
2203,Aug 9 1993,Friendly in Guinea,Guinea,Sierra Leone,1446,1519,4,0,17,-17,1463,1502,90,82,2,-5,92,77,20,100,27
2204,Aug 11 1993,Friendly in the Faroe Islands,Faroe Islands,Norway,1206,1829,0,7,-2,2,1204,1831,150,20,0,0,150,20,20,100,-523
2205,Aug 11 1993,Friendly in Sweden,Sweden,Switzerland,1908,1849,1,2,-14,14,1894,1863,10,13,-1,1,9,14,20,100,159
2206,Aug 15 1993,World Cup qualifier in Australia,Australia,Canada,1727,1606,2,1,9,-9,1736,1597,27,58,1,-2,28,56,40,100,221
2207,Aug 15 1993,World Cup qualifier in Bolivia,Bolivia,Ecuador,1706,1709,1,0,15,-15,1721,1694,28,33,2,-1,30,32,30,0,-3
2208,Aug 15 1993,World Cup qualifier in Colombia,Colombia,Argentina,1846,2013,2,1,24,-24,1870,1989,11,2,3,0,14,2,40,100,-67
2209,Aug 15 1993,African Nations Cup qualifier in Congo,Congo,Guinea,1395,1463,0,0,-2,2,1393,1465,105,92,-1,0,104,92,40,100,32
2210,Aug 15 1993,World Cup qualifier in Paraguay,Paraguay,Peru,1665,1566,2,1,10,-10,1675,1556,31,65,3,-1,34,64,40,100,199
2211,Aug 15 1993,World Cup qualifier in Uruguay,Uruguay,Brazil,1780,1907,1,1,2,-2,1782,1905,24,8,0,0,24,8,40,100,-27
2212,Aug 20 1993,Indian Ocean Games in the Seychelles,Madagascar,Comoros,1501,878,5,0,2,-2,1503,876,73,197,3,0,76,197,30,0,623
2213,Aug 22 1993,World Cup qualifier in Argentina,Argentina,Peru,1989,1556,2,1,2,-2,1991,1554,2,64,0,0,2,64,20,0,433
2214,Aug 22 1993,World Cup qualifier in Bolivia,Bolivia,Venezuela,1721,1321,7,0,5,-5,1726,1316,30,123,0,-3,30,120,40,100,500
2215,Aug 22 1993,World Cup qualifier in Brazil,Brazil,Ecuador,1905,1694,2,0,9,-9,1914,1685,8,32,0,0,8,32,40,100,311
2216,Aug 22 1993,Indian Ocean Games in the Seychelles,Mauritius,Comoros,1226,876,3,0,6,-6,1232,870,141,199,3,-1,144,198,30,0,350
2217,Aug 22 1993,World Cup qualifier in Paraguay,Paraguay,Colombia,1675,1870,1,1,5,-5,1680,1865,32,14,1,0,33,14,20,0,-195
2218,Aug 22 1993,Indian Ocean Games in the Seychelles,Seychelles,Réunion,981,1211,0,2,-14,14,967,1225,189,147,0,1,189,148,30,100,-130
2219,Aug 22 1993,World Cup qualifier in Sweden,Sweden,France,1894,1946,1,1,-3,3,1891,1949,9,5,0,0,9,5,40,100,48
2220,Aug 24 1993,Indian Ocean Games in the Seychelles,Madagascar,Mauritius,1503,1232,2,1,5,-5,1508,1227,74,150,1,-3,75,147,30,0,271
2221,Aug 24 1993,Indian Ocean Games in the Seychelles,Seychelles,Réunion,967,1225,0,2,-13,13,954,1238,191,138,-1,5,190,143,30,100,-158
2222,Aug 25 1993,World Cup qualifier in Austria,Austria,Finland,1632,1542,3,0,18,-18,1650,1524,38,72,5,-2,43,70,40,100,190
2223,Aug 25 1993,World Cup qualifier in Denmark,Denmark,Lithuania,1939,1307,4,0,1,-1,1940,1306,6,123,0,0,6,123,20,0,632
2224,Aug 26 1993,Indian Ocean Games in the Seychelles,Réunion,Mauritius,1238,1227,1,0,15,-15,1253,1212,135,151,4,-2,139,149,30,0,11
2225,Aug 26 1993,Indian Ocean Games in the Seychelles,Seychelles,Madagascar,954,1508,1,2,-2,2,952,1510,190,75,0,0,190,75,30,100,-454
2226,Aug 28 1993,Indian Ocean Games in the Seychelles,Seychelles,Mauritius,952,1212,2,6,-16,16,936,1228,194,145,-2,2,192,147,30,100,-160
2227,Aug 29 1993,World Cup qualifier in Argentina,Argentina,Paraguay,1991,1680,0,0,-17,17,1974,1697,4,31,-1,1,3,32,40,100,411
2228,Aug 29 1993,World Cup qualifier in Brazil,Brazil,Bolivia,1914,1726,6,0,14,-14,1928,1712,8,30,0,0,8,30,40,100,288
2229,Aug 29 1993,World Cup qualifier in Colombia,Colombia,Peru,1865,1554,4,0,6,-6,1871,1548,14,70,0,-3,14,67,40,100,411
2230,Aug 29 1993,Indian Ocean Games in the Seychelles,Madagascar,Réunion,1510,1253,1,0,6,-6,1516,1247,69,143,3,-2,72,141,30,0,257
2231,Aug 29 1993,World Cup qualifier in Uruguay,Uruguay,Venezuela,1782,1316,4,0,3,-3,1785,1313,24,122,0,-1,24,121,40,100,566
2232,Aug 31 1993,Friendly in Iceland,Iceland,United States,1599,1635,0,1,-12,12,1587,1647,63,44,-4,1,59,45,20,100,64
2233,Sep 5 1993,World Cup qualifier in Argentina,Argentina,Colombia,1974,1871,0,5,-61,61,1913,1932,15,-2,-6,8,9,6,40,100,203
2234,Sep 5 1993,World Cup qualifier in Brazil,Brazil,Venezuela,1928,1313,4,0,1,-1,1929,1312,8,121,0,0,8,121,20,0,615
2235,Sep 5 1993,World Cup qualifier in Ecuador,Ecuador,Uruguay,1685,1785,0,1,-20,20,1665,1805,41,20,-4,2,37,22,40,100,0
2236,Sep 5 1993,World Cup qualifier in Estonia,Estonia,Portugal,1184,1814,0,2,-3,3,1181,1817,157,21,-1,0,156,21,40,100,-530
2237,Sep 5 1993,World Cup qualifier in Peru,Peru,Paraguay,1548,1697,2,2,3,-3,1551,1694,65,32,1,0,66,32,40,100,-49
2238,Sep 6 1993,Friendly tournament in Swaziland,Swaziland,Zimbabwe,1249,1549,0,1,-7,7,1242,1556,146,61,-3,3,143,64,30,100,-200
2239,Sep 8 1993,World Cup qualifier in Albania,Albania,Denmark,1394,1940,0,1,-3,3,1391,1943,105,5,-1,0,104,5,40,100,-446
2240,Sep 8 1993,World Cup qualifier in Bulgaria,Bulgaria,Sweden,1734,1891,1,1,3,-3,1737,1888,27,12,1,-1,28,11,40,100,-57
2241,Sep 8 1993,World Cup qualifier in England,England,Poland,1872,1803,3,0,19,-19,1891,1784,6,25,4,-1,10,24,40,100,169
2242,Sep 8 1993,World Cup qualifier in the Faroe Islands,Faroe Islands,Romania,1204,1776,0,4,-5,5,1199,1781,156,25,-3,0,153,25,40,100,-472
2243,Sep 8 1993,World Cup qualifier in Finland,Finland,France,1524,1949,0,2,-8,8,1516,1957,72,4,-1,0,71,4,40,100,-325
2244,Sep 8 1993,World Cup qualifier in Hungary,Hungary,Russia,1667,1863,1,3,-22,22,1645,1885,53,11,-9,2,44,13,40,100,-96
2245,Sep 8 1993,World Cup qualifier in Iceland,Iceland,Luxembourg,1587,1174,1,0,2,-2,1589,1172,59,159,0,0,59,159,20,0,413
2246,Sep 8 1993,World Cup qualifier in Ireland,Ireland,Lithuania,1883,1306,2,0,1,-1,1884,1305,16,125,-2,-1,14,124,20,0,577
2247,Sep 8 1993,Friendly in Norway,Norway,United States,1831,1647,1,0,3,-3,1834,1644,20,45,0,0,20,45,20,100,284
2248,Sep 8 1993,World Cup qualifier in Northern Ireland,Northern Ireland,Latvia,1664,1378,2,0,6,-6,1670,1372,30,111,4,-2,34,109,40,100,386
2249,Sep 8 1993,World Cup qualifier in Scotland,Scotland,Switzerland,1763,1863,1,1,0,0,1763,1863,26,17,0,-1,26,16,20,100,0
2250,Sep 8 1993,Friendly in Spain,Spain,Chile,1835,1751,2,0,8,-8,1843,1743,18,27,0,0,18,27,20,100,184
2251,Sep 8 1993,World Cup qualifier in Wales,Wales,Czechoslovakia,1803,1832,2,2,-4,4,1799,1836,23,19,0,0,23,19,40,100,71
2252,Sep 12 1993,Friendly in Iran,Iran,Bosnia and Herzegovina,1608,1600,1,3,-20,20,1588,1620,60,51,0,0,60,51,20,100,108
2253,Sep 12 1993,World Cup qualifier in Uruguay,Uruguay,Bolivia,1805,1712,2,1,10,-10,1815,1702,22,32,0,-1,22,31,40,100,193
2254,Sep 12 1993,World Cup qualifier in Venezuela,Venezuela,Ecuador,1312,1665,2,1,32,-32,1344,1633,107,59,7,-11,114,48,40,100,-253
2255,Sep 15 1993,Friendly in Morocco,Morocco,Mali,1649,1487,3,0,6,-6,1655,1481,36,90,3,-3,39,87,20,100,262
2256,Sep 17 1993,Friendly in Saudi Arabia,Saudi Arabia,Thailand,1634,1407,4,0,5,-5,1639,1402,43,102,2,0,45,102,20,100,327
2257,Sep 19 1993,World Cup qualifier in Brazil,Brazil,Uruguay,1929,1815,2,0,14,-14,1943,1801,2,22,3,0,5,22,40,100,214
2258,Sep 19 1993,World Cup qualifier in Ecuador,Ecuador,Bolivia,1633,1702,1,1,-2,2,1631,1704,48,31,0,0,48,31,40,100,31
2259,Sep 19 1993,Friendly in Zimbabwe,Zimbabwe,Senegal,1556,1494,2,0,8,-8,1564,1486,63,84,1,-1,64,83,20,100,162
2260,Sep 20 1993,Friendly in Saudi Arabia,Saudi Arabia,Thailand,1639,1402,3,0,4,-4,1643,1398,45,104,0,-1,45,103,20,100,337
2261,Sep 22 1993,World Cup qualifier in Albania,Albania,Spain,1391,1843,1,5,-9,9,1382,1852,109,16,-2,1,107,17,40,100,-352
2262,Sep 22 1993,World Cup qualifier in Estonia,Estonia,Italy,1181,1983,0,3,-1,1,1180,1984,157,2,0,0,157,2,20,100,-702
2263,Sep 22 1993,Friendly in the United States,Mexico,Cameroon,1888,1635,1,0,4,-4,1892,1631,9,47,1,0,10,47,20,0,253
2264,Sep 22 1993,Friendly in Morocco,Morocco,Algeria,1655,1624,0,0,-4,4,1651,1628,41,49,-1,0,40,49,20,100,131
2265,Sep 22 1993,World Cup qualifier in Italy,Netherlands,San Marino,1961,1013,7,0,0,0,1961,1013,3,187,0,0,3,187,20,0,948
2266,Sep 22 1993,World Cup qualifier in Norway,Norway,Poland,1834,1784,1,0,12,-12,1846,1772,18,26,1,-1,19,25,40,100,150
2267,Sep 22 1993,Friendly in Romania,Romania,Israel,1781,1578,1,0,3,-3,1784,1575,23,63,1,0,24,63,20,100,303
2268,Sep 22 1993,Friendly in Tunisia,Tunisia,Germany,1593,2017,1,1,7,-7,1600,2010,53,1,2,0,55,1,20,100,-324
2269,Sep 23 1993,Friendly in Saudi Arabia,Saudi Arabia,Costa Rica,1643,1606,1,2,-14,14,1629,1620,51,48,-3,3,48,51,20,100,137
2270,Sep 24 1993,Friendly in South Korea,South Korea,Australia,1614,1736,1,1,1,-1,1615,1735,53,29,0,0,53,29,20,100,-22
2271,Sep 25 1993,World Cup qualifier in Nigeria,Nigeria,Ivory Coast,1678,1667,4,1,24,-24,1702,1643,31,52,1,-8,32,44,40,100,111
2272,Sep 26 1993,Friendly in South Korea,South Korea,Australia,1615,1735,1,0,11,-11,1626,1724,47,29,3,0,50,29,20,100,-20
2273,Sep 26 1993,World Cup qualifier in Zambia,Zambia,Senegal,1651,1486,4,0,13,-13,1664,1473,33,95,3,-6,36,89,40,100,265
2274,Sep 26 1993,World Cup qualifier in Zimbabwe,Zimbabwe,Guinea,1564,1465,1,0,10,-10,1574,1455,64,95,0,-1,64,94,40,100,199
2275,Sep 27 1993,Friendly in Saudi Arabia,Saudi Arabia,Costa Rica,1629,1620,3,2,7,-7,1636,1613,44,54,2,-1,46,53,20,100,109
2276,Oct 1 1993,Friendly in France,Morocco,Gabon,1651,1474,1,0,5,-5,1656,1469,38,92,1,-2,39,90,20,0,177
2277,Oct 4 1993,Afro-Asian Cup in Japan,Japan,Ivory Coast,1590,1643,1,0,22,-22,1612,1621,50,58,4,-7,54,51,50,100,47
2278,Oct 5 1993,Friendly in Cyprus,Cyprus,Israel,1364,1575,2,2,3,-3,1367,1572,112,65,0,-1,112,64,20,100,-111
2279,Oct 6 1993,Friendly in Belgium,Belgium,Gabon,1848,1469,2,1,1,-1,1849,1468,18,90,0,0,18,90,20,100,479
2280,Oct 6 1993,Friendly in the United States,Mexico,South Africa,1892,1623,4,0,7,-7,1899,1616,10,54,0,-2,10,52,20,0,269
2281,Oct 6 1993,Friendly in Saudi Arabia,Saudi Arabia,Russia,1636,1885,4,2,21,-21,1657,1864,29,17,8,-2,37,15,20,100,-149
2282,Oct 8 1993,World Cup qualifier in Algeria,Algeria,Nigeria,1628,1702,1,1,-1,1,1627,1703,48,32,0,0,48,32,20,100,26
2283,Oct 10 1993,World Cup qualifier in Cameroon,Cameroon,Zimbabwe,1631,1574,3,1,17,-17,1648,1557,40,67,3,-2,43,65,40,100,157
2284,Oct 10 1993,World Cup qualifier in Morocco,Morocco,Zambia,1656,1664,1,0,15,-15,1671,1649,28,48,6,-6,34,42,30,0,-8
2285,Oct 12 1993,World Cup qualifier in Luxembourg,Luxembourg,Greece,1172,1711,1,3,-4,4,1168,1715,162,30,-1,0,161,30,40,100,-439
2286,Oct 13 1993,World Cup qualifier in Bulgaria,Bulgaria,Austria,1737,1650,4,1,18,-18,1755,1632,22,51,3,-5,25,46,40,100,187
2287,Oct 13 1993,World Cup qualifier in Denmark,Denmark,Northern Ireland,1943,1670,1,0,4,-4,1947,1666,3,37,1,-1,4,36,40,100,373
2288,Oct 13 1993,World Cup qualifier in France,France,Israel,1957,1572,2,3,-38,38,1919,1610,12,51,-4,6,8,57,40,100,485
2289,Oct 13 1993,Friendly in Germany,Germany,Uruguay,2010,1801,5,0,6,-6,2016,1795,1,26,0,-2,1,24,20,100,309
2290,Oct 13 1993,World Cup qualifier in Ireland,Ireland,Spain,1884,1852,1,3,-41,41,1843,1893,23,5,-5,6,18,11,40,100,132
2291,Oct 13 1993,World Cup qualifier in Italy,Italy,Scotland,1984,1763,3,1,8,-8,1992,1755,2,24,0,1,2,25,40,100,321
2292,Oct 13 1993,World Cup qualifier in the Netherlands,Netherlands,England,1961,1891,2,0,16,-16,1977,1875,3,17,0,-3,3,14,40,100,170
2293,Oct 13 1993,World Cup qualifier in Poland,Poland,Norway,1772,1846,0,3,-38,38,1734,1884,31,7,-3,6,28,13,40,100,26
2294,Oct 13 1993,World Cup qualifier in Portugal,Portugal,Switzerland,1817,1863,1,0,17,-17,1834,1846,19,18,1,-1,20,17,30,0,-46
2295,Oct 13 1993,World Cup qualifier in Romania,Romania,Belgium,1784,1849,2,1,18,-18,1802,1831,20,24,2,-3,22,21,30,0,-65
2296,Oct 13 1993,Friendly in Slovenia,Slovenia,Macedonia,1586,1600,1,4,-22,22,1564,1622,64,50,0,0,64,50,20,100,86
2297,Oct 13 1993,World Cup qualifier in Sweden,Sweden,Finland,1888,1516,3,2,2,-2,1890,1514,12,80,0,-4,12,76,20,0,372
2298,Oct 13 1993,Friendly in the United States,United States,Mexico,1644,1899,1,1,4,-4,1648,1895,39,10,3,0,42,10,20,100,-155
2299,Oct 13 1993,World Cup qualifier in Wales,Wales,Cyprus,1799,1367,2,0,3,-3,1802,1364,21,114,1,-1,22,113,30,0,432
2300,Oct 15 1993,World Cup qualifier in Qatar,Japan,Saudi Arabia,1612,1657,0,0,3,-3,1615,1654,53,39,1,-1,54,38,40,0,-45
2301,Oct 15 1993,World Cup qualifier in Qatar,North Korea,Iraq,1564,1657,3,2,25,-25,1589,1632,58,53,3,-8,61,45,40,0,-93
2302,Oct 16 1993,World Cup qualifier in Qatar,South Korea,Iran,1626,1588,3,0,31,-31,1657,1557,25,67,12,-2,37,65,40,0,38
2303,Oct 16 1993,Friendly in the United States,United States,Ukraine,1648,1584,1,2,-14,14,1634,1598,49,54,-4,5,45,59,20,100,164
2304,Oct 17 1993,Friendly in Tunisia,Tunisia,Iceland,1600,1589,3,1,10,-10,1610,1579,56,64,1,-1,57,63,20,100,111
2305,Oct 18 1993,World Cup qualifier in Qatar,Iran,Japan,1557,1615,2,1,23,-23,1580,1592,59,68,3,-7,62,61,40,0,-58
2306,Oct 18 1993,World Cup qualifier in Qatar,Saudi Arabia,North Korea,1654,1589,2,1,16,-16,1670,1573,31,66,4,-2,35,64,40,0,65
2307,Oct 19 1993,World Cup qualifier in Qatar,Iraq,South Korea,1632,1657,2,2,1,-1,1633,1656,46,40,0,-1,46,39,20,0,-25
2308,Oct 20 1993,Friendly in the United States,Mexico,Ukraine,1895,1598,2,1,3,-3,1898,1595,10,62,0,-2,10,60,20,0,297
2309,Oct 21 1993,World Cup qualifier in Qatar,Japan,North Korea,1592,1573,3,0,33,-33,1625,1540,39,74,11,-5,50,69,40,0,19
2310,Oct 22 1993,World Cup qualifier in Qatar,Iraq,Iran,1633,1580,2,1,17,-17,1650,1563,36,66,5,-2,41,64,40,0,53
2311,Oct 22 1993,World Cup qualifier in Qatar,Saudi Arabia,South Korea,1670,1656,1,1,-1,1,1669,1657,35,37,0,1,35,38,30,0,14
2312,Oct 23 1993,Friendly in the United States,United States,Ukraine,1634,1595,0,1,-14,14,1620,1609,58,57,-6,2,52,59,20,100,139
2313,Oct 24 1993,African Nations Cup qualifier in Gabon,Burundi,Guinea,1362,1455,0,0,5,-5,1367,1450,112,97,1,-1,113,96,40,0,-93
2314,Oct 24 1993,World Cup qualifier in Qatar,Iraq,Saudi Arabia,1650,1669,1,1,1,-1,1651,1668,41,35,0,0,41,35,20,0,-19
2315,Oct 25 1993,World Cup qualifier in Qatar,Iran,North Korea,1563,1540,2,1,19,-19,1582,1521,60,73,2,-2,62,71,40,0,23
2316,Oct 25 1993,World Cup qualifier in Qatar,Japan,South Korea,1625,1657,1,0,22,-22,1647,1635,37,54,6,-8,43,46,40,0,-32
2317,Oct 26 1993,Friendly in Liechtenstein,Liechtenstein,Estonia,1132,1180,0,2,-17,17,1115,1197,170,154,-1,2,169,156,20,100,52
2318,Oct 26 1993,Friendly in the United Arab Emirates,United Arab Emirates,Jordan,1528,1317,2,1,3,-3,1531,1314,70,124,0,-1,70,123,20,100,311
2319,Oct 27 1993,World Cup qualifier in Czechoslovakia,Czechoslovakia,Cyprus,1836,1364,3,0,3,-3,1839,1361,19,114,0,0,19,114,30,0,472
2320,Oct 27 1993,World Cup qualifier in Hungary,Hungary,Luxembourg,1645,1168,1,0,1,-1,1646,1167,44,162,0,0,44,162,20,0,477
2321,Oct 27 1993,World Cup qualifier in Israel,Israel,Austria,1610,1632,1,1,-4,4,1606,1636,61,45,-2,1,59,46,40,100,78
2322,Oct 27 1993,World Cup qualifier in Turkey,Turkey,Poland,1537,1734,2,1,25,-25,1562,1709,61,32,4,-2,65,30,40,100,-97
2323,Oct 28 1993,World Cup qualifier in Qatar,Iraq,Japan,1651,1647,2,2,0,0,1651,1647,42,45,-1,-1,41,44,20,0,4
2324,Oct 28 1993,World Cup qualifier in Qatar,Saudi Arabia,Iran,1668,1582,4,3,15,-15,1683,1567,33,64,1,-1,34,63,40,0,86
2325,Oct 28 1993,World Cup qualifier in Qatar,South Korea,North Korea,1635,1521,3,0,24,-24,1659,1497,29,93,9,-11,38,82,40,0,114
2326,Oct 28 1993,Friendly in the United Arab Emirates,United Arab Emirates,Jordan,1531,1314,0,2,-26,26,1505,1340,84,111,-7,6,77,117,20,100,317
2327,Oct 31 1993,World Cup qualifier in Australia,Australia,Argentina,1724,1913,1,1,5,-5,1729,1908,28,9,0,0,28,9,20,0,-189
2328,Nov 3 1993,Friendly in the United States,Mexico,China,1898,1515,3,0,3,-3,1901,1512,10,75,0,-1,10,74,20,0,383
2329,Nov 5 1993,Friendly tournament in Tunisia,Egypt,Malta,1668,1383,3,0,9,-9,1677,1374,34,113,1,-3,35,110,30,0,285
2330,Nov 5 1993,Friendly tournament in Tunisia,Tunisia,Gabon,1610,1468,4,0,11,-11,1621,1457,45,97,6,-3,51,94,20,0,142
2331,Nov 7 1993,Friendly tournament in Tunisia,Malta,Gabon,1374,1457,2,1,19,-19,1393,1438,100,100,5,-3,105,97,30,0,-83
2332,Nov 7 1993,Friendly tournament in Tunisia,Tunisia,Egypt,1621,1677,2,0,20,-20,1641,1657,41,41,5,-3,46,38,30,100,44
2333,Nov 7 1993,Friendly in the United States,United States,Jamaica,1620,1486,1,0,4,-4,1624,1482,49,88,2,-2,51,86,20,100,234
2334,Nov 10 1993,World Cup qualifier in Austria,Austria,Sweden,1636,1890,1,1,8,-8,1644,1882,44,12,2,0,46,12,40,100,-154
2335,Nov 10 1993,World Cup qualifier in Israel,Israel,Finland,1606,1514,1,3,-45,45,1561,1559,71,59,-6,7,65,66,40,100,192
2336,Nov 10 1993,World Cup qualifier in Portugal,Portugal,Estonia,1834,1197,3,0,1,-1,1835,1196,20,156,0,0,20,156,20,0,637
2337,Nov 10 1993,World Cup qualifier in Turkey,Turkey,Norway,1562,1884,2,1,31,-31,1593,1853,57,19,4,-3,61,16,40,100,-222
2338,Nov 14 1993,Friendly in Antigua and Barbuda,Antigua and Barbuda,Saint Kitts and Nevis,1201,1180,3,0,12,-12,1213,1168,152,163,0,-2,152,161,20,100,121
2339,Nov 14 1993,Friendly in the United States,United States,Cayman Islands,1624,951,8,1,1,-1,1625,950,51,194,0,-1,51,193,20,0,673
2340,Nov 16 1993,Friendly in Slovakia,Slovakia,Slovenia,1654,1564,2,0,8,-8,1662,1556,34,70,3,-3,37,67,20,100,190
2341,Nov 17 1993,World Cup qualifier in Argentina,Argentina,Australia,1908,1729,1,0,7,-7,1915,1722,7,30,1,-1,8,29,40,100,279
2342,Nov 17 1993,World Cup qualifier in Belgium,Belgium,Czechoslovakia,1831,1839,0,0,-5,5,1826,1844,23,15,-1,2,22,17,40,100,92
2343,Nov 17 1993,World Cup qualifier in Italy,England,San Marino,1875,1013,7,1,1,-1,1876,1012,13,188,0,0,13,188,40,0,862
2344,Nov 17 1993,World Cup qualifier in France,France,Bulgaria,1919,1755,1,2,-33,33,1886,1788,14,23,-3,1,11,24,40,100,264
2345,Nov 17 1993,Friendly in Germany,Germany,Brazil,2016,1943,2,1,5,-5,2021,1938,1,3,0,1,1,4,20,100,173
2346,Nov 17 1993,World Cup qualifier in Greece,Greece,Russia,1715,1864,1,0,23,-23,1738,1841,27,21,1,-3,28,18,40,100,-49
2347,Nov 17 1993,World Cup qualifier in Italy,Italy,Portugal,1992,1835,1,0,7,-7,1999,1828,2,20,0,0,2,20,40,100,257
2348,Nov 17 1993,World Cup qualifier in Malta,Malta,Scotland,1393,1755,0,2,-11,11,1382,1766,109,27,-2,-1,107,26,40,100,-262
2349,Nov 17 1993,World Cup qualifier in Northern Ireland,Northern Ireland,Ireland,1666,1843,1,1,4,-4,1670,1839,36,20,0,-1,36,19,40,100,-77
2350,Nov 17 1993,World Cup qualifier in Poland,Poland,Netherlands,1709,1977,1,3,-17,17,1692,1994,36,3,-3,0,33,3,40,100,-168
2351,Nov 17 1993,World Cup qualifier in Spain,Spain,Denmark,1893,1947,1,0,17,-17,1910,1930,7,10,2,-3,9,7,30,0,-54
2352,Nov 17 1993,World Cup qualifier in Switzerland,Switzerland,Estonia,1846,1196,4,0,1,-1,1847,1195,15,156,1,0,16,156,20,0,650
2353,Nov 17 1993,World Cup qualifier in Wales,Wales,Romania,1802,1802,1,2,-26,26,1776,1828,28,18,-3,2,25,20,40,100,100
2354,Nov 22 1993,Friendly in The Gambia,Gambia,Mauritania,1253,1057,2,4,-25,25,1228,1082,155,175,-7,3,148,178,20,100,296
2355,Nov 26 1993,Friendly in Sierra Leone,Gambia,Ghana,1228,1639,3,0,32,-32,1260,1607,128,68,10,-10,138,58,20,0,-411
2356,Nov 26 1993,Amilcar Cabral Cup in Sierra Leone,Sierra Leone,Guinea,1502,1450,1,1,-8,8,1494,1458,85,93,-3,1,82,94,40,100,152
2357,Nov 27 1993,Amilcar Cabral Cup in Sierra Leone,Guinea-Bissau,Mauritania,1260,1082,1,0,11,-11,1271,1071,138,178,0,0,138,178,40,0,178
2358,Nov 27 1993,Amilcar Cabral Cup in Sierra Leone,Mali,Senegal,1481,1473,1,0,20,-20,1501,1453,73,99,7,-5,80,94,40,0,8
2359,Nov 28 1993,Amilcar Cabral Cup in Sierra Leone,Gambia,Guinea,1260,1458,2,1,30,-30,1290,1428,131,103,4,-5,135,98,40,0,-198
2360,Nov 28 1993,Friendly in Sierra Leone,Sierra Leone,Ghana,1494,1607,2,3,-10,10,1484,1617,87,50,-2,4,85,54,20,100,-13
2361,Nov 29 1993,Amilcar Cabral Cup in Sierra Leone,Mali,Guinea-Bissau,1501,1271,3,0,15,-15,1516,1256,64,143,8,-2,72,141,40,0,230
2362,Nov 29 1993,Amilcar Cabral Cup in Sierra Leone,Senegal,Mauritania,1453,1071,4,0,7,-7,1460,1064,91,180,1,-1,92,179,40,0,382
2363,Nov 30 1993,Friendly in Sierra Leone,Ghana,Guinea,1617,1428,1,0,5,-5,1622,1423,48,100,3,-1,51,99,20,0,189
2364,Nov 30 1993,Amilcar Cabral Cup in Sierra Leone,Sierra Leone,Gambia,1484,1290,1,1,-14,14,1470,1304,95,119,-5,8,90,127,40,100,294
2365,Nov 30 1993,Friendly in Tahiti,Tahiti,Fiji,1459,1441,3,0,12,-12,1471,1429,85,99,4,-2,89,97,20,100,118
2366,Dec 1 1993,Amilcar Cabral Cup in Sierra Leone,Guinea-Bissau,Senegal,1256,1460,0,0,11,-11,1267,1449,137,95,2,-1,139,94,40,0,-204
2367,Dec 1 1993,Friendly tournament in Kenya,Kenya,Uganda,1468,1520,2,1,13,-13,1481,1507,83,79,4,-4,87,75,30,100,48
2368,Dec 1 1993,Amilcar Cabral Cup in Sierra Leone,Mali,Mauritania,1516,1064,0,0,-17,17,1499,1081,90,177,-9,1,81,178,40,0,452
2369,Dec 3 1993,Amilcar Cabral Cup in Sierra Leone,Senegal,Gambia,1449,1304,2,0,18,-18,1467,1286,92,143,1,-8,93,135,40,0,145
2370,Dec 3 1993,Amilcar Cabral Cup in Sierra Leone,Sierra Leone,Mali,1470,1499,2,0,24,-24,1494,1475,73,95,9,-7,82,88,30,0,-29
2371,Dec 5 1993,Amilcar Cabral Cup in Sierra Leone,Gambia,Mali,1286,1475,2,0,45,-45,1331,1430,107,104,14,-8,121,96,40,0,-189
2372,Dec 5 1993,Amilcar Cabral Cup in Sierra Leone,Sierra Leone,Senegal,1494,1467,2,0,19,-19,1513,1448,64,93,9,0,73,93,40,100,127
2373,Dec 6 1993,Friendly tournament in Kenya,Tanzania,Uganda,1292,1507,1,0,23,-23,1315,1484,113,92,11,-8,124,84,30,0,-215
2374,Dec 7 1993,South Pacific Mini Games in Vanuatu,Fiji,Solomon Islands,1429,1223,1,0,9,-9,1438,1214,91,151,3,0,94,151,40,0,206
2375,Dec 7 1993,South Pacific Mini Games in Vanuatu,Tahiti,Guam,1471,693,11,0,1,-1,1472,692,90,210,0,0,90,210,20,0,778
2376,Dec 7 1993,South Pacific Mini Games in Vanuatu,Vanuatu,Tonga,993,678,3,0,6,-6,999,672,190,213,0,0,190,213,40,100,415
2377,Dec 8 1993,South Pacific Mini Games in Vanuatu,New Caledonia,Papua New Guinea,1300,1098,1,1,-10,10,1290,1108,139,170,-4,2,135,172,40,0,202
2378,Dec 9 1993,South Pacific Mini Games in Vanuatu,Tahiti,Fiji,1472,1438,1,0,18,-18,1490,1420,76,106,7,-6,83,100,40,0,34
2379,Dec 10 1993,Friendly in Bangladesh,Bangladesh,Myanmar,1060,1172,3,1,16,-16,1076,1156,178,164,1,-2,179,162,20,100,-12
2380,Dec 10 1993,Friendly tournament in Kenya,Kenya,Tanzania,1481,1315,2,1,5,-5,1486,1310,80,128,4,-2,84,126,30,100,266
2381,Dec 10 1993,South Pacific Mini Games in Vanuatu,Papua New Guinea,Tonga,1108,672,5,0,6,-6,1114,666,168,213,2,0,170,213,40,0,436
2382,Dec 10 1993,South Pacific Mini Games in Vanuatu,Vanuatu,New Caledonia,999,1290,1,1,10,-10,1009,1280,188,137,1,-1,189,136,30,0,-291
2383,Dec 11 1993,South Asian Games in Bangladesh,Bangladesh,Maldives,1076,773,0,0,-16,16,1060,789,181,207,-1,0,180,207,40,100,403
2384,Dec 11 1993,South Pacific Mini Games in Vanuatu,Solomon Islands,Guam,1214,692,12,1,5,-5,1219,687,151,210,0,0,151,210,40,0,522
2385,Dec 11 1993,South Asian Games in Bangladesh,Sri Lanka,Pakistan,859,883,2,1,21,-21,880,862,192,206,6,-4,198,202,40,0,-24
2386,Dec 13 1993,South Pacific Mini Games in Vanuatu,Fiji,Guam,1420,687,12,0,2,-2,1422,685,100,210,0,0,100,210,40,0,733
2387,Dec 13 1993,South Asian Games in Bangladesh,India,Sri Lanka,1152,880,2,0,10,-10,1162,870,161,200,1,-1,162,199,40,0,272
2388,Dec 13 1993,South Asian Games in Bangladesh,Maldives,Nepal,789,846,0,0,3,-3,792,843,207,205,0,0,207,205,40,0,-57
2389,Dec 13 1993,South Pacific Mini Games in Vanuatu,New Caledonia,Tonga,1280,666,11,0,3,-3,1283,663,134,213,1,0,135,213,40,0,614
2390,Dec 13 1993,South Pacific Mini Games in Vanuatu,Tahiti,Solomon Islands,1490,1219,3,0,12,-12,1502,1207,75,153,4,-1,79,152,40,0,271
2391,Dec 13 1993,South Pacific Mini Games in Vanuatu,Vanuatu,Papua New Guinea,1009,1114,1,0,20,-20,1029,1094,179,180,5,-5,184,175,40,100,-5
2392,Dec 14 1993,South Pacific Mini Games in Vanuatu,Tahiti,New Caledonia,1502,1283,2,1,9,-9,1511,1274,73,139,3,-2,76,137,40,0,219
2393,Dec 14 1993,South Pacific Mini Games in Vanuatu,Vanuatu,Fiji,1029,1422,0,2,-9,9,1020,1431,188,92,-2,4,186,96,40,100,-293
2394,Dec 15 1993,Friendly in the United States,Argentina,Germany,1915,2021,2,1,13,-13,1928,2008,8,1,0,0,8,1,20,0,-106
2395,Dec 15 1993,South Asian Games in Bangladesh,Bangladesh,Nepal,1060,843,0,1,-34,34,1026,877,186,191,-3,7,183,198,40,100,317
2396,Dec 15 1993,South Asian Games in Bangladesh,India,Pakistan,1162,862,2,2,-14,14,1148,876,166,196,-2,3,164,199,40,0,300
2397,Dec 16 1993,Friendly in Mexico,Mexico,Brazil,1901,1938,0,1,-12,12,1889,1950,10,4,0,0,10,4,20,100,63
2398,Dec 16 1993,South Pacific Mini Games in Vanuatu,Tahiti,Fiji,1511,1431,3,0,27,-27,1538,1404,66,108,5,-6,71,102,40,0,80
2399,Dec 16 1993,South Pacific Mini Games in Vanuatu,Vanuatu,New Caledonia,1020,1274,1,2,-12,12,1008,1286,192,133,-3,2,189,135,40,100,-154
2400,Dec 18 1993,South Asian Games in Bangladesh,India,Nepal,1148,877,2,2,-13,13,1135,890,168,200,-2,-1,166,199,40,0,271
2401,Dec 18 1993,South Asian Games in Bangladesh,Sri Lanka,Maldives,870,792,3,1,23,-23,893,769,195,207,3,0,198,207,40,0,78
2402,Dec 18 1993,Friendly in the United States,United States,Germany,1625,2008,0,3,-6,6,1619,2014,58,1,-4,0,54,1,20,100,-283
2403,Dec 19 1993,Friendly in Mali,Mali,Ivory Coast,1430,1621,0,1,-7,7,1423,1628,98,46,-1,3,97,49,20,100,-91
2404,Dec 22 1993,Friendly in Mexico,Mexico,Germany,1889,2014,0,0,1,-1,1890,2013,10,1,0,0,10,1,20,100,-25
2405,Dec 29 1993,Friendly in Ghana,Ghana,Egypt,1622,1657,0,0,-2,2,1620,1659,53,37,-1,1,52,38,20,100,65
2406,Dec 31 1993,Friendly in Ghana,Ghana,Tunisia,1620,1641,1,1,-2,2,1618,1643,56,47,-2,0,54,47,20,100,79
2407,Jan 2 1994,Friendly in Barbados,Barbados,Grenada,1321,1280,0,0,-4,4,1317,1284,124,135,-1,1,123,136,20,100,141
2408,Jan 2 1994,Friendly in Ghana,Ghana,Egypt,1618,1659,2,1,8,-8,1626,1651,48,42,3,-2,51,40,20,100,59
2409,Jan 5 1994,Friendly in Mali,Mali,Burkina Faso,1423,1415,1,1,-3,3,1420,1418,101,99,-2,1,99,100,20,100,108
2410,Jan 9 1994,Friendly in Mauritania,Mauritania,Mali,1081,1420,1,3,-6,6,1075,1426,178,93,0,3,178,96,20,100,-239
2411,Jan 11 1994,Friendly in Thailand,Thailand,Nigeria,1398,1703,1,1,5,-5,1403,1698,102,31,1,0,103,31,20,100,-205
2412,Jan 15 1994,Friendly in the United States,United States,Norway,1619,1853,2,1,14,-14,1633,1839,42,21,6,-3,48,18,20,100,-134
2413,Jan 18 1994,Friendly in Guinea,Guinea,Ivory Coast,1423,1628,3,0,23,-23,1446,1605,90,66,4,-8,94,58,20,100,-105
2414,Jan 19 1994,Friendly in the United States,Bulgaria,Mexico,1788,1890,1,1,3,-3,1791,1887,24,10,0,0,24,10,20,0,-102
2415,Jan 19 1994,Friendly in the United States,Costa Rica,Norway,1613,1839,0,0,6,-6,1619,1833,53,20,1,-1,54,19,20,0,-226
2416,Jan 19 1994,Friendly in Spain,Spain,Portugal,1910,1828,2,2,-5,5,1905,1833,9,18,0,1,9,19,20,100,182
2417,Jan 19 1994,Caribbean Cup qualifier in Suriname,Suriname,French Guiana,1334,1282,1,0,12,-12,1346,1270,112,139,3,-1,115,138,40,100,152
2418,Jan 19 1994,Friendly in Tunisia,Tunisia,Netherlands,1643,1994,2,2,6,-6,1649,1988,37,3,5,0,42,3,20,100,-251
2419,Jan 21 1994,Caribbean Cup qualifier in Suriname,French Guiana,Guyana,1270,1114,1,1,-8,8,1262,1122,140,168,-1,1,139,169,40,0,156
2420,Jan 22 1994,Friendly in the United States,United States,Switzerland,1633,1847,1,1,3,-3,1636,1844,48,15,0,0,48,15,20,100,-114
2421,Jan 23 1994,Caribbean Cup qualifier in Barbados,Barbados,Puerto Rico,1317,1060,0,1,-35,35,1282,1095,149,170,-13,5,136,175,40,100,357
2422,Jan 23 1994,Friendly in Mali,Mali,Senegal,1426,1448,1,0,8,-8,1434,1440,95,95,1,-1,96,94,20,100,78
2423,Jan 23 1994,Friendly in Saudi Arabia,Saudi Arabia,China,1683,1512,1,0,3,-3,1686,1509,34,77,0,-1,34,76,20,100,271
2424,Jan 23 1994,Caribbean Cup qualifier in Suriname,Suriname,Guyana,1346,1122,2,0,8,-8,1354,1114,115,171,0,-1,115,170,40,100,324
2425,Jan 25 1994,Caribbean Cup qualifier in Barbados,Grenada,Puerto Rico,1284,1095,1,0,10,-10,1294,1085,131,179,2,-2,133,177,40,0,189
2426,Jan 25 1994,Friendly in Qatar,Qatar,Finland,1473,1559,1,0,10,-10,1483,1549,86,75,2,-5,88,70,20,100,14
2427,Jan 26 1994,Friendly in Saudi Arabia,Saudi Arabia,China,1686,1509,1,1,-7,7,1679,1516,34,68,0,4,34,72,20,100,277
2428,Jan 26 1994,Friendly in the United States,Switzerland,Mexico,1844,1887,5,1,21,-21,1865,1866,15,18,0,-4,15,14,20,0,-43
2429,Jan 27 1994,Caribbean Cup qualifier in Barbados,Barbados,Grenada,1282,1294,3,2,15,-15,1297,1279,128,139,4,-3,132,136,40,100,88
2430,Jan 27 1994,Friendly in Qatar,Qatar,Finland,1483,1549,0,0,-1,1,1482,1550,88,70,0,0,88,70,20,100,34
2431,Jan 28 1994,Friendly in Venezuela,Venezuela,Colombia,1344,1932,1,2,-1,1,1343,1933,116,5,0,0,116,5,20,0,-588
2432,Jan 29 1994,Black Stars Tournament in Burkina Faso,Burkina Faso,Guinea,1418,1446,1,1,-3,3,1415,1449,102,93,-1,0,101,93,30,100,72
2433,Jan 29 1994,Black Stars Tournament in Burkina Faso,Ivory Coast,Niger,1605,1333,5,3,8,-8,1613,1325,54,122,2,-1,56,121,30,0,272
2434,Jan 29 1994,Friendly in the United States,United States,Russia,1636,1841,1,1,3,-3,1639,1838,48,19,0,-1,48,18,20,100,-105
2435,Jan 30 1994,Black Stars Tournament in Burkina Faso,Burkina Faso,Ivory Coast,1415,1613,0,1,-11,11,1404,1624,101,48,0,4,101,52,30,100,-98
2436,Jan 30 1994,Black Stars Tournament in Burkina Faso,Niger,Guinea,1325,1449,3,1,30,-30,1355,1419,109,105,6,-6,115,99,30,0,-124
2437,Jan 30 1994,Friendly in Oman,Oman,Finland,1150,1550,0,2,-5,5,1145,1555,165,64,-1,3,164,67,20,100,-300
2438,Jan 30 1994,Friendly in Senegal,Senegal,Mali,1440,1434,0,0,-3,3,1437,1437,94,92,0,2,94,94,20,100,106
2439,Feb 1 1994,Friendly in Oman,Oman,Finland,1145,1555,1,1,7,-7,1152,1548,162,73,1,-3,163,70,20,100,-310
2440,Feb 2 1994,Friendly tournament in the United Arab Emirates,Egypt,Morocco,1651,1671,1,1,1,-1,1652,1670,40,37,0,-1,40,36,20,0,-20
2441,Feb 2 1994,Friendly in the United States,Russia,Mexico,1838,1866,4,1,19,-19,1857,1847,12,18,3,-2,15,16,20,0,-28
2442,Feb 2 1994,Friendly tournament in the United Arab Emirates,United Arab Emirates,Slovakia,1505,1662,0,1,-13,13,1492,1675,88,33,-5,2,83,35,30,100,-57
2443,Feb 4 1994,Friendly tournament in the United Arab Emirates,Egypt,Slovakia,1652,1675,1,0,16,-16,1668,1659,32,41,4,-3,36,38,30,0,-23
2444,Feb 4 1994,Friendly in Oman,Oman,Kenya,1152,1486,1,0,16,-16,1168,1470,157,96,3,-6,160,90,20,100,-234
2445,Feb 4 1994,Friendly tournament in the United Arab Emirates,United Arab Emirates,Morocco,1492,1670,1,1,3,-3,1495,1667,81,38,1,-1,82,37,30,100,-78
2446,Feb 6 1994,Friendly tournament in the United Arab Emirates,Morocco,Slovakia,1667,1659,2,1,15,-15,1682,1644,33,54,2,-8,35,46,30,0,8
2447,Feb 6 1994,Friendly in Oman,Oman,Kenya,1168,1470,2,0,23,-23,1191,1447,156,94,2,-2,158,92,20,100,-202
2448,Feb 6 1994,Friendly in Saudi Arabia,Saudi Arabia,Colombia,1679,1933,1,1,4,-4,1683,1929,34,9,0,-2,34,7,20,100,-154
2449,Feb 6 1994,Friendly tournament in the United Arab Emirates,United Arab Emirates,Egypt,1495,1668,0,1,-12,12,1483,1680,90,36,-4,0,86,36,30,100,-73
2450,Feb 7 1994,Friendly in The Gambia,Gambia,Senegal,1331,1437,0,0,0,0,1331,1437,121,94,0,0,121,94,20,100,-6
2451,Feb 8 1994,Friendly tournament in Malta,Malta,Tunisia,1382,1649,1,1,7,-7,1389,1642,107,53,0,-6,107,47,30,100,-167
2452,Feb 8 1994,Friendly tournament in Malta,Slovenia,Georgia,1556,1596,1,0,17,-17,1573,1579,60,62,3,-1,63,61,30,0,-40
2453,Feb 9 1994,Friendly in Saudi Arabia,Saudi Arabia,Colombia,1683,1929,0,1,-6,6,1677,1935,38,3,-2,2,36,5,20,100,-146
2454,Feb 9 1994,Friendly in Spain,Spain,Poland,1905,1692,1,1,-7,7,1898,1699,9,29,0,2,9,31,20,100,313
2455,Feb 10 1994,Friendly tournament in Malta,Malta,Georgia,1389,1579,0,1,-11,11,1378,1590,109,61,-1,0,108,61,30,100,-90
2456,Feb 10 1994,Friendly tournament in Malta,Slovenia,Tunisia,1573,1642,2,2,3,-3,1576,1639,63,47,0,0,63,47,30,0,-69
2457,Feb 12 1994,Friendly tournament in Malta,Georgia,Tunisia,1590,1639,2,0,26,-26,1616,1613,49,67,6,-10,55,57,30,0,-49
2458,Feb 12 1994,Friendly in Malawi,Malawi,Zambia,1432,1649,0,3,-12,12,1420,1661,100,35,-2,3,98,38,20,100,-117
2459,Feb 12 1994,Friendly tournament in Malta,Malta,Slovenia,1378,1576,0,1,-11,11,1367,1587,116,61,-4,1,112,62,30,100,-98
2460,Feb 13 1994,Friendly in Malawi,Malawi,Zambia,1420,1661,0,2,-9,9,1411,1670,102,36,-2,1,100,37,20,100,-141
2461,Feb 13 1994,Friendly tournament in Hong Kong,Romania,United States,1828,1639,2,1,8,-8,1836,1631,17,47,2,0,19,47,30,0,189
2462,Feb 16 1994,Friendly in Italy,Italy,France,1999,1886,0,1,-15,15,1984,1901,4,8,-1,1,3,9,20,100,213
2463,Feb 16 1994,Friendly in Malta,Malta,Belgium,1367,1826,1,0,18,-18,1385,1808,102,22,5,0,107,22,20,100,-359
2464,Feb 16 1994,Friendly in South Korea,South Korea,Romania,1659,1836,1,2,-8,8,1651,1844,41,15,-1,2,40,17,20,100,-77
2465,Feb 18 1994,Friendly tournament in the United States,Colombia,Sweden,1935,1882,0,0,-2,2,1933,1884,5,11,0,0,5,11,20,0,53
2466,Feb 18 1994,Friendly tournament in the United States,United States,Bolivia,1631,1704,1,1,-1,1,1630,1705,49,30,-1,0,48,30,20,100,27
2467,Feb 20 1994,Friendly tournament in the United States,Colombia,Bolivia,1933,1705,2,0,10,-10,1943,1695,5,34,0,-2,5,32,30,0,228
2468,Feb 20 1994,Friendly tournament in the United States,United States,Sweden,1630,1884,1,3,-13,13,1617,1897,60,11,-6,0,54,11,30,100,-154
2469,Feb 23 1994,Caribbean Cup qualifier in Saint Kitts and Nevis,Dominica,Antigua and Barbuda,1138,1213,3,2,24,-24,1162,1189,161,165,2,-7,163,158,40,0,-75
2470,Feb 23 1994,Friendly in Israel,Israel,Georgia,1561,1616,2,0,13,-13,1574,1603,63,63,1,-4,64,59,20,100,45
2471,Feb 23 1994,Friendly in Mali,Mali,Ghana,1437,1626,0,0,3,-3,1440,1623,92,51,1,-1,93,50,20,100,-89
2472,Feb 23 1994,Friendly in Morocco,Morocco,Finland,1682,1548,0,0,-6,6,1676,1554,38,64,-2,3,36,67,20,100,234
2473,Feb 23 1994,Caribbean Cup qualifier in Saint Kitts and Nevis,Saint Kitts and Nevis,Montserrat,1168,588,9,1,2,-2,1170,586,161,217,0,0,161,217,20,0,580
2474,Feb 23 1994,Friendly in Turkey,Turkey,Czechia,1593,1844,1,4,-10,10,1583,1854,63,15,-1,1,62,16,20,100,-151
2475,Feb 24 1994,Friendly in the United States,Mexico,Sweden,1847,1897,2,1,11,-11,1858,1886,13,11,2,0,15,11,20,0,-50
2476,Feb 25 1994,Caribbean Cup qualifier in Saint Kitts and Nevis,Antigua and Barbuda,Montserrat,1189,586,8,0,3,-3,1192,583,156,217,1,0,157,217,40,0,603
2477,Feb 25 1994,Caribbean Cup qualifier in Saint Kitts and Nevis,Saint Kitts and Nevis,Dominica,1170,1162,2,3,-26,26,1144,1188,169,155,-4,4,165,159,40,100,108
2478,Feb 26 1994,Friendly in the United States,Colombia,South Korea,1943,1651,2,2,-7,7,1936,1658,5,38,0,1,5,39,20,0,292
2479,Feb 26 1994,Friendly in Zimbabwe,Zimbabwe,Zambia,1557,1670,2,2,0,0,1557,1670,66,37,0,0,66,37,20,100,-13
2480,Feb 27 1994,Friendly in Gabon,Gabon,Senegal,1438,1437,0,0,-3,3,1435,1440,96,91,-1,2,95,93,20,100,101
2481,Mar 2 1994,Caribbean Cup qualifier in the Cayman Islands,Cayman Islands,British Virgin Islands,950,874,5,0,21,-21,971,853,189,209,2,-4,191,205,40,100,176
2482,Mar 2 1994,Caribbean Cup qualifier in the Cayman Islands,Jamaica,Sint Maarten,1482,951,3,2,2,-2,1484,949,81,194,3,-1,84,193,40,0,531
2483,Mar 2 1994,Friendly in Mexico,Mexico,Colombia,1858,1936,0,0,-1,1,1857,1937,15,5,0,0,15,5,20,100,22
2484,Mar 4 1994,Caribbean Cup qualifier in the Cayman Islands,Cayman Islands,Sint Maarten,971,949,5,0,27,-27,998,922,191,195,0,-1,191,194,40,100,122
2485,Mar 4 1994,Caribbean Cup qualifier in St Vincent & Grenadines,Guadeloupe,Anguilla,1315,563,9,0,1,-1,1316,562,123,219,0,0,123,219,20,0,752
2486,Mar 4 1994,Caribbean Cup qualifier in the Cayman Islands,Jamaica,British Virgin Islands,1484,853,12,0,3,-3,1487,850,82,205,1,0,83,205,40,0,631
2487,Mar 6 1994,Caribbean Cup qualifier in the Cayman Islands,Cayman Islands,Jamaica,998,1487,3,2,36,-36,1034,1451,175,97,8,-7,183,90,40,100,-389
2488,Mar 6 1994,Caribbean Cup qualifier in the Cayman Islands,Sint Maarten,British Virgin Islands,922,850,3,0,28,-28,950,822,192,205,1,0,193,205,40,0,72
2489,Mar 6 1994,Caribbean Cup qualifier in St Vincent & Grenadines,St Vincent & Grenadines,Anguilla,1296,562,2,0,0,0,1296,562,133,219,0,0,133,219,20,0,734
2490,Mar 8 1994,Caribbean Cup qualifier in St Vincent & Grenadines,St Vincent & Grenadines,Guadeloupe,1296,1316,0,2,-37,37,1259,1353,145,111,-6,6,139,117,40,100,80
2491,Mar 9 1994,Friendly in Cyprus,Cyprus,Estonia,1361,1195,2,0,5,-5,1366,1190,114,161,0,-3,114,158,20,100,266
2492,Mar 9 1994,Friendly in England,England,Denmark,1876,1930,1,0,9,-9,1885,1921,12,9,0,-1,12,8,20,100,46
2493,Mar 9 1994,Friendly in Hungary,Hungary,Switzerland,1646,1865,1,2,-7,7,1639,1872,48,14,-2,0,46,14,20,100,-119
2494,Mar 9 1994,Friendly in Nigeria,Nigeria,Ghana,1698,1623,0,0,-5,5,1693,1628,35,46,-2,2,33,48,20,100,175
2495,Mar 9 1994,Friendly in Wales,Wales,Norway,1776,1833,1,3,-17,17,1759,1850,27,16,-1,2,26,18,20,100,43
2496,Mar 10 1994,Caribbean Cup qualifier in the Dominican Republic,Dominican Republic,Haiti,1020,1311,0,1,-10,10,1010,1321,191,122,-2,1,189,123,40,100,-191
2497,Mar 12 1994,Friendly in Congo,Congo,Zaire,1393,1503,2,1,10,-10,1403,1493,101,86,2,-4,103,82,20,100,-10
2498,Mar 12 1994,Friendly in the United States,United States,South Korea,1617,1658,1,1,-2,2,1615,1660,56,39,-1,0,55,39,20,100,59
2499,Mar 12 1994,Friendly in Zambia,Zambia,Zimbabwe,1670,1557,2,1,5,-5,1675,1552,37,68,0,-1,37,67,20,100,213
2500,Mar 15 1994,Friendly in Gabon,Gabon,Zaire,1435,1493,2,1,9,-9,1444,1484,91,84,2,-1,93,83,20,100,42
2501,Mar 15 1994,Friendly in Israel,Israel,Ukraine,1574,1609,1,0,8,-8,1582,1601,62,60,1,-1,63,59,20,100,65
2502,Mar 16 1994,Friendly in Egypt,Egypt,Cameroon,1680,1648,0,0,-4,4,1676,1652,36,40,-1,1,35,41,20,100,132
2503,Mar 17 1994,Friendly in Tunisia,Tunisia,Niger,1613,1355,4,2,3,-3,1616,1352,52,119,2,-2,54,117,20,100,358
2504,Mar 19 1994,Friendly in Angola,Angola,Gabon,1426,1444,2,1,8,-8,1434,1436,96,97,0,-2,96,95,20,100,82
2505,Mar 22 1994,Friendly in France,France,Chile,1901,1743,3,1,6,-6,1907,1737,9,29,0,-1,9,28,20,100,258
2506,Mar 23 1994,Friendly in Austria,Austria,Hungary,1644,1639,1,1,-3,3,1641,1642,48,44,-2,1,46,45,20,100,105
2507,Mar 23 1994,Friendly in Brazil,Brazil,Argentina,1950,1928,2,0,10,-10,1960,1918,4,9,0,-1,4,8,20,100,122
2508,Mar 23 1994,Friendly in Germany,Germany,Italy,2013,1984,2,1,6,-6,2019,1978,1,3,0,0,1,3,20,100,129
2509,Mar 23 1994,Friendly in Greece,Greece,Poland,1738,1699,0,0,-4,4,1734,1703,29,30,-1,0,28,30,20,100,139
2510,Mar 23 1994,Friendly in Ireland,Ireland,Russia,1839,1857,0,0,-2,2,1837,1859,18,15,1,0,19,15,20,100,82
2511,Mar 23 1994,Friendly in Luxembourg,Luxembourg,Morocco,1167,1676,1,2,-2,2,1165,1678,162,35,0,0,162,35,20,100,-409
2512,Mar 23 1994,Friendly in Macedonia,Macedonia,Slovenia,1622,1587,2,0,9,-9,1631,1578,43,67,4,-3,47,64,20,100,135
2513,Mar 23 1994,Friendly in Northern Ireland,Northern Ireland,Romania,1670,1844,2,0,18,-18,1688,1826,30,23,4,-2,34,21,20,100,-74
2514,Mar 23 1994,Friendly in Scotland,Scotland,Netherlands,1766,1988,0,1,-7,7,1759,1995,25,2,0,0,25,2,20,100,-122
2515,Mar 23 1994,Friendly in Spain,Spain,Croatia,1898,1874,0,2,-20,20,1878,1894,16,7,-3,3,13,10,20,100,124
2516,Mar 26 1994,African Nations Cup in Tunisia,Nigeria,Gabon,1693,1436,3,0,16,-16,1709,1420,27,99,3,-2,30,97,50,0,257
2517,Mar 26 1994,African Nations Cup in Tunisia,Tunisia,Mali,1616,1440,0,2,-62,62,1554,1502,76,63,-11,15,65,78,50,100,276
2518,Mar 26 1994,Friendly in the United States,United States,Bolivia,1615,1695,2,2,-1,1,1614,1696,54,33,1,-1,55,32,20,100,20
2519,Mar 27 1994,Friendly in Barbados,Barbados,St Vincent & Grenadines,1297,1259,2,0,9,-9,1306,1250,120,143,6,-2,126,141,20,100,138
2520,Mar 27 1994,African Nations Cup in Tunisia,Ghana,Guinea,1628,1419,1,0,12,-12,1640,1407,47,102,1,-2,48,100,50,0,209
2521,Mar 27 1994,African Nations Cup in Tunisia,Ivory Coast,Sierra Leone,1624,1513,4,0,32,-32,1656,1481,31,101,10,-13,41,88,50,0,111
2522,Mar 27 1994,Friendly in Saudi Arabia,Saudi Arabia,Chile,1677,1737,0,2,-17,17,1660,1754,40,27,-2,0,38,27,20,100,40
2523,Mar 28 1994,African Nations Cup in Tunisia,Egypt,Gabon,1676,1420,4,0,17,-17,1693,1403,32,107,2,-5,34,102,50,0,256
2524,Mar 28 1994,African Nations Cup in Tunisia,Zaire,Mali,1484,1502,1,0,26,-26,1510,1476,69,99,7,-11,76,88,50,0,-18
2525,Mar 29 1994,Friendly in Saudi Arabia,Saudi Arabia,Chile,1660,1754,2,2,0,0,1660,1754,38,27,0,0,38,27,20,100,6
2526,Mar 29 1994,African Nations Cup in Tunisia,Senegal,Guinea,1440,1407,2,1,23,-23,1463,1384,88,115,3,-8,91,107,50,0,33
2527,Mar 29 1994,African Nations Cup in Tunisia,Sierra Leone,Zambia,1481,1675,0,0,13,-13,1494,1662,75,37,6,0,81,37,50,0,-194
2528,Mar 30 1994,African Nations Cup in Tunisia,Egypt,Nigeria,1693,1709,0,0,1,-1,1694,1708,32,30,1,0,33,30,30,0,-16
2529,Mar 30 1994,Friendly in Malta,Malta,Slovakia,1385,1644,1,2,-6,6,1379,1650,110,43,-2,1,108,44,20,100,-159
2530,Mar 30 1994,African Nations Cup in Tunisia,Tunisia,Zaire,1554,1510,1,1,-10,10,1544,1520,75,68,-5,4,70,72,50,100,144
2531,Mar 31 1994,African Nations Cup in Tunisia,Ghana,Senegal,1640,1463,1,0,13,-13,1653,1450,34,95,7,-2,41,93,50,0,177
2532,Mar 31 1994,African Nations Cup in Tunisia,Zambia,Ivory Coast,1662,1656,1,0,25,-25,1687,1631,35,55,1,-7,36,48,50,0,6
2533,Apr 2 1994,African Nations Cup in Tunisia,Mali,Egypt,1476,1694,1,0,39,-39,1515,1655,62,47,13,-7,75,40,50,0,-218
2534,Apr 2 1994,African Nations Cup in Tunisia,Nigeria,Zaire,1708,1520,2,0,19,-19,1727,1501,28,86,1,-7,29,79,50,0,188
2535,Apr 3 1994,African Nations Cup in Tunisia,Ivory Coast,Ghana,1631,1653,2,1,27,-27,1658,1626,30,61,9,-10,39,51,50,0,-22
2536,Apr 3 1994,African Nations Cup in Tunisia,Zambia,Senegal,1687,1450,1,0,10,-10,1697,1440,29,95,3,-1,32,94,50,0,237
2537,Apr 6 1994,Friendly in Hungary,Hungary,Slovenia,1642,1578,0,1,-14,14,1628,1592,52,57,-3,3,49,60,20,100,164
2538,Apr 6 1994,African Nations Cup in Tunisia,Ivory Coast,Nigeria,1658,1727,2,2,5,-5,1663,1722,35,29,2,0,37,29,50,0,-69
2539,Apr 6 1994,African Nations Cup in Tunisia,Zambia,Mali,1697,1515,4,0,24,-24,1721,1491,30,91,1,-8,31,83,50,0,182
2540,Apr 7 1994,Friendly in Colombia,Colombia,Bolivia,1937,1696,0,1,-18,18,1919,1714,9,31,-2,1,7,32,20,100,341
2541,Apr 7 1994,Caribbean Cup in Trinidad and Tobago,Haiti,Cayman Islands,1321,1034,3,2,6,-6,1327,1028,123,183,0,0,123,183,40,0,287
2542,Apr 7 1994,Caribbean Cup in Trinidad and Tobago,Martinique,Suriname,1475,1354,2,0,20,-20,1495,1334,73,125,8,-5,81,120,40,0,121
2543,Apr 8 1994,Caribbean Cup in Trinidad and Tobago,Barbados,Guadeloupe,1306,1353,2,2,3,-3,1309,1350,126,117,0,-1,126,116,40,0,-47
2544,Apr 8 1994,Caribbean Cup in Trinidad and Tobago,Trinidad and Tobago,Dominica,1486,1188,5,0,7,-7,1493,1181,83,161,1,-1,84,160,40,100,398
2545,Apr 9 1994,Caribbean Cup in Trinidad and Tobago,Martinique,Haiti,1495,1327,3,0,19,-19,1514,1308,69,129,6,-3,75,126,40,0,168
2546,Apr 9 1994,Caribbean Cup in Trinidad and Tobago,Suriname,Cayman Islands,1334,1028,2,0,9,-9,1343,1019,114,191,3,-4,117,187,40,0,306
2547,Apr 10 1994,Caribbean Cup in Trinidad and Tobago,Barbados,Dominica,1309,1181,1,1,-7,7,1302,1188,131,158,-3,1,128,159,40,0,128
2548,Apr 10 1994,African Nations Cup in Tunisia,Ivory Coast,Mali,1663,1491,3,1,20,-20,1683,1471,35,93,1,-4,36,89,50,0,172
2549,Apr 10 1994,African Nations Cup in Tunisia,Nigeria,Zambia,1722,1721,2,1,25,-25,1747,1696,27,35,1,-2,28,33,50,0,1
2550,Apr 10 1994,Caribbean Cup in Trinidad and Tobago,Trinidad and Tobago,Guadeloupe,1493,1350,0,0,-12,12,1481,1362,92,114,-4,1,88,115,40,100,243
2551,Apr 11 1994,Caribbean Cup in Trinidad and Tobago,Cayman Islands,Martinique,1019,1514,1,1,18,-18,1037,1496,179,85,4,-5,183,80,40,0,-495
2552,Apr 11 1994,Caribbean Cup in Trinidad and Tobago,Haiti,Suriname,1308,1343,1,1,2,-2,1310,1341,123,121,1,-2,124,119,30,0,-35
2553,Apr 11 1994,Friendly tournament in Uzbekistan,Kazakhstan,Tajikistan,1612,1378,1,0,6,-6,1618,1372,52,111,2,-1,54,110,30,0,234
2554,Apr 11 1994,Friendly tournament in Uzbekistan,Uzbekistan,Turkmenistan,1657,1506,4,0,11,-11,1668,1495,36,85,2,-4,38,81,20,0,151
2555,Apr 12 1994,Caribbean Cup in Trinidad and Tobago,Guadeloupe,Dominica,1362,1188,4,0,20,-20,1382,1168,99,163,8,-2,107,161,40,0,174
2556,Apr 12 1994,Caribbean Cup in Trinidad and Tobago,Trinidad and Tobago,Barbados,1481,1302,2,0,10,-10,1491,1292,80,138,4,-5,84,133,40,100,279
2557,Apr 13 1994,Friendly in France,Poland,Saudi Arabia,1703,1660,1,0,9,-9,1712,1651,32,45,0,-3,32,42,20,0,43
2558,Apr 13 1994,Friendly tournament in Uzbekistan,Turkmenistan,Kyrgyzstan,1495,1200,5,1,9,-9,1504,1191,71,159,5,-3,76,156,30,0,295
2559,Apr 13 1994,Friendly tournament in Uzbekistan,Uzbekistan,Kazakhstan,1668,1618,1,0,9,-9,1677,1609,38,58,0,-2,38,56,20,0,50
2560,Apr 14 1994,Caribbean Cup in Trinidad and Tobago,Martinique,Guadeloupe,1496,1382,4,2,20,-20,1516,1362,63,123,9,-8,72,115,40,0,114
2561,Apr 14 1994,Caribbean Cup in Trinidad and Tobago,Trinidad and Tobago,Suriname,1491,1341,3,2,8,-8,1499,1333,78,123,3,-2,81,121,40,100,250
2562,Apr 15 1994,Friendly tournament in Uzbekistan,Kazakhstan,Turkmenistan,1609,1504,0,0,-4,4,1605,1508,56,77,0,0,56,77,30,0,105
2563,Apr 15 1994,Friendly in Oman,Oman,Bulgaria,1191,1791,1,1,9,-9,1200,1782,150,24,3,0,153,24,20,0,-600
2564,Apr 15 1994,Friendly tournament in Uzbekistan,Tajikistan,Kyrgyzstan,1372,1191,1,0,8,-8,1380,1183,106,162,2,-3,108,159,30,0,181
2565,Apr 16 1994,Friendly in the United States,United States,Moldova,1614,1484,1,1,-6,6,1608,1490,55,85,0,0,55,85,20,100,230
2566,Apr 17 1994,Friendly in Colombia,Colombia,Nigeria,1919,1747,1,0,3,-3,1922,1744,5,28,1,0,6,28,20,100,272
2567,Apr 17 1994,Caribbean Cup in Trinidad and Tobago,Guadeloupe,Suriname,1362,1333,2,0,28,-28,1390,1305,97,131,9,-5,106,126,40,0,29
2568,Apr 17 1994,Friendly tournament in Uzbekistan,Kazakhstan,Kyrgyzstan,1605,1183,0,0,-13,13,1592,1196,62,151,-3,4,59,155,30,0,422
2569,Apr 17 1994,Caribbean Cup in Trinidad and Tobago,Trinidad and Tobago,Martinique,1499,1516,7,2,31,-31,1530,1485,63,98,9,-13,72,85,30,0,-17
2570,Apr 17 1994,Friendly tournament in Uzbekistan,Uzbekistan,Tajikistan,1677,1380,1,1,-12,12,1665,1392,38,102,0,3,38,105,30,100,397
2571,Apr 18 1994,Friendly in Tunisia,Tunisia,Saudi Arabia,1544,1651,2,0,15,-15,1559,1636,60,50,5,-4,65,46,20,100,-7
2572,Apr 19 1994,Friendly in Malta,Malta,Azerbaijan,1379,1552,5,0,24,-24,1403,1528,92,77,9,-5,101,72,20,100,-73
2573,Apr 19 1994,Friendly tournament in Uzbekistan,Turkmenistan,Tajikistan,1508,1392,2,0,15,-15,1523,1377,69,115,4,-5,73,110,30,0,116
2574,Apr 19 1994,Friendly tournament in Uzbekistan,Uzbekistan,Kyrgyzstan,1665,1196,3,0,2,-2,1667,1194,38,155,0,0,38,155,20,0,469
2575,Apr 20 1994,Friendly tournament in Argentina,Argentina,Morocco,1918,1678,3,1,6,-6,1924,1672,4,39,2,-1,6,38,20,0,240
2576,Apr 20 1994,Friendly in Austria,Austria,Scotland,1641,1759,1,2,-9,9,1632,1768,47,25,-1,0,46,25,20,100,-18
2577,Apr 20 1994,Friendly in Denmark,Denmark,Hungary,1921,1628,3,1,3,-3,1924,1625,5,53,1,-2,6,51,20,100,393
2578,Apr 20 1994,Friendly in Lithuania,Lithuania,Israel,1305,1582,1,1,5,-5,1310,1577,122,62,2,0,124,62,20,100,-177
2579,Apr 20 1994,Friendly in the Netherlands,Netherlands,Ireland,1995,1837,0,1,-16,16,1979,1853,2,15,0,2,2,17,20,100,258
2580,Apr 20 1994,Friendly in Norway,Norway,Portugal,1850,1833,0,0,-3,3,1847,1836,18,20,0,0,18,20,20,100,117
2581,Apr 20 1994,European Championship qual in Northern Ireland,Northern Ireland,Liechtenstein,1688,1115,4,1,1,-1,1689,1114,35,169,0,0,35,169,20,0,573
2582,Apr 20 1994,Friendly in Romania,Romania,Bolivia,1826,1714,3,0,8,-8,1834,1706,21,33,0,-1,21,32,20,100,212
2583,Apr 20 1994,Friendly in France,Saudi Arabia,Iceland,1636,1579,2,0,13,-13,1649,1566,42,65,2,-1,44,64,20,0,57
2584,Apr 20 1994,Friendly in Slovakia,Slovakia,Croatia,1650,1894,4,1,24,-24,1674,1870,31,18,6,-4,37,14,20,100,-144
2585,Apr 20 1994,Friendly in Swaziland,Swaziland,Mozambique,1242,1301,0,1,-11,11,1231,1312,147,117,-1,6,146,123,20,100,41
2586,Apr 20 1994,Friendly in Switzerland,Switzerland,Czechia,1872,1854,3,0,12,-12,1884,1842,10,21,2,-2,12,19,20,100,118
2587,Apr 20 1994,Friendly in Turkey,Turkey,Russia,1583,1859,0,1,-5,5,1578,1864,61,15,0,0,61,15,20,100,-176
2588,Apr 20 1994,Friendly in the United States,United States,Moldova,1608,1490,3,0,8,-8,1616,1482,53,90,1,-3,54,87,20,100,218
2589,Apr 20 1994,Friendly in Wales,Wales,Sweden,1759,1886,0,2,-14,14,1745,1900,29,9,-2,1,27,10,20,100,-27
2590,Apr 24 1994,Friendly in South Africa,South Africa,Zimbabwe,1616,1552,1,0,6,-6,1622,1546,50,71,2,-2,52,69,20,100,164
2591,Apr 24 1994,Friendly in the United States,United States,Iceland,1616,1566,1,2,-14,14,1602,1580,58,58,-2,3,56,61,20,100,150
2592,Apr 27 1994,Friendly in Greece,Greece,Saudi Arabia,1734,1649,5,1,10,-10,1744,1639,27,46,1,-1,28,45,20,100,185
2593,Apr 27 1994,Friendly in Slovenia,Slovenia,Cyprus,1592,1366,3,0,5,-5,1597,1361,57,115,1,0,58,115,20,100,326
2594,Apr 27 1994,Friendly in the United Arab Emirates,United Arab Emirates,Germany,1483,2019,0,2,-2,2,1481,2021,90,1,-2,0,88,1,20,100,-436
2595,Apr 28 1994,Friendly in Kuwait,Kuwait,Bulgaria,1512,1782,2,2,5,-5,1517,1777,71,24,3,0,74,24,20,100,-170
2596,Apr 30 1994,Friendly in the United States,United States,Chile,1602,1754,0,2,-13,13,1589,1767,64,26,-4,0,60,26,20,100,-52
2597,May 1 1994,Friendly in South Korea,South Korea,Cameroon,1660,1652,2,2,-3,3,1657,1655,40,40,0,1,40,41,20,100,108
2598,May 3 1994,Friendly tournament in the United States,Colombia,Peru,1922,1551,1,0,3,-3,1925,1548,4,66,2,1,6,67,30,0,371
2599,May 3 1994,Friendly tournament in the United States,El Salvador,Honduras,1494,1552,3,1,26,-26,1520,1526,66,77,8,-5,74,72,30,0,-58
2600,May 3 1994,Friendly in South Korea,South Korea,Cameroon,1657,1655,2,1,7,-7,1664,1648,40,45,0,-2,40,43,20,100,102
2601,May 4 1994,Friendly in France,Bolivia,Saudi Arabia,1706,1639,1,0,8,-8,1714,1631,32,47,0,-1,32,46,20,0,67
2602,May 4 1994,Friendly in Brazil,Brazil,Iceland,1960,1580,3,0,2,-2,1962,1578,4,61,0,0,4,61,20,100,480
2603,May 4 1994,Friendly in Poland,Poland,Hungary,1712,1625,3,2,5,-5,1717,1620,31,53,0,-1,31,52,20,100,187
2604,May 5 1994,Friendly tournament in the United States,Colombia,El Salvador,1925,1520,3,0,5,-5,1930,1515,6,82,0,-4,6,78,30,0,405
2605,May 5 1994,Friendly tournament in the United States,Honduras,Peru,1526,1548,2,1,16,-16,1542,1532,64,73,4,-3,68,70,30,0,-22
2606,May 5 1994,Friendly in Sweden,Sweden,Nigeria,1900,1744,3,1,6,-6,1906,1738,10,30,0,-1,10,29,20,100,256
2607,May 7 1994,Friendly in the United States,United States,Estonia,1589,1190,4,0,2,-2,1591,1188,60,158,0,0,60,158,20,100,499
2608,May 9 1994,Friendly tournament in Greece,Greece,Cameroon,1744,1648,0,3,-40,40,1704,1688,36,29,-4,7,32,36,30,100,196
2609,May 10 1994,Friendly tournament in South Africa,South Africa,Zambia,1622,1696,2,1,14,-14,1636,1682,39,41,6,-4,45,37,30,100,26
2610,May 11 1994,Friendly tournament in Greece,Bolivia,Cameroon,1714,1688,1,1,-1,1,1713,1689,31,33,0,1,31,34,20,0,26
2611,May 13 1994,Friendly tournament in Greece,Greece,Bolivia,1704,1713,0,0,-4,4,1700,1717,32,29,0,1,32,30,30,100,91
2612,May 14 1994,Friendly in Macedonia,Macedonia,Albania,1631,1382,5,1,4,-4,1635,1378,45,109,1,0,46,109,20,100,349
2613,May 14 1994,Friendly in the Netherlands,Nigeria,Suriname,1738,1305,2,1,2,-2,1740,1303,28,128,0,0,28,128,20,0,433
2614,May 15 1994,Friendly in the United States,United States,Armenia,1591,1246,1,0,1,-1,1592,1245,58,144,1,0,59,144,20,100,445
2615,May 17 1994,Friendly in England,England,Greece,1885,1700,5,0,6,-6,1891,1694,11,32,0,0,11,32,20,100,285
2616,May 17 1994,Friendly in Poland,Poland,Austria,1717,1632,3,4,-15,15,1702,1647,32,41,-1,3,31,44,20,100,185
2617,May 18 1994,Friendly in Chile,Chile,Argentina,1767,1924,3,3,2,-2,1769,1922,24,9,1,-1,25,8,20,100,-57
2618,May 18 1994,Friendly in Hungary,Hungary,Croatia,1620,1870,2,2,4,-4,1624,1866,52,14,0,0,52,14,20,100,-150
2619,May 19 1994,Friendly in Iceland,Iceland,Bolivia,1578,1717,1,0,11,-11,1589,1706,61,30,0,0,61,30,20,100,-39
2620,May 21 1994,Friendly in Fiji,Fiji,Tahiti,1404,1538,1,1,1,-1,1405,1537,99,69,0,0,99,69,20,100,-34
2621,May 22 1994,Friendly in England,England,Norway,1891,1847,0,0,-4,4,1887,1851,11,18,0,0,11,18,20,100,144
2622,May 22 1994,Friendly tournament in Japan,Japan,Australia,1647,1722,1,1,-1,1,1646,1723,46,29,-1,0,45,29,20,100,25
2623,May 23 1994,Friendly in Estonia,Estonia,Wales,1188,1745,1,2,-1,1,1187,1746,158,27,0,0,158,27,20,0,-557
2624,May 23 1994,Friendly in Fiji,Fiji,Tahiti,1405,1537,2,2,1,-1,1406,1536,99,69,0,0,99,69,20,100,-32
2625,May 24 1994,Friendly in Ireland,Ireland,Bolivia,1853,1706,1,0,4,-4,1857,1702,15,30,1,0,16,30,20,100,247
2626,May 24 1994,Friendly in Romania,Romania,Nigeria,1834,1740,2,0,7,-7,1841,1733,19,28,1,0,20,28,20,100,194
2627,May 25 1994,Friendly in Chile,Chile,Peru,1769,1532,2,1,3,-3,1772,1529,25,70,0,0,25,70,20,100,337
2628,May 25 1994,Friendly in Czechia,Czechia,Lithuania,1842,1310,5,3,1,-1,1843,1309,19,128,0,-2,19,126,20,0,532
2629,May 25 1994,Friendly in Ecuador,Ecuador,Argentina,1631,1922,1,0,15,-15,1646,1907,42,8,3,0,45,8,20,100,-191
2630,May 25 1994,Friendly in Fiji,Fiji,Tahiti,1406,1536,2,0,16,-16,1422,1520,95,77,2,-4,97,73,20,100,-30
2631,May 25 1994,Friendly in Ukraine,Ukraine,Belarus,1601,1416,3,1,5,-5,1606,1411,54,99,1,-1,55,98,20,100,285
2632,May 25 1994,Friendly in the United States,United States,Saudi Arabia,1592,1631,0,0,-2,2,1590,1633,61,50,-1,-1,60,49,20,100,61
2633,May 26 1994,Friendly in Denmark,Denmark,Sweden,1924,1906,1,0,7,-7,1931,1899,5,10,1,0,6,10,20,100,118
2634,May 26 1994,Friendly tournament in Japan,France,Australia,1907,1723,1,0,8,-8,1915,1715,8,29,0,0,8,29,30,0,184
2635,May 27 1994,Friendly in Italy,Italy,Finland,1978,1554,2,0,1,-1,1979,1553,3,66,0,0,3,66,20,100,524
2636,May 27 1994,Friendly in the Netherlands,Netherlands,Scotland,1979,1768,3,1,4,-4,1983,1764,2,26,0,0,2,26,20,100,311
2637,May 27 1994,Friendly in Switzerland,Switzerland,Liechtenstein,1884,1114,2,0,0,0,1884,1114,12,169,0,0,12,169,20,0,770
2638,May 28 1994,Friendly in the United States,United States,Greece,1590,1694,1,1,0,0,1590,1694,60,32,0,0,60,32,20,100,-4
2639,May 29 1994,Friendly in Germany,Germany,Ireland,2021,1857,0,2,-25,25,1996,1882,1,10,0,3,1,13,20,100,264
2640,May 29 1994,Friendly tournament in Japan,Japan,France,1646,1915,1,4,-14,14,1632,1929,53,8,-4,0,49,8,30,100,-169
2641,May 29 1994,Friendly in Russia,Russia,Slovakia,1864,1674,2,1,3,-3,1867,1671,15,40,0,-1,15,39,20,100,290
2642,May 31 1994,Friendly in Israel,Israel,Argentina,1577,1907,0,3,-7,7,1570,1914,63,9,0,0,63,9,20,100,-230
2643,Jun 1 1994,Friendly in Canada,Canada,Morocco,1597,1672,1,1,-1,1,1596,1673,59,38,-1,0,58,38,20,100,25
2644,Jun 1 1994,Friendly in Macedonia,Macedonia,Estonia,1635,1187,2,0,1,-1,1636,1186,45,158,1,0,46,158,20,100,548
2645,Jun 1 1994,Friendly in the Netherlands,Netherlands,Hungary,1983,1624,7,1,3,-3,1986,1621,2,52,0,0,2,52,20,100,459
2646,Jun 1 1994,Friendly in Norway,Norway,Denmark,1851,1931,2,1,9,-9,1860,1922,16,10,1,-2,17,8,20,100,20
2647,Jun 1 1994,Friendly in Romania,Romania,Slovenia,1841,1597,0,0,-8,8,1833,1605,22,55,-1,1,21,56,20,100,344
2648,Jun 2 1994,Friendly in Austria,Austria,Germany,1647,1996,1,5,-7,7,1640,2003,46,1,-1,0,45,1,20,100,-249
2649,Jun 2 1994,Friendly in Finland,Finland,Spain,1553,1878,1,2,-4,4,1549,1882,66,12,0,1,66,13,20,100,-225
2650,Jun 2 1994,Friendly in Latvia,Latvia,Malta,1372,1403,2,0,12,-12,1384,1391,104,109,4,-4,108,105,20,100,69
2651,Jun 3 1994,Friendly in Bulgaria,Bulgaria,Ukraine,1777,1606,1,1,-7,7,1770,1613,26,55,-1,0,25,55,20,100,271
2652,Jun 3 1994,Friendly in the United States,Colombia,Northern Ireland,1930,1689,2,0,6,-6,1936,1683,4,36,1,-1,5,35,20,0,241
2653,Jun 3 1994,Friendly in Italy,Italy,Switzerland,1979,1884,1,0,5,-5,1984,1879,3,16,0,-2,3,14,20,100,195
2654,Jun 4 1994,Friendly in Belgium,Belgium,Zambia,1808,1682,9,0,11,-11,1819,1671,22,39,0,-1,22,38,20,100,226
2655,Jun 4 1994,Friendly in Croatia,Croatia,Argentina,1866,1914,0,0,-1,1,1865,1915,16,9,0,0,16,9,20,100,52
2656,Jun 4 1994,Friendly in the United States,Saudi Arabia,Trinidad and Tobago,1633,1530,3,2,7,-7,1640,1523,42,73,3,-2,45,71,20,0,103
2657,Jun 4 1994,Friendly in the United States,United States,Mexico,1590,1857,1,0,14,-14,1604,1843,54,18,3,0,57,18,20,100,-167
2658,Jun 5 1994,Friendly in Canada,Canada,Brazil,1596,1962,1,1,6,-6,1602,1956,59,4,0,0,59,4,20,100,-266
2659,Jun 5 1994,Friendly in the United States,Colombia,Greece,1936,1694,2,0,6,-6,1942,1688,5,36,0,-2,5,34,20,0,242
2660,Jun 5 1994,Friendly in the United States,Ecuador,South Korea,1646,1664,2,1,11,-11,1657,1653,38,45,3,-2,41,43,20,0,-18
2661,Jun 5 1994,Friendly in Ireland,Ireland,Czechia,1882,1843,1,3,-21,21,1861,1864,22,14,-5,2,17,16,20,100,139
2662,Jun 5 1994,Friendly in Ivory Coast,Ivory Coast,Liberia,1683,1368,4,1,3,-3,1686,1365,35,115,0,-1,35,114,20,100,415
2663,Jun 5 1994,Friendly in Sweden,Sweden,Norway,1899,1860,2,0,9,-9,1908,1851,10,19,0,-1,10,18,20,100,139
2664,Jun 8 1994,Friendly in Australia,Australia,South Africa,1715,1636,1,0,5,-5,1720,1631,29,51,0,-2,29,49,20,100,179
2665,Jun 8 1994,Friendly in Belgium,Belgium,Hungary,1819,1621,3,1,5,-5,1824,1616,22,56,0,-2,22,54,20,100,298
2666,Jun 8 1994,Friendly in Bolivia,Bolivia,Peru,1702,1529,0,0,-7,7,1695,1536,32,69,-1,0,31,69,20,100,273
2667,Jun 8 1994,Friendly in the United States,Brazil,Honduras,1956,1542,8,2,4,-4,1960,1538,4,68,0,0,4,68,20,0,414
2668,Jun 8 1994,Friendly in Canada,Canada,Germany,1602,2003,0,2,-5,5,1597,2008,59,1,0,0,59,1,20,100,-301
2669,Jun 10 1994,Friendly in Canada,Canada,Spain,1597,1882,0,2,-8,8,1589,1890,61,10,-1,1,60,11,20,100,-185
2670,Jun 11 1994,Friendly in Canada,Bolivia,Switzerland,1695,1879,0,0,5,-5,1700,1874,31,13,0,0,31,13,20,0,-184
2671,Jun 11 1994,Friendly in the United States,Italy,Costa Rica,1984,1619,1,0,2,-2,1986,1617,1,53,1,0,2,53,20,0,365
2672,Jun 11 1994,Friendly in the United States,Mexico,Northern Ireland,1843,1683,3,0,10,-10,1853,1673,17,36,1,0,18,36,20,0,160
2673,Jun 11 1994,Friendly in Nigeria,Nigeria,Georgia,1733,1603,5,1,8,-8,1741,1595,28,58,0,0,28,58,20,100,230
2674,Jun 11 1994,Friendly in the United States,South Korea,Honduras,1653,1538,3,0,12,-12,1665,1526,39,72,2,-2,41,70,20,0,115
2675,Jun 12 1994,Friendly in Australia,Australia,South Africa,1720,1631,1,0,5,-5,1725,1626,29,51,0,-1,29,50,20,100,189
2676,Jun 12 1994,Friendly in the United States,Brazil,El Salvador,1960,1515,4,0,3,-3,1963,1512,4,78,0,0,4,78,20,0,445
2677,Jun 12 1994,Friendly in Canada,Canada,Netherlands,1589,1986,0,3,-5,5,1584,1991,62,2,-1,0,61,2,20,100,-297
2678,Jun 12 1994,Friendly in the United States,Romania,Sweden,1833,1908,1,1,2,-2,1835,1906,21,10,0,0,21,10,20,0,-75
2679,Jun 17 1994,World Cup in the United States,Germany,Bolivia,2008,1700,1,0,9,-9,2017,1691,1,33,0,-1,1,32,60,0,308
2680,Jun 17 1994,World Cup in the United States,South Korea,Spain,1665,1890,2,2,17,-17,1682,1873,31,15,5,-2,36,13,60,0,-225
2681,Jun 18 1994,World Cup in the United States,Ireland,Italy,1861,1986,1,0,40,-40,1901,1946,3,5,7,-1,10,4,60,0,-125
2682,Jun 18 1994,World Cup in the United States,Romania,Colombia,1835,1942,3,1,58,-58,1893,1884,1,21,10,-8,11,13,60,0,-107
2683,Jun 18 1994,World Cup in the United States,United States,Switzerland,1604,1874,1,1,14,-14,1618,1860,49,24,4,-6,53,18,60,100,-170
2684,Jun 19 1994,World Cup in the United States,Belgium,Morocco,1824,1673,1,0,18,-18,1842,1655,18,47,2,-5,20,42,60,0,151
2685,Jun 19 1994,World Cup in the United States,Cameroon,Sweden,1689,1906,2,2,17,-17,1706,1889,27,13,3,-2,30,11,60,0,-217
2686,Jun 19 1994,World Cup in the United States,Norway,Mexico,1851,1853,1,0,30,-30,1881,1823,8,25,6,-3,14,22,60,0,-2
2687,Jun 20 1994,World Cup in the United States,Brazil,Russia,1963,1867,2,0,33,-33,1996,1834,3,26,0,-5,3,21,60,0,96
2688,Jun 20 1994,World Cup in the United States,Netherlands,Saudi Arabia,1991,1640,2,1,7,-7,1998,1633,2,49,0,-2,2,47,60,0,351
2689,Jun 21 1994,World Cup in the United States,Argentina,Greece,1915,1688,4,0,24,-24,1939,1664,2,46,3,-6,5,40,60,0,227
2690,Jun 21 1994,World Cup in the United States,Germany,Spain,2017,1873,1,1,-12,12,2005,1885,1,11,0,2,1,13,40,100,244
2691,Jun 21 1994,World Cup in the United States,Nigeria,Bulgaria,1741,1770,3,0,57,-57,1798,1713,18,33,5,-4,23,29,60,0,-29
2692,Jun 22 1994,World Cup in the United States,Switzerland,Romania,1860,1893,4,1,57,-57,1917,1836,0,28,9,-9,9,19,60,0,-33
2693,Jun 22 1994,World Cup in the United States,United States,Colombia,1618,1884,2,1,43,-43,1661,1841,29,22,12,-4,41,18,60,100,-166
2694,Jun 23 1994,World Cup in the United States,Bolivia,South Korea,1691,1682,0,0,-1,1,1690,1683,33,35,0,0,33,35,40,0,9
2695,Jun 23 1994,World Cup in the United States,Italy,Norway,1946,1881,1,0,24,-24,1970,1857,4,18,0,-2,4,16,60,0,65
2696,Jun 24 1994,World Cup in the United States,Brazil,Cameroon,1996,1706,3,0,17,-17,2013,1689,-1,36,2,-3,1,33,60,0,290
2697,Jun 24 1994,World Cup in the United States,Mexico,Ireland,1823,1901,2,1,37,-37,1860,1864,10,18,6,-4,16,14,60,0,-78
2698,Jun 24 1994,World Cup in the United States,Sweden,Russia,1889,1834,3,1,38,-38,1927,1796,5,25,3,-2,8,23,60,0,55
2699,Jun 25 1994,World Cup in the United States,Argentina,Nigeria,1939,1798,2,1,18,-18,1957,1780,3,26,1,-2,4,24,60,0,141
2700,Jun 25 1994,World Cup in the United States,Belgium,Netherlands,1842,1998,1,0,43,-43,1885,1955,6,7,6,-2,12,5,60,0,-156
2701,Jun 25 1994,World Cup in the United States,Saudi Arabia,Morocco,1633,1655,2,1,32,-32,1665,1623,32,61,8,-9,40,52,60,0,-22
2702,Jun 26 1994,World Cup in the United States,Bulgaria,Greece,1713,1664,4,0,48,-48,1761,1616,25,67,2,-13,27,54,60,0,49
2703,Jun 26 1994,World Cup in the United States,Colombia,Switzerland,1841,1917,2,0,55,-55,1896,1862,1,24,9,-7,10,17,60,0,-76
2704,Jun 26 1994,Friendly in Latvia,Latvia,Georgia,1384,1595,1,3,-10,10,1374,1605,116,56,-4,1,112,57,20,100,-111
2705,Jun 26 1994,World Cup in the United States,United States,Romania,1661,1836,0,1,-24,24,1637,1860,48,16,-3,2,45,18,60,100,-75
2706,Jun 27 1994,World Cup in the United States,Germany,South Korea,2005,1683,3,2,8,-8,2013,1675,0,33,1,1,1,34,60,0,322
2707,Jun 27 1994,World Cup in the United States,Spain,Bolivia,1885,1690,3,1,22,-22,1907,1668,8,44,2,-6,10,38,60,0,195
2708,Jun 28 1994,World Cup in the United States,Brazil,Sweden,2013,1927,1,1,-7,7,2006,1934,3,4,-1,2,2,6,30,100,186
2709,Jun 28 1994,World Cup in the United States,Ireland,Norway,1864,1857,0,0,-1,1,1863,1858,19,20,-2,0,17,20,50,0,7
2710,Jun 28 1994,World Cup in the United States,Italy,Mexico,1970,1860,1,1,-9,9,1961,1869,3,10,0,4,3,14,60,0,110
2711,Jun 28 1994,World Cup in the United States,Russia,Cameroon,1796,1689,6,1,42,-42,1838,1647,20,54,1,-11,21,43,60,0,107
2712,Jun 29 1994,World Cup in the United States,Netherlands,Morocco,1955,1623,2,1,8,-8,1963,1615,1,59,2,-4,3,55,60,0,332
2713,Jun 29 1994,World Cup in the United States,Saudi Arabia,Belgium,1665,1885,1,0,47,-47,1712,1838,21,27,9,-7,30,20,60,0,-220
2714,Jun 30 1994,World Cup in the United States,Bulgaria,Argentina,1761,1957,2,0,68,-68,1829,1889,19,17,4,-6,23,11,60,0,-196
2715,Jun 30 1994,World Cup in the United States,Nigeria,Greece,1780,1616,2,0,25,-25,1805,1591,24,65,0,-6,24,59,60,0,164
2716,Jul 1 1994,Friendly in Botswana,Botswana,Namibia,1067,1133,0,1,-11,11,1056,1144,180,163,0,2,180,165,20,100,34
2717,Jul 2 1994,World Cup in the United States,Germany,Belgium,2013,1838,3,2,16,-16,2029,1822,1,24,0,-2,1,22,60,0,175
2718,Jul 2 1994,World Cup in the United States,Spain,Switzerland,1907,1862,3,0,46,-46,1953,1816,1,29,4,-6,5,23,60,0,45
2719,Jul 3 1994,Oce Cup q & Melanesian Cup in the Solomon Islands,Papua New Guinea,New Caledonia,1094,1286,1,0,30,-30,1124,1256,163,146,6,-6,169,140,40,0,-192
2720,Jul 3 1994,World Cup in the United States,Romania,Argentina,1860,1889,3,2,32,-32,1892,1857,5,25,6,-7,11,18,60,0,-29
2721,Jul 3 1994,World Cup in the United States,Sweden,Saudi Arabia,1934,1712,3,1,20,-20,1954,1692,4,34,1,-2,5,32,60,0,222
2722,Jul 4 1994,Oce Cup q & Melanesian Cup in the Solomon Islands,Fiji,New Caledonia,1422,1256,3,1,17,-17,1439,1239,93,148,2,-4,95,144,40,0,166
2723,Jul 4 1994,World Cup in the United States,Netherlands,Ireland,1963,1863,2,0,32,-32,1995,1831,3,24,0,-4,3,20,60,0,100
2724,Jul 4 1994,World Cup in the United States,United States,Brazil,1637,2006,0,1,-11,11,1626,2017,51,2,-3,0,48,2,60,100,-269
2725,Jul 5 1994,World Cup in the United States,Bulgaria,Mexico,1829,1869,1,1,3,-3,1832,1866,19,13,1,0,20,13,50,0,-40
2726,Jul 5 1994,World Cup in the United States,Italy,Nigeria,1961,1805,2,1,17,-17,1978,1788,4,26,0,-1,4,25,60,0,156
2727,Jul 5 1994,Oce Cup q & Melanesian Cup in the Solomon Islands,New Caledonia,Vanuatu,1239,1008,3,2,8,-8,1247,1000,138,192,3,-1,141,191,40,0,231
2728,Jul 5 1994,Oce Cup q & Melanesian Cup in the Solomon Islands,Solomon Islands,Papua New Guinea,1207,1124,2,0,16,-16,1223,1108,151,175,0,-3,151,172,40,100,183
2729,Jul 6 1994,Oce Cup q & Melanesian Cup in the Solomon Islands,Fiji,Papua New Guinea,1439,1108,1,0,5,-5,1444,1103,93,176,1,-2,94,174,40,0,331
2730,Jul 6 1994,Oce Cup q & Melanesian Cup in the Solomon Islands,Solomon Islands,Vanuatu,1223,1000,4,0,10,-10,1233,990,141,191,5,0,146,191,40,100,323
2731,Jul 7 1994,Oce Cup q & Melanesian Cup in the Solomon Islands,Papua New Guinea,Vanuatu,1103,990,1,1,-6,6,1097,996,176,191,-1,0,175,191,40,0,113
2732,Jul 7 1994,Oce Cup q & Melanesian Cup in the Solomon Islands,Solomon Islands,Fiji,1233,1444,1,0,26,-26,1259,1418,130,100,8,-3,138,97,40,100,-111
2733,Jul 8 1994,Oce Cup q & Melanesian Cup in the Solomon Islands,Fiji,Vanuatu,1418,996,4,2,5,-5,1423,991,95,191,1,0,96,191,40,0,422
2734,Jul 8 1994,Friendly tournament in Japan,Japan,Ghana,1632,1626,3,2,11,-11,1643,1615,42,58,2,-5,44,53,30,100,106
2735,Jul 8 1994,Oce Cup q & Melanesian Cup in the Solomon Islands,Solomon Islands,New Caledonia,1259,1247,3,1,21,-21,1280,1226,130,160,4,-9,134,151,40,100,112
2736,Jul 9 1994,World Cup in the United States,Brazil,Netherlands,2017,1995,3,2,28,-28,2045,1967,0,5,1,-1,1,4,60,0,22
2737,Jul 9 1994,World Cup in the United States,Italy,Spain,1978,1953,2,1,28,-28,2006,1925,2,10,1,-2,3,8,60,0,25
2738,Jul 10 1994,World Cup in the United States,Bulgaria,Germany,1832,2029,2,1,45,-45,1877,1984,6,4,7,-1,13,3,60,0,-197
2739,Jul 10 1994,World Cup in the United States,Romania,Sweden,1892,1954,2,2,5,-5,1897,1949,9,5,1,0,10,5,60,0,-62
2740,Jul 13 1994,World Cup in the United States,Brazil,Sweden,2045,1949,1,0,22,-22,2067,1927,1,9,0,-2,1,7,60,0,96
2741,Jul 13 1994,World Cup in the United States,Italy,Bulgaria,2006,1877,2,1,19,-19,2025,1858,2,19,0,-3,2,16,60,0,129
2742,Jul 14 1994,Friendly tournament in Japan,Japan,Ghana,1643,1615,2,1,10,-10,1653,1605,40,57,2,-2,42,55,30,100,128
2743,Jul 16 1994,Friendly in Armenia,Armenia,Malta,1245,1391,1,0,11,-11,1256,1380,138,111,3,-3,141,108,20,100,-46
2744,Jul 16 1994,World Cup in the United States,Sweden,Bulgaria,1927,1858,4,0,45,-45,1972,1813,1,30,3,-7,4,23,60,0,69
2745,Jul 17 1994,World Cup in the United States,Brazil,Italy,2067,2025,0,0,-4,4,2063,2029,1,2,0,0,1,2,20,100,142
2746,Jul 19 1994,Friendly in Georgia,Georgia,Malta,1605,1380,1,1,-7,7,1598,1387,59,106,-2,1,57,107,20,100,325
2747,Jul 29 1994,Baltic Cup in Lithuania,Lithuania,Estonia,1309,1186,3,0,11,-11,1320,1175,118,162,4,-2,122,160,30,100,223
2748,Jul 30 1994,Baltic Cup in Lithuania,Latvia,Estonia,1374,1175,2,0,11,-11,1385,1164,104,164,4,-2,108,162,30,0,199
2749,Jul 31 1994,Baltic Cup in Lithuania,Lithuania,Latvia,1320,1385,1,0,13,-13,1333,1372,120,116,1,-4,121,112,30,100,35
2750,Aug 4 1994,Friendly in Niger,Niger,Togo,1352,1306,0,0,-4,4,1348,1310,116,123,0,2,116,125,20,100,146
2751,Aug 8 1994,Friendly in Ivory Coast,Ivory Coast,Mali,1686,1471,2,1,3,-3,1689,1468,33,89,0,0,33,89,20,100,315
2752,Aug 12 1994,Friendly tournament in Indonesia,Myanmar,Thailand,1156,1403,2,2,9,-9,1165,1394,159,107,2,-3,161,104,30,0,-247
2753,Aug 16 1994,Friendly in Iceland,Iceland,Estonia,1589,1164,4,0,2,-2,1591,1162,58,163,1,0,59,163,20,100,525
2754,Aug 16 1994,Friendly in Niger,Niger,Togo,1348,1310,3,2,6,-6,1354,1304,116,129,0,-2,116,127,20,100,138
2755,Aug 16 1994,Friendly in Slovakia,Slovakia,Malta,1671,1387,1,1,-8,8,1663,1395,42,101,-3,3,39,104,20,100,384
2756,Aug 17 1994,Friendly in Austria,Austria,Russia,1640,1838,0,3,-13,13,1627,1851,47,18,-1,0,46,18,20,100,-98
2757,Aug 17 1994,Friendly in Denmark,Denmark,Finland,1922,1549,2,1,1,-1,1923,1548,9,68,0,-1,9,67,20,100,473
2758,Aug 17 1994,Friendly in France,France,Czechia,1929,1864,2,2,-4,4,1925,1868,7,13,0,1,7,14,20,100,165
2759,Aug 17 1994,Friendly in Israel,Israel,Croatia,1570,1865,0,4,-9,9,1561,1874,65,12,-1,1,64,13,20,100,-195
2760,Aug 17 1994,Friendly in Peru,Peru,Ecuador,1536,1657,2,0,16,-16,1552,1641,64,48,2,-4,66,44,20,100,-21
2761,Aug 17 1994,Friendly in Poland,Poland,Belarus,1702,1411,1,1,-8,8,1694,1419,30,98,0,0,30,98,20,100,391
2762,Aug 17 1994,Friendly in Sweden,Sweden,Lithuania,1972,1333,4,2,0,0,1972,1333,4,121,0,0,4,121,20,100,739
2763,Aug 19 1994,Friendly in Congo,Congo,Zaire,1403,1501,2,0,15,-15,1418,1486,97,86,2,-3,99,83,20,100,2
2764,Aug 19 1994,Friendly in Egypt,Egypt,Mali,1655,1468,2,1,3,-3,1658,1465,40,91,0,-1,40,90,20,100,287
2765,Aug 21 1994,Friendly in Egypt,Egypt,Mali,1658,1465,0,1,-17,17,1641,1482,46,82,-3,4,43,86,20,100,293
2766,Aug 23 1994,Friendly in Burkina Faso,Burkina Faso,Niger,1404,1354,0,0,-4,4,1400,1358,105,116,-2,0,103,116,20,100,150
2767,Aug 23 1994,Friendly tournament in Egypt,Egypt,Ghana,1641,1605,2,0,14,-14,1655,1591,37,61,3,-3,40,58,30,100,136
2768,Aug 23 1994,Friendly in Namibia,Namibia,Botswana,1144,1056,1,1,-5,5,1139,1061,167,180,-1,0,166,180,20,100,188
2769,Aug 24 1994,Friendly in Zaire,Zaire,Congo,1486,1418,2,0,8,-8,1494,1410,81,101,1,-1,82,100,20,100,168
2770,Aug 25 1994,Friendly tournament in Egypt,Ghana,Zambia,1591,1671,1,0,18,-18,1609,1653,52,44,3,-4,55,40,30,0,-80
2771,Aug 25 1994,Friendly in Namibia,Namibia,Botswana,1139,1061,2,3,-15,15,1124,1076,170,178,-2,1,168,179,20,100,178
2772,Aug 26 1994,Friendly in Germany,United Arab Emirates,Ukraine,1481,1613,1,1,4,-4,1485,1609,79,54,5,0,84,54,20,0,-132
2773,Aug 26 1994,Friendly in Zaire,Zaire,Congo,1494,1410,1,1,-5,5,1489,1415,84,98,-1,1,83,99,20,100,184
2774,Aug 27 1994,Friendly tournament in Egypt,Egypt,Zambia,1655,1653,0,4,-36,36,1619,1689,61,26,-11,7,50,33,30,100,102
2775,Aug 30 1994,Friendly in Iceland,Iceland,United Arab Emirates,1591,1485,1,0,5,-5,1596,1480,57,94,1,-5,58,89,20,100,206
2776,Aug 31 1994,Friendly in Macedonia,Macedonia,Turkey,1636,1578,0,2,-21,21,1615,1599,60,52,-8,5,52,57,20,100,158
2777,Sep 2 1994,Friendly in Moldova,Moldova,Azerbaijan,1482,1528,2,1,8,-8,1490,1520,80,75,3,-3,83,72,20,100,54
2778,Sep 2 1994,Friendly in the Solomon Islands,Solomon Islands,Fiji,1280,1423,1,0,11,-11,1291,1412,134,102,0,-3,134,99,20,100,-43
2779,Sep 3 1994,African Nations Cup qualifier in Senegal,Senegal,Mauritania,1440,1075,0,0,-17,17,1423,1092,96,172,-1,4,95,176,40,100,465
2780,Sep 3 1994,African Nations Cup qualifier in Tanzania,Tanzania,Uganda,1310,1484,4,0,45,-45,1355,1439,109,100,8,-7,117,93,40,100,-74
2781,Sep 4 1994,African Nations Cup qualifier in Angola,Angola,Namibia,1434,1124,2,0,5,-5,1439,1119,92,168,1,0,93,168,40,100,410
2782,Sep 4 1994,African Nations Cup qualifier in Botswana,Botswana,Guinea,1076,1384,0,1,-9,9,1067,1393,180,104,0,2,180,106,40,100,-208
2783,Sep 4 1994,African Nations Cup qualifier in Burkina Faso,Burkina Faso,Morocco,1400,1615,2,1,26,-26,1426,1589,87,70,8,-9,95,61,40,100,-115
2784,Sep 4 1994,African Nations Cup qualifier in Congo,Congo,Gambia,1415,1331,1,1,-10,10,1405,1341,104,119,-3,2,101,121,40,100,184
2785,Sep 4 1994,European Championship qual in Estonia,Estonia,Croatia,1162,1874,0,2,-2,2,1160,1876,163,13,0,0,163,13,40,100,-612
2786,Sep 4 1994,African Nations Cup qualifier in Ethiopia,Ethiopia,Algeria,1343,1627,0,0,10,-10,1353,1617,118,54,0,-5,118,49,30,0,-284
2787,Sep 4 1994,African Nations Cup qualifier in Ghana,Ghana,Sierra Leone,1609,1494,4,1,16,-16,1625,1478,40,94,7,-6,47,88,40,100,215
2788,Sep 4 1994,African Nations Cup qualifier in Guinea-Bissau,Guinea-Bissau,Tunisia,1267,1559,1,3,-15,15,1252,1574,145,63,-4,1,141,64,40,100,-192
2789,Sep 4 1994,European Championship qual in Israel,Israel,Poland,1561,1694,2,1,22,-22,1583,1672,62,42,1,-6,63,36,40,100,-33
2790,Sep 4 1994,African Nations Cup qualifier in Liberia,Liberia,Togo,1365,1304,1,0,11,-11,1376,1293,110,135,2,-4,112,131,40,100,161
2791,Sep 4 1994,African Nations Cup qualifier in Madagascar,Madagascar,South Africa,1516,1626,0,1,-19,19,1497,1645,85,40,-5,3,80,43,40,100,-10
2792,Sep 4 1994,African Nations Cup qualifier in Mali,Mali,Mozambique,1482,1312,2,1,7,-7,1489,1305,80,127,3,-1,83,126,40,100,270
2793,Sep 4 1994,African Nations Cup qualifier in Sudan,Sudan,Egypt,1334,1619,0,0,10,-10,1344,1609,117,57,2,-4,119,53,30,0,-285
2794,Sep 4 1994,African Nations Cup qualifier in Zaire,Zaire,Malawi,1489,1411,1,1,-9,9,1480,1420,88,96,-2,2,86,98,40,100,178
2795,Sep 4 1994,African Nations Cup qualifier in Zimbabwe,Zimbabwe,Lesotho,1546,1184,5,0,5,-5,1551,1179,66,158,1,0,67,158,40,100,462
2796,Sep 6 1994,European Championship qual in Czechia,Czechia,Malta,1868,1395,6,1,3,-3,1871,1392,14,108,0,-2,14,106,40,100,573
2797,Sep 6 1994,Friendly in Liberia,Liberia,Togo,1376,1293,1,1,-5,5,1371,1298,114,131,-1,0,113,131,20,100,183
2798,Sep 6 1994,Friendly in Switzerland,Switzerland,United Arab Emirates,1816,1480,1,0,2,-2,1818,1478,22,88,0,-1,22,87,20,100,436
2799,Sep 7 1994,European Championship qual in Belgium,Belgium,Armenia,1822,1256,2,0,1,-1,1823,1255,21,140,0,0,21,140,20,0,566
2800,Sep 7 1994,European Championship qual in Cyprus,Cyprus,Spain,1361,1925,1,2,-3,3,1358,1928,117,7,-1,0,116,7,40,100,-464
2801,Sep 7 1994,Friendly in England,England,United States,1887,1626,2,0,3,-3,1890,1623,12,50,0,-2,12,48,20,100,361
2802,Sep 7 1994,European Championship qual in the Faroe Islands,Faroe Islands,Greece,1199,1591,1,5,-12,12,1187,1603,160,52,-3,4,157,56,40,100,-292
2803,Sep 7 1994,European Championship qual in Finland,Finland,Scotland,1548,1764,0,2,-20,20,1528,1784,68,25,0,1,68,26,40,100,-116
2804,Sep 7 1994,European Championship qual in Georgia,Georgia,Moldova,1598,1490,0,1,-31,31,1567,1521,69,62,-6,10,63,72,40,100,208
2805,Sep 7 1994,European Championship qual in Hungary,Hungary,Turkey,1616,1599,2,2,-6,6,1610,1605,55,54,-2,1,53,55,40,100,117
2806,Sep 7 1994,European Championship qual in Iceland,Iceland,Sweden,1596,1972,0,1,-7,7,1589,1979,58,4,0,0,58,4,40,100,-276
2807,Sep 7 1994,European Championship qual in Latvia,Latvia,Ireland,1372,1831,0,3,-8,8,1364,1839,118,20,-3,0,115,20,40,100,-359
2808,Sep 7 1994,European Championship qual in Liechtenstein,Liechtenstein,Austria,1114,1627,0,4,-6,6,1108,1633,173,45,-2,0,171,45,40,100,-413
2809,Sep 7 1994,European Championship qual in Luxembourg,Luxembourg,Netherlands,1165,1967,0,4,-1,1,1164,1968,163,5,-1,0,162,5,20,100,-702
2810,Sep 7 1994,European Championship qual in Macedonia,Macedonia,Denmark,1615,1923,1,1,11,-11,1626,1912,40,9,6,0,46,9,30,0,-308
2811,Sep 7 1994,European Championship qual in Norway,Norway,Belarus,1858,1419,1,0,2,-2,1860,1417,16,99,0,0,16,99,30,0,439
2812,Sep 7 1994,European Championship qual in Northern Ireland,Northern Ireland,Portugal,1673,1836,1,2,-16,16,1657,1852,43,17,-4,1,39,18,40,100,-63
2813,Sep 7 1994,European Championship qual in Romania,Romania,Azerbaijan,1897,1520,3,0,4,-4,1901,1516,10,78,0,-3,10,75,20,0,377
2814,Sep 7 1994,Friendly in Russia,Russia,Germany,1851,1984,0,1,-9,9,1842,1993,20,3,-1,0,19,3,20,100,-33
2815,Sep 7 1994,European Championship qual in Slovakia,Slovakia,France,1663,1925,0,0,9,-9,1672,1916,31,9,4,-1,35,8,40,100,-162
2816,Sep 7 1994,European Championship qual in Slovenia,Slovenia,Italy,1605,2029,1,1,15,-15,1620,2014,43,2,6,0,49,2,40,100,-324
2817,Sep 7 1994,European Championship qual in Ukraine,Ukraine,Lithuania,1609,1333,0,2,-54,54,1555,1387,77,95,-12,14,65,109,40,100,376
2818,Sep 7 1994,European Championship qual in Wales,Wales,Albania,1746,1378,2,0,4,-4,1750,1374,28,115,0,-3,28,112,40,100,468
2819,Sep 10 1994,Friendly tournament in Qatar,Bangladesh,Yemen,1026,1247,1,0,23,-23,1049,1224,178,161,3,-9,181,152,30,0,-221
2820,Sep 10 1994,Friendly tournament in Qatar,Qatar,Oman,1482,1200,0,2,-41,41,1441,1241,99,135,-7,9,92,144,30,100,382
2821,Sep 11 1994,Friendly in South Korea,South Korea,Ukraine,1675,1555,1,0,4,-4,1679,1551,34,67,0,-1,34,66,20,100,220
2822,Sep 12 1994,Friendly tournament in Qatar,India,Bangladesh,1135,1049,4,2,17,-17,1152,1032,162,187,2,-3,164,184,30,0,86
2823,Sep 12 1994,Friendly tournament in Qatar,Qatar,Sudan,1441,1344,2,0,11,-11,1452,1333,86,126,3,-3,89,123,20,0,97
2824,Sep 13 1994,Friendly in South Korea,South Korea,Ukraine,1679,1551,2,0,6,-6,1685,1545,34,68,0,-1,34,67,20,100,228
2825,Sep 14 1994,Friendly tournament in Qatar,Oman,Sudan,1241,1333,1,1,4,-4,1245,1329,144,123,0,0,144,123,30,0,-92
2826,Sep 14 1994,Friendly tournament in Qatar,Yemen,India,1224,1152,1,0,12,-12,1236,1140,140,168,6,-2,146,166,30,0,72
2827,Sep 16 1994,Friendly tournament in Qatar,Oman,India,1245,1140,4,1,19,-19,1264,1121,130,168,7,-1,137,167,30,0,105
2828,Sep 16 1994,Friendly tournament in Qatar,Qatar,Yemen,1452,1236,2,0,6,-6,1458,1230,89,148,0,-1,89,147,30,100,316
2829,Sep 18 1994,Friendly tournament in Qatar,Qatar,Oman,1458,1264,1,2,-25,25,1433,1289,99,133,-5,2,94,135,30,100,294
2830,Sep 18 1994,Friendly tournament in Qatar,Yemen,India,1230,1121,2,0,16,-16,1246,1105,143,175,2,-4,145,171,30,0,109
2831,Sep 19 1994,Friendly in South Korea,South Korea,United Arab Emirates,1685,1478,0,0,-7,7,1678,1485,34,82,0,2,34,84,20,100,307
2832,Sep 21 1994,Friendly in Chile,Chile,Bolivia,1772,1668,1,2,-15,15,1757,1683,27,31,0,3,27,34,20,100,204
2833,Sep 21 1994,Friendly in Ecuador,Ecuador,Peru,1641,1552,0,0,-5,5,1636,1557,44,65,0,0,44,65,20,100,189
2834,Sep 22 1994,Friendly in Malaysia,Malaysia,Kuwait,1257,1517,0,2,-9,9,1248,1526,146,64,-3,5,143,69,20,100,-160
2835,Sep 24 1994,Friendly in Malaysia,Australia,Kuwait,1725,1526,0,0,-5,5,1720,1531,29,67,0,1,29,68,20,0,199
2836,Sep 25 1994,Friendly in Zambia,Zambia,Ghana,1689,1625,3,0,10,-10,1699,1615,28,57,2,-5,30,52,20,100,164
2837,Sep 29 1994,Friendly in Japan,Japan,Australia,1653,1720,0,0,-1,1,1652,1721,40,29,0,0,40,29,20,100,33
2838,Oct 1 1994,Asian Games in Japan,Bahrain,Yemen,1402,1246,2,0,17,-17,1419,1229,95,151,4,-3,99,148,40,0,156
2839,Oct 1 1994,Asian Games in Japan,China,Turkmenistan,1516,1523,2,2,0,0,1516,1523,75,69,0,1,75,70,20,0,-7
2840,Oct 1 1994,Asian Games in Japan,Kuwait,Oman,1531,1289,2,2,-12,12,1519,1301,80,123,-6,6,74,129,40,0,242
2841,Oct 1 1994,Asian Games in Japan,Malaysia,Hong Kong,1248,1194,4,3,17,-17,1265,1177,133,164,5,-5,138,159,40,0,54
2842,Oct 1 1994,Asian Games in Japan,South Korea,Nepal,1678,890,11,0,1,-1,1679,889,35,199,0,0,35,199,20,0,788
2843,Oct 1 1994,Asian Games in Japan,Uzbekistan,Saudi Arabia,1667,1692,4,1,38,-38,1705,1654,22,46,8,-7,30,39,40,0,-25
2844,Oct 3 1994,Asian Games in Japan,Bahrain,Iran,1419,1567,0,0,8,-8,1427,1559,89,65,5,-1,94,64,40,0,-148
2845,Oct 3 1994,Asian Games in Japan,China,Yemen,1516,1229,4,0,12,-12,1528,1217,61,156,7,-4,68,152,40,0,287
2846,Oct 3 1994,Asian Games in Japan,Hong Kong,Thailand,1177,1394,2,1,31,-31,1208,1363,147,126,6,-11,153,115,40,0,-217
2847,Oct 3 1994,Asian Games in Japan,Japan,United Arab Emirates,1652,1485,1,1,-13,13,1639,1498,46,78,-3,3,43,81,40,100,267
2848,Oct 3 1994,Asian Games in Japan,Kuwait,Nepal,1519,889,8,0,2,-2,1521,887,72,199,1,0,73,199,30,0,630
2849,Oct 3 1994,Asian Games in Japan,Myanmar,Qatar,1165,1433,2,2,13,-13,1178,1420,157,102,2,-4,159,98,40,0,-268
2850,Oct 3 1994,Asian Games in Japan,Uzbekistan,Malaysia,1705,1265,5,0,6,-6,1711,1259,30,140,0,-1,30,139,40,0,440
2851,Oct 5 1994,Asian Games in Japan,China,Bahrain,1528,1427,3,2,14,-14,1542,1413,68,106,0,-6,68,100,40,0,101
2852,Oct 5 1994,Asian Games in Japan,Iran,Turkmenistan,1559,1523,1,1,-2,2,1557,1525,64,71,0,0,64,71,30,0,36
2853,Oct 5 1994,Asian Games in Japan,Japan,Qatar,1639,1420,1,1,-15,15,1624,1435,49,90,-3,4,46,94,40,100,319
2854,Oct 5 1994,Asian Games in Japan,Saudi Arabia,Thailand,1654,1363,4,2,9,-9,1663,1354,37,121,1,-3,38,118,40,0,291
2855,Oct 5 1994,Asian Games in Japan,South Korea,Oman,1679,1301,2,1,4,-4,1683,1297,33,135,1,-3,34,132,40,0,378
2856,Oct 5 1994,Asian Games in Japan,United Arab Emirates,Myanmar,1498,1178,2,0,8,-8,1506,1170,77,161,2,-1,79,160,40,0,320
2857,Oct 5 1994,Asian Games in Japan,Uzbekistan,Hong Kong,1711,1208,1,0,2,-2,1713,1206,30,153,0,0,30,153,30,0,503
2858,Oct 7 1994,Asian Games in Japan,China,Iran,1542,1557,1,0,21,-21,1563,1536,60,74,4,-5,64,69,40,0,-15
2859,Oct 7 1994,Asian Games in Japan,Kuwait,South Korea,1521,1683,1,0,29,-29,1550,1654,61,44,6,-5,67,39,40,0,-162
2860,Oct 7 1994,Asian Games in Japan,Saudi Arabia,Malaysia,1663,1259,2,1,4,-4,1667,1255,36,141,1,-1,37,140,40,0,404
2861,Oct 7 1994,Asian Games in Japan,Turkmenistan,Yemen,1525,1217,4,0,11,-11,1536,1206,67,152,2,0,69,152,40,0,308
2862,Oct 7 1994,Asian Games in Japan,Uzbekistan,Thailand,1713,1354,5,4,4,-4,1717,1350,30,120,0,-1,30,119,40,0,359
2863,Oct 8 1994,European Championship qual in Armenia,Armenia,Cyprus,1255,1358,0,0,0,0,1255,1358,140,115,0,0,140,115,20,100,-3
2864,Oct 8 1994,European Championship qual in Estonia,Estonia,Italy,1160,2014,0,2,-1,1,1159,2015,163,2,0,0,163,2,30,100,-754
2865,Oct 8 1994,European Championship qual in France,France,Romania,1916,1901,0,0,-6,6,1910,1907,10,10,-1,0,9,10,40,100,115
2866,Oct 9 1994,Asian Games in Japan,Bahrain,Turkmenistan,1413,1536,2,2,7,-7,1420,1529,96,71,2,-1,98,70,40,0,-123
2867,Oct 9 1994,European Championship qual in Croatia,Croatia,Lithuania,1876,1387,2,0,2,-2,1878,1385,13,108,0,0,13,108,20,0,489
2868,Oct 9 1994,Asian Games in Japan,Iran,Yemen,1536,1206,4,0,10,-10,1546,1196,67,156,1,-2,68,154,40,0,330
2869,Oct 9 1994,Asian Games in Japan,Japan,Myanmar,1624,1170,5,0,3,-3,1627,1167,44,162,1,-1,45,161,20,0,454
2870,Oct 9 1994,European Championship qual in Latvia,Latvia,Portugal,1364,1852,1,3,-6,6,1358,1858,114,16,0,1,114,17,40,100,-388
2871,Oct 9 1994,Asian Games in Japan,Malaysia,Thailand,1255,1350,1,1,5,-5,1260,1345,138,119,1,0,139,119,40,0,-95
2872,Oct 9 1994,Asian Games in Japan,Oman,Nepal,1297,887,1,0,3,-3,1300,884,126,199,3,0,129,199,30,0,410
2873,Oct 9 1994,Asian Games in Japan,Qatar,United Arab Emirates,1435,1506,2,2,4,-4,1439,1502,90,79,2,0,92,79,40,0,-71
2874,Oct 9 1994,Asian Games in Japan,Saudi Arabia,Hong Kong,1667,1206,2,1,3,-3,1670,1203,37,152,0,0,37,152,40,0,461
2875,Oct 9 1994,Friendly in Senegal,Senegal,Niger,1423,1358,3,1,8,-8,1431,1350,94,121,1,-3,95,118,20,100,165
2876,Oct 9 1994,Friendly in Zambia,Zambia,Malawi,1699,1420,2,1,2,-2,1701,1418,31,100,0,-1,31,99,20,100,379
2877,Oct 11 1994,Asian Games in Japan,China,Saudi Arabia,1563,1670,2,0,39,-39,1602,1631,50,51,7,-7,57,44,40,0,-107
2878,Oct 11 1994,Asian Games in Japan,Japan,South Korea,1627,1654,2,3,-24,24,1603,1678,65,31,-10,4,55,35,40,100,73
2879,Oct 11 1994,Asian Games in Japan,Kuwait,United Arab Emirates,1550,1502,2,1,17,-17,1567,1485,61,89,3,-5,64,84,40,0,48
2880,Oct 11 1994,Asian Games in Japan,Uzbekistan,Turkmenistan,1717,1529,3,0,18,-18,1735,1511,28,86,1,-8,29,78,40,0,188
2881,Oct 12 1994,European Championship qual in Austria,Austria,Northern Ireland,1633,1657,1,2,-24,24,1609,1681,65,32,-11,3,54,35,40,100,76
2882,Oct 12 1994,European Championship qual in Belarus,Belarus,Luxembourg,1417,1164,2,0,7,-7,1424,1157,94,164,3,-1,97,163,40,100,353
2883,Oct 12 1994,European Championship qual in Bulgaria,Bulgaria,Georgia,1813,1567,2,0,7,-7,1820,1560,21,66,1,-1,22,65,40,100,346
2884,Oct 12 1994,European Championship qual in Denmark,Denmark,Belgium,1912,1823,3,1,15,-15,1927,1808,8,25,0,-2,8,23,40,100,189
2885,Oct 12 1994,Friendly in England,England,Romania,1890,1907,1,1,-2,2,1888,1909,12,10,0,0,12,10,20,100,83
2886,Oct 12 1994,European Championship qual in Greece,Greece,Finland,1603,1528,4,0,20,-20,1623,1508,35,86,10,-8,45,78,40,100,175
2887,Oct 12 1994,Friendly in Hungary,Hungary,Germany,1610,1993,0,0,7,-7,1617,1986,46,3,3,0,49,3,20,100,-283
2888,Oct 12 1994,European Championship qual in Ireland,Ireland,Liechtenstein,1839,1108,4,0,1,-1,1840,1107,22,170,-1,0,21,170,20,0,731
2889,Oct 12 1994,European Championship qual in Israel,Israel,Slovakia,1583,1672,2,2,-1,1,1582,1673,60,40,1,-2,61,38,40,100,11
2890,Oct 12 1994,European Championship qual in Macedonia,Macedonia,Spain,1626,1928,0,2,-14,14,1612,1942,61,5,-8,1,53,6,40,100,-202
2891,Oct 12 1994,European Championship qual in Malta,Malta,Czechia,1392,1871,0,0,16,-16,1408,1855,99,22,3,-4,102,18,40,100,-379
2892,Oct 12 1994,European Championship qual in Moldova,Moldova,Wales,1521,1750,3,2,27,-27,1548,1723,63,30,5,-1,68,29,40,100,-129
2893,Oct 12 1994,European Championship qual in Norway,Norway,Netherlands,1860,1968,1,1,0,0,1860,1968,14,3,1,1,15,4,20,100,-8
2894,Oct 12 1994,European Championship qual in Poland,Poland,Azerbaijan,1672,1516,1,0,7,-7,1679,1509,36,79,0,-2,36,77,40,100,256
2895,Oct 12 1994,European Championship qual in Russia,Russia,San Marino,1842,1012,4,0,0,0,1842,1012,21,188,-1,0,20,188,20,0,830
2896,Oct 12 1994,European Championship qual in Scotland,Scotland,Faroe Islands,1784,1187,5,1,1,-1,1785,1186,26,157,0,0,26,157,20,0,597
2897,Oct 12 1994,European Championship qual in Switzerland,Switzerland,Sweden,1818,1979,4,2,35,-35,1853,1944,16,6,3,-1,19,5,40,100,-61
2898,Oct 12 1994,European Championship qual in Turkey,Turkey,Iceland,1605,1589,5,0,27,-27,1632,1562,32,69,11,-5,43,64,40,100,116
2899,Oct 12 1994,European Championship qual in Ukraine,Ukraine,Slovenia,1545,1620,0,0,-1,1,1544,1621,71,47,-1,0,70,47,20,100,25
2900,Oct 13 1994,Asian Games in Japan,China,Kuwait,1602,1567,2,0,27,-27,1629,1540,33,77,12,-7,45,70,40,0,35
2901,Oct 13 1994,Asian Games in Japan,Uzbekistan,South Korea,1735,1678,1,0,17,-17,1752,1661,28,39,0,-1,28,38,40,0,57
2902,Oct 14 1994,African Nations Cup qualifier in Algeria,Algeria,Sudan,1617,1329,1,1,-16,16,1601,1345,64,115,-7,4,57,119,40,100,388
2903,Oct 14 1994,African Nations Cup qualifier in Egypt,Egypt,Tanzania,1609,1355,5,1,9,-9,1618,1346,45,120,5,-2,50,118,40,100,354
2904,Oct 14 1994,African Nations Cup qualifier in Mauritania,Mauritania,Guinea-Bissau,1092,1252,1,1,3,-3,1095,1249,176,144,0,-1,176,143,30,100,-60
2905,Oct 15 1994,Asian Games in Japan,Kuwait,South Korea,1540,1661,2,1,27,-27,1567,1634,56,46,7,-4,63,42,40,0,-121
2906,Oct 15 1994,African Nations Cup qualifier in Malawi,Malawi,Zimbabwe,1418,1551,3,1,33,-33,1451,1518,80,80,10,-7,90,73,40,100,-33
2907,Oct 15 1994,African Nations Cup qualifier in Namibia,Namibia,Mali,1119,1489,2,1,33,-33,1152,1456,161,95,3,-6,164,89,40,100,-270
2908,Oct 15 1994,African Nations Cup qualifier in South Africa,South Africa,Mauritius,1645,1228,1,0,2,-2,1647,1226,37,151,2,-1,39,150,20,0,417
2909,Oct 15 1994,African Nations Cup qualifier in Uganda,Uganda,Ethiopia,1439,1353,4,1,18,-18,1457,1335,84,130,4,-7,88,123,40,100,186
2910,Oct 16 1994,African Nations Cup qualifier in Cameroon,Cameroon,Zaire,1647,1480,1,0,7,-7,1654,1473,37,87,1,-1,38,86,40,100,267
2911,Oct 16 1994,African Nations Cup qualifier in Guinea,Guinea,Angola,1393,1439,3,1,25,-25,1418,1414,93,106,6,-6,99,100,30,0,-46
2912,Oct 16 1994,African Nations Cup qualifier in Mozambique,Mozambique,Botswana,1305,1067,3,1,8,-8,1313,1059,126,180,0,0,126,180,40,100,338
2913,Oct 16 1994,African Nations Cup qualifier in Niger,Niger,Ghana,1350,1615,1,5,-21,21,1329,1636,132,29,-8,12,124,41,40,100,-165
2914,Oct 16 1994,African Nations Cup qualifier in Sierra Leone,Sierra Leone,Congo,1478,1405,3,2,11,-11,1489,1394,80,107,3,-2,83,105,40,100,173
2915,Oct 16 1994,African Nations Cup qualifier in Togo,Togo,Senegal,1298,1431,2,0,33,-33,1331,1398,114,112,9,-8,123,104,40,100,-33
2916,Oct 16 1994,Asian Games in Japan,Uzbekistan,China,1752,1629,4,2,20,-20,1772,1609,26,63,1,-9,27,54,40,0,123
2917,Oct 19 1994,Friendly tournament in Peru,Peru,Uruguay,1557,1795,0,1,-9,9,1548,1804,66,24,0,0,66,24,30,100,-138
2918,Oct 19 1994,Friendly in Saudi Arabia,Saudi Arabia,United States,1631,1623,2,1,7,-7,1638,1616,37,58,4,-6,41,52,20,100,108
2919,Oct 23 1994,Friendly in Oman,Oman,Senegal,1300,1398,0,1,-10,10,1290,1408,140,100,-5,2,135,102,20,100,2
2920,Oct 25 1994,Friendly in Oman,Oman,Senegal,1290,1408,2,1,11,-11,1301,1397,125,106,5,-2,130,104,20,100,-18
2921,Oct 26 1994,Friendly in Estonia,Estonia,Finland,1159,1508,0,7,-9,9,1150,1517,166,70,-2,4,164,74,20,100,-249
2922,Oct 26 1994,Friendly in Saudi Arabia,Saudi Arabia,Trinidad and Tobago,1638,1523,1,0,4,-4,1642,1519,41,73,0,-1,41,72,20,100,215
2923,Oct 28 1994,Friendly in the United Arab Emirates,United Arab Emirates,Senegal,1485,1397,3,2,5,-5,1490,1392,82,106,1,-1,83,105,20,100,188
2924,Oct 29 1994,Friendly in the United Arab Emirates,Iceland,Kuwait,1562,1567,1,0,10,-10,1572,1557,62,67,1,-2,63,65,20,0,-5
2925,Oct 30 1994,African Nations Cup qualifier in Mali,Mali,Guinea,1456,1418,2,0,19,-19,1475,1399,83,107,3,-4,86,103,40,100,138
2926,Nov 3 1994,Gulf Cup in the United Arab Emirates,United Arab Emirates,Qatar,1490,1439,2,0,18,-18,1508,1421,75,100,4,-3,79,97,40,100,151
2927,Nov 4 1994,Gulf Cup in the United Arab Emirates,Bahrain,Kuwait,1420,1557,2,1,28,-28,1448,1529,88,73,5,-4,93,69,40,0,-137
2928,Nov 4 1994,Gulf Cup in the United Arab Emirates,Saudi Arabia,Oman,1642,1301,2,1,5,-5,1647,1296,39,134,1,-2,40,132,40,0,341
2929,Nov 6 1994,Gulf Cup in the United Arab Emirates,Bahrain,Oman,1448,1296,1,1,-8,8,1440,1304,95,124,-1,4,94,128,40,0,152
2930,Nov 6 1994,Friendly in Latvia,Latvia,Estonia,1358,1150,0,0,-7,7,1351,1157,116,160,-1,2,115,162,20,100,308
2931,Nov 6 1994,Gulf Cup in the United Arab Emirates,United Arab Emirates,Saudi Arabia,1508,1647,1,1,2,-2,1510,1645,77,42,1,-1,78,41,30,100,-39
2932,Nov 7 1994,Gulf Cup in the United Arab Emirates,Kuwait,Qatar,1529,1421,1,0,14,-14,1543,1407,69,104,0,-3,69,101,40,0,108
2933,Nov 7 1994,Friendly in Morocco,Morocco,Cameroon,1589,1654,1,1,-1,1,1588,1655,59,38,0,0,59,38,20,100,35
2934,Nov 8 1994,Friendly in Tunisia,Tunisia,Ivory Coast,1574,1689,2,0,16,-16,1590,1673,56,39,3,-3,59,36,20,100,-15
2935,Nov 9 1994,Gulf Cup in the United Arab Emirates,Qatar,Oman,1407,1304,4,2,21,-21,1428,1283,89,142,6,-7,95,135,40,0,103
2936,Nov 9 1994,Gulf Cup in the United Arab Emirates,United Arab Emirates,Kuwait,1510,1543,2,0,24,-24,1534,1519,60,75,9,-3,69,72,40,100,67
2937,Nov 10 1994,Gulf Cup in the United Arab Emirates,Saudi Arabia,Bahrain,1645,1440,3,1,14,-14,1659,1426,35,96,3,-1,38,95,40,0,205
2938,Nov 11 1994,African Nations Cup qualifier in Egypt,Egypt,Ethiopia,1618,1335,5,0,8,-8,1626,1327,43,126,3,-2,46,124,40,100,383
2939,Nov 11 1994,African Nations Cup qualifier in Mauritania,Mauritania,Liberia,1095,1371,1,1,9,-9,1104,1362,168,114,4,-1,172,113,40,100,-176
2940,Nov 12 1994,African Nations Cup qualifier in The Gambia,Gambia,Ghana,1341,1636,1,2,-10,10,1331,1646,120,42,0,0,120,42,40,100,-195
2941,Nov 12 1994,European Championship qual in Romania,Romania,Slovakia,1909,1673,3,2,5,-5,1914,1668,8,38,1,-1,9,37,40,100,336
2942,Nov 12 1994,Gulf Cup in the United Arab Emirates,Saudi Arabia,Qatar,1659,1428,2,1,8,-8,1667,1420,38,102,0,-4,38,98,40,0,231
2943,Nov 12 1994,African Nations Cup qualifier in Tanzania,Tanzania,Sudan,1346,1345,2,0,22,-22,1368,1323,108,131,4,-7,112,124,30,0,1
2944,Nov 12 1994,Gulf Cup in the United Arab Emirates,United Arab Emirates,Bahrain,1534,1426,0,0,-11,11,1523,1437,71,93,-1,1,70,94,40,100,208
2945,Nov 12 1994,African Nations Cup qualifier in Uganda,Uganda,Algeria,1457,1601,1,1,3,-3,1460,1598,89,57,0,0,89,57,40,100,-44
2946,Nov 13 1994,African Nations Cup qualifier in Gabon,Gabon,Mauritius,1403,1226,3,0,12,-12,1415,1214,100,154,1,-2,101,152,40,100,277
2947,Nov 13 1994,African Nations Cup qualifier in Guinea-Bissau,Guinea-Bissau,Senegal,1249,1392,1,4,-31,31,1218,1423,159,89,-8,8,151,97,40,100,-43
2948,Nov 13 1994,Gulf Cup in the United Arab Emirates,Kuwait,Oman,1519,1283,0,0,-12,12,1507,1295,86,129,-7,3,79,132,40,0,236
2949,Nov 13 1994,African Nations Cup qualifier in Lesotho,Lesotho,Cameroon,1179,1655,2,0,54,-54,1233,1601,132,75,13,-18,145,57,40,100,-376
2950,Nov 13 1994,African Nations Cup qualifier in Mali,Mali,Angola,1475,1414,0,0,-9,9,1466,1423,86,95,0,2,86,97,40,100,161
2951,Nov 13 1994,African Nations Cup qualifier in Morocco,Morocco,Ivory Coast,1588,1673,1,0,19,-19,1607,1654,48,42,6,-3,54,39,30,0,-85
2952,Nov 13 1994,African Nations Cup qualifier in Mozambique,Mozambique,Guinea,1313,1399,2,1,19,-19,1332,1380,118,113,4,-5,122,108,30,0,-86
2953,Nov 13 1994,African Nations Cup qualifier in Namibia,Namibia,Botswana,1152,1059,1,1,-10,10,1142,1069,168,180,-2,0,166,180,40,100,193
2954,Nov 13 1994,African Nations Cup qualifier in Niger,Niger,Sierra Leone,1329,1489,4,2,35,-35,1364,1454,106,94,8,-5,114,89,40,100,-60
2955,Nov 13 1994,European Championship qual in Portugal,Portugal,Austria,1858,1609,1,0,5,-5,1863,1604,14,56,1,-1,15,55,40,100,349
2956,Nov 13 1994,African Nations Cup qualifier in Tunisia,Tunisia,Togo,1590,1331,1,1,-16,16,1574,1347,65,116,-3,2,62,118,40,100,359
2957,Nov 13 1994,European Championship qual in Ukraine,Ukraine,Estonia,1544,1157,3,0,4,-4,1548,1153,62,164,3,-1,65,163,40,100,487
2958,Nov 13 1994,African Nations Cup qualifier in Zambia,Zambia,South Africa,1701,1647,1,1,-8,8,1693,1655,33,35,-1,3,32,38,40,100,154
2959,Nov 13 1994,African Nations Cup qualifier in Zimbabwe,Zimbabwe,Zaire,1518,1473,2,1,12,-12,1530,1461,64,87,5,0,69,87,40,100,145
2960,Nov 15 1994,Gulf Cup in the United Arab Emirates,Bahrain,Qatar,1437,1420,1,1,-1,1,1436,1421,94,100,0,0,94,100,30,0,17
2961,Nov 15 1994,Friendly in Grenada,Grenada,Trinidad and Tobago,1279,1519,1,2,-6,6,1273,1525,136,69,0,2,136,71,20,100,-140
2962,Nov 15 1994,European Championship qual in Liechtenstein,Liechtenstein,Latvia,1107,1351,0,1,-12,12,1095,1363,182,113,-6,2,176,115,40,100,-144
2963,Nov 16 1994,European Championship qual in Albania,Albania,Germany,1374,1986,1,2,-2,2,1372,1988,111,1,0,1,111,2,40,100,-512
2964,Nov 16 1994,European Championship qual in Belarus,Belarus,Norway,1424,1860,0,4,-9,9,1415,1869,106,16,-5,0,101,16,40,100,-336
2965,Nov 16 1994,European Championship qual in Belgium,Belgium,Macedonia,1808,1612,1,1,-14,14,1794,1626,25,38,-1,7,24,45,40,100,296
2966,Nov 16 1994,European Championship qual in Bulgaria,Bulgaria,Moldova,1820,1548,4,1,7,-7,1827,1541,22,71,0,-3,22,68,40,100,372
2967,Nov 16 1994,Friendly in Chile,Chile,Argentina,1757,1857,0,3,-18,18,1739,1875,28,11,0,3,28,14,20,100,0
2968,Nov 16 1994,European Championship qual in Cyprus,Cyprus,Armenia,1358,1255,2,0,14,-14,1372,1241,105,145,6,-2,111,143,40,100,203
2969,Nov 16 1994,Friendly in England,England,Nigeria,1888,1788,1,0,5,-5,1893,1783,14,25,-1,0,13,25,20,100,200
2970,Nov 16 1994,European Championship qual in Finland,Finland,Faroe Islands,1517,1186,5,0,6,-6,1523,1180,72,158,1,0,73,158,40,100,431
2971,Nov 16 1994,European Championship qual in Georgia,Georgia,Wales,1560,1723,5,0,47,-47,1607,1676,42,41,11,-6,53,35,40,100,-63
2972,Nov 16 1994,European Championship qual in Greece,Greece,San Marino,1623,1012,2,0,1,-1,1624,1011,48,188,-1,0,47,188,20,0,611
2973,Nov 16 1994,European Championship qual in Turkey,Israel,Azerbaijan,1582,1509,2,0,24,-24,1606,1485,49,88,6,-5,55,83,40,0,73
2974,Nov 16 1994,European Championship qual in Italy,Italy,Croatia,2015,1878,1,2,-32,32,1983,1910,4,5,-1,4,3,9,40,100,237
2975,Nov 16 1994,European Championship qual in the Netherlands,Netherlands,Czechia,1968,1855,0,0,-11,11,1957,1866,6,16,-1,1,5,17,40,100,213
2976,Nov 16 1994,European Championship qual in Northern Ireland,Northern Ireland,Ireland,1681,1840,0,4,-31,31,1650,1871,46,9,-6,6,40,15,40,100,-59
2977,Nov 16 1994,European Championship qual in Poland,Poland,France,1679,1910,0,0,7,-7,1686,1903,29,10,3,0,32,10,40,100,-131
2978,Nov 16 1994,Gulf Cup in the United Arab Emirates,Saudi Arabia,Kuwait,1667,1507,2,0,17,-17,1684,1490,29,85,4,-3,33,82,40,0,160
2979,Nov 16 1994,European Championship qual in Scotland,Scotland,Russia,1785,1842,1,1,-2,2,1783,1844,24,22,1,-1,25,21,30,100,43
2980,Nov 16 1994,European Championship qual in Slovenia,Slovenia,Lithuania,1621,1385,1,2,-35,35,1586,1420,75,93,-14,7,61,100,40,100,336
2981,Nov 16 1994,European Championship qual in Spain,Spain,Denmark,1942,1927,3,0,24,-24,1966,1903,2,12,2,-2,4,10,40,100,115
2982,Nov 16 1994,European Championship qual in Sweden,Sweden,Hungary,1944,1617,2,0,5,-5,1949,1612,7,53,-1,-2,6,51,40,100,427
2983,Nov 16 1994,European Championship qual in Switzerland,Switzerland,Iceland,1853,1572,1,0,4,-4,1857,1568,21,65,-1,-1,20,64,40,100,381
2984,Nov 16 1994,Gulf Cup in the United Arab Emirates,United Arab Emirates,Oman,1523,1295,2,0,8,-8,1531,1287,66,138,3,-3,69,135,40,100,328
2985,Nov 19 1994,Friendly in Trinidad and Tobago,Trinidad and Tobago,United States,1525,1616,1,0,10,-10,1535,1606,66,58,3,-4,69,54,20,100,9
2986,Nov 20 1994,African Nations Cup qualifier in Gabon,Gabon,Zambia,1415,1693,2,1,29,-29,1444,1664,87,41,7,-5,94,36,40,100,-178
2987,Nov 22 1994,Friendly in Jamaica,Jamaica,United States,1451,1606,0,3,-15,15,1436,1621,98,42,-4,6,94,48,20,100,-55
2988,Nov 24 1994,Oce Cup q & Polynesian Cup in Western Samoa,Tahiti,Tonga,1520,663,1,0,0,0,1520,663,74,213,0,0,74,213,20,0,857
2989,Nov 24 1994,Oce Cup q & Polynesian Cup in Western Samoa,Western Samoa,Eastern Samoa,601,568,3,1,19,-19,620,549,213,220,1,-1,214,219,40,100,133
2990,Nov 25 1994,Oce Cup q & Polynesian Cup in Western Samoa,Tahiti,Eastern Samoa,1520,549,2,1,0,0,1520,549,74,219,0,0,74,219,20,0,971
2991,Nov 25 1994,Oce Cup q & Polynesian Cup in Western Samoa,Western Samoa,Tonga,620,663,2,2,-3,3,617,666,214,213,0,0,214,213,40,100,57
2992,Nov 26 1994,Simba Cup in South Africa,Ivory Coast,Cameroon,1654,1601,2,1,13,-13,1667,1588,34,62,2,-2,36,60,30,0,53
2993,Nov 26 1994,CECAFA Cup in Kenya,Kenya,Somalia,1447,1201,3,1,7,-7,1454,1194,86,156,3,-1,89,155,40,100,346
2994,Nov 26 1994,Simba Cup in South Africa,South Africa,Ghana,1655,1646,2,1,10,-10,1665,1636,37,41,0,0,37,41,20,0,9
2995,Nov 28 1994,CECAFA Cup in Kenya,Kenya,Djibouti,1454,903,4,1,2,-2,1456,901,89,196,0,0,89,196,30,0,551
2996,Nov 28 1994,Oce Cup q & Polynesian Cup in Western Samoa,Tonga,Eastern Samoa,666,549,2,1,14,-14,680,535,211,219,1,0,212,219,40,0,117
2997,Nov 28 1994,Oce Cup q & Polynesian Cup in Western Samoa,Western Samoa,Tahiti,617,1520,0,7,-1,1,616,1521,216,74,-1,0,215,74,30,100,-803
2998,Nov 29 1994,CECAFA Cup in Kenya,Eritrea,Seychelles,1229,936,1,0,6,-6,1235,930,142,194,3,0,145,194,40,0,293
2999,Nov 29 1994,Friendly in Israel,Israel,Cyprus,1606,1372,4,3,3,-3,1609,1369,49,115,3,-2,52,113,20,100,334
3000,Nov 29 1994,CECAFA Cup in Kenya,Tanzania,Somalia,1368,1194,4,0,20,-20,1388,1174,103,163,5,-4,108,159,40,0,174
3001,Nov 30 1994,Simba Cup in South Africa,Ghana,Cameroon,1636,1588,1,0,13,-13,1649,1575,41,64,0,-2,41,62,30,0,48
3002,Nov 30 1994,Simba Cup in South Africa,South Africa,Ivory Coast,1665,1667,0,0,-4,4,1661,1671,39,34,-1,1,38,35,30,100,98
3003,Nov 30 1994,Friendly in Spain,Spain,Finland,1966,1523,2,0,1,-1,1967,1522,4,73,0,0,4,73,20,100,543
3004,Dec 1 1994,CECAFA Cup in Kenya,Kenya,Tanzania,1456,1388,0,1,-29,29,1427,1417,101,96,-6,6,95,102,40,100,168
3005,Dec 1 1994,CECAFA Cup in Kenya,Somalia,Djibouti,1174,901,2,1,7,-7,1181,894,155,198,2,-1,157,197,40,0,273
3006,Dec 1 1994,CECAFA Cup in Kenya,Uganda,Seychelles,1460,930,2,0,3,-3,1463,927,86,194,1,0,87,194,40,0,530
3007,Dec 3 1994,CECAFA Cup in Kenya,Eritrea,Uganda,1235,1463,0,0,12,-12,1247,1451,139,91,3,-2,142,89,40,0,-228
3008,Dec 3 1994,CECAFA Cup in Kenya,Tanzania,Djibouti,1417,894,3,0,3,-3,1420,891,100,199,1,-1,101,198,40,0,523
3009,Dec 4 1994,Simba Cup in South Africa,Ghana,Ivory Coast,1649,1671,1,1,1,-1,1650,1670,39,35,1,0,40,35,20,0,-22
3010,Dec 4 1994,Simba Cup in South Africa,South Africa,Cameroon,1661,1575,1,1,-7,7,1654,1582,38,62,0,0,38,62,30,100,186
3011,Dec 4 1994,Friendly in Togo,Togo,Burkina Faso,1347,1426,2,0,14,-14,1361,1412,118,110,0,-7,118,103,20,100,21
3012,Dec 5 1994,CECAFA Cup in Kenya,Kenya,Uganda,1427,1451,0,1,-24,24,1403,1475,115,81,-10,4,105,85,40,100,76
3013,Dec 5 1994,CECAFA Cup in Kenya,Tanzania,Eritrea,1420,1247,1,0,11,-11,1431,1236,90,148,5,-3,95,145,40,0,173
3014,Dec 8 1994,CECAFA Cup in Kenya,Kenya,Eritrea,1403,1236,1,0,7,-7,1410,1229,103,151,1,-3,104,148,40,100,267
3015,Dec 8 1994,Friendly in Saudi Arabia,Saudi Arabia,Poland,1684,1686,0,2,-19,19,1665,1705,40,29,-4,1,36,30,20,100,98
3016,Dec 8 1994,CECAFA Cup in Kenya,Tanzania,Uganda,1431,1475,2,2,3,-3,1434,1472,95,85,0,0,95,85,40,0,-44
3017,Dec 10 1994,Friendly in Namibia,Namibia,Ivory Coast,1142,1670,2,1,18,-18,1160,1652,158,42,4,-4,162,38,20,100,-428
3018,Dec 10 1994,Friendly in Saudi Arabia,Saudi Arabia,Poland,1665,1705,1,2,-12,12,1653,1717,38,30,-1,0,37,30,20,100,60
3019,Dec 11 1994,Friendly in the United States,United States,Honduras,1621,1526,1,1,-5,5,1616,1531,52,68,-2,2,50,70,20,100,195
3020,Dec 13 1994,European Championship qual in Turkey,France,Azerbaijan,1903,1485,2,0,5,-5,1908,1480,10,85,0,-1,10,84,40,0,418
3021,Dec 14 1994,European Championship qual in Albania,Albania,Georgia,1372,1607,0,1,-13,13,1359,1620,124,40,-6,7,118,47,40,100,-135
3022,Dec 14 1994,European Championship qual in Finland,Finland,San Marino,1522,1011,4,1,2,-2,1524,1009,73,190,0,-1,73,189,20,0,511
3023,Dec 14 1994,European Championship qual in Israel,Israel,Romania,1609,1914,1,1,11,-11,1620,1903,42,12,5,-2,47,10,30,0,-305
3024,Dec 14 1994,European Championship qual in Malta,Malta,Norway,1408,1869,0,1,-4,4,1404,1873,105,14,0,1,105,15,40,100,-361
3025,Dec 14 1994,Friendly in Mexico,Mexico,Hungary,1866,1612,5,1,4,-4,1870,1608,17,57,0,-3,17,54,20,100,354
3026,Dec 14 1994,European Championship qual in Moldova,Moldova,Germany,1541,1988,0,3,-8,8,1533,1996,70,2,-1,0,69,2,40,100,-347
3027,Dec 14 1994,European Championship qual in the Netherlands,Netherlands,Luxembourg,1957,1157,5,0,0,0,1957,1157,5,163,0,0,5,163,20,0,800
3028,Dec 14 1994,European Championship qual in Turkey,Turkey,Switzerland,1632,1857,1,2,-13,13,1619,1870,56,14,-6,3,50,17,40,100,-125
3029,Dec 14 1994,European Championship qual in Wales,Wales,Bulgaria,1676,1827,0,3,-30,30,1646,1857,49,20,-8,1,41,21,40,100,-51
3030,Dec 16 1994,Friendly in Tunisia,Tunisia,Algeria,1574,1598,1,0,8,-8,1582,1590,61,60,1,-1,62,59,20,100,76
3031,Dec 17 1994,European Championship qual in Belgium,Belgium,Spain,1794,1967,1,4,-28,28,1766,1995,30,2,-3,1,27,3,40,100,-73
3032,Dec 17 1994,European Championship qual in Macedonia,Macedonia,Cyprus,1626,1369,3,0,8,-8,1634,1361,42,120,1,-4,43,116,40,100,357
3033,Dec 17 1994,Friendly in Saudi Arabia,Saudi Arabia,Costa Rica,1653,1617,1,3,-21,21,1632,1638,54,31,-9,10,45,41,20,100,136
3034,Dec 18 1994,Friendly in Cameroon,Cameroon,Togo,1582,1361,1,1,-7,7,1575,1368,64,108,-1,4,63,112,20,100,321
3035,Dec 18 1994,European Championship qual in Germany,Germany,Albania,1996,1359,2,1,1,-1,1997,1358,2,118,0,0,2,118,30,0,637
3036,Dec 18 1994,European Championship qual in Greece,Greece,Scotland,1624,1783,1,0,23,-23,1647,1760,33,30,7,-3,40,27,40,100,-59
3037,Dec 18 1994,European Championship qual in Portugal,Portugal,Liechtenstein,1863,1095,8,0,1,-1,1864,1094,20,176,0,0,20,176,20,0,768
3038,Dec 21 1994,Friendly in Italy,Italy,Turkey,1983,1619,3,1,2,-2,1985,1617,4,51,0,0,4,51,20,100,464
3039,Dec 23 1994,Friendly in Brazil,Brazil,Yugoslavia,2063,1932,2,0,6,-6,2069,1926,1,7,0,0,1,7,20,100,231
3040,Dec 25 1994,Friendly in Mali,Mali,Mauritania,1466,1104,0,0,-9,9,1457,1113,89,167,-1,2,88,169,20,100,462
3041,Dec 27 1994,Friendly in Argentina,Argentina,Yugoslavia,1875,1926,1,0,9,-9,1884,1917,14,7,0,0,14,7,20,100,49
3042,Dec 29 1994,Friendly in Liberia,Liberia,Guinea,1362,1380,0,0,-2,2,1360,1382,118,109,-1,0,117,109,20,100,82
3043,Dec 29 1994,Friendly in Mali,Mali,Mauritania,1457,1113,0,0,-9,9,1448,1122,94,167,-3,1,91,168,20,100,444
3044,Dec 29 1994,Friendly in Saudi Arabia,Saudi Arabia,Zambia,1632,1664,1,0,8,-8,1640,1656,38,34,4,0,42,34,20,100,68
3045,1995,Friendly in Jordan,Jordan,Syria,1340,1423,1,3,-16,16,1324,1439,131,88,-5,4,126,92,20,100,17
3046,1995,Friendly in Syria,Syria,Jordan,1439,1324,2,0,7,-7,1446,1317,88,131,4,-5,92,126,20,100,215
3047,Jan 1 1995,Friendly in Guinea,Guinea,Sierra Leone,1382,1454,3,1,14,-14,1396,1440,103,98,3,-5,106,93,20,100,28
3048,Jan 2 1995,Friendly in Mali,Mali,Mauritania,1448,1122,0,1,-18,18,1430,1140,102,166,-6,1,96,167,20,100,426
3049,Jan 2 1995,Friendly in Tunisia,Tunisia,Egypt,1582,1626,2,0,13,-13,1595,1613,54,57,4,-5,58,52,20,100,56
3050,Jan 4 1995,Friendly tournament in Vietnam,Vietnam,Estonia,1092,1153,1,0,13,-13,1105,1140,165,168,6,-2,171,166,30,100,39
3051,Jan 6 1995,Intercontinental Champ in Saudi Arabia,Nigeria,Japan,1783,1603,3,0,23,-23,1806,1580,22,67,1,-5,23,62,50,0,180
3052,Jan 6 1995,Intercontinental Champ in Saudi Arabia,Saudi Arabia,Mexico,1640,1870,0,2,-24,24,1616,1894,58,9,-8,4,50,13,50,100,-130
3053,Jan 6 1995,African Nations Cup qualifier in Sudan,Sudan,Uganda,1323,1472,3,1,34,-34,1357,1438,114,99,5,-7,119,92,40,100,-49
3054,Jan 7 1995,African Nations Cup qualifier in Botswana,Botswana,Mali,1069,1430,1,3,-11,11,1058,1441,180,88,0,4,180,92,40,100,-261
3055,Jan 7 1995,African Nations Cup qualifier in Senegal,Senegal,Tunisia,1423,1595,0,0,4,-4,1427,1591,97,59,0,-1,97,58,40,100,-72
3056,Jan 7 1995,African Nations Cup qualifier in Sierra Leone,Sierra Leone,Gambia,1440,1331,2,0,14,-14,1454,1317,83,127,4,-2,87,125,40,100,209
3057,Jan 8 1995,African Nations Cup qualifier in Algeria,Algeria,Egypt,1590,1613,1,0,16,-16,1606,1597,49,60,5,-4,54,56,30,0,-23
3058,Jan 8 1995,African Nations Cup qualifier in Angola,Angola,Mozambique,1423,1332,1,0,10,-10,1433,1322,94,124,2,-1,96,123,40,100,191
3059,Jan 8 1995,Intercontinental Champ in Saudi Arabia,Argentina,Japan,1884,1580,5,1,14,-14,1898,1566,9,64,3,-1,12,63,50,0,304
3060,Jan 8 1995,African Nations Cup qualifier in Cameroon,Cameroon,Malawi,1575,1451,0,0,-11,11,1564,1462,65,86,-1,1,64,87,40,100,224
3061,Jan 8 1995,African Nations Cup qualifier in Congo,Congo,Niger,1394,1364,3,1,19,-19,1413,1345,97,126,5,-6,102,120,40,100,130
3062,Jan 8 1995,African Nations Cup qualifier in Ethiopia,Ethiopia,Tanzania,1327,1434,1,0,20,-20,1347,1414,115,106,4,-5,119,101,40,100,-7
3063,Jan 8 1995,African Nations Cup qualifier in Guinea,Guinea,Namibia,1396,1160,3,0,9,-9,1405,1151,106,166,0,-2,106,164,40,100,336
3064,Jan 8 1995,Intercontinental Champ in Saudi Arabia,Saudi Arabia,Denmark,1616,1903,0,2,-19,19,1597,1922,62,4,-6,3,56,7,50,100,-187
3065,Jan 8 1995,African Nations Cup qualifier in Togo,Togo,Mauritania,1368,1140,0,0,-15,15,1353,1155,124,160,-6,3,118,163,40,100,328
3066,Jan 8 1995,African Nations Cup qualifier in Zaire,Zaire,Lesotho,1461,1233,3,0,9,-9,1470,1224,84,155,1,-5,85,150,40,100,328
3067,Jan 9 1995,African Nations Cup qualifier in Mauritius,Mauritius,Zambia,1214,1656,0,3,-9,9,1205,1665,152,34,0,0,152,34,40,100,-342
3068,Jan 10 1995,Intercontinental Champ in Saudi Arabia,Argentina,Nigeria,1898,1806,0,0,-6,6,1892,1812,18,23,-3,0,15,23,50,0,92
3069,Jan 10 1995,Intercontinental Champ in Saudi Arabia,Denmark,Mexico,1922,1894,1,1,-2,2,1920,1896,7,10,0,2,7,12,40,0,28
3070,Jan 13 1995,Intercontinental Champ in Saudi Arabia,Denmark,Argentina,1920,1892,2,0,34,-34,1954,1858,5,25,1,-5,6,20,50,0,28
3071,Jan 13 1995,Intercontinental Champ in Saudi Arabia,Mexico,Nigeria,1896,1812,1,1,-6,6,1890,1818,16,23,-2,0,14,23,50,0,84
3072,Jan 15 1995,Friendly in Ivory Coast,Ivory Coast,Togo,1652,1353,0,0,-8,8,1644,1361,46,110,-5,4,41,114,20,100,399
3073,Jan 18 1995,Friendly in the Netherlands,Netherlands,France,1957,1908,0,1,-14,14,1943,1922,9,6,-2,2,7,8,20,100,149
3074,Jan 18 1995,Friendly in Spain,Spain,Uruguay,1995,1804,2,2,-7,7,1988,1811,3,24,0,0,3,24,20,100,291
3075,Jan 21 1995,African Nations Cup qualifier in Tanzania,Tanzania,Algeria,1414,1606,2,1,25,-25,1439,1581,87,68,7,-7,94,61,40,100,-92
3076,Jan 21 1995,African Nations Cup qualifier in Uganda,Uganda,Egypt,1438,1597,0,0,3,-3,1441,1594,91,56,1,0,92,56,30,100,-59
3077,Jan 22 1995,African Nations Cup qualifier in Botswana,Botswana,Angola,1058,1433,1,2,-7,7,1051,1440,180,91,0,3,180,94,40,100,-275
3078,Jan 22 1995,African Nations Cup qualifier in Ethiopia,Ethiopia,Sudan,1347,1357,2,0,22,-22,1369,1335,105,126,7,-4,112,122,40,100,90
3079,Jan 22 1995,African Nations Cup qualifier in Ghana,Ghana,Congo,1650,1413,3,1,8,-8,1658,1405,33,108,2,-3,35,105,40,100,337
3080,Jan 22 1995,African Nations Cup qualifier in Ivory Coast,Ivory Coast,Burkina Faso,1644,1412,2,2,-15,15,1629,1427,49,95,-4,4,45,99,40,100,332
3081,Jan 22 1995,African Nations Cup qualifier in Lesotho,Lesotho,Malawi,1224,1462,0,2,-19,19,1205,1481,152,81,-1,3,151,84,40,100,-138
3082,Jan 22 1995,African Nations Cup qualifier in Liberia,Liberia,Senegal,1360,1427,1,1,-2,2,1358,1429,118,98,-1,0,117,98,40,100,33
3083,Jan 22 1995,African Nations Cup qualifier in Mozambique,Mozambique,Namibia,1322,1151,4,2,10,-10,1332,1141,123,168,0,-2,123,166,40,100,271
3084,Jan 22 1995,African Nations Cup qualifier in Niger,Niger,Gambia,1345,1317,1,1,-7,7,1338,1324,122,123,-1,1,121,124,40,100,128
3085,Jan 22 1995,African Nations Cup qualifier in Zimbabwe,Zimbabwe,Cameroon,1530,1564,4,1,28,-28,1558,1536,56,72,8,-4,64,68,40,100,66
3086,Jan 24 1995,Friendly in the United Arab Emirates,United Arab Emirates,Japan,1531,1566,1,1,-2,2,1529,1568,73,61,-1,1,72,62,20,100,65
3087,Jan 25 1995,Friendly in Cyprus,Cyprus,Greece,1361,1647,2,3,-5,5,1356,1652,121,35,-3,2,118,37,20,100,-186
3088,Jan 26 1995,Friendly tournament in Canada,Canada,Portugal,1584,1864,1,1,7,-7,1591,1857,56,21,2,-1,58,20,20,0,-280
3089,Jan 29 1995,African Nations Cup qualifier in Tunisia,Tunisia,Mauritania,1591,1155,1,0,2,-2,1593,1153,56,163,1,0,57,163,20,0,436
3090,Jan 31 1995,Friendly tournament in Hong Kong,South Korea,Colombia,1634,1896,1,0,25,-25,1659,1871,27,18,8,-3,35,15,30,0,-262
3091,Feb 1 1995,Friendly in the United States,Mexico,Uruguay,1890,1811,1,0,8,-8,1898,1803,11,24,1,0,12,24,20,0,79
3092,Feb 4 1995,Friendly tournament in Hong Kong,Yugoslavia,South Korea,1917,1659,1,0,6,-6,1923,1653,7,39,1,-2,8,37,30,0,258
3093,Feb 6 1995,Friendly in Cyprus,Norway,Estonia,1873,1140,7,0,1,-1,1874,1139,14,167,0,0,14,167,20,0,733
3094,Feb 8 1995,Friendly in Australia,Australia,Colombia,1721,1871,0,0,1,-1,1722,1870,29,17,0,-1,29,16,20,100,-50
3095,Feb 8 1995,Friendly in Cyprus,Cyprus,Norway,1356,1874,0,2,-2,2,1354,1876,118,14,0,0,118,14,20,100,-418
3096,Feb 8 1995,Friendly in Greece,Greece,Romania,1652,1903,1,0,14,-14,1666,1889,30,15,4,-2,34,13,20,100,-151
3097,Feb 10 1995,African Nations Cup qualifier in Tunisia,Tunisia,Liberia,1593,1358,0,0,-15,15,1578,1373,65,108,-4,4,61,112,40,100,335
3098,Feb 11 1995,Friendly in Australia,Australia,Colombia,1722,1870,0,1,-9,9,1713,1879,31,12,-1,2,30,14,20,100,-48
3099,Feb 14 1995,Friendly in Argentina,Argentina,Bulgaria,1858,1857,4,1,13,-13,1871,1844,13,22,3,-1,16,21,20,100,101
3100,Feb 14 1995,Friendly in Israel,Israel,Luxembourg,1620,1157,4,2,1,-1,1621,1156,46,162,0,0,46,162,20,100,563
3101,Feb 15 1995,Friendly in Australia,Australia,Japan,1713,1568,2,1,4,-4,1717,1564,28,64,1,-1,29,63,20,100,245
3102,Feb 15 1995,Friendly in Cyprus,Cyprus,Estonia,1354,1139,3,1,4,-4,1358,1135,116,167,1,0,117,167,20,100,315
3103,Feb 15 1995,Friendly in Ireland,Ireland,England,1871,1893,1,0,8,-8,1879,1885,12,12,2,0,14,12,20,100,78
3104,Feb 15 1995,Friendly in Trinidad and Tobago,Trinidad and Tobago,Finland,1535,1524,2,1,7,-7,1542,1517,67,75,1,-1,68,74,20,100,111
3105,Feb 15 1995,Friendly in Turkey,Turkey,Romania,1617,1889,1,1,5,-5,1622,1884,43,13,3,0,46,13,20,100,-172
3106,Feb 17 1995,Friendly in Trinidad and Tobago,Trinidad and Tobago,Finland,1542,1517,2,2,-3,3,1539,1520,68,74,0,0,68,74,20,100,125
3107,Feb 19 1995,Dynasty Cup in Hong Kong,China,South Korea,1609,1653,0,0,2,-2,1611,1651,51,38,0,0,51,38,30,0,-44
3108,Feb 21 1995,Dynasty Cup in Hong Kong,Japan,South Korea,1564,1651,1,1,4,-4,1568,1647,61,42,1,-2,62,40,30,0,-87
3109,Feb 22 1995,Friendly in Brazil,Brazil,Slovakia,2069,1668,5,0,2,-2,2071,1666,1,33,0,0,1,33,20,100,501
3110,Feb 22 1995,European Championship qual in Malta,Malta,Luxembourg,1404,1156,0,1,-35,35,1369,1191,117,152,-5,5,112,157,40,100,348
3111,Feb 22 1995,Friendly in the Netherlands,Netherlands,Portugal,1943,1857,0,1,-15,15,1928,1872,7,14,0,3,7,17,20,100,186
3112,Feb 22 1995,Friendly in Spain,Spain,Germany,1988,1997,0,0,-3,3,1985,2000,3,2,0,0,3,2,20,100,91
3113,Feb 23 1995,Dynasty Cup in Hong Kong,Japan,China,1568,1611,2,1,17,-17,1585,1594,58,59,2,-4,60,55,30,0,-43
3114,Feb 26 1995,Dynasty Cup in Hong Kong,Japan,South Korea,1585,1647,2,2,3,-3,1588,1644,58,42,1,-1,59,41,30,0,-62
3115,Mar 1 1995,Friendly in Morocco,Morocco,Senegal,1607,1429,2,0,5,-5,1612,1424,50,100,1,-1,51,99,20,100,278
3116,Mar 8 1995,Friendly in Cyprus,Cyprus,Sweden,1358,1949,3,3,9,-9,1367,1940,111,6,3,0,114,6,20,0,-591
3117,Mar 8 1995,Friendly in Czechia,Czechia,Finland,1866,1520,4,1,2,-2,1868,1518,18,74,1,0,19,74,20,100,446
3118,Mar 8 1995,Friendly in Greece,Greece,Switzerland,1666,1870,1,1,3,-3,1669,1867,35,21,-1,-1,34,20,20,100,-104
3119,Mar 8 1995,Friendly in Hungary,Hungary,Latvia,1608,1363,3,1,4,-4,1612,1359,50,119,1,-2,51,117,20,100,345
3120,Mar 8 1995,Friendly in Slovakia,Slovakia,Russia,1666,1844,2,1,12,-12,1678,1832,33,23,0,-1,33,22,20,100,-78
3121,Mar 8 1995,Friendly in Turkey,Turkey,Israel,1622,1621,2,1,7,-7,1629,1614,44,53,1,-3,45,50,20,100,101
3122,Mar 10 1995,Nehru Gold Cup in India,India,Thailand,1105,1345,0,5,-25,25,1080,1370,187,105,-8,7,179,112,40,100,-140
3123,Mar 12 1995,Friendly in Barbados,Barbados,Saint Kitts and Nevis,1292,1144,0,1,-16,16,1276,1160,137,161,-2,2,135,163,20,100,248
3124,Mar 12 1995,Nehru Gold Cup in India,India,Iraq,1080,1651,1,1,18,-18,1098,1633,169,50,5,-6,174,44,40,100,-471
3125,Mar 12 1995,Friendly in Jamaica,Jamaica,Cuba,1436,1500,0,0,-1,1,1435,1501,98,79,-1,0,97,79,20,100,36
3126,Mar 14 1995,Nehru Gold Cup in India,Iraq,Thailand,1633,1370,3,1,11,-11,1644,1359,36,122,4,-5,40,117,40,0,263
3127,Mar 15 1995,Friendly in Poland,Poland,Lithuania,1717,1420,4,1,3,-3,1720,1417,29,101,0,0,29,101,20,100,397
3128,Mar 19 1995,CONCACAF Ch & Car Cup q in Sint Maarten,Sint Maarten,Saint Kitts and Nevis,950,1160,0,2,-21,21,929,1181,193,153,0,5,193,158,40,100,-110
3129,Mar 21 1995,CONCACAF Ch & Car Cup q in Grenada,Grenada,Saint Lucia,1273,1273,2,0,22,-22,1295,1251,128,144,4,-4,132,140,30,0,0
3130,Mar 22 1995,Friendly in Colombia,Colombia,Uruguay,1879,1803,2,1,5,-5,1884,1798,12,24,1,0,13,24,20,100,176
3131,Mar 23 1995,Friendly in Morocco,Morocco,Mali,1612,1441,3,0,6,-6,1618,1435,47,100,2,-4,49,96,20,100,271
3132,Mar 24 1995,Friendly in Tahiti,Tahiti,Fiji,1521,1412,3,3,-5,5,1516,1417,75,99,-1,2,74,101,20,100,209
3133,Mar 25 1995,European Championship qual in Croatia,Croatia,Ukraine,1910,1548,4,0,5,-5,1915,1543,10,69,0,-2,10,67,40,100,462
3134,Mar 25 1995,European Championship qual in Italy,Italy,Estonia,1985,1135,4,1,0,0,1985,1135,3,167,0,0,3,167,20,0,850
3135,Mar 25 1995,South Asian Championship in Sri Lanka,Pakistan,Bangladesh,876,1032,1,0,28,-28,904,1004,192,196,4,-6,196,190,40,0,-156
3136,Mar 25 1995,Friendly in the United States,United States,Uruguay,1616,1798,2,2,2,-2,1618,1796,48,24,1,0,49,24,20,100,-82
3137,Mar 26 1995,CONCACAF Ch & Car Cup q in Barbados,Barbados,Guyana,1276,1114,3,0,13,-13,1289,1101,134,177,1,-4,135,173,40,100,262
3138,Mar 26 1995,CONCACAF Ch & Car Cup q in Dominica,Dominica,St Vincent & Grenadines,1168,1250,0,1,-21,21,1147,1271,164,133,-1,4,163,137,40,100,18
3139,Mar 26 1995,Friendly in Lebanon,Lebanon,Egypt,1259,1594,1,1,6,-6,1265,1588,137,61,1,-3,138,58,20,100,-235
3140,Mar 26 1995,CONCACAF Ch & Car Cup q in Montserrat,Montserrat,Anguilla,583,562,3,2,13,-13,596,549,217,218,0,0,217,218,40,100,121
3141,Mar 26 1995,CONCACAF Ch & Car Cup q in Saint Kitts and Nevis,Saint Kitts and Nevis,Sint Maarten,1181,929,0,1,-35,35,1146,964,172,191,-7,1,165,192,40,100,352
3142,Mar 27 1995,South Asian Championship in Sri Lanka,Bangladesh,Nepal,1004,884,2,0,20,-20,1024,864,178,202,6,-1,184,201,40,0,120
3143,Mar 29 1995,European Championship qual in Albania,Albania,Moldova,1358,1533,3,0,42,-42,1400,1491,95,92,12,-11,107,81,40,100,-75
3144,Mar 29 1995,European Championship qual in Austria,Austria,Latvia,1604,1359,5,0,10,-10,1614,1349,51,121,1,-2,52,119,40,100,345
3145,Mar 29 1995,Friendly in Brazil,Brazil,Honduras,2071,1531,1,1,-10,10,2061,1541,1,63,0,4,1,67,20,100,640
3146,Mar 29 1995,European Championship qual in Bulgaria,Bulgaria,Wales,1844,1646,3,1,9,-9,1853,1637,21,47,0,-4,21,43,40,100,298
3147,Mar 29 1995,Friendly in the United States,Chile,Mexico,1739,1898,2,1,14,-14,1753,1884,28,13,0,-1,28,12,20,0,-159
3148,Mar 29 1995,European Championship qual in Cyprus,Cyprus,Denmark,1367,1954,1,1,18,-18,1385,1936,106,5,4,0,110,5,40,100,-487
3149,Mar 29 1995,European Championship qual in Czechia,Czechia,Belarus,1868,1415,4,2,2,-2,1870,1413,17,103,1,0,18,103,20,0,453
3150,Mar 29 1995,Friendly in England,England,Uruguay,1885,1796,0,0,-5,5,1880,1801,16,24,-2,0,14,24,20,100,189
3151,Mar 29 1995,European Championship qual in Georgia,Georgia,Germany,1620,2000,0,2,-10,10,1610,2010,59,2,-6,0,53,2,40,100,-280
3152,Mar 29 1995,European Championship qual in Hungary,Hungary,Switzerland,1612,1867,2,2,8,-8,1620,1859,44,20,4,0,48,20,40,100,-155
3153,Mar 29 1995,European Championship qual in Ireland,Ireland,Northern Ireland,1879,1650,1,1,-15,15,1864,1665,23,32,-4,3,19,35,40,100,329
3154,Mar 29 1995,European Championship qual in Israel,Israel,France,1614,1922,0,0,11,-11,1625,1911,43,7,4,1,47,8,30,0,-308
3155,Mar 29 1995,European Championship qual in Lithuania,Lithuania,Croatia,1417,1915,0,0,16,-16,1433,1899,95,10,3,0,98,10,40,100,-398
3156,Mar 29 1995,European Championship qual in Luxembourg,Luxembourg,Norway,1191,1876,0,2,-2,2,1189,1878,157,14,0,1,157,15,40,100,-585
3157,Mar 29 1995,South Asian Championship in Sri Lanka,Nepal,Pakistan,864,904,2,0,33,-33,897,871,193,204,4,-4,197,200,40,0,-40
3158,Mar 29 1995,European Championship qual in the Netherlands,Netherlands,Malta,1928,1369,4,0,2,-2,1930,1367,5,118,1,-3,6,115,30,0,559
3159,Mar 29 1995,European Championship qual in Romania,Romania,Poland,1884,1720,2,1,7,-7,1891,1713,9,31,2,-1,11,30,40,100,264
3160,Mar 29 1995,European Championship qual in Russia,Russia,Scotland,1832,1760,0,0,-9,9,1823,1769,22,27,0,0,22,27,40,100,172
3161,Mar 29 1995,European Championship qual in San Marino,San Marino,Finland,1009,1518,0,2,-5,5,1004,1523,191,71,-1,1,190,72,40,100,-409
3162,Mar 29 1995,European Championship qual in Slovakia,Slovakia,Azerbaijan,1678,1480,4,1,11,-11,1689,1469,31,87,1,-1,32,86,40,100,298
3163,Mar 29 1995,European Championship qual in Slovenia,Slovenia,Estonia,1586,1135,3,0,3,-3,1589,1132,56,167,2,0,58,167,40,100,551
3164,Mar 29 1995,European Championship qual in Spain,Spain,Belgium,1985,1766,1,1,-15,15,1970,1781,5,24,-1,1,4,25,40,100,319
3165,Mar 29 1995,South Asian Championship in Sri Lanka,Sri Lanka,India,893,1098,2,2,6,-6,899,1092,194,180,2,-3,196,177,40,100,-105
3166,Mar 29 1995,European Championship qual in Turkey,Turkey,Sweden,1629,1940,2,1,31,-31,1660,1909,29,12,8,-3,37,9,40,100,-211
3167,Mar 29 1995,European Championship qual in Ukraine,Ukraine,Italy,1543,1985,0,2,-7,7,1536,1992,71,3,-2,0,69,3,40,100,-342
3168,Mar 30 1995,Friendly in Tahiti,Tahiti,Fiji,1516,1417,3,0,8,-8,1524,1409,71,106,1,-2,72,104,20,100,199
3169,Mar 31 1995,South Asian Championship in Sri Lanka,Bangladesh,India,1024,1092,0,0,4,-4,1028,1088,184,177,0,0,184,177,40,0,-68
3170,Mar 31 1995,South Asian Championship in Sri Lanka,Sri Lanka,Nepal,899,897,2,1,14,-14,913,883,196,201,0,-2,196,199,40,100,102
3171,Mar 31 1995,Friendly in Syria,Syria,Egypt,1446,1588,1,2,-9,9,1437,1597,98,49,-4,5,94,54,20,100,-42
3172,Mar 31 1995,Friendly in Yugoslavia,Yugoslavia,Uruguay,1923,1801,1,0,4,-4,1927,1797,7,24,0,0,7,24,20,100,222
3173,Apr 2 1995,CONCACAF Ch & Car Cup q in Anguilla,Anguilla,Montserrat,549,596,0,1,-23,23,526,619,220,211,-1,3,219,214,40,100,53
3174,Apr 2 1995,Friendly in Gabon,Gabon,Benin,1444,1147,7,0,4,-4,1448,1143,90,167,0,-2,90,165,20,100,397
3175,Apr 2 1995,CONCACAF Ch & Car Cup q in Guyana,Guyana,Barbados,1101,1289,0,4,-28,28,1073,1317,183,117,-5,9,178,126,40,100,-88
3176,Apr 2 1995,South Asian Championship in Sri Lanka,Sri Lanka,India,913,1088,1,0,24,-24,937,1064,192,181,2,-2,194,179,40,100,-75
3177,Apr 2 1995,CONCACAF Ch & Car Cup q in St Vincent & Grenadines,St Vincent & Grenadines,Dominica,1271,1147,0,0,-11,11,1260,1158,141,161,-2,1,139,162,40,100,224
3178,Apr 3 1995,Friendly in Bolivia,Bolivia,Venezuela,1683,1343,0,0,-9,9,1674,1352,33,118,0,1,33,119,20,100,440
3179,Apr 5 1995,Friendly tournament in Uruguay,Uruguay,Peru,1797,1548,1,0,4,-4,1801,1544,24,67,0,-1,24,66,20,0,249
3180,Apr 7 1995,African Nations Cup qualifier in Algeria,Algeria,Ethiopia,1581,1369,2,0,9,-9,1590,1360,57,120,2,-3,59,117,40,100,312
3181,Apr 7 1995,African Nations Cup qualifier in Egypt,Egypt,Sudan,1597,1335,3,1,7,-7,1604,1328,54,124,0,-1,54,123,40,100,362
3182,Apr 7 1995,African Nations Cup qualifier in Mauritania,Mauritania,Senegal,1153,1424,0,1,-11,11,1142,1435,167,92,-2,4,165,96,40,100,-171
3183,Apr 8 1995,African Nations Cup qualifier in Namibia,Namibia,Angola,1141,1440,2,2,10,-10,1151,1430,160,104,3,-6,163,98,30,0,-299
3184,Apr 8 1995,African Nations Cup qualifier in Sierra Leone,Sierra Leone,Ghana,1454,1658,1,0,26,-26,1480,1632,82,52,3,-7,85,45,40,100,-104
3185,Apr 8 1995,African Nations Cup qualifier in Uganda,Uganda,Tanzania,1441,1439,2,0,21,-21,1462,1418,87,109,2,-8,89,101,40,100,102
3186,Apr 8 1995,African Nations Cup qualifier in Zambia,Zambia,Gabon,1665,1448,1,0,6,-6,1671,1442,33,92,1,-1,34,91,40,100,317
3187,Apr 9 1995,African Nations Cup qualifier in The Gambia,Gambia,Congo,1324,1405,1,1,-1,1,1323,1406,124,107,0,-1,124,106,20,100,19
3188,Apr 9 1995,African Nations Cup qualifier in Guinea,Guinea,Botswana,1405,1051,5,0,5,-5,1410,1046,101,182,2,-1,103,181,20,0,354
3189,Apr 9 1995,African Nations Cup qualifier in Lesotho,Lesotho,Zimbabwe,1205,1558,0,2,-11,11,1194,1569,157,62,-3,1,154,63,40,100,-253
3190,Apr 9 1995,African Nations Cup qualifier in Malawi,Malawi,Zaire,1481,1470,0,1,-26,26,1455,1496,94,76,-5,5,89,81,40,100,111
3191,Apr 9 1995,African Nations Cup qualifier in Morocco,Morocco,Burkina Faso,1618,1427,0,0,-14,14,1604,1441,56,85,-3,7,53,92,40,100,291
3192,Apr 9 1995,African Nations Cup qualifier in Mozambique,Mozambique,Mali,1332,1435,1,0,20,-20,1352,1415,116,108,3,-7,119,101,40,100,-3
3193,Apr 9 1995,CONCACAF Ch & Car Cup q in Saint Lucia,Saint Lucia,Grenada,1251,1295,4,0,32,-32,1283,1263,131,143,5,-5,136,138,30,0,-44
3194,Apr 9 1995,African Nations Cup qualifier in Togo,Togo,Liberia,1361,1373,0,0,-5,5,1356,1378,120,109,-2,2,118,111,40,100,88
3195,Apr 12 1995,Friendly in Macedonia,Macedonia,Bulgaria,1634,1853,0,0,3,-3,1637,1850,40,21,2,0,42,21,20,100,-119
3196,Apr 14 1995,Friendly in Egypt,Egypt,Tunisia,1604,1578,1,0,7,-7,1611,1571,51,62,1,0,52,62,20,100,126
3197,Apr 19 1995,Friendly in Peru,Peru,Chile,1544,1753,6,0,28,-28,1572,1725,58,28,4,0,62,28,20,100,-109
3198,Apr 22 1995,Friendly in Belgium,Belgium,United States,1781,1618,1,0,4,-4,1785,1614,25,52,0,-1,25,51,20,100,263
3199,Apr 22 1995,Friendly in Chile,Chile,Iceland,1725,1568,1,1,-6,6,1719,1574,28,59,0,3,28,62,20,100,257
3200,Apr 22 1995,African Nations Cup qualifier in Congo,Congo,Sierra Leone,1406,1480,0,2,-32,32,1374,1512,120,65,-7,10,113,75,40,100,26
3201,Apr 22 1995,African Nations Cup qualifier in Senegal,Senegal,Togo,1435,1356,5,1,20,-20,1455,1336,83,126,6,-4,89,122,40,100,179
3202,Apr 22 1995,African Nations Cup qualifier in Tanzania,Tanzania,Egypt,1418,1611,1,2,-15,15,1403,1626,110,42,-5,5,105,47,40,100,-93
3203,Apr 23 1995,African Nations Cup qualifier in Angola,Angola,Guinea,1430,1410,3,0,23,-23,1453,1387,84,116,7,-7,91,109,40,100,120
3204,Apr 23 1995,African Nations Cup qualifier in Botswana,Botswana,Mozambique,1046,1352,0,3,-16,16,1030,1368,185,110,-2,4,183,114,40,100,-206
3205,Apr 23 1995,African Nations Cup qualifier in Ethiopia,Ethiopia,Uganda,1360,1462,0,0,0,0,1360,1462,118,90,-1,-1,117,89,20,100,-2
3206,Apr 23 1995,African Nations Cup qualifier in Ghana,Ghana,Niger,1632,1338,1,0,4,-4,1636,1334,43,123,1,-1,44,122,40,100,394
3207,Apr 23 1995,African Nations Cup qualifier in Liberia,Liberia,Tunisia,1378,1571,1,0,25,-25,1403,1546,98,66,6,-1,104,65,40,100,-93
3208,Apr 23 1995,African Nations Cup qualifier in Mali,Mali,Namibia,1415,1151,2,0,7,-7,1422,1144,98,165,1,-1,99,164,40,100,364
3209,Apr 23 1995,African Nations Cup qualifier in Zaire,Zaire,Cameroon,1496,1536,2,1,17,-17,1513,1519,68,77,7,-4,75,73,30,0,-40
3210,Apr 23 1995,African Nations Cup qualifier in Zimbabwe,Zimbabwe,Malawi,1569,1455,1,1,-11,11,1558,1466,63,87,1,1,64,88,40,100,214
3211,Apr 24 1995,African Nations Cup qualifier in Sudan,Sudan,Algeria,1328,1590,2,0,43,-43,1371,1547,105,69,9,-5,114,64,40,100,-162
3212,Apr 25 1995,European Championship qual in Poland,Poland,Israel,1713,1625,4,3,10,-10,1723,1615,26,52,2,-2,28,50,40,100,188
3213,Apr 26 1995,European Championship qual in Armenia,Armenia,Spain,1241,1970,0,2,-2,2,1239,1972,143,4,0,0,143,4,40,100,-629
3214,Apr 26 1995,European Championship qual in Austria,Austria,Liechtenstein,1614,1094,7,0,2,-2,1616,1092,51,175,0,0,51,175,20,0,520
3215,Apr 26 1995,European Championship qual in Belarus,Belarus,Malta,1413,1367,1,1,-8,8,1405,1375,105,110,-2,3,103,113,40,100,146
3216,Apr 26 1995,European Championship qual in Belgium,Belgium,Cyprus,1785,1385,2,0,3,-3,1788,1382,25,110,0,0,25,110,20,0,400
3217,Apr 26 1995,European Championship qual in Croatia,Croatia,Slovenia,1899,1589,2,0,5,-5,1904,1584,6,61,2,-1,8,60,40,100,410
3218,Apr 26 1995,European Championship qual in Czechia,Czechia,Netherlands,1870,1930,3,1,27,-27,1897,1903,2,12,8,-3,10,9,40,100,40
3219,Apr 26 1995,European Championship qual in Denmark,Denmark,Macedonia,1936,1637,1,0,4,-4,1940,1633,5,52,0,-5,5,47,40,100,399
3220,Apr 26 1995,European Championship qual in Estonia,Estonia,Ukraine,1132,1536,0,1,-6,6,1126,1542,169,65,-1,2,168,67,40,100,-304
3221,Apr 26 1995,European Championship qual in the Faroe Islands,Faroe Islands,Finland,1180,1523,0,4,-15,15,1165,1538,163,68,-2,2,161,70,40,100,-243
3222,Apr 26 1995,European Championship qual in France,France,Slovakia,1911,1689,4,0,10,-10,1921,1679,6,34,1,-1,7,33,40,100,322
3223,Apr 26 1995,European Championship qual in Georgia,Georgia,Albania,1610,1400,2,0,9,-9,1619,1391,47,106,3,0,50,106,40,100,310
3224,Apr 26 1995,European Championship qual in Germany,Germany,Wales,2010,1637,1,1,-18,18,1992,1655,4,34,-1,4,3,38,40,100,473
3225,Apr 26 1995,European Championship qual in Greece,Greece,Russia,1669,1823,0,3,-30,30,1639,1853,49,20,-7,1,42,21,40,100,-54
3226,Apr 26 1995,European Championship qual in Hungary,Hungary,Sweden,1620,1909,1,0,30,-30,1650,1879,30,21,9,-6,39,15,40,100,-189
3227,Apr 26 1995,European Championship qual in Ireland,Ireland,Portugal,1864,1872,1,0,15,-15,1879,1857,11,24,4,-4,15,20,30,0,-8
3228,Apr 26 1995,Friendly in Ivory Coast,Ivory Coast,Sierra Leone,1629,1512,4,0,8,-8,1637,1504,42,80,2,-2,44,78,20,100,217
3229,Apr 26 1995,European Championship qual in Latvia,Latvia,Northern Ireland,1349,1665,0,1,-9,9,1340,1674,121,32,0,2,121,34,40,100,-216
3230,Apr 26 1995,Friendly in Lesotho,Lesotho,South Africa,1194,1654,1,3,-3,3,1191,1657,158,36,-2,1,156,37,20,100,-360
3231,Apr 26 1995,European Championship qual in Lithuania,Lithuania,Italy,1433,1992,0,1,-3,3,1430,1995,98,1,0,1,98,2,40,100,-459
3232,Apr 26 1995,European Championship qual in Moldova,Moldova,Bulgaria,1491,1850,0,3,-13,13,1478,1863,87,17,-2,2,85,19,40,100,-259
3233,Apr 26 1995,European Championship qual in Norway,Norway,Luxembourg,1878,1189,5,0,1,-1,1879,1188,15,157,0,0,15,157,20,0,689
3234,Apr 26 1995,European Championship qual in Turkey,Romania,Azerbaijan,1891,1469,4,1,6,-6,1897,1463,9,90,1,-2,10,88,40,0,422
3235,Apr 26 1995,European Championship qual in San Marino,San Marino,Scotland,1004,1769,0,2,-1,1,1003,1770,190,27,0,0,190,27,20,100,-665
3236,Apr 26 1995,European Championship qual in Switzerland,Switzerland,Turkey,1859,1660,1,2,-34,34,1825,1694,24,25,-2,6,22,31,40,100,299
3237,Apr 30 1995,CONCACAF Ch & Car Cup q in Barbados,Barbados,Saint Lucia,1317,1283,1,1,-7,7,1310,1290,128,134,-1,1,127,135,40,100,134
3238,Apr 30 1995,CONCACAF Ch & Car Cup q in Saint Kitts and Nevis,Saint Kitts and Nevis,Antigua and Barbuda,1146,1192,1,1,-3,3,1143,1195,165,153,-1,1,164,154,40,100,54
3239,May 1 1995,CONCACAF Ch & Car Cup q in St Vincent & Grenadines,St Vincent & Grenadines,Montserrat,1260,619,9,0,1,-1,1261,618,140,214,0,0,140,214,20,0,641
3240,May 4 1995,Friendly in Kuwait,Kuwait,Mali,1490,1422,2,1,6,-6,1496,1416,83,101,0,-1,83,100,20,100,168
3241,May 6 1995,European Championship qual in Russia,Russia,Faroe Islands,1853,1165,3,0,1,-1,1854,1164,21,161,0,0,21,161,20,0,688
3242,May 7 1995,CONCACAF Ch & Car Cup q in Aruba,Aruba,Netherlands Antilles,1024,1319,3,4,-10,10,1014,1329,189,123,-2,1,187,124,40,100,-195
3243,May 7 1995,CONCACAF Ch & Car Cup q in Montserrat,Montserrat,St Vincent & Grenadines,618,1261,0,11,-5,5,613,1266,218,134,-2,3,216,137,40,100,-543
3244,May 7 1995,CONCACAF Ch & Car Cup q in Saint Lucia,Saint Lucia,Barbados,1290,1310,2,1,15,-15,1305,1295,121,139,7,-6,128,133,40,100,80
3245,May 8 1995,Friendly in Slovakia,Slovakia,Czechia,1679,1897,1,1,3,-3,1682,1894,33,12,0,-1,33,11,20,100,-118
3246,May 9 1995,CONCACAF Ch & Car Cup q in French Guiana,French Guiana,Martinique,1262,1485,1,3,-20,20,1242,1505,144,72,-2,6,142,78,40,100,-123
3247,May 9 1995,CONCACAF Ch & Car Cup q in French Guiana,Suriname,Guadeloupe,1303,1390,2,1,25,-25,1328,1365,121,127,4,-10,125,117,40,0,-87
3248,May 10 1995,European Championship qual in Armenia,Armenia,Macedonia,1239,1633,2,2,14,-14,1253,1619,139,51,2,-2,141,49,40,100,-294
3249,May 11 1995,CONCACAF Ch & Car Cup q in French Guiana,French Guiana,Guadeloupe,1242,1365,2,2,1,-1,1243,1364,143,117,0,0,143,117,20,100,-23
3250,May 11 1995,CONCACAF Ch & Car Cup q in French Guiana,Martinique,Suriname,1505,1328,1,1,-9,9,1496,1337,88,119,-5,3,83,122,40,0,177
3251,May 13 1995,CONCACAF Ch & Car Cup q in French Guiana,French Guiana,Suriname,1243,1337,4,0,37,-37,1280,1300,131,138,6,-8,137,130,40,100,6
3252,May 13 1995,CONCACAF Ch & Car Cup q in French Guiana,Guadeloupe,Martinique,1364,1496,2,1,27,-27,1391,1469,95,87,11,-2,106,85,40,0,-132
3253,May 13 1995,Friendly in Ivory Coast,Ivory Coast,Mali,1637,1416,0,1,-17,17,1620,1433,50,96,-3,2,47,98,20,100,321
3254,May 13 1995,Friendly tournament in South Africa,South Africa,Argentina,1657,1871,1,1,5,-5,1662,1866,37,18,0,0,37,18,20,0,-214
3255,May 13 1995,Friendly in Togo,Togo,Benin,1336,1143,3,0,5,-5,1341,1138,119,168,2,-2,121,166,20,100,293
3256,May 14 1995,Copa Paz del Chaco in Bolivia,Bolivia,Paraguay,1674,1694,1,1,-3,3,1671,1697,36,31,-1,0,35,31,30,100,80
3257,May 14 1995,CONCACAF Ch & Car Cup q in the Netherlands Antilles,Netherlands Antilles,Aruba,1329,1014,3,2,3,-3,1332,1011,124,187,0,0,124,187,20,0,315
3258,May 17 1995,Friendly in Israel,Israel,Brazil,1615,2061,1,2,-2,2,1613,2063,54,1,-1,0,53,1,20,100,-346
3259,May 17 1995,Friendly in Lithuania,Lithuania,Greece,1430,1639,2,1,13,-13,1443,1626,87,48,6,-3,93,45,20,100,-109
3260,May 18 1995,Friendly in Morocco,Morocco,Egypt,1604,1626,0,0,-2,2,1602,1628,54,45,0,0,54,45,20,100,78
3261,May 19 1995,Baltic Cup in Latvia,Latvia,Estonia,1340,1126,2,0,6,-6,1346,1120,120,168,1,0,121,168,30,100,314
3262,May 20 1995,Baltic Cup in Latvia,Lithuania,Estonia,1443,1120,7,0,9,-9,1452,1111,91,170,1,-1,92,169,30,0,323
3263,May 21 1995,CONCACAF Ch & Car Cup q in Antigua and Barbuda,Antigua and Barbuda,Saint Kitts and Nevis,1195,1143,2,2,-8,8,1187,1151,160,162,-3,1,157,163,40,100,152
3264,May 21 1995,Friendly tournament in Japan,Japan,Scotland,1588,1770,0,0,3,-3,1591,1767,57,27,1,0,58,27,30,100,-82
3265,May 21 1995,Baltic Cup in Latvia,Latvia,Lithuania,1346,1452,2,0,23,-23,1369,1429,111,106,5,-7,116,99,30,100,-6
3266,May 22 1995,Friendly tournament in Canada,Canada,Northern Ireland,1591,1674,2,0,21,-21,1612,1653,50,42,4,-4,54,38,30,100,17
3267,May 23 1995,CONCACAF Ch & Car Cup q in the Dominican Republic,Cuba,Netherlands Antilles,1501,1332,3,0,19,-19,1520,1313,66,128,7,-2,73,126,40,0,169
3268,May 23 1995,CONCACAF Ch & Car Cup q in the Dominican Republic,Dominican Republic,Puerto Rico,1010,1085,3,1,28,-28,1038,1057,176,182,6,-3,182,179,40,100,25
3269,May 24 1995,Friendly tournament in Japan,Scotland,Ecuador,1767,1636,2,1,10,-10,1777,1626,25,47,1,-2,26,45,30,0,131
3270,May 25 1995,Friendly tournament in Canada,Chile,Northern Ireland,1719,1653,2,1,12,-12,1731,1641,27,44,1,-3,28,41,30,0,66
3271,May 25 1995,CONCACAF Ch & Car Cup q in the Dominican Republic,Dominican Republic,Cuba,1038,1520,0,3,-7,7,1031,1527,184,71,-1,1,183,72,40,100,-382
3272,May 25 1995,European Championship qual in the Faroe Islands,Faroe Islands,San Marino,1164,1003,3,0,13,-13,1177,990,159,192,1,-1,160,191,40,100,261
3273,May 25 1995,Friendly in Ivory Coast,Liberia,Mali,1403,1433,3,2,11,-11,1414,1422,98,100,3,-1,101,99,20,0,-30
3274,May 25 1995,Friendly in Norway,Norway,Ghana,1879,1636,3,2,2,-2,1881,1634,13,43,1,0,14,43,20,100,343
3275,May 25 1995,CONCACAF Ch & Car Cup q in the Dominican Republic,Netherlands Antilles,Puerto Rico,1313,1057,2,2,-13,13,1300,1070,132,177,-3,1,129,178,40,0,256
3276,May 27 1995,CONCACAF Ch & Car Cup q in the Dominican Republic,Cuba,Puerto Rico,1527,1070,9,0,7,-7,1534,1063,70,180,1,-1,71,179,40,0,457
3277,May 27 1995,CONCACAF Ch & Car Cup q in the Dominican Republic,Dominican Republic,Netherlands Antilles,1031,1300,1,2,-11,11,1020,1311,189,123,-3,3,186,126,40,100,-169
3278,May 28 1995,Friendly tournament in Canada,Canada,Chile,1612,1731,1,2,-14,14,1598,1745,58,28,-2,0,56,28,30,100,-19
3279,May 28 1995,Friendly in Ivory Coast,Ivory Coast,Liberia,1620,1414,1,1,-7,7,1613,1421,53,99,-3,1,50,100,20,100,306
3280,May 28 1995,Friendly tournament in Japan,Japan,Ecuador,1591,1626,3,0,21,-21,1612,1605,45,61,7,-8,52,53,30,100,65
3281,May 28 1995,Friendly in the United States,United States,Costa Rica,1614,1638,1,2,-12,12,1602,1650,56,34,-2,4,54,38,20,100,76
3282,May 31 1995,Friendly tournament in Argentina,Argentina,Peru,1866,1572,1,0,3,-3,1869,1569,18,62,0,0,18,62,20,0,294
3283,May 31 1995,Friendly in Finland,Finland,Denmark,1538,1940,0,1,-3,3,1535,1943,70,5,0,0,70,5,20,100,-302
3284,May 31 1995,Friendly in Yugoslavia,Yugoslavia,Russia,1927,1854,1,2,-15,15,1912,1869,8,15,-1,3,7,18,20,100,173
3285,Jun 1 1995,European Championship qual in Sweden,Sweden,Iceland,1879,1574,1,1,-16,16,1863,1590,22,59,-3,1,19,60,40,100,405
3286,Jun 2 1995,African Nations Cup qualifier in Algeria,Algeria,Uganda,1547,1462,1,1,-10,10,1537,1472,74,81,-5,4,69,85,40,100,185
3287,Jun 3 1995,Friendly tournament in England,England,Japan,1880,1612,2,1,3,-3,1883,1609,13,52,1,0,14,52,30,100,368
3288,Jun 3 1995,European Championship qual in Liechtenstein,Liechtenstein,Ireland,1092,1879,0,0,19,-19,1111,1860,163,24,6,-4,169,20,40,100,-687
3289,Jun 3 1995,European Championship qual in Portugal,Portugal,Latvia,1857,1369,3,2,1,-1,1858,1368,21,116,0,0,21,116,20,0,488
3290,Jun 3 1995,African Nations Cup qualifier in Sierra Leone,Sierra Leone,Niger,1504,1334,5,1,13,-13,1517,1321,71,125,4,-1,75,124,40,100,270
3291,Jun 3 1995,African Nations Cup qualifier in Sudan,Sudan,Tanzania,1371,1403,2,1,16,-16,1387,1387,101,111,7,-3,108,108,30,0,-32
3292,Jun 4 1995,African Nations Cup qualifier in Angola,Angola,Mali,1453,1422,1,0,13,-13,1466,1409,85,105,3,-3,88,102,40,100,131
3293,Jun 4 1995,African Nations Cup qualifier in Botswana,Botswana,Namibia,1030,1144,1,1,1,-1,1031,1143,183,164,0,0,183,164,30,100,-14
3294,Jun 4 1995,Friendly tournament in England,Brazil,Sweden,2063,1863,1,0,7,-7,2070,1856,1,24,0,-3,1,21,30,0,200
3295,Jun 4 1995,African Nations Cup qualifier in Cameroon,Cameroon,Lesotho,1519,1191,4,1,5,-5,1524,1186,72,157,1,-1,73,156,20,0,328
3296,Jun 4 1995,Friendly in Canada,Canada,Turkey,1598,1694,1,3,-15,15,1583,1709,64,30,-4,1,60,31,20,100,4
3297,Jun 4 1995,Korea Cup in South Korea,Ecuador,Zambia,1605,1671,4,1,31,-31,1636,1640,35,52,9,-9,44,43,30,0,-66
3298,Jun 4 1995,African Nations Cup qualifier in Ethiopia,Ethiopia,Egypt,1360,1628,0,2,-17,17,1343,1645,123,34,-2,5,121,39,40,100,-168
3299,Jun 4 1995,African Nations Cup qualifier in Guinea,Guinea,Mozambique,1387,1368,0,0,-7,7,1380,1375,114,112,-3,2,111,114,40,100,119
3300,Jun 4 1995,African Nations Cup qualifier in Ivory Coast,Ivory Coast,Morocco,1613,1602,2,0,21,-21,1634,1581,40,68,5,-7,45,61,40,100,111
3301,Jun 4 1995,African Nations Cup qualifier in Liberia,Liberia,Mauritania,1421,1142,2,0,6,-6,1427,1136,98,167,1,-1,99,166,40,100,379
3302,Jun 4 1995,African Nations Cup qualifier in Mauritius,Mauritius,Gabon,1205,1442,0,3,-22,22,1183,1464,163,87,-6,3,157,90,40,100,-137
3303,Jun 4 1995,African Nations Cup qualifier in Togo,Togo,Tunisia,1341,1546,0,1,-14,14,1327,1560,122,62,0,1,122,63,40,100,-105
3304,Jun 4 1995,African Nations Cup qualifier in Zaire,Zaire,Zimbabwe,1513,1558,5,0,34,-34,1547,1524,51,83,13,-10,64,73,30,0,-45
3305,Jun 5 1995,Korea Cup in South Korea,South Korea,Costa Rica,1644,1650,1,0,11,-11,1655,1639,32,49,4,-6,36,43,30,100,94
3306,Jun 6 1995,Friendly tournament in England,Brazil,Japan,2070,1609,3,0,3,-3,2073,1606,1,53,0,0,1,53,30,0,461
3307,Jun 7 1995,European Championship qual in Belarus,Belarus,Netherlands,1405,1903,1,0,36,-36,1441,1867,86,25,9,-8,95,17,40,100,-398
3308,Jun 7 1995,European Championship qual in Bulgaria,Bulgaria,Germany,1863,1992,3,2,22,-22,1885,1970,2,5,8,-1,10,4,40,100,-29
3309,Jun 7 1995,Friendly in Canada,Canada,Turkey,1583,1709,0,3,-16,16,1567,1725,62,29,-1,1,61,30,20,100,-26
3310,Jun 7 1995,European Championship qual in Denmark,Denmark,Cyprus,1943,1382,4,0,2,-2,1945,1380,5,112,0,-1,5,111,30,0,561
3311,Jun 7 1995,European Championship qual in the Faroe Islands,Faroe Islands,Scotland,1177,1777,0,2,-3,3,1174,1780,160,26,0,0,160,26,40,100,-500
3312,Jun 7 1995,European Championship qual in Lithuania,Lithuania,Slovenia,1429,1584,2,1,23,-23,1452,1561,86,65,6,-3,92,62,40,100,-55
3313,Jun 7 1995,European Championship qual in Luxembourg,Luxembourg,Czechia,1188,1894,1,0,39,-39,1227,1855,142,31,6,-10,148,21,40,0,-706
3314,Jun 7 1995,European Championship qual in Macedonia,Macedonia,Belgium,1619,1788,0,5,-32,32,1587,1820,67,21,-9,2,58,23,40,100,-69
3315,Jun 7 1995,European Championship qual in Moldova,Moldova,Albania,1478,1391,2,3,-30,30,1448,1421,104,97,-10,4,94,101,40,100,187
3316,Jun 7 1995,European Championship qual in Norway,Norway,Malta,1881,1375,2,0,2,-2,1883,1373,11,120,2,-3,13,117,20,0,506
3317,Jun 7 1995,European Championship qual in Northern Ireland,Northern Ireland,Latvia,1641,1368,1,2,-36,36,1605,1404,63,95,-11,11,52,106,40,100,373
3318,Jun 7 1995,European Championship qual in Poland,Poland,Slovakia,1723,1682,5,0,25,-25,1748,1657,27,37,1,-2,28,35,40,100,141
3319,Jun 7 1995,European Championship qual in Romania,Romania,Israel,1897,1613,2,1,4,-4,1901,1609,8,48,1,2,9,50,40,100,384
3320,Jun 7 1995,European Championship qual in San Marino,San Marino,Russia,990,1869,0,7,-1,1,989,1870,191,14,0,1,191,15,20,100,-779
3321,Jun 7 1995,European Championship qual in Spain,Spain,Armenia,1972,1253,1,0,0,0,1972,1253,2,142,1,0,3,142,20,0,719
3322,Jun 7 1995,European Championship qual in Wales,Wales,Georgia,1655,1619,0,1,-27,27,1628,1646,56,27,-10,11,46,38,40,100,136
3323,Jun 8 1995,Friendly tournament in England,England,Sweden,1883,1856,3,3,-5,5,1878,1861,15,16,-1,2,14,18,30,100,127
3324,Jun 9 1995,Copa Paz del Chaco in Paraguay,Paraguay,Bolivia,1697,1671,0,0,-5,5,1692,1676,32,33,0,0,32,33,30,100,126
3325,Jun 9 1995,Friendly in Tahiti,Tahiti,New Zealand,1524,1516,2,1,7,-7,1531,1509,71,81,1,-2,72,79,20,100,108
3326,Jun 10 1995,Korea Cup in South Korea,Ecuador,Costa Rica,1636,1639,2,1,15,-15,1651,1624,31,52,6,-5,37,47,30,0,-3
3327,Jun 10 1995,Friendly tournament in England,Japan,Sweden,1606,1861,2,2,9,-9,1615,1852,49,24,1,-3,50,21,30,0,-255
3328,Jun 10 1995,Korea Cup in South Korea,South Korea,Zambia,1655,1640,2,3,-20,20,1635,1660,48,29,-6,6,42,35,30,100,115
3329,Jun 11 1995,Friendly tournament in England,England,Brazil,1878,2073,1,3,-16,16,1862,2089,20,1,-3,0,17,1,30,100,-95
3330,Jun 11 1995,European Championship qual in Estonia,Estonia,Slovenia,1111,1561,1,3,-7,7,1104,1568,173,62,-2,0,171,62,40,100,-350
3331,Jun 11 1995,European Championship qual in Finland,Finland,Greece,1535,1626,2,1,19,-19,1554,1607,60,60,5,-7,65,53,30,0,-91
3332,Jun 11 1995,European Championship qual in Iceland,Iceland,Hungary,1590,1650,2,1,18,-18,1608,1632,47,52,5,-7,52,45,30,0,-60
3333,Jun 11 1995,European Championship qual in Ireland,Ireland,Austria,1860,1616,1,3,-53,53,1807,1669,28,19,-5,15,23,34,40,100,344
3334,Jun 11 1995,Friendly in Canada,Turkey,Honduras,1725,1541,1,0,5,-5,1730,1536,30,73,0,-3,30,70,20,0,184
3335,Jun 11 1995,European Championship qual in Ukraine,Ukraine,Croatia,1542,1904,1,0,33,-33,1575,1871,54,18,6,-5,60,13,40,100,-262
3336,Jun 11 1995,US Cup in the United States,United States,Nigeria,1602,1818,3,2,20,-20,1622,1798,43,26,5,-1,48,25,30,100,-116
3337,Jun 12 1995,Korea Cup in South Korea,Ecuador,Zambia,1651,1660,1,0,15,-15,1666,1645,32,42,3,-3,35,39,30,0,-9
3338,Jun 14 1995,Friendly in Argentina,Argentina,Paraguay,1869,1692,2,1,3,-3,1872,1689,11,32,2,0,13,32,20,100,277
3339,Jun 16 1995,Copa Centenario in Chile,Chile,New Zealand,1745,1509,3,1,6,-6,1751,1503,27,79,1,0,28,79,20,0,236
3340,Jun 17 1995,US Cup in the United States,Colombia,Nigeria,1884,1798,1,0,11,-11,1895,1787,8,25,1,0,9,25,30,0,86
3341,Jun 18 1995,Friendly in Australia,Australia,Ghana,1717,1634,2,1,5,-5,1722,1629,31,49,0,-3,31,46,20,100,183
3342,Jun 18 1995,Copa Centenario in Chile,Paraguay,Turkey,1689,1730,0,0,2,-2,1691,1728,32,30,0,0,32,30,30,0,-41
3343,Jun 18 1995,US Cup in the United States,United States,Mexico,1622,1884,4,0,40,-40,1662,1844,24,29,12,-9,36,20,30,100,-162
3344,Jun 18 1995,Friendly in Venezuela,Venezuela,Bolivia,1352,1676,1,3,-6,6,1346,1682,120,33,0,0,120,33,20,100,-224
3345,Jun 19 1995,Copa Centenario in Chile,Chile,Paraguay,1751,1691,0,1,-21,21,1730,1712,30,32,-1,0,29,32,30,100,160
3346,Jun 19 1995,Friendly tournament in Switzerland,Switzerland,Italy,1825,1995,0,1,-12,12,1813,2007,23,2,-1,0,22,2,30,100,-70
3347,Jun 20 1995,Copa Centenario in Chile,Turkey,New Zealand,1728,1503,2,1,6,-6,1734,1497,28,81,1,-1,29,80,30,0,225
3348,Jun 21 1995,Friendly in Australia,Australia,Ghana,1722,1629,1,0,5,-5,1727,1624,31,48,0,-1,31,47,20,100,193
3349,Jun 21 1995,US Cup in the United States,Colombia,Mexico,1895,1844,0,0,-2,2,1893,1846,9,20,0,0,9,20,30,0,51
3350,Jun 21 1995,Friendly tournament in Switzerland,Germany,Italy,1970,2007,2,0,25,-25,1995,1982,0,4,2,-1,2,3,30,0,-37
3351,Jun 22 1995,Copa Centenario in Chile,Chile,Turkey,1730,1734,0,0,-4,4,1726,1738,32,29,-1,0,31,29,30,100,96
3352,Jun 22 1995,Copa Centenario in Chile,Paraguay,New Zealand,1712,1497,3,2,7,-7,1719,1490,32,86,0,-3,32,83,30,0,215
3353,Jun 23 1995,Friendly tournament in Switzerland,Switzerland,Germany,1813,1995,1,2,-12,12,1801,2007,24,2,-1,0,23,2,30,100,-82
3354,Jun 24 1995,Friendly in Australia,Australia,Ghana,1727,1624,0,1,-15,15,1712,1639,34,39,-2,4,32,43,20,100,203
3355,Jun 24 1995,US Cup in the United States,Mexico,Nigeria,1846,1787,2,1,12,-12,1858,1775,14,27,3,-1,17,26,30,0,59
3356,Jun 25 1995,Friendly in Mozambique,Mozambique,Zimbabwe,1375,1524,3,1,17,-17,1392,1507,99,82,8,-4,107,78,20,100,-49
3357,Jun 25 1995,Friendly in Uruguay,Uruguay,New Zealand,1801,1490,7,0,4,-4,1805,1486,23,83,0,0,23,83,20,100,411
3358,Jun 25 1995,US Cup in the United States,United States,Colombia,1662,1893,0,0,5,-5,1667,1888,34,9,1,0,35,9,30,100,-131
3359,Jun 28 1995,Friendly in Uruguay,Uruguay,New Zealand,1805,1486,2,2,-8,8,1797,1494,25,83,-1,0,24,83,20,100,419
3360,Jun 29 1995,Friendly in Brazil,Brazil,Poland,2089,1748,2,1,1,-1,2090,1747,1,28,0,0,1,28,20,100,441
3361,Jun 30 1995,Friendly in Argentina,Argentina,Australia,1872,1712,2,0,5,-5,1877,1707,12,32,0,0,12,32,20,100,260
3362,Jun 30 1995,Friendly in Paraguay,Paraguay,Ecuador,1719,1666,1,0,6,-6,1725,1660,31,38,0,-1,31,37,20,100,153
3363,Jul 1 1995,Friendly in Ivory Coast,Ivory Coast,Ghana,1634,1639,2,0,11,-11,1645,1628,35,49,5,-3,40,46,20,100,95
3364,Jul 1 1995,Friendly in Peru,Peru,Bolivia,1569,1682,4,1,18,-18,1587,1664,55,37,3,-2,58,35,20,100,-13
3365,Jul 2 1995,Friendly in Iceland,Iceland,Faroe Islands,1608,1174,2,0,1,-1,1609,1173,50,160,1,0,51,160,20,100,534
3366,Jul 5 1995,Copa América in Uruguay,Uruguay,Venezuela,1797,1346,4,1,4,-4,1801,1342,22,122,1,-1,23,121,30,0,451
3367,Jul 6 1995,Copa América in Uruguay,Paraguay,Mexico,1725,1858,2,1,34,-34,1759,1824,25,23,3,-3,28,20,50,0,-133
3368,Jul 7 1995,Copa América in Uruguay,Brazil,Ecuador,2090,1660,1,0,4,-4,2094,1656,1,39,0,-1,1,38,50,0,430
3369,Jul 7 1995,Copa América in Uruguay,Colombia,Peru,1888,1587,1,1,-17,17,1871,1604,15,52,-3,3,12,55,50,0,301
3370,Jul 8 1995,Copa América in Uruguay,Argentina,Bolivia,1877,1664,2,1,11,-11,1888,1653,7,41,2,-3,9,38,50,0,213
3371,Jul 8 1995,Copa América in Uruguay,United States,Chile,1667,1726,2,1,29,-29,1696,1697,32,33,1,-1,33,32,50,0,-59
3372,Jul 9 1995,Copa América in Uruguay,Mexico,Venezuela,1824,1342,3,1,4,-4,1828,1338,20,121,0,0,20,121,40,0,482
3373,Jul 9 1995,Friendly in Syria,Syria,Egypt,1437,1645,0,0,3,-3,1440,1642,97,46,0,-3,97,43,20,100,-108
3374,Jul 9 1995,Copa América in Uruguay,Uruguay,Paraguay,1801,1759,1,0,15,-15,1816,1744,21,30,1,-1,22,29,50,100,142
3375,Jul 10 1995,Copa América in Uruguay,Brazil,Peru,2094,1604,2,0,4,-4,2098,1600,1,55,0,0,1,55,50,0,490
3376,Jul 10 1995,Copa América in Uruguay,Colombia,Ecuador,1871,1656,1,0,11,-11,1882,1645,12,41,0,-2,12,39,50,0,215
3377,Jul 11 1995,Copa América in Uruguay,Argentina,Chile,1888,1697,4,0,23,-23,1911,1674,7,34,1,-1,8,33,50,0,191
3378,Jul 11 1995,Copa América in Uruguay,Bolivia,United States,1653,1696,1,0,28,-28,1681,1668,27,37,5,-2,32,35,50,0,-43
3379,Jul 12 1995,Copa América in Uruguay,Paraguay,Venezuela,1744,1338,3,2,4,-4,1748,1334,27,121,1,0,28,121,40,0,406
3380,Jul 13 1995,Copa América in Uruguay,Brazil,Colombia,2098,1882,3,0,20,-20,2118,1862,1,18,0,-3,1,15,50,0,216
3381,Jul 13 1995,Copa América in Uruguay,Ecuador,Peru,1645,1600,2,1,22,-22,1667,1578,33,65,3,-5,36,60,50,0,45
3382,Jul 13 1995,Copa América in Uruguay,Uruguay,Mexico,1816,1828,1,1,-6,6,1810,1834,22,20,0,0,22,20,50,100,88
3383,Jul 14 1995,Copa América in Uruguay,Bolivia,Chile,1681,1674,2,2,-1,1,1680,1675,34,35,-1,-1,33,34,50,0,7
3384,Jul 14 1995,African Nations Cup qualifier in Egypt,Egypt,Algeria,1642,1537,1,1,-11,11,1631,1548,47,63,-2,3,45,66,40,100,205
3385,Jul 14 1995,African Nations Cup qualifier in Mauritania,Mauritania,Togo,1136,1327,2,1,25,-25,1161,1302,158,134,4,-6,162,128,40,100,-91
3386,Jul 14 1995,Copa América in Uruguay,United States,Argentina,1668,1911,3,0,70,-70,1738,1841,25,30,5,-11,30,19,50,0,-243
3387,Jul 15 1995,African Nations Cup qualifier in Namibia,Namibia,Guinea,1143,1380,0,0,8,-8,1151,1372,163,120,1,-4,164,116,40,100,-137
3388,Jul 15 1995,African Nations Cup qualifier in Tanzania,Tanzania,Ethiopia,1387,1343,2,0,18,-18,1405,1325,102,122,4,-1,106,121,40,100,144
3389,Jul 15 1995,African Nations Cup qualifier in Tunisia,Tunisia,Senegal,1560,1455,4,0,18,-18,1578,1437,56,103,4,-6,60,97,40,100,205
3390,Jul 15 1995,African Nations Cup qualifier in Uganda,Uganda,Sudan,1472,1387,2,0,15,-15,1487,1372,84,122,0,-6,84,116,40,100,185
3391,Jul 15 1995,African Nations Cup qualifier in Zambia,Zambia,Mauritius,1645,1183,2,0,2,-2,1647,1181,38,157,1,0,39,157,20,0,462
3392,Jul 16 1995,Copa América in Uruguay,Colombia,Paraguay,1862,1748,1,1,-8,8,1854,1756,20,28,-3,0,17,28,30,100,214
3393,Jul 16 1995,Island Games in Gibraltar,Gibraltar,Greenland,1044,1008,0,1,-27,27,1017,1035,195,175,-7,7,188,182,40,100,136
3394,Jul 16 1995,African Nations Cup qualifier in Malawi,Malawi,Cameroon,1466,1524,1,3,-34,34,1432,1558,111,56,-12,9,99,65,40,100,42
3395,Jul 16 1995,African Nations Cup qualifier in Mali,Mali,Botswana,1409,1031,4,0,4,-4,1413,1027,102,185,1,-1,103,184,20,0,378
3396,Jul 16 1995,African Nations Cup qualifier in Mozambique,Mozambique,Angola,1392,1466,2,1,19,-19,1411,1447,100,97,4,-5,104,92,40,100,26
3397,Jul 16 1995,Copa América in Uruguay,Uruguay,Bolivia,1810,1680,2,1,11,-11,1821,1669,20,35,1,-1,21,34,50,100,230
3398,Jul 17 1995,Copa América in Uruguay,Argentina,Brazil,1841,2118,2,2,17,-17,1858,2101,11,1,4,0,15,1,50,0,-277
3399,Jul 17 1995,Copa América in Uruguay,Mexico,United States,1834,1738,0,0,-7,7,1827,1745,20,30,0,0,20,30,50,0,96
3400,Jul 17 1995,Friendly tournament in Singapore,Singapore,Myanmar,1293,1167,3,3,-9,9,1284,1176,138,159,-2,1,136,160,30,100,226
3401,Jul 19 1995,CONCACAF Ch q & Car Cup in Jamaica,Jamaica,Saint Lucia,1435,1305,2,1,8,-8,1443,1297,88,137,5,-5,93,132,40,100,230
3402,Jul 19 1995,CONCACAF Ch q & Car Cup in Jamaica,Trinidad and Tobago,Cuba,1539,1534,2,0,30,-30,1569,1504,56,84,7,-6,63,78,40,0,5
3403,Jul 19 1995,Copa América in Uruguay,Uruguay,Colombia,1821,1854,2,0,30,-30,1851,1824,17,24,2,-3,19,21,50,100,67
3404,Jul 20 1995,Copa América in Uruguay,Brazil,United States,2101,1745,1,0,6,-6,2107,1739,1,30,0,0,1,30,50,0,356
3405,Jul 21 1995,CONCACAF Ch q & Car Cup in the Cayman Islands,Cayman Islands,Antigua and Barbuda,1037,1187,2,0,34,-34,1071,1153,175,171,3,-8,178,163,40,100,-50
3406,Jul 21 1995,CONCACAF Ch q & Car Cup in Jamaica,Jamaica,Cuba,1443,1504,1,2,-22,22,1421,1526,107,70,-7,4,100,74,40,100,39
3407,Jul 21 1995,Merdeka Tournament in Malaysia,Malaysia,Iraq,1260,1644,1,2,-5,5,1255,1649,139,36,1,3,140,39,30,100,-284
3408,Jul 21 1995,CONCACAF Ch q & Car Cup in the Cayman Islands,St Vincent & Grenadines,French Guiana,1266,1280,3,1,31,-31,1297,1249,126,147,6,-5,132,142,40,0,-14
3409,Jul 21 1995,CONCACAF Ch q & Car Cup in Jamaica,Trinidad and Tobago,Saint Lucia,1569,1297,5,0,14,-14,1583,1283,55,142,4,-5,59,137,40,0,272
3410,Jul 22 1995,Friendly in Algeria,Algeria,Tunisia,1548,1578,2,1,8,-8,1556,1570,66,65,1,-2,67,63,20,100,70
3411,Jul 22 1995,Copa América in Uruguay,Colombia,United States,1824,1739,4,1,33,-33,1857,1706,13,34,4,-2,17,32,50,0,85
3412,Jul 22 1995,Friendly in Norway,Norway,France,1883,1921,0,0,-2,2,1881,1923,10,6,0,0,10,6,20,100,62
3413,Jul 23 1995,CONCACAF Ch q & Car Cup in the Cayman Islands,Cayman Islands,French Guiana,1071,1249,1,0,24,-24,1095,1225,174,158,2,-8,176,150,40,100,-78
3414,Jul 23 1995,CONCACAF Ch q & Car Cup in Jamaica,Cuba,Saint Lucia,1526,1283,2,0,12,-12,1538,1271,68,137,3,0,71,137,40,0,243
3415,Jul 23 1995,CONCACAF Ch q & Car Cup in Jamaica,Jamaica,Trinidad and Tobago,1421,1583,1,0,24,-24,1445,1559,86,71,7,-6,93,65,40,100,-62
3416,Jul 23 1995,Friendly in Mali,Mali,Ivory Coast,1413,1645,2,2,4,-4,1417,1641,103,42,0,0,103,42,20,100,-132
3417,Jul 23 1995,CONCACAF Ch q & Car Cup in the Cayman Islands,St Vincent & Grenadines,Antigua and Barbuda,1297,1153,5,1,23,-23,1320,1130,116,171,8,-4,124,167,40,0,144
3418,Jul 23 1995,Copa América in Uruguay,Uruguay,Brazil,1851,2107,1,1,11,-11,1862,2096,8,1,6,0,14,1,50,100,-156
3419,Jul 25 1995,CONCACAF Ch q & Car Cup in the Cayman Islands,Antigua and Barbuda,French Guiana,1130,1225,2,1,25,-25,1155,1200,159,154,4,-2,163,152,40,0,-95
3420,Jul 25 1995,CONCACAF Ch q & Car Cup in the Cayman Islands,Cayman Islands,St Vincent & Grenadines,1095,1320,2,2,7,-7,1102,1313,172,126,2,-1,174,125,40,100,-125
3421,Jul 27 1995,CONCACAF Ch q & Car Cup in the Cayman Islands,St Vincent & Grenadines,Cuba,1313,1538,3,2,31,-31,1344,1507,115,83,5,-6,120,77,40,0,-225
3422,Jul 28 1995,African Nations Cup qualifier in Algeria,Algeria,Tanzania,1556,1405,2,1,8,-8,1564,1397,65,109,1,-1,66,108,40,100,251
3423,Jul 28 1995,CONCACAF Ch q & Car Cup in the Cayman Islands,Cayman Islands,Trinidad and Tobago,1102,1559,2,9,-10,10,1092,1569,178,61,-2,2,176,63,40,100,-357
3424,Jul 29 1995,Friendly in Lithuania,Lithuania,Belarus,1452,1441,1,1,-3,3,1449,1444,91,94,-1,0,90,94,20,100,111
3425,Jul 30 1995,African Nations Cup qualifier in Angola,Angola,Botswana,1447,1027,4,0,4,-4,1451,1023,88,184,2,0,90,184,40,100,520
3426,Jul 30 1995,African Nations Cup qualifier in Burkina Faso,Burkina Faso,Ivory Coast,1441,1641,1,1,6,-6,1447,1635,93,46,1,-2,94,44,40,100,-100
3427,Jul 30 1995,African Nations Cup qualifier in Cameroon,Cameroon,Zimbabwe,1558,1507,1,0,12,-12,1570,1495,59,87,4,-5,63,82,40,100,151
3428,Jul 30 1995,Caribbean Cup in the Cayman Islands,Cayman Islands,Cuba,1092,1507,0,3,-10,10,1082,1517,178,71,-1,3,177,74,40,100,-315
3429,Jul 30 1995,African Nations Cup qualifier in Congo,Congo,Ghana,1374,1628,0,2,-18,18,1356,1646,124,38,-5,4,119,42,40,100,-154
3430,Jul 30 1995,African Nations Cup qualifier in Egypt,Egypt,Uganda,1631,1487,6,0,17,-17,1648,1470,35,84,5,0,40,84,40,100,244
3431,Jul 30 1995,African Nations Cup qualifier in Guinea,Guinea,Mali,1372,1417,4,1,30,-30,1402,1387,96,121,10,-9,106,112,30,0,-45
3432,Jul 30 1995,African Nations Cup qualifier in Mauritania,Mauritania,Tunisia,1161,1570,0,0,14,-14,1175,1556,159,72,1,-5,160,67,40,100,-309
3433,Jul 30 1995,African Nations Cup qualifier in Namibia,Namibia,Mozambique,1151,1411,0,0,9,-9,1160,1402,160,108,2,-2,162,106,40,100,-160
3434,Jul 30 1995,African Nations Cup qualifier in Senegal,Senegal,Liberia,1437,1427,3,0,24,-24,1461,1403,81,110,8,-5,89,105,40,100,110
3435,Jul 30 1995,African Nations Cup qualifier in Sudan,Sudan,Ethiopia,1372,1325,3,0,21,-21,1393,1304,102,132,7,-5,109,127,40,100,147
3436,Jul 30 1995,Caribbean Cup in the Cayman Islands,Trinidad and Tobago,St Vincent & Grenadines,1569,1344,5,0,17,-17,1586,1327,55,122,4,-1,59,121,40,0,225
3437,Aug 1 1995,Caribana Cup in Canada,Canada,Jamaica,1567,1445,3,1,10,-10,1577,1435,59,101,3,-3,62,98,20,0,122
3438,Aug 1 1995,Friendly in Indonesia,Indonesia,Singapore,1178,1284,0,0,0,0,1178,1284,158,136,0,0,158,136,20,100,-6
3439,Aug 3 1995,Caribana Cup in Canada,Canada,Trinidad and Tobago,1577,1586,3,1,17,-17,1594,1569,50,69,6,-5,56,64,30,100,91
3440,Aug 6 1995,Caribana Cup in Canada,Jamaica,Trinidad and Tobago,1435,1569,1,0,21,-21,1456,1548,82,72,8,-4,90,68,30,0,-134
3441,Aug 6 1995,Friendly in Japan,Japan,Costa Rica,1615,1624,3,0,13,-13,1628,1611,44,52,3,-2,47,50,20,100,91
3442,Aug 9 1995,Friendly in Japan,Japan,Brazil,1628,2096,1,5,-4,4,1624,2100,49,1,-1,0,48,1,20,100,-368
3443,Aug 12 1995,Friendly in South Korea,South Korea,Brazil,1635,2100,0,1,-2,2,1633,2102,46,1,-1,0,45,1,20,100,-365
3444,Aug 14 1995,Friendly in Tahiti,New Caledonia,Cook Islands,1226,679,12,0,2,-2,1228,677,145,213,2,0,147,213,20,0,547
3445,Aug 15 1995,European Championship qual in Liechtenstein,Liechtenstein,Portugal,1111,1858,0,7,-2,2,1109,1860,169,16,0,0,169,16,30,100,-647
3446,Aug 16 1995,European Championship qual in Armenia,Armenia,Denmark,1253,1945,0,2,-2,2,1251,1947,141,5,0,0,141,5,40,100,-592
3447,Aug 16 1995,European Championship qual in Estonia,Estonia,Lithuania,1104,1449,0,1,-8,8,1096,1457,179,85,-4,4,175,89,40,100,-245
3448,Aug 16 1995,South Pacific Games in Tahiti,Fiji,Papua New Guinea,1409,1097,2,2,-14,14,1395,1111,113,163,-5,6,108,169,40,0,312
3449,Aug 16 1995,European Championship qual in Finland,Finland,Russia,1554,1870,0,6,-19,19,1535,1889,75,6,-4,3,71,9,40,100,-216
3450,Aug 16 1995,European Championship qual in France,France,Poland,1923,1747,1,1,-13,13,1910,1760,8,27,-1,1,7,28,40,100,276
3451,Aug 16 1995,Friendly in Hungary,Hungary,Israel,1632,1609,0,2,-20,20,1612,1629,54,41,-4,5,50,46,20,100,123
3452,Aug 16 1995,European Championship qual in Iceland,Iceland,Switzerland,1609,1801,0,2,-22,22,1587,1823,65,20,-7,2,58,22,40,100,-92
3453,Aug 16 1995,European Championship qual in Latvia,Latvia,Austria,1404,1669,3,2,29,-29,1433,1640,94,52,5,-9,99,43,40,100,-165
3454,Aug 16 1995,Friendly in Malta,Malta,Albania,1373,1421,2,1,9,-9,1382,1412,110,104,3,-2,113,102,20,100,52
3455,Aug 16 1995,South Pacific Games in Tahiti,New Caledonia,Cook Islands,1228,677,9,0,4,-4,1232,673,141,211,3,1,144,212,40,0,551
3456,Aug 16 1995,European Championship qual in Norway,Norway,Czechia,1881,1855,1,1,-7,7,1874,1862,12,9,-1,5,11,14,40,100,126
3457,Aug 16 1995,European Championship qual in Scotland,Scotland,Greece,1780,1607,1,0,7,-7,1787,1600,25,53,0,0,25,53,40,100,273
3458,Aug 16 1995,European Championship qual in Turkey,Slovakia,Azerbaijan,1657,1463,1,0,10,-10,1667,1453,32,94,3,-3,35,91,40,0,194
3459,Aug 16 1995,South Pacific Games in Tahiti,Solomon Islands,Wallis and Futuna,1291,734,12,1,4,-4,1295,730,132,209,1,0,133,209,40,0,557
3460,Aug 16 1995,Friendly in Sweden,Sweden,United States,1852,1706,1,0,4,-4,1856,1702,20,32,0,0,20,32,20,100,246
3461,Aug 16 1995,South Pacific Games in Tahiti,Vanuatu,Guam,991,685,6,0,12,-12,1003,673,190,214,0,-2,190,212,40,0,306
3462,Aug 17 1995,South Pacific Games in Tahiti,Tahiti,Wallis and Futuna,1531,730,13,0,1,-1,1532,729,72,209,0,0,72,209,20,0,801
3463,Aug 18 1995,Friendly in Jamaica,Jamaica,Zambia,1456,1647,1,1,3,-3,1459,1644,88,44,1,-2,89,42,20,100,-91
3464,Aug 18 1995,South Pacific Games in Tahiti,Solomon Islands,New Caledonia,1295,1232,1,0,16,-16,1311,1216,117,156,8,-6,125,150,40,0,63
3465,Aug 19 1995,South Pacific Games in Tahiti,Cook Islands,Wallis and Futuna,673,729,2,1,23,-23,696,706,208,209,2,0,210,209,40,0,-56
3466,Aug 19 1995,South Pacific Games in Tahiti,Tahiti,Solomon Islands,1532,1311,4,2,8,-8,1540,1303,68,131,2,-3,70,128,40,100,321
3467,Aug 20 1995,South Pacific Games in Tahiti,Fiji,Guam,1395,673,8,0,1,-1,1396,672,108,213,0,0,108,213,20,0,722
3468,Aug 20 1995,Friendly in Jamaica,Jamaica,Zambia,1459,1644,3,1,19,-19,1478,1625,79,52,5,-5,84,47,20,100,-85
3469,Aug 20 1995,South Pacific Games in Tahiti,New Caledonia,Wallis and Futuna,1216,706,10,0,5,-5,1221,701,148,209,1,0,149,209,40,0,510
3470,Aug 20 1995,South Pacific Games in Tahiti,Vanuatu,Papua New Guinea,1003,1111,3,0,46,-46,1049,1065,172,187,9,-9,181,178,40,0,-108
3471,Aug 21 1995,South Pacific Games in Tahiti,Solomon Islands,Cook Islands,1303,696,16,0,4,-4,1307,692,126,210,1,0,127,210,40,0,607
3472,Aug 21 1995,South Pacific Games in Tahiti,Tahiti,New Caledonia,1540,1221,2,0,5,-5,1545,1216,70,151,0,-1,70,150,40,100,419
3473,Aug 22 1995,South Pacific Games in Tahiti,Fiji,Vanuatu,1396,1049,3,1,7,-7,1403,1042,100,183,4,-1,104,182,40,0,347
3474,Aug 22 1995,South Pacific Games in Tahiti,Papua New Guinea,Guam,1065,672,9,0,9,-9,1074,663,176,213,1,0,177,213,40,0,393
3475,Aug 22 1995,South Pacific Games in Tahiti,Tahiti,Cook Islands,1545,692,11,0,0,0,1545,692,70,210,0,0,70,210,20,0,853
3476,Aug 23 1995,Friendly in Belgium,Belgium,Germany,1820,2007,1,2,-8,8,1812,2015,23,2,0,0,23,2,20,100,-87
3477,Aug 24 1995,South Pacific Games in Tahiti,Fiji,Solomon Islands,1403,1307,3,3,-5,5,1398,1312,110,123,-3,2,107,125,20,100,196
3478,Aug 24 1995,South Pacific Games in Tahiti,Tahiti,Vanuatu,1545,1042,3,0,2,-2,1547,1040,66,182,2,0,68,182,20,0,503
3479,Aug 26 1995,South Pacific Games in Tahiti,Fiji,Vanuatu,1398,1040,3,0,8,-8,1406,1032,101,184,3,-1,104,183,40,0,358
3480,Aug 26 1995,South Pacific Games in Tahiti,Tahiti,Solomon Islands,1547,1312,2,0,8,-8,1555,1304,66,129,1,-2,67,127,40,100,335
3481,Aug 30 1995,Friendly in Turkey,Turkey,Macedonia,1738,1587,2,1,4,-4,1742,1583,30,60,0,-1,30,59,20,100,251
3482,Sep 3 1995,European Championship qual in Croatia,Croatia,Estonia,1871,1096,7,1,1,-1,1872,1095,12,174,0,0,12,174,30,0,775
3483,Sep 3 1995,European Championship qual in Portugal,Portugal,Northern Ireland,1860,1605,1,1,-15,15,1845,1620,23,46,-3,3,20,49,40,100,355
3484,Sep 6 1995,European Championship qual in Albania,Albania,Bulgaria,1412,1885,1,1,16,-16,1428,1869,100,14,1,-2,101,12,40,100,-373
3485,Sep 6 1995,European Championship qual in Austria,Austria,Ireland,1640,1807,3,1,36,-36,1676,1771,26,30,8,-3,34,27,40,100,-67
3486,Sep 6 1995,European Championship qual in Belgium,Belgium,Denmark,1812,1947,1,3,-27,27,1785,1974,25,3,-1,1,24,4,40,100,-35
3487,Sep 6 1995,European Championship qual in Czechia,Czechia,Norway,1862,1874,2,0,23,-23,1885,1851,6,25,4,-7,10,18,30,0,-12
3488,Sep 6 1995,Friendly in England,England,Colombia,1862,1857,0,0,-3,3,1859,1860,18,12,-2,3,16,15,20,100,105
3489,Sep 6 1995,European Championship qual in the Faroe Islands,Faroe Islands,Russia,1173,1889,2,5,-2,2,1171,1891,161,9,0,0,161,9,40,100,-616
3490,Sep 6 1995,European Championship qual in France,France,Azerbaijan,1910,1453,10,0,4,-4,1914,1449,5,93,1,-1,6,92,20,0,457
3491,Sep 6 1995,European Championship qual in Germany,Germany,Georgia,2015,1646,4,1,4,-4,2019,1642,2,44,0,-2,2,42,20,0,369
3492,Sep 6 1995,European Championship qual in Italy,Italy,Slovenia,1982,1568,1,0,2,-2,1984,1566,3,62,0,1,3,63,20,0,414
3493,Sep 6 1995,European Championship qual in Latvia,Latvia,Liechtenstein,1433,1109,1,0,3,-3,1436,1106,95,169,2,0,97,169,20,0,324
3494,Sep 6 1995,European Championship qual in Lithuania,Lithuania,Ukraine,1457,1575,1,3,-28,28,1429,1603,110,44,-10,9,100,53,40,100,-18
3495,Sep 6 1995,European Championship qual in Luxembourg,Luxembourg,Malta,1227,1382,1,0,23,-23,1250,1359,137,121,5,-4,142,117,40,100,-55
3496,Sep 6 1995,European Championship qual in Macedonia,Macedonia,Armenia,1583,1251,1,2,-37,37,1546,1288,79,129,-10,6,69,135,40,100,432
3497,Sep 6 1995,European Championship qual in the Netherlands,Netherlands,Belarus,1867,1444,1,0,2,-2,1869,1442,11,92,1,2,12,94,20,0,423
3498,Sep 6 1995,European Championship qual in Poland,Poland,Romania,1760,1901,0,0,2,-2,1762,1899,28,8,0,0,28,8,30,100,-41
3499,Sep 6 1995,European Championship qual in San Marino,San Marino,Greece,989,1600,0,4,-4,4,985,1604,191,51,0,1,191,52,40,100,-511
3500,Sep 6 1995,European Championship qual in Scotland,Scotland,Finland,1787,1535,1,0,5,-5,1792,1530,21,72,2,0,23,72,40,100,352
3501,Sep 6 1995,European Championship qual in Slovakia,Slovakia,Israel,1667,1629,1,0,12,-12,1679,1617,31,55,2,-5,33,50,40,100,138
3502,Sep 6 1995,European Championship qual in Spain,Spain,Cyprus,1972,1380,6,0,2,-2,1974,1378,4,112,0,1,4,113,30,0,592
3503,Sep 6 1995,European Championship qual in Sweden,Sweden,Switzerland,1856,1823,0,0,-7,7,1849,1830,19,20,0,1,19,21,40,100,133
3504,Sep 6 1995,European Championship qual in Turkey,Turkey,Hungary,1742,1612,2,0,13,-13,1755,1599,30,57,0,-3,30,54,40,100,230
3505,Sep 6 1995,European Championship qual in Wales,Wales,Moldova,1628,1448,1,0,7,-7,1635,1441,40,96,3,-1,43,95,40,100,280
3506,Sep 20 1995,Friendly in Greece,Greece,Yugoslavia,1604,1912,0,2,-7,7,1597,1919,56,5,-2,1,54,6,20,100,-208
3507,Sep 20 1995,Friendly in Israel,Israel,Uruguay,1617,1862,3,1,21,-21,1638,1841,36,26,7,-6,43,20,20,100,-145
3508,Sep 20 1995,Friendly in Japan,Japan,Paraguay,1624,1756,1,2,-9,9,1615,1765,53,27,-3,1,50,28,20,100,-32
3509,Sep 20 1995,Friendly in Spain,Spain,Argentina,1974,1858,2,1,4,-4,1978,1854,4,15,0,1,4,16,20,100,216
3510,Sep 24 1995,Friendly in Trinidad and Tobago,Trinidad and Tobago,Jamaica,1548,1478,1,0,5,-5,1553,1473,67,84,0,0,67,84,20,100,170
3511,Sep 27 1995,Friendly in Brazil,Brazil,Romania,2102,1899,2,2,-7,7,2095,1906,1,8,0,0,1,8,20,100,303
3512,Sep 27 1995,Friendly in Jamaica,Jamaica,Costa Rica,1473,1611,2,0,17,-17,1490,1594,84,59,0,-4,84,55,20,100,-38
3513,Sep 30 1995,Friendly in South Africa,South Africa,Mozambique,1662,1402,3,2,2,-2,1664,1400,38,108,0,-1,38,107,20,100,360
3514,Oct 4 1995,Friendly in Finland,Finland,Turkey,1530,1755,0,0,3,-3,1533,1752,72,30,0,0,72,30,20,100,-125
3515,Oct 7 1995,European Championship qual in Armenia,Armenia,Belgium,1288,1785,0,2,-6,6,1282,1791,139,24,-2,0,137,24,40,100,-397
3516,Oct 7 1995,European Championship qual in Belarus,Belarus,Czechia,1442,1885,0,2,-7,7,1435,1892,102,8,-4,1,98,9,40,100,-343
3517,Oct 7 1995,European Championship qual in Bulgaria,Bulgaria,Albania,1869,1428,3,0,3,-3,1872,1425,10,101,1,0,11,101,20,0,441
3518,Oct 8 1995,European Championship qual in Croatia,Croatia,Italy,1872,1984,1,1,1,-1,1873,1983,11,3,0,0,11,3,30,100,-12
3519,Oct 8 1995,European Championship qual in Germany,Germany,Moldova,2019,1441,6,1,2,-2,2021,1439,2,96,0,-1,2,95,30,0,578
3520,Oct 8 1995,Friendly in the United States,United States,Saudi Arabia,1702,1597,4,3,5,-5,1707,1592,30,61,1,-4,31,57,20,100,205
3521,Oct 11 1995,Friendly in Argentina,Argentina,Colombia,1854,1860,0,0,-3,3,1851,1863,16,12,0,1,16,13,20,100,94
3522,Oct 11 1995,European Championship qual in Austria,Austria,Portugal,1676,1845,1,1,4,-4,1680,1841,36,19,-1,0,35,19,40,100,-69
3523,Oct 11 1995,Friendly in Brazil,Brazil,Uruguay,2095,1841,2,0,3,-3,2098,1838,1,22,0,-1,1,21,20,100,354
3524,Oct 11 1995,Friendly in Chile,Chile,Canada,1675,1594,2,0,8,-8,1683,1586,33,64,1,-5,34,59,20,100,181
3525,Oct 11 1995,European Championship qual in Cyprus,Cyprus,Macedonia,1378,1546,1,1,4,-4,1382,1542,113,71,0,-1,113,70,20,0,-168
3526,Oct 11 1995,European Championship qual in Denmark,Denmark,Spain,1974,1978,1,1,-5,5,1969,1983,5,2,0,1,5,3,40,100,96
3527,Oct 11 1995,European Championship qual in Georgia,Georgia,Bulgaria,1642,1872,2,1,27,-27,1669,1845,30,24,6,-6,36,18,40,100,-130
3528,Oct 11 1995,European Championship qual in Iceland,Iceland,Turkey,1587,1752,0,0,4,-4,1591,1748,51,28,4,1,55,29,20,0,-165
3529,Oct 11 1995,European Championship qual in Ireland,Ireland,Latvia,1771,1436,2,1,3,-3,1774,1433,25,100,1,-2,26,98,20,0,335
3530,Oct 11 1995,European Championship qual in Israel,Israel,Azerbaijan,1638,1449,2,0,10,-10,1648,1439,39,96,2,-2,41,94,40,100,289
3531,Oct 11 1995,European Championship qual in Liechtenstein,Liechtenstein,Northern Ireland,1106,1620,0,4,-6,6,1100,1626,175,46,-3,1,172,47,40,100,-414
3532,Oct 11 1995,European Championship qual in Lithuania,Lithuania,Estonia,1429,1095,5,0,6,-6,1435,1089,94,174,3,0,97,174,40,100,434
3533,Oct 11 1995,European Championship qual in Luxembourg,Luxembourg,Belarus,1250,1435,0,0,5,-5,1255,1430,140,102,1,-2,141,100,20,0,-185
3534,Oct 11 1995,European Championship qual in Malta,Malta,Netherlands,1359,1869,0,4,-6,6,1353,1875,121,7,-2,3,119,10,40,100,-410
3535,Oct 11 1995,Friendly in the United States,Mexico,Saudi Arabia,1827,1592,2,1,4,-4,1831,1588,22,57,0,0,22,57,20,0,235
3536,Oct 11 1995,Friendly in Norway,Norway,England,1851,1859,0,0,-3,3,1848,1862,17,13,0,1,17,14,20,100,92
3537,Oct 11 1995,European Championship qual in Romania,Romania,France,1906,1914,1,3,-38,38,1868,1952,16,5,-4,1,12,6,40,100,92
3538,Oct 11 1995,European Championship qual in Russia,Russia,Greece,1891,1597,2,1,4,-4,1895,1593,6,53,2,0,8,53,40,100,394
3539,Oct 11 1995,European Championship qual in San Marino,San Marino,Faroe Islands,985,1171,1,3,-23,23,962,1194,193,147,-1,7,192,154,40,100,-86
3540,Oct 11 1995,European Championship qual in Slovakia,Slovakia,Poland,1679,1762,4,1,33,-33,1712,1729,29,31,2,-1,31,30,40,100,17
3541,Oct 11 1995,European Championship qual in Slovenia,Slovenia,Ukraine,1566,1603,3,2,16,-16,1582,1587,57,65,3,-7,60,58,40,100,63
3542,Oct 11 1995,Friendly in Sweden,Sweden,Scotland,1849,1792,2,0,9,-9,1858,1783,12,25,3,-1,15,24,20,100,157
3543,Oct 11 1995,European Championship qual in Switzerland,Switzerland,Hungary,1830,1599,3,0,9,-9,1839,1590,19,60,1,-4,20,56,40,100,331
3544,Oct 11 1995,European Championship qual in Wales,Wales,Germany,1635,2021,1,2,-6,6,1629,2027,48,2,-2,0,46,2,40,100,-286
3545,Oct 18 1995,Friendly in Jamaica,Jamaica,Honduras,1490,1536,1,0,8,-8,1498,1528,74,75,5,-2,79,73,20,100,54
3546,Oct 20 1995,Friendly tournament in the Cayman Islands,Jamaica,Trinidad and Tobago,1498,1553,1,0,17,-17,1515,1536,73,73,3,-3,76,70,30,0,-55
3547,Oct 21 1995,Friendly in Mali,Mali,Algeria,1387,1564,0,2,-12,12,1375,1576,118,62,-3,1,115,63,20,100,-77
3548,Oct 21 1995,Afro-Asian Cup in Uzbekistan,Uzbekistan,Nigeria,1772,1775,2,3,-32,32,1740,1807,31,21,-2,2,29,23,50,100,97
3549,Oct 22 1995,Friendly tournament in the Cayman Islands,Cayman Islands,Jamaica,1082,1515,1,5,-7,7,1075,1522,176,72,0,2,176,74,30,100,-333
3550,Oct 22 1995,Friendly in Gabon,Gabon,Sierra Leone,1464,1517,1,0,9,-9,1473,1508,82,82,3,-4,85,78,20,100,47
3551,Oct 22 1995,N Am Ch & UNCAF Cup q in Panama,Panama,Nicaragua,1300,961,2,0,4,-4,1304,957,123,193,4,0,127,193,20,0,339
3552,Oct 24 1995,Friendly tournament in the Cayman Islands,Cayman Islands,Trinidad and Tobago,1075,1536,0,7,-8,8,1067,1544,180,68,-2,1,178,69,30,100,-361
3553,Oct 24 1995,Friendly in Japan,Japan,Saudi Arabia,1615,1588,2,1,6,-6,1621,1582,48,61,1,-2,49,59,20,100,127
3554,Oct 25 1995,Friendly in Bolivia,Bolivia,Ecuador,1669,1667,2,2,-3,3,1666,1670,40,34,-2,2,38,36,20,100,102
3555,Oct 26 1995,Friendly in China,China,Colombia,1594,1863,2,1,15,-15,1609,1848,51,19,0,-3,51,16,20,100,-169
3556,Oct 26 1995,Friendly tournament in Myanmar,Myanmar,Bangladesh,1176,1028,4,0,11,-11,1187,1017,152,192,4,-4,156,188,20,0,148
3557,Oct 27 1995,Friendly in Burkina Faso,Burkina Faso,Tunisia,1447,1556,2,2,0,0,1447,1556,92,65,0,0,92,65,20,100,-9
3558,Oct 28 1995,Friendly in Japan,Japan,Saudi Arabia,1621,1582,2,1,6,-6,1627,1576,45,65,2,-3,47,62,20,100,139
3559,Oct 29 1995,Friendly tournament in Myanmar,Myanmar,Sri Lanka,1187,937,2,0,5,-5,1192,932,156,194,0,0,156,194,30,100,350
3560,Oct 29 1995,N Am Ch & UNCAF Cup q in Nicaragua,Nicaragua,Panama,957,1304,0,5,-16,16,941,1320,193,121,0,3,193,124,40,100,-247
3561,Oct 31 1995,Friendly in South Korea,South Korea,Saudi Arabia,1633,1576,1,1,-4,4,1629,1580,45,60,0,1,45,61,20,100,157
3562,Nov 1 1995,Friendly tournament in Myanmar,Bangladesh,Sri Lanka,1017,932,1,0,11,-11,1028,921,180,196,4,-1,184,195,30,0,85
3563,Nov 2 1995,Friendly in Zambia,Zambia,Jamaica,1625,1522,1,0,5,-5,1630,1517,41,74,4,0,45,74,20,100,203
3564,Nov 3 1995,Friendly tournament in Tunisia,Algeria,Mauritania,1576,1175,4,0,5,-5,1581,1170,57,161,3,0,60,161,30,0,401
3565,Nov 4 1995,Friendly tournament in Myanmar,Myanmar,Bangladesh,1192,1028,1,2,-25,25,1167,1053,166,178,-5,3,161,181,30,100,264
3566,Nov 5 1995,Friendly tournament in Tunisia,Tunisia,Algeria,1556,1581,2,0,18,-18,1574,1563,61,70,2,-5,63,65,30,100,75
3567,Nov 5 1995,Friendly in Zambia,Zambia,Jamaica,1630,1517,4,2,7,-7,1637,1510,43,80,1,-3,44,77,20,100,213
3568,Nov 7 1995,Friendly tournament in Tunisia,Tunisia,Mauritania,1574,1170,2,1,2,-2,1576,1168,63,160,0,0,63,160,20,0,404
3569,Nov 8 1995,Friendly tournament in Argentina,Argentina,Brazil,1851,2098,0,1,-9,9,1842,2107,21,1,-3,0,18,1,30,100,-147
3570,Nov 10 1995,Oce Cup & Trans-Tasman Cup in New Zealand,New Zealand,Australia,1494,1707,0,0,8,-8,1502,1699,74,34,5,-1,79,33,30,0,-213
3571,Nov 10 1995,Afro-Asian Cup in Nigeria,Nigeria,Uzbekistan,1807,1740,1,0,14,-14,1821,1726,23,31,0,-1,23,30,50,100,167
3572,Nov 11 1995,European Championship qual in Hungary,Hungary,Iceland,1590,1591,1,0,14,-14,1604,1577,48,69,4,-7,52,62,40,100,99
3573,Nov 11 1995,European Championship qual in Italy,Italy,Ukraine,1983,1587,3,1,3,-3,1986,1584,3,57,0,0,3,57,20,0,396
3574,Nov 12 1995,Friendly in El Salvador,El Salvador,Yugoslavia,1512,1919,1,4,-5,5,1507,1924,79,7,-2,0,77,7,20,100,-307
3575,Nov 12 1995,Friendly in Ghana,Ghana,Sierra Leone,1646,1508,2,0,6,-6,1652,1502,37,78,3,0,40,78,20,100,238
3576,Nov 12 1995,European Championship qual in Malta,Malta,Belarus,1353,1430,0,2,-32,32,1321,1462,125,78,-3,11,122,89,40,100,23
3577,Nov 15 1995,European Championship qual in Albania,Albania,Wales,1425,1629,1,1,6,-6,1431,1623,101,52,0,-3,101,49,40,100,-104
3578,Nov 15 1995,Oce Cup & Trans-Tasman Cup in Australia,Australia,New Zealand,1699,1502,3,0,13,-13,1712,1489,29,90,2,-6,31,84,30,0,197
3579,Nov 15 1995,European Championship qual in Turkey,Azerbaijan,Poland,1439,1729,0,0,14,-14,1453,1715,89,31,3,-1,92,30,40,0,-290
3580,Nov 15 1995,European Championship qual in Cyprus,Cyprus,Belgium,1382,1791,1,1,14,-14,1396,1777,106,26,3,-1,109,25,40,100,-309
3581,Nov 15 1995,European Championship qual in Czechia,Czechia,Luxembourg,1892,1255,3,0,1,-1,1893,1254,11,143,-1,-1,10,142,20,0,637
3582,Nov 15 1995,European Championship qual in Denmark,Denmark,Armenia,1969,1282,3,1,1,-1,1970,1281,5,137,0,0,5,137,20,0,687
3583,Nov 15 1995,Friendly in England,England,Switzerland,1862,1839,3,1,10,-10,1872,1829,13,20,0,0,13,20,20,100,123
3584,Nov 15 1995,European Championship qual in France,France,Israel,1952,1648,2,0,5,-5,1957,1643,6,44,0,-1,6,43,40,100,404
3585,Nov 15 1995,European Championship qual in Germany,Germany,Bulgaria,2027,1845,3,1,10,-10,2037,1835,2,21,0,-2,2,19,40,100,282
3586,Nov 15 1995,European Championship qual in Greece,Greece,Faroe Islands,1593,1194,5,0,4,-4,1597,1190,52,156,1,-1,53,155,20,0,399
3587,Nov 15 1995,European Championship qual in Italy,Italy,Lithuania,1986,1435,4,0,2,-2,1988,1433,3,98,0,0,3,98,20,0,551
3588,Nov 15 1995,Friendly in Mexico,Mexico,Yugoslavia,1831,1924,1,4,-18,18,1813,1942,24,7,-1,0,23,7,20,100,7
3589,Nov 15 1995,European Championship qual in Moldova,Moldova,Georgia,1439,1669,3,2,27,-27,1466,1642,83,51,6,-7,89,44,40,100,-130
3590,Nov 15 1995,Friendly in Morocco,Morocco,Mali,1581,1375,2,0,4,-4,1585,1371,55,115,2,0,57,115,20,100,306
3591,Nov 15 1995,European Championship qual in the Netherlands,Netherlands,Norway,1875,1848,3,0,23,-23,1898,1825,8,27,1,-6,9,21,40,100,127
3592,Nov 15 1995,European Championship qual in Northern Ireland,Northern Ireland,Austria,1626,1680,5,3,26,-26,1652,1654,29,41,10,-3,39,38,30,0,-54
3593,Nov 15 1995,European Championship qual in Portugal,Portugal,Ireland,1841,1774,3,0,19,-19,1860,1755,9,30,5,-2,14,28,40,100,167
3594,Nov 15 1995,European Championship qual in Russia,Russia,Finland,1895,1533,3,1,4,-4,1899,1529,8,71,0,0,8,71,40,100,462
3595,Nov 15 1995,European Championship qual in Scotland,Scotland,San Marino,1783,962,5,0,0,0,1783,962,23,192,1,0,24,192,20,0,821
3596,Nov 15 1995,European Championship qual in Slovakia,Slovakia,Romania,1712,1868,0,2,-25,25,1687,1893,35,8,-2,2,33,10,40,100,-56
3597,Nov 15 1995,European Championship qual in Slovenia,Slovenia,Croatia,1582,1873,1,2,-10,10,1572,1883,68,13,-5,-1,63,12,40,100,-191
3598,Nov 15 1995,European Championship qual in Spain,Spain,Macedonia,1983,1542,3,0,3,-3,1986,1539,4,70,0,0,4,70,20,0,441
3599,Nov 15 1995,European Championship qual in Sweden,Sweden,Turkey,1858,1748,2,2,-11,11,1847,1759,18,26,-2,1,16,27,40,100,210
3600,Nov 17 1995,Amilcar Cabral Cup in Mauritania,Cape Verde,Mali,1299,1371,1,0,24,-24,1323,1347,109,121,12,-3,121,118,40,0,-72
3601,Nov 17 1995,Amilcar Cabral Cup in Mauritania,Mauritania,Gambia,1168,1323,2,1,23,-23,1191,1300,150,141,5,-10,155,131,40,100,-55
3602,Nov 17 1995,Oceania Nations Cup in the Solomon Islands,Solomon Islands,Tahiti,1304,1555,0,1,-15,15,1289,1570,140,62,-6,2,134,64,50,100,-151
3603,Nov 18 1995,Amilcar Cabral Cup in Mauritania,Guinea-Bissau,Senegal,1218,1461,2,1,32,-32,1250,1429,137,111,6,-10,143,101,40,0,-243
3604,Nov 18 1995,Amilcar Cabral Cup in Mauritania,Sierra Leone,Guinea,1502,1402,2,0,22,-22,1524,1380,70,118,4,-6,74,112,40,0,100
3605,Nov 19 1995,Windward Islands Champ in Dominica,Dominica,Saint Lucia,1158,1271,2,1,16,-16,1174,1255,159,142,2,-2,161,140,30,100,-13
3606,Nov 19 1995,Amilcar Cabral Cup in Mauritania,Mali,Gambia,1347,1300,1,0,17,-17,1364,1283,114,139,2,-4,116,135,40,0,47
3607,Nov 19 1995,Amilcar Cabral Cup in Mauritania,Mauritania,Cape Verde,1191,1323,1,1,2,-2,1193,1321,155,121,0,0,155,121,40,100,-32
3608,Nov 19 1995,Windward Islands Champ in Dominica,St Vincent & Grenadines,Barbados,1327,1295,2,0,20,-20,1347,1275,118,141,1,-4,119,137,30,0,32
3609,Nov 20 1995,Amilcar Cabral Cup in Mauritania,Senegal,Guinea,1429,1380,3,0,30,-30,1459,1350,81,124,10,-6,91,118,40,0,49
3610,Nov 20 1995,Amilcar Cabral Cup in Mauritania,Sierra Leone,Guinea-Bissau,1524,1250,2,0,10,-10,1534,1240,68,145,3,-1,71,144,40,0,274
3611,Nov 21 1995,Amilcar Cabral Cup in Mauritania,Gambia,Cape Verde,1283,1321,3,0,39,-39,1322,1282,107,149,14,-14,121,135,40,0,-38
3612,Nov 21 1995,Amilcar Cabral Cup in Mauritania,Mauritania,Mali,1193,1364,3,1,36,-36,1229,1328,141,125,7,-5,148,120,40,100,-71
3613,Nov 22 1995,Simba Cup in South Africa,Egypt,Zimbabwe,1648,1495,2,2,-6,6,1642,1501,44,77,-1,3,43,80,20,100,253
3614,Nov 22 1995,Amilcar Cabral Cup in Mauritania,Guinea-Bissau,Guinea,1240,1350,2,1,26,-26,1266,1324,132,123,6,-3,138,120,40,0,-110
3615,Nov 22 1995,Amilcar Cabral Cup in Mauritania,Senegal,Sierra Leone,1459,1534,1,1,4,-4,1463,1530,89,71,1,0,90,71,40,0,-75
3616,Nov 22 1995,Simba Cup in South Africa,South Africa,Zambia,1664,1637,2,2,-5,5,1659,1642,37,41,0,2,37,43,30,100,127
3617,Nov 23 1995,Windward Islands Champ in Dominica,Grenada,Barbados,1263,1275,1,0,16,-16,1279,1259,134,145,3,-4,137,141,30,0,-12
3618,Nov 23 1995,Windward Islands Champ in Dominica,Saint Lucia,St Vincent & Grenadines,1255,1347,2,1,19,-19,1274,1328,135,119,3,-1,138,118,30,0,-92
3619,Nov 24 1995,Simba Cup in South Africa,South Africa,Egypt,1659,1642,2,0,15,-15,1674,1627,33,51,2,-4,35,47,30,100,117
3620,Nov 24 1995,Simba Cup in South Africa,Zambia,Zimbabwe,1642,1501,1,1,-6,6,1636,1507,45,76,-1,2,44,78,20,100,241
3621,Nov 25 1995,Amilcar Cabral Cup in Mauritania,Mauritania,Guinea-Bissau,1229,1266,1,0,16,-16,1245,1250,142,147,3,-4,145,143,40,100,63
3622,Nov 25 1995,Amilcar Cabral Cup in Mauritania,Sierra Leone,Cape Verde,1530,1282,2,0,12,-12,1542,1270,69,141,1,-3,70,138,40,0,248
3623,Nov 25 1995,CECAFA Cup in Uganda,Uganda,Rwanda,1470,1098,0,0,-18,18,1452,1116,98,163,-6,5,92,168,40,100,472
3624,Nov 26 1995,Friendly tournament in Gabon,Algeria,Ivory Coast,1563,1635,0,0,3,-3,1566,1632,66,45,0,0,66,45,30,0,-72
3625,Nov 26 1995,Simba Cup in South Africa,Egypt,Zambia,1627,1636,3,1,23,-23,1650,1613,35,56,6,-6,41,50,30,0,-9
3626,Nov 26 1995,CECAFA Cup in Uganda,Ethiopia,Tanzania,1304,1397,2,2,5,-5,1309,1392,128,111,0,-2,128,109,40,0,-93
3627,Nov 26 1995,Friendly tournament in Gabon,Gabon,Cameroon,1473,1570,1,2,-15,15,1458,1585,95,50,-5,7,90,57,30,100,3
3628,Nov 26 1995,Friendly in Jamaica,Jamaica,Norway,1510,1825,1,1,6,-6,1516,1819,75,23,1,-1,76,22,20,100,-215
3629,Nov 26 1995,Simba Cup in South Africa,South Africa,Zimbabwe,1674,1507,2,0,8,-8,1682,1499,35,82,0,-2,35,80,20,0,167
3630,Nov 27 1995,Amilcar Cabral Cup in Mauritania,Cape Verde,Guinea-Bissau,1270,1250,1,0,19,-19,1289,1231,126,149,6,-3,132,146,40,0,20
3631,Nov 27 1995,CECAFA Cup in Uganda,Kenya,Zanzibar,1410,1132,2,0,10,-10,1420,1122,103,167,0,0,103,167,40,0,278
3632,Nov 28 1995,Friendly tournament in Gabon,Algeria,Cameroon,1566,1585,4,0,30,-30,1596,1555,42,75,12,-9,54,66,30,0,-19
3633,Nov 28 1995,Windward Islands Champ in Dominica,Dominica,St Vincent & Grenadines,1174,1328,1,0,17,-17,1191,1311,151,132,5,-7,156,125,30,100,-54
3634,Nov 28 1995,Friendly tournament in Gabon,Gabon,Ivory Coast,1458,1632,0,2,-18,18,1440,1650,100,37,-5,4,95,41,30,100,-74
3635,Nov 28 1995,Amilcar Cabral Cup in Mauritania,Mauritania,Sierra Leone,1245,1542,0,0,10,-10,1255,1532,138,72,3,-1,141,71,30,0,-297
3636,Nov 29 1995,Friendly in the United States,Colombia,Mexico,1848,1813,2,2,-1,1,1847,1814,15,21,0,1,15,22,20,0,35
3637,Nov 29 1995,N Am Ch q & UNCAF Cup in El Salvador,El Salvador,Belize,1507,1113,3,0,4,-4,1511,1109,76,167,1,1,77,168,40,100,494
3638,Nov 29 1995,N Am Ch q & UNCAF Cup in El Salvador,Honduras,Panama,1528,1320,2,0,14,-14,1542,1306,66,133,4,-5,70,128,40,0,208
3639,Nov 29 1995,Friendly in Trinidad and Tobago,Trinidad and Tobago,Norway,1544,1819,3,2,15,-15,1559,1804,63,24,3,-1,66,23,20,100,-175
3640,Nov 29 1995,Friendly in Tunisia,Tunisia,Burkina Faso,1576,1447,3,0,7,-7,1583,1440,57,94,3,0,60,94,20,100,229
3641,Nov 29 1995,CECAFA Cup in Uganda,Zanzibar,Rwanda,1122,1116,2,1,20,-20,1142,1096,165,178,1,-5,166,173,40,0,6
3642,Nov 30 1995,Friendly in Albania,Albania,Bosnia and Herzegovina,1431,1620,2,0,19,-19,1450,1601,87,55,7,-3,94,52,20,100,-89
3643,Nov 30 1995,Friendly tournament in Gabon,Gabon,Algeria,1440,1596,2,1,17,-17,1457,1579,86,68,4,-7,90,61,30,100,-56
3644,Nov 30 1995,Friendly tournament in Gabon,Ivory Coast,Cameroon,1650,1555,2,1,11,-11,1661,1544,35,71,3,-2,38,69,30,0,95
3645,Nov 30 1995,CECAFA Cup in Uganda,Kenya,Rwanda,1420,1096,1,0,5,-5,1425,1091,99,173,2,0,101,173,40,0,324
3646,Nov 30 1995,CECAFA Cup in Uganda,Uganda,Zanzibar,1452,1142,0,1,-37,37,1415,1179,115,156,-12,5,103,161,40,100,410
3647,Dec 1 1995,N Am Ch q & UNCAF Cup in El Salvador,Costa Rica,Belize,1594,1109,2,1,2,-2,1596,1107,54,168,0,0,54,168,30,0,485
3648,Dec 1 1995,N Am Ch q & UNCAF Cup in El Salvador,Guatemala,Panama,1468,1306,1,0,11,-11,1479,1295,84,134,1,-3,85,131,40,0,162
3649,Dec 1 1995,CECAFA Cup in Uganda,Tanzania,Somalia,1392,1181,7,0,21,-21,1413,1160,99,167,5,-4,104,163,40,0,211
3650,Dec 2 1995,Friendly tournament in Gabon,Algeria,Ivory Coast,1579,1661,0,0,3,-3,1582,1658,59,38,1,0,60,38,30,0,-82
3651,Dec 2 1995,Friendly tournament in Gabon,Gabon,Cameroon,1457,1544,0,0,-1,1,1456,1545,90,69,0,0,90,69,30,100,13
3652,Dec 2 1995,CECAFA Cup in Uganda,Uganda,Kenya,1415,1425,0,0,-5,5,1410,1430,105,101,-1,0,104,101,40,100,90
3653,Dec 3 1995,Friendly in Antigua and Barbuda,Antigua and Barbuda,Jamaica,1155,1516,1,2,-4,4,1151,1520,165,76,0,0,165,76,20,100,-261
3654,Dec 3 1995,N Am Ch q & UNCAF Cup in El Salvador,El Salvador,Costa Rica,1511,1596,2,1,19,-19,1530,1577,69,70,4,-8,73,62,30,0,-85
3655,Dec 3 1995,Windward Islands Champ in Dominica,Grenada,St Vincent & Grenadines,1279,1311,1,0,16,-16,1295,1295,123,136,7,-6,130,130,30,0,-32
3656,Dec 3 1995,N Am Ch q & UNCAF Cup in El Salvador,Honduras,Guatemala,1542,1479,2,0,25,-25,1567,1454,62,95,4,-5,66,90,40,0,63
3657,Dec 4 1995,Southeast Asian Games in Thailand,Brunei,Singapore,860,1284,2,2,17,-17,877,1267,196,140,4,-2,200,138,40,0,-424
3658,Dec 4 1995,CECAFA Cup in Uganda,Ethiopia,Somalia,1309,1160,5,0,24,-24,1333,1136,110,173,8,-5,118,168,40,0,149
3659,Dec 4 1995,Southeast Asian Games in Thailand,Myanmar,Philippines,1167,816,4,1,8,-8,1175,808,160,206,1,0,161,206,40,0,351
3660,Dec 4 1995,Southeast Asian Games in Thailand,Thailand,Indonesia,1359,1178,2,1,7,-7,1366,1171,115,163,0,-1,115,162,40,100,281
3661,Dec 4 1995,Southeast Asian Games in Thailand,Vietnam,Malaysia,1105,1255,2,0,42,-42,1147,1213,163,161,3,-10,166,151,40,0,-150
3662,Dec 6 1995,CECAFA Cup in Uganda,Ethiopia,Zanzibar,1333,1179,1,1,-8,8,1325,1187,120,158,-1,1,119,159,40,0,154
3663,Dec 6 1995,Southeast Asian Games in Thailand,Indonesia,Cambodia,1171,1302,10,0,71,-71,1242,1231,124,163,19,-18,143,145,40,0,-131
3664,Dec 6 1995,Southeast Asian Games in Thailand,Laos,Philippines,917,808,1,0,14,-14,931,794,192,206,2,0,194,206,40,0,109
3665,Dec 6 1995,Friendly in Mexico,Mexico,Slovenia,1814,1572,1,2,-18,18,1796,1590,24,46,-1,9,23,55,20,100,342
3666,Dec 6 1995,Southeast Asian Games in Thailand,Singapore,Myanmar,1267,1175,4,2,22,-22,1289,1153,126,165,6,-2,132,163,40,0,92
3667,Dec 6 1995,Friendly in Saint Kitts and Nevis,Saint Kitts and Nevis,Jamaica,1151,1520,0,3,-6,6,1145,1526,168,76,-2,0,166,76,20,100,-269
3668,Dec 6 1995,Southeast Asian Games in Thailand,Thailand,Malaysia,1366,1213,0,0,-12,12,1354,1225,117,151,-1,0,116,151,40,100,253
3669,Dec 7 1995,N Am Ch q & UNCAF Cup in El Salvador,Costa Rica,Honduras,1577,1567,1,1,-1,1,1576,1568,65,66,-1,0,64,66,40,0,10
3670,Dec 7 1995,N Am Ch q & UNCAF Cup in El Salvador,El Salvador,Guatemala,1530,1454,0,1,-29,29,1501,1483,85,80,-6,5,79,85,40,100,176
3671,Dec 8 1995,Southeast Asian Games in Thailand,Indonesia,Malaysia,1242,1225,3,0,33,-33,1275,1192,131,161,6,-5,137,156,40,0,17
3672,Dec 8 1995,Southeast Asian Games in Thailand,Laos,Brunei,931,877,3,0,30,-30,961,847,192,208,1,-4,193,204,40,0,54
3673,Dec 8 1995,Southeast Asian Games in Thailand,Singapore,Philippines,1289,794,4,0,4,-4,1293,790,132,206,0,0,132,206,40,0,495
3674,Dec 8 1995,Southeast Asian Games in Thailand,Vietnam,Cambodia,1147,1231,4,0,46,-46,1193,1185,145,177,10,-16,155,161,40,0,-84
3675,Dec 9 1995,Friendly in Ivory Coast,Ivory Coast,Mali,1658,1328,2,1,2,-2,1660,1326,38,118,0,0,38,118,20,100,430
3676,Dec 9 1995,CECAFA Cup in Uganda,Kenya,Ethiopia,1430,1325,2,1,14,-14,1444,1311,89,129,6,-5,95,124,40,0,105
3677,Dec 10 1995,N Am Ch q & UNCAF Cup in El Salvador,El Salvador,Costa Rica,1501,1576,2,1,19,-19,1520,1557,73,70,3,-3,76,67,40,100,25
3678,Dec 10 1995,UNCAF Nations Cup in El Salvador,Honduras,Guatemala,1568,1483,3,0,27,-27,1595,1456,42,93,12,-4,54,89,40,0,85
3679,Dec 10 1995,Southeast Asian Games in Thailand,Laos,Singapore,961,1293,0,0,15,-15,976,1278,189,140,2,-4,191,136,40,0,-332
3680,Dec 10 1995,Southeast Asian Games in Thailand,Malaysia,Cambodia,1192,1185,9,0,49,-49,1241,1136,132,173,12,-6,144,167,40,0,7
3681,Dec 10 1995,Southeast Asian Games in Thailand,Myanmar,Brunei,1153,847,2,0,9,-9,1162,838,160,204,2,0,162,204,40,0,306
3682,Dec 10 1995,Southeast Asian Games in Thailand,Thailand,Vietnam,1354,1193,3,1,11,-11,1365,1182,114,165,1,-5,115,160,40,100,261
3683,Dec 12 1995,Friendly in England,England,Portugal,1872,1860,1,1,-3,3,1869,1863,13,14,0,0,13,14,20,100,112
3684,Dec 12 1995,Southeast Asian Games in Thailand,Myanmar,Laos,1162,976,1,0,10,-10,1172,966,162,191,0,0,162,191,40,0,186
3685,Dec 12 1995,Southeast Asian Games in Thailand,Philippines,Brunei,790,838,1,0,23,-23,813,815,206,206,0,-1,206,205,40,0,-48
3686,Dec 12 1995,Southeast Asian Games in Thailand,Thailand,Cambodia,1365,1136,9,0,13,-13,1378,1123,109,169,3,-1,112,168,40,100,329
3687,Dec 12 1995,Southeast Asian Games in Thailand,Vietnam,Indonesia,1182,1275,1,0,25,-25,1207,1250,144,147,8,-5,152,142,40,0,-93
3688,Dec 12 1995,Friendly in Zaire,Zaire,Congo,1547,1356,2,2,-7,7,1540,1363,72,116,-2,0,70,116,20,100,291
3689,Dec 13 1995,Friendly in Kuwait,Kuwait,Czechia,1496,1893,1,2,-3,3,1493,1896,83,10,0,0,83,10,20,100,-297
3690,Dec 13 1995,European Championship qual in England,Netherlands,Ireland,1898,1755,2,0,18,-18,1916,1737,7,28,1,0,8,28,40,0,143
3691,Dec 14 1995,Southeast Asian Games in Thailand,Thailand,Singapore,1378,1278,1,0,10,-10,1388,1268,112,138,0,-1,112,137,40,100,200
3692,Dec 14 1995,Southeast Asian Games in Thailand,Vietnam,Myanmar,1207,1172,2,1,18,-18,1225,1154,150,164,1,-1,151,163,40,0,35
3693,Dec 15 1995,Friendly in South Africa,South Africa,Germany,1682,2037,0,0,6,-6,1688,2031,31,2,2,0,33,2,20,100,-255
3694,Dec 16 1995,Southeast Asian Games in Thailand,Singapore,Myanmar,1268,1154,1,0,14,-14,1282,1140,133,167,2,-2,135,165,40,0,114
3695,Dec 16 1995,Southeast Asian Games in Thailand,Thailand,Vietnam,1388,1225,4,0,14,-14,1402,1211,102,153,5,-1,107,152,40,100,263
3696,Dec 17 1995,Friendly in Sierra Leone,Sierra Leone,Liberia,1532,1403,1,0,4,-4,1536,1399,72,110,0,-2,72,108,20,100,229
3697,Dec 19 1995,South Asian Games in India,Nepal,Maldives,883,769,1,0,14,-14,897,755,195,207,2,0,197,207,40,0,114
3698,Dec 20 1995,Friendly in Brazil,Brazil,Colombia,2107,1847,3,1,3,-3,2110,1844,1,17,0,-1,1,16,20,100,360
3699,Dec 20 1995,Friendly in Jamaica,Jamaica,Mexico,1526,1796,2,1,15,-15,1541,1781,65,25,5,-1,70,24,20,100,-170
3700,Dec 21 1995,Friendly in Argentina,Argentina,Venezuela,1842,1334,6,0,1,-1,1843,1333,17,117,0,0,17,117,20,100,608
3701,Dec 21 1995,South Asian Games in India,Bangladesh,Maldives,1053,755,0,0,-14,14,1039,769,183,207,-1,0,182,207,40,0,298
3702,Dec 22 1995,Friendly in Burkina Faso,Burkina Faso,Gabon,1440,1456,2,5,-22,22,1418,1478,108,81,-6,4,102,85,20,100,84
3703,Dec 23 1995,South Asian Games in India,Bangladesh,Nepal,1039,897,2,1,12,-12,1051,885,180,201,1,-2,181,199,40,0,142
3704,Dec 23 1995,South Asian Games in India,India,Sri Lanka,1064,921,1,0,8,-8,1072,913,177,196,1,0,178,196,40,100,243
3705,Dec 23 1995,Friendly in Zambia,Zambia,Tunisia,1613,1583,2,0,10,-10,1623,1573,47,68,1,-4,48,64,20,100,130
3706,Dec 24 1995,Friendly in Cameroon,Cameroon,Liberia,1545,1399,1,0,4,-4,1549,1395,67,110,1,-1,68,109,20,100,246
3707,Dec 25 1995,South Asian Games in India,Bangladesh,Sri Lanka,1051,913,0,0,-8,8,1043,921,183,196,-1,0,182,196,40,0,138
3708,Dec 25 1995,South Asian Games in India,India,Nepal,1072,885,3,0,11,-11,1083,874,174,199,2,0,176,199,40,100,287
3709,Dec 27 1995,South Asian Games in India,India,Bangladesh,1083,1043,1,0,12,-12,1095,1031,170,186,3,-2,173,184,40,100,140
3710,Dec 27 1995,Friendly in Kuwait,Kuwait,Kazakhstan,1493,1592,0,0,0,0,1493,1592,83,55,0,0,83,55,20,100,1
3711,Dec 27 1995,Friendly in Mali,Mali,Gabon,1326,1478,1,2,-9,9,1317,1487,126,85,-4,0,122,85,20,100,-52
3712,Dec 27 1995,South Asian Games in India,Nepal,Sri Lanka,874,921,0,0,3,-3,877,918,199,196,0,0,199,196,40,0,-47
3713,Dec 29 1995,Friendly in Egypt,Egypt,Ghana,1650,1652,1,2,-13,13,1637,1665,48,36,-3,2,45,38,20,100,98
3714,Dec 29 1995,Friendly in Saudi Arabia,Saudi Arabia,Kazakhstan,1580,1592,3,0,13,-13,1593,1579,49,67,6,-6,55,61,20,100,88
3715,1996,Friendly in Fiji,Fiji,New Caledonia,1406,1216,1,0,3,-3,1409,1213,99,155,3,-2,102,153,20,100,290
3716,1996,Friendly in Fiji,Fiji,New Caledonia,1409,1213,4,0,6,-6,1415,1207,99,155,3,-2,102,153,20,100,296
3717,1996,Friendly in Fiji,Fiji,New Caledonia,1415,1207,5,1,5,-5,1420,1202,99,155,3,-2,102,153,20,100,308
3718,1996,Friendly in Syria,Syria,Bahrain,1440,1436,2,1,7,-7,1447,1429,94,103,1,-3,95,100,20,100,104
3719,Jan 3 1996,Friendly in Lebanon,Lebanon,Kazakhstan,1265,1579,2,1,15,-15,1280,1564,136,67,1,-3,137,64,20,100,-214
3720,Jan 3 1996,Friendly in Morocco,Morocco,Tunisia,1585,1573,3,1,10,-10,1595,1563,50,66,4,-1,54,65,20,100,112
3721,Jan 5 1996,Friendly in Saudi Arabia,Saudi Arabia,Ghana,1593,1665,1,1,-1,1,1592,1666,56,36,0,1,56,37,20,100,28
3722,Jan 5 1996,Friendly in Trinidad and Tobago,Trinidad and Tobago,Venezuela,1559,1333,0,0,-7,7,1552,1340,68,117,-1,0,67,117,20,100,326
3723,Jan 6 1996,Friendly in Sierra Leone,Sierra Leone,Liberia,1536,1395,2,1,4,-4,1540,1391,69,111,2,-1,71,110,20,100,241
3724,Jan 7 1996,Friendly in Mozambique,Mozambique,Algeria,1400,1582,1,0,12,-12,1412,1570,103,64,2,-2,105,62,20,100,-82
3725,Jan 7 1996,Friendly in Trinidad and Tobago,Trinidad and Tobago,Venezuela,1552,1340,0,0,-7,7,1545,1347,71,117,-2,0,69,117,20,100,312
3726,Jan 7 1996,Friendly in Zimbabwe,Zimbabwe,Gabon,1499,1487,1,2,-13,13,1486,1500,90,75,-5,5,85,80,20,100,112
3727,Jan 8 1996,Friendly in Egypt,Egypt,Tunisia,1637,1563,2,1,5,-5,1642,1558,43,65,1,0,44,65,20,100,174
3728,Jan 9 1996,Friendly in Zimbabwe,Zimbabwe,Ghana,1486,1666,1,1,2,-2,1488,1664,85,39,0,-1,85,38,20,100,-80
3729,Jan 10 1996,CONCACAF Championship in the United States,Canada,Honduras,1586,1595,3,1,38,-38,1624,1557,38,76,10,-11,48,65,50,0,-9
3730,Jan 10 1996,CONCACAF Championship in the United States,El Salvador,Trinidad and Tobago,1520,1545,3,2,27,-27,1547,1518,60,83,8,-7,68,76,50,0,-25
3731,Jan 11 1996,CONCACAF Championship in the United States,Mexico,St Vincent & Grenadines,1781,1295,5,0,6,-6,1787,1289,22,133,1,-2,23,131,50,0,486
3732,Jan 11 1996,Friendly in Mozambique,Mozambique,Gabon,1412,1500,1,0,10,-10,1422,1490,97,86,4,-3,101,83,20,100,12
3733,Jan 12 1996,CONCACAF Championship in the United States,Brazil,Canada,2110,1624,4,1,5,-5,2115,1619,1,52,0,-2,1,50,50,0,486
3734,Jan 13 1996,African Nations Cup in South Africa,South Africa,Cameroon,1688,1549,3,0,18,-18,1706,1531,33,79,0,-6,33,73,50,100,239
3735,Jan 13 1996,CONCACAF Championship in the United States,United States,Trinidad and Tobago,1707,1518,3,2,8,-8,1715,1510,28,80,2,-2,30,78,30,0,189
3736,Jan 14 1996,African Nations Cup in South Africa,Algeria,Zambia,1570,1623,0,0,4,-4,1574,1619,61,50,0,-1,61,49,50,0,-53
3737,Jan 14 1996,CONCACAF Championship in the United States,Brazil,Honduras,2115,1557,5,0,4,-4,2119,1553,1,67,0,-1,1,66,50,0,558
3738,Jan 14 1996,African Nations Cup in South Africa,Ghana,Ivory Coast,1664,1660,2,0,37,-37,1701,1623,30,55,4,-8,34,47,50,0,4
3739,Jan 14 1996,Friendly in Jamaica,Jamaica,Cuba,1541,1517,1,1,-3,3,1538,1520,75,76,-3,0,72,76,20,100,124
3740,Jan 14 1996,CONCACAF Championship in the United States,Mexico,Guatemala,1787,1456,1,0,6,-6,1793,1450,23,96,0,-3,23,93,50,0,331
3741,Jan 15 1996,African Nations Cup in South Africa,Egypt,Angola,1642,1451,2,1,12,-12,1654,1439,35,101,4,-5,39,96,50,0,191
3742,Jan 15 1996,African Nations Cup in South Africa,Sierra Leone,Burkina Faso,1540,1418,2,1,17,-17,1557,1401,61,110,4,-3,65,107,50,0,122
3743,Jan 16 1996,CONCACAF Championship in the United States,Guatemala,St Vincent & Grenadines,1450,1289,3,0,25,-25,1475,1264,78,145,7,-7,85,138,50,0,161
3744,Jan 16 1996,Friendly in Lebanon,Lebanon,Cyprus,1280,1396,1,0,10,-10,1290,1386,125,116,6,-4,131,112,20,100,-16
3745,Jan 16 1996,African Nations Cup in South Africa,Liberia,Gabon,1391,1490,2,1,32,-32,1423,1458,94,97,8,-7,102,90,50,0,-99
3746,Jan 16 1996,African Nations Cup in South Africa,Mozambique,Tunisia,1422,1558,1,1,9,-9,1431,1549,99,70,1,-3,100,67,50,0,-136
3747,Jan 16 1996,CONCACAF Championship in the United States,United States,El Salvador,1715,1547,2,0,13,-13,1728,1534,28,76,1,-4,29,72,50,100,268
3748,Jan 17 1996,Friendly in France,Morocco,Armenia,1595,1281,6,0,6,-6,1601,1275,51,136,2,0,53,136,20,0,314
3749,Jan 18 1996,African Nations Cup in South Africa,Algeria,Sierra Leone,1574,1557,2,0,36,-36,1610,1521,41,86,10,-11,51,75,50,0,17
3750,Jan 18 1996,African Nations Cup in South Africa,Cameroon,Egypt,1531,1654,2,1,33,-33,1564,1621,53,57,10,-9,63,48,50,0,-123
3751,Jan 18 1996,CONCACAF Championship in the United States,United States,Brazil,1728,2119,0,1,-8,8,1720,2127,31,1,-1,0,30,1,50,100,-291
3752,Jan 19 1996,African Nations Cup in South Africa,Gabon,Zaire,1458,1540,2,0,46,-46,1504,1494,66,95,12,-13,78,82,50,0,-82
3753,Jan 19 1996,African Nations Cup in South Africa,Ghana,Tunisia,1701,1549,2,1,15,-15,1716,1534,28,73,3,-3,31,70,50,0,152
3754,Jan 19 1996,CONCACAF Championship in the United States,Mexico,Guatemala,1793,1475,1,0,7,-7,1800,1468,23,89,0,-2,23,87,50,0,318
3755,Jan 20 1996,African Nations Cup in South Africa,South Africa,Angola,1706,1439,1,0,5,-5,1711,1434,34,96,0,0,34,96,30,0,267
3756,Jan 20 1996,African Nations Cup in South Africa,Zambia,Burkina Faso,1619,1401,5,1,21,-21,1640,1380,39,116,5,-4,44,112,50,0,218
3757,Jan 21 1996,African Nations Cup in South Africa,Ivory Coast,Mozambique,1623,1431,1,0,12,-12,1635,1419,43,108,2,-4,45,104,50,0,192
3758,Jan 21 1996,CONCACAF Championship in the United States,Mexico,Brazil,1800,2127,2,0,65,-65,1865,2062,5,1,9,0,14,1,50,0,-327
3759,Jan 21 1996,CONCACAF Championship in the United States,United States,Guatemala,1720,1468,3,0,10,-10,1730,1458,28,93,1,-3,29,90,30,0,252
3760,Jan 24 1996,African Nations Cup in South Africa,Algeria,Burkina Faso,1610,1380,2,1,11,-11,1621,1369,47,116,2,-2,49,114,50,0,230
3761,Jan 24 1996,African Nations Cup in South Africa,Angola,Cameroon,1434,1564,3,3,9,-9,1443,1555,96,67,0,-2,96,65,50,0,-130
3762,Jan 24 1996,Friendly in France,France,Portugal,1957,1863,3,2,5,-5,1962,1858,6,15,0,0,6,15,20,100,194
3763,Jan 24 1996,Friendly in Greece,Greece,Israel,1597,1643,2,1,8,-8,1605,1635,50,48,3,-3,53,45,20,100,54
3764,Jan 24 1996,Friendly in Italy,Italy,Wales,1988,1623,3,0,2,-2,1990,1621,3,50,0,-1,3,49,20,100,465
3765,Jan 24 1996,Asian Cup qualifier in Saudi Arabia,Saudi Arabia,Kyrgyzstan,1592,1194,3,0,4,-4,1596,1190,57,158,0,-1,57,157,40,100,498
3766,Jan 24 1996,African Nations Cup in South Africa,South Africa,Egypt,1711,1621,0,1,-37,37,1674,1658,38,31,-2,9,36,40,50,100,190
3767,Jan 24 1996,African Nations Cup in South Africa,Zambia,Sierra Leone,1640,1521,4,0,31,-31,1671,1490,30,92,7,-9,37,83,50,0,119
3768,Jan 25 1996,African Nations Cup in South Africa,Ghana,Mozambique,1716,1419,2,0,11,-11,1727,1408,29,106,1,-1,30,105,50,0,297
3769,Jan 25 1996,African Nations Cup in South Africa,Tunisia,Ivory Coast,1534,1635,3,1,48,-48,1582,1587,50,71,10,-13,60,58,50,0,-101
3770,Jan 25 1996,African Nations Cup in South Africa,Zaire,Liberia,1494,1423,2,0,30,-30,1524,1393,67,113,7,-6,74,107,50,0,71
3771,Jan 26 1996,Asian Cup qualifier in Saudi Arabia,Yemen,Kyrgyzstan,1196,1190,1,0,20,-20,1216,1170,147,165,4,-4,151,161,40,0,6
3772,Jan 27 1996,African Nations Cup in South Africa,South Africa,Algeria,1674,1621,2,1,15,-15,1689,1606,34,54,1,-3,35,51,50,100,153
3773,Jan 27 1996,African Nations Cup in South Africa,Zambia,Egypt,1671,1658,3,1,36,-36,1707,1622,31,54,3,-7,34,47,50,0,13
3774,Jan 28 1996,African Nations Cup in South Africa,Gabon,Tunisia,1504,1582,1,1,6,-6,1510,1576,76,64,1,-2,77,62,50,0,-78
3775,Jan 28 1996,African Nations Cup in South Africa,Ghana,Zaire,1727,1524,1,0,12,-12,1739,1512,26,76,2,-1,28,75,50,0,203
3776,Jan 28 1996,Asian Cup qualifier in Saudi Arabia,Saudi Arabia,Yemen,1596,1216,4,0,4,-4,1600,1212,56,151,0,0,56,151,20,0,380
3777,Jan 30 1996,Asian Cup qualifier in Hong Kong,China,Macao,1609,1023,7,1,3,-3,1612,1020,50,187,0,-1,50,186,40,0,586
3778,Jan 30 1996,Asian Cup qualifier in Hong Kong,Hong Kong,Philippines,1203,813,8,0,5,-5,1208,808,153,206,0,0,153,206,20,0,390
3779,Jan 31 1996,Asian Cup qualifier in Saudi Arabia,Saudi Arabia,Kyrgyzstan,1600,1170,2,0,3,-3,1603,1167,54,161,1,0,55,161,30,0,430
3780,Jan 31 1996,African Nations Cup in South Africa,South Africa,Ghana,1689,1739,3,0,37,-37,1726,1702,25,40,5,-6,30,34,50,100,50
3781,Jan 31 1996,African Nations Cup in South Africa,Tunisia,Zambia,1576,1707,4,2,51,-51,1627,1656,30,44,16,-5,46,39,50,0,-131
3782,Feb 1 1996,Asian Cup qualifier in Hong Kong,China,Philippines,1612,808,7,0,1,-1,1613,807,51,206,0,0,51,206,30,0,804
3783,Feb 1 1996,Asian Cup qualifier in Hong Kong,Hong Kong,Macao,1208,1020,4,1,11,-11,1219,1009,149,194,2,-4,151,190,40,100,288
3784,Feb 2 1996,Asian Cup qualifier in Saudi Arabia,Kyrgyzstan,Yemen,1167,1212,3,1,34,-34,1201,1178,147,170,7,-9,154,161,40,0,-45
3785,Feb 2 1996,Friendly in Venezuela,Venezuela,Ecuador,1347,1670,0,1,-4,4,1343,1674,117,37,0,0,117,37,20,100,-223
3786,Feb 3 1996,African Nations Cup in South Africa,South Africa,Tunisia,1726,1627,2,0,18,-18,1744,1609,26,56,2,-5,28,51,50,100,199
3787,Feb 3 1996,African Nations Cup in South Africa,Zambia,Ghana,1656,1702,1,0,28,-28,1684,1674,31,40,4,-3,35,37,50,0,-46
3788,Feb 4 1996,Friendly in Bolivia,Bolivia,Chile,1666,1683,1,1,-2,2,1664,1685,39,34,0,1,39,35,20,100,83
3789,Feb 4 1996,Asian Cup qualifier in Hong Kong,Hong Kong,China,1219,1613,0,2,-9,9,1210,1622,153,44,-1,3,152,47,40,100,-294
3790,Feb 4 1996,Asian Cup qualifier in Hong Kong,Macao,Philippines,1009,807,5,1,18,-18,1027,789,180,206,5,0,185,206,40,0,202
3791,Feb 4 1996,Asian Cup qualifier in Saudi Arabia,Saudi Arabia,Yemen,1603,1178,1,0,2,-2,1605,1176,51,161,2,0,53,161,20,0,425
3792,Feb 7 1996,Friendly in Chile,Chile,Mexico,1685,1865,2,1,12,-12,1697,1853,33,16,1,-1,34,15,20,100,-80
3793,Feb 7 1996,Friendly tournament in Malta,Malta,Russia,1321,1899,0,2,-3,3,1318,1902,122,9,-1,0,121,9,30,100,-478
3794,Feb 7 1996,Friendly in Morocco,Morocco,Luxembourg,1601,1254,2,0,2,-2,1603,1252,58,141,-1,0,57,141,20,100,447
3795,Feb 7 1996,Friendly tournament in Malta,Slovenia,Iceland,1590,1577,7,1,31,-31,1621,1546,40,72,9,-5,49,67,30,0,13
3796,Feb 7 1996,Friendly in Spain,Spain,Norway,1986,1804,1,0,3,-3,1989,1801,4,23,0,0,4,23,20,100,282
3797,Feb 9 1996,Friendly tournament in Malta,Malta,Slovenia,1318,1621,0,0,8,-8,1326,1613,115,53,3,-2,118,51,30,100,-203
3798,Feb 9 1996,Friendly tournament in Malta,Russia,Iceland,1902,1546,3,0,6,-6,1908,1540,9,69,0,-1,9,68,30,0,356
3799,Feb 9 1996,King's Cup in Thailand,Thailand,Finland,1402,1529,1,0,16,-16,1418,1513,100,76,3,-2,103,74,30,100,-27
3800,Feb 10 1996,Friendly in Australia,Australia,Japan,1712,1627,1,4,-26,26,1686,1653,37,36,-2,5,35,41,20,100,185
3801,Feb 11 1996,Friendly in Lebanon,Lebanon,Ecuador,1290,1674,1,0,17,-17,1307,1657,123,41,4,-2,127,39,20,100,-284
3802,Feb 11 1996,Friendly tournament in Malta,Malta,Iceland,1326,1540,1,4,-18,18,1308,1558,134,60,-8,4,126,64,30,100,-114
3803,Feb 11 1996,Friendly in Peru,Peru,Bolivia,1578,1664,1,3,-16,16,1562,1680,65,35,-2,2,63,37,20,100,14
3804,Feb 11 1996,Friendly tournament in Malta,Russia,Slovenia,1908,1613,3,1,7,-7,1915,1606,9,53,0,-1,9,52,30,0,295
3805,Feb 14 1996,Friendly in Australia,Australia,Japan,1686,1653,3,0,11,-11,1697,1642,33,45,1,-2,34,43,20,100,133
3806,Feb 14 1996,Friendly in Bolivia,Bolivia,Paraguay,1680,1765,4,1,17,-17,1697,1748,31,28,3,-1,34,27,20,100,15
3807,Feb 14 1996,Friendly in Chile,Chile,Peru,1697,1562,4,0,8,-8,1705,1554,33,69,0,-3,33,66,20,100,235
3808,Feb 14 1996,Friendly in Turkey,Turkey,Belarus,1759,1462,3,2,2,-2,1761,1460,25,89,1,0,26,89,20,100,397
3809,Feb 16 1996,Friendly in Cyprus,Azerbaijan,Estonia,1453,1089,0,0,-8,8,1445,1097,97,171,-3,2,94,173,20,0,364
3810,Feb 16 1996,Friendly in Saudi Arabia,Ecuador,Oman,1657,1287,2,0,3,-3,1660,1284,39,134,0,0,39,134,20,0,370
3811,Feb 16 1996,King's Cup in Thailand,Thailand,Finland,1418,1513,5,2,26,-26,1444,1487,87,96,8,-11,95,85,30,100,5
3812,Feb 18 1996,Friendly in Qatar,Qatar,Ecuador,1421,1660,1,1,4,-4,1425,1656,102,39,0,0,102,39,20,100,-139
3813,Feb 19 1996,Friendly tournament in Hong Kong,Japan,Poland,1642,1715,5,0,36,-36,1678,1679,33,42,5,-5,38,37,30,0,-73
3814,Feb 20 1996,Friendly in Cyprus,Cyprus,Estonia,1386,1097,1,0,2,-2,1388,1095,111,173,0,0,111,173,20,100,389
3815,Feb 21 1996,Friendly in France,France,Greece,1962,1605,3,1,2,-2,1964,1603,6,58,0,-2,6,56,20,100,457
3816,Feb 21 1996,Friendly in Israel,Israel,Lithuania,1635,1433,4,2,4,-4,1639,1429,45,102,0,-2,45,100,20,100,302
3817,Feb 21 1996,Friendly in Portugal,Portugal,Germany,1858,2031,1,2,-8,8,1850,2039,16,2,-1,0,15,2,20,100,-73
3818,Feb 22 1996,Friendly tournament in Hong Kong,Japan,Sweden,1678,1847,1,1,7,-7,1685,1840,34,20,2,-2,36,18,30,0,-169
3819,Feb 23 1996,Friendly in Qatar,Ecuador,Kuwait,1656,1493,3,0,10,-10,1666,1483,40,89,0,-4,40,85,20,0,163
3820,Feb 23 1996,Friendly in Thailand,Thailand,Indonesia,1444,1250,4,1,5,-5,1449,1245,91,144,2,-1,93,143,20,100,294
3821,Feb 24 1996,Friendly in Estonia,Estonia,Faroe Islands,1095,1190,2,2,0,0,1095,1190,173,157,0,0,173,157,20,100,5
3822,Feb 24 1996,Friendly in Kuwait,Kuwait,Oman,1483,1284,1,0,3,-3,1486,1281,85,136,0,-1,85,135,20,100,299
3823,Feb 25 1996,Friendly in Australia,Australia,Sweden,1697,1840,0,2,-13,13,1684,1853,39,10,-3,4,36,14,20,100,-43
3824,Feb 25 1996,Friendly in Qatar,Qatar,Ecuador,1425,1666,1,2,-6,6,1419,1672,104,40,-1,0,103,40,20,100,-141
3825,Feb 27 1996,Friendly in Cyprus,Azerbaijan,Faroe Islands,1445,1190,3,0,7,-7,1452,1183,87,161,4,-2,91,159,20,0,255
3826,Feb 28 1996,Friendly in Australia,Australia,Sweden,1684,1853,0,0,2,-2,1686,1851,34,16,1,-1,35,15,20,100,-69
3827,Feb 28 1996,Friendly in Croatia,Croatia,Poland,1883,1679,2,1,3,-3,1886,1676,12,38,0,0,12,38,20,100,304
3828,Mar 2 1996,Asian Cup qualifier in Malaysia,Malaysia,Indonesia,1241,1245,0,0,-5,5,1236,1250,146,141,-1,1,145,142,40,100,96
3829,Mar 2 1996,Friendly in Oman,Oman,Kuwait,1281,1486,0,3,-12,12,1269,1498,139,73,-2,6,137,79,20,100,-105
3830,Mar 3 1996,Caribbean Cup qualifier in Dominica,Dominica,Saint Lucia,1191,1274,0,1,-21,21,1170,1295,166,124,-5,6,161,130,40,100,17
3831,Mar 3 1996,Friendly in Jamaica,Jamaica,Guatemala,1538,1458,2,0,8,-8,1546,1450,66,94,2,-2,68,92,20,100,180
3832,Mar 4 1996,Asian Cup qualifier in Malaysia,Indonesia,India,1250,1095,7,1,25,-25,1275,1070,130,183,6,-5,136,178,40,0,155
3833,Mar 5 1996,Friendly in Syria,Syria,Kuwait,1447,1498,0,2,-17,17,1430,1515,103,69,-4,5,99,74,20,100,49
3834,Mar 6 1996,Friendly in the United States,Colombia,Honduras,1844,1553,2,1,3,-3,1847,1550,17,67,0,0,17,67,20,0,291
3835,Mar 6 1996,Asian Cup qualifier in Malaysia,Malaysia,India,1236,1070,5,2,12,-12,1248,1058,141,182,2,-2,143,180,40,100,266
3836,Mar 6 1996,Friendly in Trinidad and Tobago,Trinidad and Tobago,Haiti,1510,1310,2,0,5,-5,1515,1305,71,129,3,-2,74,127,20,100,300
3837,Mar 7 1996,Friendly in Bolivia,Bolivia,Peru,1697,1554,2,0,6,-6,1703,1548,33,68,0,-1,33,67,20,100,243
3838,Mar 10 1996,World Cup qualifier in Dominica,Dominica,Antigua and Barbuda,1170,1151,3,3,-7,7,1163,1158,161,163,0,0,161,163,40,100,119
3839,Mar 10 1996,Asian Cup qualifier in Turkmenistan,Turkmenistan,Kuwait,1511,1515,2,2,-5,5,1506,1520,79,72,-1,1,78,73,40,100,96
3840,Mar 12 1996,Friendly in Cyprus,Cyprus,Latvia,1388,1433,1,0,8,-8,1396,1425,103,105,4,-4,107,101,20,100,55
3841,Mar 13 1996,Friendly in Croatia,Croatia,South Korea,1886,1629,3,0,4,-4,1890,1625,12,46,0,0,12,46,20,100,357
3842,Mar 13 1996,Friendly in Luxembourg,Luxembourg,Switzerland,1252,1829,1,1,9,-9,1261,1820,138,23,2,-1,140,22,20,0,-577
3843,Mar 16 1996,Friendly in Kuwait,Kuwait,Finland,1520,1487,0,1,-14,14,1506,1501,81,75,-4,5,77,80,20,100,133
3844,Mar 19 1996,Friendly tournament in the United Arab Emirates,United Arab Emirates,South Korea,1529,1625,3,2,15,-15,1544,1610,68,54,2,-4,70,50,30,100,4
3845,Mar 20 1996,Friendly tournament in the United Arab Emirates,Morocco,Egypt,1603,1622,2,0,24,-24,1627,1598,36,70,10,-12,46,58,30,0,-19
3846,Mar 21 1996,Friendly in Colombia,Colombia,Trinidad and Tobago,1847,1515,3,0,3,-3,1850,1512,15,74,1,0,16,74,20,100,432
3847,Mar 21 1996,Caribbean Cup qualifier in Saint Lucia,Saint Lucia,Dominica,1295,1163,1,1,-12,12,1283,1175,138,161,-4,0,134,161,40,100,232
3848,Mar 22 1996,Asian Cup qualifier in Kuwait,Kuwait,Turkmenistan,1506,1506,2,0,22,-22,1528,1484,69,93,4,-8,73,85,30,0,0
3849,Mar 22 1996,Friendly tournament in the United Arab Emirates,United Arab Emirates,Egypt,1544,1598,0,0,-2,2,1542,1600,70,58,0,0,70,58,30,100,46
3850,Mar 23 1996,Friendly tournament in the United Arab Emirates,Morocco,South Korea,1627,1610,2,2,-1,1,1626,1611,46,50,0,0,46,50,30,0,17
3851,Mar 23 1996,Caribbean Cup qualifier in the Netherlands Antilles,Netherlands Antilles,Grenada,1311,1295,0,1,-26,26,1285,1321,143,110,-10,10,133,120,40,100,116
3852,Mar 24 1996,World Cup qualifier in the Dominican Republic,Dominican Republic,Aruba,1020,1011,3,2,14,-14,1034,997,179,190,4,0,183,190,40,100,109
3853,Mar 24 1996,Caribbean Cup qualifier in French Guiana,French Guiana,Suriname,1200,1300,1,2,-20,20,1180,1320,163,115,-4,7,159,122,40,100,0
3854,Mar 25 1996,Friendly tournament in the United Arab Emirates,Egypt,South Korea,1600,1611,1,1,0,0,1600,1611,58,50,0,0,58,50,20,0,-11
3855,Mar 26 1996,Friendly in Croatia,Croatia,Israel,1890,1639,2,0,4,-4,1894,1635,10,45,1,0,11,45,20,100,351
3856,Mar 26 1996,Friendly in Czechia,Czechia,Turkey,1896,1761,3,0,7,-7,1903,1754,10,26,0,0,10,26,20,100,235
3857,Mar 26 1996,Friendly tournament in the United Arab Emirates,United Arab Emirates,Morocco,1542,1626,1,0,14,-14,1556,1612,60,52,5,-3,65,49,30,100,16
3858,Mar 27 1996,Friendly in Austria,Austria,Switzerland,1654,1820,1,0,12,-12,1666,1808,41,24,0,-1,41,23,20,100,-66
3859,Mar 27 1996,Friendly in Belgium,Belgium,France,1777,1964,0,2,-11,11,1766,1975,25,4,0,1,25,5,20,100,-87
3860,Mar 27 1996,Friendly in Brazil,Brazil,Ghana,2062,1674,8,2,2,-2,2064,1672,1,37,0,1,1,38,20,100,488
3861,Mar 27 1996,Friendly in Cyprus,Cyprus,Georgia,1396,1642,0,2,-9,9,1387,1651,115,40,-4,2,111,42,20,100,-146
3862,Mar 27 1996,Friendly in England,England,Bulgaria,1869,1835,1,0,6,-6,1875,1829,13,20,0,0,13,20,20,100,134
3863,Mar 27 1996,Friendly in Germany,Germany,Denmark,2039,1970,2,0,8,-8,2047,1962,2,7,0,-1,2,6,20,100,169
3864,Mar 27 1996,Friendly in Guatemala,Guatemala,Venezuela,1450,1343,3,0,8,-8,1458,1335,86,117,3,0,89,117,20,100,207
3865,Mar 27 1996,Friendly in Honduras,Honduras,Nicaragua,1550,941,1,0,0,0,1550,941,67,194,0,0,67,194,20,100,709
3866,Mar 27 1996,Friendly in Ireland,Ireland,Russia,1737,1915,0,2,-12,12,1725,1927,33,7,-2,1,31,8,20,100,-78
3867,Mar 27 1996,Friendly in Macedonia,Macedonia,Malta,1539,1308,1,0,3,-3,1542,1305,71,128,0,-1,71,127,20,100,331
3868,Mar 27 1996,Friendly in Northern Ireland,Northern Ireland,Norway,1652,1801,0,2,-13,13,1639,1814,46,21,-2,1,44,22,20,100,-49
3869,Mar 27 1996,Friendly in Poland,Poland,Slovenia,1676,1606,0,0,-5,5,1671,1611,42,48,-2,2,40,50,20,100,170
3870,Mar 27 1996,Friendly in Portugal,Portugal,Greece,1850,1603,1,0,2,-2,1852,1601,14,56,1,0,15,56,20,100,347
3871,Mar 27 1996,Friendly in Scotland,Scotland,Australia,1783,1686,1,0,5,-5,1788,1681,24,39,0,-2,24,37,20,100,197
3872,Mar 27 1996,Friendly in Slovakia,Slovakia,Belarus,1687,1460,4,0,5,-5,1692,1455,34,91,0,-1,34,90,20,100,327
3873,Mar 27 1996,Caribbean Cup qualifier in Saint Kitts and Nevis,Saint Kitts and Nevis,Anguilla,1145,526,8,0,1,-1,1146,525,164,219,0,0,164,219,20,0,619
3874,Mar 27 1996,Friendly in Yugoslavia,Yugoslavia,Romania,1942,1893,1,0,6,-6,1948,1887,7,12,0,0,7,12,20,100,149
3875,Mar 28 1996,Friendly in Colombia,Colombia,Bolivia,1850,1703,4,1,7,-7,1857,1696,11,33,3,0,14,33,20,100,247
3876,Mar 29 1996,World Cup qualifier in Guyana,Guyana,Grenada,1073,1321,1,2,-12,12,1061,1333,181,116,-2,2,179,118,40,100,-148
3877,Mar 29 1996,Caribbean Cup qualifier in Saint Kitts and Nevis,Sint Maarten,Anguilla,964,525,4,0,6,-6,970,519,190,219,1,0,191,219,40,0,439
3878,Mar 31 1996,World Cup qualifier in Antigua and Barbuda,Antigua and Barbuda,Dominica,1158,1175,1,3,-37,37,1121,1212,173,141,-5,10,168,151,40,100,83
3879,Mar 31 1996,World Cup qualifier in Aruba,Aruba,Dominican Republic,997,1034,1,3,-35,35,962,1069,192,171,-1,6,191,177,40,100,63
3880,Mar 31 1996,Caribbean Cup qualifier in Saint Kitts and Nevis,Saint Kitts and Nevis,Sint Maarten,1146,970,3,0,12,-12,1158,958,162,195,1,-2,163,193,40,100,276
3881,Mar 31 1996,World Cup qualifier in Suriname,Suriname,Jamaica,1320,1546,0,1,-13,13,1307,1559,128,57,-3,6,125,63,40,100,-126
3882,Apr 7 1996,World Cup qualifier in Grenada,Grenada,Guyana,1333,1061,6,0,9,-9,1342,1052,116,182,1,-1,117,181,40,100,372
3883,Apr 8 1996,Friendly in Congo,Congo,Zaire,1363,1512,2,1,11,-11,1374,1501,112,81,2,-3,114,78,20,100,-49
3884,Apr 9 1996,Friendly in Azerbaijan,Azerbaijan,Turkey,1452,1754,0,1,-5,5,1447,1759,97,26,-3,0,94,26,20,100,-202
3885,Apr 9 1996,Friendly in Moldova,Moldova,Ukraine,1466,1584,2,2,1,-1,1467,1583,87,60,0,0,87,60,20,100,-18
3886,Apr 10 1996,Friendly in Croatia,Croatia,Hungary,1894,1604,4,1,3,-3,1897,1601,11,55,0,0,11,55,20,100,390
3887,Apr 14 1996,Caribbean Cup qualifier in Suriname,Suriname,French Guiana,1307,1180,1,1,-11,11,1296,1191,133,152,-4,4,129,156,40,100,227
3888,Apr 21 1996,Friendly in Ethiopia,Ethiopia,Ghana,1311,1672,2,0,25,-25,1336,1647,112,48,6,-5,118,43,20,100,-261
3889,Apr 21 1996,Friendly in The Gambia,Gambia,Senegal,1322,1463,1,2,-9,9,1313,1472,128,84,-4,2,124,86,20,100,-41
3890,Apr 21 1996,World Cup qualifier in Jamaica,Jamaica,Suriname,1559,1296,1,0,4,-4,1563,1292,63,131,0,-1,63,130,20,0,263
3891,Apr 21 1996,Friendly in Qatar,Qatar,Kuwait,1419,1528,3,1,15,-15,1434,1513,91,75,6,-1,97,74,20,100,-9
3892,Apr 24 1996,World Cup qualifier in Argentina,Argentina,Bolivia,1843,1696,3,1,12,-12,1855,1684,14,39,2,-3,16,36,40,100,247
3893,Apr 24 1996,Friendly in Belgium,Belgium,Russia,1766,1927,0,0,2,-2,1768,1925,25,8,0,0,25,8,20,100,-61
3894,Apr 24 1996,Friendly in Bosnia and Herzegovina,Bosnia and Herzegovina,Albania,1601,1450,0,0,-6,6,1595,1456,57,88,-1,2,56,90,20,100,251
3895,Apr 24 1996,Friendly in Chile,Chile,Australia,1705,1681,3,0,12,-12,1717,1669,32,43,0,-3,32,40,20,100,124
3896,Apr 24 1996,World Cup qualifier in Colombia,Colombia,Paraguay,1857,1748,1,0,9,-9,1866,1739,14,27,0,0,14,27,40,100,209
3897,Apr 24 1996,Friendly in Czechia,Czechia,Ireland,1903,1725,2,0,5,-5,1908,1720,8,31,1,0,9,31,20,100,278
3898,Apr 24 1996,Friendly in Denmark,Denmark,Scotland,1962,1788,2,0,5,-5,1967,1783,6,24,0,0,6,24,20,100,274
3899,Apr 24 1996,World Cup qualifier in Ecuador,Ecuador,Peru,1672,1548,4,1,15,-15,1687,1533,30,75,4,-3,34,72,40,100,224
3900,Apr 24 1996,Friendly in England,England,Croatia,1875,1897,0,0,-2,2,1873,1899,13,11,0,0,13,11,20,100,78
3901,Apr 24 1996,Friendly in Estonia,Estonia,Iceland,1095,1558,0,3,-4,4,1091,1562,173,64,0,0,173,64,20,100,-363
3902,Apr 24 1996,World Cup qualifier in Greece,Greece,Slovenia,1601,1611,2,0,22,-22,1623,1589,37,64,9,-7,46,57,40,100,90
3903,Apr 24 1996,Caribbean Cup qualifier in Grenada,Grenada,St Vincent & Grenadines,1342,1264,1,1,-9,9,1333,1273,119,137,-1,1,118,138,40,100,178
3904,Apr 24 1996,Friendly in Hungary,Hungary,Austria,1601,1666,0,2,-17,17,1584,1683,63,36,-4,2,59,38,20,100,35
3905,Apr 24 1996,Caribbean Cup qualifier in Jamaica,Jamaica,Barbados,1563,1259,2,0,5,-5,1568,1254,61,143,1,-1,62,142,40,100,404
3906,Apr 24 1996,World Cup qualifier in Macedonia,Macedonia,Liechtenstein,1542,1100,3,0,3,-3,1545,1097,69,172,1,0,70,172,20,0,442
3907,Apr 24 1996,Caribbean Cup qualifier in Martinique,Martinique,Saint Lucia,1469,1283,1,0,6,-6,1475,1277,85,136,1,-1,86,135,40,100,286
3908,Apr 24 1996,Friendly in the Netherlands,Netherlands,Germany,1916,2047,0,1,-9,9,1907,2056,11,2,-1,0,10,2,20,100,-31
3909,Apr 24 1996,Friendly in Norway,Norway,Spain,1814,1989,0,0,2,-2,1816,1987,22,4,0,0,22,4,20,100,-75
3910,Apr 24 1996,Friendly in Northern Ireland,Northern Ireland,Sweden,1639,1851,1,2,-7,7,1632,1858,46,13,-1,2,45,15,20,100,-112
3911,Apr 24 1996,Friendly in Romania,Romania,Georgia,1887,1651,5,0,5,-5,1892,1646,12,45,0,-2,12,43,20,100,336
3912,Apr 24 1996,Friendly in Slovakia,Slovakia,Bulgaria,1692,1829,0,0,1,-1,1693,1828,32,20,1,0,33,20,20,100,-37
3913,Apr 24 1996,Friendly tournament in South Africa,South Africa,Brazil,1744,2064,2,3,-7,7,1737,2071,28,1,0,0,28,1,30,100,-220
3914,Apr 24 1996,Friendly in Switzerland,Switzerland,Wales,1808,1621,2,0,5,-5,1813,1616,23,51,0,-2,23,49,20,100,287
3915,Apr 24 1996,World Cup qualifier in Venezuela,Venezuela,Uruguay,1335,1838,0,2,-5,5,1330,1843,119,19,0,0,119,19,40,100,-403
3916,Apr 24 1996,World Cup qualifier in Yugoslavia,Yugoslavia,Faroe Islands,1948,1183,3,1,0,0,1948,1183,7,159,0,0,7,159,20,0,765
3917,Apr 26 1996,Caribbean Cup qualifier in the Cayman Islands,Cayman Islands,Cuba,1067,1520,0,4,-9,9,1058,1529,178,73,0,0,178,73,40,100,-353
3918,Apr 26 1996,Caribbean Cup qualifier in Haiti,Haiti,Dominican Republic,1305,1069,6,0,11,-11,1316,1058,122,179,2,-1,124,178,40,100,336
3919,Apr 26 1996,Friendly in Turkmenistan,Turkmenistan,Iran,1484,1546,1,1,-1,1,1483,1547,85,69,0,0,85,69,20,100,38
3920,Apr 28 1996,Caribbean Cup qualifier in Barbados,Barbados,Jamaica,1254,1568,2,0,46,-46,1300,1522,116,84,13,-11,129,73,40,100,-214
3921,Apr 28 1996,Caribbean Cup qualifier in Haiti,Haiti,Dominican Republic,1316,1058,1,1,-15,15,1301,1073,132,176,-4,1,128,177,40,100,358
3922,Apr 28 1996,Caribbean Cup qualifier in Saint Lucia,Saint Lucia,Martinique,1277,1475,0,1,-15,15,1262,1490,145,78,-5,4,140,82,40,100,-98
3923,Apr 28 1996,Caribbean Cup qualifier in St Vincent & Grenadines,St Vincent & Grenadines,Grenada,1273,1333,3,1,27,-27,1300,1306,120,132,9,-7,129,125,40,100,40
3924,Apr 28 1996,Caribbean Cup qualifier in Suriname,Suriname,Guyana,1292,1052,2,1,5,-5,1297,1047,132,183,-1,-1,131,182,40,100,340
3925,Apr 28 1996,Friendly in Turkmenistan,Turkmenistan,Iran,1483,1547,0,1,-11,11,1472,1558,87,59,-1,5,86,64,20,100,36
3926,Apr 28 1996,Friendly in Zaire,Zaire,Congo,1501,1374,3,1,6,-6,1507,1368,76,116,1,-1,77,115,20,100,227
3927,Apr 30 1996,Friendly in Israel,Israel,South Korea,1635,1611,4,5,-13,13,1622,1624,50,39,-3,6,47,45,20,100,124
3928,May 1 1996,Friendly in Poland,Poland,Belarus,1671,1455,1,1,-7,7,1664,1462,41,87,-1,2,40,89,20,100,316
3929,May 1 1996,Friendly in Turkey,Turkey,Ukraine,1759,1583,3,2,3,-3,1762,1580,26,60,0,0,26,60,20,100,276
3930,May 4 1996,World Cup qualifier in the Dominican Republic,Dominican Republic,Netherlands Antilles,1073,1285,2,1,26,-26,1099,1259,167,147,5,-6,172,141,40,100,-112
3931,May 4 1996,World Cup qualifier in Puerto Rico,Puerto Rico,St Vincent & Grenadines,1063,1300,1,2,-12,12,1051,1312,182,119,-2,5,180,124,40,100,-137
3932,May 5 1996,Friendly in the United States,Bolivia,El Salvador,1684,1534,1,1,-4,4,1680,1538,40,70,-2,0,38,70,20,0,150
3933,May 5 1996,Caribbean Cup qualifier in Guyana,Guyana,Suriname,1047,1297,2,1,28,-28,1075,1269,172,143,5,-6,177,137,40,100,-150
3934,May 5 1996,World Cup qualifier in Nicaragua,Nicaragua,Guatemala,941,1458,0,1,-3,3,938,1461,194,90,0,0,194,90,40,100,-417
3935,May 5 1996,World Cup qualifier in Saint Kitts and Nevis,Saint Kitts and Nevis,Saint Lucia,1158,1262,5,1,38,-38,1196,1224,149,161,7,-11,156,150,40,100,-4
3936,May 8 1996,Friendly in Greece,Greece,Georgia,1623,1646,2,1,8,-8,1631,1638,44,43,1,0,45,43,20,100,77
3937,May 8 1996,Asian Cup qualifier in Tajikistan,Tajikistan,Uzbekistan,1377,1726,4,0,61,-61,1438,1665,82,48,15,-9,97,39,40,100,-249
3938,May 9 1996,Friendly in Sweden,Sweden,Slovakia,1858,1693,2,1,4,-4,1862,1689,15,32,0,0,15,32,20,100,265
3939,May 10 1996,World Cup qualifier in Guatemala,Guatemala,Nicaragua,1461,938,2,1,1,-1,1462,937,88,194,1,0,89,194,20,0,523
3940,May 11 1996,Friendly in Malawi,Malawi,Zambia,1432,1684,0,1,-6,6,1426,1690,105,29,-3,3,102,32,20,100,-152
3941,May 11 1996,World Cup qualifier in the Netherlands Antilles,Netherlands Antilles,Dominican Republic,1259,1099,0,0,-13,13,1246,1112,146,166,-3,3,143,169,40,100,260
3942,May 11 1996,Oceania Nations Cup in Tahiti,Tahiti,Solomon Islands,1570,1289,2,1,5,-5,1575,1284,61,134,0,-1,61,133,30,0,281
3943,May 12 1996,Friendly in Burkina Faso,Burkina Faso,Niger,1369,1321,0,0,-4,4,1365,1325,118,122,-2,-1,116,121,20,100,148
3944,May 12 1996,World Cup qualifier in the Cayman Islands,Cayman Islands,Cuba,1058,1529,0,1,-4,4,1054,1533,181,70,-1,1,180,71,40,100,-371
3945,May 12 1996,World Cup qualifier in Haiti,Haiti,Grenada,1301,1306,6,1,29,-29,1330,1277,109,142,10,-8,119,134,40,100,95
3946,May 12 1996,Asian Cup qualifier in Lebanon,Lebanon,Turkmenistan,1307,1472,3,1,36,-36,1343,1436,109,108,8,-11,117,97,40,100,-65
3947,May 12 1996,Friendly in Malawi,Malawi,Zambia,1426,1690,1,1,4,-4,1430,1686,96,36,3,-2,99,34,20,100,-164
3948,May 12 1996,World Cup qualifier in St Vincent & Grenadines,St Vincent & Grenadines,Puerto Rico,1312,1051,7,0,10,-10,1322,1041,122,183,1,-1,123,182,40,100,361
3949,May 12 1996,Friendly in Swaziland,Swaziland,Mozambique,1231,1408,0,1,-8,8,1223,1416,155,103,-5,2,150,105,20,100,-77
3950,May 14 1996,World Cup qualifier in the Cayman Islands,Cayman Islands,Cuba,1054,1533,0,5,-8,8,1046,1541,182,69,-1,1,181,70,40,100,-379
3951,May 14 1996,World Cup qualifier in Dominica,Dominica,Barbados,1212,1300,0,1,-21,21,1191,1321,161,119,-5,5,156,124,40,100,12
3952,May 16 1996,Friendly in South Korea,South Korea,Sweden,1624,1862,0,2,-9,9,1615,1871,54,13,-4,1,50,14,20,100,-138
3953,May 17 1996,Friendly in Iran,Iran,Qatar,1558,1434,2,0,6,-6,1564,1428,60,106,2,-4,62,102,20,100,224
3954,May 17 1996,Friendly in Mauritania,Mauritania,Senegal,1255,1472,0,0,3,-3,1258,1469,140,86,0,0,140,86,20,100,-117
3955,May 18 1996,Friendly in England,England,Hungary,1873,1584,3,0,3,-3,1876,1581,13,59,0,0,13,59,20,100,389
3956,May 18 1996,World Cup qualifier in Grenada,Grenada,Haiti,1277,1330,0,1,-23,23,1254,1353,146,115,-6,2,140,117,40,100,47
3957,May 18 1996,Friendly in the United States,Mexico,Slovakia,1853,1689,5,2,10,-10,1863,1679,15,42,1,-5,16,37,20,0,164
3958,May 19 1996,World Cup qualifier in Barbados,Barbados,Dominica,1321,1191,1,0,8,-8,1329,1183,118,162,3,-3,121,159,40,100,230
3959,May 19 1996,Friendly in The Gambia,Gambia,Guinea,1313,1324,1,1,-3,3,1310,1327,127,122,0,0,127,122,20,100,89
3960,May 19 1996,World Cup qualifier in Saint Lucia,Saint Lucia,Saint Kitts and Nevis,1224,1196,0,1,-27,27,1197,1223,161,143,-6,6,155,149,40,100,128
3961,May 19 1996,Friendly in Zambia,Zambia,Tanzania,1686,1413,1,0,2,-2,1688,1411,31,106,1,0,32,106,20,100,373
3962,May 21 1996,Friendly in Slovenia,Slovenia,United Arab Emirates,1589,1556,2,2,-4,4,1585,1560,59,64,-1,1,58,65,20,100,133
3963,May 21 1996,Friendly in Zambia,Zambia,Tanzania,1688,1411,0,0,-8,8,1680,1419,38,104,-3,1,35,105,20,100,377
3964,May 22 1996,Friendly in Brazil,Brazil,Croatia,2071,1899,1,1,-7,7,2064,1906,1,11,0,0,1,11,20,100,272
3965,May 23 1996,Friendly in China,China,England,1622,1876,0,3,-10,10,1612,1886,54,13,-4,0,50,13,20,100,-154
3966,May 23 1996,Friendly in Kuwait,Kuwait,Syria,1513,1430,3,1,8,-8,1521,1422,74,108,0,-5,74,103,20,100,183
3967,May 23 1996,Friendly tournament in Japan,Mexico,Yugoslavia,1863,1948,0,0,4,-4,1867,1944,14,7,1,0,15,7,30,0,-85
3968,May 24 1996,Caribbean Cup in Trinidad and Tobago,Trinidad and Tobago,Jamaica,1512,1522,1,0,15,-15,1527,1507,71,79,2,-3,73,76,30,0,-10
3969,May 25 1996,Caribbean Cup in Trinidad and Tobago,Cuba,St Vincent & Grenadines,1541,1322,2,0,13,-13,1554,1309,66,130,2,-3,68,127,40,0,219
3970,May 25 1996,Caribbean Cup in Trinidad and Tobago,Martinique,Haiti,1490,1353,1,0,12,-12,1502,1341,74,119,4,-1,78,118,40,0,137
3971,May 25 1996,Friendly in Mauritius,Mauritius,Madagascar,1181,1497,0,0,6,-6,1187,1491,153,84,4,-2,157,82,20,100,-216
3972,May 25 1996,Friendly in Qatar,Qatar,Russia,1428,1925,2,5,-3,3,1425,1928,101,8,0,0,101,8,20,100,-397
3973,May 25 1996,Friendly in Uganda,Uganda,Kenya,1410,1444,1,1,-2,2,1408,1446,107,94,0,0,107,94,20,100,66
3974,May 26 1996,Friendly in Chile,Chile,Bolivia,1717,1680,2,0,9,-9,1726,1671,29,39,1,-2,30,37,20,100,137
3975,May 26 1996,Friendly in Gabon,Gabon,Ivory Coast,1510,1587,0,1,-11,11,1499,1598,85,55,-5,1,80,56,20,100,23
3976,May 26 1996,Friendly in Ghana,Ghana,Egypt,1647,1600,0,2,-21,21,1626,1621,48,39,-3,8,45,47,20,100,147
3977,May 26 1996,Caribbean Cup in Trinidad and Tobago,Jamaica,Saint Kitts and Nevis,1507,1223,4,1,11,-11,1518,1212,74,151,1,-1,75,150,40,0,284
3978,May 26 1996,Friendly tournament in Japan,Japan,Yugoslavia,1685,1944,1,0,21,-21,1706,1923,31,9,1,-1,32,8,30,100,-159
3979,May 26 1996,Friendly in Malawi,Malawi,Mozambique,1430,1416,1,0,7,-7,1437,1409,96,104,1,1,97,105,20,100,114
3980,May 26 1996,Friendly in Oman,Oman,Algeria,1269,1606,0,1,-4,4,1265,1610,136,55,0,-1,136,54,20,100,-237
3981,May 26 1996,Caribbean Cup in Trinidad and Tobago,Trinidad and Tobago,Suriname,1527,1269,3,0,8,-8,1535,1261,71,138,1,-1,72,137,40,100,358
3982,May 26 1996,Friendly in Tunisia,Tunisia,Senegal,1609,1469,2,0,6,-6,1615,1463,48,88,2,-1,50,87,20,100,240
3983,May 26 1996,Asian Cup qualifier in Turkmenistan,Turkmenistan,Lebanon,1436,1343,0,1,-30,30,1406,1373,115,111,-9,3,106,114,40,100,193
3984,May 26 1996,Friendly in Uganda,Uganda,Kenya,1408,1446,1,2,-12,12,1396,1458,107,86,0,4,107,90,20,100,62
3985,May 26 1996,Friendly in the United States,United States,Scotland,1730,1783,2,1,9,-9,1739,1774,25,24,2,0,27,24,20,100,47
3986,May 27 1996,Friendly in Belarus,Belarus,Azerbaijan,1462,1447,2,2,-3,3,1459,1450,90,92,-1,1,89,93,20,100,115
3987,May 27 1996,Caribbean Cup in Trinidad and Tobago,Cuba,Martinique,1554,1502,1,0,17,-17,1571,1485,56,93,6,-8,62,85,40,0,52
3988,May 27 1996,Caribbean Cup in Trinidad and Tobago,Haiti,St Vincent & Grenadines,1341,1309,2,2,-2,2,1339,1311,118,125,0,1,118,126,40,0,32
3989,May 28 1996,Friendly in Bulgaria,Bulgaria,Macedonia,1828,1545,3,0,3,-3,1831,1542,20,70,0,0,20,70,20,100,383
3990,May 28 1996,Friendly in Oman,Oman,Algeria,1265,1610,0,1,-4,4,1261,1614,138,50,-1,2,137,52,20,100,-245
3991,May 28 1996,Caribbean Cup in Trinidad and Tobago,Suriname,Jamaica,1261,1518,3,1,49,-49,1310,1469,117,95,10,-10,127,85,40,0,-257
3992,May 28 1996,Caribbean Cup in Trinidad and Tobago,Trinidad and Tobago,Saint Kitts and Nevis,1535,1212,5,1,6,-6,1541,1206,70,154,1,-2,71,152,40,100,423
3993,May 29 1996,Friendly in Austria,Austria,Czechia,1683,1908,1,0,13,-13,1696,1895,32,13,1,-2,33,11,20,100,-125
3994,May 29 1996,Friendly in the United States,Colombia,Scotland,1866,1774,1,0,7,-7,1873,1767,12,26,2,-1,14,25,20,0,92
3995,May 29 1996,Caribbean Cup in Trinidad and Tobago,Cuba,Haiti,1571,1339,0,0,-12,12,1559,1351,68,118,-3,0,65,118,40,0,232
3996,May 29 1996,Friendly in Estonia,Estonia,Turkey,1091,1762,0,0,9,-9,1100,1753,172,26,1,0,173,26,20,100,-571
3997,May 29 1996,Friendly in France,France,Finland,1975,1501,2,0,1,-1,1976,1500,5,79,0,-1,5,78,20,100,574
3998,May 29 1996,Friendly in Ireland,Ireland,Portugal,1720,1852,0,1,-9,9,1711,1861,33,14,-1,2,32,16,20,100,-32
3999,May 29 1996,Friendly in Italy,Italy,Belgium,1990,1768,2,2,-7,7,1983,1775,5,23,-1,1,4,24,20,100,322
4000,May 29 1996,Friendly tournament in Japan,Japan,Mexico,1706,1867,3,2,18,-18,1724,1849,30,21,1,-3,31,18,30,100,-61
4001,May 29 1996,Caribbean Cup in Trinidad and Tobago,Martinique,St Vincent & Grenadines,1485,1311,3,0,19,-19,1504,1292,68,136,8,-5,76,131,40,0,174
4002,May 29 1996,Friendly in the Netherlands,Netherlands,China,1907,1612,2,0,3,-3,1910,1609,8,55,1,-1,9,54,20,100,395
4003,May 29 1996,Friendly in Northern Ireland,Northern Ireland,Germany,1632,2056,1,1,7,-7,1639,2049,41,2,1,0,42,2,20,100,-324
4004,May 29 1996,Friendly in Russia,Russia,United Arab Emirates,1928,1560,1,0,1,-1,1929,1559,7,64,0,1,7,65,20,100,468
4005,May 30 1996,Caribbean Cup in Trinidad and Tobago,Saint Kitts and Nevis,Suriname,1206,1310,1,1,6,-6,1212,1304,148,130,2,-2,150,128,40,0,-104
4006,May 31 1996,World Cup qualifier in Mauritania,Mauritania,Burkina Faso,1258,1365,0,0,0,0,1258,1365,139,117,0,0,139,117,20,100,-7
4007,Jun 1 1996,World Cup qualifier in The Gambia,Gambia,Liberia,1310,1393,2,1,19,-19,1329,1374,116,114,5,-3,121,111,30,0,-83
4008,Jun 1 1996,Friendly in Germany,Germany,France,2049,1976,0,1,-15,15,2034,1991,2,1,0,2,2,3,20,100,173
4009,Jun 1 1996,World Cup qualifier in Guinea-Bissau,Guinea-Bissau,Guinea,1231,1327,3,2,20,-20,1251,1307,137,130,4,-4,141,126,40,100,4
4010,Jun 1 1996,Friendly in Hungary,Hungary,Italy,1581,1983,0,2,-4,4,1577,1987,61,4,-1,0,60,4,20,100,-302
4011,Jun 1 1996,World Cup qualifier in Iceland,Iceland,Macedonia,1562,1542,1,1,-7,7,1555,1549,70,70,-3,0,67,70,40,100,120
4012,Jun 1 1996,World Cup qualifier in Malawi,Malawi,South Africa,1437,1737,0,1,-10,10,1427,1747,103,25,-3,2,100,27,40,100,-200
4013,Jun 1 1996,World Cup qualifier in Namibia,Namibia,Mozambique,1160,1409,2,0,42,-42,1202,1367,143,123,10,-9,153,114,40,100,-149
4014,Jun 1 1996,Friendly in Qatar,Qatar,Iran,1425,1564,0,1,-9,9,1416,1573,110,62,-5,0,105,62,20,100,-39
4015,Jun 1 1996,Friendly in Romania,Romania,Moldova,1892,1467,3,1,1,-1,1893,1466,12,88,0,-1,12,87,20,100,525
4016,Jun 1 1996,World Cup qualifier in Sudan,Sudan,Zambia,1393,1680,2,0,45,-45,1438,1635,84,51,12,-8,96,43,40,100,-187
4017,Jun 1 1996,World Cup qualifier in Sweden,Sweden,Belarus,1871,1459,5,1,4,-4,1875,1455,13,95,1,-3,14,92,40,100,512
4018,Jun 1 1996,Friendly in Switzerland,Switzerland,Czechia,1813,1895,1,2,-11,11,1802,1906,23,9,0,1,23,10,20,100,18
4019,Jun 1 1996,World Cup qualifier in Uganda,Uganda,Angola,1396,1443,0,2,-35,35,1361,1478,127,75,-10,10,117,85,40,100,53
4020,Jun 2 1996,World Cup qualifier in Belize,Belize,Panama,1107,1295,1,2,-15,15,1092,1310,178,124,-4,3,174,127,40,100,-88
4021,Jun 2 1996,Friendly in Bulgaria,Bulgaria,United Arab Emirates,1831,1559,4,1,4,-4,1835,1555,16,68,2,-2,18,66,20,100,372
4022,Jun 2 1996,World Cup qualifier in Burundi,Burundi,Sierra Leone,1367,1490,1,0,21,-21,1388,1469,106,88,4,-3,110,85,40,100,-23
4023,Jun 2 1996,World Cup qualifier in Congo,Congo,Ivory Coast,1368,1598,2,0,41,-41,1409,1557,99,72,7,-8,106,64,40,100,-130
4024,Jun 2 1996,Friendly in Denmark,Denmark,Ghana,1967,1626,1,0,1,-1,1968,1625,6,45,0,0,6,45,20,100,441
4025,Jun 2 1996,World Cup qualifier in Ecuador,Ecuador,Argentina,1687,1855,2,0,36,-36,1723,1819,28,25,3,-4,31,21,40,100,-68
4026,Jun 2 1996,Friendly in Finland,Finland,Turkey,1500,1753,1,2,-6,6,1494,1759,82,28,-2,-1,80,27,20,100,-153
4027,Jun 2 1996,Friendly in Ireland,Ireland,Croatia,1711,1906,2,2,3,-3,1714,1903,32,12,0,-1,32,11,20,100,-95
4028,Jun 2 1996,World Cup qualifier in Kenya,Kenya,Algeria,1458,1614,3,1,35,-35,1493,1579,72,64,9,-6,81,58,40,100,-56
4029,Jun 2 1996,World Cup qualifier in Madagascar,Madagascar,Zimbabwe,1491,1488,1,2,-26,26,1465,1514,95,68,-7,8,88,76,40,100,103
4030,Jun 2 1996,World Cup qualifier in Mauritius,Mauritius,Zaire,1187,1507,1,5,-16,16,1171,1523,168,73,-5,1,163,74,40,100,-220
4031,Jun 2 1996,World Cup qualifier in Norway,Norway,Azerbaijan,1816,1450,5,0,5,-5,1821,1445,16,94,3,0,19,94,40,100,466
4032,Jun 2 1996,World Cup qualifier in Peru,Peru,Colombia,1533,1873,1,1,12,-12,1545,1861,71,15,1,0,72,15,40,100,-240
4033,Jun 2 1996,Friendly in Russia,Russia,Poland,1929,1664,2,0,3,-3,1932,1661,7,39,0,0,7,39,20,100,365
4034,Jun 2 1996,World Cup qualifier in Rwanda,Rwanda,Tunisia,1091,1615,1,3,-5,5,1086,1620,175,46,0,2,175,48,40,100,-424
4035,Jun 2 1996,World Cup qualifier in San Marino,San Marino,Wales,962,1616,0,5,-3,3,959,1619,193,49,-1,0,192,49,40,100,-554
4036,Jun 2 1996,World Cup qualifier in Swaziland,Swaziland,Gabon,1223,1499,0,1,-11,11,1212,1510,149,75,0,2,149,77,40,100,-176
4037,Jun 2 1996,World Cup qualifier in Togo,Togo,Senegal,1302,1463,2,1,23,-23,1325,1440,117,102,6,-7,123,95,40,100,-61
4038,Jun 2 1996,Caribbean Cup in Trinidad and Tobago,Trinidad and Tobago,Martinique,1541,1504,2,1,12,-12,1553,1492,67,88,2,-6,69,82,40,100,137
4039,Jun 2 1996,World Cup qualifier in Uruguay,Uruguay,Paraguay,1843,1739,0,2,-46,46,1797,1785,27,20,-4,4,23,24,40,100,204
4040,Jun 2 1996,World Cup qualifier in Venezuela,Venezuela,Chile,1330,1726,1,1,14,-14,1344,1712,118,36,1,-3,119,33,40,100,-296
4041,Jun 2 1996,World Cup qualifier in Yugoslavia,Yugoslavia,Malta,1923,1305,6,0,1,-1,1924,1304,8,131,0,-2,8,129,20,0,618
4042,Jun 3 1996,Caribbean Cup in Trinidad and Tobago,Cuba,Suriname,1559,1304,4,0,14,-14,1573,1290,59,133,2,-2,61,131,40,0,255
4043,Jun 3 1996,Friendly in Oman,Oman,Bahrain,1261,1429,3,0,21,-21,1282,1408,131,114,3,-8,134,106,20,100,-68
4044,Jun 4 1996,Friendly in Germany,Germany,Liechtenstein,2034,1097,9,1,0,0,2034,1097,2,173,0,0,2,173,20,0,937
4045,Jun 4 1996,Friendly in the Netherlands,Netherlands,Ireland,1910,1714,3,1,5,-5,1915,1709,9,34,0,-1,9,33,20,100,296
4046,Jun 5 1996,Friendly in Canada,Canada,Costa Rica,1619,1557,0,1,-14,14,1605,1571,57,62,-4,1,53,63,20,100,162
4047,Jun 5 1996,Friendly in France,France,Armenia,1991,1275,2,0,0,0,1991,1275,3,136,0,0,3,136,20,0,716
4048,Jun 5 1996,Friendly in Iceland,Iceland,Cyprus,1555,1387,2,1,4,-4,1559,1383,64,111,1,0,65,111,20,100,268
4049,Jun 5 1996,Caribbean Cup in Trinidad and Tobago,Martinique,Suriname,1492,1290,1,1,-10,10,1482,1300,84,129,-1,1,83,130,40,0,202
4050,Jun 7 1996,Caribbean Cup in Trinidad and Tobago,Trinidad and Tobago,Cuba,1553,1573,2,0,23,-23,1576,1550,51,77,9,-8,60,69,40,100,80
4051,Jun 8 1996,European Championship in England,England,Switzerland,1886,1802,1,1,-12,12,1874,1814,15,22,-1,0,14,22,50,100,184
4052,Jun 8 1996,US Cup in the United States,Mexico,Bolivia,1849,1671,1,0,8,-8,1857,1663,17,40,0,-2,17,38,30,0,178
4053,Jun 8 1996,World Cup qualifier in Tanzania,Tanzania,Ghana,1419,1625,0,0,6,-6,1425,1619,97,51,3,-3,100,48,40,100,-106
4054,Jun 9 1996,European Championship in England,Bulgaria,Spain,1835,1987,1,1,10,-10,1845,1977,18,6,0,-1,18,5,50,0,-152
4055,Jun 9 1996,European Championship in England,Denmark,Portugal,1968,1861,1,1,-7,7,1961,1868,6,15,0,0,6,15,50,0,107
4056,Jun 9 1996,European Championship in England,Germany,Czechia,2034,1906,2,0,24,-24,2058,1882,2,14,0,-2,2,12,50,0,128
4057,Jun 9 1996,Friendly in Ivory Coast,Ivory Coast,Burkina Faso,1557,1365,1,1,-7,7,1550,1372,70,112,-2,2,68,114,20,100,292
4058,Jun 9 1996,Asian Cup qualifier in Lebanon,Lebanon,Kuwait,1373,1521,3,5,-26,26,1347,1547,124,69,-5,3,119,72,40,100,-48
4059,Jun 9 1996,Friendly in Nigeria,Nigeria,Togo,1821,1325,1,3,-29,29,1792,1354,27,111,-4,6,23,117,20,100,596
4060,Jun 9 1996,World Cup qualifier in Panama,Panama,Belize,1310,1092,4,1,10,-10,1320,1082,123,178,2,-2,125,176,40,100,318
4061,Jun 9 1996,US Cup in the United States,United States,Ireland,1739,1709,2,1,10,-10,1749,1699,27,33,1,0,28,33,30,100,130
4062,Jun 10 1996,World Cup qualifier in Trinidad and Tobago,Cuba,Haiti,1550,1351,6,1,19,-19,1569,1332,60,124,4,-3,64,121,40,0,199
4063,Jun 10 1996,European Championship in England,France,Romania,1991,1893,1,0,18,-18,2009,1875,3,13,0,-1,3,12,50,0,98
4064,Jun 10 1996,Asian Cup qualifier in Iran,Iran,Nepal,1573,877,8,0,1,-1,1574,876,62,199,0,0,62,199,20,0,696
4065,Jun 10 1996,European Championship in England,Netherlands,Scotland,1915,1767,0,0,-10,10,1905,1777,9,24,0,1,9,25,50,0,148
4066,Jun 10 1996,Asian Cup qualifier in Iran,Oman,Sri Lanka,1282,918,3,0,8,-8,1290,910,130,196,2,0,132,196,40,0,364
4067,Jun 11 1996,European Championship in England,Croatia,Turkey,1903,1759,1,0,15,-15,1918,1744,6,31,2,-2,8,29,50,0,144
4068,Jun 11 1996,European Championship in England,Italy,Russia,1987,1932,2,1,21,-21,2008,1911,4,11,0,-2,4,9,50,0,55
4069,Jun 12 1996,Asian Cup qualifier in Iran,Iran,Sri Lanka,1574,910,7,0,1,-1,1575,909,60,196,1,0,61,196,20,0,664
4070,Jun 12 1996,US Cup in the United States,Ireland,Mexico,1699,1857,2,2,6,-6,1705,1851,33,17,0,0,33,17,30,0,-158
4071,Jun 12 1996,Asian Cup qualifier in Iran,Oman,Nepal,1290,876,7,0,8,-8,1298,868,130,203,1,-2,131,201,40,0,414
4072,Jun 12 1996,Friendly in Tanzania,Tanzania,Sudan,1425,1438,0,0,-2,2,1423,1440,102,94,-1,1,101,95,20,100,87
4073,Jun 12 1996,US Cup in the United States,United States,Bolivia,1749,1663,0,2,-34,34,1715,1697,35,30,-4,4,31,34,30,100,186
4074,Jun 13 1996,Friendly in Barbados,Barbados,Trinidad and Tobago,1329,1576,0,4,-11,11,1318,1587,128,52,-3,4,125,56,20,100,-147
4075,Jun 13 1996,European Championship in England,Bulgaria,Romania,1845,1875,1,0,27,-27,1872,1848,10,24,4,-6,14,18,50,0,-30
4076,Jun 13 1996,European Championship in England,Netherlands,Switzerland,1905,1814,2,0,28,-28,1933,1786,4,25,3,-2,7,23,50,0,91
4077,Jun 14 1996,World Cup qualifier in Algeria,Algeria,Kenya,1579,1493,1,0,10,-10,1589,1483,53,83,3,-1,56,82,40,100,186
4078,Jun 14 1996,European Championship in England,Czechia,Italy,1882,2008,2,1,34,-34,1916,1974,9,6,1,-1,10,5,50,0,-126
4079,Jun 14 1996,Asian Cup qualifier in Iran,Iran,Oman,1575,1298,2,0,6,-6,1581,1292,57,131,2,0,59,131,40,100,377
4080,Jun 14 1996,Asian Cup qualifier in Kazakhstan,Kazakhstan,Qatar,1564,1416,1,0,8,-8,1572,1408,61,106,2,-1,63,105,40,100,248
4081,Jun 14 1996,European Championship in England,Portugal,Turkey,1868,1744,1,0,16,-16,1884,1728,9,28,3,0,12,28,50,0,124
4082,Jun 14 1996,Asian Cup qualifier in Iran,Sri Lanka,Nepal,909,868,3,1,26,-26,935,842,194,205,1,-2,195,203,40,0,41
4083,Jun 15 1996,World Cup qualifier in the Dominican Republic,Dominican Republic,Trinidad and Tobago,1112,1587,1,4,-7,7,1105,1594,169,55,0,1,169,56,40,100,-375
4084,Jun 15 1996,European Championship in England,England,Scotland,1874,1777,2,0,18,-18,1892,1759,10,27,2,-1,12,26,50,100,197
4085,Jun 15 1996,European Championship in England,France,Spain,2009,1977,1,1,-2,2,2007,1979,3,4,0,0,3,4,40,0,32
4086,Jun 15 1996,US Cup in the United States,Ireland,Bolivia,1705,1697,3,0,26,-26,1731,1671,23,38,5,-2,28,36,30,0,8
4087,Jun 15 1996,World Cup qualifier in Senegal,Senegal,Togo,1440,1354,1,1,-10,10,1430,1364,99,115,-2,1,97,116,40,100,186
4088,Jun 15 1996,World Cup qualifier in South Africa,South Africa,Malawi,1747,1427,3,0,6,-6,1753,1421,27,105,0,-3,27,102,40,100,420
4089,Jun 16 1996,World Cup qualifier in Angola,Angola,Uganda,1478,1361,3,1,13,-13,1491,1348,78,117,3,0,81,117,40,100,217
4090,Jun 16 1996,World Cup qualifier in Burkina Faso,Burkina Faso,Mauritania,1372,1258,2,0,14,-14,1386,1244,108,147,3,-4,111,143,40,100,214
4091,Jun 16 1996,European Championship in England,Croatia,Denmark,1918,1961,3,0,49,-49,1967,1912,3,14,3,-4,6,10,50,0,-43
4092,Jun 16 1996,World Cup qualifier in Gabon,Gabon,Swaziland,1510,1212,2,0,6,-6,1516,1206,75,157,1,-4,76,153,40,100,398
4093,Jun 16 1996,European Championship in England,Germany,Russia,2058,1911,3,0,26,-26,2084,1885,0,13,1,-1,1,12,50,0,147
4094,Jun 16 1996,World Cup qualifier in Guinea,Guinea,Guinea-Bissau,1307,1251,3,1,17,-17,1324,1234,120,149,4,-4,124,145,40,100,156
4095,Jun 16 1996,World Cup qualifier in Ivory Coast,Ivory Coast,Congo,1550,1409,1,1,-12,12,1538,1421,77,100,-4,2,73,102,40,100,241
4096,Jun 16 1996,World Cup qualifier in Mozambique,Mozambique,Namibia,1367,1202,1,1,-13,13,1354,1215,117,145,-1,4,116,149,40,100,265
4097,Jun 16 1996,World Cup qualifier in Sierra Leone,Sierra Leone,Burundi,1469,1388,0,1,-30,30,1439,1418,103,100,-9,5,94,105,40,100,181
4098,Jun 16 1996,World Cup qualifier in Tunisia,Tunisia,Rwanda,1620,1086,2,0,2,-2,1622,1084,43,176,2,-1,45,175,30,0,534
4099,Jun 16 1996,US Cup in the United States,United States,Mexico,1715,1851,2,2,2,-2,1717,1849,32,17,0,0,32,17,30,100,-36
4100,Jun 16 1996,World Cup qualifier in Zaire,Zaire,Mauritius,1523,1171,2,0,4,-4,1527,1167,75,163,0,0,75,163,40,100,452
4101,Jun 16 1996,World Cup qualifier in Zambia,Zambia,Sudan,1635,1440,3,0,11,-11,1646,1429,39,99,2,-2,41,97,40,100,295
4102,Jun 16 1996,World Cup qualifier in Zimbabwe,Zimbabwe,Madagascar,1514,1465,2,2,-8,8,1506,1473,78,82,-1,3,77,85,40,100,149
4103,Jun 17 1996,World Cup qualifier in Ghana,Ghana,Tanzania,1619,1423,2,1,6,-6,1625,1417,42,110,3,-5,45,105,40,100,296
4104,Jun 17 1996,Asian Cup qualifier in Oman,Iran,Sri Lanka,1581,935,4,0,2,-2,1583,933,59,195,0,0,59,195,40,0,646
4105,Jun 17 1996,Asian Cup qualifier in Oman,Oman,Nepal,1292,842,2,1,2,-2,1294,840,131,203,0,0,131,203,30,0,450
4106,Jun 18 1996,European Championship in England,England,Netherlands,1892,1933,4,1,36,-36,1928,1897,3,15,4,-4,7,11,50,100,59
4107,Jun 18 1996,European Championship in England,France,Bulgaria,2007,1872,3,1,24,-24,2031,1848,3,19,0,-2,3,17,50,0,135
4108,Jun 18 1996,European Championship in England,Scotland,Switzerland,1759,1786,1,0,27,-27,1786,1759,20,29,3,-3,23,26,50,0,-27
4109,Jun 18 1996,European Championship in England,Spain,Romania,1979,1848,2,1,16,-16,1995,1832,4,18,0,0,4,18,50,0,131
4110,Jun 19 1996,European Championship in England,Czechia,Russia,1916,1885,3,3,-2,2,1914,1887,11,14,-1,-1,10,13,40,0,31
4111,Jun 19 1996,European Championship in England,Denmark,Turkey,1912,1728,3,0,23,-23,1935,1705,4,37,3,-4,7,33,50,0,184
4112,Jun 19 1996,European Championship in England,Germany,Italy,2084,1974,0,0,-8,8,2076,1982,1,5,0,0,1,5,30,100,210
4113,Jun 19 1996,Asian Cup qualifier in Oman,Iran,Nepal,1583,840,4,0,1,-1,1584,839,59,203,0,0,59,203,20,0,743
4114,Jun 19 1996,Asian Cup qualifier in Oman,Oman,Sri Lanka,1294,933,10,0,7,-7,1301,926,129,197,1,-1,130,196,40,100,461
4115,Jun 19 1996,European Championship in England,Portugal,Croatia,1884,1967,3,0,54,-54,1938,1913,-1,16,7,-5,6,11,50,0,-83
4116,Jun 19 1996,Asian Cup qualifier in Uzbekistan,Uzbekistan,Tajikistan,1665,1438,5,0,11,-11,1676,1427,34,101,2,-3,36,98,40,100,327
4117,Jun 20 1996,Asian Cup qualifier in Kuwait,Kuwait,Lebanon,1547,1347,0,0,-14,14,1533,1361,77,114,-3,2,74,116,40,100,300
4118,Jun 20 1996,Friendly in Peru,Peru,Armenia,1545,1275,4,0,4,-4,1549,1271,68,138,2,-1,70,137,20,100,370
4119,Jun 21 1996,Asian Cup qualifier in Oman,Oman,Iran,1301,1584,1,2,-10,10,1291,1594,134,53,-2,3,132,56,40,100,-183
4120,Jun 21 1996,Asian Cup qualifier in Oman,Sri Lanka,Nepal,926,839,2,0,23,-23,949,816,192,205,2,-1,194,204,40,0,87
4121,Jun 21 1996,Asian Cup qualifier in Syria,Syria,Kazakhstan,1422,1572,2,0,34,-34,1456,1538,78,79,11,-8,89,71,40,100,-50
4122,Jun 22 1996,European Championship in England,England,Spain,1928,1995,0,0,-2,2,1926,1997,8,4,0,0,8,4,40,100,33
4123,Jun 22 1996,European Championship in England,France,Netherlands,2031,1897,0,0,-9,9,2022,1906,3,12,0,0,3,12,30,100,234
4124,Jun 22 1996,Friendly in Honduras,Honduras,Venezuela,1550,1344,1,0,3,-3,1553,1341,68,119,0,0,68,119,20,100,306
4125,Jun 23 1996,World Cup qualifier in Barbados,Barbados,Jamaica,1318,1469,0,1,-17,17,1301,1486,130,80,-2,3,128,83,40,100,-51
4126,Jun 23 1996,European Championship in England,Czechia,Portugal,1914,1938,1,0,27,-27,1941,1911,2,14,4,-4,6,10,50,0,-24
4127,Jun 23 1996,European Championship in England,Germany,Croatia,2076,1913,2,1,14,-14,2090,1899,1,13,0,-1,1,12,50,0,163
4128,Jun 23 1996,World Cup qualifier in Ghana,Liberia,Gambia,1374,1329,4,0,33,-33,1407,1296,102,138,6,-8,108,130,40,0,45
4129,Jun 23 1996,World Cup qualifier in Saint Kitts and Nevis,Saint Kitts and Nevis,St Vincent & Grenadines,1212,1292,2,2,-1,1,1211,1293,150,131,0,0,150,131,20,100,20
4130,Jun 23 1996,World Cup qualifier in Trinidad and Tobago,Trinidad and Tobago,Dominican Republic,1594,1105,8,0,3,-3,1597,1102,54,173,1,-2,55,171,20,0,489
4131,Jun 25 1996,Friendly in Paraguay,Paraguay,Armenia,1785,1271,1,2,-19,19,1766,1290,26,129,-1,4,25,133,20,0,514
4132,Jun 26 1996,Friendly in Brazil,Brazil,Poland,2064,1661,3,1,2,-2,2066,1659,2,39,0,0,2,39,20,100,503
4133,Jun 26 1996,European Championship in England,Czechia,France,1941,2022,0,0,6,-6,1947,2016,6,3,0,0,6,3,50,0,-81
4134,Jun 26 1996,European Championship in England,England,Germany,1926,2090,1,1,5,-5,1931,2085,8,1,0,0,8,1,50,100,-64
4135,Jun 27 1996,Asian Cup qualifier in Thailand,Singapore,Myanmar,1282,1140,4,0,23,-23,1305,1117,118,172,9,-4,127,168,40,0,142
4136,Jun 27 1996,Asian Cup qualifier in Thailand,Thailand,Maldives,1449,769,8,0,1,-1,1450,768,93,207,0,0,93,207,20,0,680
4137,Jun 28 1996,Friendly in China,China,New Zealand,1609,1489,2,0,7,-7,1616,1482,48,86,2,-2,50,84,20,100,220
4138,Jun 28 1996,Asian Cup qualifier in Qatar,Qatar,Syria,1408,1456,1,0,17,-17,1425,1439,94,99,6,-5,100,94,30,0,-48
4139,Jun 29 1996,Asian Cup qualifier in Thailand,Singapore,Maldives,1305,768,2,0,3,-3,1308,765,127,207,0,0,127,207,40,0,537
4140,Jun 29 1996,Asian Cup qualifier in Thailand,Thailand,Myanmar,1450,1117,5,1,6,-6,1456,1111,86,168,3,0,89,168,40,100,433
4141,Jun 30 1996,Friendly in Ecuador,Ecuador,Armenia,1723,1290,3,0,2,-2,1725,1288,28,134,1,0,29,134,20,100,533
4142,Jun 30 1996,European Championship in England,Germany,Czechia,2085,1947,2,1,16,-16,2101,1931,1,8,0,-1,1,7,50,0,138
4143,Jun 30 1996,World Cup qualifier in Haiti,Haiti,Cuba,1332,1569,1,1,8,-8,1340,1561,119,64,1,0,120,64,40,100,-137
4144,Jun 30 1996,World Cup qualifier in Jamaica,Jamaica,Barbados,1486,1301,2,0,10,-10,1496,1291,78,133,2,-2,80,131,40,100,285
4145,Jun 30 1996,World Cup qualifier in St Vincent & Grenadines,St Vincent & Grenadines,Saint Kitts and Nevis,1293,1211,0,0,-10,10,1283,1221,140,148,-4,1,136,149,40,100,182
4146,Jul 1 1996,Asian Cup qualifier in Thailand,Myanmar,Maldives,1111,765,3,1,7,-7,1118,758,168,207,0,0,168,207,40,0,346
4147,Jul 1 1996,Asian Cup qualifier in Thailand,Thailand,Singapore,1456,1308,1,1,-12,12,1444,1320,97,121,-4,3,93,124,40,100,248
4148,Jul 4 1996,Asian Cup qualifier in Singapore,Singapore,Myanmar,1320,1118,2,2,-14,14,1306,1132,130,164,-3,2,127,166,40,100,302
4149,Jul 4 1996,Asian Cup qualifier in Singapore,Thailand,Maldives,1444,758,8,0,2,-2,1446,756,91,207,1,0,92,207,40,0,686
4150,Jul 5 1996,Asian Cup qualifier in Qatar,Qatar,Kazakhstan,1425,1538,3,0,36,-36,1461,1502,78,83,11,-6,89,77,40,100,-13
4151,Jul 6 1996,World Cup qualifier in Chile,Chile,Ecuador,1712,1725,4,1,26,-26,1738,1699,24,37,4,-4,28,33,40,100,87
4152,Jul 6 1996,Friendly in Malawi,Malawi,Tanzania,1421,1417,3,2,7,-7,1428,1410,98,106,2,0,100,106,20,100,104
4153,Jul 7 1996,World Cup qualifier in Bolivia,Bolivia,Venezuela,1671,1341,6,1,6,-6,1677,1335,35,123,1,-2,36,121,40,100,430
4154,Jul 7 1996,World Cup qualifier in Colombia,Colombia,Uruguay,1861,1797,3,1,17,-17,1878,1780,13,25,1,-2,14,23,40,100,164
4155,Jul 7 1996,Baltic Cup in Estonia,Estonia,Latvia,1100,1425,1,1,9,-9,1109,1416,166,108,3,-3,169,105,30,100,-225
4156,Jul 7 1996,World Cup qualifier in Peru,Peru,Argentina,1549,1819,0,0,9,-9,1558,1810,63,20,3,0,66,20,40,100,-170
4157,Jul 7 1996,Asian Cup qualifier in Singapore,Singapore,Maldives,1306,756,5,2,2,-2,1308,754,127,207,0,0,127,207,30,0,550
4158,Jul 7 1996,Asian Cup qualifier in Singapore,Thailand,Myanmar,1446,1132,7,1,12,-12,1458,1120,87,170,3,-2,90,168,40,0,314
4159,Jul 8 1996,Baltic Cup in Estonia,Lithuania,Latvia,1429,1416,2,1,14,-14,1443,1402,92,113,3,-4,95,109,30,0,13
4160,Jul 8 1996,Friendly in Malawi,Malawi,Tanzania,1428,1410,1,0,7,-7,1435,1403,96,110,2,-2,98,108,20,100,118
4161,Jul 9 1996,Baltic Cup in Estonia,Estonia,Lithuania,1109,1443,1,1,9,-9,1118,1434,169,101,0,-3,169,98,30,100,-234
4162,Jul 9 1996,Asian Cup qualifier in Singapore,Myanmar,Maldives,1120,754,4,1,8,-8,1128,746,164,209,2,-1,166,208,40,0,366
4163,Jul 9 1996,Asian Cup qualifier in Singapore,Singapore,Thailand,1308,1458,2,2,3,-3,1311,1455,127,92,0,-1,127,91,40,100,-50
4164,Jul 10 1996,Friendly in Malawi,Malawi,Tanzania,1435,1403,1,1,-4,4,1431,1407,99,104,-1,2,98,106,20,100,132
4165,Jul 12 1996,Asian Cup qualifier in Kazakhstan,Kazakhstan,Syria,1502,1439,0,1,-29,29,1473,1468,93,79,-8,8,85,87,40,100,163
4166,Jul 17 1996,Friendly in China,China,Uruguay,1616,1780,1,1,2,-2,1618,1778,50,23,0,0,50,23,20,100,-64
4167,Jul 19 1996,Asian Cup qualifier in Syria,Syria,Qatar,1468,1461,3,1,21,-21,1489,1440,77,100,5,-5,82,95,40,100,107
4168,Jul 21 1996,Friendly in Panama,Panama,Venezuela,1320,1335,0,2,-19,19,1301,1354,132,113,-4,4,128,117,20,100,85
4169,Jul 24 1996,Friendly in Honduras,Honduras,Panama,1553,1301,1,1,-8,8,1545,1309,71,126,-1,1,70,127,20,100,352
4170,Jul 26 1996,Friendly in Paraguay,Paraguay,Bolivia,1766,1677,2,0,8,-8,1774,1669,25,38,0,-1,25,37,20,100,189
4171,Jul 28 1996,Friendly in Honduras,Honduras,Trinidad and Tobago,1545,1597,0,0,-1,1,1544,1598,70,55,0,0,70,55,20,100,48
4172,Jul 28 1996,Friendly in Jamaica,Jamaica,Panama,1496,1309,0,0,-7,7,1489,1316,83,125,-2,1,81,126,20,100,287
4173,Jul 30 1996,Friendly in Panama,Panama,Trinidad and Tobago,1316,1598,1,0,15,-15,1331,1583,118,63,4,-4,122,59,20,100,-182
4174,Jul 31 1996,Friendly in Belarus,Belarus,Lithuania,1455,1434,2,2,-3,3,1452,1437,93,97,-1,0,92,97,20,100,121
4175,Aug 4 1996,Friendly in Costa Rica,Costa Rica,Honduras,1571,1544,1,1,-4,4,1567,1548,63,70,0,0,63,70,20,100,127
4176,Aug 4 1996,Friendly in Guatemala,Guatemala,Panama,1462,1331,1,0,4,-4,1466,1327,87,122,1,0,88,122,20,100,231
4177,Aug 4 1996,Asian Cup qualifier in Vietnam,Vietnam,Taiwan,1211,1020,4,1,11,-11,1222,1009,147,190,2,-1,149,189,40,100,291
4178,Aug 5 1996,Asian Cup qualifier in Vietnam,South Korea,Guam,1615,663,9,0,0,0,1615,663,51,213,0,0,51,213,20,0,952
4179,Aug 7 1996,Friendly in Panama,Panama,Honduras,1327,1548,2,1,13,-13,1340,1535,118,74,2,-2,120,72,20,100,-121
4180,Aug 7 1996,Asian Cup qualifier in Vietnam,Vietnam,Guam,1222,663,9,0,2,-2,1224,661,149,213,0,0,149,213,20,0,559
4181,Aug 8 1996,Friendly in China,China,Paraguay,1618,1774,0,2,-13,13,1605,1787,54,19,-2,3,52,22,20,100,-56
4182,Aug 8 1996,Asian Cup qualifier in Vietnam,South Korea,Taiwan,1615,1009,4,0,2,-2,1617,1007,49,189,1,0,50,189,30,0,606
4183,Aug 9 1996,Asian Cup qualifier in Jordan,Jordan,Pakistan,1317,871,4,0,3,-3,1320,868,125,201,0,-1,125,200,20,0,446
4184,Aug 10 1996,Asian Cup qualifier in Vietnam,Taiwan,Guam,1007,661,9,2,11,-11,1018,650,187,213,1,0,188,213,40,0,346
4185,Aug 11 1996,African Nations Cup qualifier in Benin,Benin,Mauritania,1138,1244,4,1,36,-36,1174,1208,162,161,1,-9,163,152,40,100,-6
4186,Aug 11 1996,African Nations Cup qualifier in Botswana,Botswana,Namibia,1023,1215,0,0,5,-5,1028,1210,185,149,1,1,186,150,20,0,-192
4187,Aug 11 1996,African Nations Cup qualifier in Congo,Congo,Togo,1421,1364,0,0,-8,8,1413,1372,106,115,-2,0,104,115,40,100,157
4188,Aug 11 1996,Friendly in Honduras,Honduras,Costa Rica,1535,1567,0,0,-2,2,1533,1569,72,63,0,0,72,63,20,100,68
4189,Aug 11 1996,Asian Cup qualifier in Jordan,Jordan,Iraq,1320,1649,0,1,-8,8,1312,1657,127,40,-1,0,126,40,40,100,-229
4190,Aug 11 1996,African Nations Cup qualifier in Mauritius,Mauritius,Seychelles,1167,927,1,0,5,-5,1172,922,165,196,-1,0,164,196,40,100,340
4191,Aug 11 1996,African Nations Cup qualifier in Uganda,Uganda,Ethiopia,1348,1336,1,1,-6,6,1342,1342,119,116,0,3,119,119,40,100,112
4192,Aug 11 1996,Asian Cup qualifier in Vietnam,Vietnam,South Korea,1224,1617,0,4,-12,12,1212,1629,149,40,0,5,149,45,40,100,-293
4193,Aug 13 1996,Asian Cup qualifier in Jordan,Iraq,Pakistan,1657,868,3,0,1,-1,1658,867,40,200,0,0,40,200,30,0,789
4194,Aug 13 1996,Friendly in Ukraine,Ukraine,Lithuania,1580,1437,5,2,7,-7,1587,1430,56,99,2,-1,58,98,20,100,243
4195,Aug 14 1996,Friendly in Greece,Greece,Albania,1631,1456,2,1,3,-3,1634,1453,44,92,0,-1,44,91,20,100,275
4196,Aug 14 1996,Friendly in Honduras,Honduras,El Salvador,1533,1538,2,1,7,-7,1540,1531,68,76,2,-3,70,73,20,100,95
4197,Aug 14 1996,Friendly in Hungary,Hungary,United Arab Emirates,1577,1555,3,1,10,-10,1587,1545,55,71,3,-2,58,69,20,100,122
4198,Aug 14 1996,Friendly in Iceland,Iceland,Malta,1559,1304,2,1,2,-2,1561,1302,63,128,1,0,64,128,20,100,355
4199,Aug 14 1996,Friendly in Latvia,Latvia,Finland,1402,1494,0,0,0,0,1402,1494,109,79,0,0,109,79,20,100,8
4200,Aug 14 1996,Friendly in Panama,Panama,Guatemala,1340,1466,1,0,11,-11,1351,1455,117,90,2,-1,119,89,20,100,-26
4201,Aug 14 1996,Friendly in Peru,Peru,Costa Rica,1558,1569,3,0,13,-13,1571,1556,60,69,3,-3,63,66,20,100,89
4202,Aug 14 1996,Friendly in Romania,Romania,Israel,1832,1622,2,0,4,-4,1836,1618,18,53,0,-3,18,50,20,100,310
4203,Aug 14 1996,Friendly in Sweden,Sweden,Denmark,1875,1935,0,1,-11,11,1864,1946,15,6,0,0,15,6,20,100,40
4204,Aug 14 1996,Friendly in Turkey,Turkey,Moldova,1705,1466,2,0,4,-4,1709,1462,32,88,0,0,32,88,20,100,339
4205,Aug 16 1996,Friendly in Ecuador,Ecuador,Costa Rica,1699,1556,1,1,-6,6,1693,1562,35,62,-1,2,34,64,20,100,243
4206,Aug 17 1996,Friendly in Rwanda,Rwanda,Uganda,1084,1342,0,0,4,-4,1088,1338,173,124,1,-2,174,122,20,100,-158
4207,Aug 18 1996,Friendly in the United States,Guatemala,Honduras,1455,1540,1,1,2,-2,1457,1538,89,70,0,0,89,70,20,0,-85
4208,Aug 20 1996,Friendly in Oman,Oman,Mali,1291,1317,1,0,8,-8,1299,1309,129,129,1,-2,130,127,20,100,74
4209,Aug 20 1996,Friendly in Togo,Togo,Benin,1372,1174,2,0,5,-5,1377,1169,113,165,1,-1,114,164,20,100,298
4210,Aug 20 1996,Friendly in Germany,United Arab Emirates,Belarus,1545,1452,1,0,7,-7,1552,1445,67,94,1,-1,68,93,20,0,93
4211,Aug 21 1996,Friendly in El Salvador,El Salvador,Honduras,1531,1538,1,2,-13,13,1518,1551,75,68,-1,1,74,69,20,100,93
4212,Aug 22 1996,Friendly in Oman,Oman,Mali,1299,1309,1,1,-3,3,1296,1312,130,123,0,2,130,125,20,100,90
4213,Aug 24 1996,Friendly in Panama,Panama,Jamaica,1351,1489,2,0,17,-17,1368,1472,113,93,3,-6,116,87,20,100,-38
4214,Aug 24 1996,African Nations Cup qualifier in the Seychelles,Seychelles,Mauritius,922,1172,1,1,8,-8,930,1164,196,165,0,-1,196,164,40,100,-150
4215,Aug 25 1996,African Nations Cup qualifier in Ethiopia,Ethiopia,Uganda,1342,1338,1,1,-6,6,1336,1344,124,118,-2,2,122,120,40,100,104
4216,Aug 25 1996,Friendly in Honduras,Honduras,Cuba,1551,1561,4,0,14,-14,1565,1547,59,75,5,-5,64,70,20,100,90
4217,Aug 25 1996,Friendly in Japan,Japan,Uruguay,1724,1778,5,3,13,-13,1737,1765,28,26,1,-1,29,25,20,100,46
4218,Aug 25 1996,African Nations Cup qualifier in Namibia,Namibia,Botswana,1210,1028,6,0,14,-14,1224,1014,146,192,2,-3,148,189,40,100,282
4219,Aug 25 1996,African Nations Cup qualifier in Togo,Togo,Congo,1377,1413,1,0,16,-16,1393,1397,106,114,4,-5,110,109,40,100,64
4220,Aug 26 1996,Friendly in Costa Rica,Costa Rica,Chile,1562,1738,1,1,2,-2,1564,1736,65,30,0,-1,65,29,20,100,-76
4221,Aug 27 1996,Friendly in Guatemala,Guatemala,Jamaica,1457,1472,2,1,8,-8,1465,1464,85,89,2,-1,87,88,20,100,85
4222,Aug 27 1996,Friendly in Poland,Poland,Cyprus,1659,1383,2,2,-8,8,1651,1391,41,108,-1,3,40,111,20,100,376
4223,Aug 28 1996,Friendly in Honduras,Honduras,Cuba,1565,1547,2,2,-3,3,1562,1550,66,68,-1,1,65,69,20,100,118
4224,Aug 28 1996,Friendly in Oman,Oman,Sudan,1296,1429,0,0,1,-1,1297,1428,130,100,0,0,130,100,20,100,-33
4225,Aug 28 1996,Friendly in Russia,Russia,Brazil,1887,2066,2,2,2,-2,1889,2064,13,2,0,0,13,2,20,100,-79
4226,Aug 29 1996,Friendly in Morocco,Morocco,Zaire,1612,1527,7,0,12,-12,1624,1515,43,77,4,-2,47,75,20,100,185
4227,Aug 30 1996,World Cup qualifier in Canada,Canada,Panama,1605,1368,3,1,8,-8,1613,1360,52,118,0,-1,52,117,40,100,337
4228,Aug 30 1996,Friendly in Guatemala,Guatemala,Cuba,1465,1550,1,1,0,0,1465,1550,87,69,0,0,87,69,20,100,15
4229,Aug 30 1996,African Nations Cup qualifier in Mauritania,Mauritania,Benin,1208,1169,0,0,-8,8,1200,1177,158,161,-3,1,155,162,40,100,139
4230,Aug 30 1996,Friendly in the United States,United States,El Salvador,1717,1518,3,1,5,-5,1722,1513,31,77,0,-2,31,75,20,100,299
4231,Aug 31 1996,World Cup qualifier in Armenia,Armenia,Portugal,1288,1911,0,0,18,-18,1306,1893,122,14,6,-2,128,12,40,100,-523
4232,Aug 31 1996,World Cup qualifier in Austria,Austria,Scotland,1696,1786,0,0,-1,1,1695,1787,33,21,0,1,33,22,40,100,10
4233,Aug 31 1996,World Cup qualifier in Azerbaijan,Azerbaijan,Switzerland,1445,1759,1,0,31,-31,1476,1728,77,34,8,-4,85,30,40,100,-214
4234,Aug 31 1996,World Cup qualifier in Belarus,Belarus,Estonia,1445,1118,1,0,3,-3,1448,1115,95,169,-1,0,94,169,20,0,327
4235,Aug 31 1996,World Cup qualifier in Belgium,Belgium,Turkey,1775,1709,2,1,11,-11,1786,1698,24,32,0,0,24,32,40,100,166
4236,Aug 31 1996,World Cup qualifier in the Faroe Islands,Faroe Islands,Slovakia,1183,1679,1,2,-4,4,1179,1683,162,35,-1,0,161,35,40,100,-396
4237,Aug 31 1996,Friendly in France,France,Mexico,2016,1849,2,0,5,-5,2021,1844,3,18,0,-1,3,17,20,100,267
4238,Aug 31 1996,World Cup qualifier in Liechtenstein,Liechtenstein,Ireland,1097,1731,0,5,-4,4,1093,1735,173,28,0,1,173,29,40,100,-534
4239,Aug 31 1996,Friendly in the Netherlands,Netherlands,Brazil,1906,2064,2,2,2,-2,1908,2062,9,2,1,0,10,2,20,100,-58
4240,Aug 31 1996,World Cup qualifier in Northern Ireland,Northern Ireland,Ukraine,1639,1587,0,1,-28,28,1611,1615,64,44,-11,7,53,51,40,100,152
4241,Aug 31 1996,Friendly in Oman,Oman,Sudan,1297,1428,0,1,-9,9,1288,1437,138,94,-4,3,134,97,20,100,-31
4242,Aug 31 1996,World Cup qualifier in Romania,Romania,Lithuania,1836,1430,3,0,4,-4,1840,1426,18,104,0,-3,18,101,40,100,506
4243,Aug 31 1996,World Cup qualifier in Wales,Wales,San Marino,1619,959,6,0,1,-1,1620,958,48,192,1,0,49,192,20,0,660
4244,Sep 1 1996,World Cup qualifier in Argentina,Argentina,Paraguay,1810,1787,1,1,-7,7,1803,1794,20,20,0,1,20,21,40,100,123
4245,Sep 1 1996,World Cup qualifier in Bolivia,Bolivia,Peru,1669,1571,0,0,-10,10,1659,1581,39,57,-1,3,38,60,40,100,198
4246,Sep 1 1996,World Cup qualifier in Colombia,Colombia,Chile,1878,1736,4,1,14,-14,1892,1722,12,32,1,-2,13,30,40,100,242
4247,Sep 1 1996,World Cup qualifier in Ecuador,Ecuador,Venezuela,1693,1354,1,0,3,-3,1696,1351,32,120,1,-1,33,119,40,100,439
4248,Sep 1 1996,World Cup qualifier in Greece,Greece,Bosnia and Herzegovina,1634,1595,3,0,22,-22,1656,1573,37,70,3,-7,40,63,40,100,139
4249,Sep 1 1996,World Cup qualifier in Hungary,Hungary,Finland,1587,1494,1,0,10,-10,1597,1484,53,83,3,-2,56,81,40,100,193
4250,Sep 1 1996,World Cup qualifier in Israel,Israel,Bulgaria,1618,1848,2,1,27,-27,1645,1821,36,22,7,-3,43,19,40,100,-130
4251,Sep 1 1996,World Cup qualifier in Latvia,Latvia,Sweden,1402,1864,1,2,-4,4,1398,1868,108,15,0,0,108,15,40,100,-362
4252,Sep 1 1996,World Cup qualifier in Moldova,Moldova,England,1462,1931,0,3,-7,7,1455,1938,90,7,0,0,90,7,40,100,-369
4253,Sep 1 1996,Friendly in Norway,Norway,Georgia,1821,1638,1,0,3,-3,1824,1635,17,46,1,-2,18,44,20,100,283
4254,Sep 1 1996,World Cup qualifier in Russia,Russia,Cyprus,1889,1391,4,0,2,-2,1891,1389,15,115,-1,-2,14,113,20,0,498
4255,Sep 1 1996,World Cup qualifier in Slovenia,Slovenia,Denmark,1585,1946,0,2,-11,11,1574,1957,64,6,-2,0,62,6,40,100,-261
4256,Sep 1 1996,World Cup qualifier in Trinidad and Tobago,Trinidad and Tobago,Costa Rica,1583,1564,0,1,-27,27,1556,1591,71,52,-5,6,66,58,40,100,119
4257,Sep 2 1996,Southeast Asian Champ in Singapore,Indonesia,Laos,1275,966,5,1,11,-11,1286,955,133,196,2,-3,135,193,40,0,309
4258,Sep 2 1996,Southeast Asian Champ in Singapore,Singapore,Malaysia,1311,1248,1,1,-9,9,1302,1257,129,138,-1,1,128,139,40,100,163
4259,Sep 2 1996,Southeast Asian Champ in Singapore,Thailand,Philippines,1455,789,5,0,2,-2,1457,787,90,206,0,0,90,206,40,0,666
4260,Sep 2 1996,Southeast Asian Champ in Singapore,Vietnam,Cambodia,1212,1123,3,1,22,-22,1234,1101,138,177,6,-5,144,172,40,0,89
4261,Sep 4 1996,Friendly in Czechia,Czechia,Iceland,1931,1561,2,1,1,-1,1932,1560,8,65,0,0,8,65,20,100,470
4262,Sep 4 1996,World Cup qualifier in the Faroe Islands,Faroe Islands,Spain,1179,1997,2,6,-1,1,1178,1998,161,4,0,0,161,4,20,100,-718
4263,Sep 4 1996,Friendly in Jamaica,Jamaica,Costa Rica,1464,1591,2,0,16,-16,1480,1575,81,62,4,-2,85,60,20,100,-27
4264,Sep 4 1996,Southeast Asian Champ in Singapore,Malaysia,Philippines,1257,787,7,0,6,-6,1263,781,137,206,1,0,138,206,40,0,470
4265,Sep 4 1996,Friendly in Poland,Poland,Germany,1651,2101,0,2,-4,4,1647,2105,41,1,0,0,41,1,20,100,-350
4266,Sep 4 1996,Southeast Asian Champ in Singapore,Singapore,Brunei,1302,815,3,0,2,-2,1304,813,128,205,0,0,128,205,20,0,487
4267,Sep 5 1996,Southeast Asian Champ in Singapore,Laos,Vietnam,955,1234,1,1,13,-13,968,1221,187,154,3,-5,190,149,40,0,-279
4268,Sep 5 1996,Friendly in Lebanon,Lebanon,Oman,1361,1288,1,2,-15,15,1346,1303,122,124,-3,5,119,129,20,100,173
4269,Sep 5 1996,Southeast Asian Champ in Singapore,Myanmar,Cambodia,1128,1101,5,0,37,-37,1165,1064,162,184,2,-6,164,178,40,0,27
4270,Sep 6 1996,Southeast Asian Champ in Singapore,Singapore,Philippines,1304,781,3,0,2,-2,1306,779,126,206,1,0,127,206,20,0,523
4271,Sep 6 1996,Southeast Asian Champ in Singapore,Thailand,Brunei,1457,813,6,0,2,-2,1459,811,90,205,0,0,90,205,30,0,644
4272,Sep 7 1996,Southeast Asian Champ in Singapore,Indonesia,Cambodia,1286,1064,3,0,15,-15,1301,1049,127,180,4,-1,131,179,40,0,222
4273,Sep 7 1996,Southeast Asian Champ in Singapore,Vietnam,Myanmar,1221,1165,4,1,29,-29,1250,1136,133,166,8,-1,141,165,40,0,56
4274,Sep 8 1996,Southeast Asian Champ in Singapore,Brunei,Philippines,811,779,1,0,18,-18,829,761,201,206,2,0,203,206,40,0,32
4275,Sep 8 1996,World Cup qualifier in El Salvador,El Salvador,Cuba,1513,1550,5,0,33,-33,1546,1517,65,77,5,-4,70,73,30,0,-37
4276,Sep 8 1996,Friendly in Lebanon,Lebanon,Oman,1346,1303,2,1,6,-6,1352,1297,117,135,1,-3,118,132,20,100,143
4277,Sep 8 1996,Southeast Asian Champ in Singapore,Malaysia,Thailand,1263,1459,1,1,10,-10,1273,1449,138,96,0,-3,138,93,40,0,-196
4278,Sep 9 1996,Southeast Asian Champ in Singapore,Indonesia,Myanmar,1301,1136,6,1,22,-22,1323,1114,120,171,5,-3,125,168,40,0,165
4279,Sep 9 1996,Southeast Asian Champ in Singapore,Laos,Cambodia,968,1049,1,0,25,-25,993,1024,190,193,0,-7,190,186,40,0,-81
4280,Sep 10 1996,Southeast Asian Champ in Singapore,Malaysia,Brunei,1273,829,6,0,6,-6,1279,823,138,203,0,0,138,203,40,0,444
4281,Sep 10 1996,Southeast Asian Champ in Singapore,Singapore,Thailand,1306,1449,0,1,-18,18,1288,1467,142,85,-7,4,135,89,40,100,-43
4282,Sep 11 1996,Southeast Asian Champ in Singapore,Indonesia,Vietnam,1323,1250,1,1,-4,4,1319,1254,125,139,0,1,125,140,40,0,73
4283,Sep 11 1996,Friendly in Japan,Japan,Uzbekistan,1737,1676,1,0,6,-6,1743,1670,27,36,0,0,27,36,20,100,161
4284,Sep 11 1996,Southeast Asian Champ in Singapore,Myanmar,Laos,1114,993,4,2,20,-20,1134,973,164,190,2,0,166,190,40,0,121
4285,Sep 13 1996,Southeast Asian Champ in Singapore,Malaysia,Indonesia,1279,1319,3,1,33,-33,1312,1286,112,147,13,-11,125,136,40,0,-40
4286,Sep 13 1996,Southeast Asian Champ in Singapore,Thailand,Vietnam,1467,1254,4,2,14,-14,1481,1240,81,146,4,-3,85,143,40,0,213
4287,Sep 14 1996,Simba Cup in South Africa,Australia,Ghana,1669,1625,2,0,20,-20,1689,1605,33,60,2,-7,35,53,30,0,44
4288,Sep 14 1996,Simba Cup in South Africa,South Africa,Kenya,1753,1483,1,0,3,-3,1756,1480,26,88,0,-3,26,85,20,0,270
4289,Sep 15 1996,World Cup qualifier in Jamaica,Jamaica,Honduras,1480,1562,3,0,33,-33,1513,1529,67,80,9,-8,76,72,40,100,18
4290,Sep 15 1996,Friendly in Senegal,Senegal,Mali,1430,1312,1,0,4,-4,1434,1308,97,127,1,-1,98,126,20,100,218
4291,Sep 15 1996,World Cup qualifier in St Vincent & Grenadines,St Vincent & Grenadines,Mexico,1283,1844,0,3,-5,5,1278,1849,136,16,1,0,137,16,40,100,-461
4292,Sep 15 1996,Southeast Asian Champ in Singapore,Thailand,Malaysia,1481,1312,1,0,11,-11,1492,1301,76,133,4,-4,80,129,40,0,169
4293,Sep 15 1996,Southeast Asian Champ in Singapore,Vietnam,Indonesia,1240,1286,3,2,23,-23,1263,1263,133,140,5,-2,138,138,40,0,-46
4294,Sep 16 1996,World Cup qualifier in Papua New Guinea,Papua New Guinea,Solomon Islands,1074,1284,1,1,6,-6,1080,1278,175,136,1,0,176,136,40,100,-110
4295,Sep 17 1996,Friendly in Oman,Oman,Zambia,1297,1646,0,0,6,-6,1303,1640,125,44,3,-1,128,43,20,100,-249
4296,Sep 18 1996,World Cup qualifier in Czechia,Czechia,Malta,1932,1302,6,0,1,-1,1933,1301,8,129,0,0,8,129,20,0,630
4297,Sep 18 1996,Simba Cup in South Africa,Ghana,Kenya,1605,1480,1,0,10,-10,1615,1470,47,92,3,-3,50,89,30,0,125
4298,Sep 18 1996,Friendly in Romania,Romania,United Arab Emirates,1840,1552,1,2,-18,18,1822,1570,19,61,-1,3,18,64,20,100,388
4299,Sep 18 1996,World Cup qualifier in Papua New Guinea,Solomon Islands,Vanuatu,1278,1032,1,1,-12,12,1266,1044,138,179,-1,2,137,181,40,0,246
4300,Sep 18 1996,Simba Cup in South Africa,South Africa,Australia,1756,1689,2,0,12,-12,1768,1677,24,37,1,-1,25,36,20,0,67
4301,Sep 19 1996,Friendly in El Salvador,El Salvador,Venezuela,1546,1351,0,1,-17,17,1529,1368,73,113,-2,3,71,116,20,100,295
4302,Sep 20 1996,World Cup qualifier in Papua New Guinea,Papua New Guinea,Vanuatu,1080,1044,2,1,13,-13,1093,1031,168,185,4,-2,172,183,30,0,36
4303,Sep 20 1996,World Cup qualifier in Qatar,Qatar,Sri Lanka,1440,949,3,0,2,-2,1442,947,95,194,0,0,95,194,20,0,491
4304,Sep 21 1996,Simba Cup in South Africa,Australia,Kenya,1677,1470,4,0,13,-13,1690,1457,34,91,1,-1,35,90,30,0,207
4305,Sep 21 1996,World Cup qualifier in Honduras,Honduras,Mexico,1529,1849,2,1,31,-31,1560,1818,59,22,6,-3,65,19,40,100,-220
4306,Sep 21 1996,World Cup qualifier in Qatar,India,Philippines,1058,761,2,0,9,-9,1067,752,178,206,0,0,178,206,40,0,297
4307,Sep 21 1996,Simba Cup in South Africa,South Africa,Ghana,1768,1615,0,0,-9,9,1759,1624,27,42,-1,4,26,46,30,100,253
4308,Sep 22 1996,Friendly in Guinea,Guinea,Gabon,1324,1516,0,1,-7,7,1317,1523,124,74,0,0,124,74,20,100,-92
4309,Sep 22 1996,World Cup qualifier in Panama,Panama,Cuba,1360,1517,1,3,-25,25,1335,1542,127,67,-5,3,122,70,40,100,-57
4310,Sep 22 1996,Friendly in Saudi Arabia,Saudi Arabia,Zambia,1605,1640,2,1,8,-8,1613,1632,50,45,2,-1,52,44,20,100,65
4311,Sep 22 1996,World Cup qualifier in Slovakia,Slovakia,Malta,1683,1301,6,0,5,-5,1688,1296,36,133,0,-2,36,131,40,100,482
4312,Sep 23 1996,Friendly in Mali,Mali,Guinea,1308,1317,0,0,-3,3,1305,1320,128,124,-1,0,127,124,20,100,91
4313,Sep 23 1996,World Cup qualifier in Qatar,Qatar,Philippines,1442,752,5,0,1,-1,1443,751,95,208,0,-1,95,207,20,0,690
4314,Sep 23 1996,World Cup qualifier in St Vincent & Grenadines,St Vincent & Grenadines,Jamaica,1278,1513,1,2,-13,13,1265,1526,138,72,-1,2,137,74,40,100,-135
4315,Sep 24 1996,World Cup qualifier in Qatar,India,Sri Lanka,1067,947,1,1,-7,7,1060,954,178,194,0,0,178,194,40,0,120
4316,Sep 25 1996,Friendly in the United States,El Salvador,Guatemala,1529,1465,2,1,8,-8,1537,1457,71,89,1,0,72,89,20,0,64
4317,Sep 25 1996,Friendly in Oman,Oman,Mozambique,1303,1354,0,2,-17,17,1286,1371,142,115,-7,1,135,116,20,100,49
4318,Sep 25 1996,Friendly in Poland,Poland,United Arab Emirates,1647,1570,1,0,5,-5,1652,1565,41,64,0,0,41,64,20,100,177
4319,Sep 25 1996,Friendly in Saudi Arabia,Saudi Arabia,Zambia,1613,1632,1,3,-18,18,1595,1650,58,40,-3,2,55,42,20,100,81
4320,Sep 25 1996,Friendly in South Korea,South Korea,China,1629,1605,3,1,10,-10,1639,1595,43,55,1,0,44,55,20,100,124
4321,Sep 25 1996,Friendly in Syria,Syria,Sudan,1489,1437,1,2,-14,14,1475,1451,90,89,-4,4,86,93,20,100,152
4322,Sep 26 1996,World Cup qualifier in Qatar,Sri Lanka,Philippines,954,751,3,0,17,-17,971,734,188,209,3,-1,191,208,40,0,203
4323,Sep 27 1996,World Cup qualifier in Qatar,Qatar,India,1443,1060,6,0,5,-5,1448,1055,94,178,1,0,95,178,40,100,483
4324,Sep 29 1996,Friendly in Gabon,Gabon,Mali,1523,1305,1,1,-7,7,1516,1312,75,123,0,2,75,125,20,100,318
4325,Sep 29 1996,Friendly in Oman,Oman,New Zealand,1286,1482,0,1,-7,7,1279,1489,135,81,0,1,135,82,20,100,-96
4326,Sep 29 1996,Friendly in Syria,Syria,Sudan,1475,1451,1,0,7,-7,1482,1444,82,99,2,-3,84,96,20,100,124
4327,Sep 29 1996,Friendly in Zimbabwe,Zimbabwe,Tanzania,1506,1407,1,0,5,-5,1511,1402,77,109,0,-2,77,107,20,100,199
4328,Oct 1 1996,Friendly in Oman,Oman,New Zealand,1279,1489,1,2,-7,7,1272,1496,135,78,0,2,135,80,20,100,-110
4329,Oct 2 1996,Friendly in Venezuela,Venezuela,Costa Rica,1368,1575,2,0,19,-19,1387,1556,111,72,3,-6,114,66,20,100,-107
4330,Oct 3 1996,Friendly in Lebanon,Lebanon,Bahrain,1352,1408,2,3,-11,11,1341,1419,120,102,-1,1,119,103,20,100,44
4331,Oct 3 1996,Friendly in Saudi Arabia,Saudi Arabia,New Zealand,1595,1496,3,0,8,-8,1603,1488,53,84,1,-2,54,82,20,100,199
4332,Oct 4 1996,African Nations Cup qualifier in Algeria,Algeria,Ivory Coast,1589,1538,4,1,21,-21,1610,1517,50,77,4,-3,54,74,40,100,151
4333,Oct 4 1996,Friendly in Ecuador,Ecuador,Jamaica,1696,1526,2,1,3,-3,1699,1523,31,70,1,2,32,72,20,100,270
4334,Oct 4 1996,African Nations Cup qualifier in Egypt,Egypt,Morocco,1621,1624,1,1,-5,5,1616,1629,51,46,-1,0,50,46,40,100,97
4335,Oct 4 1996,Friendly in Kuwait,Kuwait,Iran,1533,1594,0,1,-11,11,1522,1605,73,53,0,2,73,55,20,100,39
4336,Oct 5 1996,World Cup qualifier in Estonia,Estonia,Belarus,1115,1448,1,0,32,-32,1147,1416,162,114,3,-10,165,104,40,100,-233
4337,Oct 5 1996,World Cup qualifier in Latvia,Latvia,Scotland,1398,1787,0,2,-10,10,1388,1797,116,19,-4,2,112,21,40,100,-289
4338,Oct 5 1996,World Cup qualifier in Lithuania,Lithuania,Iceland,1426,1560,2,0,33,-33,1459,1527,77,78,12,-7,89,71,40,100,-34
4339,Oct 5 1996,World Cup qualifier in Moldova,Moldova,Italy,1455,1982,1,3,-5,5,1450,1987,99,5,-4,0,95,5,40,100,-427
4340,Oct 5 1996,World Cup qualifier in Northern Ireland,Northern Ireland,Armenia,1611,1306,1,1,-16,16,1595,1322,61,121,-4,3,57,124,40,100,405
4341,Oct 5 1996,Friendly in Qatar,Qatar,New Zealand,1448,1488,3,2,8,-8,1456,1480,90,88,2,-3,92,85,20,100,60
4342,Oct 5 1996,African Nations Cup qualifier in Togo,Togo,Tanzania,1393,1402,2,1,15,-15,1408,1387,100,119,5,-6,105,113,30,0,-9
4343,Oct 5 1996,World Cup qualifier in Ukraine,Ukraine,Portugal,1615,1893,2,1,29,-29,1644,1864,37,18,7,-3,44,15,40,100,-178
4344,Oct 5 1996,World Cup qualifier in Wales,Wales,Netherlands,1620,1908,1,3,-15,15,1605,1923,57,10,-4,0,53,10,40,100,-188
4345,Oct 6 1996,African Nations Cup qualifier in Benin,Benin,Mali,1177,1312,1,2,-18,18,1159,1330,164,120,-1,3,163,123,40,100,-35
4346,Oct 6 1996,African Nations Cup qualifier in Central African Republic,Central African Republic,Guinea,1230,1320,2,3,-21,21,1209,1341,156,113,-5,6,151,119,40,100,10
4347,Oct 6 1996,African Nations Cup qualifier in Ethiopia,Ethiopia,Senegal,1336,1434,1,2,-20,20,1316,1454,131,86,-5,6,126,92,40,100,2
4348,Oct 6 1996,World Cup qualifier in the Faroe Islands,Faroe Islands,Yugoslavia,1178,1924,1,8,-2,2,1176,1926,161,9,0,0,161,9,30,100,-646
4349,Oct 6 1996,World Cup qualifier in Finland,Finland,Switzerland,1484,1728,2,3,-12,12,1472,1740,94,27,-6,1,88,28,40,100,-144
4350,Oct 6 1996,African Nations Cup qualifier in Gabon,Gabon,Cameroon,1516,1555,0,0,-3,3,1513,1558,77,63,-1,2,76,65,30,100,61
4351,Oct 6 1996,African Nations Cup qualifier in Ghana,Ghana,Angola,1624,1491,2,1,8,-8,1632,1483,46,81,1,0,47,81,40,100,233
4352,Oct 6 1996,African Nations Cup qualifier in Mauritius,Mauritius,Malawi,1164,1431,1,2,-11,11,1153,1442,164,93,0,3,164,96,40,100,-167
4353,Oct 6 1996,African Nations Cup qualifier in Namibia,Namibia,Kenya,1224,1457,1,0,27,-27,1251,1430,135,104,7,-7,142,97,40,100,-133
4354,Oct 6 1996,World Cup qualifier in Panama,Panama,El Salvador,1335,1537,1,1,6,-6,1341,1531,116,72,3,-1,119,71,40,100,-102
4355,Oct 6 1996,African Nations Cup qualifier in Sudan,Sudan,Zimbabwe,1444,1511,0,3,-38,38,1406,1549,116,57,-10,10,106,67,40,100,33
4356,Oct 6 1996,World Cup qualifier in Trinidad and Tobago,Trinidad and Tobago,Guatemala,1556,1457,1,1,-10,10,1546,1467,73,88,-4,1,69,89,40,100,199
4357,Oct 6 1996,African Nations Cup qualifier in Tunisia,Tunisia,Sierra Leone,1622,1439,2,0,10,-10,1632,1429,45,99,2,-1,47,98,40,100,283
4358,Oct 6 1996,African Nations Cup qualifier in Zaire,Zaire,Liberia,1515,1407,0,0,-11,11,1504,1418,78,98,-1,4,77,102,40,100,208
4359,Oct 6 1996,African Nations Cup qualifier in Zambia,Zambia,Mozambique,1650,1371,1,0,4,-4,1654,1367,40,117,1,0,41,117,40,100,379
4360,Oct 7 1996,Friendly in Oman,Oman,Azerbaijan,1272,1476,2,0,19,-19,1291,1457,129,95,3,-5,132,90,20,100,-104
4361,Oct 8 1996,World Cup qualifier in Italy,Croatia,Bosnia and Herzegovina,1899,1573,4,1,9,-9,1908,1564,11,64,0,-1,11,63,40,0,326
4362,Oct 8 1996,Friendly in the United Arab Emirates,Cyprus,Kuwait,1389,1522,1,1,4,-4,1393,1518,107,74,2,0,109,74,20,0,-133
4363,Oct 8 1996,World Cup qualifier in Luxembourg,Luxembourg,Bulgaria,1261,1821,1,2,-3,3,1258,1824,140,14,0,2,140,16,40,100,-460
4364,Oct 8 1996,World Cup qualifier in Uruguay,Uruguay,Bolivia,1765,1659,1,0,9,-9,1774,1650,25,46,0,-4,25,42,40,100,206
4365,Oct 9 1996,World Cup qualifier in Albania,Albania,Portugal,1453,1864,0,3,-10,10,1443,1874,97,13,-2,1,95,14,40,100,-311
4366,Oct 9 1996,World Cup qualifier in Armenia,Armenia,Germany,1322,2105,1,5,-1,1,1321,2106,125,1,0,0,125,1,20,100,-683
4367,Oct 9 1996,World Cup qualifier in Belarus,Belarus,Latvia,1416,1388,1,1,-7,7,1409,1395,104,106,0,3,104,109,40,100,128
4368,Oct 9 1996,Friendly in Costa Rica,Costa Rica,Jamaica,1556,1523,0,0,-4,4,1552,1527,66,71,0,1,66,72,20,100,133
4369,Oct 9 1996,World Cup qualifier in Czechia,Czechia,Spain,1933,1998,0,0,-2,2,1931,2000,8,4,0,0,8,4,30,100,35
4370,Oct 9 1996,World Cup qualifier in Denmark,Denmark,Greece,1957,1656,2,1,4,-4,1961,1652,6,43,0,-2,6,41,40,100,401
4371,Oct 9 1996,World Cup qualifier in Ecuador,Ecuador,Colombia,1699,1892,0,1,-15,15,1684,1907,40,12,-4,0,36,12,40,100,-93
4372,Oct 9 1996,World Cup qualifier in England,England,Poland,1938,1652,2,1,4,-4,1942,1648,7,45,0,-2,7,43,40,100,386
4373,Oct 9 1996,Friendly in France,France,Turkey,2021,1698,4,0,3,-3,2024,1695,3,33,0,0,3,33,20,100,423
4374,Oct 9 1996,World Cup qualifier in Iceland,Iceland,Romania,1527,1822,0,4,-18,18,1509,1840,80,12,-4,3,76,15,40,100,-195
4375,Oct 9 1996,World Cup qualifier in Ireland,Ireland,Macedonia,1735,1549,3,0,11,-11,1746,1538,25,73,2,-3,27,70,40,100,286
4376,Oct 9 1996,World Cup qualifier in Israel,Israel,Russia,1645,1891,1,1,8,-8,1653,1883,37,13,3,0,40,13,40,100,-146
4377,Oct 9 1996,World Cup qualifier in Italy,Italy,Georgia,1987,1635,1,0,3,-3,1990,1632,5,46,0,0,5,46,30,0,352
4378,Oct 9 1996,Friendly in Lebanon,Lebanon,New Zealand,1341,1480,1,1,1,-1,1342,1479,119,84,0,0,119,84,20,100,-39
4379,Oct 9 1996,World Cup qualifier in Lithuania,Lithuania,Liechtenstein,1459,1093,2,1,3,-3,1462,1090,89,174,0,-1,89,173,30,0,366
4380,Oct 9 1996,World Cup qualifier in Norway,Norway,Hungary,1824,1597,3,0,9,-9,1833,1588,18,60,-1,-2,17,58,40,100,327
4381,Oct 9 1996,World Cup qualifier in Paraguay,Paraguay,Chile,1794,1722,2,1,11,-11,1805,1711,20,34,1,-2,21,32,40,100,172
4382,Oct 9 1996,World Cup qualifier in San Marino,San Marino,Belgium,958,1786,0,3,-1,1,957,1787,195,24,-1,0,194,24,20,100,-728
4383,Oct 9 1996,Friendly in Saudi Arabia,Saudi Arabia,Australia,1603,1690,0,0,0,0,1603,1690,55,33,0,1,55,34,20,100,13
4384,Oct 9 1996,World Cup qualifier in Sweden,Sweden,Austria,1868,1695,0,1,-33,33,1835,1728,18,26,-2,4,16,30,40,100,273
4385,Oct 9 1996,World Cup qualifier in Venezuela,Venezuela,Argentina,1387,1803,2,5,-10,10,1377,1813,117,20,-2,0,115,20,40,100,-316
4386,Oct 10 1996,World Cup qualifier in Canada,Canada,Cuba,1613,1542,2,0,16,-16,1629,1526,47,75,2,-3,49,72,40,100,171
4387,Oct 13 1996,World Cup qualifier in Canada,Canada,Cuba,1629,1526,2,0,14,-14,1643,1512,41,78,4,-3,45,75,40,100,203
4388,Oct 13 1996,Friendly in Japan,Japan,Tunisia,1743,1632,1,0,5,-5,1748,1627,26,54,1,-4,27,50,20,100,211
4389,Oct 13 1996,World Cup qualifier in St Vincent & Grenadines,St Vincent & Grenadines,Honduras,1265,1560,1,4,-17,17,1248,1577,147,56,-5,4,142,60,40,100,-195
4390,Oct 15 1996,Gulf Cup in Oman,Oman,Saudi Arabia,1291,1603,0,1,-9,9,1282,1612,138,49,-3,3,135,52,40,100,-212
4391,Oct 16 1996,Friendly in Brazil,Brazil,Lithuania,2062,1462,3,1,1,-1,2063,1461,2,91,0,-1,2,90,20,0,600
4392,Oct 16 1996,Gulf Cup in Oman,Kuwait,Bahrain,1518,1419,1,0,14,-14,1532,1405,68,113,2,-6,70,107,40,0,99
4393,Oct 16 1996,World Cup qualifier in Mexico,Mexico,Jamaica,1818,1527,2,1,4,-4,1822,1523,19,73,0,-1,19,72,40,100,391
4394,Oct 16 1996,Friendly in Peru,Peru,United States,1581,1722,4,1,20,-20,1601,1702,53,33,3,-1,56,32,20,100,-41
4395,Oct 16 1996,Gulf Cup in Oman,Qatar,United Arab Emirates,1456,1565,1,0,26,-26,1482,1539,73,73,9,-5,82,68,40,0,-109
4396,Oct 18 1996,Gulf Cup in Oman,Bahrain,United Arab Emirates,1405,1539,1,1,7,-7,1412,1532,99,72,4,-2,103,70,40,0,-134
4397,Oct 18 1996,Friendly in Benin,Benin,Ghana,1159,1632,0,0,8,-8,1167,1624,163,53,0,-3,163,50,20,100,-373
4398,Oct 18 1996,Gulf Cup in Oman,Oman,Kuwait,1282,1532,1,2,-12,12,1270,1544,135,66,0,2,135,68,40,100,-150
4399,Oct 19 1996,Friendly in Gabon,Gabon,Burkina Faso,1513,1386,2,0,6,-6,1519,1380,72,114,1,0,73,114,20,100,227
4400,Oct 19 1996,Gulf Cup in Oman,Qatar,Saudi Arabia,1482,1612,2,2,7,-7,1489,1605,80,54,1,-1,81,53,40,0,-130
4401,Oct 21 1996,Friendly in Honduras,Honduras,El Salvador,1577,1531,1,1,-4,4,1573,1535,64,69,-2,1,62,70,20,100,146
4402,Oct 21 1996,Gulf Cup in Oman,Oman,Qatar,1270,1489,0,3,-23,23,1247,1512,149,69,-7,6,142,75,40,100,-119
4403,Oct 21 1996,Gulf Cup in Oman,Saudi Arabia,Bahrain,1605,1412,3,1,15,-15,1620,1397,49,111,2,-4,51,107,40,0,193
4404,Oct 22 1996,Gulf Cup in Oman,United Arab Emirates,Kuwait,1532,1544,2,1,21,-21,1553,1523,59,74,6,-3,65,71,40,0,-12
4405,Oct 23 1996,Friendly in the United States,Ecuador,Mexico,1684,1822,1,0,14,-14,1698,1808,30,21,3,-1,33,20,20,0,-138
4406,Oct 23 1996,World Cup qualifier in Slovakia,Slovakia,Faroe Islands,1688,1176,3,0,2,-2,1690,1174,35,163,0,-1,35,162,20,0,512
4407,Oct 24 1996,Gulf Cup in Oman,Kuwait,Saudi Arabia,1523,1620,1,0,25,-25,1548,1595,63,61,4,-5,67,56,40,0,-97
4408,Oct 24 1996,Gulf Cup in Oman,Oman,United Arab Emirates,1247,1553,0,0,11,-11,1258,1542,134,73,4,-4,138,69,30,0,-306
4409,Oct 25 1996,Gulf Cup in Oman,Qatar,Bahrain,1512,1397,2,1,14,-14,1526,1383,69,119,3,-6,72,113,40,0,115
4410,Oct 26 1996,World Cup qualifier in Honduras,Honduras,Jamaica,1573,1523,0,0,-8,8,1565,1531,62,71,0,1,62,72,40,100,150
4411,Oct 27 1996,World Cup qualifier in Panama,Panama,Canada,1341,1643,0,0,10,-10,1351,1633,116,47,2,-1,118,46,40,100,-202
4412,Oct 27 1996,Gulf Cup in Oman,Saudi Arabia,United Arab Emirates,1595,1542,2,2,-3,3,1592,1545,60,67,-2,1,58,68,40,0,53
4413,Oct 27 1996,Oceania Nations Cup in Tahiti,Tahiti,Australia,1575,1690,0,6,-51,51,1524,1741,86,23,-13,6,73,29,50,100,-15
4414,Oct 28 1996,Gulf Cup in Oman,Kuwait,Qatar,1548,1526,2,1,19,-19,1567,1507,56,82,5,-5,61,77,40,0,22
4415,Oct 28 1996,Gulf Cup in Oman,Oman,Bahrain,1258,1383,1,1,1,-1,1259,1382,138,113,0,0,138,113,20,100,-25
4416,Oct 30 1996,Friendly in Finland,Finland,Estonia,1472,1147,2,2,-8,8,1464,1155,90,163,-1,1,89,164,20,100,425
4417,Oct 30 1996,World Cup qualifier in Mexico,Mexico,St Vincent & Grenadines,1808,1248,5,1,2,-2,1810,1246,20,144,0,-1,20,143,30,0,560
4418,Oct 30 1996,Friendly in Italy,Moldova,Indonesia,1450,1263,2,1,5,-5,1455,1258,90,140,2,-2,92,138,20,0,187
4419,Nov 1 1996,Oceania Nations Cup in Australia,Australia,Tahiti,1741,1524,5,0,14,-14,1755,1510,25,78,2,-3,27,75,50,100,317
4420,Nov 1 1996,Friendly in the United States,Colombia,Honduras,1907,1565,2,1,2,-2,1909,1563,10,64,1,-1,11,63,20,0,342
4421,Nov 2 1996,Friendly in Costa Rica,Costa Rica,Panama,1552,1351,2,0,5,-5,1557,1346,65,118,0,0,65,118,20,100,301
4422,Nov 3 1996,World Cup qualifier in Canada,Canada,El Salvador,1633,1535,1,0,10,-10,1643,1525,44,74,1,-2,45,72,40,100,198
4423,Nov 3 1996,Friendly in Lithuania,Lithuania,Indonesia,1461,1258,4,0,6,-6,1467,1252,86,142,2,-2,88,140,20,100,303
4424,Nov 3 1996,Friendly in Togo,Togo,Gabon,1408,1519,0,1,-10,10,1398,1529,108,70,-2,1,106,71,20,100,-11
4425,Nov 3 1996,World Cup qualifier in the United States,United States,Guatemala,1702,1467,2,0,8,-8,1710,1459,33,92,0,-2,33,90,40,100,335
4426,Nov 6 1996,Friendly in Bosnia and Herzegovina,Bosnia and Herzegovina,Italy,1564,1990,2,1,17,-17,1581,1973,58,5,2,0,60,5,20,100,-326
4427,Nov 6 1996,World Cup qualifier in Mexico,Mexico,Honduras,1810,1563,3,1,7,-7,1817,1556,16,67,2,-2,18,65,40,100,347
4428,Nov 6 1996,Friendly in Saudi Arabia,Saudi Arabia,Bulgaria,1592,1824,1,0,14,-14,1606,1810,48,22,5,-2,53,20,20,100,-132
4429,Nov 7 1996,Friendly in Costa Rica,Costa Rica,Panama,1557,1346,2,0,4,-4,1561,1342,62,120,1,-1,63,119,20,100,311
4430,Nov 7 1996,Friendly in Uganda,Uganda,Rwanda,1344,1088,3,2,2,-2,1346,1086,117,174,1,0,118,174,20,100,356
4431,Nov 8 1996,World Cup qualifier in Egypt,Egypt,Namibia,1616,1251,7,1,5,-5,1621,1246,51,143,0,-1,51,142,20,0,365
4432,Nov 8 1996,Friendly in Thailand,Thailand,Bulgaria,1492,1810,0,4,-8,8,1484,1818,81,16,0,2,81,18,20,100,-218
4433,Nov 9 1996,World Cup qualifier in Albania,Albania,Armenia,1443,1321,1,1,-11,11,1432,1332,97,121,-1,2,96,123,40,100,222
4434,Nov 9 1996,World Cup qualifier in Austria,Austria,Latvia,1728,1395,2,1,3,-3,1731,1392,31,110,0,-1,31,109,20,0,333
4435,Nov 9 1996,Friendly in Denmark,Denmark,France,1961,2024,1,0,9,-9,1970,2015,6,3,0,0,6,3,20,100,37
4436,Nov 9 1996,World Cup qualifier in Georgia,Georgia,England,1632,1942,0,2,-14,14,1618,1956,55,7,-4,0,51,7,40,100,-210
4437,Nov 9 1996,World Cup qualifier in Germany,Germany,Northern Ireland,2106,1595,1,1,-19,19,2087,1614,1,47,0,5,1,52,40,100,611
4438,Nov 9 1996,World Cup qualifier in Liechtenstein,Liechtenstein,Macedonia,1090,1538,1,11,-12,12,1078,1550,179,63,-3,3,176,66,40,100,-348
4439,Nov 9 1996,World Cup qualifier in Morocco,Morocco,Sierra Leone,1629,1429,4,0,11,-11,1640,1418,42,102,3,-2,45,100,40,100,300
4440,Nov 9 1996,World Cup qualifier in the Netherlands,Netherlands,Wales,1923,1605,7,1,7,-7,1930,1598,8,60,1,-3,9,57,40,100,418
4441,Nov 9 1996,World Cup qualifier in Nigeria,Nigeria,Burkina Faso,1792,1380,2,0,3,-3,1795,1377,23,114,0,0,23,114,20,0,412
4442,Nov 9 1996,World Cup qualifier in Portugal,Portugal,Ukraine,1874,1644,1,0,5,-5,1879,1639,14,48,0,-2,14,46,40,100,330
4443,Nov 9 1996,World Cup qualifier in South Africa,South Africa,Zaire,1759,1504,1,0,5,-5,1764,1499,26,80,0,-1,26,79,40,100,355
4444,Nov 10 1996,World Cup qualifier in Angola,Angola,Zimbabwe,1483,1549,2,1,18,-18,1501,1531,76,75,3,-4,79,71,30,0,-66
4445,Nov 10 1996,World Cup qualifier in Azerbaijan,Azerbaijan,Hungary,1457,1588,0,3,-32,32,1425,1620,105,41,-7,9,98,50,40,100,-31
4446,Nov 10 1996,World Cup qualifier in Bolivia,Bolivia,Colombia,1650,1909,2,2,9,-9,1659,1900,36,11,3,0,39,11,30,0,-259
4447,Nov 10 1996,World Cup qualifier in Congo,Congo,Zambia,1397,1654,1,0,28,-28,1425,1626,89,55,9,-8,98,47,40,100,-157
4448,Nov 10 1996,World Cup qualifier in Croatia,Croatia,Greece,1908,1652,1,1,-15,15,1893,1667,12,35,0,3,12,38,40,100,356
4449,Nov 10 1996,World Cup qualifier in Cyprus,Cyprus,Israel,1393,1653,2,0,43,-43,1436,1610,82,66,13,-13,95,53,40,100,-160
4450,Nov 10 1996,World Cup qualifier in El Salvador,El Salvador,Panama,1525,1342,3,2,7,-7,1532,1335,68,125,2,-3,70,122,40,100,283
4451,Nov 10 1996,World Cup qualifier in Gabon,Gabon,Ghana,1529,1624,1,1,0,0,1529,1624,73,47,-1,1,72,48,20,100,5
4452,Nov 10 1996,World Cup qualifier in Guinea,Guinea,Kenya,1341,1430,3,1,29,-29,1370,1401,111,117,5,-10,116,107,40,100,11
4453,Nov 10 1996,World Cup qualifier in Ireland,Ireland,Iceland,1746,1509,0,0,-15,15,1731,1524,29,70,0,3,29,73,40,100,337
4454,Nov 10 1996,World Cup qualifier in Jamaica,Jamaica,St Vincent & Grenadines,1531,1246,5,0,8,-8,1539,1238,66,146,2,-2,68,144,40,100,385
4455,Nov 10 1996,World Cup qualifier in Luxembourg,Luxembourg,Russia,1258,1883,0,4,-3,3,1255,1886,138,13,0,0,138,13,30,100,-525
4456,Nov 10 1996,World Cup qualifier in Paraguay,Paraguay,Ecuador,1805,1698,1,0,9,-9,1814,1689,19,38,1,-2,20,36,40,100,207
4457,Nov 10 1996,World Cup qualifier in Peru,Peru,Venezuela,1601,1377,4,1,9,-9,1610,1368,50,120,3,-3,53,117,40,100,324
4458,Nov 10 1996,World Cup qualifier in Poland,Poland,Moldova,1648,1455,2,1,6,-6,1654,1449,39,94,2,-1,41,93,40,100,293
4459,Nov 10 1996,World Cup qualifier in Scotland,Scotland,Sweden,1797,1835,1,0,16,-16,1813,1819,20,18,1,-1,21,17,40,100,62
4460,Nov 10 1996,World Cup qualifier in Slovenia,Slovenia,Bosnia and Herzegovina,1574,1581,1,2,-25,25,1549,1606,71,52,-5,4,66,56,40,100,93
4461,Nov 10 1996,World Cup qualifier in Switzerland,Switzerland,Norway,1740,1833,0,1,-20,20,1720,1853,34,13,-2,2,32,15,40,100,7
4462,Nov 10 1996,World Cup qualifier in Togo,Togo,Cameroon,1398,1558,2,4,-25,25,1373,1583,124,58,-9,3,115,61,40,100,-60
4463,Nov 10 1996,World Cup qualifier in Ghana,Tunisia,Liberia,1627,1418,1,0,9,-9,1636,1409,44,106,2,-3,46,103,40,0,209
4464,Nov 10 1996,World Cup qualifier in Turkey,Turkey,San Marino,1695,957,7,0,1,-1,1696,956,33,194,1,0,34,194,20,0,738
4465,Nov 10 1996,World Cup qualifier in the United States,United States,Trinidad and Tobago,1710,1546,2,0,11,-11,1721,1535,29,70,2,-1,31,69,40,100,264
4466,Nov 10 1996,World Cup qualifier in Yugoslavia,Yugoslavia,Czechia,1926,1931,1,0,15,-15,1941,1916,6,12,2,-2,8,10,30,0,-5
4467,Nov 11 1996,World Cup qualifier in Tonga,Tonga,Cook Islands,680,692,2,0,23,-23,703,669,206,214,3,-2,209,212,30,0,-12
4468,Nov 12 1996,World Cup qualifier in Chile,Chile,Uruguay,1711,1774,1,0,18,-18,1729,1756,29,27,2,-1,31,26,30,0,-63
4469,Nov 13 1996,Friendly in Andorra,Andorra,Estonia,1100,1155,1,6,-23,23,1077,1178,177,161,0,0,177,161,20,100,45
4470,Nov 13 1996,Friendly in Brazil,Brazil,Cameroon,2063,1583,2,0,1,-1,2064,1582,2,61,0,0,2,61,20,100,580
4471,Nov 13 1996,Friendly in Lebanon,Lebanon,Iran,1342,1605,0,0,4,-4,1346,1601,118,58,1,0,119,58,20,100,-163
4472,Nov 13 1996,World Cup qualifier in Spain,Spain,Slovakia,2000,1690,4,1,6,-6,2006,1684,4,37,0,-1,4,36,40,100,410
4473,Nov 13 1996,Friendly in the United Arab Emirates,United Arab Emirates,Malta,1545,1296,1,1,-8,8,1537,1304,69,126,-1,2,68,128,20,100,349
4474,Nov 13 1996,World Cup qualifier in Tonga,Western Samoa,Cook Islands,616,669,2,1,23,-23,639,646,215,216,0,-2,215,214,40,0,-53
4475,Nov 14 1996,Friendly in Uganda,Uganda,Rwanda,1346,1086,3,2,2,-2,1348,1084,119,175,0,-1,119,174,20,100,360
4476,Nov 15 1996,World Cup qualifier in Tonga,Tonga,Western Samoa,703,639,1,0,11,-11,714,628,210,215,0,0,210,215,40,100,164
4477,Nov 15 1996,Friendly in the United Arab Emirates,United Arab Emirates,Malta,1537,1304,0,0,-7,7,1530,1311,74,128,-3,0,71,128,20,100,333
4478,Nov 15 1996,Friendly in Uganda,Uganda,Rwanda,1348,1084,1,1,-8,8,1340,1092,121,172,-1,1,120,173,20,100,364
4479,Nov 16 1996,Friendly in Italy,Estonia,Indonesia,1178,1252,3,0,21,-21,1199,1231,151,152,5,-6,156,146,20,0,-74
4480,Nov 16 1996,Friendly in Saudi Arabia,Saudi Arabia,Syria,1606,1482,3,1,6,-6,1612,1476,50,87,3,-2,53,85,20,100,224
4481,Nov 17 1996,World Cup qualifier in Costa Rica,Costa Rica,Guatemala,1561,1459,3,0,17,-17,1578,1442,61,96,1,-3,62,93,40,100,202
4482,Nov 17 1996,World Cup qualifier in Honduras,Honduras,St Vincent & Grenadines,1556,1238,11,3,8,-8,1564,1230,66,149,-1,-3,65,146,40,100,418
4483,Nov 17 1996,World Cup qualifier in Jamaica,Jamaica,Mexico,1539,1817,1,0,29,-29,1568,1788,59,27,4,-4,63,23,40,100,-178
4484,Nov 17 1996,CECAFA Cup in Sudan,Sudan,Uganda,1406,1340,1,1,-9,9,1397,1349,109,118,-2,1,107,119,40,100,166
4485,Nov 19 1996,CECAFA Cup in Sudan,Kenya,Rwanda,1401,1092,2,1,6,-6,1407,1086,104,173,1,0,105,173,40,0,309
4486,Nov 19 1996,Friendly in Kuwait,Kuwait,Syria,1567,1476,2,2,-5,5,1562,1481,66,83,-1,1,65,84,20,100,191
4487,Nov 19 1996,Friendly in Saudi Arabia,Saudi Arabia,Mali,1612,1330,1,3,-27,27,1585,1357,67,114,-7,5,60,119,20,100,382
4488,Nov 19 1996,Friendly in the United Arab Emirates,United Arab Emirates,Uzbekistan,1530,1670,4,2,17,-17,1547,1653,65,45,3,-4,68,41,20,100,-40
4489,Nov 20 1996,Friendly in the United States,Mexico,El Salvador,1788,1532,3,1,6,-6,1794,1526,23,74,0,-2,23,72,20,0,256
4490,Nov 22 1996,Friendly in Kuwait,Kuwait,Mali,1562,1357,4,2,4,-4,1566,1353,63,121,1,-1,64,120,20,100,305
4491,Nov 22 1996,CECAFA Cup in Sudan,Rwanda,Zanzibar,1086,1187,1,1,6,-6,1092,1181,173,163,0,-2,173,161,40,0,-101
4492,Nov 22 1996,Friendly in the United Arab Emirates,United Arab Emirates,Uzbekistan,1547,1653,2,0,15,-15,1562,1638,64,49,2,-4,66,45,20,100,-6
4493,Nov 22 1996,CECAFA Cup in Sudan,Uganda,Tanzania,1349,1387,1,0,22,-22,1371,1365,110,127,5,-8,115,119,40,0,-38
4494,Nov 23 1996,Friendly in Italy,Iraq,Indonesia,1658,1231,4,0,3,-3,1661,1228,39,149,0,-2,39,147,20,0,427
4495,Nov 23 1996,Friendly in South Korea,South Korea,Colombia,1639,1900,4,1,25,-25,1664,1875,33,17,5,-3,38,14,20,100,-161
4496,Nov 24 1996,World Cup qualifier in the United States,Guatemala,Costa Rica,1442,1578,1,0,27,-27,1469,1551,83,70,5,-4,88,66,40,0,-136
4497,Nov 24 1996,CECAFA Cup in Sudan,Kenya,Zanzibar,1407,1181,1,0,9,-9,1416,1172,101,165,2,-2,103,163,40,0,226
4498,Nov 24 1996,Friendly in Mali,Mali,Burkina Faso,1353,1377,2,0,12,-12,1365,1365,116,124,2,-6,118,118,20,100,76
4499,Nov 24 1996,CECAFA Cup in Sudan,Sudan,Tanzania,1397,1365,3,2,13,-13,1410,1352,101,121,3,-1,104,120,40,100,132
4500,Nov 24 1996,World Cup qualifier in Trinidad and Tobago,Trinidad and Tobago,United States,1535,1721,0,1,-15,15,1520,1736,77,26,-4,3,73,29,40,100,-86
4501,Nov 25 1996,Friendly in Iran,Iran,Turkmenistan,1601,1406,0,1,-17,17,1584,1423,63,93,-3,7,60,100,20,100,295
4502,Nov 26 1996,Friendly in China,China,South Korea,1595,1664,2,3,-11,11,1584,1675,60,36,-1,1,59,37,20,100,31
4503,Nov 26 1996,Friendly in the United Arab Emirates,United Arab Emirates,Syria,1562,1481,1,1,-5,5,1557,1486,65,80,0,2,65,82,20,100,181
4504,Nov 27 1996,Friendly in Malta,Malta,Macedonia,1311,1550,0,2,-9,9,1302,1559,128,63,0,2,128,65,20,100,-139
4505,Nov 27 1996,CECAFA Cup in Sudan,Uganda,Kenya,1371,1416,2,0,34,-34,1405,1382,100,118,7,-7,107,111,40,0,-45
4506,Nov 28 1996,Friendly in the United Arab Emirates,United Arab Emirates,Syria,1557,1486,1,0,5,-5,1562,1481,64,86,1,-2,65,84,20,100,171
4507,Nov 29 1996,Friendly in Saudi Arabia,Saudi Arabia,Indonesia,1585,1228,4,1,2,-2,1587,1226,58,149,0,-1,58,148,20,100,457
4508,Nov 29 1996,CECAFA Cup in Sudan,Sudan,Kenya,1410,1382,1,1,-7,7,1403,1389,110,111,-3,0,107,111,40,100,128
4509,Dec 1 1996,World Cup qualifier in Costa Rica,Costa Rica,United States,1551,1736,2,1,25,-25,1576,1711,57,37,5,-4,62,33,40,100,-85
4510,Dec 1 1996,World Cup qualifier in El Salvador,El Salvador,Cuba,1526,1512,3,0,24,-24,1550,1488,65,87,3,-6,68,81,40,100,114
4511,Dec 4 1996,Asian Cup in the United Arab Emirates,Indonesia,Kuwait,1226,1566,2,2,19,-19,1245,1547,138,74,5,-5,143,69,50,0,-340
4512,Dec 4 1996,Asian Cup in the United Arab Emirates,United Arab Emirates,South Korea,1562,1675,1,1,1,-1,1563,1674,64,37,1,0,65,37,30,100,-13
4513,Dec 5 1996,Asian Cup in the United Arab Emirates,Iraq,Iran,1661,1584,2,1,20,-20,1681,1564,35,67,2,-4,37,63,50,0,77
4514,Dec 5 1996,Friendly in Lebanon,Lebanon,Georgia,1346,1618,4,2,22,-22,1368,1596,111,65,5,-7,116,58,20,100,-172
4515,Dec 5 1996,Asian Cup in the United Arab Emirates,Saudi Arabia,Thailand,1587,1484,6,0,38,-38,1625,1446,38,104,10,-11,48,93,50,0,103
4516,Dec 6 1996,Asian Cup in the United Arab Emirates,Japan,Syria,1748,1481,2,1,9,-9,1757,1472,24,89,2,-3,26,86,50,0,267
4517,Dec 6 1996,Asian Cup in the United Arab Emirates,Uzbekistan,China,1638,1584,2,0,32,-32,1670,1552,33,73,6,-7,39,66,50,0,54
4518,Dec 7 1996,Asian Cup in the United Arab Emirates,South Korea,Indonesia,1674,1245,4,2,6,-6,1680,1239,38,143,0,0,38,143,50,0,429
4519,Dec 7 1996,Asian Cup in the United Arab Emirates,United Arab Emirates,Kuwait,1563,1547,3,2,17,-17,1580,1530,56,71,4,-1,60,70,50,100,116
4520,Dec 8 1996,World Cup qualifier in the United States,Guatemala,Trinidad and Tobago,1469,1520,2,1,23,-23,1492,1497,75,85,6,-6,81,79,40,0,-51
4521,Dec 8 1996,Asian Cup in the United Arab Emirates,Iran,Thailand,1564,1446,3,1,25,-25,1589,1421,53,107,5,-7,58,100,50,0,118
4522,Dec 8 1996,Friendly in Lebanon,Lebanon,Georgia,1368,1596,3,2,14,-14,1382,1582,108,60,4,-1,112,59,20,100,-128
4523,Dec 8 1996,Asian Cup in the United Arab Emirates,Saudi Arabia,Iraq,1625,1681,1,0,29,-29,1654,1652,34,49,7,-6,41,43,50,0,-56
4524,Dec 9 1996,Asian Cup in the United Arab Emirates,China,Syria,1552,1472,3,0,34,-34,1586,1438,52,99,7,-6,59,93,50,0,80
4525,Dec 9 1996,Asian Cup in the United Arab Emirates,Japan,Uzbekistan,1757,1670,4,0,35,-35,1792,1635,22,56,2,-9,24,47,50,0,87
4526,Dec 10 1996,Asian Cup in the United Arab Emirates,Kuwait,South Korea,1530,1680,2,0,53,-53,1583,1627,52,57,9,-10,61,47,50,0,-150
4527,Dec 10 1996,Asian Cup in the United Arab Emirates,United Arab Emirates,Indonesia,1580,1239,2,0,5,-5,1585,1234,58,145,2,-1,60,144,50,100,441
4528,Dec 11 1996,Friendly tournament in Morocco,Czechia,Nigeria,1916,1795,2,1,10,-10,1926,1785,10,28,0,-3,10,25,30,0,121
4529,Dec 11 1996,Asian Cup in the United Arab Emirates,Iran,Saudi Arabia,1589,1654,3,0,52,-52,1641,1602,28,75,15,-18,43,57,50,0,-65
4530,Dec 11 1996,Asian Cup in the United Arab Emirates,Iraq,Thailand,1652,1421,4,1,18,-18,1670,1403,33,112,4,-6,37,106,50,0,231
4531,Dec 11 1996,Friendly tournament in Morocco,Morocco,Croatia,1640,1893,2,2,6,-6,1646,1887,39,11,2,0,41,11,20,0,-253
4532,Dec 12 1996,Friendly tournament in Morocco,Croatia,Czechia,1887,1926,1,1,2,-2,1889,1924,11,10,0,0,11,10,30,0,-39
4533,Dec 12 1996,Asian Cup in the United Arab Emirates,Japan,China,1792,1586,1,0,12,-12,1804,1574,21,69,1,-5,22,64,50,0,206
4534,Dec 12 1996,Friendly tournament in Morocco,Morocco,Nigeria,1646,1785,2,0,25,-25,1671,1760,33,27,4,-1,37,26,30,100,-39
4535,Dec 12 1996,Asian Cup in the United Arab Emirates,Syria,Uzbekistan,1438,1635,2,1,38,-38,1476,1597,77,70,8,-12,85,58,50,0,-197
4536,Dec 14 1996,World Cup qualifier in Belgium,Belgium,Netherlands,1787,1930,0,3,-31,31,1756,1961,28,5,-2,2,26,7,40,100,-43
4537,Dec 14 1996,World Cup qualifier in Cyprus,Cyprus,Bulgaria,1436,1818,1,3,-10,10,1426,1828,96,16,-1,1,95,17,40,100,-282
4538,Dec 14 1996,Friendly in Kenya,Kenya,Zambia,1389,1626,1,0,14,-14,1403,1612,101,55,5,-4,106,51,20,100,-137
4539,Dec 14 1996,World Cup qualifier in Macedonia,Macedonia,Romania,1559,1840,0,3,-18,18,1541,1858,71,14,-2,1,69,15,40,100,-181
4540,Dec 14 1996,World Cup qualifier in Northern Ireland,Northern Ireland,Albania,1614,1432,2,0,10,-10,1624,1422,43,103,4,-4,47,99,40,100,282
4541,Dec 14 1996,World Cup qualifier in Portugal,Portugal,Germany,1879,2087,0,0,6,-6,1885,2081,13,1,0,0,13,1,40,100,-108
4542,Dec 14 1996,World Cup qualifier in Spain,Spain,Yugoslavia,2006,1941,2,0,17,-17,2023,1924,2,10,1,-1,3,9,40,100,165
4543,Dec 14 1996,World Cup qualifier in the United States,United States,Costa Rica,1711,1576,2,1,8,-8,1719,1568,33,65,0,-1,33,64,40,100,235
4544,Dec 14 1996,World Cup qualifier in Wales,Wales,Turkey,1598,1696,0,0,0,0,1598,1696,57,34,0,0,57,34,20,100,2
4545,Dec 15 1996,World Cup qualifier in Argentina,Argentina,Chile,1813,1729,1,1,-10,10,1803,1739,22,27,-1,2,21,29,40,100,184
4546,Dec 15 1996,World Cup qualifier in Bolivia,Bolivia,Paraguay,1659,1814,0,0,3,-3,1662,1811,40,21,0,-1,40,20,40,100,-55
4547,Dec 15 1996,World Cup qualifier in El Salvador,El Salvador,Canada,1550,1643,0,2,-31,31,1519,1674,77,32,-5,5,72,37,40,100,7
4548,Dec 15 1996,World Cup qualifier in Israel,Israel,Luxembourg,1610,1255,1,0,3,-3,1613,1252,54,140,-1,-1,53,139,30,0,355
4549,Dec 15 1996,Friendly in Kenya,Kenya,Zambia,1403,1612,0,2,-10,10,1393,1622,110,49,-2,1,108,50,20,100,-109
4550,Dec 15 1996,Asian Cup in the United Arab Emirates,Kuwait,Japan,1583,1804,2,0,59,-59,1642,1745,26,34,17,-6,43,28,50,0,-221
4551,Dec 15 1996,World Cup qualifier in Panama,Panama,Cuba,1335,1488,3,1,35,-35,1370,1453,109,98,7,-8,116,90,40,100,-53
4552,Dec 15 1996,Asian Cup in the United Arab Emirates,United Arab Emirates,Iraq,1585,1670,1,0,24,-24,1609,1646,51,46,4,-4,55,42,50,100,15
4553,Dec 15 1996,World Cup qualifier in Uruguay,Uruguay,Peru,1756,1610,2,0,12,-12,1768,1598,20,64,3,-6,23,58,40,100,246
4554,Dec 15 1996,World Cup qualifier in Venezuela,Venezuela,Colombia,1368,1875,0,2,-5,5,1363,1880,125,14,-4,0,121,14,40,100,-407
4555,Dec 16 1996,Asian Cup in the United Arab Emirates,Iran,South Korea,1641,1627,6,2,45,-45,1686,1582,28,73,8,-13,36,60,50,0,14
4556,Dec 16 1996,Asian Cup in the United Arab Emirates,Saudi Arabia,China,1602,1574,4,3,23,-23,1625,1551,37,69,10,-3,47,66,50,0,28
4557,Dec 18 1996,Friendly in Brazil,Brazil,Bosnia and Herzegovina,2064,1606,1,0,1,-1,2065,1605,2,56,0,0,2,56,20,0,458
4558,Dec 18 1996,Asian Cup in the United Arab Emirates,Iran,Saudi Arabia,1686,1625,0,0,-4,4,1682,1629,38,45,-1,1,37,46,20,100,161
4559,Dec 18 1996,World Cup qualifier in Malta,Malta,Spain,1302,2023,0,3,-2,2,1300,2025,130,3,-1,0,129,3,40,100,-621
4560,Dec 18 1996,Asian Cup in the United Arab Emirates,United Arab Emirates,Kuwait,1609,1642,1,0,20,-20,1629,1622,37,56,9,-6,46,50,50,100,67
4561,Dec 20 1996,Friendly tournament in Benin,Burkina Faso,Gabon,1365,1529,1,1,7,-7,1372,1522,113,72,3,-1,116,71,30,0,-164
4562,Dec 21 1996,World Cup qualifier in Costa Rica,Costa Rica,Trinidad and Tobago,1568,1497,2,1,11,-11,1579,1486,63,83,0,-2,63,81,40,100,171
4563,Dec 21 1996,World Cup qualifier in El Salvador,Guatemala,United States,1492,1719,2,2,11,-11,1503,1708,71,33,5,0,76,33,40,0,-227
4564,Dec 21 1996,Asian Cup in the United Arab Emirates,Iran,Kuwait,1682,1622,1,1,-4,4,1678,1626,37,44,0,3,37,47,20,100,160
4565,Dec 21 1996,Asian Cup in the United Arab Emirates,United Arab Emirates,Saudi Arabia,1629,1629,0,0,-7,7,1622,1636,54,44,-4,1,50,45,50,100,100
4566,Dec 21 1996,Friendly in Zimbabwe,Zimbabwe,Zambia,1531,1622,2,2,0,0,1531,1622,69,50,0,0,69,50,20,100,9
4567,Dec 22 1996,Friendly tournament in Benin,Benin,Gabon,1167,1522,3,3,9,-9,1176,1513,158,75,3,-2,161,73,30,100,-255
4568,Dec 22 1996,Friendly tournament in Benin,Burkina Faso,Ghana,1372,1624,2,1,24,-24,1396,1600,100,64,8,-8,108,56,30,0,-252
4569,Dec 24 1996,Friendly tournament in Benin,Benin,Ghana,1176,1600,1,1,11,-11,1187,1589,157,62,2,-3,159,59,30,100,-324
4570,Dec 25 1996,Friendly tournament in Benin,Benin,Burkina Faso,1187,1396,1,1,5,-5,1192,1391,157,112,1,-2,158,110,20,0,-209
4571,Dec 25 1996,Friendly tournament in Benin,Gabon,Ghana,1513,1589,1,1,3,-3,1516,1586,73,59,0,0,73,59,30,0,-76
4572,Dec 27 1996,Friendly tournament in Benin,Benin,Burkina Faso,1192,1391,0,0,4,-4,1196,1387,158,114,0,-2,158,112,30,100,-99
4573,Dec 28 1996,Friendly in Argentina,Argentina,Yugoslavia,1803,1924,2,3,-9,9,1794,1933,21,9,0,0,21,9,20,100,-21
4574,1997,Friendly in Jordan,Jordan,Syria,1312,1476,0,0,2,-2,1314,1474,125,88,1,-2,126,86,20,100,-64
4575,1997,Friendly in Syria,Syria,Jordan,1474,1314,0,0,-6,6,1468,1320,88,125,-2,1,86,126,20,100,260
4576,Jan 4 1997,Friendly in Chile,Chile,Armenia,1739,1332,7,0,2,-2,1741,1330,29,124,0,0,29,124,20,100,507
4577,Jan 4 1997,Friendly in Kenya,Kenya,Malawi,1393,1442,2,2,-1,1,1392,1443,108,93,0,0,108,93,20,100,51
4578,Jan 4 1997,Friendly in Tunisia,Tunisia,Algeria,1636,1610,0,0,-3,3,1633,1613,47,52,-1,1,46,53,20,100,126
4579,Jan 5 1997,Friendly in Egypt,Egypt,Belarus,1621,1409,2,0,4,-4,1625,1405,45,105,3,-1,48,104,20,100,312
4580,Jan 5 1997,Friendly in Kenya,Kenya,Malawi,1392,1443,0,0,-1,1,1391,1444,110,93,-1,0,109,93,20,100,49
4581,Jan 6 1997,Friendly in Paraguay,Paraguay,Armenia,1811,1330,2,0,1,-1,1812,1329,20,124,0,0,20,124,20,100,581
4582,Jan 6 1997,Friendly in Togo,Togo,Ghana,1373,1586,4,0,25,-25,1398,1561,100,71,8,-6,108,65,20,100,-113
4583,Jan 8 1997,Friendly in Ivory Coast,Ivory Coast,Guinea,1517,1370,2,1,4,-4,1521,1366,70,121,1,-2,71,119,20,100,247
4584,Jan 11 1997,World Cup qualifier in Namibia,Namibia,Liberia,1246,1409,0,0,4,-4,1250,1405,139,103,1,0,140,103,20,0,-163
4585,Jan 11 1997,World Cup qualifier in Sierra Leone,Sierra Leone,Gabon,1418,1516,1,0,20,-20,1438,1496,87,87,7,-7,94,80,40,100,2
4586,Jan 11 1997,World Cup qualifier in Zambia,Zambia,South Africa,1622,1764,0,0,2,-2,1624,1762,48,24,1,0,49,24,30,100,-42
4587,Jan 12 1997,World Cup qualifier in Bolivia,Bolivia,Ecuador,1662,1689,2,0,24,-24,1686,1665,29,47,6,-6,35,41,30,0,-27
4588,Jan 12 1997,World Cup qualifier in Burkina Faso,Burkina Faso,Guinea,1387,1366,0,2,-40,40,1347,1406,131,87,-9,16,122,103,40,100,121
4589,Jan 12 1997,World Cup qualifier in Cameroon,Cameroon,Angola,1582,1501,0,0,-10,10,1572,1511,65,69,-3,4,62,73,40,100,181
4590,Jan 12 1997,World Cup qualifier in Ghana,Ghana,Morocco,1561,1671,2,2,1,-1,1562,1670,65,39,0,0,65,39,40,100,-10
4591,Jan 12 1997,World Cup qualifier in Kenya,Kenya,Nigeria,1391,1760,1,1,13,-13,1404,1747,104,29,3,-2,107,27,40,100,-269
4592,Jan 12 1997,Friendly in Lebanon,Lebanon,Algeria,1382,1613,2,2,4,-4,1386,1609,112,57,1,-2,113,55,20,100,-131
4593,Jan 12 1997,Friendly in Mali,Mali,Senegal,1365,1454,0,0,0,0,1365,1454,118,89,1,0,119,89,20,100,11
4594,Jan 12 1997,World Cup qualifier in Peru,Peru,Chile,1598,1741,2,1,22,-22,1620,1719,46,35,5,-3,51,32,40,100,-43
4595,Jan 12 1997,World Cup qualifier in Tunisia,Tunisia,Egypt,1633,1625,1,0,14,-14,1647,1611,40,60,3,-6,43,54,40,100,108
4596,Jan 12 1997,World Cup qualifier in Uruguay,Uruguay,Argentina,1768,1794,0,0,-4,4,1764,1798,23,21,0,0,23,21,40,100,74
4597,Jan 12 1997,World Cup qualifier in Venezuela,Venezuela,Paraguay,1363,1812,0,2,-7,7,1356,1819,119,16,1,2,120,18,40,100,-349
4598,Jan 12 1997,World Cup qualifier in Zaire,Zaire,Congo,1499,1425,1,1,-9,9,1490,1434,82,93,-2,2,80,95,40,100,174
4599,Jan 12 1997,World Cup qualifier in Zimbabwe,Zimbabwe,Togo,1531,1398,3,0,15,-15,1546,1383,67,120,1,-6,68,114,40,100,233
4600,Jan 17 1997,US Cup in the United States,United States,Peru,1708,1620,0,1,-22,22,1686,1642,35,39,-1,6,34,45,30,100,188
4601,Jan 18 1997,Friendly tournament in Australia,Australia,New Zealand,1755,1479,1,0,3,-3,1758,1476,24,83,1,0,25,83,20,0,276
4602,Jan 18 1997,Friendly tournament in Australia,South Korea,Norway,1582,1853,1,0,25,-25,1607,1828,53,16,3,0,56,16,30,0,-271
4603,Jan 19 1997,Friendly in Benin,Benin,Togo,1196,1383,1,1,2,-2,1198,1381,156,116,1,-1,157,115,20,100,-87
4604,Jan 19 1997,Friendly in Mozambique,Mozambique,Zimbabwe,1367,1546,1,2,-8,8,1359,1554,120,64,-1,2,119,66,20,100,-79
4605,Jan 19 1997,US Cup in the United States,United States,Mexico,1686,1794,0,2,-22,22,1664,1816,48,18,-7,2,41,20,30,100,-8
4606,Jan 22 1997,Friendly tournament in Australia,Australia,South Korea,1758,1607,2,1,6,-6,1764,1601,21,58,2,-1,23,57,20,0,151
4607,Jan 22 1997,Friendly in Israel,Israel,Greece,1613,1667,1,1,-1,1,1612,1668,53,39,0,0,53,39,20,100,46
4608,Jan 22 1997,Friendly in Italy,Italy,Northern Ireland,1973,1624,2,0,2,-2,1975,1622,5,51,0,-1,5,50,20,100,449
4609,Jan 22 1997,US Cup in the United States,Mexico,Peru,1816,1642,0,0,-7,7,1809,1649,22,41,-1,2,21,43,20,100,274
4610,Jan 22 1997,Friendly tournament in Australia,Norway,New Zealand,1828,1476,3,0,6,-6,1834,1470,16,87,0,-2,16,85,30,0,352
4611,Jan 22 1997,Friendly in Portugal,Portugal,France,1885,2015,0,2,-14,14,1871,2029,15,2,-1,1,14,3,20,100,-30
4612,Jan 25 1997,Friendly tournament in Australia,Australia,Norway,1764,1834,1,0,14,-14,1778,1820,23,18,0,-1,23,17,30,100,30
4613,Jan 25 1997,African Nations Cup qualifier in Kenya,Kenya,Gabon,1404,1496,1,0,20,-20,1424,1476,89,85,9,-3,98,82,40,100,8
4614,Jan 25 1997,African Nations Cup qualifier in Malawi,Malawi,Zambia,1444,1624,0,2,-23,23,1421,1647,109,39,-8,5,101,44,40,100,-80
4615,Jan 25 1997,African Nations Cup qualifier in Senegal,Senegal,Egypt,1454,1611,0,0,3,-3,1457,1608,87,58,1,-2,88,56,40,100,-57
4616,Jan 25 1997,Friendly tournament in Australia,South Korea,New Zealand,1601,1470,3,1,14,-14,1615,1456,49,93,4,-4,53,89,30,0,131
4617,Jan 26 1997,African Nations Cup qualifier in Cameroon,Cameroon,Namibia,1572,1250,4,0,6,-6,1578,1244,62,144,0,-2,62,142,40,100,422
4618,Jan 26 1997,Friendly in Chile,Chile,Honduras,1719,1564,3,2,4,-4,1723,1560,30,66,1,-1,31,65,20,100,255
4619,Jan 26 1997,African Nations Cup qualifier in Guinea,Guinea,Tunisia,1406,1647,1,0,28,-28,1434,1619,84,60,10,-8,94,52,40,100,-141
4620,Jan 26 1997,African Nations Cup qualifier in Ivory Coast,Ivory Coast,Benin,1521,1198,1,0,3,-3,1524,1195,69,157,1,0,70,157,20,0,323
4621,Jan 26 1997,Friendly in Lebanon,Lebanon,Estonia,1386,1199,2,0,5,-5,1391,1194,111,160,1,-2,112,158,20,100,287
4622,Jan 26 1997,African Nations Cup qualifier in Mali,Mali,Algeria,1365,1609,1,0,28,-28,1393,1581,102,65,8,-5,110,60,40,100,-144
4623,Jan 26 1997,African Nations Cup qualifier in Mozambique,Mozambique,Mauritius,1359,1153,3,0,10,-10,1369,1143,119,165,0,0,119,165,40,100,306
4624,Jan 26 1997,Friendly in Swaziland,Swaziland,Lesotho,1206,1186,3,1,10,-10,1216,1176,148,162,2,-1,150,161,20,100,120
4625,Jan 26 1997,African Nations Cup qualifier in Tanzania,Tanzania,Zaire,1352,1490,1,2,-18,18,1334,1508,125,71,-2,4,123,75,40,100,-38
4626,Jan 26 1997,African Nations Cup qualifier in Ghana,Togo,Liberia,1381,1405,2,1,21,-21,1402,1384,103,125,6,-10,109,115,40,0,-24
4627,Jan 26 1997,African Nations Cup qualifier in Zimbabwe,Zimbabwe,Ghana,1554,1562,0,0,-5,5,1549,1567,68,63,-1,1,67,64,40,100,92
4628,Jan 29 1997,Friendly in China,China,United States,1551,1664,2,1,10,-10,1561,1654,64,41,1,0,65,41,20,100,-13
4629,Feb 1 1997,Friendly in China,China,United States,1561,1654,1,1,0,0,1561,1654,65,41,0,0,65,41,20,100,7
4630,Feb 2 1997,Friendly in Bolivia,Bolivia,Slovakia,1686,1684,0,1,-13,13,1673,1697,40,31,-3,2,37,33,20,100,102
4631,Feb 2 1997,Friendly in Lebanon,Lebanon,Jordan,1391,1320,1,0,5,-5,1396,1315,108,128,2,-1,110,127,20,100,171
4632,Feb 5 1997,Friendly in Costa Rica,Costa Rica,Slovakia,1579,1697,2,2,1,-1,1580,1696,61,33,0,0,61,33,20,100,-18
4633,Feb 5 1997,Friendly in Mexico,Mexico,Ecuador,1809,1665,3,1,6,-6,1815,1659,19,40,1,0,20,40,20,100,244
4634,Feb 7 1997,Friendly in Jordan,Jordan,Lebanon,1315,1396,0,0,-1,1,1314,1397,127,110,0,0,127,110,20,100,19
4635,Feb 7 1997,Friendly tournament in Hong Kong,Russia,Yugoslavia,1886,1933,1,1,2,-2,1888,1931,12,9,0,0,12,9,30,0,-47
4636,Feb 8 1997,Friendly in Colombia,Colombia,Slovakia,1880,1696,1,0,3,-3,1883,1693,13,35,0,-1,13,34,20,100,284
4637,Feb 9 1997,Friendly in Lebanon,Lebanon,Jordan,1397,1314,0,0,-5,5,1392,1319,112,125,-1,1,111,126,20,100,183
4638,Feb 9 1997,King's Cup in Thailand,Thailand,Japan,1403,1745,1,1,9,-9,1412,1736,103,28,2,0,105,28,30,100,-242
4639,Feb 10 1997,Friendly tournament in Hong Kong,Russia,Switzerland,1888,1720,2,1,8,-8,1896,1712,10,32,1,0,11,32,30,0,168
4640,Feb 11 1997,World Cup qualifier in Monaco,Estonia,Scotland,1194,1813,0,0,19,-19,1213,1794,144,23,7,-1,151,22,40,0,-619
4641,Feb 11 1997,Friendly in Northern Ireland,Northern Ireland,Belgium,1622,1756,3,0,19,-19,1641,1737,43,28,3,-1,46,27,20,100,-34
4642,Feb 11 1997,King's Cup in Thailand,Thailand,Sweden,1412,1819,0,0,11,-11,1423,1808,95,22,5,-2,100,20,30,100,-307
4643,Feb 11 1997,Friendly in Wales,Wales,Ireland,1598,1731,0,0,1,-1,1599,1730,57,31,0,-1,57,30,20,100,-33
4644,Feb 12 1997,World Cup qualifier in Bolivia,Bolivia,Chile,1673,1723,1,1,-3,3,1670,1726,39,29,-1,1,38,30,40,100,50
4645,Feb 12 1997,World Cup qualifier in Colombia,Colombia,Argentina,1883,1798,0,1,-30,30,1853,1828,17,11,-2,5,15,16,40,100,185
4646,Feb 12 1997,World Cup qualifier in Ecuador,Ecuador,Uruguay,1659,1764,4,0,38,-38,1697,1726,26,36,7,-6,33,30,40,100,-5
4647,Feb 12 1997,World Cup qualifier in England,England,Italy,1956,1975,0,1,-25,25,1931,2000,8,5,0,0,8,5,40,100,81
4648,Feb 12 1997,Friendly in Jamaica,Jamaica,Venezuela,1568,1356,0,0,-7,7,1561,1363,65,120,-1,0,64,120,20,100,312
4649,Feb 12 1997,World Cup qualifier in Paraguay,Paraguay,Peru,1819,1649,2,1,7,-7,1826,1642,18,47,0,-2,18,45,40,100,270
4650,Feb 12 1997,World Cup qualifier in Spain,Spain,Malta,2025,1300,4,0,1,-1,2026,1299,4,131,0,-1,4,130,20,0,725
4651,Feb 12 1997,Friendly in Turkey,Turkey,Finland,1696,1464,1,1,-7,7,1689,1471,37,83,-2,2,35,85,20,100,332
4652,Feb 13 1997,King's Cup in Thailand,Sweden,Japan,1808,1736,1,0,12,-12,1820,1724,17,35,2,-4,19,31,30,0,72
4653,Feb 14 1997,Friendly tournament in Cyprus,Cyprus,Latvia,1426,1392,2,0,14,-14,1440,1378,89,121,4,-5,93,116,20,0,34
4654,Feb 14 1997,Friendly tournament in Cyprus,Lithuania,Poland,1467,1654,0,0,7,-7,1474,1647,79,43,4,-1,83,42,30,0,-187
4655,Feb 15 1997,Friendly tournament in Cyprus,Cyprus,Poland,1440,1647,2,3,-11,11,1429,1658,99,40,-3,1,96,41,30,100,-107
4656,Feb 15 1997,Friendly tournament in Cyprus,Latvia,Lithuania,1378,1474,1,0,19,-19,1397,1455,104,95,6,-6,110,89,30,0,-96
4657,Feb 15 1997,World Cup qualifier in Tonga,Tonga,Solomon Islands,714,1266,0,4,-5,5,709,1271,210,135,0,0,210,135,40,100,-452
4658,Feb 16 1997,Friendly in Iraq,Iraq,Jordan,1646,1319,1,0,2,-2,1648,1317,42,126,1,0,43,126,20,100,427
4659,Feb 16 1997,Friendly in Senegal,Senegal,Mali,1457,1393,1,1,-4,4,1453,1397,91,109,-2,1,89,110,20,100,164
4660,Feb 16 1997,King's Cup in Thailand,Thailand,Sweden,1423,1820,1,3,-7,7,1416,1827,110,17,-5,1,105,18,30,100,-297
4661,Feb 17 1997,Friendly tournament in Cyprus,Cyprus,Lithuania,1429,1455,1,0,12,-12,1441,1443,90,96,3,-4,93,92,30,100,74
4662,Feb 17 1997,Friendly in Fiji,Fiji,Solomon Islands,1420,1271,1,2,-16,16,1404,1287,111,135,-4,0,107,135,20,100,249
4663,Feb 17 1997,Friendly tournament in Cyprus,Poland,Latvia,1658,1397,3,2,5,-5,1663,1392,41,112,0,-1,41,111,30,0,261
4664,Feb 18 1997,Friendly in Kuwait,Kuwait,Egypt,1626,1608,2,0,10,-10,1636,1598,47,59,1,-2,48,57,20,100,118
4665,Feb 19 1997,Friendly in Costa Rica,Costa Rica,Venezuela,1580,1363,5,2,5,-5,1585,1358,57,120,2,0,59,120,20,100,317
4666,Feb 19 1997,Friendly in Greece,Greece,Portugal,1668,1871,0,0,3,-3,1671,1868,36,13,2,0,38,13,20,100,-103
4667,Feb 19 1997,Friendly in the United States,Guatemala,Mexico,1503,1815,1,1,7,-7,1510,1808,71,21,3,0,74,21,20,0,-312
4668,Feb 19 1997,CONCACAF Ch & Car Cup q in Guyana,Guyana,French Guiana,1075,1191,2,0,31,-31,1106,1160,160,169,9,-5,169,164,40,100,-16
4669,Feb 21 1997,Friendly in Botswana,Botswana,Swaziland,1014,1216,0,0,3,-3,1017,1213,188,150,1,0,189,150,20,100,-102
4670,Feb 21 1997,Friendly tournament in Malaysia,China,Singapore,1561,1288,3,1,8,-8,1569,1280,62,136,1,-1,63,135,30,0,273
4671,Feb 21 1997,Friendly in Fiji,Fiji,Solomon Islands,1404,1287,3,2,4,-4,1408,1283,103,133,2,1,105,134,20,100,217
4672,Feb 21 1997,CONCACAF Ch & Car Cup q in Jamaica,Jamaica,Bermuda,1561,1377,1,0,7,-7,1568,1370,64,117,0,0,64,117,40,100,284
4673,Feb 21 1997,Friendly tournament in Malaysia,Malaysia,Finland,1301,1471,2,1,18,-18,1319,1453,124,89,2,-2,126,87,30,100,-70
4674,Feb 22 1997,Friendly tournament in Malaysia,Bosnia and Herzegovina,Vietnam,1605,1263,4,0,7,-7,1612,1256,53,138,1,-1,54,137,30,0,342
4675,Feb 22 1997,World Cup qualifier in Hong Kong,Hong Kong,South Korea,1210,1615,0,2,-9,9,1201,1624,156,47,-2,3,154,50,40,100,-305
4676,Feb 22 1997,Friendly tournament in Malaysia,Indonesia,Zimbabwe,1234,1549,0,0,11,-11,1245,1538,142,71,1,-2,143,69,30,0,-315
4677,Feb 22 1997,African Nations Cup qualifier in Kenya,Kenya,Cameroon,1424,1578,0,0,3,-3,1427,1575,97,62,1,0,98,62,40,100,-54
4678,Feb 22 1997,African Nations Cup qualifier in Malawi,Malawi,Mozambique,1421,1369,2,0,18,-18,1439,1351,86,121,8,-1,94,120,40,100,152
4679,Feb 22 1997,African Nations Cup qualifier in Namibia,Namibia,Gabon,1244,1476,1,1,7,-7,1251,1469,138,86,2,-2,140,84,40,100,-132
4680,Feb 22 1997,African Nations Cup qualifier in Senegal,Senegal,Morocco,1453,1670,0,0,6,-6,1459,1664,85,41,1,-1,86,40,20,0,-217
4681,Feb 23 1997,African Nations Cup qualifier in Benin,Benin,Algeria,1195,1581,1,1,14,-14,1209,1567,146,67,6,-3,152,64,40,100,-286
4682,Feb 23 1997,Friendly in Botswana,Botswana,Lesotho,1017,1176,1,4,-15,15,1002,1191,191,158,-1,1,190,159,20,100,-59
4683,Feb 23 1997,Friendly tournament in Malaysia,China,Finland,1569,1453,2,1,10,-10,1579,1443,59,96,2,-4,61,92,30,0,116
4684,Feb 23 1997,African Nations Cup qualifier in Ethiopia,Ethiopia,Egypt,1316,1598,1,1,10,-10,1326,1588,122,59,3,-1,125,58,30,0,-282
4685,Feb 23 1997,African Nations Cup qualifier in Guinea,Guinea,Sierra Leone,1434,1438,1,0,15,-15,1449,1423,84,105,6,-5,90,100,30,0,-4
4686,Feb 23 1997,CONCACAF Ch & Car Cup q in Guyana,Guyana,French Guiana,1106,1160,2,2,-3,3,1103,1163,173,164,-2,0,171,164,40,100,46
4687,Feb 23 1997,Friendly in Iraq,Iraq,Jordan,1648,1317,1,0,2,-2,1650,1315,43,127,0,0,43,127,20,100,431
4688,Feb 23 1997,CONCACAF Ch & Car Cup q in Jamaica,Jamaica,Bermuda,1568,1370,3,2,6,-6,1574,1364,62,119,1,-1,63,118,40,100,298
4689,Feb 23 1997,Friendly tournament in Malaysia,Malaysia,Singapore,1319,1280,0,0,-6,6,1313,1286,130,133,-2,1,128,134,30,100,139
4690,Feb 23 1997,African Nations Cup qualifier in Mali,Mali,Ivory Coast,1397,1524,1,2,-18,18,1379,1542,122,68,-6,1,116,69,40,100,-27
4691,Feb 23 1997,African Nations Cup qualifier in Mauritius,Mauritius,Zambia,1143,1647,0,0,16,-16,1159,1631,165,54,0,-5,165,49,40,100,-404
4692,Feb 23 1997,African Nations Cup qualifier in Tanzania,Tanzania,Liberia,1334,1384,1,1,-3,3,1331,1387,123,113,0,1,123,114,40,100,50
4693,Feb 23 1997,African Nations Cup qualifier in Togo,Togo,Zaire,1402,1508,1,1,0,0,1402,1508,109,74,0,1,109,75,20,100,-6
4694,Feb 23 1997,African Nations Cup qualifier in Zimbabwe,Zimbabwe,Angola,1538,1511,1,0,13,-13,1551,1498,65,83,2,-5,67,78,40,100,127
4695,Feb 24 1997,Friendly tournament in Malaysia,Bosnia and Herzegovina,Zimbabwe,1612,1551,2,2,-3,3,1609,1554,56,67,-1,0,55,67,30,0,61
4696,Feb 24 1997,Friendly tournament in Malaysia,Indonesia,Vietnam,1245,1256,1,0,15,-15,1260,1241,129,149,7,-6,136,143,30,0,-11
4697,Feb 25 1997,Friendly tournament in Malaysia,Finland,Singapore,1443,1286,1,0,9,-9,1452,1277,86,136,3,-1,89,135,30,0,157
4698,Feb 25 1997,Friendly tournament in Malaysia,Malaysia,China,1313,1579,0,2,-12,12,1301,1591,128,55,0,3,128,58,30,100,-166
4699,Feb 26 1997,Friendly tournament in Malaysia,Bosnia and Herzegovina,Indonesia,1609,1260,2,0,5,-5,1614,1255,53,138,1,-1,54,137,30,0,349
4700,Feb 26 1997,Friendly in Brazil,Brazil,Poland,2065,1663,4,2,2,-2,2067,1661,2,41,0,0,2,41,20,100,502
4701,Feb 26 1997,Friendly in France,France,Netherlands,2029,1961,2,1,6,-6,2035,1955,3,7,0,0,3,7,20,100,168
4702,Feb 26 1997,Friendly in Israel,Israel,Germany,1612,2081,0,1,-2,2,1610,2083,56,1,-1,0,55,1,20,100,-369
4703,Feb 26 1997,Friendly tournament in Malaysia,Zimbabwe,Vietnam,1554,1241,6,0,9,-9,1563,1232,65,147,1,-2,66,145,30,0,313
4704,Feb 28 1997,Friendly tournament in Malaysia,China,Zimbabwe,1591,1563,3,1,21,-21,1612,1542,52,70,3,-2,55,68,30,0,28
4705,Feb 28 1997,Friendly tournament in Malaysia,Malaysia,Bosnia and Herzegovina,1301,1614,0,1,-7,7,1294,1621,134,50,-3,2,131,52,30,100,-213
4706,Mar 1 1997,COSAFA Cup in Botswana,Botswana,Malawi,1002,1439,1,4,-9,9,993,1448,190,91,0,2,190,93,40,100,-337
4707,Mar 1 1997,Friendly in Cyprus,Estonia,Azerbaijan,1213,1425,2,0,23,-23,1236,1402,138,117,6,-9,144,108,20,0,-212
4708,Mar 1 1997,World Cup qualifier in the Solomon Islands,Solomon Islands,Tonga,1283,709,9,0,2,-2,1285,707,134,210,0,0,134,210,20,0,574
4709,Mar 2 1997,CONCACAF Ch & Car Cup q in Aruba,Aruba,Netherlands Antilles,962,1246,2,1,30,-30,992,1216,189,158,2,-8,191,150,40,100,-184
4710,Mar 2 1997,Friendly tournament in Malaysia,China,Bosnia and Herzegovina,1612,1621,3,0,27,-27,1639,1594,41,64,7,-6,48,58,30,0,-9
4711,Mar 2 1997,World Cup qualifier in Jamaica,Jamaica,United States,1574,1654,0,0,-1,1,1573,1655,63,42,0,0,63,42,20,100,20
4712,Mar 2 1997,COSAFA Cup in Lesotho,Lesotho,Zambia,1191,1631,0,2,-7,7,1184,1638,157,51,1,-1,158,50,40,100,-340
4713,Mar 2 1997,World Cup qualifier in Mexico,Mexico,Canada,1808,1674,4,0,15,-15,1823,1659,19,45,1,-4,20,41,40,100,234
4714,Mar 2 1997,Friendly in Saudi Arabia,Saudi Arabia,Syria,1636,1468,3,0,6,-6,1642,1462,43,85,2,0,45,85,20,100,268
4715,Mar 2 1997,COSAFA Cup in Swaziland,Swaziland,Mozambique,1213,1351,0,4,-33,33,1180,1384,169,110,-9,5,160,115,40,100,-38
4716,Mar 2 1997,World Cup qualifier in Thailand,Thailand,South Korea,1416,1624,1,3,-21,21,1395,1645,115,38,-6,6,109,44,40,100,-108
4717,Mar 5 1997,Friendly in Saudi Arabia,Saudi Arabia,Syria,1642,1462,1,1,-7,7,1635,1469,57,83,-6,1,51,84,20,100,280
4718,Mar 6 1997,Friendly in Bahrain,Bahrain,Oman,1382,1259,1,0,4,-4,1386,1255,114,136,1,0,115,136,20,100,223
4719,Mar 9 1997,Friendly in Costa Rica,Costa Rica,Cameroon,1585,1575,5,0,14,-14,1599,1561,52,68,4,-3,56,65,20,100,110
4720,Mar 9 1997,Friendly in Singapore,Saudi Arabia,Indonesia,1635,1255,4,0,4,-4,1639,1251,43,142,4,-3,47,139,20,0,380
4721,Mar 9 1997,World Cup qualifier in Thailand,Thailand,Hong Kong,1395,1201,2,0,9,-9,1404,1192,103,160,3,-3,106,157,40,100,294
4722,Mar 11 1997,Friendly in Bulgaria,Bulgaria,Slovakia,1828,1693,0,1,-16,16,1812,1709,26,32,-5,1,21,33,20,100,235
4723,Mar 12 1997,Friendly in Cyprus,Cyprus,Greece,1441,1671,0,4,-12,12,1429,1683,97,35,-1,1,96,36,20,100,-130
4724,Mar 12 1997,Friendly in Czechia,Czechia,Poland,1924,1661,2,1,2,-2,1926,1659,10,40,0,0,10,40,20,100,363
4725,Mar 12 1997,Friendly in Singapore,Indonesia,Saudi Arabia,1251,1639,1,1,8,-8,1259,1631,133,55,3,-4,136,51,20,0,-388
4726,Mar 12 1997,Friendly in Israel,Israel,Sweden,1610,1827,0,1,-7,7,1603,1834,55,15,0,1,55,16,20,100,-117
4727,Mar 12 1997,Friendly in Macedonia,Macedonia,Australia,1541,1778,0,1,-6,6,1535,1784,70,23,0,0,70,23,20,100,-137
4728,Mar 12 1997,CONCACAF Ch & Car Cup q in Martinique,Martinique,Saint Lucia,1482,1197,1,0,4,-4,1486,1193,79,156,1,0,80,156,40,100,385
4729,Mar 12 1997,Friendly in Yugoslavia,Yugoslavia,Russia,1931,1896,0,0,-4,4,1927,1900,10,11,-1,0,9,11,20,100,135
4730,Mar 13 1997,Friendly in El Salvador,El Salvador,Guatemala,1519,1510,0,0,-3,3,1516,1513,72,73,0,0,72,73,20,100,109
4731,Mar 14 1997,CONCACAF Ch & Car Cup q in Martinique,Saint Lucia,St Vincent & Grenadines,1193,1230,3,2,22,-22,1215,1208,144,160,6,-7,150,153,40,0,-37
4732,Mar 15 1997,Friendly in Thailand,Thailand,Japan,1404,1724,3,1,23,-23,1427,1701,88,35,9,-2,97,33,20,100,-220
4733,Mar 16 1997,World Cup qualifier in Costa Rica,Costa Rica,Mexico,1599,1823,0,0,7,-7,1606,1816,54,21,1,-1,55,20,40,100,-124
4734,Mar 16 1997,World Cup qualifier in Malaysia,Malaysia,Bangladesh,1294,1031,2,0,7,-7,1301,1024,125,188,3,-2,128,186,40,100,363
4735,Mar 16 1997,CONCACAF Ch & Car Cup q in Martinique,Martinique,St Vincent & Grenadines,1486,1208,7,1,9,-9,1495,1199,80,159,0,-3,80,156,40,100,378
4736,Mar 16 1997,COSAFA Cup in Namibia,Namibia,Zimbabwe,1251,1542,2,1,30,-30,1281,1512,130,78,5,-5,135,73,40,100,-191
4737,Mar 16 1997,World Cup qualifier in Malaysia,Saudi Arabia,Taiwan,1631,1018,2,0,2,-2,1633,1016,49,190,1,-1,50,189,40,0,613
4738,Mar 16 1997,World Cup qualifier in the United States,United States,Canada,1655,1659,3,0,26,-26,1681,1633,32,60,5,-10,37,50,40,100,96
4739,Mar 18 1997,Friendly in Austria,Austria,Slovenia,1731,1549,0,2,-25,25,1706,1574,37,57,-5,5,32,62,20,100,282
4740,Mar 18 1997,Friendly in Kuwait,Kuwait,Bahrain,1636,1386,3,1,4,-4,1640,1382,43,117,3,-1,46,116,20,100,350
4741,Mar 18 1997,World Cup qualifier in Malaysia,Malaysia,Saudi Arabia,1301,1633,0,0,12,-12,1313,1621,128,54,0,-2,128,52,40,100,-232
4742,Mar 18 1997,World Cup qualifier in Malaysia,Taiwan,Bangladesh,1016,1024,3,1,31,-31,1047,993,173,192,8,-3,181,189,40,0,-8
4743,Mar 19 1997,Friendly in Malta,Malta,Hungary,1299,1620,1,4,-8,8,1291,1628,132,49,-1,2,131,51,20,100,-221
4744,Mar 19 1997,Friendly in the United Arab Emirates,United Arab Emirates,Lebanon,1622,1392,2,1,3,-3,1625,1389,53,116,-1,-3,52,113,20,100,330
4745,Mar 20 1997,World Cup qualifier in Malaysia,Malaysia,Taiwan,1313,1047,2,0,7,-7,1320,1040,126,185,1,-2,127,183,40,100,366
4746,Mar 20 1997,World Cup qualifier in Malaysia,Saudi Arabia,Bangladesh,1621,993,4,1,2,-2,1623,991,53,193,0,-2,53,191,40,0,628
4747,Mar 22 1997,Friendly in Azerbaijan,Azerbaijan,Turkmenistan,1402,1423,3,0,14,-14,1416,1409,98,108,5,-4,103,104,20,100,79
4748,Mar 23 1997,Friendly in Bolivia,Bolivia,Jamaica,1670,1573,6,0,10,-10,1680,1563,35,67,2,-2,37,65,20,100,197
4749,Mar 23 1997,World Cup qualifier in Costa Rica,Costa Rica,United States,1606,1681,3,2,19,-19,1625,1662,49,43,3,-3,52,40,40,100,25
4750,Mar 23 1997,World Cup qualifier in Oman,Macao,Nepal,1027,816,1,1,-11,11,1016,827,190,202,-2,2,188,204,30,100,311
4751,Mar 23 1997,World Cup qualifier in Oman,Oman,Japan,1255,1701,0,1,-5,5,1250,1706,142,31,-2,1,140,32,40,100,-346
4752,Mar 23 1997,N Am Ch & UNCAF Cup q in Panama,Panama,Belize,1370,1082,1,1,-16,16,1354,1098,122,170,-2,3,120,173,40,100,388
4753,Mar 23 1997,Friendly in Ukraine,Ukraine,Moldova,1639,1449,1,0,3,-3,1642,1446,41,95,3,-2,44,93,20,100,290
4754,Mar 25 1997,Friendly in Guatemala,Guatemala,Ecuador,1513,1697,0,0,2,-2,1515,1695,72,34,0,0,72,34,20,100,-84
4755,Mar 25 1997,World Cup qualifier in Oman,Japan,Macao,1706,1016,10,0,2,-2,1708,1014,32,188,0,0,32,188,40,0,690
4756,Mar 25 1997,World Cup qualifier in Oman,Oman,Nepal,1250,827,1,0,2,-2,1252,825,138,204,1,0,139,204,20,0,423
4757,Mar 27 1997,World Cup qualifier in Oman,Japan,Nepal,1708,825,6,0,1,-1,1709,824,30,204,1,0,31,204,40,0,883
4758,Mar 27 1997,World Cup qualifier in Saudi Arabia,Malaysia,Taiwan,1320,1040,0,0,-13,13,1307,1053,129,177,-1,3,128,180,40,0,280
4759,Mar 27 1997,World Cup qualifier in Oman,Oman,Macao,1252,1014,4,0,9,-9,1261,1005,135,188,2,0,137,188,40,100,338
4760,Mar 27 1997,World Cup qualifier in Saudi Arabia,Saudi Arabia,Bangladesh,1623,991,3,0,1,-1,1624,990,54,191,0,0,54,191,20,0,632
4761,Mar 29 1997,World Cup qualifier in Saudi Arabia,Bangladesh,Taiwan,990,1053,2,1,24,-24,1014,1029,185,190,3,-5,188,185,40,0,-63
4762,Mar 29 1997,World Cup qualifier in Croatia,Croatia,Denmark,1889,1970,1,1,-1,1,1888,1971,10,6,1,0,11,6,20,100,19
4763,Mar 29 1997,World Cup qualifier in Cyprus,Cyprus,Russia,1429,1900,1,1,16,-16,1445,1884,90,13,3,-1,93,12,40,100,-371
4764,Mar 29 1997,Friendly in England,England,Mexico,1931,1816,2,0,7,-7,1938,1809,8,22,0,-1,8,21,20,100,215
4765,Mar 29 1997,World Cup qualifier in Italy,Italy,Moldova,2000,1446,3,0,2,-2,2002,1444,5,95,0,-1,5,94,30,0,554
4766,Mar 29 1997,World Cup qualifier in the Netherlands,Netherlands,San Marino,1955,956,4,0,0,0,1955,956,7,195,0,0,7,195,20,0,999
4767,Mar 29 1997,World Cup qualifier in Northern Ireland,Northern Ireland,Portugal,1641,1868,0,0,7,-7,1648,1861,42,13,2,0,44,13,40,100,-127
4768,Mar 29 1997,World Cup qualifier in Romania,Romania,Liechtenstein,1858,1078,8,0,1,-1,1859,1077,14,177,0,0,14,177,20,0,780
4769,Mar 29 1997,World Cup qualifier in Saudi Arabia,Saudi Arabia,Malaysia,1624,1307,3,0,6,-6,1630,1301,48,128,3,0,51,128,40,100,417
4770,Mar 29 1997,World Cup qualifier in Scotland,Scotland,Estonia,1794,1236,2,0,1,-1,1795,1235,22,143,0,0,22,143,20,0,558
4771,Mar 29 1997,Friendly in Sierra Leone,Sierra Leone,Senegal,1423,1459,2,1,8,-8,1431,1451,94,92,3,-3,97,89,20,100,64
4772,Mar 29 1997,Friendly in Tanzania,Tanzania,Burkina Faso,1331,1347,3,2,8,-8,1339,1339,121,123,1,-1,122,122,20,100,84
4773,Mar 29 1997,Friendly in the United Arab Emirates,United Arab Emirates,Norway,1625,1820,1,4,-13,13,1612,1833,58,15,-3,2,55,17,20,100,-95
4774,Mar 29 1997,World Cup qualifier in Spain,Ukraine,Albania,1642,1422,1,0,9,-9,1651,1413,40,105,2,-2,42,103,40,0,220
4775,Mar 29 1997,World Cup qualifier in Wales,Wales,Belgium,1599,1737,1,2,-18,18,1581,1755,65,24,-4,1,61,25,40,100,-38
4776,Mar 30 1997,N Am Ch & UNCAF Cup q in Belize,Belize,Panama,1098,1354,0,1,-12,12,1086,1366,177,116,-2,2,175,118,40,100,-156
4777,Mar 30 1997,Friendly in Gabon,Gabon,Togo,1469,1402,2,1,6,-6,1475,1396,80,109,2,0,82,109,20,100,167
4778,Mar 30 1997,Friendly in Georgia,Georgia,Armenia,1582,1329,7,0,5,-5,1587,1324,60,128,0,-2,60,126,20,100,353
4779,Mar 30 1997,World Cup qualifier in Hong Kong,Hong Kong,Thailand,1192,1427,3,2,27,-27,1219,1400,141,118,8,-10,149,108,40,100,-135
4780,Mar 30 1997,Friendly in Mozambique,Mozambique,Angola,1384,1498,1,2,-10,10,1374,1508,119,72,-2,3,117,75,20,100,-14
4781,Mar 31 1997,World Cup qualifier in Luxembourg,Luxembourg,Israel,1252,1603,0,3,-13,13,1239,1616,142,54,-1,1,141,55,40,100,-251
4782,Mar 31 1997,World Cup qualifier in Saudi Arabia,Malaysia,Bangladesh,1301,1014,1,0,6,-6,1307,1008,128,188,0,0,128,188,40,0,287
4783,Mar 31 1997,World Cup qualifier in Malta,Malta,Slovakia,1291,1709,0,2,-8,8,1283,1717,137,29,-3,1,134,30,40,100,-318
4784,Mar 31 1997,World Cup qualifier in Saudi Arabia,Saudi Arabia,Taiwan,1630,1029,6,0,1,-1,1631,1028,51,185,0,0,51,185,20,0,601
4785,Apr 2 1997,World Cup qualifier in Azerbaijan,Azerbaijan,Finland,1416,1452,1,2,-24,24,1392,1476,117,76,-8,6,109,82,40,100,64
4786,Apr 2 1997,CONCACAF Ch & Car Cup q in Trinidad and Tobago,Barbados,Grenada,1291,1254,1,1,-2,2,1289,1256,131,139,0,0,131,139,30,0,37
4787,Apr 2 1997,World Cup qualifier in Bolivia,Bolivia,Argentina,1680,1828,2,1,23,-23,1703,1805,33,26,2,-4,35,22,40,100,-48
4788,Apr 2 1997,World Cup qualifier in Bosnia and Herzegovina,Bosnia and Herzegovina,Greece,1594,1683,0,1,-21,21,1573,1704,66,32,-4,2,62,34,40,100,11
4789,Apr 2 1997,Friendly in Brazil,Brazil,Chile,2067,1726,4,0,3,-3,2070,1723,2,28,0,0,2,28,20,100,441
4790,Apr 2 1997,World Cup qualifier in Bulgaria,Bulgaria,Cyprus,1812,1445,4,1,4,-4,1816,1441,18,95,1,-1,19,94,20,0,367
4791,Apr 2 1997,World Cup qualifier in Croatia,Croatia,Slovenia,1888,1574,3,3,-17,17,1871,1591,13,54,-1,4,12,58,40,100,414
4792,Apr 2 1997,World Cup qualifier in Czechia,Czechia,Yugoslavia,1926,1927,1,2,-26,26,1900,1953,10,5,0,2,10,7,40,100,99
4793,Apr 2 1997,CONCACAF Ch & Car Cup q in Dominica,Dominica,British Virgin Islands,1183,822,6,1,5,-5,1188,817,157,206,1,0,158,206,40,100,461
4794,Apr 2 1997,Friendly in France,France,Sweden,2035,1834,1,0,3,-3,2038,1831,3,20,0,-2,3,18,20,100,301
4795,Apr 2 1997,World Cup qualifier in Spain,Germany,Albania,2083,1413,3,2,1,-1,2084,1412,1,100,0,1,1,101,30,0,670
4796,Apr 2 1997,Friendly in Hungary,Hungary,Australia,1628,1784,1,3,-13,13,1615,1797,58,23,-3,0,55,23,20,100,-56
4797,Apr 2 1997,World Cup qualifier in Lithuania,Lithuania,Romania,1443,1859,0,1,-6,6,1437,1865,95,12,0,1,95,13,40,100,-316
4798,Apr 2 1997,World Cup qualifier in Macedonia,Macedonia,Ireland,1535,1730,3,2,25,-25,1560,1705,65,39,2,-6,67,33,40,100,-95
4799,Apr 2 1997,World Cup qualifier in Paraguay,Paraguay,Colombia,1826,1853,2,1,16,-16,1842,1837,11,17,4,-1,15,16,30,0,-27
4800,Apr 2 1997,World Cup qualifier in Peru,Peru,Ecuador,1642,1695,1,1,-3,3,1639,1698,46,38,0,-2,46,36,40,100,47
4801,Apr 2 1997,World Cup qualifier in Poland,Poland,Italy,1659,2002,0,0,12,-12,1671,1990,37,5,2,0,39,5,40,100,-243
4802,Apr 2 1997,World Cup qualifier in Scotland,Scotland,Austria,1795,1706,2,0,15,-15,1810,1691,18,41,2,-4,20,37,40,100,189
4803,Apr 2 1997,CONCACAF Ch & Car Cup q in Dominica,Sint Maarten,Anguilla,958,519,3,0,5,-5,963,514,194,220,0,0,194,220,40,0,439
4804,Apr 2 1997,Friendly in Switzerland,Switzerland,Latvia,1712,1392,1,0,2,-2,1714,1390,31,112,0,-1,31,111,20,100,420
4805,Apr 2 1997,Friendly in Trinidad and Tobago,Trinidad and Tobago,Guyana,1486,1103,3,0,2,-2,1488,1101,81,173,0,-1,81,172,20,100,483
4806,Apr 2 1997,World Cup qualifier in Turkey,Turkey,Netherlands,1689,1955,1,0,29,-29,1718,1926,23,11,6,-2,29,9,40,100,-166
4807,Apr 2 1997,World Cup qualifier in Ukraine,Ukraine,Northern Ireland,1651,1648,2,1,14,-14,1665,1634,38,54,2,-5,40,49,40,100,103
4808,Apr 2 1997,World Cup qualifier in Uruguay,Uruguay,Venezuela,1726,1358,3,1,4,-4,1730,1354,26,120,1,0,27,120,40,100,468
4809,Apr 4 1997,CONCACAF Ch & Car Cup q in Dominica,British Virgin Islands,Anguilla,817,514,4,1,10,-10,827,504,202,220,2,0,204,220,40,0,303
4810,Apr 4 1997,CONCACAF Ch & Car Cup q in Dominica,Dominica,Sint Maarten,1188,963,1,0,5,-5,1193,958,158,194,0,0,158,194,40,100,325
4811,Apr 4 1997,CONCACAF Ch & Car Cup q in Trinidad and Tobago,Grenada,Guyana,1256,1101,5,1,22,-22,1278,1079,133,180,3,-4,136,176,40,0,155
4812,Apr 4 1997,Friendly in Lebanon,Lebanon,Norway,1389,1833,0,0,8,-8,1397,1825,103,19,5,-1,108,18,20,100,-344
4813,Apr 4 1997,Friendly in Trinidad and Tobago,Trinidad and Tobago,Barbados,1488,1289,0,1,-17,17,1471,1306,89,127,-4,2,85,129,20,100,299
4814,Apr 5 1997,World Cup qualifier in Nigeria,Nigeria,Guinea,1747,1449,2,1,4,-4,1751,1445,26,93,0,-1,26,92,40,100,398
4815,Apr 5 1997,World Cup qualifier in Sierra Leone,Sierra Leone,Ghana,1431,1567,1,1,2,-2,1433,1565,97,65,0,-1,97,64,30,100,-36
4816,Apr 6 1997,World Cup qualifier in Angola,Angola,Togo,1508,1396,3,1,14,-14,1522,1382,69,119,3,-5,72,114,40,100,212
4817,Apr 6 1997,CONCACAF Ch & Car Cup q in Trinidad and Tobago,Barbados,Guyana,1306,1079,2,0,13,-13,1319,1066,125,180,2,-2,127,178,40,0,227
4818,Apr 6 1997,World Cup qualifier in Cameroon,Cameroon,Zimbabwe,1561,1512,1,0,12,-12,1573,1500,56,83,5,-5,61,78,40,100,149
4819,Apr 6 1997,World Cup qualifier in Canada,Canada,El Salvador,1633,1516,0,0,-11,11,1622,1527,56,69,-3,1,53,70,40,100,217
4820,Apr 6 1997,World Cup qualifier in Congo,Congo,South Africa,1434,1762,2,0,47,-47,1481,1715,66,36,15,-6,81,30,40,100,-228
4821,Apr 6 1997,CONCACAF Ch & Car Cup q in Dominica,Dominica,Anguilla,1193,504,5,0,1,-1,1194,503,158,220,0,0,158,220,20,0,689
4822,Apr 6 1997,World Cup qualifier in Gabon,Gabon,Morocco,1475,1664,0,4,-28,28,1447,1692,102,33,-10,4,92,37,40,100,-89
4823,Apr 6 1997,Nehru Gold Cup in India,India,Iraq,1055,1650,0,1,-2,2,1053,1652,179,43,0,0,179,43,30,100,-495
4824,Apr 6 1997,World Cup qualifier in Indonesia,Indonesia,Cambodia,1259,1024,8,0,12,-12,1271,1012,137,188,1,-1,138,187,40,100,335
4825,Apr 6 1997,World Cup qualifier in Kenya,Kenya,Burkina Faso,1427,1339,4,3,10,-10,1437,1329,94,124,2,-1,96,123,40,100,188
4826,Apr 6 1997,World Cup qualifier in Ghana,Liberia,Egypt,1387,1588,1,0,30,-30,1417,1558,88,77,13,-9,101,68,40,0,-201
4827,Apr 6 1997,World Cup qualifier in Namibia,Namibia,Tunisia,1281,1619,1,2,-8,8,1273,1627,139,49,-2,2,137,51,40,100,-238
4828,Apr 6 1997,CONCACAF Ch & Car Cup q in Dominica,Sint Maarten,British Virgin Islands,958,827,3,2,13,-13,971,814,192,208,1,-2,193,206,40,0,131
4829,Apr 6 1997,Friendly in Trinidad and Tobago,Trinidad and Tobago,Grenada,1471,1278,2,3,-17,17,1454,1295,89,128,-2,4,87,132,20,100,293
4830,Apr 8 1997,World Cup qualifier in Bahrain,Jordan,United Arab Emirates,1315,1612,0,0,14,-14,1329,1598,118,56,5,0,123,56,40,0,-297
4831,Apr 9 1997,World Cup qualifier in Zimbabwe,Zaire,Zambia,1508,1638,2,2,7,-7,1515,1631,71,50,2,-1,73,49,40,0,-130
4832,Apr 10 1997,Nehru Gold Cup in India,India,Iraq,1053,1652,1,1,18,-18,1071,1634,177,51,1,-4,178,47,40,100,-499
4833,Apr 11 1997,World Cup qualifier in Bahrain,Bahrain,United Arab Emirates,1382,1598,1,2,-14,14,1368,1612,120,56,-3,0,117,56,40,100,-116
4834,Apr 11 1997,Friendly in Kuwait,Kuwait,Iran,1640,1678,0,2,-18,18,1622,1696,60,35,-8,2,52,37,20,100,62
4835,Apr 12 1997,COSAFA Cup in Malawi,Malawi,Mozambique,1448,1374,2,2,-9,9,1439,1383,99,112,-4,2,95,114,40,100,174
4836,Apr 13 1997,Friendly in the United States,El Salvador,Guatemala,1527,1515,1,1,0,0,1527,1515,70,73,0,0,70,73,20,0,12
4837,Apr 13 1997,World Cup qualifier in Indonesia,Indonesia,Yemen,1271,1176,0,0,-10,10,1261,1186,138,157,0,2,138,159,40,100,195
4838,Apr 13 1997,World Cup qualifier in Lebanon,Lebanon,Singapore,1397,1277,1,1,-11,11,1386,1288,117,132,-4,2,113,134,40,100,220
4839,Apr 13 1997,World Cup qualifier in Mexico,Mexico,Jamaica,1809,1563,6,0,10,-10,1819,1553,17,71,2,-3,19,68,40,100,346
4840,Apr 14 1997,World Cup qualifier in Bahrain,Bahrain,Jordan,1368,1329,1,0,12,-12,1380,1317,115,133,1,-5,116,128,40,100,139
4841,Apr 16 1997,N Am Ch q & UNCAF Cup in Guatemala,Guatemala,Costa Rica,1515,1625,1,1,1,-1,1516,1624,73,51,0,0,73,51,40,100,-10
4842,Apr 16 1997,N Am Ch q & UNCAF Cup in Guatemala,Honduras,Panama,1560,1366,5,0,20,-20,1580,1346,57,122,4,-2,61,120,40,0,194
4843,Apr 17 1997,Friendly in Thailand,Thailand,Kuwait,1400,1622,3,1,20,-20,1420,1602,92,60,8,-4,100,56,20,100,-122
4844,Apr 18 1997,N Am Ch q & UNCAF Cup in Guatemala,Costa Rica,Nicaragua,1624,937,5,1,1,-1,1625,936,51,196,0,0,51,196,20,0,687
4845,Apr 18 1997,N Am Ch q & UNCAF Cup in Guatemala,Honduras,El Salvador,1580,1527,3,0,30,-30,1610,1497,51,86,5,-8,56,78,40,0,53
4846,Apr 19 1997,Friendly in Iraq,Iraq,Tajikistan,1634,1427,5,1,5,-5,1639,1422,44,99,1,0,45,99,20,100,307
4847,Apr 19 1997,World Cup qualifier in the United Arab Emirates,Jordan,Bahrain,1317,1380,4,1,41,-41,1358,1339,108,128,10,-6,118,122,40,0,-63
4848,Apr 19 1997,COSAFA Cup in Zambia,Zambia,Malawi,1631,1439,4,0,12,-12,1643,1427,40,101,4,-3,44,98,40,100,292
4849,Apr 20 1997,World Cup qualifier in Cambodia,Cambodia,Yemen,1012,1186,0,1,-16,16,996,1202,191,149,-2,5,189,154,40,100,-74
4850,Apr 20 1997,Friendly in Cameroon,Cameroon,Congo,1573,1481,2,0,7,-7,1580,1474,62,83,0,-1,62,82,20,100,192
4851,Apr 20 1997,N Am Ch q & UNCAF Cup in Guatemala,El Salvador,Panama,1497,1346,2,0,18,-18,1515,1328,68,128,5,-4,73,124,40,0,151
4852,Apr 20 1997,N Am Ch q & UNCAF Cup in Guatemala,Guatemala,Nicaragua,1516,936,6,1,2,-2,1518,934,72,196,0,0,72,196,30,0,580
4853,Apr 20 1997,World Cup qualifier in the United States,United States,Mexico,1662,1819,2,2,3,-3,1665,1816,40,19,1,0,41,19,40,100,-57
4854,Apr 21 1997,Friendly in China,China,Myanmar,1639,1134,5,0,1,-1,1640,1133,45,167,0,0,45,167,20,100,605
4855,Apr 21 1997,Friendly in Iran,Iran,Kenya,1696,1437,3,0,4,-4,1700,1433,35,97,1,-1,36,96,20,100,359
4856,Apr 22 1997,World Cup qualifier in the United Arab Emirates,United Arab Emirates,Bahrain,1612,1339,3,0,7,-7,1619,1332,51,123,2,-1,53,122,40,100,373
4857,Apr 23 1997,Friendly in China,China,South Korea,1640,1645,0,2,-19,19,1621,1664,59,43,-7,0,52,43,20,100,95
4858,Apr 23 1997,N Am Ch q & UNCAF Cup in Guatemala,Costa Rica,Honduras,1625,1610,4,0,36,-36,1661,1574,37,68,7,-6,44,62,40,0,15
4859,Apr 23 1997,N Am Ch q & UNCAF Cup in Guatemala,Guatemala,El Salvador,1518,1515,1,0,14,-14,1532,1501,68,81,2,-4,70,77,40,100,103
4860,Apr 25 1997,N Am Ch q & UNCAF Cup in Guatemala,Costa Rica,El Salvador,1661,1501,1,0,11,-11,1672,1490,36,83,4,-3,40,80,40,0,160
4861,Apr 25 1997,N Am Ch q & UNCAF Cup in Guatemala,Guatemala,Honduras,1532,1574,1,0,17,-17,1549,1557,68,72,1,-5,69,67,30,0,-42
4862,Apr 25 1997,Friendly in Turkmenistan,Turkmenistan,Azerbaijan,1409,1392,2,0,10,-10,1419,1382,98,119,3,-5,101,114,20,100,117
4863,Apr 26 1997,World Cup qualifier in Namibia,Namibia,Egypt,1273,1558,2,3,-10,10,1263,1568,137,60,0,3,137,63,40,100,-185
4864,Apr 26 1997,World Cup qualifier in Sierra Leone,Sierra Leone,Morocco,1433,1692,0,1,-11,11,1422,1703,100,32,-2,3,98,35,40,100,-159
4865,Apr 26 1997,World Cup qualifier in Singapore,Singapore,Kuwait,1288,1602,0,1,-9,9,1279,1611,138,56,-2,0,136,56,40,100,-214
4866,Apr 26 1997,World Cup qualifier in the United Arab Emirates,United Arab Emirates,Jordan,1619,1358,2,0,7,-7,1626,1351,49,120,2,-1,51,119,40,100,361
4867,Apr 27 1997,World Cup qualifier in Burkina Faso,Burkina Faso,Nigeria,1329,1751,1,2,-5,5,1324,1756,129,23,-3,1,126,24,40,100,-322
4868,Apr 27 1997,World Cup qualifier in Cambodia,Cambodia,Indonesia,996,1261,1,1,9,-9,1005,1252,187,140,1,-1,188,139,40,100,-165
4869,Apr 27 1997,World Cup qualifier in Cameroon,Cameroon,Togo,1580,1382,2,0,9,-9,1589,1373,57,118,2,-2,59,116,40,100,298
4870,Apr 27 1997,World Cup qualifier in Canada,Canada,Jamaica,1622,1553,0,0,-9,9,1613,1562,58,64,-3,2,55,66,40,100,169
4871,Apr 27 1997,Friendly in China,China,Iran,1621,1700,0,0,-1,1,1620,1701,51,37,1,0,52,37,20,100,21
4872,Apr 27 1997,CONCACAF Ch & Car Cup q in Dominica,Dominica,Martinique,1194,1495,1,2,-10,10,1184,1505,159,71,0,4,159,75,40,100,-201
4873,Apr 27 1997,N Am Ch q & UNCAF Cup in Guatemala,El Salvador,Honduras,1490,1557,0,0,4,-4,1494,1553,78,69,1,-1,79,68,40,0,-67
4874,Apr 27 1997,World Cup qualifier in Ghana,Ghana,Gabon,1565,1447,3,0,16,-16,1581,1431,57,99,4,-4,61,95,40,100,218
4875,Apr 27 1997,N Am Ch q & UNCAF Cup in Guatemala,Guatemala,Costa Rica,1549,1672,1,1,1,-1,1550,1671,69,40,0,0,69,40,20,100,-23
4876,Apr 27 1997,World Cup qualifier in Kenya,Kenya,Guinea,1433,1445,1,0,15,-15,1448,1430,86,100,5,-4,91,96,40,100,88
4877,Apr 27 1997,Friendly in Lebanon,Lebanon,Libya,1386,1502,2,0,16,-16,1402,1486,106,84,3,-4,109,80,20,100,-16
4878,Apr 27 1997,World Cup qualifier in Togo,South Africa,Zaire,1715,1515,2,1,10,-10,1725,1505,24,77,3,-2,27,75,40,0,200
4879,Apr 27 1997,World Cup qualifier in Tunisia,Tunisia,Liberia,1627,1417,2,0,9,-9,1636,1408,46,105,2,-1,48,104,40,100,310
4880,Apr 27 1997,World Cup qualifier in Zambia,Zambia,Congo,1643,1474,3,0,12,-12,1655,1462,45,88,0,-3,45,85,40,100,269
4881,Apr 27 1997,World Cup qualifier in Zimbabwe,Zimbabwe,Angola,1500,1522,0,0,-4,4,1496,1526,79,70,-1,1,78,71,40,100,78
4882,Apr 28 1997,Friendly in Bermuda,Bermuda,Saint Martin,1364,1104,2,1,2,-2,1366,1102,117,171,0,-1,117,170,20,100,360
4883,Apr 29 1997,World Cup qualifier in Chile,Chile,Venezuela,1723,1354,6,0,5,-5,1728,1349,26,120,1,-1,27,119,20,0,369
4884,Apr 29 1997,Friendly in Slovakia,Slovakia,Iceland,1717,1524,3,1,5,-5,1722,1519,28,72,1,0,29,72,20,100,293
4885,Apr 30 1997,World Cup qualifier in Argentina,Argentina,Ecuador,1805,1698,2,1,9,-9,1814,1689,14,36,4,1,18,37,40,100,207
4886,Apr 30 1997,World Cup qualifier in Armenia,Armenia,Northern Ireland,1324,1634,0,0,11,-11,1335,1623,118,55,4,-3,122,52,30,0,-310
4887,Apr 30 1997,World Cup qualifier in Austria,Austria,Estonia,1691,1235,2,0,2,-2,1693,1233,33,145,3,-1,36,144,20,0,456
4888,Apr 30 1997,Friendly in the United States,Brazil,Mexico,2070,1816,4,0,7,-7,2077,1809,2,19,0,0,2,19,20,0,254
4889,Apr 30 1997,World Cup qualifier in Colombia,Colombia,Peru,1837,1639,0,1,-34,34,1803,1673,26,34,-5,6,21,40,40,100,298
4890,Apr 30 1997,World Cup qualifier in Denmark,Denmark,Slovenia,1971,1591,4,0,4,-4,1975,1587,6,60,0,-1,6,59,20,0,380
4891,Apr 30 1997,World Cup qualifier in England,England,Georgia,1938,1587,2,0,4,-4,1942,1583,8,60,0,0,8,60,20,0,351
4892,Apr 30 1997,World Cup qualifier in Germany,Germany,Ukraine,2084,1665,2,0,3,-3,2087,1662,1,48,0,-3,1,45,40,100,519
4893,Apr 30 1997,World Cup qualifier in Greece,Greece,Croatia,1704,1871,0,1,-16,16,1688,1887,42,10,-4,1,38,11,40,100,-67
4894,Apr 30 1997,World Cup qualifier in Israel,Israel,Cyprus,1616,1441,2,0,10,-10,1626,1431,47,95,3,-1,50,94,40,100,275
4895,Apr 30 1997,World Cup qualifier in Italy,Italy,Poland,1990,1671,3,0,6,-6,1996,1665,5,44,0,-2,5,42,40,100,419
4896,Apr 30 1997,World Cup qualifier in Latvia,Latvia,Belarus,1390,1405,2,0,23,-23,1413,1382,95,120,8,-7,103,113,30,0,-15
4897,Apr 30 1997,World Cup qualifier in Liechtenstein,Liechtenstein,Lithuania,1077,1437,0,2,-11,11,1066,1448,180,88,-2,3,178,91,40,100,-260
4898,Apr 30 1997,World Cup qualifier in Malta,Malta,Faroe Islands,1283,1174,1,2,-31,31,1252,1205,141,146,-3,8,138,154,40,100,209
4899,Apr 30 1997,World Cup qualifier in Norway,Norway,Finland,1825,1476,1,1,-17,17,1808,1493,22,79,-2,1,20,80,40,100,449
4900,Apr 30 1997,World Cup qualifier in Paraguay,Paraguay,Uruguay,1842,1730,3,1,14,-14,1856,1716,15,34,0,-4,15,30,40,100,212
4901,Apr 30 1997,World Cup qualifier in Romania,Romania,Ireland,1865,1705,1,0,7,-7,1872,1698,13,37,0,-2,13,35,40,100,260
4902,Apr 30 1997,World Cup qualifier in Russia,Russia,Luxembourg,1884,1239,3,0,1,-1,1885,1238,13,141,-1,0,12,141,20,0,645
4903,Apr 30 1997,World Cup qualifier in San Marino,San Marino,Netherlands,956,1926,0,6,-1,1,955,1927,195,9,0,0,195,9,40,100,-870
4904,Apr 30 1997,World Cup qualifier in Sweden,Sweden,Scotland,1831,1810,2,1,13,-13,1844,1797,15,23,1,-1,16,22,40,100,121
4905,Apr 30 1997,World Cup qualifier in Switzerland,Switzerland,Hungary,1714,1615,1,0,10,-10,1724,1605,25,58,3,-2,28,56,40,100,199
4906,Apr 30 1997,Friendly in Syria,Syria,Libya,1469,1486,1,1,-2,2,1467,1488,84,82,0,-1,84,81,20,100,83
4907,Apr 30 1997,World Cup qualifier in Turkey,Turkey,Belgium,1718,1755,1,3,-35,35,1683,1790,48,23,-9,1,39,24,40,100,63
4908,Apr 30 1997,World Cup qualifier in Yugoslavia,Yugoslavia,Spain,1953,2026,1,1,-2,2,1951,2028,7,4,0,0,7,4,40,100,27
4909,May 1 1997,Friendly in Fiji,Fiji,New Caledonia,1408,1202,5,1,5,-5,1413,1197,101,163,2,-4,103,159,20,100,306
4910,May 1 1997,Friendly in Trinidad and Tobago,Trinidad and Tobago,Jamaica,1454,1562,1,1,0,0,1454,1562,87,66,0,0,87,66,20,100,-8
4911,May 4 1997,CONCACAF Ch & Car Cup q in Aruba,Aruba,Jamaica,992,1562,0,6,-5,5,987,1567,191,64,0,1,191,65,40,100,-470
4912,May 4 1997,World Cup qualifier in El Salvador,El Salvador,Costa Rica,1494,1671,2,1,24,-24,1518,1647,67,51,6,-5,73,46,40,100,-77
4913,May 4 1997,CONCACAF Ch & Car Cup q in Martinique,Martinique,Dominica,1505,1184,7,0,7,-7,1512,1177,73,164,1,-2,74,162,40,100,421
4914,May 4 1997,World Cup qualifier in Tajikistan,Tajikistan,Vietnam,1422,1232,4,0,12,-12,1434,1220,90,151,4,-3,94,148,40,100,290
4915,May 4 1997,World Cup qualifier in Turkmenistan,Turkmenistan,China,1419,1620,1,4,-25,25,1394,1645,117,41,-8,6,109,47,40,100,-101
4916,May 7 1997,World Cup qualifier in Ukraine,Ukraine,Armenia,1662,1335,1,1,-17,17,1645,1352,48,114,-2,4,46,118,40,100,427
4917,May 8 1997,Friendly in Ivory Coast,Ivory Coast,Senegal,1542,1451,4,1,9,-9,1551,1442,68,97,1,-4,69,93,20,100,191
4918,May 8 1997,World Cup qualifier in Kuwait,Kuwait,Lebanon,1611,1402,2,0,9,-9,1620,1393,53,110,1,-1,54,109,40,100,309
4919,May 9 1997,World Cup qualifier in Yemen,Yemen,Uzbekistan,1202,1597,0,1,-6,6,1196,1603,163,57,-4,0,159,57,40,100,-295
4920,May 11 1997,World Cup qualifier in Costa Rica,Costa Rica,Jamaica,1647,1567,3,1,16,-16,1663,1551,43,71,1,-3,44,68,40,100,180
4921,May 11 1997,World Cup qualifier in Kazakhstan,Kazakhstan,Pakistan,1473,867,3,0,1,-1,1474,866,82,201,0,0,82,201,20,0,606
4922,May 11 1997,World Cup qualifier in Tajikistan,Tajikistan,China,1434,1645,0,1,-14,14,1420,1659,104,44,-5,1,99,45,40,100,-111
4923,May 11 1997,World Cup qualifier in Turkmenistan,Turkmenistan,Vietnam,1394,1220,2,1,7,-7,1401,1213,108,154,0,-3,108,151,40,100,274
4924,May 16 1997,World Cup qualifier in Yemen,Yemen,Cambodia,1196,1005,7,0,14,-14,1210,991,145,192,7,-2,152,190,40,100,291
4925,May 18 1997,World Cup qualifier in Estonia,Estonia,Latvia,1233,1413,1,3,-23,23,1210,1436,158,86,-7,8,151,94,40,100,-80
4926,May 18 1997,World Cup qualifier in Jamaica,Jamaica,El Salvador,1551,1518,1,0,13,-13,1564,1505,64,79,2,-3,66,76,40,100,133
4927,May 21 1997,World Cup qualifier in Ireland,Ireland,Liechtenstein,1698,1066,5,0,1,-1,1699,1065,35,180,0,-1,35,179,20,0,632
4928,May 21 1997,Friendly in Japan,Japan,South Korea,1709,1664,1,1,-4,4,1705,1668,31,39,0,2,31,41,20,100,145
4929,May 21 1997,Friendly in Thailand,Thailand,Northern Ireland,1420,1623,0,0,3,-3,1423,1620,98,53,1,0,99,53,20,100,-103
4930,May 22 1997,Friendly in Sweden,Sweden,Poland,1844,1665,2,2,-7,7,1837,1672,16,40,0,1,16,41,20,100,279
4931,May 23 1997,World Cup qualifier in Pakistan,Pakistan,Iraq,866,1639,2,6,-2,2,864,1641,201,48,0,0,201,48,40,100,-673
4932,May 24 1997,Friendly in England,England,South Africa,1942,1725,2,1,3,-3,1945,1722,8,29,0,-1,8,28,20,100,317
4933,May 24 1997,World Cup qualifier in Singapore,Singapore,Lebanon,1279,1393,1,2,-19,19,1260,1412,139,99,-2,5,137,104,40,100,-14
4934,May 25 1997,World Cup qualifier in Turkmenistan,Turkmenistan,Tajikistan,1401,1420,1,2,-25,25,1376,1445,121,83,-6,9,115,92,40,100,81
4935,May 25 1997,World Cup qualifier in Uzbekistan,Uzbekistan,Cambodia,1603,991,6,0,1,-1,1604,990,57,190,0,0,57,190,20,0,612
4936,May 25 1997,World Cup qualifier in Vietnam,Vietnam,China,1213,1659,1,3,-7,7,1206,1666,158,41,-4,2,154,43,40,100,-346
4937,May 27 1997,Friendly in Kuwait,Kuwait,Zambia,1620,1655,2,1,8,-8,1628,1647,49,46,2,0,51,46,20,100,65
4938,May 27 1997,Friendly in Scotland,Scotland,Wales,1797,1581,0,1,-17,17,1780,1598,26,55,-2,3,24,58,20,100,316
4939,May 28 1997,Friendly in El Salvador,El Salvador,Ecuador,1505,1689,0,2,-11,11,1494,1700,82,33,-3,2,79,35,20,100,-84
4940,May 28 1997,World Cup qualifier in South Korea,South Korea,Hong Kong,1668,1219,4,0,3,-3,1671,1216,42,147,0,0,42,147,20,0,449
4941,May 30 1997,Friendly in Norway,Norway,Brazil,1808,2077,4,2,22,-22,1830,2055,14,2,3,0,17,2,20,100,-169
4942,May 31 1997,Friendly in Burkina Faso,Burkina Faso,Mali,1324,1379,2,0,13,-13,1337,1366,117,118,5,-2,122,116,20,100,45
4943,May 31 1997,African Nations Cup qualifier in Morocco,Morocco,Ethiopia,1703,1326,4,0,5,-5,1708,1321,30,129,1,-2,31,127,40,100,477
4944,May 31 1997,World Cup qualifier in Papua New Guinea,Papua New Guinea,New Zealand,1093,1456,1,0,33,-33,1126,1423,164,112,4,-13,168,99,40,100,-263
4945,May 31 1997,World Cup qualifier in Poland,Poland,England,1672,1945,0,2,-16,16,1656,1961,49,6,-4,1,45,7,40,100,-173
4946,May 31 1997,COSAFA Cup in Tanzania,Tanzania,Namibia,1339,1263,0,0,-9,9,1330,1272,126,135,-2,0,124,135,40,100,176
4947,May 31 1997,Friendly in Tunisia,Tunisia,Algeria,1636,1567,0,1,-15,15,1621,1582,57,59,-4,3,53,62,20,100,169
4948,Jun 1 1997,World Cup qualifier in Canada,Canada,Costa Rica,1613,1663,1,0,17,-17,1630,1646,45,48,5,-2,50,46,30,0,-50
4949,Jun 1 1997,World Cup qualifier in China,China,Turkmenistan,1666,1376,1,0,4,-4,1670,1372,40,116,1,-1,41,115,40,100,390
4950,Jun 1 1997,World Cup qualifier in Indonesia,Indonesia,Uzbekistan,1252,1604,1,1,12,-12,1264,1592,134,59,2,-1,136,58,30,0,-352
4951,Jun 1 1997,Friendly in Malta,Malta,Scotland,1252,1780,2,3,-2,2,1250,1782,140,24,-1,0,139,24,20,100,-428
4952,Jun 1 1997,World Cup qualifier in South Korea,South Korea,Thailand,1671,1423,0,0,-15,15,1656,1438,47,89,-3,5,44,94,40,100,348
4953,Jun 1 1997,World Cup qualifier in Vietnam,Vietnam,Tajikistan,1206,1445,0,4,-23,23,1183,1468,166,77,-6,7,160,84,40,100,-139
4954,Jun 1 1997,Friendly in Zambia,Zambia,Cameroon,1647,1589,3,0,10,-10,1657,1579,40,67,3,-4,43,63,20,100,158
4955,Jun 2 1997,World Cup qualifier in Syria,Iran,Maldives,1701,746,17,0,1,-1,1702,745,34,208,0,0,34,208,40,0,955
4956,Jun 3 1997,Friendly tournament in France,France,Brazil,2038,2055,1,1,-4,4,2034,2059,3,2,0,0,3,2,30,100,83
4957,Jun 4 1997,Friendly tournament in France,England,Italy,1961,1996,2,0,25,-25,1986,1971,3,9,2,-2,5,7,30,0,-35
4958,Jun 4 1997,Friendly in Estonia,Estonia,Azerbaijan,1210,1382,1,0,12,-12,1222,1370,142,116,4,-2,146,114,20,100,-72
4959,Jun 4 1997,World Cup qualifier in Syria,Iran,Kyrgyzstan,1702,1201,7,0,5,-5,1707,1196,28,161,3,-3,31,158,40,0,501
4960,Jun 4 1997,Friendly tournament in South Africa,South Africa,Netherlands,1722,1927,0,2,-16,16,1706,1943,36,9,-4,0,32,9,30,100,-105
4961,Jun 4 1997,World Cup qualifier in Syria,Syria,Maldives,1467,745,12,0,1,-1,1468,744,83,208,1,0,84,208,20,0,722
4962,Jun 4 1997,Friendly in Togo,Togo,Burkina Faso,1373,1337,0,0,-4,4,1369,1341,116,120,-1,1,115,121,20,100,136
4963,Jun 4 1997,Friendly in the United States,United States,Paraguay,1665,1856,0,0,3,-3,1668,1853,42,15,0,0,42,15,20,100,-91
4964,Jun 5 1997,World Cup qualifier in Kuwait,Kuwait,Singapore,1628,1260,4,0,5,-5,1633,1255,47,138,2,0,49,138,40,100,468
4965,Jun 6 1997,World Cup qualifier in Iraq,Iraq,Kazakhstan,1641,1474,1,2,-33,33,1608,1507,62,68,-7,7,55,75,40,100,267
4966,Jun 6 1997,World Cup qualifier in Syria,Kyrgyzstan,Maldives,1196,744,3,0,5,-5,1201,739,152,208,3,0,155,208,40,0,452
4967,Jun 6 1997,Friendly in Palestine,Palestine,Jordan,1237,1351,0,0,0,0,1237,1351,142,119,0,0,142,119,20,100,-14
4968,Jun 6 1997,Friendly in Senegal,Senegal,Algeria,1442,1582,0,0,1,-1,1443,1581,93,61,0,0,93,61,20,100,-40
4969,Jun 6 1997,World Cup qualifier in Syria,Syria,Iran,1468,1707,0,1,-12,12,1456,1719,88,27,-2,2,86,29,40,100,-139
4970,Jun 7 1997,World Cup qualifier in Belgium,Belgium,San Marino,1790,955,6,0,0,0,1790,955,23,195,0,0,23,195,20,0,835
4971,Jun 7 1997,World Cup qualifier in Fiji,Fiji,New Zealand,1413,1423,0,1,-25,25,1388,1448,117,80,-7,10,110,90,40,100,90
4972,Jun 7 1997,Friendly tournament in France,France,England,2034,1986,0,1,-21,21,2013,2007,5,5,-1,0,4,5,30,100,148
4973,Jun 7 1997,World Cup qualifier in Georgia,Georgia,Moldova,1583,1444,2,0,12,-12,1595,1432,56,100,2,-4,58,96,40,100,239
4974,Jun 7 1997,World Cup qualifier in Macedonia,Macedonia,Iceland,1560,1519,1,0,12,-12,1572,1507,61,76,3,-2,64,74,40,100,141
4975,Jun 7 1997,World Cup qualifier in Morocco,Morocco,Ghana,1708,1581,1,0,9,-9,1717,1572,29,67,1,-3,30,64,40,100,227
4976,Jun 7 1997,World Cup qualifier in Nigeria,Nigeria,Kenya,1756,1448,3,0,6,-6,1762,1442,25,96,0,-3,25,93,40,100,408
4977,Jun 7 1997,World Cup qualifier in Portugal,Portugal,Albania,1861,1412,2,0,2,-2,1863,1410,14,104,0,0,14,104,20,0,449
4978,Jun 7 1997,World Cup qualifier in Ukraine,Ukraine,Germany,1645,2087,0,0,15,-15,1660,2072,39,1,4,0,43,1,40,100,-342
4979,Jun 8 1997,World Cup qualifier in Angola,Angola,Cameroon,1526,1579,1,1,-3,3,1523,1582,71,60,0,1,71,61,40,100,47
4980,Jun 8 1997,World Cup qualifier in Argentina,Argentina,Peru,1814,1673,2,0,12,-12,1826,1661,15,42,2,-1,17,41,40,100,241
4981,Jun 8 1997,World Cup qualifier in Belarus,Belarus,Scotland,1382,1782,0,1,-6,6,1376,1788,114,24,-1,0,113,24,40,100,-300
4982,Jun 8 1997,Friendly tournament in France,Brazil,Italy,2059,1971,3,3,-4,4,2055,1975,2,7,0,0,2,7,30,0,88
4983,Jun 8 1997,World Cup qualifier in Bulgaria,Bulgaria,Luxembourg,1816,1238,4,0,1,-1,1817,1237,22,139,-2,1,20,140,20,0,578
4984,Jun 8 1997,World Cup qualifier in China,China,Tajikistan,1670,1468,0,0,-14,14,1656,1482,45,80,-2,2,43,82,40,100,302
4985,Jun 8 1997,World Cup qualifier in Congo,Congo,DR Congo,1462,1505,1,0,17,-17,1479,1488,81,81,2,-2,83,79,30,0,-43
4986,Jun 8 1997,World Cup qualifier in Denmark,Denmark,Bosnia and Herzegovina,1975,1573,2,0,3,-3,1978,1570,6,67,0,-2,6,65,20,0,402
4987,Jun 8 1997,World Cup qualifier in Ecuador,Ecuador,Chile,1700,1728,1,1,-4,4,1696,1732,37,26,-1,0,36,26,40,100,72
4988,Jun 8 1997,World Cup qualifier in Egypt,Egypt,Tunisia,1568,1621,0,0,-3,3,1565,1624,66,51,0,1,66,52,40,100,47
4989,Jun 8 1997,World Cup qualifier in El Salvador,El Salvador,Mexico,1494,1809,0,1,-9,9,1485,1818,82,18,-1,1,81,19,40,100,-215
4990,Jun 8 1997,World Cup qualifier in Estonia,Estonia,Sweden,1222,1837,2,3,-2,2,1220,1839,150,16,-2,0,148,16,40,100,-515
4991,Jun 8 1997,World Cup qualifier in the Faroe Islands,Faroe Islands,Malta,1205,1250,2,1,17,-17,1222,1233,138,147,8,-4,146,143,30,0,-45
4992,Jun 8 1997,World Cup qualifier in Finland,Finland,Azerbaijan,1493,1370,3,0,15,-15,1508,1355,67,122,7,-4,74,118,40,100,223
4993,Jun 8 1997,World Cup qualifier in Guinea,Guinea,Burkina Faso,1430,1341,3,1,15,-15,1445,1326,85,129,7,-4,92,125,40,100,189
4994,Jun 8 1997,World Cup qualifier in Hungary,Hungary,Norway,1605,1830,1,1,7,-7,1612,1823,54,19,1,-1,55,18,40,100,-125
4995,Jun 8 1997,Friendly tournament in Japan,Japan,Croatia,1705,1887,4,3,18,-18,1723,1869,25,15,4,-2,29,13,30,100,-82
4996,Jun 8 1997,World Cup qualifier in Latvia,Latvia,Austria,1436,1693,1,3,-17,17,1419,1710,107,31,-6,3,101,34,40,100,-157
4997,Jun 8 1997,World Cup qualifier in Liberia,Liberia,Namibia,1408,1272,1,2,-32,32,1376,1304,121,125,-8,5,113,130,40,100,236
4998,Jun 8 1997,World Cup qualifier in Russia,Russia,Israel,1885,1626,2,0,7,-7,1892,1619,8,57,2,-3,10,54,40,100,359
4999,Jun 8 1997,World Cup qualifier in South Africa,South Africa,Zambia,1706,1657,3,0,21,-21,1727,1636,22,50,5,-3,27,47,40,100,149
5000,Jun 8 1997,World Cup qualifier in Spain,Spain,Czechia,2028,1900,1,0,8,-8,2036,1892,3,10,0,0,3,10,40,100,228
5001,Jun 8 1997,World Cup qualifier in Togo,Togo,Zimbabwe,1369,1496,2,1,22,-22,1391,1474,101,89,7,-5,108,84,40,100,-27
5002,Jun 8 1997,World Cup qualifier in Uruguay,Uruguay,Colombia,1716,1803,1,1,-1,1,1715,1804,33,21,-1,0,32,21,30,100,13
5003,Jun 8 1997,World Cup qualifier in Venezuela,Venezuela,Bolivia,1349,1703,1,1,12,-12,1361,1691,114,40,3,-3,117,37,30,0,-354
5004,Jun 8 1997,World Cup qualifier in Vietnam,Vietnam,Turkmenistan,1183,1372,0,4,-28,28,1155,1400,170,101,-5,6,165,107,40,100,-89
5005,Jun 8 1997,World Cup qualifier in Yugoslavia,Yugoslavia,Slovakia,1951,1722,2,0,8,-8,1959,1714,8,38,0,-5,8,33,40,100,329
5006,Jun 9 1997,World Cup qualifier in Iran,Iran,Kyrgyzstan,1719,1201,3,1,2,-2,1721,1199,30,157,0,-1,30,156,30,0,518
5007,Jun 9 1997,World Cup qualifier in Iran,Syria,Maldives,1456,739,12,0,2,-2,1458,737,86,208,0,0,86,208,40,0,717
5008,Jun 10 1997,Friendly tournament in France,Brazil,England,2055,2007,1,0,13,-13,2068,1994,2,5,0,0,2,5,30,0,48
5009,Jun 11 1997,Copa América in Bolivia,Argentina,Ecuador,1826,1696,0,0,-9,9,1817,1705,21,34,-2,1,19,35,30,100,230
5010,Jun 11 1997,World Cup qualifier in Australia,Australia,Solomon Islands,1797,1285,13,0,3,-3,1800,1282,22,135,0,0,22,135,20,0,512
5011,Jun 11 1997,Friendly tournament in France,France,Italy,2013,1975,2,2,-6,6,2007,1981,4,5,0,1,4,6,30,100,138
5012,Jun 11 1997,World Cup qualifier in Iceland,Iceland,Lithuania,1507,1448,0,0,-9,9,1498,1457,79,82,-2,4,77,86,40,100,159
5013,Jun 11 1997,World Cup qualifier in Iran,Iran,Maldives,1721,737,9,0,0,0,1721,737,28,208,1,0,29,208,20,0,984
5014,Jun 11 1997,World Cup qualifier in Iran,Kyrgyzstan,Syria,1199,1458,2,1,33,-33,1232,1425,132,112,12,-13,144,99,40,0,-259
5015,Jun 11 1997,World Cup qualifier in New Zealand,New Zealand,Papua New Guinea,1448,1126,7,0,7,-7,1455,1119,84,170,3,-1,87,169,40,100,422
5016,Jun 11 1997,World Cup qualifier in Pakistan,Pakistan,Kazakhstan,864,1507,0,7,-4,4,860,1511,205,71,-2,2,203,73,40,100,-543
5017,Jun 11 1997,Copa América in Bolivia,Paraguay,Chile,1853,1732,1,0,17,-17,1870,1715,11,36,2,-5,13,31,50,0,121
5018,Jun 12 1997,Copa América in Bolivia,Bolivia,Venezuela,1691,1361,1,0,4,-4,1695,1357,35,117,1,0,36,117,30,0,330
5019,Jun 12 1997,Friendly tournament in Japan,Croatia,Turkey,1869,1683,1,1,-7,7,1862,1690,16,35,-1,2,15,37,20,100,286
5020,Jun 12 1997,Copa América in Bolivia,Peru,Uruguay,1661,1715,1,0,29,-29,1690,1686,33,49,4,-9,37,40,50,0,-54
5021,Jun 12 1997,Korea Cup in South Korea,South Korea,Egypt,1656,1565,3,1,11,-11,1667,1554,41,68,1,-1,42,67,20,0,91
5022,Jun 12 1997,Korea Cup in South Korea,Yugoslavia,Ghana,1959,1572,3,1,4,-4,1963,1568,8,67,0,-2,8,65,30,0,387
5023,Jun 13 1997,World Cup qualifier in Australia,Australia,Tahiti,1800,1510,5,0,8,-8,1808,1502,20,78,1,-2,21,76,40,100,390
5024,Jun 13 1997,Copa América in Bolivia,Brazil,Costa Rica,2068,1646,5,0,8,-8,2076,1638,0,46,1,0,1,46,50,0,422
5025,Jun 13 1997,World Cup qualifier in Iran,Iran,Syria,1721,1425,2,2,-16,16,1705,1441,37,89,-4,5,33,94,40,100,396
5026,Jun 13 1997,World Cup qualifier in Iran,Kyrgyzstan,Maldives,1232,737,6,0,5,-5,1237,732,136,210,4,-1,140,209,40,0,495
5027,Jun 13 1997,Copa América in Bolivia,Mexico,Colombia,1818,1804,2,1,24,-24,1842,1780,14,27,2,-3,16,24,50,0,14
5028,Jun 13 1997,World Cup qualifier in Yemen,Yemen,Indonesia,1210,1264,1,1,-3,3,1207,1267,157,136,-2,0,155,136,40,100,46
5029,Jun 14 1997,Copa América in Bolivia,Argentina,Chile,1817,1715,2,0,27,-27,1844,1688,11,46,4,-8,15,38,50,0,102
5030,Jun 14 1997,Copa América in Bolivia,Ecuador,Paraguay,1705,1870,2,0,54,-54,1759,1816,19,27,7,-7,26,20,50,0,-165
5031,Jun 14 1997,Korea Cup in South Korea,Egypt,Yugoslavia,1554,1963,0,0,12,-12,1566,1951,63,8,2,0,65,8,30,0,-409
5032,Jun 14 1997,World Cup qualifier in Poland,Poland,Georgia,1656,1595,4,1,20,-20,1676,1575,40,66,2,-4,42,62,40,100,161
5033,Jun 14 1997,Korea Cup in South Korea,South Korea,Ghana,1667,1568,3,0,13,-13,1680,1555,40,69,1,-2,41,67,20,0,99
5034,Jun 15 1997,Copa América in Bolivia,Bolivia,Peru,1695,1690,2,0,26,-26,1721,1664,25,50,5,-7,30,43,50,100,105
5035,Jun 15 1997,World Cup qualifier in Fiji,Fiji,Papua New Guinea,1388,1119,3,1,6,-6,1394,1113,107,169,2,0,109,169,40,100,369
5036,Jun 15 1997,Friendly tournament in Japan,Japan,Turkey,1723,1690,1,0,10,-10,1733,1680,25,42,2,-3,27,39,30,100,133
5037,Jun 15 1997,COSAFA Cup in Mozambique,Mozambique,Tanzania,1383,1330,3,0,21,-21,1404,1309,100,135,6,-6,106,129,40,100,153
5038,Jun 15 1997,World Cup qualifier in Australia,Solomon Islands,Tahiti,1282,1502,4,1,55,-55,1337,1447,109,104,13,-14,122,90,40,0,-220
5039,Jun 15 1997,Copa América in Bolivia,Uruguay,Venezuela,1686,1357,2,0,10,-10,1696,1347,32,123,4,-3,36,120,50,0,329
5040,Jun 16 1997,Copa América in Bolivia,Brazil,Mexico,2076,1842,3,2,10,-10,2086,1832,1,18,0,-1,1,17,50,0,234
5041,Jun 16 1997,Copa América in Bolivia,Colombia,Costa Rica,1780,1638,4,1,27,-27,1807,1611,20,64,2,-9,22,55,50,0,142
5042,Jun 16 1997,Korea Cup in South Korea,Egypt,Ghana,1566,1555,2,0,22,-22,1588,1533,53,73,6,-3,59,70,30,0,11
5043,Jun 16 1997,Korea Cup in South Korea,South Korea,Yugoslavia,1680,1951,1,1,7,-7,1687,1944,39,8,0,0,39,8,20,0,-271
5044,Jun 17 1997,Copa América in Bolivia,Argentina,Paraguay,1844,1816,1,1,-2,2,1842,1818,15,18,0,1,15,19,40,0,28
5045,Jun 17 1997,World Cup qualifier in Australia,Australia,Solomon Islands,1808,1337,6,2,3,-3,1811,1334,21,122,0,0,21,122,40,100,571
5046,Jun 17 1997,Copa América in Bolivia,Ecuador,Chile,1759,1688,2,1,20,-20,1779,1668,24,47,1,-5,25,42,50,0,71
5047,Jun 17 1997,Friendly in the United States,United States,Israel,1668,1619,2,1,6,-6,1674,1613,40,53,1,0,41,53,20,100,149
5048,Jun 18 1997,Copa América in Bolivia,Bolivia,Uruguay,1721,1696,1,0,16,-16,1737,1680,24,40,3,-2,27,38,50,100,125
5049,Jun 18 1997,World Cup qualifier in New Zealand,New Zealand,Fiji,1455,1394,5,0,23,-23,1478,1371,80,119,3,-5,83,114,40,100,161
5050,Jun 18 1997,Copa América in Bolivia,Peru,Venezuela,1664,1347,2,0,10,-10,1674,1337,39,122,2,-1,41,121,50,0,317
5051,Jun 19 1997,World Cup qualifier in Australia,Australia,Tahiti,1811,1447,2,0,4,-4,1815,1443,21,92,0,-1,21,91,40,100,464
5052,Jun 19 1997,Copa América in Bolivia,Brazil,Colombia,2086,1807,2,0,13,-13,2099,1794,1,22,0,0,1,22,50,0,279
5053,Jun 19 1997,Copa América in Bolivia,Costa Rica,Mexico,1611,1832,1,1,14,-14,1625,1818,47,19,4,-1,51,18,50,0,-221
5054,Jun 20 1997,World Cup qualifier in Iraq,Iraq,Pakistan,1608,860,6,1,1,-1,1609,859,56,203,0,0,56,203,20,0,748
5055,Jun 20 1997,World Cup qualifier in Uzbekistan,Uzbekistan,Indonesia,1592,1267,3,0,6,-6,1598,1261,56,136,1,0,57,136,40,100,425
5056,Jun 21 1997,Friendly in Antigua and Barbuda,Antigua and Barbuda,Saint Lucia,1121,1215,1,1,0,0,1121,1215,168,152,0,0,168,152,20,100,6
5057,Jun 21 1997,Copa América in Bolivia,Bolivia,Colombia,1737,1794,2,1,22,-22,1759,1772,27,28,0,-3,27,25,50,100,43
5058,Jun 21 1997,African Nations Cup qualifier in Kenya,Kenya,Namibia,1442,1304,0,1,-32,32,1410,1336,113,115,-10,8,103,123,40,100,238
5059,Jun 21 1997,African Nations Cup qualifier in Malawi,Malawi,Mauritius,1427,1159,3,2,4,-4,1431,1155,93,164,3,0,96,164,20,0,268
5060,Jun 21 1997,African Nations Cup qualifier in Morocco,Morocco,Egypt,1717,1588,1,0,8,-8,1725,1580,29,65,1,-3,30,62,40,100,229
5061,Jun 21 1997,World Cup qualifier in Papua New Guinea,Papua New Guinea,Fiji,1113,1371,0,1,-11,11,1102,1382,171,110,-1,2,170,112,40,100,-158
5062,Jun 21 1997,Copa América in Bolivia,Peru,Argentina,1674,1842,2,1,36,-36,1710,1806,25,27,8,-6,33,21,50,0,-168
5063,Jun 21 1997,World Cup qualifier in Australia,Solomon Islands,Tahiti,1334,1443,1,1,6,-6,1340,1437,118,97,2,-3,120,94,40,0,-109
5064,Jun 22 1997,African Nations Cup qualifier in Angola,Angola,Ghana,1523,1533,1,0,15,-15,1538,1518,69,72,1,-1,70,71,30,0,-10
5065,Jun 22 1997,Friendly in Antigua and Barbuda,Antigua and Barbuda,Saint Lucia,1121,1215,1,0,10,-10,1131,1205,168,156,0,-2,168,154,20,100,6
5066,Jun 22 1997,Copa América in Bolivia,Brazil,Paraguay,2099,1818,2,0,12,-12,2111,1806,1,23,0,-3,1,20,50,0,281
5067,Jun 22 1997,African Nations Cup qualifier in Cameroon,Cameroon,Gabon,1582,1431,2,2,-12,12,1570,1443,66,88,-3,4,63,92,40,100,251
5068,Jun 22 1997,World Cup qualifier in China,China,Vietnam,1656,1155,4,0,2,-2,1658,1153,45,166,0,-1,45,165,20,0,501
5069,Jun 22 1997,Copa América in Bolivia,Ecuador,Mexico,1779,1818,1,1,3,-3,1782,1815,24,19,0,-1,24,18,50,0,-39
5070,Jun 22 1997,Friendly in Estonia,Estonia,Andorra,1220,1077,4,1,7,-7,1227,1070,143,178,3,-1,146,177,20,100,243
5071,Jun 22 1997,African Nations Cup qualifier in Ivory Coast,Ivory Coast,Algeria,1551,1581,2,1,16,-16,1567,1565,62,71,3,-5,65,66,30,0,-30
5072,Jun 22 1997,World Cup qualifier in Japan,Japan,Macao,1733,1005,10,0,1,-1,1734,1004,28,188,0,0,28,188,20,0,728
5073,Jun 22 1997,World Cup qualifier in Lebanon,Lebanon,Kuwait,1412,1633,1,3,-20,20,1392,1653,114,45,-6,1,108,46,40,100,-121
5074,Jun 22 1997,African Nations Cup qualifier in Liberia,Liberia,DR Congo,1376,1488,2,1,21,-21,1397,1467,101,92,6,-7,107,85,40,100,-12
5075,Jun 22 1997,African Nations Cup qualifier in Mali,Mali,Benin,1366,1209,3,1,11,-11,1377,1198,111,161,2,-4,113,157,40,100,257
5076,Jun 22 1997,African Nations Cup qualifier in Mozambique,Mozambique,Zambia,1404,1636,2,2,7,-7,1411,1629,98,52,4,-3,102,49,40,100,-132
5077,Jun 22 1997,World Cup qualifier in Japan,Oman,Nepal,1261,824,6,0,6,-6,1267,818,136,206,0,-1,136,205,40,0,437
5078,Jun 22 1997,African Nations Cup qualifier in Senegal,Senegal,Ethiopia,1443,1321,3,0,15,-15,1458,1306,81,134,5,-3,86,131,40,100,222
5079,Jun 22 1997,World Cup qualifier in Tajikistan,Tajikistan,Turkmenistan,1482,1400,5,0,21,-21,1503,1379,71,116,5,-4,76,112,40,100,182
5080,Jun 22 1997,African Nations Cup qualifier in Tanzania,Tanzania,Togo,1309,1391,1,0,19,-19,1328,1372,120,121,5,-6,125,115,40,100,18
5081,Jun 25 1997,Copa América in Bolivia,Bolivia,Mexico,1759,1815,3,1,33,-33,1792,1782,15,30,6,-6,21,24,50,100,44
5082,Jun 25 1997,World Cup qualifier in Japan,Japan,Nepal,1734,818,3,0,0,0,1734,818,28,205,0,0,28,205,20,0,916
5083,Jun 25 1997,Friendly in Latvia,Latvia,Andorra,1419,1070,4,1,2,-2,1421,1068,100,177,0,0,100,177,20,100,449
5084,Jun 25 1997,World Cup qualifier in Japan,Oman,Macao,1267,1004,2,0,11,-11,1278,993,136,188,0,0,136,188,40,0,263
5085,Jun 26 1997,Copa América in Bolivia,Brazil,Peru,2111,1710,7,0,10,-10,2121,1700,1,37,0,-2,1,35,50,0,401
5086,Jun 28 1997,Friendly in the Dem Rep of the Congo,DR Congo,Uganda,1467,1405,0,0,-4,4,1463,1409,85,103,0,1,85,104,20,100,162
5087,Jun 28 1997,World Cup qualifier in Japan,Japan,Oman,1734,1278,1,1,-18,18,1716,1296,34,130,-3,3,31,133,40,100,556
5088,Jun 28 1997,World Cup qualifier in Japan,Macao,Nepal,993,818,2,1,11,-11,1004,807,188,207,0,-1,188,206,40,0,175
5089,Jun 28 1997,Copa América in Bolivia,Mexico,Peru,1782,1700,1,0,19,-19,1801,1681,18,41,3,-3,21,38,50,0,82
5090,Jun 28 1997,COSAFA Cup in Namibia,Namibia,Malawi,1336,1431,4,1,34,-34,1370,1397,109,115,7,-9,116,106,40,100,5
5091,Jun 28 1997,World Cup qualifier in New Zealand,New Zealand,Australia,1478,1815,0,3,-14,14,1464,1829,86,14,-2,2,84,16,40,100,-237
5092,Jun 29 1997,Copa América in Bolivia,Bolivia,Brazil,1792,2121,1,3,-16,16,1776,2137,28,1,-3,0,25,1,50,100,-229
5093,Jun 29 1997,World Cup qualifier in Cambodia,Cambodia,Uzbekistan,990,1598,1,4,-4,4,986,1602,192,55,-1,1,191,56,40,100,-508
5094,Jun 29 1997,World Cup qualifier in El Salvador,El Salvador,United States,1485,1674,1,1,5,-5,1490,1669,78,42,1,0,79,42,20,0,-189
5095,Jun 29 1997,Friendly in Jamaica,Jamaica,Cuba,1564,1453,3,0,8,-8,1572,1445,57,91,5,-1,62,90,20,100,211
5096,Jun 29 1997,World Cup qualifier in Kazakhstan,Kazakhstan,Iraq,1511,1609,3,1,30,-30,1541,1579,67,64,3,-4,70,60,40,100,2
5097,Jul 1 1997,Friendly in Grenada,Grenada,Saint Lucia,1295,1205,3,2,5,-5,1300,1200,129,154,3,0,132,154,20,100,190
5098,Jul 2 1997,Friendly in Barbados,Barbados,Trinidad and Tobago,1319,1454,1,1,1,-1,1320,1453,129,88,0,0,129,88,20,100,-35
5099,Jul 2 1997,Island Games in the United Kingdom,Gibraltar,Greenland,1017,1035,5,1,39,-39,1056,996,174,193,6,-5,180,188,40,0,-18
5100,Jul 4 1997,CONCACAF Ch q & Car Cup in Antigua and Barbuda,Grenada,Jamaica,1300,1572,1,1,13,-13,1313,1559,128,72,2,-5,130,67,40,0,-272
5101,Jul 4 1997,CONCACAF Ch q & Car Cup in Saint Kitts and Nevis,Martinique,Trinidad and Tobago,1512,1453,2,1,17,-17,1529,1436,71,102,1,-7,72,95,40,0,59
5102,Jul 5 1997,World Cup qualifier in Chile,Chile,Colombia,1668,1772,4,1,35,-35,1703,1737,27,28,8,-1,35,27,40,100,-4
5103,Jul 5 1997,COSAFA Cup in Tanzania,Tanzania,Zambia,1328,1629,2,2,10,-10,1338,1619,121,57,2,-4,123,53,30,0,-301
5104,Jul 5 1997,Friendly in Tunisia,Tunisia,Mali,1624,1377,1,0,2,-2,1626,1375,46,115,3,-1,49,114,20,100,347
5105,Jul 6 1997,CONCACAF Ch q & Car Cup in Antigua and Barbuda,Antigua and Barbuda,Grenada,1131,1313,1,3,-23,23,1108,1336,168,120,0,5,168,125,40,100,-82
5106,Jul 6 1997,World Cup qualifier in Australia,Australia,New Zealand,1829,1464,2,0,4,-4,1833,1460,16,86,0,-1,16,85,40,100,465
5107,Jul 6 1997,Friendly in Malawi,Malawi,Botswana,1397,993,0,0,-9,9,1388,1002,114,187,-4,1,110,188,20,100,504
5108,Jul 6 1997,World Cup qualifier in Paraguay,Paraguay,Argentina,1806,1806,1,2,-26,26,1780,1832,27,15,-4,2,23,17,40,100,100
5109,Jul 6 1997,World Cup qualifier in Peru,Peru,Bolivia,1681,1776,2,1,20,-20,1701,1756,33,27,3,-1,36,26,40,100,5
5110,Jul 6 1997,CONCACAF Ch q & Car Cup in Saint Kitts and Nevis,Saint Kitts and Nevis,Martinique,1221,1529,2,0,46,-46,1267,1483,125,88,12,-8,137,80,40,100,-208
5111,Jul 6 1997,World Cup qualifier in Venezuela,Venezuela,Ecuador,1337,1782,1,1,15,-15,1352,1767,114,24,5,0,119,24,40,100,-345
5112,Jul 8 1997,CONCACAF Ch q & Car Cup in Antigua and Barbuda,Antigua and Barbuda,Jamaica,1108,1559,0,2,-7,7,1101,1566,176,65,-4,1,172,66,40,100,-351
5113,Jul 8 1997,CONCACAF Ch q & Car Cup in Saint Kitts and Nevis,Saint Kitts and Nevis,Trinidad and Tobago,1267,1436,0,3,-28,28,1239,1464,143,73,-3,11,140,84,40,100,-69
5114,Jul 9 1997,Baltic Cup in Lithuania,Lithuania,Estonia,1457,1227,2,1,4,-4,1461,1223,84,149,2,-1,86,148,20,0,230
5115,Jul 10 1997,CONCACAF Ch q & Car Cup in Antigua and Barbuda,Jamaica,Trinidad and Tobago,1566,1464,1,1,-6,6,1560,1470,68,84,-1,0,67,84,40,0,102
5116,Jul 10 1997,Baltic Cup in Lithuania,Latvia,Estonia,1421,1223,2,1,7,-7,1428,1216,97,150,1,-1,98,149,30,0,198
5117,Jul 10 1997,CONCACAF Ch q & Car Cup in Saint Kitts and Nevis,Saint Kitts and Nevis,Grenada,1239,1336,2,1,20,-20,1259,1316,136,135,2,-5,138,130,40,100,3
5118,Jul 11 1997,African Nations Cup qualifier in Algeria,Algeria,Mali,1565,1375,1,0,6,-6,1571,1369,60,118,3,-2,63,116,40,100,290
5119,Jul 11 1997,Baltic Cup in Lithuania,Lithuania,Latvia,1461,1428,1,0,10,-10,1471,1418,82,100,2,-1,84,99,30,100,133
5120,Jul 12 1997,African Nations Cup qualifier in Namibia,Namibia,Cameroon,1370,1570,0,1,-14,14,1356,1584,119,54,-2,5,117,59,40,100,-100
5121,Jul 12 1997,African Nations Cup qualifier in Zambia,Zambia,Malawi,1619,1388,3,1,8,-8,1627,1380,45,112,4,-1,49,111,40,100,331
5122,Jul 13 1997,African Nations Cup qualifier in Benin,Benin,Ivory Coast,1198,1567,0,0,13,-13,1211,1554,147,68,5,-1,152,67,40,100,-269
5123,Jul 13 1997,African Nations Cup qualifier in the Dem Rep of the Congo,DR Congo,Tanzania,1463,1338,1,1,-11,11,1452,1349,90,120,-2,2,88,122,40,100,225
5124,Jul 13 1997,African Nations Cup qualifier in Egypt,Egypt,Senegal,1580,1458,2,0,13,-13,1593,1445,56,92,2,-2,58,90,40,100,222
5125,Jul 13 1997,African Nations Cup qualifier in Ethiopia,Ethiopia,Morocco,1306,1725,0,1,-5,5,1301,1730,132,27,0,1,132,28,40,100,-319
5126,Jul 13 1997,African Nations Cup qualifier in Gabon,Gabon,Kenya,1443,1410,1,0,13,-13,1456,1397,82,110,5,-4,87,106,40,100,133
5127,Jul 13 1997,African Nations Cup qualifier in Ghana,Ghana,Zimbabwe,1518,1474,2,1,12,-12,1530,1462,72,88,0,-3,72,85,40,100,144
5128,Jul 13 1997,CONCACAF Ch q & Car Cup in Saint Kitts and Nevis,Jamaica,Grenada,1560,1316,4,1,14,-14,1574,1302,59,132,4,-1,63,131,40,0,244
5129,Jul 13 1997,Pan Arab Games in Lebanon,Lebanon,Jordan,1392,1351,1,1,-8,8,1384,1359,111,113,-2,4,109,117,40,100,141
5130,Jul 13 1997,African Nations Cup qualifier in Mauritius,Mauritius,Mozambique,1155,1411,1,3,-17,17,1138,1428,166,95,-1,3,165,98,40,100,-156
5131,Jul 13 1997,African Nations Cup qualifier in Togo,Togo,Liberia,1372,1397,4,0,30,-30,1402,1367,96,124,9,-9,105,115,30,0,-25
5132,Jul 13 1997,CONCACAF Ch q & Car Cup in Antigua and Barbuda,Trinidad and Tobago,Saint Kitts and Nevis,1470,1259,4,0,17,-17,1487,1242,75,142,5,-2,80,140,40,0,211
5133,Jul 13 1997,African Nations Cup qualifier in Tunisia,Tunisia,Guinea,1626,1445,1,0,7,-7,1633,1438,44,96,3,-3,47,93,40,100,281
5134,Jul 14 1997,Pan Arab Games in Lebanon,Libya,Oman,1488,1296,2,2,-10,10,1478,1306,85,128,-3,3,82,131,30,100,292
5135,Jul 16 1997,Pan Arab Games in Lebanon,Lebanon,Oman,1384,1306,1,1,-9,9,1375,1315,117,129,-4,1,113,130,40,100,178
5136,Jul 17 1997,Pan Arab Games in Lebanon,Jordan,Libya,1359,1478,1,1,7,-7,1366,1471,115,84,1,-1,116,83,40,0,-119
5137,Jul 19 1997,Pan Arab Games in Lebanon,Lebanon,Libya,1375,1471,2,1,20,-20,1395,1451,101,93,6,-5,107,88,40,100,4
5138,Jul 20 1997,World Cup qualifier in Argentina,Argentina,Venezuela,1832,1352,2,0,2,-2,1834,1350,15,122,1,-1,16,121,20,0,480
5139,Jul 20 1997,World Cup qualifier in Bolivia,Bolivia,Uruguay,1756,1680,1,0,11,-11,1767,1669,20,44,3,-2,23,42,40,100,176
5140,Jul 20 1997,World Cup qualifier in Chile,Chile,Paraguay,1703,1780,2,1,19,-19,1722,1761,27,27,4,-2,31,25,40,100,23
5141,Jul 20 1997,World Cup qualifier in Colombia,Colombia,Ecuador,1737,1767,1,0,16,-16,1753,1751,25,30,1,-3,26,27,30,0,-30
5142,Jul 20 1997,Friendly in Iceland,Iceland,Norway,1498,1823,0,1,-4,4,1494,1827,78,18,-1,0,77,18,20,100,-225
5143,Jul 20 1997,Pan Arab Games in Lebanon,Jordan,Oman,1366,1315,3,1,26,-26,1392,1289,100,140,8,-5,108,135,40,0,51
5144,Jul 20 1997,COSAFA Cup in Mozambique,Mozambique,Namibia,1428,1356,1,1,-9,9,1419,1365,100,118,-1,0,99,118,40,100,172
5145,Jul 20 1997,Pan Arab Games in Lebanon,Syria,Mauritania,1441,1200,1,0,8,-8,1449,1192,88,161,2,-3,90,158,40,0,241
5146,Jul 24 1997,Pan Arab Games in Lebanon,Lebanon,Syria,1395,1449,2,3,-23,23,1372,1472,121,76,-7,7,114,83,40,100,46
5147,Jul 27 1997,African Nations Cup qualifier in Algeria,Algeria,Benin,1571,1211,2,0,4,-4,1575,1207,57,154,4,-1,61,153,40,100,460
5148,Jul 27 1997,African Nations Cup qualifier in Angola,Angola,Zimbabwe,1538,1462,2,1,11,-11,1549,1451,69,87,1,-1,70,86,40,100,176
5149,Jul 27 1997,African Nations Cup qualifier in Cameroon,Cameroon,Kenya,1584,1397,1,1,-14,14,1570,1411,70,100,-5,3,65,103,40,100,287
5150,Jul 27 1997,African Nations Cup qualifier in the Dem Rep of the Congo,DR Congo,Togo,1452,1402,1,0,12,-12,1464,1390,80,111,4,-3,84,108,40,100,150
5151,Jul 27 1997,African Nations Cup qualifier in Egypt,Egypt,Ethiopia,1593,1301,8,1,9,-9,1602,1292,54,136,2,-2,56,134,40,100,392
5152,Jul 27 1997,African Nations Cup qualifier in Gabon,Gabon,Namibia,1456,1365,1,1,-10,10,1446,1375,93,110,-3,4,90,114,40,100,191
5153,Jul 27 1997,Friendly in Iceland,Iceland,Faroe Islands,1494,1222,1,0,2,-2,1496,1220,77,148,0,0,77,148,20,100,372
5154,Jul 27 1997,African Nations Cup qualifier in Ivory Coast,Ivory Coast,Mali,1554,1369,4,2,10,-10,1564,1359,67,121,0,-3,67,118,40,100,285
5155,Jul 27 1997,Pan Arab Games in Lebanon,Jordan,Syria,1392,1472,1,0,25,-25,1417,1447,97,95,5,-6,102,89,40,0,-80
5156,Jul 27 1997,African Nations Cup qualifier in Liberia,Liberia,Tanzania,1367,1349,1,0,13,-13,1380,1336,106,126,5,-2,111,124,40,100,118
5157,Jul 27 1997,African Nations Cup qualifier in Morocco,Morocco,Senegal,1730,1445,3,0,7,-7,1737,1438,28,93,0,-1,28,92,40,100,385
5158,Jul 27 1997,African Nations Cup qualifier in Mozambique,Mozambique,Malawi,1419,1380,2,1,12,-12,1431,1368,95,121,2,-5,97,116,40,100,139
5159,Jul 27 1997,African Nations Cup qualifier in Zambia,Zambia,Mauritius,1627,1138,1,0,1,-1,1628,1137,50,165,0,0,50,165,20,0,489
5160,Aug 2 1997,COSAFA Cup in Zambia,Zambia,Mozambique,1628,1431,2,1,6,-6,1634,1425,44,99,3,-1,47,98,40,100,297
5161,Aug 5 1997,Friendly in Belarus,Belarus,Israel,1376,1613,2,3,-6,6,1370,1619,117,54,-2,0,115,54,20,100,-137
5162,Aug 6 1997,Friendly in Estonia,Estonia,Faroe Islands,1216,1220,0,2,-19,19,1197,1239,163,134,-7,7,156,141,20,100,96
5163,Aug 6 1997,Friendly in Hungary,Hungary,Malta,1612,1233,3,0,2,-2,1614,1231,55,147,0,-1,55,146,20,100,479
5164,Aug 6 1997,Friendly in Jamaica,Jamaica,Colombia,1574,1753,1,0,12,-12,1586,1741,57,28,3,-1,60,27,20,100,-79
5165,Aug 6 1997,Friendly in Slovakia,Slovakia,Switzerland,1714,1724,1,0,7,-7,1721,1717,29,34,2,-2,31,32,20,100,90
5166,Aug 6 1997,Friendly in Sweden,Sweden,Lithuania,1839,1471,1,0,1,-1,1840,1470,15,83,0,0,15,83,20,100,468
5167,Aug 7 1997,Friendly tournament in Tunisia,Nigeria,Cameroon,1762,1570,1,0,7,-7,1769,1563,22,69,1,-2,23,67,30,0,192
5168,Aug 7 1997,Friendly tournament in Tunisia,Tunisia,Zambia,1633,1634,3,1,16,-16,1649,1618,46,61,1,-7,47,54,30,100,99
5169,Aug 7 1997,Friendly in the United States,United States,Ecuador,1669,1751,0,1,-11,11,1658,1762,46,24,-2,1,44,25,20,100,18
5170,Aug 9 1997,Friendly tournament in Tunisia,Cameroon,Zambia,1563,1618,3,3,2,-2,1565,1616,65,54,1,0,66,54,20,0,-55
5171,Aug 9 1997,COSAFA Cup in Malawi,Malawi,Tanzania,1368,1336,2,2,-7,7,1361,1343,118,120,-1,2,117,122,40,100,132
5172,Aug 9 1997,Friendly tournament in Tunisia,Tunisia,Nigeria,1649,1769,2,0,24,-24,1673,1745,37,29,5,-3,42,26,30,100,-20
5173,Aug 10 1997,World Cup qualifier in Costa Rica,Costa Rica,El Salvador,1625,1490,0,0,-12,12,1613,1502,59,74,-4,2,55,76,40,100,235
5174,Aug 10 1997,Friendly in South Korea,South Korea,Brazil,1687,2137,1,2,-2,2,1685,2139,39,1,0,0,39,1,20,100,-350
5175,Aug 13 1997,Friendly in Japan,Japan,Brazil,1716,2139,0,3,-5,5,1711,2144,33,1,0,0,33,1,20,100,-323
5176,Aug 16 1997,World Cup qualifier in Burkina Faso,Burkina Faso,Kenya,1326,1411,2,4,-31,31,1295,1442,139,81,-6,11,133,92,40,100,15
5177,Aug 16 1997,World Cup qualifier in South Africa,South Africa,Congo,1727,1479,1,0,5,-5,1732,1474,29,81,0,0,29,81,40,100,348
5178,Aug 16 1997,World Cup qualifier in Zambia,Zambia,DR Congo,1616,1464,2,0,11,-11,1627,1453,47,86,3,-1,50,85,40,100,252
5179,Aug 17 1997,Friendly in Canada,Canada,Iran,1630,1705,0,1,-11,11,1619,1716,55,29,-3,3,52,32,20,100,25
5180,Aug 17 1997,World Cup qualifier in Egypt,Egypt,Liberia,1602,1380,5,0,11,-11,1613,1369,54,117,1,-3,55,114,40,100,322
5181,Aug 17 1997,World Cup qualifier in Ghana,Ghana,Sierra Leone,1530,1422,0,2,-46,46,1484,1468,86,70,-7,15,79,85,40,100,208
5182,Aug 17 1997,World Cup qualifier in Guinea,Guinea,Nigeria,1438,1745,1,0,31,-31,1469,1714,75,40,9,-7,84,33,40,100,-207
5183,Aug 17 1997,World Cup qualifier in Morocco,Morocco,Gabon,1737,1446,2,0,6,-6,1743,1440,24,96,2,-3,26,93,40,100,391
5184,Aug 17 1997,World Cup qualifier in Togo,Togo,Angola,1390,1549,1,1,3,-3,1393,1546,106,70,1,0,107,70,30,100,-59
5185,Aug 17 1997,World Cup qualifier in Tunisia,Tunisia,Namibia,1673,1375,4,0,7,-7,1680,1368,38,117,2,-2,40,115,40,100,398
5186,Aug 17 1997,World Cup qualifier in Zimbabwe,Zimbabwe,Cameroon,1451,1565,1,2,-19,19,1432,1584,108,56,-11,5,97,61,40,100,-14
5187,Aug 19 1997,Friendly in Greece,Greece,Cyprus,1688,1431,2,1,2,-2,1690,1429,38,99,0,0,38,99,20,100,357
5188,Aug 19 1997,Friendly in Latvia,Latvia,Azerbaijan,1418,1355,0,0,-4,4,1414,1359,105,117,-2,1,103,118,20,100,163
5189,Aug 20 1997,World Cup qualifier in Belarus,Belarus,Sweden,1370,1840,1,2,-4,4,1366,1844,117,15,-2,0,115,15,40,100,-370
5190,Aug 20 1997,World Cup qualifier in Bosnia and Herzegovina,Bosnia and Herzegovina,Denmark,1570,1978,3,0,60,-60,1630,1918,32,11,17,-2,49,9,40,100,-308
5191,Aug 20 1997,World Cup qualifier in Bulgaria,Bulgaria,Israel,1817,1619,1,0,6,-6,1823,1613,19,56,0,-2,19,54,40,100,298
5192,Aug 20 1997,World Cup qualifier in Colombia,Colombia,Bolivia,1741,1767,3,0,28,-28,1769,1739,21,31,3,-4,24,27,30,0,-26
5193,Aug 20 1997,World Cup qualifier in Czechia,Czechia,Faroe Islands,1892,1239,2,0,1,-1,1893,1238,10,141,0,0,10,141,20,0,653
5194,Aug 20 1997,World Cup qualifier in Ecuador,Ecuador,Paraguay,1762,1761,2,1,14,-14,1776,1747,22,25,1,0,23,25,40,100,101
5195,Aug 20 1997,World Cup qualifier in Estonia,Estonia,Austria,1197,1710,0,3,-6,6,1191,1716,160,27,-2,4,158,31,40,100,-413
5196,Aug 20 1997,World Cup qualifier in Finland,Finland,Norway,1508,1827,0,4,-17,17,1491,1844,82,12,-5,3,77,15,40,100,-219
5197,Aug 20 1997,World Cup qualifier in Hungary,Hungary,Switzerland,1614,1717,1,1,0,0,1614,1717,52,29,1,1,53,30,20,100,-3
5198,Aug 20 1997,World Cup qualifier in Ireland,Ireland,Lithuania,1699,1470,0,0,-15,15,1684,1485,45,75,-4,4,41,79,40,100,329
5199,Aug 20 1997,World Cup qualifier in Liechtenstein,Liechtenstein,Iceland,1065,1496,0,4,-10,10,1055,1506,181,69,-1,4,180,73,40,100,-331
5200,Aug 20 1997,World Cup qualifier in Northern Ireland,Northern Ireland,Germany,1620,2072,1,3,-7,7,1613,2079,57,2,-3,0,54,2,40,100,-352
5201,Aug 20 1997,World Cup qualifier in Portugal,Portugal,Armenia,1863,1352,3,1,2,-2,1865,1350,13,120,0,0,13,120,20,0,511
5202,Aug 20 1997,World Cup qualifier in Romania,Romania,Macedonia,1872,1572,4,2,5,-5,1877,1567,12,67,0,-1,12,66,20,0,300
5203,Aug 20 1997,Friendly in Russia,Russia,Yugoslavia,1892,1944,0,1,-11,11,1881,1955,12,6,-1,1,11,7,20,100,48
5204,Aug 20 1997,World Cup qualifier in Turkey,Turkey,Wales,1680,1598,6,4,16,-16,1696,1582,34,66,3,-4,37,62,40,100,182
5205,Aug 20 1997,World Cup qualifier in Ukraine,Ukraine,Albania,1660,1410,1,0,5,-5,1665,1405,44,106,0,-1,44,105,40,100,350
5206,Aug 20 1997,World Cup qualifier in Uruguay,Uruguay,Chile,1669,1722,1,0,17,-17,1686,1705,35,43,4,-7,39,36,30,0,-53
5207,Aug 20 1997,World Cup qualifier in Venezuela,Venezuela,Peru,1350,1701,0,3,-13,13,1337,1714,127,30,-3,3,124,33,40,100,-251
5208,Aug 21 1997,Friendly in Lebanon,Lebanon,Iraq,1372,1579,0,2,-11,11,1361,1590,120,55,-4,4,116,59,20,100,-107
5209,Aug 24 1997,Friendly tournament in Peru,Peru,Colombia,1714,1769,2,1,13,-13,1727,1756,27,24,3,0,30,24,30,100,45
5210,Aug 24 1997,World Cup qualifier in Slovakia,Slovakia,Czechia,1721,1893,2,1,24,-24,1745,1869,23,14,3,-2,26,12,40,100,-72
5211,Aug 24 1997,Friendly in South Korea,South Korea,Tajikistan,1685,1503,4,1,6,-6,1691,1497,36,76,2,-1,38,75,20,100,282
5212,Aug 24 1997,World Cup qualifier in Uzbekistan,Uzbekistan,Yemen,1602,1207,5,1,4,-4,1606,1203,58,154,0,-1,58,153,40,100,495
5213,Aug 30 1997,Friendly in South Korea,South Korea,China,1691,1658,0,0,-4,4,1687,1662,40,45,-1,0,39,45,20,100,133
5214,Aug 31 1997,Friendly in Jamaica,Jamaica,Trinidad and Tobago,1586,1487,6,1,10,-10,1596,1477,57,84,2,-3,59,81,20,100,199
5215,Aug 31 1997,COSAFA Cup in Namibia,Namibia,Zambia,1368,1627,1,1,9,-9,1377,1618,111,54,1,-2,112,52,30,0,-259
5216,Sep 2 1997,Friendly in China,China,Kazakhstan,1662,1541,3,0,8,-8,1670,1533,43,71,1,0,44,71,20,100,221
5217,Sep 2 1997,Friendly in the United Arab Emirates,United Arab Emirates,Iran,1626,1716,3,1,15,-15,1641,1701,46,40,2,-4,48,36,20,100,10
5218,Sep 4 1997,South Asian Championship in Nepal,Nepal,Pakistan,807,859,0,2,-34,34,773,893,206,195,0,4,206,199,40,100,48
5219,Sep 5 1997,South Asian Championship in Nepal,Bangladesh,Maldives,1008,732,1,1,-13,13,995,745,192,207,-3,1,189,208,40,0,276
5220,Sep 5 1997,Friendly in the United States,Colombia,El Salvador,1756,1502,2,2,-6,6,1750,1508,24,70,0,2,24,72,20,0,254
5221,Sep 6 1997,World Cup qualifier in Armenia,Armenia,Albania,1350,1405,3,0,30,-30,1380,1375,100,121,10,-8,110,113,30,0,-55
5222,Sep 6 1997,World Cup qualifier in Austria,Austria,Sweden,1716,1844,1,0,22,-22,1738,1822,26,23,3,-4,29,19,40,100,-28
5223,Sep 6 1997,World Cup qualifier in Azerbaijan,Azerbaijan,Norway,1359,1844,0,1,-4,4,1355,1848,122,15,-2,0,120,15,40,100,-385
5224,Sep 6 1997,World Cup qualifier in Croatia,Croatia,Bosnia and Herzegovina,1862,1630,3,2,5,-5,1867,1625,14,50,0,0,14,50,40,100,332
5225,Sep 6 1997,World Cup qualifier in the Faroe Islands,Faroe Islands,Czechia,1238,1869,0,2,-3,3,1235,1872,147,14,-3,-1,144,13,40,100,-531
5226,Sep 6 1997,World Cup qualifier in Germany,Germany,Portugal,2079,1865,1,1,-14,14,2065,1879,2,9,0,2,2,11,40,100,314
5227,Sep 6 1997,World Cup qualifier in Iceland,Iceland,Ireland,1506,1684,2,4,-23,23,1483,1707,84,29,-5,6,79,35,40,100,-78
5228,Sep 6 1997,World Cup qualifier in Latvia,Latvia,Estonia,1414,1191,1,0,5,-5,1419,1186,99,158,2,0,101,158,40,100,323
5229,Sep 6 1997,World Cup qualifier in Liechtenstein,Liechtenstein,Romania,1055,1877,1,8,-1,1,1054,1878,180,13,0,-1,180,12,20,100,-722
5230,Sep 6 1997,World Cup qualifier in Lithuania,Lithuania,Macedonia,1485,1567,2,0,28,-28,1513,1539,68,74,5,-4,73,70,30,0,-82
5231,Sep 6 1997,World Cup qualifier in the Netherlands,Netherlands,Belgium,1943,1790,3,1,11,-11,1954,1779,8,23,0,-1,8,22,40,100,253
5232,Sep 6 1997,Friendly in Poland,Poland,Hungary,1676,1614,1,0,6,-6,1682,1608,39,61,2,-4,41,57,20,100,162
5233,Sep 6 1997,World Cup qualifier in Slovenia,Slovenia,Greece,1587,1690,0,3,-35,35,1552,1725,73,26,-6,6,67,32,40,100,-3
5234,Sep 6 1997,World Cup qualifier in South Korea,South Korea,Kazakhstan,1687,1533,3,0,13,-13,1700,1520,37,73,1,-1,38,72,40,100,254
5235,Sep 6 1997,South Asian Championship in Nepal,Sri Lanka,Pakistan,971,893,2,0,23,-23,994,870,187,201,3,-1,190,200,40,0,78
5236,Sep 6 1997,World Cup qualifier in Switzerland,Switzerland,Finland,1717,1491,1,2,-35,35,1682,1526,51,65,-10,6,41,71,40,100,326
5237,Sep 7 1997,South Asian Championship in Nepal,India,Bangladesh,1071,995,3,0,27,-27,1098,968,170,199,3,-5,173,194,40,0,76
5238,Sep 7 1997,World Cup qualifier in Jamaica,Jamaica,Canada,1596,1619,1,0,16,-16,1612,1603,51,63,4,-6,55,57,30,0,-23
5239,Sep 7 1997,World Cup qualifier in Japan,Japan,Uzbekistan,1711,1606,6,3,16,-16,1727,1590,28,60,3,-1,31,59,40,100,205
5240,Sep 7 1997,World Cup qualifier in Luxembourg,Luxembourg,Cyprus,1237,1429,1,3,-22,22,1215,1451,159,77,-9,11,150,88,40,100,-92
5241,Sep 7 1997,World Cup qualifier in Scotland,Scotland,Belarus,1788,1366,4,1,3,-3,1791,1363,21,117,0,-1,21,116,20,0,422
5242,Sep 7 1997,World Cup qualifier in the United States,United States,Costa Rica,1658,1613,1,0,12,-12,1670,1601,42,63,2,-5,44,58,40,100,145
5243,Sep 8 1997,South Asian Championship in Nepal,Nepal,Sri Lanka,773,994,1,3,-20,20,753,1014,206,183,0,3,206,186,40,100,-121
5244,Sep 9 1997,South Asian Championship in Nepal,India,Maldives,1098,745,2,2,-15,15,1083,760,179,204,-3,2,176,206,40,0,353
5245,Sep 10 1997,World Cup qualifier in Switzerland,Albania,Northern Ireland,1375,1613,1,0,32,-32,1407,1581,97,74,8,-11,105,63,40,0,-238
5246,Sep 10 1997,World Cup qualifier in Belarus,Belarus,Austria,1363,1738,0,1,-7,7,1356,1745,122,25,-3,2,119,27,40,100,-275
5247,Sep 10 1997,World Cup qualifier in Bosnia and Herzegovina,Bosnia and Herzegovina,Slovenia,1625,1552,1,0,11,-11,1636,1541,48,71,1,-2,49,69,40,100,173
5248,Sep 10 1997,Friendly in Brazil,Brazil,Ecuador,2144,1776,4,2,2,-2,2146,1774,1,23,0,0,1,23,20,100,468
5249,Sep 10 1997,World Cup qualifier in Bulgaria,Bulgaria,Russia,1823,1881,1,0,18,-18,1841,1863,16,16,1,-3,17,13,40,100,42
5250,Sep 10 1997,World Cup qualifier in Chile,Chile,Argentina,1705,1834,1,2,-18,18,1687,1852,42,14,-3,1,39,15,40,100,-29
5251,Sep 10 1997,World Cup qualifier in Colombia,Colombia,Venezuela,1750,1337,1,0,2,-2,1752,1335,26,124,-1,0,25,124,20,0,413
5252,Sep 10 1997,World Cup qualifier in Denmark,Denmark,Croatia,1918,1867,3,1,18,-18,1936,1849,9,18,0,-2,9,16,40,100,151
5253,Sep 10 1997,World Cup qualifier in England,England,Moldova,1994,1432,4,0,2,-2,1996,1430,5,100,0,-1,5,99,30,0,562
5254,Sep 10 1997,World Cup qualifier in Georgia,Georgia,Italy,1575,1981,0,0,14,-14,1589,1967,57,6,3,0,60,6,40,100,-306
5255,Sep 10 1997,World Cup qualifier in Germany,Germany,Armenia,2065,1380,4,0,1,-1,2066,1379,2,112,0,-1,2,111,20,0,685
5256,Sep 10 1997,World Cup qualifier in Hungary,Hungary,Azerbaijan,1608,1355,3,1,7,-7,1615,1348,48,120,4,0,52,120,40,100,353
5257,Sep 10 1997,World Cup qualifier in Lithuania,Lithuania,Ireland,1513,1707,1,2,-15,15,1498,1722,77,33,-2,1,75,34,40,100,-94
5258,Sep 10 1997,South Asian Championship in Nepal,Maldives,Sri Lanka,760,1014,2,1,32,-32,792,982,206,196,0,-5,206,191,40,0,-254
5259,Sep 10 1997,World Cup qualifier in Norway,Norway,Switzerland,1848,1682,5,0,14,-14,1862,1668,13,49,1,-4,14,45,40,100,266
5260,Sep 10 1997,World Cup qualifier in Paraguay,Paraguay,Bolivia,1747,1739,2,1,14,-14,1761,1725,23,36,1,-4,24,32,40,100,108
5261,Sep 10 1997,World Cup qualifier in Peru,Peru,Uruguay,1727,1686,2,1,12,-12,1739,1674,27,44,2,-2,29,42,40,100,141
5262,Sep 10 1997,World Cup qualifier in Romania,Romania,Iceland,1878,1483,4,0,4,-4,1882,1479,8,81,2,-1,10,80,40,100,495
5263,Sep 10 1997,World Cup qualifier in San Marino,San Marino,Turkey,955,1696,0,5,-2,2,953,1698,195,37,0,1,195,38,40,100,-641
5264,Sep 10 1997,World Cup qualifier in Slovakia,Slovakia,Yugoslavia,1745,1955,1,1,6,-6,1751,1949,26,9,0,-1,26,8,40,100,-110
5265,Sep 10 1997,World Cup qualifier in Sweden,Sweden,Latvia,1822,1419,1,0,2,-2,1824,1417,19,103,0,-1,19,102,20,0,403
5266,Sep 11 1997,South Asian Championship in Nepal,India,Pakistan,1083,870,2,0,14,-14,1097,856,170,206,3,-3,173,203,40,0,213
5267,Sep 12 1997,World Cup qualifier in South Korea,South Korea,Uzbekistan,1700,1590,2,1,9,-9,1709,1581,35,66,1,-4,36,62,40,100,210
5268,Sep 12 1997,World Cup qualifier in the United Arab Emirates,United Arab Emirates,Kazakhstan,1641,1520,4,0,16,-16,1657,1504,46,76,1,-2,47,74,40,100,221
5269,Sep 13 1997,World Cup qualifier in China,China,Iran,1670,1701,2,4,-36,36,1634,1737,55,23,-6,7,49,30,40,100,69
5270,Sep 13 1997,South Asian Championship in Nepal,India,Maldives,1097,792,5,1,11,-11,1108,781,163,206,5,0,168,206,40,0,305
5271,Sep 13 1997,South Asian Championship in Nepal,Pakistan,Sri Lanka,856,982,1,0,27,-27,883,955,197,197,3,-3,200,194,40,0,-126
5272,Sep 14 1997,World Cup qualifier in El Salvador,El Salvador,Canada,1508,1603,4,1,34,-34,1542,1569,66,72,3,-8,69,64,40,100,5
5273,Sep 14 1997,Friendly in Indonesia,Indonesia,Tanzania,1261,1343,3,1,14,-14,1275,1329,137,129,0,-4,137,125,20,100,18
5274,Sep 14 1997,World Cup qualifier in Jamaica,Jamaica,Costa Rica,1612,1601,1,0,14,-14,1626,1587,47,59,4,-1,51,58,40,100,111
5275,Sep 14 1997,World Cup qualifier in Saudi Arabia,Saudi Arabia,Kuwait,1631,1653,2,1,16,-16,1647,1637,44,49,3,-1,47,48,30,0,-22
5276,Sep 19 1997,World Cup qualifier in Iran,Iran,Saudi Arabia,1737,1647,1,1,-10,10,1727,1657,34,47,-2,0,32,47,40,100,190
5277,Sep 19 1997,World Cup qualifier in Qatar,Qatar,Kuwait,1507,1637,0,2,-27,27,1480,1664,85,44,-6,2,79,46,40,100,-30
5278,Sep 19 1997,World Cup qualifier in the United Arab Emirates,United Arab Emirates,Japan,1657,1727,0,0,-2,2,1655,1729,50,30,-2,1,48,31,40,100,30
5279,Sep 20 1997,World Cup qualifier in Kazakhstan,Kazakhstan,Uzbekistan,1504,1581,1,1,-1,1,1503,1582,73,59,0,1,73,60,20,100,23
5280,Sep 20 1997,Friendly tournament in Libya,Libya,Bahrain,1451,1332,2,1,7,-7,1458,1325,86,128,1,-2,87,126,20,0,119
5281,Sep 21 1997,Friendly in Indonesia,Indonesia,New Zealand,1275,1460,5,0,25,-25,1300,1435,125,108,6,-11,131,97,20,100,-85
5282,Sep 21 1997,Friendly tournament in Libya,Jordan,Chad,1417,1227,1,0,8,-8,1425,1219,98,147,2,0,100,147,30,0,190
5283,Sep 23 1997,Friendly tournament in Libya,Bahrain,Jordan,1325,1425,0,0,4,-4,1329,1421,122,102,2,-1,124,101,30,0,-100
5284,Sep 23 1997,Friendly tournament in Libya,Libya,Chad,1458,1219,3,1,6,-6,1464,1213,86,153,0,-3,86,150,20,0,239
5285,Sep 24 1997,Friendly in the United States,Guatemala,El Salvador,1550,1542,1,0,10,-10,1560,1532,65,73,1,-2,66,71,20,0,8
5286,Sep 24 1997,World Cup qualifier in Malta,Malta,Czechia,1231,1872,0,1,-2,2,1229,1874,145,12,0,0,145,12,40,100,-541
5287,Sep 24 1997,World Cup qualifier in Moldova,Moldova,Georgia,1430,1589,0,1,-17,17,1413,1606,107,55,-4,1,103,56,40,100,-59
5288,Sep 24 1997,Friendly in Poland,Poland,Lithuania,1682,1498,2,0,5,-5,1687,1493,38,78,1,-2,39,76,20,100,284
5289,Sep 24 1997,World Cup qualifier in Slovakia,Slovakia,Spain,1751,2036,1,2,-10,10,1741,2046,30,3,-2,0,28,3,40,100,-185
5290,Sep 25 1997,Friendly tournament in Libya,Bahrain,Chad,1329,1213,1,1,-5,5,1324,1218,130,144,-3,3,127,147,30,0,116
5291,Sep 25 1997,Friendly tournament in Libya,Libya,Jordan,1464,1421,1,1,-6,6,1458,1427,86,98,0,1,86,99,30,100,143
5292,Sep 25 1997,Friendly in Saudi Arabia,Saudi Arabia,Mali,1657,1359,5,1,3,-3,1660,1356,47,118,0,0,47,118,20,100,398
5293,Sep 26 1997,World Cup qualifier in Kuwait,Kuwait,Iran,1664,1727,1,1,-2,2,1662,1729,46,30,0,1,46,31,30,100,37
5294,Sep 26 1997,World Cup qualifier in Qatar,Qatar,China,1480,1634,1,1,3,-3,1483,1631,77,50,1,0,78,50,40,100,-54
5295,Sep 27 1997,Friendly tournament in Tanzania,Tanzania,Zambia,1329,1618,0,0,7,-7,1336,1611,122,58,1,-3,123,55,20,0,-289
5296,Sep 27 1997,World Cup qualifier in Uzbekistan,Uzbekistan,United Arab Emirates,1582,1655,2,3,-22,22,1560,1677,70,36,-5,6,65,42,40,100,27
5297,Sep 28 1997,World Cup qualifier in Japan,Japan,South Korea,1729,1709,1,2,-27,27,1702,1736,43,23,-6,7,37,30,40,100,120
5298,Sep 28 1997,Friendly tournament in Tanzania,Kenya,Algeria,1442,1575,1,0,20,-20,1462,1555,80,70,6,-4,86,66,30,0,-133
5299,Sep 29 1997,Friendly tournament in Tanzania,Tanzania,Zanzibar,1336,1172,3,2,5,-5,1341,1167,119,162,2,0,121,162,30,100,264
5300,Sep 30 1997,Friendly tournament in Tanzania,Zambia,Algeria,1611,1555,1,0,13,-13,1624,1542,49,70,3,-2,52,68,30,0,56
5301,Oct 1 1997,Friendly tournament in Tanzania,Tanzania,Kenya,1341,1462,0,1,-14,14,1327,1476,129,78,-4,4,125,82,30,100,-21
5302,Oct 1 1997,Friendly in Tunisia,Tunisia,Australia,1680,1833,0,3,-15,15,1665,1848,49,16,-4,1,45,17,20,100,-53
5303,Oct 3 1997,World Cup qualifier in China,China,Saudi Arabia,1631,1660,1,0,16,-16,1647,1644,46,50,2,-1,48,49,30,0,-29
5304,Oct 3 1997,World Cup qualifier in Iran,Iran,Qatar,1729,1483,3,0,8,-8,1737,1475,28,86,2,-4,30,82,40,100,346
5305,Oct 3 1997,Friendly tournament in Tanzania,Kenya,Zambia,1476,1624,0,0,6,-6,1482,1618,76,52,3,0,79,52,30,0,-148
5306,Oct 3 1997,Friendly in Kuwait,Kuwait,Mali,1662,1356,8,1,4,-4,1666,1352,41,120,3,-1,44,119,20,100,406
5307,Oct 3 1997,World Cup qualifier in the United States,United States,Jamaica,1670,1626,1,1,-8,8,1662,1634,51,51,-4,0,47,51,40,100,144
5308,Oct 4 1997,World Cup qualifier in Kazakhstan,Kazakhstan,Japan,1503,1702,1,1,6,-6,1509,1696,73,39,0,-1,73,38,40,100,-99
5309,Oct 4 1997,World Cup qualifier in South Korea,South Korea,United Arab Emirates,1736,1677,3,0,20,-20,1756,1657,19,53,6,-6,25,47,40,100,159
5310,Oct 4 1997,CONCACAF Champ qual in Saint Kitts and Nevis,Saint Kitts and Nevis,Cuba,1242,1445,0,2,-21,21,1221,1466,152,82,-6,5,146,87,40,100,-103
5311,Oct 4 1997,Friendly in Tanzania,Tanzania,Algeria,1327,1542,0,1,-7,7,1320,1549,129,66,-2,1,127,67,20,100,-115
5312,Oct 5 1997,Southeast Asian Games in Indonesia,Cambodia,Brunei,986,823,4,0,21,-21,1007,802,182,206,4,-1,186,205,40,0,163
5313,Oct 5 1997,Southeast Asian Games in Indonesia,Indonesia,Laos,1300,973,5,2,6,-6,1306,967,129,195,1,-2,130,193,40,100,427
5314,Oct 5 1997,Southeast Asian Games in Indonesia,Malaysia,Vietnam,1307,1153,1,0,12,-12,1319,1141,129,164,0,0,129,164,40,0,154
5315,Oct 5 1997,World Cup qualifier in Mexico,Mexico,El Salvador,1801,1532,5,0,9,-9,1810,1523,20,73,0,-1,20,72,40,100,369
5316,Oct 5 1997,Southeast Asian Games in Indonesia,Thailand,Myanmar,1438,1133,2,1,6,-6,1444,1127,92,167,1,0,93,167,40,0,305
5317,Oct 7 1997,Southeast Asian Games in Indonesia,Indonesia,Vietnam,1306,1141,2,2,-13,13,1293,1154,138,164,-4,0,134,164,40,100,265
5318,Oct 7 1997,Southeast Asian Games in Indonesia,Malaysia,Philippines,1319,734,4,0,2,-2,1321,732,125,209,2,0,127,209,30,0,585
5319,Oct 7 1997,World Cup qualifier in Moldova,Moldova,Poland,1413,1687,0,3,-19,19,1394,1706,109,35,-3,2,106,37,40,100,-174
5320,Oct 7 1997,Southeast Asian Games in Indonesia,Myanmar,Singapore,1127,1255,2,2,7,-7,1134,1248,167,138,0,0,167,138,40,0,-128
5321,Oct 7 1997,Southeast Asian Games in Indonesia,Thailand,Brunei,1444,802,6,0,2,-2,1446,800,93,205,0,0,93,205,30,0,642
5322,Oct 8 1997,Friendly in Norway,Norway,Colombia,1862,1752,0,0,-5,5,1857,1757,14,24,0,1,14,25,20,100,210
5323,Oct 9 1997,Friendly in Brazil,Brazil,Morocco,2146,1743,2,0,2,-2,2148,1741,1,28,0,0,1,28,20,100,503
5324,Oct 9 1997,Southeast Asian Games in Indonesia,Indonesia,Malaysia,1293,1321,4,0,30,-30,1323,1291,120,143,7,-8,127,135,30,0,-28
5325,Oct 9 1997,Southeast Asian Games in Indonesia,Laos,Philippines,967,732,4,1,14,-14,981,718,189,209,2,0,191,209,40,0,235
5326,Oct 9 1997,Southeast Asian Games in Indonesia,Myanmar,Brunei,1134,800,6,1,10,-10,1144,790,163,205,2,0,165,205,40,0,334
5327,Oct 9 1997,Southeast Asian Games in Indonesia,Singapore,Cambodia,1248,1007,2,1,8,-8,1256,999,138,190,0,-2,138,188,40,0,241
5328,Oct 10 1997,World Cup qualifier in Kuwait,Kuwait,China,1666,1647,1,2,-27,27,1639,1674,55,34,-6,7,49,41,40,100,119
5329,Oct 10 1997,Friendly in the United Arab Emirates,United Arab Emirates,Togo,1657,1393,3,0,4,-4,1661,1389,47,111,0,-2,47,109,20,100,364
5330,Oct 11 1997,World Cup qualifier in Armenia,Armenia,Ukraine,1379,1665,0,2,-15,15,1364,1680,119,36,-4,4,115,40,40,100,-186
5331,Oct 11 1997,World Cup qualifier in Austria,Austria,Belarus,1745,1356,4,0,4,-4,1749,1352,25,118,1,0,26,118,20,0,389
5332,Oct 11 1997,World Cup qualifier in Belgium,Belgium,Wales,1779,1582,3,2,6,-6,1785,1576,22,62,0,-1,22,61,40,100,297
5333,Oct 11 1997,World Cup qualifier in Cyprus,Cyprus,Luxembourg,1451,1215,2,0,8,-8,1459,1207,86,152,2,-1,88,151,40,100,336
5334,Oct 11 1997,World Cup qualifier in Czechia,Czechia,Slovakia,1874,1741,3,0,15,-15,1889,1726,8,38,2,-5,10,33,40,100,233
5335,Oct 11 1997,World Cup qualifier in Finland,Finland,Hungary,1526,1615,1,1,-1,1,1525,1616,69,55,1,-1,70,54,40,100,11
5336,Oct 11 1997,Friendly in France,France,South Africa,2007,1732,2,1,2,-2,2009,1730,4,32,0,0,4,32,20,100,375
5337,Oct 11 1997,World Cup qualifier in Georgia,Georgia,Poland,1606,1706,3,0,35,-35,1641,1671,42,51,7,-7,49,44,40,100,0
5338,Oct 11 1997,World Cup qualifier in Germany,Germany,Albania,2066,1407,4,3,1,-1,2067,1406,2,104,0,0,2,104,30,0,659
5339,Oct 11 1997,World Cup qualifier in Greece,Greece,Denmark,1725,1936,0,0,6,-6,1731,1930,29,9,2,0,31,9,40,100,-111
5340,Oct 11 1997,World Cup qualifier in Iceland,Iceland,Liechtenstein,1479,1054,4,0,3,-3,1482,1051,78,180,1,0,79,180,20,0,425
5341,Oct 11 1997,World Cup qualifier in Ireland,Ireland,Romania,1722,1882,1,1,3,-3,1725,1879,33,16,1,-3,34,13,30,100,-60
5342,Oct 11 1997,World Cup qualifier in Italy,Italy,England,1967,1996,0,0,-4,4,1963,2000,6,5,0,0,6,5,40,100,71
5343,Oct 11 1997,World Cup qualifier in Kazakhstan,Kazakhstan,South Korea,1509,1756,1,1,8,-8,1517,1748,73,28,0,-1,73,27,40,100,-147
5344,Oct 11 1997,World Cup qualifier in Macedonia,Macedonia,Lithuania,1539,1493,1,2,-28,28,1511,1521,78,68,-4,4,74,72,40,100,146
5345,Oct 11 1997,World Cup qualifier in Malta,Malta,Yugoslavia,1229,1949,0,5,-2,2,1227,1951,146,6,-1,1,145,7,30,100,-620
5346,Oct 11 1997,World Cup qualifier in the Netherlands,Netherlands,Turkey,1954,1698,0,0,-15,15,1939,1713,9,36,-1,1,8,37,40,100,356
5347,Oct 11 1997,World Cup qualifier in Portugal,Portugal,Northern Ireland,1879,1581,1,0,4,-4,1883,1577,11,59,0,1,11,60,40,100,398
5348,Oct 11 1997,World Cup qualifier in Russia,Russia,Bulgaria,1863,1841,4,2,20,-20,1883,1821,9,20,2,-1,11,19,40,100,122
5349,Oct 11 1997,World Cup qualifier in Saudi Arabia,Saudi Arabia,Qatar,1644,1475,1,0,7,-7,1651,1468,48,88,0,-3,48,85,40,100,269
5350,Oct 11 1997,World Cup qualifier in Scotland,Scotland,Latvia,1791,1417,2,0,4,-4,1795,1413,21,102,0,0,21,102,40,100,474
5351,Oct 11 1997,World Cup qualifier in Slovenia,Slovenia,Croatia,1541,1849,1,3,-14,14,1527,1863,69,12,0,2,69,14,40,100,-208
5352,Oct 11 1997,World Cup qualifier in Spain,Spain,Faroe Islands,2046,1235,3,1,0,0,2046,1235,3,142,0,0,3,142,20,0,811
5353,Oct 11 1997,World Cup qualifier in Sweden,Sweden,Estonia,1824,1186,1,0,1,-1,1825,1185,17,158,1,0,18,158,30,0,638
5354,Oct 11 1997,World Cup qualifier in Switzerland,Switzerland,Azerbaijan,1668,1348,5,0,7,-7,1675,1341,39,120,2,0,41,120,40,100,420
5355,Oct 11 1997,World Cup qualifier in Uzbekistan,Uzbekistan,Japan,1560,1696,1,1,2,-2,1562,1694,64,37,0,1,64,38,30,100,-36
5356,Oct 12 1997,World Cup qualifier in Argentina,Argentina,Uruguay,1852,1674,0,0,-13,13,1839,1687,18,38,-1,2,17,40,40,100,278
5357,Oct 12 1997,World Cup qualifier in Canada,Canada,Mexico,1569,1810,2,2,8,-8,1577,1802,58,20,2,0,60,20,40,100,-141
5358,Oct 12 1997,World Cup qualifier in Chile,Chile,Peru,1687,1739,4,0,32,-32,1719,1707,29,47,5,-9,34,38,30,0,-52
5359,Oct 12 1997,World Cup qualifier in Ecuador,Ecuador,Bolivia,1774,1725,1,0,12,-12,1786,1713,21,38,1,-2,22,36,40,100,149
5360,Oct 12 1997,Southeast Asian Games in Indonesia,Indonesia,Philippines,1323,718,2,0,1,-1,1324,717,125,209,1,0,126,209,20,0,605
5361,Oct 12 1997,World Cup qualifier in Paraguay,Paraguay,Venezuela,1761,1335,1,0,2,-2,1763,1333,24,123,0,0,24,123,20,0,426
5362,Oct 12 1997,Southeast Asian Games in Indonesia,Singapore,Brunei,1256,790,1,0,3,-3,1259,787,138,205,0,0,138,205,40,0,466
5363,Oct 12 1997,Southeast Asian Games in Indonesia,Thailand,Cambodia,1446,999,4,0,5,-5,1451,994,89,190,2,-1,91,189,40,0,447
5364,Oct 12 1997,Southeast Asian Games in Indonesia,Vietnam,Laos,1154,981,2,1,11,-11,1165,970,162,193,1,-1,163,192,40,0,173
5365,Oct 14 1997,Southeast Asian Games in Indonesia,Cambodia,Myanmar,994,1144,3,1,42,-42,1036,1102,179,173,5,-4,184,169,40,0,-150
5366,Oct 14 1997,Southeast Asian Games in Indonesia,Laos,Malaysia,970,1291,1,0,35,-35,1005,1256,182,141,5,-3,187,138,40,0,-321
5367,Oct 14 1997,Southeast Asian Games in Indonesia,Singapore,Thailand,1259,1451,0,0,10,-10,1269,1441,136,95,1,-2,137,93,40,0,-192
5368,Oct 14 1997,Southeast Asian Games in Indonesia,Vietnam,Philippines,1165,717,3,0,5,-5,1170,712,161,209,1,0,162,209,40,0,448
5369,Oct 16 1997,Southeast Asian Games in Indonesia,Indonesia,Singapore,1324,1269,2,1,12,-12,1336,1257,120,137,3,0,123,137,40,100,155
5370,Oct 16 1997,Southeast Asian Games in Indonesia,Thailand,Vietnam,1441,1170,2,1,7,-7,1448,1163,91,164,1,-1,92,163,40,0,271
5371,Oct 17 1997,World Cup qualifier in Iran,Iran,China,1737,1674,4,1,20,-20,1757,1654,21,51,4,-4,25,47,40,100,163
5372,Oct 17 1997,World Cup qualifier in Kuwait,Kuwait,Saudi Arabia,1639,1651,2,1,15,-15,1654,1636,44,52,3,-2,47,50,40,100,88
5373,Oct 18 1997,Friendly in Haiti,Haiti,Jamaica,1340,1634,0,1,-5,5,1335,1639,125,46,-2,3,123,49,20,100,-194
5374,Oct 18 1997,Southeast Asian Games in Indonesia,Indonesia,Thailand,1336,1448,1,1,1,-1,1337,1447,121,92,1,0,122,92,30,100,-12
5375,Oct 18 1997,World Cup qualifier in Kazakhstan,Kazakhstan,United Arab Emirates,1517,1661,3,0,39,-39,1556,1622,57,58,8,-6,65,52,40,100,-44
5376,Oct 18 1997,World Cup qualifier in Uzbekistan,Uzbekistan,South Korea,1562,1748,1,5,-28,28,1534,1776,74,20,-5,4,69,24,40,100,-86
5377,Oct 18 1997,Southeast Asian Games in Indonesia,Vietnam,Singapore,1163,1257,1,0,25,-25,1188,1232,153,149,5,-6,158,143,40,0,-94
5378,Oct 19 1997,Friendly tournament in Haiti,Martinique,Cameroon,1483,1584,2,1,19,-19,1502,1565,72,65,3,-3,75,62,30,0,-101
5379,Oct 20 1997,Friendly tournament in Haiti,Haiti,Cuba,1335,1466,2,2,1,-1,1336,1465,123,87,0,0,123,87,20,100,-31
5380,Oct 22 1997,Friendly tournament in Haiti,Cameroon,Cuba,1565,1465,1,1,-4,4,1561,1469,64,81,-1,3,63,84,30,0,100
5381,Oct 23 1997,Friendly tournament in Haiti,Haiti,Martinique,1336,1502,3,0,31,-31,1367,1471,105,91,9,-8,114,83,30,100,-66
5382,Oct 24 1997,World Cup qualifier in Kuwait,Kuwait,Qatar,1654,1468,0,1,-34,34,1620,1502,58,64,-6,11,52,75,40,100,286
5383,Oct 24 1997,World Cup qualifier in Saudi Arabia,Saudi Arabia,Iran,1636,1757,1,0,21,-21,1657,1736,42,32,4,-3,46,29,40,100,-21
5384,Oct 24 1997,Friendly in Saint Lucia,Saint Lucia,Jamaica,1200,1639,1,3,-4,4,1196,1643,158,47,-2,1,156,48,20,100,-339
5385,Oct 25 1997,World Cup qualifier in Uzbekistan,Uzbekistan,Kazakhstan,1534,1556,4,0,29,-29,1563,1527,57,73,6,-4,63,69,40,100,78
5386,Oct 26 1997,Friendly in Antigua and Barbuda,Antigua and Barbuda,Jamaica,1101,1643,0,3,-3,3,1098,1646,173,48,0,0,173,48,20,100,-442
5387,Oct 26 1997,World Cup qualifier in Japan,Japan,United Arab Emirates,1694,1622,1,1,-9,9,1685,1631,41,51,-1,0,40,51,40,100,172
5388,Oct 29 1997,World Cup qualifier in Croatia,Croatia,Ukraine,1863,1680,2,0,10,-10,1873,1670,14,45,0,-2,14,43,40,100,283
5389,Oct 29 1997,World Cup qualifier in Hungary,Hungary,Yugoslavia,1616,1951,1,7,-17,17,1599,1968,58,5,-2,1,56,6,40,100,-235
5390,Oct 29 1997,World Cup qualifier in Ireland,Ireland,Belgium,1725,1785,1,1,-2,2,1723,1787,33,21,0,1,33,22,30,100,40
5391,Oct 29 1997,World Cup qualifier in Russia,Russia,Italy,1883,1963,1,1,-1,1,1882,1964,13,8,-1,-1,12,7,20,100,20
5392,Oct 29 1997,Friendly in Saint Kitts and Nevis,Saint Kitts and Nevis,Jamaica,1221,1646,1,1,7,-7,1228,1639,144,50,1,-1,145,49,20,100,-325
5393,Oct 30 1997,Friendly in Lesotho,Lesotho,Namibia,1184,1377,2,1,13,-13,1197,1364,150,118,5,-3,155,115,20,100,-93
5394,Oct 31 1997,World Cup qualifier in China,China,Qatar,1654,1502,2,3,-32,32,1622,1534,57,63,-5,6,52,69,40,100,252
5395,Oct 31 1997,World Cup qualifier in Iran,Iran,Kuwait,1736,1620,0,0,-11,11,1725,1631,35,48,-3,2,32,50,40,100,216
5396,Nov 1 1997,World Cup qualifier in South Korea,South Korea,Japan,1776,1685,0,2,-45,45,1731,1730,32,20,-4,10,28,30,40,100,191
5397,Nov 2 1997,Friendly in Ivory Coast,Ivory Coast,Burkina Faso,1564,1295,0,0,-8,8,1556,1303,68,127,-3,3,65,130,20,100,369
5398,Nov 2 1997,World Cup qualifier in Mexico,Mexico,United States,1802,1662,0,0,-12,12,1790,1674,22,39,-1,3,21,42,40,100,240
5399,Nov 2 1997,Friendly in Swaziland,Swaziland,Mauritius,1180,1137,0,1,-14,14,1166,1151,165,165,-2,0,163,165,20,100,143
5400,Nov 2 1997,World Cup qualifier in the United Arab Emirates,United Arab Emirates,Uzbekistan,1631,1563,0,0,-9,9,1622,1572,52,61,-1,1,51,62,40,100,168
5401,Nov 5 1997,Friendly in Tunisia,Tunisia,Bosnia and Herzegovina,1665,1636,2,1,6,-6,1671,1630,41,51,2,-1,43,50,20,100,129
5402,Nov 6 1997,Leeward Islands Champ in Antigua and Barbuda,Antigua and Barbuda,British Virgin Islands,1098,814,2,0,4,-4,1102,810,165,204,4,0,169,204,30,100,384
5403,Nov 6 1997,World Cup qualifier in Saudi Arabia,Saudi Arabia,China,1657,1622,1,1,-7,7,1650,1629,46,51,0,0,46,51,40,100,135
5404,Nov 7 1997,Friendly in Chile,Chile,Guatemala,1719,1560,4,1,6,-6,1725,1554,31,68,2,-2,33,66,20,100,259
5405,Nov 7 1997,World Cup qualifier in Qatar,Qatar,Iran,1534,1725,2,0,38,-38,1572,1687,55,45,7,-6,62,39,40,100,-91
5406,Nov 8 1997,Leeward Islands Champ in the British Virgin Islands,British Virgin Islands,Antigua and Barbuda,810,1102,1,3,-11,11,799,1113,204,165,0,2,204,167,30,100,-192
5407,Nov 8 1997,World Cup qualifier in Japan,Japan,Kazakhstan,1730,1527,5,1,11,-11,1741,1516,24,78,3,-4,27,74,40,100,303
5408,Nov 9 1997,World Cup qualifier in Canada,Canada,United States,1577,1674,0,3,-35,35,1542,1709,79,34,-10,4,69,38,40,100,3
5409,Nov 9 1997,World Cup qualifier in El Salvador,El Salvador,Jamaica,1523,1639,2,2,1,-1,1524,1638,72,48,0,0,72,48,30,100,-16
5410,Nov 9 1997,World Cup qualifier in Mexico,Mexico,Costa Rica,1790,1587,3,3,-14,14,1776,1601,25,52,-2,3,23,55,40,100,303
5411,Nov 9 1997,World Cup qualifier in the United Arab Emirates,United Arab Emirates,South Korea,1622,1731,1,3,-29,29,1593,1760,62,21,-5,4,57,25,40,100,-9
5412,Nov 11 1997,Friendly in Brazil,Brazil,Wales,2148,1576,3,0,1,-1,2149,1575,1,60,0,0,1,60,20,0,572
5413,Nov 12 1997,World Cup qualifier in China,China,Kuwait,1629,1631,1,0,15,-15,1644,1616,43,55,4,-3,47,52,30,0,-2
5414,Nov 12 1997,Friendly in France,France,Scotland,2009,1795,2,1,3,-3,2012,1792,4,20,0,0,4,20,20,100,314
5415,Nov 12 1997,World Cup qualifier in Qatar,Qatar,Saudi Arabia,1572,1650,0,1,-21,21,1551,1671,71,40,-5,3,66,43,40,100,22
5416,Nov 13 1997,Friendly in Mali,Mali,Mauritania,1352,1192,3,1,5,-5,1357,1187,119,160,0,-1,119,159,20,100,260
5417,Nov 15 1997,Leeward Islands Champ in Saint Kitts and Nevis,Antigua and Barbuda,Sint Maarten,1113,971,5,1,17,-17,1130,954,167,196,0,-2,167,194,30,0,142
5418,Nov 15 1997,World Cup qualifier in Belgium,Belgium,Ireland,1787,1723,2,1,11,-11,1798,1712,19,40,1,-3,20,37,40,100,164
5419,Nov 15 1997,Friendly in England,England,Cameroon,2000,1561,2,0,1,-1,2001,1560,5,62,0,0,5,62,20,100,539
5420,Nov 15 1997,Friendly in Germany,Germany,South Africa,2067,1730,3,0,3,-3,2070,1727,2,31,0,0,2,31,20,100,437
5421,Nov 15 1997,World Cup qualifier in Italy,Italy,Russia,1964,1882,1,0,10,-10,1974,1872,5,14,1,-1,6,13,40,100,182
5422,Nov 15 1997,Friendly in Mali,Mali,Mauritania,1357,1187,3,0,6,-6,1363,1181,115,161,2,-1,117,160,20,100,270
5423,Nov 15 1997,World Cup qualifier in Ukraine,Ukraine,Croatia,1670,1873,1,1,6,-6,1676,1867,38,14,4,0,42,14,40,100,-103
5424,Nov 15 1997,World Cup qualifier in Yugoslavia,Yugoslavia,Hungary,1968,1599,5,0,5,-5,1973,1594,8,56,-1,0,7,56,40,100,469
5425,Nov 16 1997,World Cup qualifier in Argentina,Argentina,Colombia,1839,1757,1,1,-10,10,1829,1767,17,20,0,3,17,23,40,100,182
5426,Nov 16 1997,World Cup qualifier in Chile,Chile,Bolivia,1725,1713,3,0,24,-24,1749,1689,21,45,6,-5,27,40,40,100,112
5427,Nov 16 1997,World Cup qualifier in Costa Rica,Costa Rica,Canada,1601,1542,3,1,17,-17,1618,1525,47,71,4,-1,51,70,40,100,159
5428,Nov 16 1997,World Cup qualifier in Jamaica,Jamaica,Mexico,1638,1776,0,0,2,-2,1640,1774,49,21,0,1,49,22,30,100,-38
5429,Nov 16 1997,World Cup qualifier in Malaysia,Japan,Iran,1741,1687,3,2,17,-17,1758,1670,22,52,3,-6,25,46,40,0,54
5430,Nov 16 1997,World Cup qualifier in Peru,Peru,Paraguay,1707,1763,1,0,17,-17,1724,1746,29,34,5,-5,34,29,30,0,-56
5431,Nov 16 1997,Leeward Islands Champ in Saint Kitts,Saint Kitts,Antigua and Barbuda,1228,1130,2,0,11,-11,1239,1119,133,167,6,0,139,167,20,0,98
5432,Nov 16 1997,World Cup qualifier in Uruguay,Uruguay,Ecuador,1687,1786,5,3,30,-30,1717,1756,32,30,4,-4,36,26,40,100,1
5433,Nov 16 1997,World Cup qualifier in the United States,United States,El Salvador,1709,1524,4,2,10,-10,1719,1514,32,76,3,-2,35,74,40,100,285
5434,Nov 19 1997,Friendly in Senegal,Senegal,Mali,1438,1363,1,2,-15,15,1423,1378,105,107,-5,5,100,112,20,100,175
5435,Nov 19 1997,Friendly in Spain,Spain,Romania,2046,1879,1,1,-6,6,2040,1885,3,10,0,1,3,11,20,100,267
5436,Nov 22 1997,World Cup qualifier in Iran,Iran,Australia,1670,1848,1,1,4,-4,1674,1844,40,16,3,0,43,16,40,100,-78
5437,Nov 23 1997,Friendly in Trinidad and Tobago,Trinidad and Tobago,Jamaica,1477,1640,0,0,2,-2,1479,1638,81,49,0,0,81,49,20,100,-63
5438,Nov 26 1997,Friendly in Morocco,Morocco,Togo,1741,1389,3,0,2,-2,1743,1387,30,109,0,0,30,109,20,100,452
5439,Nov 27 1997,Friendly in the Philippines,Philippines,Estonia,712,1185,0,1,-2,2,710,1187,209,159,0,0,209,159,20,100,-373
5440,Nov 28 1997,Amilcar Cabral Cup in The Gambia,Gambia,Cape Verde,1296,1289,3,1,21,-21,1317,1268,127,137,3,-1,130,136,40,100,107
5441,Nov 28 1997,Amilcar Cabral Cup in The Gambia,Mauritania,Senegal,1181,1423,1,1,12,-12,1193,1411,156,104,2,-2,158,102,40,0,-242
5442,Nov 29 1997,World Cup qualifier in Australia,Australia,Iran,1844,1674,2,2,-13,13,1831,1687,16,39,0,2,16,41,40,100,270
5443,Nov 29 1997,Amilcar Cabral Cup in The Gambia,Guinea,Mali,1469,1378,0,0,-5,5,1464,1383,89,108,-2,2,87,110,20,100,191
5444,Nov 29 1997,Amilcar Cabral Cup in The Gambia,Sierra Leone,Guinea-Bissau,1468,1234,2,1,8,-8,1476,1226,77,149,5,-3,82,146,40,0,234
5445,Nov 30 1997,Amilcar Cabral Cup in The Gambia,Gambia,Mauritania,1317,1193,2,1,9,-9,1326,1184,122,162,4,-2,126,160,40,100,224
5446,Nov 30 1997,Amilcar Cabral Cup in The Gambia,Senegal,Cape Verde,1411,1268,2,0,18,-18,1429,1250,94,138,4,-1,98,137,40,0,143
5447,Dec 1 1997,Amilcar Cabral Cup in The Gambia,Guinea,Sierra Leone,1464,1476,3,0,36,-36,1500,1440,65,104,11,-11,76,93,40,0,-12
5448,Dec 1 1997,Amilcar Cabral Cup in The Gambia,Mali,Guinea-Bissau,1383,1226,6,1,23,-23,1406,1203,98,158,6,-6,104,152,40,0,157
5449,Dec 2 1997,Amilcar Cabral Cup in The Gambia,Cape Verde,Mauritania,1250,1184,2,2,-4,4,1246,1188,139,156,-1,2,138,158,20,100,166
5450,Dec 2 1997,Amilcar Cabral Cup in The Gambia,Gambia,Senegal,1326,1429,0,0,0,0,1326,1429,126,98,0,0,126,98,20,100,-3
5451,Dec 3 1997,Friendly in Egypt,Egypt,Ghana,1613,1484,3,2,4,-4,1617,1480,52,83,1,-2,53,81,20,100,229
5452,Dec 3 1997,Amilcar Cabral Cup in The Gambia,Guinea,Guinea-Bissau,1500,1203,2,0,9,-9,1509,1194,76,162,0,-5,76,157,40,0,297
5453,Dec 3 1997,Amilcar Cabral Cup in The Gambia,Mali,Sierra Leone,1406,1440,1,1,2,-2,1408,1438,104,95,0,-1,104,94,40,0,-34
5454,Dec 5 1997,Amilcar Cabral Cup in The Gambia,Gambia,Mali,1326,1408,1,2,-21,21,1305,1429,134,94,-4,5,130,99,40,100,18
5455,Dec 5 1997,Amilcar Cabral Cup in The Gambia,Senegal,Guinea,1429,1509,2,1,25,-25,1454,1484,80,80,9,-2,89,78,40,0,-80
5456,Dec 7 1997,Amilcar Cabral Cup in The Gambia,Gambia,Guinea,1305,1484,2,2,4,-4,1309,1480,130,82,0,-2,130,80,40,100,-79
5457,Dec 7 1997,Amilcar Cabral Cup in The Gambia,Mali,Senegal,1429,1454,1,0,21,-21,1450,1433,83,107,8,-9,91,98,40,0,-25
5458,Dec 7 1997,Friendly in Saudi Arabia,Saudi Arabia,Iceland,1671,1482,0,0,-7,7,1664,1489,48,77,-2,1,46,78,20,100,289
5459,Dec 7 1997,Friendly in South Africa,South Africa,Brazil,1727,2149,1,2,-3,3,1724,2152,34,1,-1,0,33,1,20,100,-322
5460,Dec 12 1997,Confederations Cup in Saudi Arabia,Australia,Mexico,1831,1774,3,1,31,-31,1862,1743,14,36,1,-7,15,29,50,0,57
5461,Dec 12 1997,Confederations Cup in Saudi Arabia,Saudi Arabia,Brazil,1664,2152,0,3,-8,8,1656,2160,46,1,0,0,46,1,50,100,-388
5462,Dec 12 1997,Friendly in Swaziland,Swaziland,Mozambique,1166,1425,1,1,4,-4,1170,1421,161,101,1,0,162,101,20,100,-159
5463,Dec 13 1997,Confederations Cup in Saudi Arabia,Czechia,South Africa,1889,1724,2,2,-11,11,1878,1735,14,31,-2,1,12,32,50,0,165
5464,Dec 13 1997,Confederations Cup in Saudi Arabia,Uruguay,United Arab Emirates,1717,1593,2,0,25,-25,1742,1568,26,65,5,-4,31,61,50,0,124
5465,Dec 13 1997,Friendly in Zambia,Zambia,Burkina Faso,1618,1303,2,0,3,-3,1621,1300,51,133,0,-1,51,132,20,100,415
5466,Dec 14 1997,Confederations Cup in Saudi Arabia,Australia,Brazil,1862,2160,0,0,17,-17,1879,2143,9,1,3,0,12,1,50,0,-298
5467,Dec 14 1997,Confederations Cup in Saudi Arabia,Saudi Arabia,Mexico,1656,1743,0,5,-52,52,1604,1795,64,13,-9,8,55,21,50,100,13
5468,Dec 15 1997,Confederations Cup in Saudi Arabia,United Arab Emirates,South Africa,1568,1735,1,0,36,-36,1604,1699,49,44,6,-6,55,38,50,0,-167
5469,Dec 15 1997,Confederations Cup in Saudi Arabia,Uruguay,Czechia,1742,1878,2,1,34,-34,1776,1844,15,19,8,-3,23,16,50,0,-136
5470,Dec 15 1997,Friendly in Zambia,Zambia,Nigeria,1621,1714,2,0,15,-15,1636,1699,48,39,1,-1,49,38,20,100,7
5471,Dec 16 1997,Confederations Cup in Saudi Arabia,Brazil,Mexico,2143,1795,3,2,6,-6,2149,1789,1,23,0,-1,1,22,50,0,348
5472,Dec 16 1997,Confederations Cup in Saudi Arabia,Saudi Arabia,Australia,1604,1879,1,0,37,-37,1641,1842,39,20,8,-4,47,16,50,100,-175
5473,Dec 17 1997,Confederations Cup in Saudi Arabia,Czechia,United Arab Emirates,1844,1604,6,1,20,-20,1864,1584,13,60,1,-2,14,58,50,0,240
5474,Dec 17 1997,Friendly in Martinique,Martinique,Trinidad and Tobago,1471,1479,3,0,13,-13,1484,1466,73,90,6,-4,79,86,20,100,92
5475,Dec 17 1997,Confederations Cup in Saudi Arabia,Uruguay,South Africa,1776,1699,4,3,20,-20,1796,1679,19,44,2,-3,21,41,50,0,77
5476,Dec 17 1997,Friendly in Zambia,Zambia,Nigeria,1636,1699,0,0,-1,1,1635,1700,50,38,0,0,50,38,20,100,37
5477,Dec 18 1997,Friendly in Egypt,Egypt,Togo,1617,1387,7,2,5,-5,1622,1382,51,110,1,0,52,110,20,100,330
5478,Dec 18 1997,Friendly in Lesotho,Lesotho,Swaziland,1197,1170,0,0,-4,4,1193,1174,160,162,-3,0,157,162,20,100,127
5479,Dec 18 1997,Friendly in Martinique,Martinique,Trinidad and Tobago,1484,1466,3,2,7,-7,1491,1459,77,86,1,0,78,86,20,100,118
5480,Dec 19 1997,Confederations Cup in Saudi Arabia,Australia,Uruguay,1842,1796,1,0,22,-22,1864,1774,12,25,2,-2,14,23,50,0,46
5481,Dec 19 1997,Confederations Cup in Saudi Arabia,Brazil,Czechia,2149,1864,2,0,12,-12,2161,1852,1,18,0,-2,1,16,50,0,285
5482,Dec 20 1997,Friendly in Egypt,Egypt,Algeria,1622,1549,1,2,-15,15,1607,1564,58,57,-3,5,55,62,20,100,173
5483,Dec 21 1997,Confederations Cup in Saudi Arabia,Brazil,Australia,2161,1864,6,0,16,-16,2177,1848,1,18,0,-2,1,16,50,0,297
5484,Dec 21 1997,Confederations Cup in Saudi Arabia,Czechia,Uruguay,1852,1774,1,0,19,-19,1871,1755,10,31,3,-4,13,27,50,0,78
5485,Dec 21 1997,Friendly in Mozambique,Mozambique,Lesotho,1421,1193,1,1,-7,7,1414,1200,103,149,-1,4,102,153,20,100,328
5486,Dec 22 1997,Friendly in Egypt,Egypt,Cameroon,1607,1560,2,0,9,-9,1616,1551,51,67,2,-2,53,65,20,100,147
5487,Dec 22 1997,Friendly in Egypt,Togo,Algeria,1382,1564,1,0,15,-15,1397,1549,104,72,3,-5,107,67,20,0,-182
5488,Dec 24 1997,Friendly in Egypt,Cameroon,Togo,1551,1397,3,1,9,-9,1560,1388,61,113,2,-3,63,110,20,0,154
5489,Dec 24 1997,Friendly in Egypt,Egypt,Algeria,1616,1549,1,2,-14,14,1602,1563,57,57,-2,5,55,62,20,100,167
5490,Dec 27 1997,Friendly in Burkina Faso,Burkina Faso,Ivory Coast,1300,1556,2,0,21,-21,1321,1535,124,72,4,-4,128,68,20,100,-156
5491,Dec 28 1997,Friendly in Lesotho,Lesotho,Swaziland,1200,1174,0,0,-3,3,1197,1177,155,160,-1,1,154,161,20,100,126
5492,Jan 3 1998,Friendly in Malawi,Malawi,Zimbabwe,1361,1432,1,0,9,-9,1370,1423,108,101,5,-1,113,100,20,100,29
5493,Jan 4 1998,Friendly in Barbados,Barbados,Trinidad and Tobago,1320,1459,0,1,-9,9,1311,1468,131,86,-1,0,130,86,20,100,-39
5494,Jan 4 1998,Friendly in Burkina Faso,Burkina Faso,Mozambique,1321,1414,1,0,10,-10,1331,1404,122,108,3,-3,125,105,20,100,7
5495,Jan 4 1998,Friendly in Guinea,Guinea,Togo,1480,1388,1,0,5,-5,1485,1383,79,110,1,0,80,110,20,100,192
5496,Jan 4 1998,Friendly in Malawi,Malawi,Zimbabwe,1370,1423,0,2,-17,17,1353,1440,125,88,-6,6,119,94,20,100,47
5497,Jan 7 1998,Friendly in Burkina Faso,Burkina Faso,Mozambique,1331,1404,4,2,14,-14,1345,1390,117,111,4,-3,121,108,20,100,27
5498,Jan 7 1998,Friendly in Trinidad and Tobago,Trinidad and Tobago,Jamaica,1468,1638,0,0,2,-2,1470,1636,84,49,1,0,85,49,20,100,-70
5499,Jan 10 1998,COSAFA Cup in Malawi,Malawi,Zambia,1353,1635,0,1,-10,10,1343,1645,123,42,-2,4,121,46,40,100,-182
5500,Jan 10 1998,Friendly in Swaziland,Swaziland,Botswana,1177,1002,0,0,-7,7,1170,1009,163,185,-1,2,162,187,20,100,275
5501,Jan 11 1998,Friendly in Burkina Faso,Burkina Faso,Mali,1345,1450,0,0,0,0,1345,1450,120,91,0,0,120,91,20,100,-5
5502,Jan 11 1998,Friendly in Togo,Togo,Mozambique,1383,1390,1,2,-13,13,1370,1403,114,102,-2,3,112,105,20,100,93
5503,Jan 12 1998,Friendly in Lesotho,Lesotho,Botswana,1197,1009,0,0,-7,7,1190,1016,160,187,-3,0,157,187,20,100,288
5504,Jan 14 1998,Friendly in Ghana,Ghana,Mozambique,1480,1403,0,0,-5,5,1475,1408,82,103,0,1,82,104,20,100,177
5505,Jan 14 1998,Friendly in Morocco,Morocco,Angola,1743,1546,2,1,3,-3,1746,1543,29,67,1,0,30,67,20,100,297
5506,Jan 16 1998,Friendly in The Gambia,Gambia,Zambia,1309,1645,0,2,-6,6,1303,1651,131,46,0,0,131,46,20,100,-236
5507,Jan 18 1998,COSAFA Cup in Lesotho,Lesotho,Zimbabwe,1190,1440,0,2,-18,18,1172,1458,165,82,-4,6,161,88,40,100,-150
5508,Jan 19 1998,Friendly in Ghana,Ghana,Mozambique,1475,1408,3,1,8,-8,1483,1400,80,108,1,-2,81,106,20,100,167
5509,Jan 21 1998,Friendly in Costa Rica,Costa Rica,Honduras,1618,1553,1,4,-25,25,1593,1578,60,53,-4,6,56,59,20,100,165
5510,Jan 21 1998,Friendly in El Salvador,El Salvador,Trinidad and Tobago,1514,1470,2,0,9,-9,1523,1461,70,87,2,-1,72,86,20,100,144
5511,Jan 21 1998,Friendly in Turkey,Turkey,Albania,1713,1406,1,4,-32,32,1681,1438,44,88,-4,8,40,96,20,100,407
5512,Jan 23 1998,Friendly in Guatemala,Guatemala,Trinidad and Tobago,1554,1461,3,1,7,-7,1561,1454,63,92,1,-3,64,89,20,100,193
5513,Jan 24 1998,COSAFA Cup in Namibia,Namibia,South Africa,1364,1679,3,2,31,-31,1395,1648,98,51,9,-5,107,46,40,100,-215
5514,Jan 24 1998,Friendly in the United States,United States,Sweden,1719,1825,1,0,10,-10,1729,1815,31,20,2,-1,33,19,20,100,-6
5515,Jan 25 1998,COSAFA Cup in Botswana,Botswana,Mozambique,1016,1400,1,2,-7,7,1009,1407,187,104,0,1,187,105,40,100,-284
5516,Jan 25 1998,King's Cup in Thailand,Thailand,Egypt,1447,1602,1,1,2,-2,1449,1600,93,54,0,0,93,54,20,100,-55
5517,Jan 27 1998,Friendly in Liberia,Liberia,Burkina Faso,1369,1345,1,2,-13,13,1356,1358,124,116,-5,2,119,118,20,100,124
5518,Jan 27 1998,King's Cup in Thailand,South Korea,Egypt,1760,1600,2,0,13,-13,1773,1587,22,60,1,-3,23,57,30,0,160
5519,Jan 28 1998,Friendly in Cameroon,Cameroon,Angola,1560,1543,1,0,7,-7,1567,1536,61,67,2,0,63,67,20,100,117
5520,Jan 28 1998,Friendly in Costa Rica,Costa Rica,Trinidad and Tobago,1593,1454,4,0,8,-8,1601,1446,53,99,1,-5,54,94,20,100,239
5521,Jan 28 1998,Friendly in France,France,Spain,2012,2040,1,0,8,-8,2020,2032,4,3,0,0,4,3,20,100,72
5522,Jan 28 1998,Friendly in Italy,Italy,Slovakia,1974,1726,3,0,4,-4,1978,1722,8,36,-1,-1,7,35,20,100,348
5523,Jan 28 1998,Friendly tournament in Hong Kong,Nigeria,Iran,1700,1687,1,0,14,-14,1714,1673,35,45,1,-3,36,42,30,0,13
5524,Jan 28 1998,Friendly in Tunisia,Tunisia,Yugoslavia,1671,1973,0,3,-8,8,1663,1981,45,5,-1,1,44,6,20,100,-202
5525,Jan 29 1998,Friendly in El Salvador,El Salvador,Honduras,1523,1578,1,1,-1,1,1522,1579,72,59,0,0,72,59,20,100,45
5526,Jan 29 1998,Friendly in Ivory Coast,Ivory Coast,Mozambique,1535,1407,4,1,7,-7,1542,1400,66,107,1,-1,67,106,20,100,228
5527,Jan 29 1998,Friendly in Jamaica,Jamaica,Sweden,1636,1815,0,0,2,-2,1638,1813,50,19,0,0,50,19,20,100,-79
5528,Jan 29 1998,King's Cup in Thailand,Thailand,South Korea,1449,1773,0,2,-10,10,1439,1783,98,23,-3,0,95,23,30,100,-224
5529,Jan 29 1998,Friendly in Togo,Togo,Mali,1370,1450,2,1,9,-9,1379,1441,111,95,1,-2,112,93,20,100,20
5530,Jan 30 1998,Friendly in Niger,Niger,Namibia,1325,1395,2,1,9,-9,1334,1386,123,113,2,-3,125,110,20,100,30
5531,Jan 31 1998,Friendly tournament in Hong Kong,Chile,Iran,1749,1673,1,1,-3,3,1746,1676,30,38,-1,2,29,40,30,0,76
5532,Jan 31 1998,King's Cup in Thailand,Egypt,South Korea,1587,1783,1,1,8,-8,1595,1775,53,23,2,0,55,23,30,0,-196
5533,Jan 31 1998,Friendly in Tunisia,Tunisia,Guinea,1663,1485,4,1,6,-6,1669,1479,44,84,0,-2,44,82,20,100,278
5534,Feb 1 1998,Friendly in Niger,Burkina Faso,Namibia,1358,1386,3,1,16,-16,1374,1370,106,116,6,-3,112,113,20,0,-28
5535,Feb 1 1998,CONCACAF Championship in the United States,El Salvador,Guatemala,1522,1561,0,0,3,-3,1525,1558,68,63,2,1,70,64,50,0,-39
5536,Feb 1 1998,Friendly in Ivory Coast,Ivory Coast,Cameroon,1542,1567,1,0,8,-8,1550,1559,65,63,1,0,66,63,20,100,75
5537,Feb 1 1998,Friendly in Togo,Togo,Mali,1379,1441,0,4,-21,21,1358,1462,124,79,-6,7,118,86,20,100,38
5538,Feb 1 1998,CONCACAF Championship in the United States,Trinidad and Tobago,Honduras,1446,1579,3,1,51,-51,1497,1528,60,77,16,-9,76,68,50,0,-133
5539,Feb 1 1998,CONCACAF Championship in the United States,United States,Cuba,1729,1469,3,0,10,-10,1739,1459,31,89,1,-2,32,87,30,0,260
5540,Feb 3 1998,CONCACAF Championship in the United States,Brazil,Jamaica,2177,1638,0,0,-23,23,2154,1661,1,40,0,5,1,45,50,0,539
5541,Feb 4 1998,CONCACAF Championship in the United States,Costa Rica,Cuba,1601,1459,7,2,31,-31,1632,1428,48,113,3,-13,51,100,50,0,142
5542,Feb 4 1998,Friendly in Mali,Mali,Tunisia,1462,1669,0,1,-7,7,1455,1676,92,36,-3,4,89,40,20,100,-107
5543,Feb 4 1998,CONCACAF Championship in the United States,Mexico,Trinidad and Tobago,1789,1497,4,2,12,-12,1801,1485,18,84,2,-4,20,80,50,0,292
5544,Feb 4 1998,Friendly in New Zealand,New Zealand,Chile,1435,1746,0,0,5,-5,1440,1741,87,33,6,-2,93,31,20,100,-211
5545,Feb 5 1998,CONCACAF Championship in the United States,Brazil,Guatemala,2154,1558,1,1,-23,23,2131,1581,1,54,0,5,1,59,50,0,596
5546,Feb 5 1998,Friendly tournament in Cyprus,Cyprus,Finland,1459,1525,1,1,-1,1,1458,1526,86,70,0,0,86,70,20,100,34
5547,Feb 5 1998,Friendly in Morocco,Morocco,Niger,1746,1334,3,0,2,-2,1748,1332,29,127,0,-1,29,126,20,100,512
5548,Feb 5 1998,Friendly tournament in Cyprus,Slovenia,Iceland,1527,1489,3,2,13,-13,1540,1476,65,87,2,-4,67,83,30,0,38
5549,Feb 6 1998,Friendly tournament in Malta,Georgia,Latvia,1641,1413,2,1,6,-6,1647,1407,47,105,1,-1,48,104,30,0,228
5550,Feb 6 1998,Friendly tournament in Malta,Malta,Albania,1227,1438,1,1,5,-5,1232,1433,141,100,2,-2,143,98,20,0,-211
5551,Feb 6 1998,Friendly tournament in Cyprus,Slovakia,Slovenia,1722,1540,1,1,-7,7,1715,1547,35,67,0,0,35,67,20,100,282
5552,Feb 7 1998,Friendly in Australia,Australia,Chile,1848,1741,0,1,-15,15,1833,1756,16,21,0,5,16,26,20,100,207
5553,Feb 7 1998,African Nations Cup in Burkina Faso,Burkina Faso,Cameroon,1374,1559,0,1,-19,19,1355,1578,126,56,-7,4,119,60,50,100,-85
5554,Feb 7 1998,CONCACAF Championship in the United States,Mexico,Honduras,1801,1528,2,0,13,-13,1814,1515,18,79,1,-5,19,74,50,0,273
5555,Feb 7 1998,Friendly in New Zealand,New Zealand,South Korea,1440,1775,0,1,-4,4,1436,1779,101,23,-4,0,97,23,20,100,-235
5556,Feb 7 1998,Friendly tournament in Cyprus,Slovakia,Iceland,1715,1476,2,1,6,-6,1721,1470,35,87,0,-2,35,85,30,0,239
5557,Feb 7 1998,CONCACAF Championship in the United States,United States,Costa Rica,1739,1632,2,1,12,-12,1751,1620,26,53,3,-1,29,52,50,100,207
5558,Feb 8 1998,African Nations Cup in Burkina Faso,Angola,South Africa,1536,1648,0,0,8,-8,1544,1640,66,53,1,-3,67,50,50,0,-112
5559,Feb 8 1998,CONCACAF Championship in the United States,Brazil,El Salvador,2131,1525,4,0,3,-3,2134,1522,1,72,0,-1,1,71,50,0,606
5560,Feb 8 1998,Friendly tournament in Malta,Georgia,Albania,1647,1433,3,0,12,-12,1659,1421,44,104,2,-3,46,101,30,0,214
5561,Feb 8 1998,African Nations Cup in Burkina Faso,Guinea,Algeria,1479,1563,1,0,31,-31,1510,1532,70,72,6,-4,76,68,50,0,-84
5562,Feb 8 1998,African Nations Cup in Burkina Faso,Ivory Coast,Namibia,1550,1370,4,3,13,-13,1563,1357,60,122,3,-5,63,117,50,0,180
5563,Feb 8 1998,CONCACAF Championship in the United States,Jamaica,Guatemala,1661,1581,3,2,19,-19,1680,1562,35,69,5,-5,40,64,50,0,80
5564,Feb 8 1998,Friendly tournament in Malta,Malta,Latvia,1232,1407,2,1,18,-18,1250,1389,131,114,6,-5,137,109,30,100,-75
5565,Feb 8 1998,Friendly in Paraguay,Paraguay,Poland,1746,1671,4,0,10,-10,1756,1661,20,46,6,-1,26,45,20,100,175
5566,Feb 9 1998,Friendly tournament in Cyprus,Cyprus,Slovenia,1458,1547,1,0,15,-15,1473,1532,82,70,2,-2,84,68,30,100,11
5567,Feb 9 1998,African Nations Cup in Burkina Faso,DR Congo,Togo,1453,1358,2,1,18,-18,1471,1340,82,128,4,-6,86,122,50,0,95
5568,Feb 9 1998,African Nations Cup in Burkina Faso,Ghana,Tunisia,1483,1676,2,0,56,-56,1539,1620,53,61,14,-10,67,51,50,0,-193
5569,Feb 9 1998,CONCACAF Championship in the United States,Jamaica,El Salvador,1680,1522,2,0,22,-22,1702,1500,36,83,2,-6,38,77,50,0,158
5570,Feb 9 1998,African Nations Cup in Burkina Faso,Morocco,Zambia,1748,1651,1,1,-7,7,1741,1658,32,45,0,1,32,46,50,0,97
5571,Feb 9 1998,Friendly tournament in Cyprus,Slovakia,Finland,1721,1526,2,0,11,-11,1732,1515,31,77,2,-4,33,73,30,0,195
5572,Feb 10 1998,Friendly tournament in Malta,Albania,Latvia,1421,1389,2,2,-1,1,1420,1390,101,105,0,2,101,107,20,0,32
5573,Feb 10 1998,African Nations Cup in Burkina Faso,Egypt,Mozambique,1595,1400,2,0,18,-18,1613,1382,53,113,1,-4,54,109,50,0,195
5574,Feb 10 1998,Friendly tournament in Malta,Malta,Georgia,1250,1659,1,3,-7,7,1243,1666,141,43,-2,1,139,44,30,100,-309
5575,Feb 10 1998,CONCACAF Championship in the United States,United States,Brazil,1751,2134,1,0,42,-42,1793,2092,14,1,8,0,22,1,50,100,-283
5576,Feb 11 1998,Friendly in Australia,Australia,South Korea,1833,1779,1,0,6,-6,1839,1773,16,26,0,-1,16,25,20,100,154
5577,Feb 11 1998,African Nations Cup in Burkina Faso,Burkina Faso,Algeria,1355,1532,2,1,30,-30,1385,1502,100,84,9,-8,109,76,50,100,-77
5578,Feb 11 1998,African Nations Cup in Burkina Faso,Cameroon,Guinea,1578,1510,2,2,-5,5,1573,1515,63,68,-2,4,61,72,50,0,68
5579,Feb 11 1998,Friendly in England,England,Chile,2001,1756,0,2,-26,26,1975,1782,9,21,-2,3,7,24,20,100,345
5580,Feb 11 1998,African Nations Cup in Burkina Faso,Ivory Coast,South Africa,1563,1640,1,1,5,-5,1568,1635,63,49,0,0,63,49,50,0,-77
5581,Feb 12 1998,African Nations Cup in Burkina Faso,Angola,Namibia,1544,1357,3,3,-12,12,1532,1369,66,111,0,3,66,114,50,0,187
5582,Feb 12 1998,CONCACAF Championship in the United States,Mexico,Jamaica,1814,1702,1,0,17,-17,1831,1685,15,40,2,-1,17,39,50,0,112
5583,Feb 12 1998,African Nations Cup in Burkina Faso,Togo,Ghana,1340,1539,2,1,38,-38,1378,1501,104,85,9,-9,113,76,50,0,-199
5584,Feb 12 1998,African Nations Cup in Burkina Faso,Tunisia,DR Congo,1620,1471,2,1,15,-15,1635,1456,47,92,2,-3,49,89,50,0,149
5585,Feb 13 1998,African Nations Cup in Burkina Faso,Egypt,Zambia,1613,1658,4,0,53,-53,1666,1605,34,64,10,-9,44,55,50,0,-45
5586,Feb 13 1998,African Nations Cup in Burkina Faso,Morocco,Mozambique,1741,1382,3,0,10,-10,1751,1372,30,116,1,-3,31,113,50,0,359
5587,Feb 15 1998,Friendly in Australia,Australia,Japan,1839,1758,0,3,-26,26,1813,1784,22,19,-3,4,19,23,20,100,181
5588,Feb 15 1998,CONCACAF Championship in the United States,Brazil,Jamaica,2092,1685,1,0,4,-4,2096,1681,1,39,0,0,1,39,40,0,407
5589,Feb 15 1998,African Nations Cup in Burkina Faso,Burkina Faso,Guinea,1385,1515,1,0,27,-27,1412,1488,97,87,6,-8,103,79,40,0,-130
5590,Feb 15 1998,African Nations Cup in Burkina Faso,Cameroon,Algeria,1573,1502,2,1,20,-20,1593,1482,53,87,4,-6,57,81,50,0,71
5591,Feb 15 1998,CONCACAF Championship in the United States,United States,Mexico,1793,1831,0,1,-29,29,1764,1860,32,13,-5,2,27,15,50,100,62
5592,Feb 16 1998,African Nations Cup in Burkina Faso,DR Congo,Ghana,1456,1501,1,0,28,-28,1484,1473,71,94,9,-10,80,84,50,0,-45
5593,Feb 16 1998,African Nations Cup in Burkina Faso,Ivory Coast,Angola,1568,1532,5,2,39,-39,1607,1493,47,86,8,-10,55,76,50,0,36
5594,Feb 16 1998,African Nations Cup in Burkina Faso,South Africa,Namibia,1635,1369,4,1,16,-16,1651,1353,45,124,2,-5,47,119,50,0,266
5595,Feb 16 1998,African Nations Cup in Burkina Faso,Tunisia,Togo,1635,1378,3,1,14,-14,1649,1364,47,118,1,-3,48,115,50,0,257
5596,Feb 17 1998,African Nations Cup in Burkina Faso,Morocco,Egypt,1751,1666,1,0,19,-19,1770,1647,21,52,5,-4,26,48,50,0,85
5597,Feb 17 1998,African Nations Cup in Burkina Faso,Zambia,Mozambique,1605,1372,3,1,16,-16,1621,1356,48,122,4,-5,52,117,50,0,233
5598,Feb 18 1998,Friendly in Greece,Greece,Russia,1731,1872,1,1,1,-1,1732,1871,32,12,1,0,33,12,20,100,-41
5599,Feb 18 1998,Friendly in Israel,Israel,Turkey,1613,1681,4,0,17,-17,1630,1664,47,49,4,-5,51,44,20,100,32
5600,Feb 18 1998,Friendly in Oman,Oman,Germany,1289,2070,0,2,-1,1,1288,2071,135,2,0,0,135,2,20,100,-681
5601,Feb 20 1998,African Nations Cup in Burkina Faso,DR Congo,Cameroon,1484,1593,1,0,33,-33,1517,1560,58,70,11,-6,69,64,50,0,-109
5602,Feb 21 1998,African Nations Cup in Burkina Faso,Burkina Faso,Tunisia,1412,1649,1,1,9,-9,1421,1640,99,53,2,-3,101,50,30,0,-237
5603,Feb 21 1998,African Nations Cup in Burkina Faso,Egypt,Ivory Coast,1647,1607,0,0,-3,3,1644,1610,46,56,1,0,47,56,50,0,40
5604,Feb 21 1998,Friendly in the United States,United States,Netherlands,1764,1939,0,2,-12,12,1752,1951,34,8,-3,0,31,8,20,100,-75
5605,Feb 22 1998,Friendly in Antigua and Barbuda,Antigua and Barbuda,Dominica,1119,1177,1,1,-1,1,1118,1178,167,160,0,0,167,160,20,100,42
5606,Feb 22 1998,Friendly in Jamaica,Jamaica,Nigeria,1681,1714,2,2,-2,2,1679,1716,41,36,-1,0,40,36,20,100,67
5607,Feb 22 1998,Friendly in Saudi Arabia,Saudi Arabia,Germany,1641,2071,0,3,-5,5,1636,2076,51,2,-1,0,50,2,20,100,-330
5608,Feb 22 1998,African Nations Cup in Burkina Faso,South Africa,Morocco,1651,1770,2,1,33,-33,1684,1737,32,38,7,-6,39,32,50,0,-119
5609,Feb 24 1998,Friendly in Argentina,Argentina,Yugoslavia,1829,1981,3,1,17,-17,1846,1964,17,9,0,-2,17,7,20,100,-52
5610,Feb 24 1998,Friendly in the United States,Netherlands,Mexico,1951,1860,3,2,7,-7,1958,1853,8,17,0,-1,8,16,20,0,91
5611,Feb 25 1998,Friendly in Belgium,Belgium,United States,1798,1752,2,0,9,-9,1807,1743,21,32,0,-1,21,31,20,100,146
5612,Feb 25 1998,African Nations Cup in Burkina Faso,Burkina Faso,Egypt,1421,1644,0,2,-25,25,1396,1669,109,41,-4,3,105,44,50,100,-123
5613,Feb 25 1998,Friendly in France,France,Norway,2020,1857,3,3,-6,6,2014,1863,4,15,0,0,4,15,20,100,263
5614,Feb 25 1998,Friendly in Israel,Israel,Poland,1630,1661,2,0,12,-12,1642,1649,47,48,2,-1,49,47,20,100,69
5615,Feb 25 1998,African Nations Cup in Burkina Faso,South Africa,DR Congo,1684,1517,2,1,14,-14,1698,1503,37,77,1,-4,38,73,50,0,167
5616,Feb 27 1998,African Nations Cup in Burkina Faso,Burkina Faso,DR Congo,1396,1503,4,4,1,-1,1397,1502,105,73,0,0,105,73,50,100,-7
5617,Feb 28 1998,African Nations Cup in Burkina Faso,Egypt,South Africa,1669,1698,2,0,41,-41,1710,1657,32,54,6,-8,38,46,50,0,-29
5618,Mar 1 1998,Friendly in Barbados,Barbados,Saint Kitts and Nevis,1311,1239,6,2,10,-10,1321,1229,128,148,1,-4,129,144,20,100,172
5619,Mar 1 1998,Dynasty Cup in Japan,Japan,South Korea,1784,1773,2,1,10,-10,1794,1763,21,27,1,-1,22,26,20,0,11
5620,Mar 3 1998,CONCACAF Ch & Car Cup q in Aruba,Aruba,French Guiana,987,1163,1,0,24,-24,1011,1139,183,166,4,-1,187,165,40,100,-76
5621,Mar 3 1998,CONCACAF Ch & Car Cup q in Aruba,Netherlands Antilles,Suriname,1216,1300,3,3,5,-5,1221,1295,143,133,2,0,145,133,40,0,-84
5622,Mar 3 1998,Friendly in Saint Lucia,Saint Lucia,Saint Kitts and Nevis,1196,1229,2,0,12,-12,1208,1217,145,150,5,-3,150,147,20,100,67
5623,Mar 4 1998,Dynasty Cup in Japan,South Korea,China,1763,1644,2,1,10,-10,1773,1634,24,54,1,-3,25,51,30,0,119
5624,Mar 5 1998,CONCACAF Ch & Car Cup q in Aruba,Aruba,Netherlands Antilles,1011,1221,0,1,-14,14,997,1235,193,139,-3,3,190,142,40,100,-110
5625,Mar 5 1998,CONCACAF Ch & Car Cup q in Aruba,French Guiana,Suriname,1139,1295,2,2,8,-8,1147,1287,165,137,0,-2,165,135,40,0,-156
5626,Mar 5 1998,Friendly in St Vincent & Grenadines,St Vincent & Grenadines,Saint Kitts and Nevis,1199,1217,4,2,12,-12,1211,1205,142,159,6,-6,148,153,20,100,82
5627,Mar 7 1998,CONCACAF Ch & Car Cup q in Aruba,Aruba,Suriname,997,1287,3,3,10,-10,1007,1277,186,135,2,0,188,135,30,0,-290
5628,Mar 7 1998,Dynasty Cup in Japan,Japan,China,1794,1634,0,2,-37,37,1757,1671,30,37,-4,7,26,44,30,100,260
5629,Mar 7 1998,CONCACAF Ch & Car Cup q in Aruba,Netherlands Antilles,French Guiana,1235,1147,2,1,15,-15,1250,1132,132,167,5,-1,137,166,40,0,88
5630,Mar 8 1998,COSAFA Cup in Swaziland,Swaziland,Angola,1170,1493,0,1,-9,9,1161,1502,164,69,-1,4,163,73,40,100,-223
5631,Mar 10 1998,Friendly in Argentina,Argentina,Bulgaria,1846,1821,2,0,10,-10,1856,1811,15,22,1,-2,16,20,20,100,125
5632,Mar 11 1998,CONCACAF Ch & Car Cup q in Haiti,Haiti,Puerto Rico,1367,1041,4,0,6,-6,1373,1035,112,185,0,-1,112,184,40,100,426
5633,Mar 13 1998,CONCACAF Ch & Car Cup q in Haiti,Dominican Republic,Puerto Rico,1102,1035,3,1,24,-24,1126,1011,164,188,3,-2,167,186,40,0,67
5634,Mar 14 1998,Southeast Asian Champ qual in Myanmar,Myanmar,Brunei,1102,787,4,1,6,-6,1108,781,167,205,2,0,169,205,40,100,415
5635,Mar 14 1998,Friendly in the United States,United States,Paraguay,1743,1756,2,2,-2,2,1741,1758,31,25,0,1,31,26,20,100,87
5636,Mar 15 1998,CONCACAF Ch & Car Cup q in Haiti,Haiti,Dominican Republic,1373,1126,5,0,10,-10,1383,1116,108,169,2,-1,110,168,40,100,347
5637,Mar 16 1998,Southeast Asian Champ qual in Myanmar,Laos,Brunei,1005,781,2,1,9,-9,1014,772,183,207,3,-1,186,206,40,0,224
5638,Mar 18 1998,Friendly in Mexico,Mexico,Paraguay,1853,1758,1,1,-5,5,1848,1763,17,26,0,0,17,26,20,100,195
5639,Mar 18 1998,Southeast Asian Champ qual in Myanmar,Myanmar,Laos,1108,1014,3,0,17,-17,1125,997,165,194,2,-4,167,190,40,100,194
5640,Mar 18 1998,Friendly in Romania,Romania,Israel,1885,1642,0,1,-18,18,1867,1660,16,45,-3,2,13,47,20,100,343
5641,Mar 18 1998,CONCACAF Ch & Car Cup q in Saint Lucia,Saint Lucia,Barbados,1208,1321,2,1,21,-21,1229,1300,142,135,4,-3,146,132,40,100,-13
5642,Mar 18 1998,CONCACAF Ch & Car Cup q in Saint Lucia,St Vincent & Grenadines,Martinique,1211,1491,4,1,58,-58,1269,1433,124,116,12,-19,136,97,40,0,-280
5643,Mar 20 1998,CONCACAF Ch & Car Cup q in Saint Lucia,Martinique,Barbados,1433,1300,4,1,22,-22,1455,1278,81,136,8,-2,89,134,40,0,133
5644,Mar 20 1998,CONCACAF Ch & Car Cup q in Saint Lucia,Saint Lucia,St Vincent & Grenadines,1229,1269,3,2,17,-17,1246,1252,134,138,6,-1,140,137,30,0,-40
5645,Mar 22 1998,Friendly in Azerbaijan,Azerbaijan,Moldova,1341,1394,1,0,9,-9,1350,1385,120,112,1,-3,121,109,20,100,47
5646,Mar 22 1998,CONCACAF Ch & Car Cup q in Saint Lucia,Barbados,St Vincent & Grenadines,1278,1252,4,3,19,-19,1297,1233,130,151,2,-7,132,144,40,0,26
5647,Mar 22 1998,CONCACAF Ch & Car Cup q in Saint Lucia,Saint Lucia,Martinique,1246,1455,1,2,-14,14,1232,1469,150,85,-5,2,145,87,40,100,-109
5648,Mar 22 1998,Friendly in the US Virgin Islands,US Virgin Islands,British Virgin Islands,700,799,1,0,10,-10,710,789,209,204,0,0,209,204,20,100,1
5649,Mar 24 1998,Southeast Asian Champ qual in Singapore,Singapore,Philippines,1232,710,1,0,1,-1,1233,709,143,211,1,-1,144,210,20,0,522
5650,Mar 25 1998,Friendly in Austria,Austria,Hungary,1749,1594,2,3,-16,16,1733,1610,34,55,-2,1,32,56,20,100,255
5651,Mar 25 1998,Friendly in Belgium,Belgium,Norway,1807,1863,2,2,-1,1,1806,1864,19,15,1,0,20,15,20,100,44
5652,Mar 25 1998,Friendly in Colombia,Colombia,Yugoslavia,1767,1964,0,0,3,-3,1770,1961,25,7,0,0,25,7,20,100,-97
5653,Mar 25 1998,Friendly in Czechia,Czechia,Ireland,1871,1712,2,1,4,-4,1875,1708,13,39,-1,-1,12,38,20,100,259
5654,Mar 25 1998,Friendly in Germany,Germany,Brazil,2076,2096,1,2,-12,12,2064,2108,2,1,0,0,2,1,20,100,80
5655,Mar 25 1998,Friendly in Macedonia,Macedonia,Bulgaria,1511,1811,1,0,15,-15,1526,1796,60,22,6,-1,66,21,20,100,-200
5656,Mar 25 1998,Friendly in Malta,Malta,Finland,1243,1515,0,2,-8,8,1235,1523,144,68,-2,1,142,69,20,100,-172
5657,Mar 25 1998,Friendly in Northern Ireland,Northern Ireland,Slovakia,1577,1732,1,0,12,-12,1589,1720,58,37,1,-2,59,35,20,100,-55
5658,Mar 25 1998,Friendly in Poland,Poland,Slovenia,1649,1532,2,0,7,-7,1656,1525,49,68,0,-1,49,67,20,100,217
5659,Mar 25 1998,Friendly in Russia,Russia,France,1871,2014,1,0,11,-11,1882,2003,11,4,0,0,11,4,20,100,-43
5660,Mar 25 1998,Friendly in Scotland,Scotland,Denmark,1792,1930,0,1,-9,9,1783,1939,22,9,0,0,22,9,20,100,-38
5661,Mar 25 1998,Friendly in Spain,Spain,Sweden,2032,1813,4,0,5,-5,2037,1808,3,20,0,-1,3,19,20,100,319
5662,Mar 25 1998,Friendly in Switzerland,Switzerland,England,1675,1975,1,1,5,-5,1680,1970,37,6,3,0,40,6,20,100,-200
5663,Mar 25 1998,Friendly in Wales,Wales,Jamaica,1575,1679,0,0,0,0,1575,1679,61,42,0,-1,61,41,20,100,-4
5664,Mar 26 1998,Southeast Asian Champ qual in Singapore,Cambodia,Philippines,1036,709,1,1,-15,15,1021,724,187,208,-2,1,185,209,40,0,327
5665,Mar 28 1998,Southeast Asian Champ qual in Singapore,Singapore,Cambodia,1233,1021,3,0,10,-10,1243,1011,136,185,4,0,140,185,40,100,312
5666,Mar 29 1998,Friendly in the United States,Colombia,Paraguay,1770,1763,1,1,0,0,1770,1763,25,26,0,0,25,26,20,0,7
5667,Mar 31 1998,Friendly in Cyprus,Cyprus,Estonia,1473,1187,4,0,4,-4,1477,1183,81,159,1,0,82,159,20,100,386
5668,Apr 1 1998,Friendly in Antigua and Barbuda,Antigua and Barbuda,Saint Lucia,1118,1232,1,1,0,0,1118,1232,168,146,0,0,168,146,20,100,-14
5669,Apr 1 1998,CONCACAF Ch & Car Cup q in Saint Kitts and Nevis,Dominica,Guadeloupe,1178,1391,1,1,11,-11,1189,1380,154,116,3,-5,157,111,40,0,-213
5670,Apr 1 1998,Friendly in South Korea,South Korea,Japan,1773,1757,2,1,7,-7,1780,1750,24,31,0,-2,24,29,20,100,116
5671,Apr 1 1998,CONCACAF Ch & Car Cup q in Saint Kitts and Nevis,Saint Kitts and Nevis,British Virgin Islands,1205,789,4,0,4,-4,1209,785,147,204,3,0,150,204,40,100,516
5672,Apr 3 1998,CONCACAF Ch & Car Cup q in Saint Kitts and Nevis,Guadeloupe,British Virgin Islands,1380,785,3,0,2,-2,1382,783,109,204,1,0,110,204,30,0,595
5673,Apr 3 1998,CONCACAF Ch & Car Cup q in Saint Kitts and Nevis,Saint Kitts and Nevis,Dominica,1209,1189,1,2,-27,27,1182,1216,170,141,-10,8,160,149,40,100,120
5674,Apr 5 1998,CONCACAF Ch & Car Cup q in Saint Kitts and Nevis,Dominica,British Virgin Islands,1216,783,4,1,5,-5,1221,778,147,206,1,-1,148,205,40,0,433
5675,Apr 5 1998,CONCACAF Ch & Car Cup q in Saint Kitts and Nevis,Saint Kitts and Nevis,Guadeloupe,1182,1382,2,1,26,-26,1208,1356,144,122,8,-6,152,116,40,100,-100
5676,Apr 8 1998,Friendly in Romania,Romania,Greece,1867,1732,2,1,4,-4,1871,1728,13,33,0,0,13,33,20,100,235
5677,Apr 14 1998,Friendly in Iran,Iran,Kuwait,1676,1616,1,1,-4,4,1672,1620,44,53,-1,1,43,54,20,100,160
5678,Apr 15 1998,CONCACAF Ch & Car Cup q in Antigua and Barbuda,Antigua and Barbuda,Guyana,1118,1066,2,2,-8,8,1110,1074,170,176,-1,1,169,177,40,100,152
5679,Apr 15 1998,CONCACAF Ch & Car Cup q in Antigua and Barbuda,Grenada,Anguilla,1302,503,14,1,1,-1,1303,502,129,221,1,0,130,221,20,0,799
5680,Apr 15 1998,Friendly in Israel,Israel,Argentina,1660,1856,2,1,13,-13,1673,1843,39,18,4,-1,43,17,20,100,-96
5681,Apr 15 1998,Friendly in the United States,Mexico,Peru,1848,1724,1,0,7,-7,1855,1717,15,36,1,-1,16,35,20,0,124
5682,Apr 15 1998,Friendly in Slovakia,Slovakia,South Korea,1720,1780,0,0,-1,1,1719,1781,33,24,1,0,34,24,20,100,40
5683,Apr 17 1998,CONCACAF Ch & Car Cup q in Antigua and Barbuda,Antigua and Barbuda,Anguilla,1110,502,7,0,2,-2,1112,500,169,221,0,0,169,221,30,0,608
5684,Apr 17 1998,CONCACAF Ch & Car Cup q in Antigua and Barbuda,Grenada,Guyana,1303,1074,2,1,8,-8,1311,1066,130,179,0,-1,130,178,40,0,229
5685,Apr 18 1998,Friendly in Macedonia,Macedonia,South Korea,1526,1781,2,2,4,-4,1530,1777,66,24,0,0,66,24,20,100,-155
5686,Apr 19 1998,CONCACAF Ch & Car Cup q in Antigua and Barbuda,Antigua and Barbuda,Grenada,1112,1311,2,1,26,-26,1138,1285,161,138,4,-4,165,134,40,100,-99
5687,Apr 19 1998,CONCACAF Ch & Car Cup q in Antigua and Barbuda,Guyana,Anguilla,1066,500,14,0,5,-5,1071,495,176,223,1,-1,177,222,40,0,566
5688,Apr 19 1998,COSAFA Cup in Zimbabwe,Zimbabwe,Namibia,1458,1353,5,2,16,-16,1474,1337,78,127,5,-4,83,123,40,100,205
5689,Apr 20 1998,Friendly tournament in Iran,Iran,Hungary,1672,1610,0,2,-32,32,1640,1642,56,42,-6,7,50,49,30,100,162
5690,Apr 20 1998,Friendly tournament in Iran,Macedonia,Jamaica,1530,1679,2,1,21,-21,1551,1658,64,51,1,-5,65,46,30,0,-149
5691,Apr 21 1998,Baltic Cup in Latvia,Latvia,Lithuania,1390,1521,1,2,-14,14,1376,1535,116,64,-5,3,111,67,30,100,-31
5692,Apr 22 1998,Friendly in Austria,Austria,United States,1733,1741,0,3,-22,22,1711,1763,40,22,-4,4,36,26,20,100,92
5693,Apr 22 1998,Friendly in Belgium,Belgium,Romania,1806,1871,1,1,-1,1,1805,1872,20,15,0,-1,20,14,20,100,35
5694,Apr 22 1998,Friendly in Bulgaria,Bulgaria,Morocco,1796,1737,2,1,6,-6,1802,1731,21,31,0,0,21,31,20,100,159
5695,Apr 22 1998,Friendly in Chile,Chile,Colombia,1782,1770,2,2,-3,3,1779,1773,21,23,1,1,22,24,20,100,112
5696,Apr 22 1998,Friendly in Croatia,Croatia,Poland,1867,1656,4,1,5,-5,1872,1651,14,48,0,0,14,48,20,100,311
5697,Apr 22 1998,Friendly in Denmark,Denmark,Norway,1939,1864,0,2,-22,22,1917,1886,9,5,0,5,9,10,20,100,175
5698,Apr 22 1998,Friendly in England,England,Portugal,1970,1883,3,0,9,-9,1979,1874,6,16,0,-3,6,13,20,100,187
5699,Apr 22 1998,Friendly in Germany,Germany,Nigeria,2064,1716,1,0,1,-1,2065,1715,2,34,0,1,2,35,20,100,448
5700,Apr 22 1998,Friendly tournament in Iran,Hungary,Macedonia,1642,1551,0,0,-4,4,1638,1555,53,65,-2,0,51,65,30,0,91
5701,Apr 22 1998,Friendly tournament in Iran,Iran,Jamaica,1640,1658,1,0,12,-12,1652,1646,44,52,3,-3,47,49,30,100,82
5702,Apr 22 1998,Friendly in Ireland,Ireland,Argentina,1708,1843,0,2,-13,13,1695,1856,38,15,0,1,38,16,20,100,-35
5703,Apr 22 1998,Friendly in Italy,Italy,Paraguay,1978,1763,3,1,4,-4,1982,1759,5,28,0,-1,5,27,20,100,315
5704,Apr 22 1998,Friendly in Northern Ireland,Northern Ireland,Switzerland,1589,1680,1,0,10,-10,1599,1670,57,46,1,-3,58,43,20,100,9
5705,Apr 22 1998,Friendly in Russia,Russia,Turkey,1882,1664,1,0,3,-3,1885,1661,11,45,0,0,11,45,20,100,318
5706,Apr 22 1998,Friendly in Scotland,Scotland,Finland,1783,1523,1,1,-8,8,1775,1531,24,66,-1,2,23,68,20,100,360
5707,Apr 22 1998,Friendly in Slovenia,Slovenia,Czechia,1525,1875,1,3,-6,6,1519,1881,72,12,-2,0,70,12,20,100,-250
5708,Apr 22 1998,Friendly in Sweden,Sweden,France,1808,2003,0,0,3,-3,1811,2000,19,4,0,0,19,4,20,100,-95
5709,Apr 22 1998,Friendly in Yugoslavia,Yugoslavia,South Korea,1961,1777,3,1,5,-5,1966,1772,7,26,0,-1,7,25,20,100,284
5710,Apr 24 1998,Friendly in Azerbaijan,Azerbaijan,Uzbekistan,1350,1572,2,1,13,-13,1363,1559,110,66,5,-2,115,64,20,100,-122
5711,Apr 29 1998,Friendly in Brazil,Brazil,Argentina,2108,1856,0,1,-18,18,2090,1874,1,10,0,3,1,13,20,100,352
5712,Apr 29 1998,Friendly in Chile,Chile,Lithuania,1779,1535,1,0,2,-2,1781,1533,22,67,0,0,22,67,20,100,344
5713,May 2 1998,Friendly in Tunisia,Tunisia,Georgia,1640,1666,1,1,-2,2,1638,1668,50,44,0,0,50,44,20,100,74
5714,May 3 1998,COSAFA Cup in Angola,Angola,Zambia,1502,1621,1,1,1,-1,1503,1620,73,54,0,0,73,54,20,100,-19
5715,May 4 1998,Friendly in France,Jamaica,Saudi Arabia,1646,1636,0,0,0,0,1646,1636,49,52,0,0,49,52,20,0,10
5716,May 6 1998,CONCACAF Ch & Car Cup q in the Cayman Islands,Cayman Islands,Cuba,1046,1428,2,2,13,-13,1059,1415,176,105,3,-3,179,102,40,100,-282
5717,May 8 1998,CONCACAF Ch & Car Cup q in the Cayman Islands,Cuba,Bermuda,1415,1366,2,1,17,-17,1432,1349,96,128,3,-8,99,120,40,0,49
5718,May 9 1998,Friendly in Italy,Mexico,Estonia,1855,1183,6,0,1,-1,1856,1182,17,160,0,0,17,160,20,0,672
5719,May 9 1998,Friendly in France,Saudi Arabia,Trinidad and Tobago,1636,1485,2,1,6,-6,1642,1479,48,83,2,-2,50,81,20,0,151
5720,May 10 1998,CONCACAF Ch & Car Cup q in the Cayman Islands,Cayman Islands,Bermuda,1059,1349,2,0,45,-45,1104,1304,163,138,8,-9,171,129,40,100,-190
5721,May 13 1998,Friendly in France,Iceland,Saudi Arabia,1470,1642,1,1,5,-5,1475,1637,79,54,4,-2,83,52,20,0,-172
5722,May 14 1998,Friendly in Argentina,Argentina,Bosnia and Herzegovina,1874,1630,5,0,5,-5,1879,1625,13,53,0,0,13,53,20,100,344
5723,May 16 1998,Friendly in Estonia,Estonia,Azerbaijan,1182,1363,0,0,2,-2,1184,1361,160,114,0,0,160,114,20,100,-81
5724,May 16 1998,Friendly in South Korea,South Korea,Jamaica,1772,1646,2,1,4,-4,1776,1642,21,49,2,0,23,49,20,100,226
5725,May 16 1998,Friendly in the United States,United States,Macedonia,1763,1555,0,0,-7,7,1756,1562,28,59,-1,3,27,62,20,100,308
5726,May 16 1998,COSAFA Cup in Zambia,Zambia,Mozambique,1620,1356,1,0,4,-4,1624,1352,54,120,0,-2,54,118,20,0,264
5727,May 17 1998,Friendly tournament in Japan,Japan,Paraguay,1750,1759,1,1,-4,4,1746,1763,30,26,0,0,30,26,30,100,91
5728,May 17 1998,Friendly in Latvia,Latvia,Israel,1376,1673,1,5,-9,9,1367,1682,111,39,0,1,111,40,20,100,-197
5729,May 17 1998,Friendly in France,Saudi Arabia,Namibia,1637,1337,2,1,3,-3,1640,1334,48,124,2,-1,50,123,20,0,300
5730,May 18 1998,Friendly in Canada,Canada,Macedonia,1525,1562,1,0,8,-8,1533,1554,65,68,2,-3,67,65,20,100,63
5731,May 19 1998,Friendly in Argentina,Argentina,Chile,1879,1781,1,0,5,-5,1884,1776,11,22,1,0,12,22,20,100,198
5732,May 19 1998,Friendly in Cameroon,Cameroon,Burkina Faso,1560,1397,2,0,5,-5,1565,1392,61,105,1,0,62,105,20,100,263
5733,May 19 1998,Friendly in South Korea,South Korea,Jamaica,1776,1642,0,0,-6,6,1770,1648,27,49,-2,0,25,49,20,100,234
5734,May 20 1998,Friendly in Norway,Norway,Mexico,1886,1856,5,2,11,-11,1897,1845,10,17,0,0,10,17,20,100,130
5735,May 20 1998,Friendly in South Africa,South Africa,Zambia,1657,1624,1,1,-4,4,1653,1628,46,52,0,1,46,53,20,100,133
5736,May 21 1998,Friendly tournament in Japan,Czechia,Paraguay,1881,1763,1,0,10,-10,1891,1753,9,32,2,-3,11,29,30,0,118
5737,May 23 1998,Friendly in the United States,Colombia,Scotland,1773,1775,2,2,0,0,1773,1775,24,23,0,0,24,23,20,0,-2
5738,May 23 1998,Friendly in England,England,Saudi Arabia,1979,1640,0,0,-9,9,1970,1649,6,48,0,1,6,49,20,100,439
5739,May 23 1998,Friendly in Ireland,Ireland,Mexico,1695,1845,0,0,1,-1,1696,1844,38,17,0,0,38,17,20,100,-50
5740,May 24 1998,Friendly in Chile,Chile,Uruguay,1776,1755,2,2,-3,3,1773,1758,24,26,-1,1,23,27,20,100,121
5741,May 24 1998,Friendly tournament in Japan,Japan,Czechia,1746,1891,0,0,2,-2,1748,1889,30,11,0,0,30,11,30,100,-45
5742,May 24 1998,COSAFA Cup in Mozambique,Mozambique,Zimbabwe,1352,1474,0,2,-28,28,1324,1502,134,64,-8,10,126,74,40,100,-22
5743,May 24 1998,Friendly in the United States,United States,Kuwait,1756,1620,2,0,6,-6,1762,1614,26,57,0,-1,26,56,20,100,236
5744,May 25 1998,Friendly in Argentina,Argentina,South Africa,1884,1653,2,0,4,-4,1888,1649,11,50,1,-2,12,48,20,100,331
5745,May 27 1998,Friendly in Austria,Austria,Tunisia,1711,1638,2,1,5,-5,1716,1633,34,53,1,-1,35,52,20,100,173
5746,May 27 1998,Friendly in Finland,Finland,Germany,1531,2065,0,0,8,-8,1539,2057,65,2,2,0,67,2,20,100,-434
5747,May 27 1998,Friendly tournament in Morocco,France,Belgium,2000,1805,1,0,7,-7,2007,1798,4,22,0,-1,4,21,30,0,195
5748,May 27 1998,Friendly in Hungary,Hungary,Lithuania,1638,1533,1,0,5,-5,1643,1528,51,71,0,-2,51,69,20,100,205
5749,May 27 1998,Friendly tournament in Morocco,Morocco,England,1731,1970,0,1,-9,9,1722,1979,33,6,-1,0,32,6,30,100,-139
5750,May 27 1998,Friendly in the Netherlands,Netherlands,Cameroon,1958,1565,0,0,-9,9,1949,1574,8,62,0,0,8,62,20,100,493
5751,May 27 1998,Friendly in Norway,Norway,Saudi Arabia,1897,1649,6,0,5,-5,1902,1644,10,52,0,-2,10,50,20,100,348
5752,May 27 1998,Friendly in Poland,Poland,Russia,1651,1885,3,1,21,-21,1672,1864,37,19,5,-3,42,16,20,100,-134
5753,May 27 1998,Friendly in South Korea,South Korea,Czechia,1770,1889,2,2,1,-1,1771,1888,25,11,0,0,25,11,20,100,-19
5754,May 28 1998,Friendly tournament in Saint Kitts and Nevis,Saint Kitts and Nevis,Trinidad and Tobago,1208,1479,4,1,38,-38,1246,1441,126,102,13,-10,139,92,30,100,-171
5755,May 28 1998,Friendly in Sweden,Sweden,Denmark,1811,1917,3,0,18,-18,1829,1899,17,11,1,-1,18,10,20,100,-6
5756,May 29 1998,Friendly tournament in Morocco,Belgium,England,1798,1979,0,0,7,-7,1805,1972,19,6,1,0,20,6,30,0,-181
5757,May 29 1998,Friendly in Croatia,Croatia,Slovakia,1872,1719,1,2,-16,16,1856,1735,18,29,-2,2,16,31,20,100,253
5758,May 29 1998,Friendly tournament in Morocco,Morocco,France,1722,2007,2,2,7,-7,1729,2000,32,4,0,0,32,4,20,0,-285
5759,May 29 1998,Friendly in Yugoslavia,Yugoslavia,Nigeria,1966,1715,3,0,4,-4,1970,1711,7,36,0,0,7,36,20,100,351
5760,May 30 1998,Friendly in Georgia,Georgia,Russia,1668,1864,1,1,3,-3,1671,1861,41,15,2,0,43,15,20,100,-96
5761,May 30 1998,Friendly in Germany,Germany,Colombia,2057,1773,3,1,3,-3,2060,1770,2,27,0,-2,2,25,20,100,384
5762,May 30 1998,COSAFA Cup in Namibia,Namibia,Angola,1334,1503,1,1,4,-4,1338,1499,120,79,1,-3,121,76,40,100,-69
5763,May 30 1998,Friendly in the United States,United States,Scotland,1762,1775,0,0,-2,2,1760,1777,26,22,0,0,26,22,20,100,87
5764,May 31 1998,Friendly in France,Chile,Tunisia,1773,1633,3,2,6,-6,1779,1627,21,54,1,-1,22,53,20,0,140
5765,May 31 1998,Friendly in Luxembourg,Luxembourg,Cameroon,1207,1574,0,2,-5,5,1202,1579,157,60,-2,1,155,61,20,100,-267
5766,May 31 1998,Friendly in Switzerland,Mexico,Japan,1844,1748,2,1,7,-7,1851,1741,17,30,0,0,17,30,20,0,96
5767,Jun 1 1998,Friendly in the Netherlands,Netherlands,Paraguay,1949,1753,5,1,6,-6,1955,1747,8,29,0,0,8,29,20,100,296
5768,Jun 2 1998,Friendly in Austria,Austria,Liechtenstein,1716,1051,6,0,1,-1,1717,1050,33,181,1,0,34,181,20,0,665
5769,Jun 2 1998,Friendly in Sweden,Sweden,Italy,1829,1982,1,0,12,-12,1841,1970,18,7,0,-1,18,6,20,100,-53
5770,Jun 3 1998,Friendly in Belgium,Belgium,Colombia,1805,1770,2,0,9,-9,1814,1761,18,25,1,0,19,25,20,100,135
5771,Jun 3 1998,Friendly in France,Brazil,Andorra,2090,1068,3,0,0,0,2090,1068,1,179,0,0,1,179,20,0,1022
5772,Jun 3 1998,Friendly in Croatia,Croatia,Iran,1856,1652,2,0,4,-4,1860,1648,16,51,0,-2,16,49,20,100,304
5773,Jun 3 1998,Friendly in Macedonia,Macedonia,Bosnia and Herzegovina,1554,1625,1,1,-1,1,1553,1626,65,54,0,0,65,54,20,100,29
5774,Jun 3 1998,Friendly in Malta,Malta,Wales,1235,1575,0,3,-7,7,1228,1582,152,60,-4,1,148,61,20,100,-240
5775,Jun 3 1998,Friendly in France,Mexico,Saudi Arabia,1851,1644,0,0,-5,5,1846,1649,17,44,0,3,17,47,20,0,207
5776,Jun 3 1998,Friendly in Romania,Romania,Paraguay,1872,1747,3,2,4,-4,1876,1743,12,29,1,0,13,29,20,100,225
5777,Jun 3 1998,Friendly in Spain,Spain,Northern Ireland,2037,1599,4,1,2,-2,2039,1597,3,58,0,0,3,58,20,100,538
5778,Jun 3 1998,Friendly in Switzerland,Yugoslavia,Japan,1970,1741,1,0,4,-4,1974,1737,4,30,1,0,5,30,20,0,229
5779,Jun 4 1998,Friendly in France,Chile,Morocco,1779,1729,1,1,-1,1,1778,1730,22,32,0,0,22,32,20,0,50
5780,Jun 4 1998,European Championship qual in Estonia,Estonia,Faroe Islands,1184,1235,5,0,34,-34,1218,1201,138,168,11,-12,149,156,30,0,-51
5781,Jun 4 1998,Friendly in South Korea,South Korea,China,1771,1671,1,1,-5,5,1766,1676,24,39,0,2,24,41,20,100,200
5782,Jun 5 1998,Friendly in Bulgaria,Bulgaria,Algeria,1802,1482,2,0,2,-2,1804,1480,21,82,0,-1,21,81,20,100,420
5783,Jun 5 1998,Friendly in Denmark,Denmark,Cameroon,1899,1579,1,2,-18,18,1881,1597,14,54,-2,4,12,58,20,100,420
5784,Jun 5 1998,Friendly in Finland,Finland,France,1539,2000,0,1,-2,2,1537,2002,67,4,0,0,67,4,20,100,-361
5785,Jun 5 1998,Friendly in Germany,Germany,Luxembourg,2060,1202,7,0,0,0,2060,1202,2,155,0,0,2,155,20,0,858
5786,Jun 5 1998,Friendly in the Netherlands,Netherlands,Nigeria,1955,1711,5,1,5,-5,1960,1706,8,38,0,-1,8,37,20,100,344
5787,Jun 6 1998,Friendly in Belgium,Belgium,Paraguay,1814,1743,1,0,5,-5,1819,1738,19,29,0,0,19,29,20,100,171
5788,Jun 6 1998,Friendly in Croatia,Croatia,Australia,1860,1813,7,0,14,-14,1874,1799,12,22,2,-1,14,21,20,100,147
5789,Jun 6 1998,Friendly in Germany,Iceland,South Africa,1475,1649,1,1,5,-5,1480,1644,77,53,3,-3,80,50,20,0,-174
5790,Jun 6 1998,Friendly in Kenya,Kenya,Seychelles,1482,930,1,1,-10,10,1472,940,92,195,-6,1,86,196,20,100,652
5791,Jun 6 1998,Friendly in Romania,Romania,Moldova,1876,1385,5,1,1,-1,1877,1384,13,107,0,0,13,107,20,100,591
5792,Jun 6 1998,Friendly in Switzerland,Switzerland,Yugoslavia,1670,1974,1,1,5,-5,1675,1969,41,9,2,-2,43,7,20,100,-204
5793,Jun 6 1998,Friendly in Tunisia,Tunisia,Wales,1627,1582,4,0,11,-11,1638,1571,51,62,1,0,52,62,20,100,145
5794,Jun 7 1998,Friendly in Belarus,Belarus,Lithuania,1352,1528,5,0,24,-24,1376,1504,104,75,7,-3,111,72,20,100,-76
5795,Jun 10 1998,World Cup in France,Brazil,Scotland,2090,1777,2,1,8,-8,2098,1769,1,23,0,0,1,23,60,0,313
5796,Jun 10 1998,World Cup in France,Morocco,Norway,1730,1902,2,2,14,-14,1744,1888,26,9,3,0,29,9,60,0,-172
5797,Jun 11 1998,World Cup in France,Austria,Cameroon,1717,1597,1,1,-10,10,1707,1607,38,58,-2,0,36,58,60,0,120
5798,Jun 11 1998,World Cup in France,Chile,Italy,1778,1970,2,2,15,-15,1793,1955,22,10,0,-2,22,8,60,0,-192
5799,Jun 12 1998,World Cup in France,Bulgaria,Paraguay,1804,1738,0,0,-6,6,1798,1744,22,28,-1,1,21,29,60,0,66
5800,Jun 12 1998,World Cup in France,Denmark,Saudi Arabia,1881,1649,1,0,12,-12,1893,1637,6,55,3,-4,9,51,60,0,232
5801,Jun 12 1998,World Cup in France,France,South Africa,2002,1644,3,0,7,-7,2009,1637,4,52,0,-1,4,51,60,100,458
5802,Jun 13 1998,World Cup in France,Belgium,Netherlands,1819,1960,0,0,12,-12,1831,1948,19,9,0,-1,19,8,60,0,-141
5803,Jun 13 1998,World Cup in France,Mexico,South Korea,1846,1766,3,1,35,-35,1881,1731,9,42,4,-9,13,33,60,0,80
5804,Jun 13 1998,World Cup in France,Nigeria,Spain,1706,2039,3,2,52,-52,1758,1987,15,5,11,-1,26,4,60,0,-333
5805,Jun 13 1998,Friendly in the Seychelles,Seychelles,Kenya,940,1472,0,1,-2,2,938,1474,196,80,0,3,196,83,20,100,-432
5806,Jun 14 1998,World Cup in France,Argentina,Japan,1888,1737,1,0,18,-18,1906,1719,8,37,1,-3,9,34,60,0,151
5807,Jun 14 1998,World Cup in France,Croatia,Jamaica,1874,1648,3,1,19,-19,1893,1629,5,57,5,-5,10,52,60,0,226
5808,Jun 14 1998,World Cup in France,Yugoslavia,Iran,1969,1648,1,0,8,-8,1977,1640,4,49,1,-1,5,48,60,0,321
5809,Jun 15 1998,World Cup in France,England,Tunisia,1972,1638,2,0,11,-11,1983,1627,4,57,1,-4,5,53,60,0,334
5810,Jun 15 1998,World Cup in France,Germany,United States,2060,1760,2,0,14,-14,2074,1746,2,29,0,-2,2,27,60,0,300
5811,Jun 15 1998,World Cup in France,Romania,Colombia,1877,1761,1,0,20,-20,1897,1741,5,36,5,-6,10,30,60,0,116
5812,Jun 16 1998,World Cup in France,Brazil,Morocco,2098,1744,3,0,12,-12,2110,1732,1,34,0,-3,1,31,60,0,354
5813,Jun 16 1998,World Cup in France,Norway,Scotland,1888,1769,1,1,-10,10,1878,1779,17,23,-2,0,15,23,60,0,119
5814,Jun 17 1998,World Cup in France,Austria,Chile,1707,1793,1,1,7,-7,1714,1786,35,22,1,0,36,22,60,0,-86
5815,Jun 17 1998,World Cup in France,Italy,Cameroon,1955,1607,3,0,12,-12,1967,1595,7,60,0,-1,7,59,60,0,348
5816,Jun 18 1998,World Cup in France,Denmark,South Africa,1893,1637,1,1,-19,19,1874,1656,19,45,-4,2,15,47,50,100,356
5817,Jun 18 1998,World Cup in France,France,Saudi Arabia,2009,1637,4,0,7,-7,2016,1630,3,51,0,-1,3,50,60,100,472
5818,Jun 19 1998,World Cup in France,Nigeria,Bulgaria,1758,1798,1,0,33,-33,1791,1765,18,27,3,-3,21,24,60,0,-40
5819,Jun 19 1998,World Cup in France,Paraguay,Spain,1744,1987,0,0,18,-18,1762,1969,22,8,3,-2,25,6,60,0,-243
5820,Jun 20 1998,World Cup in France,Belgium,Mexico,1831,1881,2,2,4,-4,1835,1877,19,15,0,-1,19,14,50,0,-50
5821,Jun 20 1998,World Cup in France,Croatia,Japan,1893,1719,1,0,16,-16,1909,1703,7,40,2,-3,9,37,60,0,174
5822,Jun 20 1998,World Cup in France,Netherlands,South Korea,1948,1731,5,0,27,-27,1975,1704,4,40,2,-4,6,36,60,0,217
5823,Jun 21 1998,World Cup in France,Argentina,Jamaica,1906,1629,5,0,20,-20,1926,1609,8,63,1,-6,9,57,60,0,277
5824,Jun 21 1998,World Cup in France,Germany,Yugoslavia,2074,1977,2,2,-8,8,2066,1985,2,3,0,1,2,4,30,100,197
5825,Jun 21 1998,World Cup in France,Iran,United States,1640,1746,2,1,39,-39,1679,1707,33,42,8,-7,41,35,60,0,-106
5826,Jun 22 1998,World Cup in France,Colombia,Tunisia,1741,1627,1,0,20,-20,1761,1607,24,62,2,-5,26,57,60,0,114
5827,Jun 22 1998,Friendly in Estonia,Estonia,Andorra,1218,1068,2,1,4,-4,1222,1064,147,179,1,0,148,179,20,100,250
5828,Jun 22 1998,World Cup in France,Romania,England,1897,1983,2,1,37,-37,1934,1946,7,11,2,-3,9,8,60,0,-86
5829,Jun 23 1998,World Cup in France,Cameroon,Chile,1595,1786,1,1,15,-15,1610,1771,51,24,4,-1,55,23,60,0,-191
5830,Jun 23 1998,World Cup in France,Italy,Austria,1967,1714,2,1,11,-11,1978,1703,3,39,2,-3,5,36,60,0,253
5831,Jun 23 1998,World Cup in France,Morocco,Scotland,1732,1779,3,0,60,-60,1792,1719,12,39,9,-8,21,31,60,0,-47
5832,Jun 23 1998,World Cup in France,Norway,Brazil,1878,2110,2,1,48,-48,1926,2062,7,3,3,-1,10,2,60,0,-232
5833,Jun 24 1998,Friendly in Estonia,Andorra,Azerbaijan,1064,1361,0,0,7,-7,1071,1354,177,121,1,-3,178,118,20,0,-297
5834,Jun 24 1998,World Cup in France,France,Denmark,2016,1874,2,1,12,-12,2028,1862,3,17,0,-1,3,16,40,0,142
5835,Jun 24 1998,World Cup in France,Paraguay,Nigeria,1762,1791,3,1,49,-49,1811,1742,15,32,5,-5,20,27,60,0,-29
5836,Jun 24 1998,World Cup in France,Saudi Arabia,South Africa,1630,1656,2,2,2,-2,1632,1654,50,48,0,0,50,48,50,0,-26
5837,Jun 24 1998,World Cup in France,Spain,Bulgaria,1969,1765,6,1,28,-28,1997,1737,1,32,3,-4,4,28,60,0,204
5838,Jun 25 1998,World Cup in France,Belgium,South Korea,1835,1704,1,1,-11,11,1824,1715,19,31,0,2,19,33,60,0,131
5839,Jun 25 1998,Baltic Cup in Estonia,Estonia,Latvia,1222,1367,0,2,-20,20,1202,1387,160,102,-6,5,154,107,30,100,-45
5840,Jun 25 1998,World Cup in France,Germany,Iran,2066,1679,2,0,9,-9,2075,1670,1,51,0,-5,1,46,60,0,387
5841,Jun 25 1998,World Cup in France,Mexico,Netherlands,1877,1975,2,2,8,-8,1885,1967,14,7,0,0,14,7,60,0,-98
5842,Jun 25 1998,World Cup in France,Yugoslavia,United States,1985,1707,1,0,10,-10,1995,1697,5,40,0,-3,5,37,60,0,278
5843,Jun 26 1998,World Cup in France,Argentina,Croatia,1926,1909,1,0,29,-29,1955,1880,8,16,1,-2,9,14,60,0,17
5844,Jun 26 1998,Friendly in Estonia,Azerbaijan,Lithuania,1354,1504,2,1,14,-14,1368,1490,108,84,5,-6,113,78,20,0,-150
5845,Jun 26 1998,World Cup in France,England,Colombia,1946,1761,2,0,23,-23,1969,1738,6,30,1,-3,7,27,60,0,185
5846,Jun 26 1998,World Cup in France,Jamaica,Japan,1609,1703,2,1,38,-38,1647,1665,41,57,8,-11,49,46,60,0,-94
5847,Jun 26 1998,Friendly in Estonia,Latvia,Andorra,1387,1071,2,0,4,-4,1391,1067,105,180,1,-1,106,179,20,0,316
5848,Jun 26 1998,World Cup in France,Romania,Tunisia,1934,1607,1,1,-22,22,1912,1629,13,46,-2,6,11,52,60,0,327
5849,Jun 27 1998,World Cup in France,Brazil,Chile,2062,1771,4,1,17,-17,2079,1754,0,27,1,-2,1,25,60,0,291
5850,Jun 27 1998,World Cup in France,Italy,Norway,1978,1926,1,0,26,-26,2004,1900,2,12,2,-1,4,11,60,0,52
5851,Jun 27 1998,Friendly in Thailand,Thailand,China,1439,1676,0,3,-11,11,1428,1687,104,38,-5,1,99,39,20,100,-137
5852,Jun 28 1998,World Cup in France,Denmark,Nigeria,1862,1742,4,1,35,-35,1897,1707,8,42,4,-8,12,34,60,0,120
5853,Jun 28 1998,Baltic Cup in Estonia,Estonia,Lithuania,1202,1490,0,0,7,-7,1209,1483,148,80,3,-1,151,79,20,0,-288
5854,Jun 28 1998,World Cup in France,France,Paraguay,2028,1811,1,0,8,-8,2036,1803,3,20,0,0,3,20,60,100,317
5855,Jun 29 1998,World Cup in France,Germany,Mexico,2075,1885,2,1,15,-15,2090,1870,0,18,1,-2,1,16,60,0,190
5856,Jun 29 1998,Friendly in Estonia,Lithuania,Andorra,1483,1067,4,0,3,-3,1486,1064,79,179,0,0,79,179,20,0,416
5857,Jun 29 1998,World Cup in France,Netherlands,Yugoslavia,1967,1995,2,1,32,-32,1999,1963,2,10,3,-2,5,8,60,0,-28
5858,Jun 30 1998,World Cup in France,Argentina,England,1955,1969,2,2,1,-1,1956,1968,9,7,0,0,9,7,30,0,-14
5859,Jun 30 1998,World Cup in France,Croatia,Romania,1880,1912,1,0,33,-33,1913,1879,6,18,4,-4,10,14,60,0,-32
5860,Jun 30 1998,Friendly in Malaysia,Malaysia,China,1256,1687,1,1,7,-7,1263,1680,136,41,0,-1,136,40,20,100,-331
5861,Jul 2 1998,Friendly in Oman,Oman,Syria,1288,1447,1,2,-8,8,1280,1455,135,87,-1,2,134,89,20,100,-59
5862,Jul 3 1998,World Cup in France,Brazil,Denmark,2079,1897,3,2,16,-16,2095,1881,0,14,1,-1,1,13,60,0,182
5863,Jul 3 1998,World Cup in France,France,Italy,2036,2004,0,0,-11,11,2025,2015,3,4,0,0,3,4,60,100,132
5864,Jul 4 1998,World Cup in France,Croatia,Germany,1913,2090,3,0,77,-77,1990,2013,4,8,3,-3,7,5,60,0,-177
5865,Jul 4 1998,World Cup in France,Netherlands,Argentina,1999,1956,2,1,26,-26,2025,1930,-1,11,3,-1,2,10,60,0,43
5866,Jul 6 1998,Friendly in Malawi,Malawi,Mozambique,1343,1324,2,1,7,-7,1350,1317,119,128,0,-1,119,127,20,100,119
5867,Jul 6 1998,Friendly in Rwanda,Rwanda,Tanzania,1092,1320,2,0,20,-20,1112,1300,165,132,5,-2,170,130,20,100,-128
5868,Jul 7 1998,World Cup in France,Brazil,Netherlands,2095,2025,1,1,-6,6,2089,2031,1,2,0,0,1,2,60,0,70
5869,Jul 7 1998,Friendly in Rwanda,Rwanda,Tanzania,1112,1300,2,2,2,-2,1114,1298,170,130,0,0,170,130,20,100,-88
5870,Jul 8 1998,Friendly in China,China,Uzbekistan,1680,1559,3,1,7,-7,1687,1552,38,66,1,-1,39,65,20,100,221
5871,Jul 8 1998,World Cup in France,France,Croatia,2025,1990,2,1,19,-19,2044,1971,1,7,1,0,2,7,60,100,135
5872,Jul 8 1998,Friendly in Malawi,Malawi,Mozambique,1350,1317,2,2,-4,4,1346,1321,119,127,0,0,119,127,20,100,133
5873,Jul 10 1998,Friendly in Uganda,Uganda,Tanzania,1409,1298,3,0,8,-8,1417,1290,103,134,0,-2,103,132,20,100,211
5874,Jul 11 1998,World Cup in France,Croatia,Netherlands,1971,2031,2,1,35,-35,2006,1996,3,11,2,-4,5,7,60,0,-60
5875,Jul 11 1998,Friendly in Malawi,Malawi,Mozambique,1346,1321,0,0,-3,3,1343,1324,119,125,0,1,119,126,20,100,125
5876,Jul 12 1998,World Cup in France,France,Brazil,2044,2089,3,0,44,-44,2088,2045,0,3,1,-1,1,2,60,100,55
5877,Jul 15 1998,Friendly in Ukraine,Ukraine,Poland,1676,1672,1,2,-13,13,1663,1685,51,37,-5,3,46,40,20,100,104
5878,Jul 18 1998,Friendly in Malawi,Malawi,Zimbabwe,1343,1502,1,0,12,-12,1355,1490,119,82,0,-5,119,77,20,100,-59
5879,Jul 18 1998,Friendly in Uganda,Uganda,Kenya,1417,1474,3,3,-1,1,1416,1475,103,83,0,0,103,83,20,100,43
5880,Jul 19 1998,COSAFA Cup in Mozambique,Mozambique,Angola,1324,1499,1,1,4,-4,1328,1495,124,78,1,-2,125,76,40,100,-75
5881,Jul 20 1998,Arab Nations Cup qualifier in Lebanon,Lebanon,Palestine,1361,1237,3,1,13,-13,1374,1224,110,152,3,-5,113,147,40,100,224
5882,Jul 20 1998,Friendly in Malawi,Malawi,Zimbabwe,1355,1490,0,0,1,-1,1356,1489,115,77,2,0,117,77,20,100,-35
5883,Jul 20 1998,Arab Nations Cup qualifier in Lebanon,Syria,Jordan,1455,1427,3,0,32,-32,1487,1395,69,108,10,-4,79,104,40,0,28
5884,Jul 22 1998,CONCACAF Ch q & Car Cup in Jamaica,Haiti,Netherlands Antilles,1383,1250,4,0,24,-24,1407,1226,97,155,6,-9,103,146,40,0,133
5885,Jul 22 1998,CONCACAF Ch q & Car Cup in Jamaica,Jamaica,Cayman Islands,1647,1104,4,0,2,-2,1649,1102,49,174,0,-1,49,173,20,0,543
5886,Jul 22 1998,CONCACAF Ch q & Car Cup in Trinidad and Tobago,Martinique,Dominica,1469,1221,5,1,15,-15,1484,1206,74,158,7,-5,81,153,40,0,248
5887,Jul 22 1998,Friendly in Senegal,Senegal,Cape Verde,1433,1246,1,0,3,-3,1436,1243,95,139,1,0,96,139,20,100,287
5888,Jul 22 1998,CONCACAF Ch q & Car Cup in Trinidad and Tobago,Trinidad and Tobago,Antigua and Barbuda,1441,1138,3,2,4,-4,1445,1134,92,167,0,-1,92,166,30,0,303
5889,Jul 23 1998,Arab Nations Cup qualifier in Lebanon,Lebanon,Jordan,1374,1395,0,2,-37,37,1337,1432,129,91,-8,7,121,98,40,100,79
5890,Jul 23 1998,Arab Nations Cup qualifier in Lebanon,Syria,Palestine,1487,1224,2,1,7,-7,1494,1217,75,149,2,-1,77,148,40,0,263
5891,Jul 24 1998,CONCACAF Ch q & Car Cup in Trinidad and Tobago,Antigua and Barbuda,Dominica,1134,1206,2,1,24,-24,1158,1182,162,167,2,-7,164,160,40,0,-72
5892,Jul 24 1998,Friendly in Burkina Faso,Burkina Faso,Niger,1392,1332,1,0,6,-6,1398,1326,106,128,0,-2,106,126,20,100,160
5893,Jul 24 1998,CONCACAF Ch q & Car Cup in Jamaica,Haiti,Cayman Islands,1407,1102,1,0,6,-6,1413,1096,104,177,0,-2,104,175,40,0,305
5894,Jul 24 1998,CONCACAF Ch q & Car Cup in Jamaica,Jamaica,Netherlands Antilles,1649,1226,3,2,2,-2,1651,1224,49,146,0,0,49,146,20,0,423
5895,Jul 24 1998,CONCACAF Ch q & Car Cup in Trinidad and Tobago,Trinidad and Tobago,Martinique,1445,1484,2,1,17,-17,1462,1467,86,95,3,-7,89,88,30,0,-39
5896,Jul 25 1998,Friendly in Burkina Faso,Ghana,Benin,1473,1207,1,0,4,-4,1477,1203,80,152,3,0,83,152,20,0,266
5897,Jul 26 1998,CONCACAF Ch q & Car Cup in Trinidad and Tobago,Antigua and Barbuda,Martinique,1158,1467,5,1,64,-64,1222,1403,130,120,17,-16,147,104,40,0,-309
5898,Jul 26 1998,CONCACAF Ch q & Car Cup in Jamaica,Cayman Islands,Netherlands Antilles,1096,1224,2,0,41,-41,1137,1183,157,174,9,-14,166,160,40,0,-128
5899,Jul 26 1998,CONCACAF Ch q & Car Cup in Jamaica,Jamaica,Haiti,1651,1413,2,1,5,-5,1656,1408,47,102,1,1,48,103,40,100,338
5900,Jul 26 1998,Arab Nations Cup qualifier in Lebanon,Jordan,Palestine,1432,1217,1,1,-11,11,1421,1228,100,142,-1,3,99,145,30,100,315
5901,Jul 26 1998,Arab Nations Cup qualifier in Lebanon,Lebanon,Syria,1337,1494,0,1,-17,17,1320,1511,133,67,-6,5,127,72,40,100,-57
5902,Jul 26 1998,Friendly in Niger,Niger,Ivory Coast,1326,1610,1,0,15,-15,1341,1595,112,61,7,-2,119,59,20,100,-184
5903,Jul 26 1998,Friendly in Senegal,Senegal,Mali,1436,1455,3,1,12,-12,1448,1443,86,93,5,-1,91,92,20,100,81
5904,Jul 26 1998,CONCACAF Ch q & Car Cup in Trinidad and Tobago,Trinidad and Tobago,Dominica,1462,1182,8,0,10,-10,1472,1172,87,162,1,-1,88,161,40,100,380
5905,Jul 29 1998,CONCACAF Ch q & Car Cup in Trinidad and Tobago,Jamaica,Antigua and Barbuda,1656,1222,1,0,3,-3,1659,1219,48,147,0,0,48,147,40,0,434
5906,Jul 29 1998,CONCACAF Ch q & Car Cup in Trinidad and Tobago,Trinidad and Tobago,Haiti,1472,1408,4,1,20,-20,1492,1388,68,113,10,-5,78,108,40,100,164
5907,Jul 30 1998,Micronesian Games in Palau,Guam,Northern Mariana Islands,650,600,2,1,17,-17,667,583,214,220,0,0,214,220,40,0,50
5908,Jul 31 1998,CONCACAF Ch q & Car Cup in Trinidad and Tobago,Haiti,Antigua and Barbuda,1388,1219,3,2,11,-11,1399,1208,102,155,3,-4,105,151,40,0,169
5909,Jul 31 1998,African Nations Cup qualifier in Kenya,Kenya,Djibouti,1475,891,3,0,1,-1,1476,890,84,199,1,0,85,199,20,0,584
5910,Jul 31 1998,African Nations Cup qualifier in Libya,Libya,Algeria,1458,1480,1,3,-37,37,1421,1517,107,58,-9,12,98,70,40,100,78
5911,Jul 31 1998,Micronesian Games in Palau,Palau,Northern Mariana Islands,500,583,1,12,-58,58,442,641,224,216,0,0,224,216,40,100,17
5912,Jul 31 1998,CONCACAF Ch q & Car Cup in Trinidad and Tobago,Trinidad and Tobago,Jamaica,1492,1659,1,2,-16,16,1476,1675,92,36,-7,6,85,42,40,100,-67
5913,Aug 1 1998,African Nations Cup qualifier in Namibia,Namibia,Malawi,1338,1356,2,1,15,-15,1353,1341,115,122,3,-3,118,119,40,100,82
5914,Aug 1 1998,Micronesian Games in Palau,Palau,Guam,442,667,2,15,-39,39,403,706,224,210,0,2,224,212,40,100,-125
5915,Aug 1 1998,African Nations Cup qualifier in Uganda,Uganda,Rwanda,1416,1114,5,0,7,-7,1423,1107,94,173,4,-1,98,172,40,100,402
5916,Aug 2 1998,African Nations Cup qualifier in Benin,Benin,Angola,1203,1495,2,1,30,-30,1233,1465,130,98,11,-10,141,88,40,100,-192
5917,Aug 2 1998,African Nations Cup qualifier in Botswana,Botswana,Mozambique,1009,1328,0,0,11,-11,1020,1317,183,130,2,-3,185,127,30,0,-319
5918,Aug 2 1998,African Nations Cup qualifier in Burundi,Burundi,Tanzania,1418,1290,1,0,8,-8,1426,1282,94,134,4,-1,98,133,40,100,228
5919,Aug 2 1998,African Nations Cup qualifier in Chad,Chad,Congo,1218,1474,1,1,8,-8,1226,1466,149,87,-1,0,148,87,40,100,-156
5920,Aug 2 1998,African Nations Cup qualifier in Equatorial Guinea,Equatorial Guinea,Gabon,1085,1440,0,2,-11,11,1074,1451,177,88,0,2,177,90,40,100,-255
5921,Aug 2 1998,African Nations Cup qualifier in Lesotho,Lesotho,Mauritius,1172,1151,1,1,-7,7,1165,1158,165,163,-2,1,163,164,40,100,121
5922,Aug 2 1998,African Nations Cup qualifier in Mali,Mali,Cape Verde,1443,1243,3,0,11,-11,1454,1232,87,147,2,-4,89,143,40,100,300
5923,Aug 2 1998,African Nations Cup qualifier in Niger,Niger,Liberia,1341,1356,2,1,15,-15,1356,1341,113,122,3,-3,116,119,40,100,85
5924,Aug 2 1998,African Nations Cup qualifier in Swaziland,Swaziland,Madagascar,1161,1473,1,2,-9,9,1152,1482,166,74,-1,7,165,81,40,100,-212
5925,Aug 2 1998,African Nations Cup qualifier in Gabon,Togo,São Tomé and Príncipe,1364,1049,4,0,11,-11,1375,1038,112,182,1,0,113,182,40,0,315
5926,Aug 3 1998,Micronesian Games in Palau,Northern Mariana Islands,Guam,641,706,3,0,41,-41,682,665,212,218,2,-3,214,215,40,0,-65
5927,Aug 7 1998,Indian Ocean Games in Réunion,Madagascar,Comoros,1482,870,3,0,2,-2,1484,868,81,201,0,0,81,201,30,0,612
5928,Aug 7 1998,Indian Ocean Games in Réunion,Réunion,Mauritius,1247,1158,4,0,14,-14,1261,1144,137,166,0,-1,137,165,20,0,89
5929,Aug 8 1998,COSAFA Cup in Zambia,Zambia,Namibia,1628,1353,1,1,-16,16,1612,1369,59,110,-3,4,56,114,40,100,375
5930,Aug 9 1998,Friendly in Benin,Benin,Niger,1233,1356,1,1,1,-1,1234,1355,141,119,0,-1,141,118,20,100,-23
5931,Aug 9 1998,Indian Ocean Games in Réunion,Seychelles,Comoros,938,868,3,0,21,-21,959,847,190,205,3,-2,193,203,30,0,70
5932,Aug 11 1998,Indian Ocean Games in Réunion,Madagascar,Seychelles,1484,959,5,2,2,-2,1486,957,79,193,1,0,80,193,20,0,525
5933,Aug 11 1998,Indian Ocean Games in Réunion,Réunion,Mauritius,1261,1144,1,0,7,-7,1268,1137,135,165,1,0,136,165,20,0,117
5934,Aug 12 1998,Friendly in Azerbaijan,Azerbaijan,Georgia,1368,1671,1,0,15,-15,1383,1656,105,52,5,-4,110,48,20,100,-203
5935,Aug 13 1998,Indian Ocean Games in Réunion,Madagascar,Mauritius,1486,1137,2,0,5,-5,1491,1132,76,169,2,-2,78,167,30,0,349
5936,Aug 13 1998,Indian Ocean Games in Réunion,Réunion,Seychelles,1268,957,2,0,4,-4,1272,953,136,197,0,-2,136,195,20,0,311
5937,Aug 14 1998,African Nations Cup qualifier in Algeria,Algeria,Libya,1517,1421,3,0,17,-17,1534,1404,66,104,2,-2,68,102,40,100,196
5938,Aug 15 1998,African Nations Cup qualifier in Kenya,Kenya,Djibouti,1476,890,9,1,2,-2,1478,888,81,199,2,0,83,199,20,0,586
5939,Aug 15 1998,African Nations Cup qualifier in Malawi,Malawi,Namibia,1341,1369,0,1,-24,24,1317,1393,135,99,-8,8,127,107,40,100,72
5940,Aug 15 1998,African Nations Cup qualifier in Mozambique,Mozambique,Botswana,1317,1020,2,1,4,-4,1321,1016,123,185,2,0,125,185,40,100,397
5941,Aug 15 1998,Indian Ocean Games in Réunion,Réunion,Madagascar,1272,1491,3,3,5,-5,1277,1486,132,82,2,-2,134,80,30,100,-119
5942,Aug 15 1998,Indian Ocean Games in Réunion,Seychelles,Mauritius,953,1132,4,3,22,-22,975,1110,189,173,3,-3,192,170,30,0,-179
5943,Aug 15 1998,African Nations Cup qualifier in Tanzania,Tanzania,Burundi,1282,1426,0,1,-17,17,1265,1443,139,90,-3,4,136,94,40,100,-44
5944,Aug 15 1998,Friendly in Thailand,Thailand,Uzbekistan,1428,1552,4,1,19,-19,1447,1533,89,71,4,-3,93,68,20,100,-24
5945,Aug 16 1998,African Nations Cup qualifier in Angola,Angola,Benin,1465,1234,2,0,8,-8,1473,1226,86,155,1,-7,87,148,40,100,331
5946,Aug 16 1998,African Nations Cup qualifier in Cape Verde,Cape Verde,Mali,1232,1454,0,0,7,-7,1239,1447,139,95,2,-3,141,92,40,100,-122
5947,Aug 16 1998,African Nations Cup qualifier in Congo,Congo,Chad,1466,1226,0,0,-15,15,1451,1241,91,132,-2,8,89,140,40,100,340
5948,Aug 16 1998,African Nations Cup qualifier in Gabon,Gabon,Equatorial Guinea,1451,1074,3,0,4,-4,1455,1070,86,179,2,-1,88,178,20,0,377
5949,Aug 16 1998,African Nations Cup qualifier in Liberia,Liberia,Niger,1341,1355,2,0,23,-23,1364,1332,113,126,3,-4,116,122,30,0,-14
5950,Aug 16 1998,Friendly in Lithuania,Lithuania,Moldova,1486,1384,1,1,-5,5,1481,1389,82,110,-1,0,81,110,20,100,202
5951,Aug 16 1998,African Nations Cup qualifier in Rwanda,Rwanda,Uganda,1107,1423,0,0,11,-11,1118,1412,166,103,3,-2,169,101,30,0,-316
5952,Aug 18 1998,Friendly in Armenia,Armenia,Lebanon,1364,1320,1,0,6,-6,1370,1314,116,128,0,-1,116,127,20,100,144
5953,Aug 18 1998,Friendly in Poland,Poland,Israel,1685,1682,2,0,11,-11,1696,1671,34,45,3,-2,37,43,20,100,103
5954,Aug 18 1998,African Nations Cup qualifier in Togo,Togo,São Tomé and Príncipe,1375,1038,2,0,4,-4,1379,1034,111,182,2,0,113,182,20,0,337
5955,Aug 19 1998,Friendly in Austria,Austria,France,1703,2088,2,2,7,-7,1710,2081,31,1,2,0,33,1,20,100,-285
5956,Aug 19 1998,European Championship qual in Bosnia and Herzegovina,Bosnia and Herzegovina,Faroe Islands,1626,1201,1,0,2,-2,1628,1199,53,155,0,0,53,155,20,0,425
5957,Aug 19 1998,Friendly in Cyprus,Cyprus,Albania,1477,1420,3,2,6,-6,1483,1414,80,100,2,0,82,100,20,100,157
5958,Aug 19 1998,Friendly in Czechia,Czechia,Denmark,1888,1881,1,0,7,-7,1895,1874,12,15,0,-1,12,14,20,100,107
5959,Aug 19 1998,Friendly in Hungary,Hungary,Slovenia,1643,1519,2,1,4,-4,1647,1515,48,72,1,-1,49,71,20,100,224
5960,Aug 19 1998,Friendly in Iceland,Iceland,Latvia,1480,1391,4,1,9,-9,1489,1382,74,116,4,-4,78,112,20,100,189
5961,Aug 19 1998,Friendly in Lithuania,Lithuania,Belarus,1481,1376,0,3,-27,27,1454,1403,95,91,-7,12,88,103,20,100,205
5962,Aug 19 1998,Friendly in Norway,Norway,Romania,1900,1879,0,0,-3,3,1897,1882,11,12,0,1,11,13,20,100,121
5963,Aug 19 1998,Friendly in Portugal,Portugal,Mozambique,1874,1321,2,1,0,0,1874,1321,13,125,1,0,14,125,20,100,653
5964,Aug 19 1998,Friendly in Slovakia,Slovakia,Finland,1735,1537,0,0,-7,7,1728,1544,28,66,0,0,28,66,20,100,298
5965,Aug 19 1998,Friendly in Sweden,Sweden,Russia,1841,1861,1,0,8,-8,1849,1853,18,17,0,0,18,17,20,100,80
5966,Aug 19 1998,Friendly in Ukraine,Ukraine,Georgia,1663,1656,4,0,13,-13,1676,1643,36,52,5,-2,41,50,20,100,107
5967,Aug 20 1998,Friendly in Estonia,Estonia,Moldova,1209,1389,0,1,-8,8,1201,1397,158,106,-4,2,154,108,20,100,-80
5968,Aug 23 1998,Friendly in Burkina Faso,Burkina Faso,Togo,1398,1379,1,1,-3,3,1395,1382,109,110,-1,2,108,112,20,100,119
5969,Aug 23 1998,African Nations Cup qualifier in Madagascar,Madagascar,Swaziland,1486,1152,1,1,-17,17,1469,1169,91,160,-5,2,86,162,40,100,434
5970,Aug 23 1998,African Nations Cup qualifier in Mauritius,Mauritius,Lesotho,1110,1165,3,1,26,-26,1136,1139,161,165,5,-1,166,164,30,0,-55
5971,Aug 26 1998,Southeast Asian Champ in Vietnam,Singapore,Malaysia,1243,1263,2,0,32,-32,1275,1231,133,151,3,-7,136,144,40,0,-20
5972,Aug 26 1998,Southeast Asian Champ in Vietnam,Vietnam,Laos,1188,997,4,1,11,-11,1199,986,152,192,3,-1,155,191,40,100,291
5973,Aug 27 1998,Southeast Asian Champ in Vietnam,Indonesia,Philippines,1337,724,3,0,2,-2,1339,722,120,209,0,0,120,209,40,0,613
5974,Aug 27 1998,Southeast Asian Champ in Vietnam,Myanmar,Thailand,1125,1447,1,1,15,-15,1140,1432,159,102,5,-5,164,97,40,0,-322
5975,Aug 28 1998,Southeast Asian Champ in Vietnam,Laos,Malaysia,986,1231,0,0,12,-12,998,1219,189,152,1,-4,190,148,40,0,-245
5976,Aug 28 1998,Southeast Asian Champ in Vietnam,Vietnam,Singapore,1199,1275,0,0,-1,1,1198,1276,157,136,-1,0,156,136,20,100,24
5977,Aug 29 1998,Southeast Asian Champ in Vietnam,Indonesia,Myanmar,1339,1140,6,2,18,-18,1357,1122,116,174,2,-5,118,169,40,0,199
5978,Aug 29 1998,Southeast Asian Champ in Vietnam,Thailand,Philippines,1432,722,3,1,1,-1,1433,721,97,209,0,0,97,209,30,0,710
5979,Aug 30 1998,COSAFA Cup in Angola,Angola,Zimbabwe,1473,1489,2,1,15,-15,1488,1474,73,92,6,-7,79,85,40,100,84
5980,Aug 30 1998,Friendly in Burkina Faso,Burkina Faso,Ivory Coast,1395,1595,1,1,3,-3,1398,1592,106,59,1,0,107,59,20,100,-100
5981,Aug 30 1998,Southeast Asian Champ in Vietnam,Singapore,Laos,1276,998,4,1,12,-12,1288,986,128,192,4,-1,132,191,40,0,278
5982,Aug 30 1998,Southeast Asian Champ in Vietnam,Vietnam,Malaysia,1198,1219,1,0,16,-16,1214,1203,142,156,7,-4,149,152,30,0,-21
5983,Aug 31 1998,Friendly in Burkina Faso,Burkina Faso,Senegal,1398,1448,1,1,-1,1,1397,1449,107,91,0,0,107,91,20,100,50
5984,Aug 31 1998,Southeast Asian Champ in Vietnam,Myanmar,Philippines,1122,721,5,2,6,-6,1128,715,169,209,0,0,169,209,40,0,401
5985,Aug 31 1998,Southeast Asian Champ in Vietnam,Thailand,Indonesia,1433,1357,3,2,16,-16,1449,1341,85,120,6,-1,91,119,40,0,76
5986,Sep 2 1998,Oce Cup q & Polynesian Cup in the Cook Islands,Cook Islands,Samoa,646,628,2,1,13,-13,659,615,216,219,0,-1,216,218,40,100,118
5987,Sep 2 1998,Friendly in Malta,Malta,Germany,1228,2013,1,2,0,0,1228,2013,145,4,0,0,145,4,20,0,-785
5988,Sep 2 1998,Friendly in Morocco,Morocco,Senegal,1792,1449,2,0,2,-2,1794,1447,22,93,0,-1,22,92,20,100,443
5989,Sep 2 1998,European Championship qual in Romania,Romania,Liechtenstein,1882,1050,7,0,0,0,1882,1050,13,181,0,0,13,181,20,0,832
5990,Sep 2 1998,Southeast Asian Champ in Vietnam,Singapore,Indonesia,1288,1341,2,1,23,-23,1311,1318,124,131,4,-6,128,125,40,0,-53
5991,Sep 2 1998,Oce Cup q & Polynesian Cup in the Cook Islands,Tonga,Eastern Samoa,707,535,3,0,19,-19,726,516,207,221,2,0,209,221,40,0,172
5992,Sep 2 1998,Friendly in Yugoslavia,Yugoslavia,Switzerland,1963,1675,1,1,-8,8,1955,1683,9,40,0,1,9,41,20,100,388
5993,Sep 3 1998,Oce Cup q & Polynesian Cup in the Cook Islands,Cook Islands,Eastern Samoa,659,516,4,3,8,-8,667,508,214,221,1,0,215,221,40,100,243
5994,Sep 3 1998,Oce Cup q & Polynesian Cup in the Cook Islands,Tahiti,Tonga,1437,726,5,0,1,-1,1438,725,92,209,2,0,94,209,20,0,711
5995,Sep 3 1998,Southeast Asian Champ in Vietnam,Vietnam,Thailand,1214,1449,3,0,48,-48,1262,1401,127,119,11,-14,138,105,40,100,-135
5996,Sep 5 1998,European Championship qual in Armenia,Armenia,Andorra,1370,1064,3,1,5,-5,1375,1059,116,179,0,0,116,179,40,100,406
5997,Sep 5 1998,European Championship qual in Austria,Austria,Israel,1710,1671,1,1,-8,8,1702,1679,39,44,-3,0,36,44,40,100,139
5998,Sep 5 1998,European Championship qual in Belarus,Belarus,Denmark,1403,1874,0,0,16,-16,1419,1858,96,20,3,-3,99,17,40,100,-371
5999,Sep 5 1998,European Championship qual in Bosnia and Herzegovina,Bosnia and Herzegovina,Estonia,1628,1201,1,1,-18,18,1610,1219,59,143,-3,6,56,149,40,100,527
6000,Sep 5 1998,Oce Cup q & Polynesian Cup in the Cook Islands,Cook Islands,Tonga,667,725,2,2,-2,2,665,727,215,209,0,0,215,209,30,100,42
6001,Sep 5 1998,European Championship qual in Cyprus,Cyprus,Spain,1483,1997,3,2,37,-37,1520,1960,59,6,11,0,70,6,40,100,-414
6002,Sep 5 1998,Oce Cup q & Melanesian Cup in Vanuatu,Fiji,New Caledonia,1382,1197,3,0,18,-18,1400,1179,98,163,7,-3,105,160,40,0,185
6003,Sep 5 1998,European Championship qual in Finland,Finland,Moldova,1544,1397,3,2,8,-8,1552,1389,64,115,1,-4,65,111,40,100,247
6004,Sep 5 1998,European Championship qual in Georgia,Georgia,Albania,1643,1414,1,0,5,-5,1648,1409,48,103,1,-2,49,101,40,100,329
6005,Sep 5 1998,Friendly in Malta,Germany,Romania,2013,1882,1,1,-4,4,2009,1886,4,13,0,0,4,13,20,0,131
6006,Sep 5 1998,European Championship qual in Iceland,Iceland,France,1489,2081,1,1,18,-18,1507,2063,72,1,3,0,75,1,40,100,-492
6007,Sep 5 1998,Southeast Asian Champ in Vietnam,Indonesia,Thailand,1318,1401,3,3,5,-5,1323,1396,125,111,0,-3,125,108,40,0,-83
6008,Sep 5 1998,European Championship qual in Ireland,Ireland,Croatia,1696,2006,2,0,46,-46,1742,1960,15,7,11,-1,26,6,40,100,-210
6009,Sep 5 1998,European Championship qual in England,Italy,Wales,2015,1571,2,0,4,-4,2019,1567,3,62,0,0,3,62,40,0,444
6010,Sep 5 1998,European Championship qual in Lithuania,Lithuania,Scotland,1454,1719,0,0,9,-9,1463,1710,86,36,1,-3,87,33,40,100,-165
6011,Sep 5 1998,European Championship qual in Slovakia,Slovakia,Azerbaijan,1728,1383,3,0,5,-5,1733,1378,30,119,-1,-4,29,115,40,100,445
6012,Sep 5 1998,Oce Cup q & Melanesian Cup in Vanuatu,Solomon Islands,Papua New Guinea,1340,1102,3,1,12,-12,1352,1090,119,176,0,-1,119,175,40,0,238
6013,Sep 5 1998,European Championship qual in Sweden,Sweden,England,1849,1968,2,1,21,-21,1870,1947,12,10,3,-1,15,9,40,100,-19
6014,Sep 5 1998,Oce Cup q & Polynesian Cup in the Cook Islands,Tahiti,Samoa,1438,615,5,1,1,-1,1439,614,94,218,0,0,94,218,40,0,823
6015,Sep 5 1998,European Championship qual in Turkey,Turkey,Northern Ireland,1661,1597,3,0,20,-20,1681,1577,39,64,4,-3,43,61,40,100,164
6016,Sep 5 1998,European Championship qual in Ukraine,Ukraine,Russia,1676,1853,3,2,24,-24,1700,1829,32,19,5,-1,37,18,40,100,-77
6017,Sep 5 1998,Southeast Asian Champ in Vietnam,Vietnam,Singapore,1262,1311,0,1,-23,23,1239,1334,142,112,-2,8,140,120,40,100,51
6018,Sep 6 1998,European Championship qual in Bulgaria,Bulgaria,Poland,1737,1696,0,3,-48,48,1689,1744,50,13,-11,13,39,26,40,100,141
6019,Sep 6 1998,European Championship qual in the Faroe Islands,Faroe Islands,Czechia,1199,1895,0,1,-1,1,1198,1896,156,10,0,1,156,11,20,100,-596
6020,Sep 6 1998,European Championship qual in Greece,Greece,Slovenia,1728,1515,2,2,-14,14,1714,1529,34,68,-2,2,32,70,40,100,313
6021,Sep 6 1998,European Championship qual in Hungary,Hungary,Portugal,1647,1874,1,3,-19,19,1628,1893,54,10,-2,2,52,12,40,100,-127
6022,Sep 6 1998,European Championship qual in Macedonia,Macedonia,Malta,1553,1228,4,0,6,-6,1559,1222,64,150,0,-2,64,148,40,100,425
6023,Sep 6 1998,European Championship qual in Norway,Norway,Latvia,1897,1382,1,3,-58,58,1839,1440,23,76,-6,18,17,94,40,100,615
6024,Sep 6 1998,Friendly in Swaziland,Swaziland,Ghana,1169,1477,0,1,-5,5,1164,1482,164,81,-1,1,163,82,20,100,-208
6025,Sep 6 1998,Friendly in Togo,Togo,Benin,1382,1226,0,1,-16,16,1366,1242,120,130,-4,9,116,139,20,100,256
6026,Sep 7 1998,Oce Cup q & Melanesian Cup in Vanuatu,Papua New Guinea,New Caledonia,1090,1179,1,0,25,-25,1115,1154,169,166,3,-3,172,163,40,0,-89
6027,Sep 7 1998,Oce Cup q & Polynesian Cup in the Cook Islands,Samoa,Tonga,614,727,2,0,39,-39,653,688,216,215,1,-3,217,212,40,0,-113
6028,Sep 7 1998,Oce Cup q & Polynesian Cup in the Cook Islands,Tahiti,Eastern Samoa,1439,508,12,0,1,-1,1440,507,93,221,1,0,94,221,40,0,931
6029,Sep 7 1998,Oce Cup q & Melanesian Cup in Vanuatu,Vanuatu,Fiji,1031,1400,1,2,-7,7,1024,1407,185,100,-1,3,184,103,40,100,-269
6030,Sep 8 1998,Oce Cup q & Polynesian Cup in the Cook Islands,Cook Islands,Tahiti,665,1440,0,5,-2,2,663,1442,219,94,-2,0,217,94,40,100,-675
6031,Sep 8 1998,Oce Cup q & Polynesian Cup in the Cook Islands,Samoa,Eastern Samoa,653,507,4,0,23,-23,676,484,213,225,2,-2,215,223,40,0,146
6032,Sep 8 1998,Oce Cup q & Melanesian Cup in Vanuatu,Solomon Islands,New Caledonia,1352,1154,3,2,10,-10,1362,1144,117,163,1,0,118,163,40,0,198
6033,Sep 8 1998,Oce Cup q & Melanesian Cup in Vanuatu,Vanuatu,Papua New Guinea,1024,1115,1,1,-1,1,1023,1116,184,170,0,1,184,171,40,100,9
6034,Sep 9 1998,Friendly in Kuwait,Kuwait,Lebanon,1614,1314,0,0,-8,8,1606,1322,60,124,-3,2,57,126,20,100,400
6035,Sep 10 1998,Oce Cup q & Melanesian Cup in Vanuatu,Fiji,Papua New Guinea,1407,1116,2,0,9,-9,1416,1107,99,175,2,-2,101,173,40,0,291
6036,Sep 10 1998,Oce Cup q & Melanesian Cup in Vanuatu,Vanuatu,Solomon Islands,1023,1362,3,1,48,-48,1071,1314,170,138,7,-10,177,128,40,100,-239
6037,Sep 11 1998,Friendly in Saudi Arabia,Saudi Arabia,Tanzania,1632,1265,8,0,3,-3,1635,1262,50,137,0,0,50,137,20,100,467
6038,Sep 12 1998,Oce Cup q & Melanesian Cup in Vanuatu,Fiji,Solomon Islands,1416,1314,1,1,-6,6,1410,1320,103,124,-1,2,102,126,40,0,102
6039,Sep 12 1998,COSAFA Cup in Namibia,Namibia,Mozambique,1393,1321,2,1,11,-11,1404,1310,98,130,6,-2,104,128,40,100,172
6040,Sep 12 1998,Friendly in Syria,Syria,Oman,1511,1280,3,0,5,-5,1516,1275,70,138,2,-2,72,136,20,100,331
6041,Sep 12 1998,Oce Cup q & Melanesian Cup in Vanuatu,Vanuatu,New Caledonia,1071,1144,3,2,18,-18,1089,1126,175,175,1,-6,176,169,30,0,-73
6042,Sep 13 1998,Friendly in Qatar,Bahrain,Libya,1324,1404,2,2,2,-2,1326,1402,123,110,0,-3,123,107,20,0,-80
6043,Sep 13 1998,Friendly in Kuwait,Kuwait,North Korea,1606,1497,4,0,9,-9,1615,1488,51,80,3,-1,54,79,20,100,209
6044,Sep 14 1998,Friendly in Saudi Arabia,Saudi Arabia,Sudan,1635,1403,2,1,3,-3,1638,1400,50,109,0,-2,50,107,20,100,332
6045,Sep 15 1998,Friendly in Syria,Syria,Oman,1516,1275,0,0,-8,8,1508,1283,76,132,-2,2,74,134,20,100,341
6046,Sep 16 1998,Friendly in Egypt,Egypt,Ivory Coast,1710,1592,0,0,-6,6,1704,1598,37,58,-2,0,35,58,20,100,218
6047,Sep 16 1998,Friendly in Qatar,Qatar,Sudan,1551,1400,1,1,-6,6,1545,1406,66,101,0,3,66,104,20,100,251
6048,Sep 16 1998,Friendly in the United Arab Emirates,United Arab Emirates,Libya,1584,1402,5,1,6,-6,1590,1396,58,112,1,-3,59,109,20,100,282
6049,Sep 17 1998,Friendly in Saudi Arabia,Saudi Arabia,Senegal,1638,1447,3,2,3,-3,1641,1444,50,93,0,-1,50,92,20,100,291
6050,Sep 18 1998,Friendly in Bahrain,Bahrain,Syria,1326,1508,2,0,18,-18,1344,1490,115,82,4,-4,119,78,20,100,-82
6051,Sep 19 1998,Friendly in the Solomon Islands,Solomon Islands,Papua New Guinea,1320,1107,2,1,3,-3,1323,1104,122,173,2,0,124,173,20,100,313
6052,Sep 20 1998,Friendly in Togo,Togo,Mali,1366,1447,0,1,-11,11,1355,1458,120,85,-2,3,118,88,20,100,19
6053,Sep 22 1998,Friendly in Oman,Oman,Zambia,1283,1612,2,0,24,-24,1307,1588,124,65,5,-5,129,60,20,100,-229
6054,Sep 22 1998,Arab Nations Cup in Qatar,Qatar,Libya,1545,1396,2,1,8,-8,1553,1388,64,115,1,-3,65,112,40,100,249
6055,Sep 23 1998,Friendly in Brazil,Brazil,Yugoslavia,2045,1955,1,1,-5,5,2040,1960,2,6,0,1,2,7,20,100,190
6056,Sep 23 1998,Friendly in Estonia,Estonia,Egypt,1219,1704,2,2,8,-8,1227,1696,147,41,1,-3,148,38,20,100,-385
6057,Sep 23 1998,Friendly in Spain,Spain,Russia,1960,1829,1,0,4,-4,1964,1825,6,18,0,0,6,18,20,100,231
6058,Sep 24 1998,Arab Nations Cup in Qatar,Jordan,Libya,1421,1388,2,1,18,-18,1439,1370,93,118,3,-3,96,115,40,0,33
6059,Sep 24 1998,Friendly in Oman,Oman,Zambia,1307,1588,1,1,5,-5,1312,1583,127,60,1,0,128,60,20,100,-181
6060,Sep 25 1998,Oceania Nations Cup in Australia,Australia,Fiji,1799,1410,3,1,4,-4,1803,1406,19,104,1,-1,20,103,30,0,389
6061,Sep 25 1998,Oceania Nations Cup in Australia,New Zealand,Tahiti,1436,1442,1,0,25,-25,1461,1417,78,106,10,-6,88,100,50,0,-6
6062,Sep 26 1998,Arab Nations Cup in Qatar,Kuwait,Syria,1615,1490,4,0,25,-25,1640,1465,48,94,3,-8,51,86,40,0,125
6063,Sep 26 1998,Arab Nations Cup in Qatar,Qatar,Jordan,1553,1439,2,0,14,-14,1567,1425,59,100,3,-2,62,98,40,100,214
6064,Sep 27 1998,Friendly in Mali,Mali,Burkina Faso,1458,1397,1,0,6,-6,1464,1391,83,108,3,0,86,108,20,100,161
6065,Sep 27 1998,Arab Nations Cup in Qatar,Saudi Arabia,Lebanon,1641,1322,4,1,10,-10,1651,1312,48,128,1,-1,49,127,40,0,319
6066,Sep 27 1998,Arab Nations Cup in Qatar,United Arab Emirates,Sudan,1590,1406,4,1,18,-18,1608,1388,56,119,1,-8,57,111,40,0,184
6067,Sep 27 1998,COSAFA Cup in Zimbabwe,Zimbabwe,Zambia,1474,1583,0,1,-19,19,1455,1602,94,56,-5,2,89,58,40,100,-9
6068,Sep 28 1998,Oceania Nations Cup in Australia,Australia,Cook Islands,1803,663,16,0,0,0,1803,663,20,217,0,0,20,217,20,0,1140
6069,Sep 28 1998,Oceania Nations Cup in Australia,New Zealand,Vanuatu,1461,1089,8,1,12,-12,1473,1077,80,178,4,-1,84,177,50,0,372
6070,Sep 29 1998,Friendly in Macedonia,Macedonia,Egypt,1559,1696,2,2,1,-1,1560,1695,65,38,0,0,65,38,20,100,-37
6071,Sep 29 1998,Arab Nations Cup in Qatar,Qatar,United Arab Emirates,1567,1608,2,1,17,-17,1584,1591,60,61,1,-2,61,59,30,0,-41
6072,Sep 29 1998,Arab Nations Cup in Qatar,Saudi Arabia,Kuwait,1651,1640,2,1,19,-19,1670,1621,43,55,3,-2,46,53,40,0,11
6073,Sep 30 1998,Oceania Nations Cup in Australia,Fiji,Cook Islands,1406,663,3,0,1,-1,1407,662,103,217,0,0,103,217,30,0,743
6074,Sep 30 1998,Oceania Nations Cup in Australia,Tahiti,Vanuatu,1417,1077,5,1,12,-12,1429,1065,96,181,2,-2,98,179,50,0,340
6075,Oct 1 1998,Arab Nations Cup in Qatar,Kuwait,United Arab Emirates,1621,1591,4,1,32,-32,1653,1559,47,69,3,-5,50,64,40,0,30
6076,Oct 1 1998,Arab Nations Cup in Qatar,Qatar,Saudi Arabia,1584,1670,1,3,-31,31,1553,1701,69,26,-4,10,65,36,40,100,14
6077,Oct 2 1998,Oceania Nations Cup in Australia,Australia,Tahiti,1803,1429,4,1,5,-5,1808,1424,20,102,0,-2,20,100,30,0,374
6078,Oct 2 1998,Oceania Nations Cup in Australia,New Zealand,Fiji,1473,1407,1,0,20,-20,1493,1387,72,119,6,-8,78,111,50,0,66
6079,Oct 2 1998,African Nations Cup qualifier in Uganda,Uganda,Algeria,1412,1534,2,1,21,-21,1433,1513,93,79,4,-6,97,73,40,100,-22
6080,Oct 3 1998,Friendly in Bahrain,Bahrain,Sudan,1344,1388,2,3,-12,12,1332,1400,123,98,-2,6,121,104,20,100,56
6081,Oct 3 1998,African Nations Cup qualifier in Kenya,Kenya,Madagascar,1478,1469,1,1,-6,6,1472,1475,89,83,-3,1,86,84,40,100,109
6082,Oct 3 1998,African Nations Cup qualifier in Morocco,Morocco,Sierra Leone,1794,1438,3,0,5,-5,1799,1433,22,96,0,0,22,96,40,100,456
6083,Oct 3 1998,African Nations Cup qualifier in Namibia,Namibia,Congo,1404,1451,0,1,-23,23,1381,1474,119,79,-8,6,111,85,40,100,53
6084,Oct 3 1998,African Nations Cup qualifier in South Africa,South Africa,Angola,1654,1488,1,0,7,-7,1661,1481,49,85,0,-3,49,82,40,100,266
6085,Oct 4 1998,Oceania Nations Cup in Australia,Australia,New Zealand,1808,1493,0,1,-46,46,1762,1539,24,56,-2,11,22,67,50,100,415
6086,Oct 4 1998,African Nations Cup qualifier in Burkina Faso,Burkina Faso,Nigeria,1391,1707,0,0,11,-11,1402,1696,101,42,3,-4,104,38,30,0,-316
6087,Oct 4 1998,African Nations Cup qualifier in Cameroon,Cameroon,Ghana,1610,1482,1,3,-47,47,1563,1529,67,59,-6,11,61,70,40,100,228
6088,Oct 4 1998,Oceania Nations Cup in Australia,Fiji,Tahiti,1387,1424,4,2,41,-41,1428,1383,88,122,11,-11,99,111,50,0,-37
6089,Oct 4 1998,African Nations Cup qualifier in Gabon,Gabon,Mauritius,1455,1136,2,0,5,-5,1460,1131,86,169,2,-2,88,167,40,100,419
6090,Oct 4 1998,African Nations Cup qualifier in Mali,Mali,Ivory Coast,1464,1598,0,1,-18,18,1446,1616,96,52,-4,3,92,55,40,100,-34
6091,Oct 4 1998,African Nations Cup qualifier in Mozambique,Mozambique,Eritrea,1310,1229,3,1,16,-16,1326,1213,119,154,5,-4,124,150,40,100,181
6092,Oct 4 1998,African Nations Cup qualifier in Togo,Togo,Guinea,1355,1488,2,0,33,-33,1388,1455,102,99,8,-10,110,89,40,100,-33
6093,Oct 4 1998,African Nations Cup qualifier in Tunisia,Tunisia,Liberia,1629,1364,2,1,4,-4,1633,1360,52,118,0,-1,52,117,20,0,265
6094,Oct 4 1998,African Nations Cup qualifier in Zambia,Zambia,DR Congo,1602,1502,1,1,-10,10,1592,1512,57,77,0,-1,57,76,40,100,200
6095,Oct 10 1998,European Championship qual in Andorra,Andorra,Ukraine,1059,1700,0,2,-3,3,1056,1703,180,38,0,-1,180,37,40,100,-541
6096,Oct 10 1998,European Championship qual in Armenia,Armenia,Iceland,1375,1507,0,0,2,-2,1377,1505,113,75,1,1,114,76,40,100,-32
6097,Oct 10 1998,European Championship qual in Azerbaijan,Azerbaijan,Hungary,1378,1628,0,4,-22,22,1356,1650,120,49,-3,2,117,51,40,100,-150
6098,Oct 10 1998,European Championship qual in Bosnia and Herzegovina,Bosnia and Herzegovina,Czechia,1610,1896,1,3,-15,15,1595,1911,58,13,-1,-1,57,12,40,100,-186
6099,Oct 10 1998,European Championship qual in Cyprus,Cyprus,Austria,1520,1702,0,3,-27,27,1493,1729,86,26,-7,4,79,30,40,100,-82
6100,Oct 10 1998,European Championship qual in Denmark,Denmark,Wales,1858,1567,1,2,-36,36,1822,1603,20,52,-2,4,18,56,40,100,391
6101,Oct 10 1998,European Championship qual in England,England,Bulgaria,1947,1689,0,0,-15,15,1932,1704,9,32,0,4,9,36,40,100,358
6102,Oct 10 1998,European Championship qual in Italy,Italy,Switzerland,2019,1683,2,0,5,-5,2024,1678,3,47,0,-2,3,45,40,100,436
6103,Oct 10 1998,European Championship qual in Latvia,Latvia,Georgia,1440,1648,1,0,26,-26,1466,1622,77,55,9,-2,86,53,40,100,-108
6104,Oct 10 1998,European Championship qual in Liechtenstein,Liechtenstein,Slovakia,1050,1733,0,4,-3,3,1047,1736,182,29,0,0,182,29,40,100,-583
6105,Oct 10 1998,European Championship qual in Lithuania,Lithuania,Faroe Islands,1463,1198,0,0,-16,16,1447,1214,97,144,-5,6,92,150,40,100,365
6106,Oct 10 1998,European Championship qual in Malta,Malta,Croatia,1222,1960,1,4,-2,2,1220,1962,148,7,0,0,148,7,40,100,-638
6107,Oct 10 1998,Friendly in the Netherlands,Netherlands,Peru,1996,1717,2,0,3,-3,1999,1714,3,34,1,-2,4,32,20,100,379
6108,Oct 10 1998,European Championship qual in Northern Ireland,Northern Ireland,Finland,1577,1552,1,0,13,-13,1590,1539,59,66,0,0,59,66,40,100,125
6109,Oct 10 1998,European Championship qual in Poland,Poland,Luxembourg,1744,1202,3,0,2,-2,1746,1200,26,157,0,-1,26,156,30,0,542
6110,Oct 10 1998,European Championship qual in Portugal,Portugal,Romania,1893,1886,0,1,-26,26,1867,1912,18,9,-3,2,15,11,40,100,107
6111,Oct 10 1998,European Championship qual in Russia,Russia,France,1825,2063,2,3,-12,12,1813,2075,20,1,-1,0,19,1,40,100,-138
6112,Oct 10 1998,European Championship qual in San Marino,San Marino,Israel,953,1679,0,5,-2,2,951,1681,196,43,0,1,196,44,30,100,-626
6113,Oct 10 1998,European Championship qual in Scotland,Scotland,Estonia,1710,1227,3,2,1,-1,1711,1226,37,147,-2,0,35,147,20,0,483
6114,Oct 10 1998,European Championship qual in Slovenia,Slovenia,Norway,1529,1839,1,2,-9,9,1520,1848,72,15,-1,1,71,16,40,100,-210
6115,Oct 10 1998,European Championship qual in Turkey,Turkey,Germany,1681,2009,1,0,32,-32,1713,1977,24,6,10,-1,34,5,40,100,-228
6116,Oct 13 1998,Friendly in Kuwait,Kuwait,Iran,1653,1670,3,0,13,-13,1666,1657,44,53,3,-3,47,50,20,100,83
6117,Oct 13 1998,Friendly in the Netherlands,Netherlands,Ghana,1999,1529,0,0,-9,9,1990,1538,4,66,0,2,4,68,20,0,470
6118,Oct 14 1998,Friendly in the United States,Brazil,Ecuador,2040,1756,5,1,6,-6,2046,1750,2,26,0,-1,2,25,20,0,284
6119,Oct 14 1998,European Championship qual in Bulgaria,Bulgaria,Sweden,1704,1870,0,1,-16,16,1688,1886,46,15,-5,-1,41,14,40,100,-66
6120,Oct 14 1998,European Championship qual in Croatia,Croatia,Macedonia,1962,1560,3,2,2,-2,1964,1558,7,67,0,-2,7,65,20,0,402
6121,Oct 14 1998,European Championship qual in Czechia,Czechia,Estonia,1911,1226,4,1,1,-1,1912,1225,10,147,1,0,11,147,20,0,685
6122,Oct 14 1998,European Championship qual in France,France,Andorra,2075,1056,2,0,0,0,2075,1056,1,182,0,-1,1,181,20,0,1019
6123,Oct 14 1998,European Championship qual in Greece,Greece,Georgia,1714,1622,3,0,17,-17,1731,1605,26,59,3,-3,29,56,40,100,192
6124,Oct 14 1998,European Championship qual in Hungary,Hungary,Romania,1650,1912,1,1,9,-9,1659,1903,49,13,1,-1,50,12,40,100,-162
6125,Oct 14 1998,European Championship qual in Iceland,Iceland,Russia,1505,1813,1,0,31,-31,1536,1782,62,23,7,-2,69,21,40,100,-208
6126,Oct 14 1998,European Championship qual in Ireland,Ireland,Malta,1742,1220,5,0,2,-2,1744,1218,27,148,0,0,27,148,20,0,522
6127,Oct 14 1998,European Championship qual in Israel,Israel,Spain,1681,1964,1,2,-10,10,1671,1974,46,6,-1,0,45,6,40,100,-183
6128,Oct 14 1998,European Championship qual in Liechtenstein,Liechtenstein,Azerbaijan,1047,1356,2,1,31,-31,1078,1325,172,131,5,-7,177,124,40,100,-209
6129,Oct 14 1998,European Championship qual in Lithuania,Lithuania,Bosnia and Herzegovina,1447,1595,4,2,34,-34,1481,1561,70,69,11,-6,81,63,40,100,-48
6130,Oct 14 1998,European Championship qual in Luxembourg,Luxembourg,England,1200,1932,0,3,-2,2,1198,1934,156,9,0,0,156,9,40,100,-632
6131,Oct 14 1998,European Championship qual in Moldova,Moldova,Germany,1389,1977,1,3,-3,3,1386,1980,111,5,-1,0,110,5,30,100,-488
6132,Oct 14 1998,European Championship qual in Norway,Norway,Albania,1848,1409,2,2,-18,18,1830,1427,16,98,0,2,16,100,40,100,539
6133,Oct 14 1998,European Championship qual in San Marino,San Marino,Austria,951,1729,1,4,-1,1,950,1730,196,30,0,0,196,30,20,100,-678
6134,Oct 14 1998,European Championship qual in Scotland,Scotland,Faroe Islands,1711,1214,2,1,1,-1,1712,1213,31,150,2,0,33,150,20,0,497
6135,Oct 14 1998,European Championship qual in Slovakia,Slovakia,Portugal,1736,1867,0,3,-32,32,1704,1899,41,11,-6,2,35,13,40,100,-31
6136,Oct 14 1998,European Championship qual in Slovenia,Slovenia,Latvia,1520,1466,1,0,12,-12,1532,1454,73,96,-1,-5,72,91,40,100,154
6137,Oct 14 1998,European Championship qual in Switzerland,Switzerland,Denmark,1678,1822,1,1,3,-3,1681,1819,41,18,2,0,43,18,40,100,-44
6138,Oct 14 1998,European Championship qual in Turkey,Turkey,Finland,1713,1539,1,3,-50,50,1663,1589,62,54,-14,6,48,60,40,100,274
6139,Oct 14 1998,European Championship qual in Ukraine,Ukraine,Armenia,1703,1377,2,0,5,-5,1708,1372,31,114,3,0,34,114,40,100,426
6140,Oct 14 1998,European Championship qual in Wales,Wales,Belarus,1603,1419,3,2,7,-7,1610,1412,54,103,1,-1,55,102,40,100,284
6141,Oct 17 1998,Friendly tournament in the United Arab Emirates,Lebanon,Syria,1312,1465,3,3,6,-6,1318,1459,126,89,1,-1,127,88,30,0,-153
6142,Oct 17 1998,Friendly in Qatar,Qatar,Burkina Faso,1553,1402,2,2,-6,6,1547,1408,66,102,0,1,66,103,20,100,251
6143,Oct 17 1998,Friendly tournament in the United Arab Emirates,United Arab Emirates,Sudan,1559,1400,2,1,6,-6,1565,1394,58,109,3,-2,61,107,20,0,159
6144,Oct 19 1998,Friendly tournament in the United Arab Emirates,Lebanon,Sudan,1318,1394,1,1,3,-3,1321,1391,129,107,-1,0,128,107,30,0,-76
6145,Oct 19 1998,Friendly in Oman,Oman,Burkina Faso,1312,1408,4,2,15,-15,1327,1393,117,109,6,-3,123,106,20,100,4
6146,Oct 19 1998,Friendly tournament in the United Arab Emirates,United Arab Emirates,Syria,1565,1459,1,0,7,-7,1572,1452,61,94,0,-3,61,91,20,0,106
6147,Oct 21 1998,Friendly in Oman,Oman,Burkina Faso,1327,1393,0,0,-1,1,1326,1394,123,106,0,0,123,106,20,100,34
6148,Oct 21 1998,Friendly tournament in the United Arab Emirates,Syria,Sudan,1452,1391,3,2,12,-12,1464,1379,83,117,4,-5,87,112,30,0,61
6149,Oct 21 1998,Friendly tournament in the United Arab Emirates,United Arab Emirates,Lebanon,1572,1321,1,0,4,-4,1576,1317,61,128,0,0,61,128,20,0,251
6150,Oct 23 1998,Friendly in Bahrain,Bahrain,Burkina Faso,1332,1394,2,1,9,-9,1341,1385,116,112,2,-3,118,109,20,100,38
6151,Oct 27 1998,Friendly in Cyprus,Cyprus,Kuwait,1493,1666,5,3,18,-18,1511,1648,75,56,2,-5,77,51,20,100,-73
6152,Oct 28 1998,Friendly in Japan,Japan,Egypt,1665,1695,1,0,8,-8,1673,1687,44,43,1,-2,45,41,20,100,70
6153,Oct 30 1998,Gulf Cup in Bahrain,Bahrain,United Arab Emirates,1341,1576,0,1,-13,13,1328,1589,124,59,-3,1,121,60,40,100,-135
6154,Oct 31 1998,Gulf Cup in Bahrain,Oman,Qatar,1326,1547,2,1,31,-31,1357,1516,111,78,6,-6,117,72,40,0,-221
6155,Oct 31 1998,Gulf Cup in Bahrain,Saudi Arabia,Kuwait,1701,1648,2,1,17,-17,1718,1631,26,53,5,-1,31,52,40,0,53
6156,Nov 2 1998,Gulf Cup in Bahrain,Bahrain,Saudi Arabia,1328,1718,1,1,14,-14,1342,1704,116,39,3,-4,119,35,40,100,-290
6157,Nov 2 1998,Gulf Cup in Bahrain,Kuwait,Qatar,1631,1516,6,2,26,-26,1657,1490,48,86,2,-7,50,79,40,0,115
6158,Nov 3 1998,Gulf Cup in Bahrain,United Arab Emirates,Oman,1589,1357,3,2,8,-8,1597,1349,54,119,3,-1,57,118,40,0,232
6159,Nov 4 1998,Friendly in Bulgaria,Bulgaria,Algeria,1688,1513,0,0,-7,7,1681,1520,44,70,-2,2,42,72,20,100,275
6160,Nov 5 1998,Gulf Cup in Bahrain,Qatar,United Arab Emirates,1490,1597,0,0,6,-6,1496,1591,79,59,0,-1,79,58,40,0,-107
6161,Nov 5 1998,Gulf Cup in Bahrain,Saudi Arabia,Oman,1704,1349,1,0,5,-5,1709,1344,33,118,1,0,34,118,40,0,355
6162,Nov 6 1998,Gulf Cup in Bahrain,Bahrain,Kuwait,1342,1657,0,2,-13,13,1329,1670,125,44,-3,3,122,47,40,100,-215
6163,Nov 6 1998,Friendly in the United States,United States,Australia,1697,1762,0,0,-1,1,1696,1763,37,22,0,0,37,22,20,100,35
6164,Nov 7 1998,Friendly in Tunisia,Tunisia,Zimbabwe,1633,1455,1,1,-7,7,1626,1462,52,87,0,1,52,88,20,100,278
6165,Nov 8 1998,Gulf Cup in Bahrain,Bahrain,Qatar,1329,1496,0,0,4,-4,1333,1492,118,79,2,0,120,79,20,0,-167
6166,Nov 8 1998,Gulf Cup in Bahrain,Saudi Arabia,United Arab Emirates,1709,1591,1,0,13,-13,1722,1578,28,64,3,-3,31,61,40,0,118
6167,Nov 9 1998,Gulf Cup in Bahrain,Kuwait,Oman,1670,1344,5,0,11,-11,1681,1333,37,120,5,-1,42,119,40,0,326
6168,Nov 10 1998,Friendly in Slovakia,Slovakia,Poland,1704,1746,1,3,-17,17,1687,1763,42,18,-3,4,39,22,20,100,58
6169,Nov 10 1998,Friendly in Tunisia,Tunisia,Latvia,1626,1454,3,0,6,-6,1632,1448,52,93,0,-1,52,92,20,100,272
6170,Nov 11 1998,Gulf Cup in Bahrain,Qatar,Saudi Arabia,1492,1722,0,0,12,-12,1504,1710,75,37,2,-3,77,34,40,0,-230
6171,Nov 12 1998,Gulf Cup in Bahrain,Bahrain,Oman,1333,1333,2,2,-6,6,1327,1339,127,117,-4,1,123,118,40,100,100
6172,Nov 12 1998,Gulf Cup in Bahrain,Kuwait,United Arab Emirates,1681,1578,4,1,25,-25,1706,1553,30,69,6,-4,36,65,40,0,103
6173,Nov 15 1998,Friendly tournament in Sri Lanka,Sri Lanka,Maldives,955,781,2,2,-10,10,945,791,198,204,-2,0,196,204,30,100,274
6174,Nov 16 1998,Friendly in India,India,Uzbekistan,1108,1533,0,0,7,-7,1115,1526,172,73,0,-2,172,71,20,100,-325
6175,Nov 17 1998,Friendly tournament in the United States,Guatemala,Honduras,1562,1515,3,3,-2,2,1560,1517,64,72,-1,1,63,73,30,0,47
6176,Nov 17 1998,Friendly tournament in the United States,Mexico,El Salvador,1870,1500,2,0,5,-5,1875,1495,15,80,0,-1,15,79,30,0,370
6177,Nov 18 1998,European Championship qual in Albania,Albania,Greece,1427,1731,0,0,11,-11,1438,1720,92,31,4,-1,96,30,30,0,-304
6178,Nov 18 1998,Friendly in Brazil,Brazil,Russia,2046,1782,5,1,4,-4,2050,1778,2,21,0,0,2,21,20,100,364
6179,Nov 18 1998,Friendly in Egypt,Egypt,Norway,1687,1830,1,1,1,-1,1688,1829,40,16,0,0,40,16,20,100,-43
6180,Nov 18 1998,Friendly in England,England,Czechia,1934,1912,2,0,10,-10,1944,1902,9,15,0,-2,9,13,20,100,122
6181,Nov 18 1998,Friendly in Georgia,Georgia,Estonia,1605,1225,3,1,2,-2,1607,1223,56,147,0,0,56,147,20,100,480
6182,Nov 18 1998,Friendly in Germany,Germany,Netherlands,1980,1990,1,1,-3,3,1977,1993,7,4,-1,0,6,4,20,100,90
6183,Nov 18 1998,Friendly tournament in the United States,Guatemala,Mexico,1560,1875,2,2,11,-11,1571,1864,59,15,2,0,61,15,30,0,-315
6184,Nov 18 1998,Friendly tournament in the United States,Honduras,El Salvador,1517,1495,2,1,14,-14,1531,1481,69,81,2,-1,71,80,30,0,22
6185,Nov 18 1998,Friendly in Hungary,Hungary,Switzerland,1659,1681,2,0,12,-12,1671,1669,42,51,4,-4,46,47,20,100,78
6186,Nov 18 1998,Friendly in Italy,Italy,Spain,2024,1974,2,2,-4,4,2020,1978,3,4,0,1,3,5,20,100,150
6187,Nov 18 1998,Friendly in Lebanon,Lebanon,Iraq,1317,1590,0,2,-8,8,1309,1598,130,56,-1,1,129,57,20,100,-173
6188,Nov 18 1998,Friendly in Luxembourg,Luxembourg,Belgium,1198,1824,0,0,9,-9,1207,1815,152,19,2,-1,154,18,20,0,-626
6189,Nov 18 1998,European Championship qual in Malta,Malta,Macedonia,1218,1558,1,2,-8,8,1210,1566,154,60,-3,2,151,62,40,100,-240
6190,Nov 18 1998,European Championship qual in Northern Ireland,Northern Ireland,Moldova,1590,1386,2,2,-14,14,1576,1400,62,100,-2,4,60,104,40,100,304
6191,Nov 18 1998,Friendly in Portugal,Portugal,Israel,1899,1671,2,0,4,-4,1903,1667,9,49,2,-1,11,48,20,100,328
6192,Nov 18 1998,European Championship qual in San Marino,San Marino,Cyprus,950,1511,0,1,-3,3,947,1514,195,74,0,1,195,75,40,100,-461
6193,Nov 18 1998,European Championship qual in Yugoslavia,Yugoslavia,Ireland,1960,1744,1,0,6,-6,1966,1738,6,27,1,0,7,27,40,100,316
6194,Nov 19 1998,Friendly in Hong Kong,Hong Kong,Vietnam,1216,1239,1,1,-2,2,1214,1241,148,139,0,1,148,140,20,100,77
6195,Nov 19 1998,Friendly in India,India,Uzbekistan,1115,1526,0,4,-5,5,1110,1531,172,70,0,1,172,71,20,100,-311
6196,Nov 21 1998,Friendly in Armenia,Armenia,Estonia,1372,1223,2,1,4,-4,1376,1219,114,147,0,0,114,147,20,100,249
6197,Nov 21 1998,Friendly in Thailand,Thailand,Turkmenistan,1396,1379,3,3,-3,3,1393,1382,106,110,0,1,106,111,20,100,117
6198,Nov 22 1998,Friendly in China,China,South Korea,1687,1715,0,0,-2,2,1685,1717,43,31,-1,0,42,31,20,100,72
6199,Nov 24 1998,Friendly in Thailand,Thailand,Qatar,1393,1504,0,0,0,0,1393,1504,106,77,0,0,106,77,20,100,-11
6200,Nov 25 1998,Friendly in Singapore,Singapore,United Arab Emirates,1334,1553,0,4,-13,13,1321,1566,135,59,-8,3,127,62,20,100,-119
6201,Nov 27 1998,Friendly in Thailand,Thailand,Nepal,1393,753,2,0,0,0,1393,753,106,207,0,0,106,207,20,100,740
6202,Nov 28 1998,Friendly in Azerbaijan,Azerbaijan,Estonia,1325,1219,2,1,5,-5,1330,1214,118,147,3,0,121,147,20,100,206
6203,Nov 30 1998,Asian Games in Thailand,China,Lebanon,1685,1309,4,1,7,-7,1692,1302,36,133,3,-2,39,131,40,0,376
6204,Nov 30 1998,Asian Games in Thailand,Oman,Hong Kong,1339,1214,6,0,28,-28,1367,1186,114,169,2,-11,116,158,40,0,125
6205,Nov 30 1998,Asian Games in Thailand,Turkmenistan,Vietnam,1382,1241,2,0,18,-18,1400,1223,97,152,7,-6,104,146,40,0,141
6206,Dec 1 1998,Asian Games in Thailand,Iran,Kazakhstan,1657,1516,2,0,18,-18,1675,1498,37,80,7,-3,44,77,40,0,141
6207,Dec 1 1998,Asian Games in Thailand,Kuwait,Mongolia,1706,896,11,0,1,-1,1707,895,36,198,0,0,36,198,20,0,810
6208,Dec 1 1998,Asian Games in Thailand,Tajikistan,Maldives,1497,791,3,0,1,-1,1498,790,76,204,1,0,77,204,20,0,706
6209,Dec 2 1998,Asian Games in Thailand,China,Cambodia,1692,1011,4,1,1,-1,1693,1010,37,188,1,-1,38,187,20,0,681
6210,Dec 2 1998,Asian Games in Thailand,North Korea,United Arab Emirates,1488,1566,3,3,4,-4,1492,1562,79,66,0,-2,79,64,40,0,-78
6211,Dec 2 1998,Asian Games in Thailand,Thailand,Hong Kong,1393,1186,5,0,12,-12,1405,1174,101,160,3,-1,104,159,40,100,307
6212,Dec 2 1998,Asian Games in Thailand,Turkmenistan,South Korea,1400,1717,3,2,34,-34,1434,1683,90,53,7,-11,97,42,40,0,-317
6213,Dec 3 1998,Asian Games in Thailand,Kazakhstan,Laos,1498,986,5,0,4,-4,1502,982,77,191,0,0,77,191,40,0,512
6214,Dec 3 1998,Asian Games in Thailand,Kuwait,Uzbekistan,1707,1531,3,3,-9,9,1698,1540,35,63,0,4,35,67,40,0,176
6215,Dec 3 1998,Friendly in Mali,Mali,Ghana,1446,1538,0,2,-15,15,1431,1553,107,65,-7,1,100,66,20,100,8
6216,Dec 3 1998,Asian Games in Thailand,Qatar,Tajikistan,1504,1498,2,1,20,-20,1524,1478,70,87,3,-5,73,82,40,0,6
6217,Dec 4 1998,Asian Games in Thailand,Lebanon,Cambodia,1302,1010,5,1,12,-12,1314,998,127,191,2,-2,129,189,40,0,292
6218,Dec 4 1998,Asian Games in Thailand,South Korea,Vietnam,1683,1223,4,0,5,-5,1688,1218,38,146,2,0,40,146,40,0,460
6219,Dec 4 1998,Asian Games in Thailand,Thailand,Oman,1405,1367,2,0,19,-19,1424,1348,102,120,1,-2,103,118,40,100,138
6220,Dec 5 1998,Asian Games in Thailand,India,Nepal,1110,753,1,0,5,-5,1115,748,172,209,0,-1,172,208,40,0,357
6221,Dec 5 1998,Asian Games in Thailand,Iran,Laos,1675,982,6,1,1,-1,1676,981,44,191,0,0,44,191,20,0,693
6222,Dec 5 1998,Asian Games in Thailand,Qatar,Maldives,1524,790,4,0,1,-1,1525,789,73,204,0,0,73,204,20,0,734
6223,Dec 5 1998,Leeward Islands Champ in Sint Maarten,Sint Maarten,Antigua and Barbuda,954,1208,0,2,-13,13,941,1221,198,140,-2,6,196,146,30,100,-154
6224,Dec 5 1998,Asian Games in Thailand,Uzbekistan,Mongolia,1540,895,15,0,3,-3,1543,892,67,198,0,0,67,198,40,0,645
6225,Dec 6 1998,Friendly in the British Virgin Islands,British Virgin Islands,St Vincent & Grenadines,778,1233,0,5,-5,5,773,1238,205,141,0,1,205,142,20,100,-355
6226,Dec 6 1998,Leeward Islands Champ in Sint Maarten,Saint Kitts,Antigua and Barbuda,1246,1221,3,1,21,-21,1267,1200,136,164,1,-9,137,155,30,0,25
6227,Dec 7 1998,Asian Games in Thailand,Kuwait,United Arab Emirates,1698,1562,5,0,25,-25,1723,1537,25,72,5,-4,30,68,40,0,136
6228,Dec 7 1998,Asian Games in Thailand,Turkmenistan,India,1434,1115,3,2,5,-5,1439,1110,94,172,1,0,95,172,40,0,319
6229,Dec 7 1998,Asian Games in Thailand,Uzbekistan,North Korea,1543,1492,4,0,32,-32,1575,1460,55,98,6,-10,61,88,40,0,51
6230,Dec 8 1998,Asian Games in Thailand,China,Tajikistan,1693,1478,3,1,13,-13,1706,1465,34,89,2,-4,36,85,40,0,215
6231,Dec 8 1998,Asian Games in Thailand,Oman,Iran,1348,1676,4,2,52,-52,1400,1624,94,60,12,-8,106,52,40,0,-328
6232,Dec 8 1998,Asian Games in Thailand,Qatar,Lebanon,1525,1314,1,0,9,-9,1534,1305,67,129,3,0,70,129,40,0,211
6233,Dec 8 1998,Asian Games in Thailand,Thailand,Kazakhstan,1424,1502,1,1,-1,1,1423,1503,103,77,0,0,103,77,20,100,22
6234,Dec 9 1998,Asian Games in Thailand,Japan,Kuwait,1673,1723,2,1,23,-23,1696,1700,31,42,7,-6,38,36,40,0,-50
6235,Dec 9 1998,Asian Games in Thailand,North Korea,Turkmenistan,1460,1439,1,1,-1,1,1459,1440,90,95,-1,0,89,95,20,0,21
6236,Dec 9 1998,Asian Games in Thailand,South Korea,United Arab Emirates,1688,1537,2,1,12,-12,1700,1525,32,78,4,-5,36,73,40,0,151
6237,Dec 9 1998,Asian Games in Thailand,Uzbekistan,India,1575,1110,2,0,4,-4,1579,1106,59,172,1,0,60,172,40,0,465
6238,Dec 10 1998,Asian Games in Thailand,China,Oman,1706,1400,6,1,12,-12,1718,1388,27,112,4,-3,31,109,40,0,306
6239,Dec 10 1998,Asian Games in Thailand,Iran,Tajikistan,1624,1465,5,0,23,-23,1647,1442,50,103,1,-9,51,94,40,0,159
6240,Dec 10 1998,Asian Games in Thailand,Kazakhstan,Qatar,1503,1534,2,0,33,-33,1536,1501,59,85,9,-8,68,77,40,0,-31
6241,Dec 10 1998,Asian Games in Thailand,Thailand,Lebanon,1423,1305,1,0,9,-9,1432,1296,95,135,4,-3,99,132,40,100,218
6242,Dec 11 1998,Asian Games in Thailand,North Korea,India,1459,1106,2,0,7,-7,1466,1099,82,178,3,-3,85,175,40,0,353
6243,Dec 11 1998,Asian Games in Thailand,South Korea,Kuwait,1700,1700,1,0,20,-20,1720,1680,24,52,6,-8,30,44,40,0,0
6244,Dec 11 1998,Asian Games in Thailand,Turkmenistan,Uzbekistan,1440,1579,1,1,8,-8,1448,1571,87,62,4,-1,91,61,40,0,-139
6245,Dec 12 1998,Asian Games in Thailand,Iran,China,1647,1718,2,1,24,-24,1671,1694,41,46,5,-7,46,39,40,0,-71
6246,Dec 12 1998,Asian Games in Thailand,Lebanon,Kazakhstan,1296,1536,3,0,56,-56,1352,1480,106,92,13,-12,119,80,40,0,-240
6247,Dec 12 1998,Asian Games in Thailand,Oman,Tajikistan,1388,1442,3,3,3,-3,1391,1439,107,95,1,0,108,95,40,0,-54
6248,Dec 12 1998,Asian Games in Thailand,Thailand,Qatar,1432,1501,1,2,-22,22,1410,1523,109,69,-5,4,104,73,40,100,31
6249,Dec 13 1998,African Nations Cup qualifier in Burundi,Burundi,Senegal,1443,1444,1,0,14,-14,1457,1430,84,107,5,-7,89,100,40,100,99
6250,Dec 14 1998,Asian Games in Thailand,China,Turkmenistan,1694,1448,3,0,14,-14,1708,1434,29,100,5,-4,34,96,40,0,246
6251,Dec 14 1998,Asian Games in Thailand,Iran,Uzbekistan,1671,1571,4,0,27,-27,1698,1544,26,71,10,-5,36,66,40,0,100
6252,Dec 14 1998,Asian Games in Thailand,Kuwait,Qatar,1680,1523,0,0,-8,8,1672,1531,48,69,-2,2,46,71,40,0,157
6253,Dec 14 1998,Asian Games in Thailand,Thailand,South Korea,1410,1720,2,1,31,-31,1441,1689,82,50,11,-10,93,40,40,100,-210
6254,Dec 16 1998,Asian Games in Thailand,Iran,China,1698,1708,1,0,21,-21,1719,1687,26,50,5,-8,31,42,40,0,-10
6255,Dec 16 1998,Friendly tournament in South Africa,South Africa,Egypt,1661,1688,2,1,12,-12,1673,1676,43,48,4,-3,47,45,30,100,73
6256,Dec 16 1998,Asian Games in Thailand,Thailand,Kuwait,1441,1672,0,3,-22,22,1419,1694,113,32,-10,7,103,39,40,100,-131
6257,Dec 19 1998,Asian Games in Thailand,Iran,Kuwait,1719,1694,2,0,28,-28,1747,1666,23,61,4,-11,27,50,40,0,25
6258,Dec 19 1998,Asian Games in Thailand,Thailand,China,1419,1687,0,3,-19,19,1400,1706,107,30,-2,6,105,36,40,100,-168
6259,Dec 23 1998,Friendly in Israel,Israel,Yugoslavia,1667,1966,2,0,23,-23,1690,1943,31,11,9,-2,40,9,20,100,-199
6260,Dec 24 1998,Friendly in Morocco,Morocco,Bulgaria,1799,1681,4,1,8,-8,1807,1673,18,48,1,-2,19,46,20,100,218
6261,Dec 27 1998,Friendly in Kuwait,Kuwait,Egypt,1666,1676,1,1,-3,3,1663,1679,50,44,0,0,50,44,20,100,90
6262,Jan 3 1999,Friendly in Ivory Coast,Ivory Coast,Togo,1616,1388,3,1,4,-4,1620,1384,52,112,1,-1,53,111,20,100,328
6263,Jan 4 1999,Friendly in Burkina Faso,Burkina Faso,Gabon,1385,1460,2,1,9,-9,1394,1451,106,92,2,-2,108,90,20,100,25
6264,Jan 10 1999,Friendly in Burkina Faso,Burkina Faso,Mali,1394,1431,1,0,8,-8,1402,1423,102,105,3,-3,105,102,20,100,63
6265,Jan 10 1999,Friendly in Senegal,Senegal,Guinea,1430,1455,1,0,8,-8,1438,1447,88,95,6,-3,94,92,20,100,75
6266,Jan 12 1999,Friendly in Bermuda,Bermuda,Antigua and Barbuda,1304,1200,1,0,5,-5,1309,1195,130,155,0,0,130,155,20,100,204
6267,Jan 13 1999,Friendly in Senegal,Senegal,Guinea,1438,1447,1,0,7,-7,1445,1440,90,94,2,-1,92,93,20,100,91
6268,Jan 14 1999,Friendly in Bermuda,Bermuda,Antigua and Barbuda,1309,1195,0,1,-15,15,1294,1210,134,145,-2,5,132,150,20,100,214
6269,Jan 15 1999,Friendly in Burkina Faso,Burkina Faso,Mali,1402,1423,4,1,14,-14,1416,1409,99,106,3,-2,102,104,20,100,79
6270,Jan 18 1999,Friendly tournament in Israel,Israel,Estonia,1690,1214,7,0,2,-2,1692,1212,40,151,0,-2,40,149,20,100,576
6271,Jan 18 1999,Friendly in Togo,Togo,Burkina Faso,1384,1416,1,2,-12,12,1372,1428,119,98,-4,2,115,100,20,100,68
6272,Jan 20 1999,Friendly in France,France,Morocco,2075,1807,1,0,2,-2,2077,1805,1,19,0,0,1,19,20,100,368
6273,Jan 20 1999,Friendly tournament in Israel,Israel,Norway,1692,1829,0,1,-13,13,1679,1842,46,16,-3,0,43,16,30,100,-37
6274,Jan 22 1999,African Nations Cup qualifier in Algeria,Algeria,Tunisia,1520,1632,0,1,-19,19,1501,1651,78,52,-2,0,76,52,40,100,-12
6275,Jan 22 1999,Friendly tournament in Israel,Estonia,Norway,1212,1842,3,3,14,-14,1226,1828,143,16,3,0,146,16,30,0,-630
6276,Jan 23 1999,African Nations Cup qualifier in Eritrea,Eritrea,Cameroon,1213,1563,0,0,12,-12,1225,1551,146,67,1,-2,147,65,40,100,-250
6277,Jan 23 1999,African Nations Cup qualifier in Mauritius,Mauritius,South Africa,1131,1673,1,1,17,-17,1148,1656,159,56,4,-5,163,51,40,100,-442
6278,Jan 23 1999,African Nations Cup qualifier in Nigeria,Nigeria,Burundi,1696,1457,2,0,7,-7,1703,1450,37,92,0,-2,37,90,40,100,339
6279,Jan 23 1999,African Nations Cup qualifier in Senegal,Senegal,Burkina Faso,1445,1428,1,1,-6,6,1439,1434,94,92,-1,4,93,96,40,100,117
6280,Jan 23 1999,Friendly in Zimbabwe,Zimbabwe,Malawi,1462,1317,3,0,7,-7,1469,1310,83,129,2,0,85,129,20,100,245
6281,Jan 24 1999,African Nations Cup qualifier in Angola,Angola,Gabon,1481,1451,3,1,19,-19,1500,1432,77,108,0,-10,77,98,40,100,130
6282,Jan 24 1999,Friendly in Bolivia,Bolivia,United States,1689,1696,0,0,-3,3,1686,1699,44,38,-2,0,42,38,20,100,93
6283,Jan 24 1999,African Nations Cup qualifier in Congo,Congo,Mali,1474,1409,0,0,-9,9,1465,1418,85,100,-1,2,84,102,40,100,165
6284,Jan 24 1999,African Nations Cup qualifier in the Dem Rep of the Congo,DR Congo,Kenya,1512,1472,2,1,12,-12,1524,1460,73,88,1,-2,74,86,40,100,140
6285,Jan 24 1999,African Nations Cup qualifier in Ghana,Ghana,Mozambique,1553,1326,1,0,5,-5,1558,1321,64,129,0,-2,64,127,40,100,327
6286,Jan 24 1999,African Nations Cup qualifier in Guinea,Guinea,Morocco,1440,1805,1,1,13,-13,1453,1792,84,21,4,-1,88,20,40,100,-265
6287,Jan 24 1999,African Nations Cup qualifier in Ivory Coast,Ivory Coast,Namibia,1620,1381,3,0,9,-9,1629,1372,53,118,0,-3,53,115,40,100,339
6288,Jan 24 1999,African Nations Cup qualifier in Liberia,Liberia,Uganda,1360,1433,2,0,28,-28,1388,1405,105,110,6,-6,111,104,40,100,27
6289,Jan 24 1999,African Nations Cup qualifier in Madagascar,Madagascar,Zambia,1475,1592,1,2,-19,19,1456,1611,92,52,-5,3,87,55,40,100,-17
6290,Jan 24 1999,Friendly in Zimbabwe,Zimbabwe,Malawi,1469,1310,1,0,4,-4,1473,1306,79,129,3,0,82,129,20,100,259
6291,Jan 27 1999,Friendly in Malta,Malta,Bosnia and Herzegovina,1210,1561,2,1,16,-16,1226,1545,142,67,4,-2,146,65,20,100,-251
6292,Jan 28 1999,Friendly in Costa Rica,Costa Rica,Ecuador,1620,1750,0,0,1,-1,1621,1749,54,26,0,0,54,26,20,100,-30
6293,Jan 29 1999,Friendly tournament in Vietnam,Vietnam,Singapore,1218,1321,1,0,15,-15,1233,1306,139,129,5,-1,144,128,30,100,-3
6294,Jan 31 1999,Friendly in Ethiopia,Ethiopia,Kenya,1292,1460,2,2,2,-2,1294,1458,131,86,1,0,132,86,20,100,-68
6295,Feb 3 1999,Friendly in Spain,Andorra,Faroe Islands,1056,1213,0,0,4,-4,1060,1209,181,152,0,-1,181,151,20,0,-157
6296,Feb 3 1999,Friendly tournament in Cyprus,Cyprus,Belgium,1514,1815,0,1,-7,7,1507,1822,75,16,0,1,75,17,30,100,-201
6297,Feb 3 1999,Friendly tournament in Cyprus,Greece,Finland,1720,1589,2,1,10,-10,1730,1579,29,59,1,0,30,59,30,0,131
6298,Feb 3 1999,Friendly in Guatemala,Guatemala,Ecuador,1571,1749,0,0,2,-2,1573,1747,61,26,0,0,61,26,20,100,-78
6299,Feb 3 1999,Friendly in Malta,Malta,Poland,1226,1763,0,1,-1,1,1225,1764,149,22,-1,0,148,22,20,0,-537
6300,Feb 3 1999,CONCACAF Ch & Car Cup q in Martinique,Martinique,French Guiana,1403,1132,3,1,6,-6,1409,1126,103,169,1,-1,104,168,40,100,371
6301,Feb 3 1999,Friendly in Venezuela,Venezuela,Argentina,1333,1930,0,2,-2,2,1331,1932,122,10,-1,0,121,10,20,100,-497
6302,Feb 5 1999,CONCACAF Ch & Car Cup q in the British Virgin Islands,British Virgin Islands,Montserrat,773,613,3,1,11,-11,784,602,205,219,0,0,205,219,40,100,260
6303,Feb 5 1999,Friendly tournament in Cyprus,Cyprus,Finland,1507,1579,2,1,14,-14,1521,1565,75,65,0,-3,75,62,30,100,28
6304,Feb 5 1999,Friendly tournament in Cyprus,Greece,Belgium,1730,1822,1,0,19,-19,1749,1803,22,19,4,-1,26,18,30,0,-92
6305,Feb 6 1999,Friendly tournament in Oman,Switzerland,Slovenia,1669,1532,2,0,14,-14,1683,1518,38,80,5,-5,43,75,30,0,137
6306,Feb 6 1999,Friendly in the United States,United States,Germany,1699,1977,3,0,26,-26,1725,1951,26,8,6,-1,32,7,20,100,-178
6307,Feb 7 1999,CONCACAF Ch & Car Cup q in the British Virgin Islands,British Virgin Islands,Montserrat,784,602,3,0,12,-12,796,590,203,221,1,-1,204,220,40,100,282
6308,Feb 7 1999,COSAFA Cup in Lesotho,Lesotho,Namibia,1139,1372,1,0,27,-27,1166,1345,160,123,2,-4,162,119,40,100,-133
6309,Feb 8 1999,Friendly tournament in Oman,Oman,Slovenia,1391,1518,0,7,-31,31,1360,1549,123,55,-7,10,116,65,30,100,-27
6310,Feb 9 1999,Friendly in Belgium,Belgium,Czechia,1803,1902,0,1,-10,10,1793,1912,20,9,-1,2,19,11,20,100,1
6311,Feb 9 1999,Friendly in the United States,Colombia,Germany,1738,1951,3,3,5,-5,1743,1946,29,7,0,0,29,7,20,0,-213
6312,Feb 9 1999,Friendly in Israel,Israel,Belarus,1679,1412,2,1,2,-2,1681,1410,44,103,0,0,44,103,20,100,367
6313,Feb 10 1999,Friendly in Albania,Albania,Macedonia,1438,1566,2,0,16,-16,1454,1550,82,67,6,-3,88,64,20,100,-28
6314,Feb 10 1999,Friendly in the United States,Argentina,Mexico,1932,1864,1,0,8,-8,1940,1856,8,15,1,0,9,15,20,0,68
6315,Feb 10 1999,Friendly in Croatia,Croatia,Denmark,1964,1819,0,1,-16,16,1948,1835,6,15,0,1,6,16,20,100,245
6316,Feb 10 1999,European Championship qual in Cyprus,Cyprus,San Marino,1521,947,4,0,2,-2,1523,945,75,194,0,0,75,194,30,0,574
6317,Feb 10 1999,Friendly in England,England,France,1944,2077,0,2,-14,14,1930,2091,12,1,-2,0,10,1,20,100,-33
6318,Feb 10 1999,Friendly in Malta,Finland,Poland,1565,1764,1,1,5,-5,1570,1759,60,24,1,-1,61,23,20,0,-199
6319,Feb 10 1999,Friendly in Ireland,Ireland,Paraguay,1738,1803,2,0,13,-13,1751,1790,24,22,3,-2,27,20,20,100,35
6320,Feb 10 1999,Friendly in Italy,Italy,Norway,2020,1828,0,0,-7,7,2013,1835,3,16,0,0,3,16,20,100,292
6321,Feb 10 1999,Friendly in Jamaica,Jamaica,Costa Rica,1675,1621,1,1,-4,4,1671,1625,48,54,-1,0,47,54,20,100,154
6322,Feb 10 1999,European Championship qual in Malta,Malta,Yugoslavia,1225,1943,0,3,-2,2,1223,1945,150,7,-1,1,149,8,40,100,-618
6323,Feb 10 1999,Friendly in France,Netherlands,Portugal,1993,1903,0,0,-3,3,1990,1906,4,12,0,0,4,12,20,0,90
6324,Feb 10 1999,Friendly tournament in Oman,Oman,Switzerland,1360,1683,1,2,-7,7,1353,1690,118,37,-1,3,117,40,30,100,-223
6325,Feb 10 1999,Friendly in Peru,Peru,Ecuador,1714,1747,1,2,-12,12,1702,1759,43,19,-5,4,38,23,20,100,67
6326,Feb 10 1999,Friendly in Tunisia,Tunisia,Sweden,1651,1886,0,1,-6,6,1645,1892,52,14,0,0,52,14,20,100,-135
6327,Feb 13 1999,Friendly in Saint Lucia,Saint Lucia,Antigua and Barbuda,1232,1210,0,0,-3,3,1229,1213,145,150,0,0,145,150,20,100,122
6328,Feb 15 1999,Friendly tournament in Kuwait,Kuwait,Iran,1663,1747,1,2,-16,16,1647,1763,53,15,-2,7,51,22,30,100,16
6329,Feb 16 1999,Friendly tournament in Hong Kong,Egypt,Bulgaria,1679,1673,3,1,22,-22,1701,1651,33,54,6,-4,39,50,30,0,6
6330,Feb 17 1999,Friendly in Ecuador,Ecuador,Peru,1759,1702,1,2,-14,14,1745,1716,34,28,-5,5,29,33,20,100,157
6331,Feb 17 1999,Friendly in Guatemala,Guatemala,Chile,1573,1754,1,1,2,-2,1575,1752,60,25,0,1,60,26,20,100,-81
6332,Feb 19 1999,Friendly tournament in Hong Kong,Mexico,Egypt,1856,1701,3,0,15,-15,1871,1686,15,47,0,-4,15,43,30,0,155
6333,Feb 20 1999,COSAFA Cup in Botswana,Botswana,South Africa,1016,1656,1,2,-2,2,1014,1658,185,49,0,0,185,49,40,100,-540
6334,Feb 20 1999,Friendly in Gabon,Gabon,Burkina Faso,1432,1434,1,1,-3,3,1429,1437,100,95,-1,0,99,95,20,100,98
6335,Feb 20 1999,Friendly in Zimbabwe,Zimbabwe,Zambia,1473,1611,1,1,1,-1,1474,1610,82,55,0,0,82,55,20,100,-38
6336,Feb 21 1999,Friendly in the United States,United States,Chile,1725,1752,2,1,8,-8,1733,1744,30,32,1,-3,31,29,20,100,73
6337,Feb 22 1999,Friendly in Suriname,Suriname,Guyana,1277,1071,2,1,3,-3,1280,1068,135,180,0,-1,135,179,20,100,306
6338,Feb 23 1999,King's Cup in Thailand,Thailand,North Korea,1400,1466,2,2,-1,1,1399,1467,108,83,-1,0,107,83,20,100,34
6339,Feb 24 1999,CONCACAF Ch & Car Cup q in the Bahamas,Bahamas,Turks and Caicos Islands,863,800,3,0,20,-20,883,780,200,206,0,0,200,206,40,100,163
6340,Feb 24 1999,Friendly in Costa Rica,Costa Rica,Jamaica,1625,1671,9,0,21,-21,1646,1650,50,54,2,-4,52,50,20,100,54
6341,Feb 24 1999,Friendly in Israel,Israel,Latvia,1681,1448,2,0,4,-4,1685,1444,45,92,0,0,45,92,20,100,333
6342,Feb 24 1999,Friendly in Saint Lucia,Saint Lucia,Grenada,1229,1285,1,2,-11,11,1218,1296,153,130,-4,2,149,132,20,100,44
6343,Feb 26 1999,CONCACAF Ch & Car Cup q in the Bahamas,Turks and Caicos Islands,US Virgin Islands,780,710,2,2,-4,4,776,714,206,211,0,0,206,211,40,0,70
6344,Feb 27 1999,African Nations Cup qualifier in South Africa,South Africa,Gabon,1658,1429,4,1,9,-9,1667,1420,46,103,1,-2,47,101,40,100,329
6345,Feb 28 1999,African Nations Cup qualifier in Angola,Angola,Mauritius,1500,1148,0,2,-56,56,1444,1204,105,144,-14,10,91,154,40,100,452
6346,Feb 28 1999,CONCACAF Ch & Car Cup q in the Bahamas,Bahamas,US Virgin Islands,883,714,0,0,-13,13,870,727,202,209,-1,1,201,210,40,100,269
6347,Feb 28 1999,Friendly in the British Virgin Islands,British Virgin Islands,Antigua and Barbuda,796,1213,0,2,-4,4,792,1217,204,150,0,0,204,150,20,100,-317
6348,Feb 28 1999,African Nations Cup qualifier in Burundi,Burundi,Burkina Faso,1450,1437,1,2,-26,26,1424,1463,109,77,-9,9,100,86,40,100,113
6349,Feb 28 1999,African Nations Cup qualifier in Cameroon,Cameroon,Mozambique,1551,1321,1,0,5,-5,1556,1316,63,127,0,0,63,127,40,100,330
6350,Feb 28 1999,African Nations Cup qualifier in Congo,Congo,Ivory Coast,1465,1629,1,0,24,-24,1489,1605,70,60,7,-3,77,57,40,100,-64
6351,Feb 28 1999,African Nations Cup qualifier in Ghana,Ghana,Eritrea,1558,1225,5,0,6,-6,1564,1219,62,149,0,-1,62,148,40,100,433
6352,Feb 28 1999,CONCACAF Ch & Car Cup q in Guyana,Guyana,Barbados,1068,1297,2,2,7,-7,1075,1290,177,137,1,-3,178,134,40,100,-129
6353,Feb 28 1999,African Nations Cup qualifier in Kenya,Kenya,Zambia,1458,1610,0,1,-17,17,1441,1627,100,53,-7,1,93,54,40,100,-52
6354,Feb 28 1999,African Nations Cup qualifier in Liberia,Liberia,Algeria,1388,1501,1,1,1,-1,1389,1500,110,74,0,1,110,75,30,100,-13
6355,Feb 28 1999,African Nations Cup qualifier in Madagascar,Madagascar,DR Congo,1456,1524,3,1,27,-27,1483,1497,69,78,9,-2,78,76,30,0,-68
6356,Feb 28 1999,African Nations Cup qualifier in Senegal,Senegal,Nigeria,1439,1703,1,1,9,-9,1448,1694,87,40,3,-1,90,39,40,100,-164
6357,Feb 28 1999,African Nations Cup qualifier in Togo,Togo,Morocco,1372,1792,2,3,-5,5,1367,1797,116,17,-1,1,115,18,40,100,-320
6358,Feb 28 1999,African Nations Cup qualifier in Tunisia,Tunisia,Uganda,1645,1405,6,0,11,-11,1656,1394,45,111,4,-3,49,108,40,100,340
6359,Mar 3 1999,Friendly tournament in Guatemala,Bolivia,Jamaica,1686,1650,0,0,-2,2,1684,1652,45,51,-1,0,44,51,30,0,36
6360,Mar 3 1999,Friendly in Bulgaria,Bulgaria,Slovakia,1651,1687,2,0,12,-12,1663,1675,46,48,2,-3,48,45,20,100,64
6361,Mar 3 1999,Friendly tournament in Guatemala,Guatemala,Paraguay,1575,1790,2,3,-10,10,1565,1800,62,16,-1,2,61,18,30,100,-115
6362,Mar 3 1999,Friendly in Poland,Poland,Armenia,1759,1376,1,0,1,-1,1760,1375,24,113,0,0,24,113,20,100,483
6363,Mar 3 1999,Friendly in Romania,Romania,Estonia,1903,1226,2,0,0,0,1903,1226,13,146,0,0,13,146,20,100,777
6364,Mar 5 1999,Friendly tournament in Guatemala,Guatemala,Bolivia,1565,1684,0,3,-25,25,1540,1709,73,28,-6,8,67,36,30,100,-19
6365,Mar 5 1999,Friendly tournament in Guatemala,Paraguay,Jamaica,1800,1652,3,1,13,-13,1813,1639,18,55,0,-2,18,53,30,0,148
6366,Mar 6 1999,Friendly in Cyprus,Azerbaijan,Estonia,1330,1226,2,2,-3,3,1327,1229,124,144,-1,1,123,145,20,0,104
6367,Mar 6 1999,CONCACAF Ch & Car Cup q in Barbados,Barbados,Guyana,1290,1075,2,0,8,-8,1298,1067,128,180,3,-1,131,179,40,100,315
6368,Mar 7 1999,Friendly tournament in Guatemala,Guatemala,Jamaica,1540,1639,2,4,-23,23,1517,1662,81,47,-7,3,74,50,30,100,1
6369,Mar 7 1999,Friendly tournament in Guatemala,Paraguay,Bolivia,1813,1709,3,0,19,-19,1832,1690,18,44,0,-4,18,40,30,0,104
6370,Mar 10 1999,CONCACAF Ch & Car Cup q in Guadeloupe,Barbados,Antigua and Barbuda,1298,1217,2,0,23,-23,1321,1194,123,162,4,-6,127,156,40,0,81
6371,Mar 10 1999,Friendly in Greece,Greece,Croatia,1749,1948,3,2,13,-13,1762,1935,21,12,3,-3,24,9,20,100,-99
6372,Mar 10 1999,CONCACAF Ch & Car Cup q in Guadeloupe,Guadeloupe,Dominica,1356,1172,1,0,7,-7,1363,1165,116,165,0,-2,116,163,40,100,284
6373,Mar 10 1999,Friendly in Hungary,Hungary,Bosnia and Herzegovina,1671,1545,1,1,-6,6,1665,1551,48,61,-1,2,47,63,20,100,226
6374,Mar 10 1999,Friendly in Luxembourg,Luxembourg,Iceland,1207,1536,1,2,-4,4,1203,1540,153,66,0,1,153,67,20,100,-229
6375,Mar 10 1999,Friendly in Malta,Malta,Moldova,1223,1400,0,2,-12,12,1211,1412,151,101,-2,2,149,103,20,100,-77
6376,Mar 10 1999,Friendly in Romania,Romania,Israel,1903,1685,0,2,-26,26,1877,1711,15,26,-1,9,14,35,20,100,318
6377,Mar 10 1999,Friendly in Switzerland,Switzerland,Austria,1690,1730,2,4,-18,18,1672,1748,50,24,-5,4,45,28,20,100,60
6378,Mar 11 1999,US Cup in the United States,Mexico,Bolivia,1871,1690,2,1,8,-8,1879,1682,13,45,1,-2,14,43,30,0,181
6379,Mar 11 1999,US Cup in the United States,United States,Guatemala,1733,1517,3,1,6,-6,1739,1511,32,74,0,0,32,74,30,100,316
6380,Mar 12 1999,CONCACAF Ch & Car Cup q in Guadeloupe,Barbados,Dominica,1321,1165,3,1,17,-17,1338,1148,113,165,7,-1,120,164,40,0,156
6381,Mar 12 1999,CONCACAF Ch & Car Cup q in Guadeloupe,Guadeloupe,Antigua and Barbuda,1363,1194,2,1,7,-7,1370,1187,112,160,2,-2,114,158,40,100,269
6382,Mar 13 1999,US Cup in the United States,Guatemala,Bolivia,1511,1682,2,1,22,-22,1533,1660,64,57,5,-7,69,50,30,0,-171
6383,Mar 13 1999,US Cup in the United States,United States,Mexico,1739,1879,1,2,-13,13,1726,1892,32,12,0,1,32,13,30,100,-40
6384,Mar 14 1999,CONCACAF Ch & Car Cup q in Guadeloupe,Antigua and Barbuda,Dominica,1187,1148,1,1,-2,2,1185,1150,158,164,0,0,158,164,30,0,39
6385,Mar 14 1999,CONCACAF Ch & Car Cup q in Guadeloupe,Guadeloupe,Barbados,1370,1338,1,0,13,-13,1383,1325,108,130,3,-5,111,125,40,100,132
6386,Mar 16 1999,Friendly in Cyprus,Cyprus,Estonia,1523,1229,1,2,-18,18,1505,1247,74,133,0,6,74,139,20,100,394
6387,Mar 17 1999,CONCACAF Ch & Car Cup q in Haiti,British Virgin Islands,Dominican Republic,792,1116,0,0,15,-15,807,1101,204,177,0,-3,204,174,40,0,-324
6388,Mar 17 1999,N Am Ch q & UNCAF Cup in Costa Rica,Costa Rica,Belize,1646,1086,7,0,2,-2,1648,1084,51,176,1,0,52,176,20,0,560
6389,Mar 17 1999,N Am Ch q & UNCAF Cup in Costa Rica,Guatemala,Nicaragua,1533,934,1,0,1,-1,1534,933,69,197,0,0,69,197,20,0,599
6390,Mar 17 1999,CONCACAF Ch & Car Cup q in Haiti,Haiti,Puerto Rico,1399,1011,2,0,3,-3,1402,1008,106,186,0,0,106,186,20,0,388
6391,Mar 19 1999,CONCACAF Ch & Car Cup q in Haiti,British Virgin Islands,Puerto Rico,807,1008,5,0,61,-61,868,947,200,200,2,-7,202,193,40,0,-201
6392,Mar 19 1999,N Am Ch q & UNCAF Cup in Costa Rica,El Salvador,Guatemala,1481,1534,1,1,3,-3,1484,1531,77,73,1,-2,78,71,40,0,-53
6393,Mar 19 1999,CONCACAF Ch & Car Cup q in Haiti,Haiti,Dominican Republic,1402,1101,4,0,7,-7,1409,1094,104,176,1,-1,105,175,40,100,401
6394,Mar 19 1999,N Am Ch q & UNCAF Cup in Costa Rica,Honduras,Belize,1531,1084,5,1,5,-5,1536,1079,67,176,2,0,69,176,40,0,447
6395,Mar 20 1999,Friendly in Georgia,Georgia,Ukraine,1607,1708,0,1,-10,10,1597,1718,60,29,-2,4,58,33,20,100,-1
6396,Mar 21 1999,N Am Ch q & UNCAF Cup in Costa Rica,Costa Rica,Honduras,1648,1536,0,1,-31,31,1617,1567,56,53,-2,8,54,61,40,100,212
6397,Mar 21 1999,CONCACAF Ch & Car Cup q in Haiti,Dominican Republic,Puerto Rico,1094,947,2,0,18,-18,1112,929,167,201,4,-4,171,197,40,0,147
6398,Mar 21 1999,N Am Ch q & UNCAF Cup in Costa Rica,El Salvador,Nicaragua,1484,933,1,0,2,-2,1486,931,78,195,0,1,78,196,40,0,551
6399,Mar 21 1999,CONCACAF Ch & Car Cup q in Haiti,Haiti,British Virgin Islands,1409,868,6,0,2,-2,1411,866,103,202,1,0,104,202,20,0,541
6400,Mar 24 1999,N Am Ch q & UNCAF Cup in Costa Rica,Costa Rica,Guatemala,1617,1531,1,0,10,-10,1627,1521,52,75,1,-2,53,73,40,100,186
6401,Mar 24 1999,N Am Ch q & UNCAF Cup in Costa Rica,Honduras,El Salvador,1567,1486,3,1,23,-23,1590,1463,57,92,2,-7,59,85,40,0,81
6402,Mar 26 1999,N Am Ch q & UNCAF Cup in Costa Rica,Costa Rica,Honduras,1627,1590,1,2,-28,28,1599,1618,61,49,-4,5,57,54,40,100,137
6403,Mar 26 1999,N Am Ch q & UNCAF Cup in Costa Rica,Guatemala,El Salvador,1521,1463,1,0,17,-17,1538,1446,67,95,3,-5,70,90,40,0,58
6404,Mar 26 1999,European Championship qual in Portugal,Portugal,Azerbaijan,1906,1327,7,0,2,-2,1908,1325,12,125,0,-1,12,124,20,0,579
6405,Mar 27 1999,European Championship qual in Andorra,Andorra,Iceland,1060,1540,0,2,-6,6,1054,1546,183,66,-1,1,182,67,40,100,-380
6406,Mar 27 1999,European Championship qual in Armenia,Armenia,Russia,1375,1778,0,3,-10,10,1365,1788,118,19,-2,1,116,20,40,100,-303
6407,Mar 27 1999,European Championship qual in Belarus,Belarus,Switzerland,1410,1672,0,1,-11,11,1399,1683,107,44,-1,0,106,44,40,100,-162
6408,Mar 27 1999,Friendly in Belgium,Belgium,Bulgaria,1793,1663,0,1,-16,16,1777,1679,22,43,-1,2,21,45,20,100,230
6409,Mar 27 1999,European Championship qual in Czechia,Czechia,Lithuania,1912,1481,2,0,3,-3,1915,1478,11,81,0,-1,11,80,30,0,431
6410,Mar 27 1999,European Championship qual in Denmark,Denmark,Italy,1835,2013,1,2,-16,16,1819,2029,20,3,-2,0,18,3,40,100,-78
6411,Mar 27 1999,European Championship qual in England,England,Poland,1930,1760,3,1,10,-10,1940,1750,6,27,2,-1,8,26,40,100,270
6412,Mar 27 1999,European Championship qual in France,France,Ukraine,2091,1718,0,0,-18,18,2073,1736,1,27,0,3,1,30,40,100,473
6413,Mar 27 1999,European Championship qual in Georgia,Georgia,Slovenia,1597,1549,1,1,-8,8,1589,1557,59,60,0,3,59,63,40,100,148
6414,Mar 27 1999,European Championship qual in Greece,Greece,Norway,1762,1835,0,2,-32,32,1730,1867,40,14,-8,1,32,15,40,100,27
6415,Mar 27 1999,European Championship qual in Hungary,Hungary,Liechtenstein,1665,1078,5,0,2,-2,1667,1076,48,177,-1,0,47,177,30,0,587
6416,Mar 27 1999,European Championship qual in Northern Ireland,Northern Ireland,Germany,1576,1946,0,3,-12,12,1564,1958,62,6,-1,0,61,6,40,100,-270
6417,Mar 27 1999,European Championship qual in Romania,Romania,Slovakia,1877,1675,0,0,-14,14,1863,1689,17,39,-1,2,16,41,40,100,302
6418,Mar 27 1999,European Championship qual in Spain,Spain,Austria,1978,1748,9,0,13,-13,1991,1735,3,34,1,-3,4,31,40,100,330
6419,Mar 27 1999,European Championship qual in Sweden,Sweden,Luxembourg,1892,1203,2,0,1,-1,1893,1202,13,157,0,-2,13,155,20,0,689
6420,Mar 27 1999,European Championship qual in Turkey,Turkey,Moldova,1663,1412,2,0,7,-7,1670,1405,45,107,1,-2,46,105,40,100,351
6421,Mar 28 1999,N Am Ch q & UNCAF Cup in Costa Rica,Costa Rica,El Salvador,1599,1446,4,0,14,-14,1613,1432,51,102,3,-6,54,96,40,100,253
6422,Mar 28 1999,N Am Ch q & UNCAF Cup in Costa Rica,Guatemala,Honduras,1538,1618,2,0,37,-37,1575,1581,50,64,10,-5,60,59,40,0,-80
6423,Mar 28 1999,European Championship qual in Israel,Israel,Cyprus,1711,1505,3,0,10,-10,1721,1495,32,78,2,-2,34,76,40,100,306
6424,Mar 28 1999,Friendly in South Korea,South Korea,Brazil,1689,2050,1,0,16,-16,1705,2034,37,2,2,0,39,2,20,100,-261
6425,Mar 28 1999,Friendly in Trinidad and Tobago,Trinidad and Tobago,Jamaica,1476,1662,2,0,19,-19,1495,1643,71,55,5,-3,76,52,20,100,-86
6426,Mar 30 1999,Friendly in Belgium,Belgium,Egypt,1777,1686,0,1,-15,15,1762,1701,25,37,-2,3,23,40,20,100,191
6427,Mar 30 1999,Friendly in Venezuela,Venezuela,Colombia,1331,1743,0,0,7,-7,1338,1736,119,29,1,0,120,29,20,100,-312
6428,Mar 31 1999,European Championship qual in Azerbaijan,Azerbaijan,Romania,1325,1863,0,1,-3,3,1322,1866,130,16,-3,0,127,16,40,100,-438
6429,Mar 31 1999,European Championship qual in France,France,Armenia,2073,1365,2,0,1,-1,2074,1364,1,116,0,0,1,116,20,0,708
6430,Mar 31 1999,European Championship qual in Germany,Germany,Finland,1958,1570,2,0,3,-3,1961,1567,6,61,0,0,6,61,20,0,388
6431,Mar 31 1999,European Championship qual in Italy,Italy,Belarus,2029,1399,1,1,-19,19,2010,1418,3,98,0,4,3,102,40,0,630
6432,Mar 31 1999,Friendly in Jamaica,Jamaica,Paraguay,1643,1832,3,0,22,-22,1665,1810,46,19,3,-1,49,18,20,100,-89
6433,Mar 31 1999,Friendly in Japan,Japan,Brazil,1696,2034,0,2,-6,6,1690,2040,45,2,-2,0,43,2,20,100,-238
6434,Mar 31 1999,European Championship qual in Latvia,Latvia,Greece,1444,1730,0,0,10,-10,1454,1720,80,36,5,-2,85,34,30,0,-286
6435,Mar 31 1999,European Championship qual in Liechtenstein,Liechtenstein,Portugal,1076,1908,0,5,-1,1,1075,1909,177,14,0,-1,177,13,20,100,-732
6436,Mar 31 1999,European Championship qual in Lithuania,Lithuania,Estonia,1478,1247,1,2,-35,35,1443,1282,101,131,-10,4,91,135,40,100,331
6437,Mar 31 1999,European Championship qual in Luxembourg,Luxembourg,Bulgaria,1202,1679,0,2,-6,6,1196,1685,155,43,0,1,155,44,40,100,-377
6438,Mar 31 1999,European Championship qual in Moldova,Moldova,Northern Ireland,1405,1564,0,0,3,-3,1408,1561,107,64,-1,-1,106,63,30,100,-59
6439,Mar 31 1999,Friendly in the Netherlands,Netherlands,Argentina,1990,1940,1,1,-4,4,1986,1944,5,8,0,0,5,8,20,100,150
6440,Mar 31 1999,European Championship qual in Poland,Poland,Sweden,1750,1893,0,1,-18,18,1732,1911,34,11,-4,1,30,12,40,100,-43
6441,Mar 31 1999,European Championship qual in Russia,Russia,Andorra,1788,1054,6,1,1,-1,1789,1053,20,182,0,0,20,182,20,0,734
6442,Mar 31 1999,European Championship qual in San Marino,San Marino,Spain,945,1991,0,6,0,0,945,1991,193,4,0,0,193,4,20,0,-1046
6443,Mar 31 1999,European Championship qual in Scotland,Scotland,Czechia,1712,1915,1,2,-14,14,1698,1929,46,11,-5,0,41,11,40,100,-103
6444,Mar 31 1999,European Championship qual in Slovakia,Slovakia,Hungary,1689,1667,0,0,-7,7,1682,1674,47,45,-2,1,45,46,40,100,122
6445,Mar 31 1999,European Championship qual in Switzerland,Switzerland,Wales,1683,1610,2,0,16,-16,1699,1594,36,59,4,-2,40,57,40,100,173
6446,Mar 31 1999,European Championship qual in Ukraine,Ukraine,Iceland,1736,1546,1,1,-14,14,1722,1560,35,60,-3,4,32,64,40,100,290
6447,Apr 3 1999,Friendly in Mali,Mali,Burkina Faso,1418,1463,5,2,15,-15,1433,1448,88,92,7,-4,95,88,20,100,55
6448,Apr 3 1999,Friendly in Swaziland,Swaziland,Namibia,1164,1345,1,1,2,-2,1166,1343,161,119,1,0,162,119,20,100,-81
6449,Apr 9 1999,African Nations Cup qualifier in Algeria,Algeria,Liberia,1500,1389,4,1,16,-16,1516,1373,74,116,0,-3,74,113,40,100,211
6450,Apr 10 1999,African Nations Cup qualifier in Gabon,Gabon,South Africa,1420,1667,1,0,28,-28,1448,1639,74,56,14,-4,88,52,40,100,-147
6451,Apr 10 1999,African Nations Cup qualifier in Mauritius,Mauritius,Angola,1204,1444,1,1,8,-8,1212,1436,146,96,3,-3,149,93,40,100,-140
6452,Apr 10 1999,African Nations Cup qualifier in Morocco,Morocco,Togo,1797,1367,1,1,-18,18,1779,1385,21,103,-1,6,20,109,40,100,530
6453,Apr 10 1999,African Nations Cup qualifier in Uganda,Uganda,Tunisia,1394,1656,0,2,-17,17,1377,1673,118,43,-5,4,113,47,40,100,-162
6454,Apr 10 1999,African Nations Cup qualifier in Zambia,Zambia,Kenya,1627,1441,1,0,6,-6,1633,1435,53,96,0,-2,53,94,40,100,286
6455,Apr 11 1999,African Nations Cup qualifier in Burkina Faso,Burkina Faso,Burundi,1448,1424,3,1,20,-20,1468,1404,74,110,7,-4,81,106,40,100,124
6456,Apr 11 1999,African Nations Cup qualifier in the Dem Rep of the Congo,DR Congo,Madagascar,1497,1483,2,0,20,-20,1517,1463,73,89,1,-5,74,84,40,100,114
6457,Apr 11 1999,African Nations Cup qualifier in Ivory Coast,Ivory Coast,Congo,1605,1489,2,0,13,-13,1618,1476,53,80,1,-1,54,79,40,100,216
6458,Apr 11 1999,African Nations Cup qualifier in Mali,Mali,Namibia,1433,1343,2,1,10,-10,1443,1333,86,121,5,-1,91,120,40,100,190
6459,Apr 11 1999,African Nations Cup qualifier in Mozambique,Mozambique,Cameroon,1316,1556,1,6,-25,25,1291,1581,140,52,-6,7,134,59,40,100,-140
6460,Apr 13 1999,Friendly in St Vincent & Grenadines,St Vincent & Grenadines,Grenada,1238,1296,2,1,9,-9,1247,1287,137,137,3,-3,140,134,20,100,42
6461,Apr 14 1999,Friendly in Mexico,Mexico,Ecuador,1892,1745,0,0,-6,6,1886,1751,14,24,0,1,14,25,20,100,247
6462,Apr 15 1999,Friendly in Venezuela,Venezuela,Colombia,1338,1736,1,1,7,-7,1345,1729,119,32,0,-2,119,30,20,100,-298
6463,Apr 17 1999,CONCACAF Ch & Car Cup q in St Vincent & Grenadines,Saint Lucia,Martinique,1218,1409,3,1,45,-45,1263,1364,130,126,9,-11,139,115,40,0,-191
6464,Apr 17 1999,CONCACAF Ch & Car Cup q in St Vincent & Grenadines,St Vincent & Grenadines,Saint Kitts and Nevis,1247,1267,3,4,-25,25,1222,1292,154,128,-7,5,147,133,40,100,80
6465,Apr 18 1999,CONCACAF Ch & Car Cup q in St Vincent & Grenadines,Martinique,Saint Kitts and Nevis,1364,1292,2,1,16,-16,1380,1276,107,143,4,-5,111,138,40,0,72
6466,Apr 18 1999,CONCACAF Ch & Car Cup q in St Vincent & Grenadines,St Vincent & Grenadines,Saint Lucia,1222,1263,2,2,-3,3,1219,1266,147,139,0,0,147,139,30,100,59
6467,Apr 20 1999,CONCACAF Ch & Car Cup q in St Vincent & Grenadines,Saint Kitts and Nevis,Saint Lucia,1276,1266,4,3,19,-19,1295,1247,124,141,7,-1,131,140,40,0,10
6468,Apr 21 1999,CONCACAF Ch & Car Cup q in St Vincent & Grenadines,St Vincent & Grenadines,Martinique,1219,1380,2,1,23,-23,1242,1357,135,121,6,-5,141,116,40,100,-61
6469,Apr 22 1999,South Asian Championship in India,India,Bangladesh,1099,968,0,0,-12,12,1087,980,175,190,0,1,175,191,40,100,231
6470,Apr 22 1999,Friendly in Paraguay,Paraguay,Colombia,1810,1729,0,2,-22,22,1788,1751,20,20,-1,5,19,25,20,100,181
6471,Apr 23 1999,South Asian Championship in India,Maldives,Sri Lanka,789,945,0,0,8,-8,797,937,205,197,0,-2,205,195,40,0,-156
6472,Apr 24 1999,South Asian Championship in India,Bangladesh,Pakistan,980,883,4,0,27,-27,1007,856,181,206,5,-3,186,203,40,0,97
6473,Apr 24 1999,COSAFA Cup in Malawi,Malawi,Angola,1306,1436,1,2,-18,18,1288,1454,140,76,-6,9,134,85,40,100,-30
6474,Apr 25 1999,South Asian Championship in India,Nepal,Sri Lanka,748,937,3,2,30,-30,778,907,203,199,3,-2,206,197,40,0,-189
6475,Apr 25 1999,Friendly tournament in Swaziland,Swaziland,Lesotho,1166,1166,4,1,19,-19,1185,1147,154,166,4,-2,158,164,30,100,100
6476,Apr 26 1999,South Asian Championship in India,India,Pakistan,1087,856,2,0,8,-8,1095,848,175,203,0,0,175,203,40,100,331
6477,Apr 27 1999,South Asian Championship in India,Maldives,Nepal,797,778,3,2,19,-19,816,759,205,210,0,-2,205,208,40,0,19
6478,Apr 27 1999,Friendly in Northern Ireland,Northern Ireland,Canada,1561,1533,1,1,-4,4,1557,1537,66,71,-1,0,65,71,20,100,128
6479,Apr 28 1999,European Championship qual in Austria,Austria,San Marino,1735,945,7,0,1,-1,1736,944,31,193,-1,0,30,193,30,0,790
6480,Apr 28 1999,Friendly in Bolivia,Bolivia,Chile,1660,1744,1,1,0,0,1660,1744,50,30,0,-1,50,29,20,100,16
6481,Apr 28 1999,Friendly in Croatia,Croatia,Italy,1935,2010,0,0,-1,1,1934,2011,10,3,0,0,10,3,20,100,25
6482,Apr 28 1999,Friendly in Denmark,Denmark,South Africa,1819,1639,1,1,-7,7,1812,1646,17,52,0,0,17,52,20,100,280
6483,Apr 28 1999,European Championship qual in Georgia,Georgia,Norway,1589,1867,1,4,-18,18,1571,1885,64,13,-3,1,61,14,40,100,-178
6484,Apr 28 1999,Friendly in Germany,Germany,Scotland,1961,1698,0,1,-18,18,1943,1716,10,29,-2,6,8,35,20,100,363
6485,Apr 28 1999,Friendly in Greece,Greece,Switzerland,1720,1699,1,1,-3,3,1717,1702,34,40,0,0,34,40,20,100,121
6486,Apr 28 1999,Friendly in Hungary,Hungary,England,1674,1940,1,1,4,-4,1678,1936,46,9,0,0,46,9,20,100,-166
6487,Apr 28 1999,Friendly in Ireland,Ireland,Sweden,1751,1911,2,0,18,-18,1769,1893,17,14,4,-1,21,13,20,100,-60
6488,Apr 28 1999,European Championship qual in Latvia,Latvia,Albania,1454,1454,0,0,-6,6,1448,1460,93,85,-4,0,89,85,40,100,100
6489,Apr 28 1999,Friendly in Malta,Malta,Iceland,1211,1560,1,2,-4,4,1207,1564,154,62,-2,1,152,63,20,100,-249
6490,Apr 28 1999,Friendly in the Netherlands,Netherlands,Morocco,1986,1779,1,2,-17,17,1969,1796,5,18,0,1,5,19,20,100,307
6491,Apr 28 1999,Friendly in Paraguay,Paraguay,Mexico,1788,1886,2,1,10,-10,1798,1876,17,16,1,-1,18,15,20,100,2
6492,Apr 28 1999,Friendly in Poland,Poland,Czechia,1732,1929,2,1,13,-13,1745,1916,26,11,2,0,28,11,20,100,-97
6493,Apr 28 1999,Friendly in Romania,Romania,Belgium,1866,1762,1,0,5,-5,1871,1757,16,27,0,-2,16,25,20,100,204
6494,Apr 28 1999,Friendly in Slovenia,Slovenia,Finland,1557,1567,1,1,-3,3,1554,1570,67,62,-1,0,66,62,20,100,90
6495,Apr 29 1999,South Asian Championship in India,Bangladesh,Nepal,1007,759,2,1,8,-8,1015,751,184,210,1,-1,185,209,40,0,248
6496,Apr 29 1999,South Asian Championship in India,India,Maldives,1095,816,2,1,4,-4,1099,812,175,205,0,0,175,205,40,100,379
6497,May 1 1999,South Asian Championship in India,India,Bangladesh,1099,1015,2,0,15,-15,1114,1000,167,191,4,-3,171,188,40,100,184
6498,May 1 1999,South Asian Championship in India,Maldives,Nepal,812,751,2,0,25,-25,837,726,205,211,0,-1,205,210,40,0,61
6499,May 4 1999,CONCACAF Ch & Car Cup q in the Netherlands Antilles,Netherlands Antilles,Grenada,1183,1287,1,3,-30,30,1153,1317,164,121,-2,7,162,128,40,100,-4
6500,May 5 1999,CONCACAF Ch & Car Cup q in Bermuda,Bermuda,Bahamas,1294,870,6,0,4,-4,1298,866,130,200,1,0,131,200,40,100,524
6501,May 5 1999,CONCACAF Ch & Car Cup q in Bermuda,Cuba,Cayman Islands,1432,1137,4,1,11,-11,1443,1126,86,169,6,-2,92,167,40,0,295
6502,May 5 1999,Friendly in Spain,Spain,Croatia,1991,1934,3,1,9,-9,2000,1925,4,10,0,0,4,10,20,100,157
6503,May 6 1999,CONCACAF Ch & Car Cup q in Curaçao,Grenada,Suriname,1317,1280,0,0,-2,2,1315,1282,128,135,0,1,128,136,30,0,37
6504,May 6 1999,Friendly in Trinidad and Tobago,Trinidad and Tobago,South Africa,1495,1646,2,0,17,-17,1512,1629,76,54,0,-1,76,53,20,100,-51
6505,May 7 1999,CONCACAF Ch & Car Cup q in Bermuda,Bermuda,Cayman Islands,1298,1126,4,1,12,-12,1310,1114,127,173,2,-3,129,170,40,100,272
6506,May 7 1999,CONCACAF Ch & Car Cup q in Bermuda,Cuba,Bahamas,1443,866,7,0,3,-3,1446,863,92,202,0,-1,92,201,40,0,577
6507,May 8 1999,African Nations Cup qualifier in Namibia,Namibia,Mali,1333,1443,0,0,1,-1,1334,1442,120,95,0,-1,120,94,40,100,-10
6508,May 8 1999,CONCACAF Ch & Car Cup q in the Netherlands Antilles,Netherlands Antilles,Suriname,1153,1282,1,1,2,-2,1155,1280,162,138,0,-1,162,137,40,100,-29
6509,May 9 1999,CONCACAF Ch & Car Cup q in Bermuda,Bermuda,Cuba,1310,1446,1,2,-18,18,1292,1464,137,74,-4,9,133,83,40,100,-36
6510,May 9 1999,CONCACAF Ch & Car Cup q in Bermuda,Cayman Islands,Bahamas,1114,863,4,1,13,-13,1127,850,164,203,3,-1,167,202,40,0,251
6511,May 9 1999,Friendly in Jamaica,Jamaica,South Africa,1665,1629,1,1,-4,4,1661,1633,49,51,0,1,49,52,20,100,136
6512,May 9 1999,COSAFA Cup in Swaziland,Swaziland,Mozambique,1185,1291,3,1,31,-31,1216,1260,140,144,9,-5,149,139,40,100,-6
6513,May 16 1999,Friendly in Libya,Libya,Senegal,1370,1448,2,1,9,-9,1379,1439,108,98,3,-4,111,94,20,100,22
6514,May 16 1999,Friendly in Swaziland,Swaziland,Botswana,1216,1014,2,1,3,-3,1219,1011,147,185,1,0,148,185,20,100,302
6515,May 19 1999,Friendly in Ecuador,Ecuador,Venezuela,1751,1345,0,2,-28,28,1723,1373,36,109,-5,5,31,114,20,100,506
6516,May 19 1999,Friendly in Russia,Russia,Belarus,1789,1418,1,1,-9,9,1780,1427,20,100,0,1,20,101,20,100,471
6517,May 19 1999,Friendly in Slovakia,Slovakia,Bulgaria,1682,1685,2,0,11,-11,1693,1674,41,48,2,-2,43,46,20,100,97
6518,May 20 1999,Friendly in Norway,Norway,Jamaica,1885,1661,6,0,6,-6,1891,1655,14,51,0,-1,14,50,20,100,324
6519,May 21 1999,Friendly in the United States,Honduras,Haiti,1581,1411,2,0,8,-8,1589,1403,58,107,0,-2,58,105,20,0,170
6520,May 22 1999,COSAFA Cup in Malawi,Malawi,Namibia,1288,1334,1,1,-3,3,1285,1337,134,120,0,0,134,120,40,100,54
6521,May 22 1999,Friendly in Uganda,Uganda,Zambia,1377,1633,0,1,-6,6,1371,1639,117,52,-2,0,115,52,20,100,-156
6522,May 27 1999,Friendly in Sweden,Sweden,Jamaica,1893,1655,2,1,3,-3,1896,1652,13,50,0,0,13,50,20,100,338
6523,May 29 1999,Friendly in Canada,Canada,Guatemala,1537,1575,1,0,8,-8,1545,1567,67,66,2,-3,69,63,20,100,62
6524,May 29 1999,Friendly in Chile,Chile,Costa Rica,1744,1613,3,0,7,-7,1751,1606,24,55,2,0,26,55,20,100,231
6525,May 29 1999,Friendly in the United States,El Salvador,Colombia,1432,1751,2,1,17,-17,1449,1734,81,32,9,-3,90,29,20,0,-319
6526,May 29 1999,Friendly in Ireland,Ireland,Northern Ireland,1769,1557,0,1,-17,17,1752,1574,29,55,-4,5,25,60,20,100,312
6527,May 29 1999,Friendly in Saint Kitts and Nevis,Saint Kitts and Nevis,Antigua and Barbuda,1295,1185,4,1,8,-8,1303,1177,129,159,1,0,130,159,20,100,210
6528,May 30 1999,Friendly tournament in Japan,Belgium,Peru,1757,1716,1,1,-2,2,1755,1718,24,33,0,1,24,34,30,0,41
6529,May 30 1999,COSAFA Cup in Botswana,Botswana,Mozambique,1011,1260,0,2,-18,18,993,1278,195,135,-5,2,190,137,40,100,-149
6530,May 30 1999,Friendly in Lesotho,Lesotho,Mauritius,1147,1212,1,2,-11,11,1136,1223,164,146,0,2,164,148,20,100,35
6531,May 30 1999,European Championship qual in Norway,Norway,Georgia,1891,1571,1,0,3,-3,1894,1568,14,63,0,-1,14,62,20,0,320
6532,Jun 1999,Friendly in Guam,Guam,FS Micronesia,665,600,3,0,10,-10,675,590,213,222,0,0,213,222,20,100,165
6533,Jun 1999,Friendly in Guam,Guam,FS Micronesia,675,590,4,1,9,-9,684,581,213,222,0,0,213,222,20,100,185
6534,Jun 1999,Friendly in Guam,Guam,FS Micronesia,684,581,5,0,9,-9,693,572,213,222,0,0,213,222,20,100,203
6535,Jun 1 1999,Friendly in Mali,Mali,Senegal,1442,1439,1,1,-3,3,1439,1442,96,93,-1,1,95,94,20,100,103
6536,Jun 2 1999,Friendly tournament in Canada,Canada,Guatemala,1545,1567,2,0,18,-18,1563,1549,61,75,4,-6,65,69,30,100,78
6537,Jun 2 1999,Friendly tournament in Canada,Ecuador,Iran,1723,1763,1,1,2,-2,1725,1761,31,23,0,-1,31,22,30,0,-40
6538,Jun 3 1999,CONCACAF Ch q & Car Cup in Trinidad and Tobago,Grenada,Guadeloupe,1315,1383,2,1,24,-24,1339,1359,112,123,8,-7,120,116,40,0,-68
6539,Jun 3 1999,Friendly tournament in Japan,Japan,Belgium,1690,1755,0,0,-2,2,1688,1757,44,24,0,0,44,24,30,100,35
6540,Jun 3 1999,CONCACAF Ch q & Car Cup in Trinidad and Tobago,Trinidad and Tobago,Jamaica,1512,1652,1,0,22,-22,1534,1630,68,56,4,-3,72,53,40,100,-40
6541,Jun 4 1999,Friendly tournament in Canada,Canada,Iran,1563,1761,0,1,-11,11,1552,1772,67,20,-1,1,66,21,30,100,-98
6542,Jun 4 1999,CONCACAF Ch q & Car Cup in Trinidad and Tobago,Cuba,Haiti,1464,1403,3,1,25,-25,1489,1378,73,117,5,-6,78,111,40,0,61
6543,Jun 4 1999,Friendly tournament in Canada,Ecuador,Guatemala,1725,1549,3,1,12,-12,1737,1537,25,73,3,-2,28,71,30,0,176
6544,Jun 4 1999,European Championship qual in Germany,Germany,Moldova,1943,1408,6,1,2,-2,1945,1406,4,103,2,0,6,103,20,0,535
6545,Jun 4 1999,European Championship qual in Poland,Poland,Bulgaria,1745,1674,2,0,16,-16,1761,1658,19,52,4,-3,23,49,40,100,171
6546,Jun 5 1999,European Championship qual in Albania,Albania,Norway,1460,1894,1,2,-5,5,1455,1899,84,14,1,0,85,14,40,100,-334
6547,Jun 5 1999,European Championship qual in Azerbaijan,Azerbaijan,Liechtenstein,1322,1075,4,0,9,-9,1331,1066,116,181,6,-2,122,179,40,100,347
6548,Jun 5 1999,European Championship qual in Bosnia and Herzegovina,Bosnia and Herzegovina,Lithuania,1551,1443,2,0,14,-14,1565,1429,59,103,4,-5,63,98,40,100,208
6549,Jun 5 1999,Friendly in Brazil,Brazil,Netherlands,2040,1969,2,2,-5,5,2035,1974,2,5,0,0,2,5,20,100,171
6550,Jun 5 1999,European Championship qual in Denmark,Denmark,Belarus,1812,1427,1,0,2,-2,1814,1425,19,101,-1,0,18,101,20,0,385
6551,Jun 5 1999,European Championship qual in England,England,Sweden,1936,1896,0,0,-8,8,1928,1904,9,13,0,0,9,13,40,100,140
6552,Jun 5 1999,European Championship qual in Estonia,Estonia,Czechia,1282,1916,0,2,-3,3,1279,1919,137,9,-1,1,136,10,40,100,-534
6553,Jun 5 1999,European Championship qual in the Faroe Islands,Faroe Islands,Scotland,1209,1716,1,1,16,-16,1225,1700,145,44,3,-4,148,40,40,100,-407
6554,Jun 5 1999,European Championship qual in Finland,Finland,Turkey,1570,1670,2,4,-30,30,1540,1700,79,33,-9,7,70,40,40,100,0
6555,Jun 5 1999,European Championship qual in France,France,Russia,2074,1780,2,3,-36,36,2038,1816,1,14,0,3,1,17,40,100,394
6556,Jun 5 1999,European Championship qual in Georgia,Georgia,Greece,1568,1717,1,2,-17,17,1551,1734,72,25,-5,5,67,30,40,100,-49
6557,Jun 5 1999,European Championship qual in Iceland,Iceland,Armenia,1564,1364,2,0,9,-9,1573,1355,61,117,1,-1,62,116,40,100,300
6558,Jun 5 1999,European Championship qual in Italy,Italy,Wales,2011,1594,4,0,4,-4,2015,1590,3,57,0,0,3,57,40,100,517
6559,Jun 5 1999,CONCACAF Ch q & Car Cup in Trinidad and Tobago,Jamaica,Guadeloupe,1630,1359,5,1,13,-13,1643,1346,51,124,1,-4,52,120,40,0,271
6560,Jun 5 1999,European Championship qual in Latvia,Latvia,Slovenia,1448,1554,1,2,-20,20,1428,1574,107,55,-8,5,99,60,40,100,-6
6561,Jun 5 1999,European Championship qual in Macedonia,Macedonia,Croatia,1550,1925,1,1,13,-13,1563,1912,62,14,3,-2,65,12,40,100,-275
6562,Jun 5 1999,African Nations Cup qualifier in Namibia,Namibia,Ivory Coast,1337,1618,1,1,10,-10,1347,1608,117,54,2,0,119,54,30,0,-281
6563,Jun 5 1999,European Championship qual in Portugal,Portugal,Slovakia,1909,1693,1,0,6,-6,1915,1687,10,47,1,-2,11,45,40,100,316
6564,Jun 5 1999,European Championship qual in Romania,Romania,Hungary,1871,1678,2,0,9,-9,1880,1669,14,49,1,-2,15,47,40,100,293
6565,Jun 5 1999,African Nations Cup qualifier in South Africa,South Africa,Mauritius,1633,1223,2,0,3,-3,1636,1220,54,150,-1,-1,53,149,20,0,410
6566,Jun 5 1999,Friendly in South Korea,South Korea,Belgium,1705,1757,1,2,-11,11,1694,1768,45,19,-3,3,42,22,20,100,48
6567,Jun 5 1999,European Championship qual in Spain,Spain,San Marino,2000,944,9,0,0,0,2000,944,4,193,0,0,4,193,20,0,1056
6568,Jun 5 1999,CONCACAF Ch q & Car Cup in Trinidad and Tobago,Trinidad and Tobago,Grenada,1534,1339,7,0,14,-14,1548,1325,64,130,4,-5,68,125,40,100,295
6569,Jun 5 1999,African Nations Cup qualifier in Uganda,Uganda,Liberia,1371,1373,1,0,15,-15,1386,1358,100,116,7,-2,107,114,30,0,-2
6570,Jun 5 1999,European Championship qual in Ukraine,Ukraine,Andorra,1722,1053,4,0,1,-1,1723,1052,34,182,-1,0,33,182,20,0,669
6571,Jun 5 1999,African Nations Cup qualifier in Zambia,Zambia,Madagascar,1639,1463,3,0,12,-12,1651,1451,49,91,1,-3,50,88,40,100,276
6572,Jun 6 1999,African Nations Cup qualifier in Burkina Faso,Burkina Faso,Senegal,1468,1442,2,2,-7,7,1461,1449,88,90,-3,1,85,91,40,100,126
6573,Jun 6 1999,African Nations Cup qualifier in Cameroon,Cameroon,Eritrea,1581,1219,1,0,3,-3,1584,1216,59,152,0,-1,59,151,30,0,362
6574,Jun 6 1999,Friendly tournament in Canada,Canada,Ecuador,1552,1737,1,2,-11,11,1541,1748,74,30,-4,-1,70,29,30,100,-85
6575,Jun 6 1999,African Nations Cup qualifier in Gabon,Gabon,Angola,1448,1454,3,1,22,-22,1470,1432,71,106,10,-10,81,96,40,100,94
6576,Jun 6 1999,Friendly tournament in Canada,Guatemala,Iran,1537,1772,2,2,9,-9,1546,1763,64,23,4,-1,68,22,30,0,-235
6577,Jun 6 1999,CONCACAF Ch q & Car Cup in Trinidad and Tobago,Haiti,Saint Kitts and Nevis,1378,1303,2,0,24,-24,1402,1279,98,140,7,-5,105,135,40,0,75
6578,Jun 6 1999,European Championship qual in Israel,Israel,Austria,1721,1736,5,0,30,-30,1751,1706,20,43,7,-7,27,36,40,100,85
6579,Jun 6 1999,Friendly tournament in Japan,Japan,Peru,1688,1718,0,0,-3,3,1685,1721,46,33,-1,1,45,34,30,100,70
6580,Jun 6 1999,African Nations Cup qualifier in Kenya,Kenya,DR Congo,1435,1517,0,1,-21,21,1414,1538,109,71,-7,2,102,73,40,100,18
6581,Jun 6 1999,African Nations Cup qualifier in Mali,Mali,Congo,1439,1476,3,1,25,-25,1464,1451,73,94,10,-7,83,87,30,0,-37
6582,Jun 6 1999,African Nations Cup qualifier in Morocco,Morocco,Guinea,1796,1453,1,0,3,-3,1799,1450,18,93,1,-3,19,90,40,100,443
6583,Jun 6 1999,African Nations Cup qualifier in Tunisia,Tunisia,Algeria,1673,1516,2,0,11,-11,1684,1505,46,76,0,0,46,76,40,100,257
6584,Jun 7 1999,CONCACAF Ch q & Car Cup in Trinidad and Tobago,Jamaica,Grenada,1643,1325,2,1,6,-6,1649,1319,50,131,1,-3,51,128,40,0,318
6585,Jun 7 1999,CONCACAF Ch q & Car Cup in Trinidad and Tobago,Trinidad and Tobago,Guadeloupe,1548,1346,3,2,6,-6,1554,1340,65,120,1,0,66,120,40,100,302
6586,Jun 8 1999,Friendly in Brazil,Brazil,Netherlands,2035,1974,3,1,9,-9,2044,1965,0,5,1,0,1,5,20,100,161
6587,Jun 8 1999,CONCACAF Ch q & Car Cup in Trinidad and Tobago,Cuba,Saint Kitts and Nevis,1489,1279,2,0,14,-14,1503,1265,76,141,1,-3,77,138,40,0,210
6588,Jun 8 1999,European Championship qual in Greece,Yugoslavia,Malta,1945,1207,4,1,1,-1,1946,1206,6,153,0,0,6,153,30,0,738
6589,Jun 9 1999,European Championship qual in Albania,Albania,Slovenia,1455,1574,0,1,-19,19,1436,1593,104,54,-9,3,95,57,40,100,-19
6590,Jun 9 1999,Friendly tournament in the United States,Argentina,Mexico,1944,1876,2,2,-3,3,1941,1879,8,16,0,0,8,16,30,0,68
6591,Jun 9 1999,European Championship qual in Armenia,Armenia,Ukraine,1355,1723,0,0,13,-13,1368,1710,112,37,2,-2,114,35,40,100,-268
6592,Jun 9 1999,European Championship qual in Bulgaria,Bulgaria,England,1658,1928,1,1,9,-9,1667,1919,45,11,2,-1,47,10,40,100,-170
6593,Jun 9 1999,European Championship qual in Czechia,Czechia,Scotland,1919,1700,3,2,5,-5,1924,1695,8,44,1,-2,9,42,40,100,319
6594,Jun 9 1999,European Championship qual in England,Denmark,Wales,1814,1590,2,0,13,-13,1827,1577,16,63,1,-3,17,60,40,0,224
6595,Jun 9 1999,European Championship qual in Estonia,Estonia,Lithuania,1279,1429,1,2,-17,17,1262,1446,141,89,-3,4,138,93,40,100,-50
6596,Jun 9 1999,European Championship qual in the Faroe Islands,Faroe Islands,Bosnia and Herzegovina,1225,1565,2,2,12,-12,1237,1553,142,69,3,-3,145,66,40,100,-240
6597,Jun 9 1999,European Championship qual in Spain,France,Andorra,2038,1052,1,0,0,0,2038,1052,2,182,0,0,2,182,20,0,986
6598,Jun 9 1999,European Championship qual in Greece,Greece,Latvia,1734,1428,1,2,-36,36,1698,1464,52,68,-11,15,41,83,40,100,406
6599,Jun 9 1999,European Championship qual in Hungary,Hungary,Slovakia,1669,1687,0,1,-25,25,1644,1712,57,24,-5,10,52,34,40,100,82
6600,Jun 9 1999,European Championship qual in Ireland,Ireland,Macedonia,1752,1563,1,0,6,-6,1758,1557,24,63,1,1,25,64,40,100,289
6601,Jun 9 1999,European Championship qual in Luxembourg,Luxembourg,Poland,1196,1761,2,3,-3,3,1193,1764,158,20,-1,2,157,22,40,100,-465
6602,Jun 9 1999,European Championship qual in Moldova,Moldova,Finland,1406,1540,0,0,2,-2,1408,1538,103,73,0,-1,103,72,40,100,-34
6603,Jun 9 1999,European Championship qual in Portugal,Portugal,Liechtenstein,1915,1066,8,0,0,0,1915,1066,11,179,0,0,11,179,20,0,849
6604,Jun 9 1999,European Championship qual in Romania,Romania,Azerbaijan,1880,1331,4,0,2,-2,1882,1329,15,122,0,0,15,122,20,0,549
6605,Jun 9 1999,European Championship qual in Russia,Russia,Iceland,1816,1573,1,0,5,-5,1821,1568,19,62,-1,0,18,62,40,100,343
6606,Jun 9 1999,European Championship qual in Switzerland,Switzerland,Italy,1702,2015,0,0,11,-11,1713,2004,28,3,5,0,33,3,30,0,-313
6607,Jun 10 1999,CONCACAF Ch q & Car Cup in Trinidad and Tobago,Cuba,Jamaica,1503,1649,2,0,42,-42,1545,1607,61,58,8,-4,69,54,40,0,-146
6608,Jun 11 1999,CONCACAF Ch q & Car Cup in Trinidad and Tobago,Trinidad and Tobago,Haiti,1554,1402,6,1,15,-15,1569,1387,59,109,3,-2,62,107,40,100,252
6609,Jun 12 1999,Korea Cup in South Korea,South Korea,Mexico,1694,1879,1,1,4,-4,1698,1875,39,16,2,0,41,16,30,100,-85
6610,Jun 13 1999,Korea Cup in South Korea,Croatia,Egypt,1912,1701,2,2,-8,8,1904,1709,12,35,0,2,12,37,30,0,211
6611,Jun 13 1999,Friendly in Kenya,Kenya,Zanzibar,1414,1167,0,1,-18,18,1396,1185,108,157,-3,2,105,159,20,100,347
6612,Jun 13 1999,CONCACAF Ch q & Car Cup in Trinidad and Tobago,Trinidad and Tobago,Cuba,1569,1545,2,1,13,-13,1582,1532,58,79,2,-5,60,74,40,100,124
6613,Jun 13 1999,Friendly in the United States,United States,Argentina,1726,1941,1,0,13,-13,1739,1928,29,8,1,0,30,8,20,100,-115
6614,Jun 15 1999,Korea Cup in South Korea,South Korea,Egypt,1698,1709,0,0,-4,4,1694,1713,45,29,-2,4,43,33,30,100,89
6615,Jun 15 1999,Friendly in Venezuela,Venezuela,Ecuador,1373,1748,3,2,17,-17,1390,1731,99,33,7,-2,106,31,20,100,-275
6616,Jun 16 1999,Korea Cup in South Korea,Croatia,Mexico,1904,1875,2,1,14,-14,1918,1861,10,16,1,0,11,16,30,0,29
6617,Jun 16 1999,Friendly in South Africa,South Africa,Zimbabwe,1636,1474,0,1,-16,16,1620,1490,52,78,0,1,52,79,20,100,262
6618,Jun 16 1999,Friendly tournament in Thailand,Thailand,New Zealand,1399,1539,2,2,2,-2,1401,1537,104,75,0,-2,104,73,30,100,-40
6619,Jun 17 1999,Friendly in Colombia,Colombia,Peru,1734,1721,3,3,-3,3,1731,1724,30,32,0,0,30,32,20,100,113
6620,Jun 17 1999,Friendly in Paraguay,Paraguay,Uruguay,1798,1758,2,3,-14,14,1784,1772,20,17,0,4,20,21,20,100,140
6621,Jun 18 1999,Korea Cup in South Korea,Mexico,Egypt,1861,1713,2,0,13,-13,1874,1700,16,45,0,-6,16,39,30,0,148
6622,Jun 18 1999,Friendly in Saudi Arabia,Saudi Arabia,Jordan,1710,1425,2,1,2,-2,1712,1423,32,102,2,-1,34,101,20,100,385
6623,Jun 19 1999,African Nations Cup qualifier in Eritrea,Eritrea,Mozambique,1216,1278,1,0,18,-18,1234,1260,143,143,4,-4,147,139,30,0,-62
6624,Jun 19 1999,Friendly tournament in Thailand,New Zealand,Poland,1537,1764,0,0,9,-9,1546,1755,63,29,5,-3,68,26,30,0,-227
6625,Jun 19 1999,African Nations Cup qualifier in Senegal,Senegal,Burundi,1449,1404,1,0,12,-12,1461,1392,81,107,5,-2,86,105,40,100,145
6626,Jun 19 1999,Korea Cup in South Korea,South Korea,Croatia,1694,1918,1,1,5,-5,1699,1913,39,13,2,-1,41,12,30,100,-124
6627,Jun 20 1999,African Nations Cup qualifier in Algeria,Algeria,Uganda,1505,1386,2,0,13,-13,1518,1373,77,119,0,-5,77,114,40,100,219
6628,Jun 20 1999,African Nations Cup qualifier in Angola,Angola,South Africa,1432,1620,2,2,5,-5,1437,1615,92,52,3,0,95,52,20,0,-188
6629,Jun 20 1999,Friendly in Chile,Chile,Bolivia,1751,1660,1,0,5,-5,1756,1655,25,48,1,0,26,48,20,100,191
6630,Jun 20 1999,African Nations Cup qualifier in Congo,Congo,Namibia,1451,1347,3,0,17,-17,1468,1330,76,123,6,-2,82,121,40,100,204
6631,Jun 20 1999,African Nations Cup qualifier in the Dem Rep of the Congo,DR Congo,Zambia,1538,1651,0,1,-19,19,1519,1670,80,43,-4,3,76,46,40,100,-13
6632,Jun 20 1999,African Nations Cup qualifier in Réunion,Gabon,Mauritius,1470,1220,2,2,-12,12,1458,1232,97,148,-8,1,89,149,40,0,250
6633,Jun 20 1999,African Nations Cup qualifier in Guinea,Guinea,Togo,1450,1385,2,1,11,-11,1461,1374,81,116,5,-3,86,113,40,100,165
6634,Jun 20 1999,African Nations Cup qualifier in Ivory Coast,Ivory Coast,Mali,1608,1464,0,0,-12,12,1596,1476,59,79,-3,2,56,81,40,100,244
6635,Jun 20 1999,African Nations Cup qualifier in Liberia,Liberia,Tunisia,1358,1684,2,0,47,-47,1405,1637,93,56,11,-5,104,51,40,100,-226
6636,Jun 20 1999,African Nations Cup qualifier in Madagascar,Madagascar,Kenya,1451,1396,1,1,-8,8,1443,1404,98,106,-5,-1,93,105,40,100,155
6637,Jun 20 1999,Friendly in Venezuela,Venezuela,Peru,1390,1724,3,0,28,-28,1418,1696,98,52,4,-10,102,42,20,100,-234
6638,Jun 22 1999,Friendly in Chile,Chile,Ecuador,1756,1731,0,0,-3,3,1753,1734,28,30,-1,0,27,30,20,100,125
6639,Jun 22 1999,Friendly in Oman,Oman,New Zealand,1353,1546,1,0,13,-13,1366,1533,115,76,1,-4,116,72,20,100,-93
6640,Jun 22 1999,Friendly in Saudi Arabia,Saudi Arabia,Jordan,1712,1423,2,0,3,-3,1715,1420,31,101,1,0,32,101,20,100,389
6641,Jun 22 1999,Friendly in Uganda,Uganda,Zambia,1373,1670,0,1,-5,5,1368,1675,114,46,0,0,114,46,20,100,-197
6642,Jun 23 1999,Friendly in Peru,Peru,Venezuela,1696,1418,3,0,4,-4,1700,1414,34,102,4,0,38,102,20,100,378
6643,Jun 24 1999,Friendly in Oman,Oman,New Zealand,1366,1533,2,2,2,-2,1368,1531,112,74,2,-1,114,73,20,100,-67
6644,Jun 24 1999,Friendly in Paraguay,Paraguay,Colombia,1784,1731,2,1,6,-6,1790,1725,20,31,0,0,20,31,20,100,153
6645,Jun 24 1999,Friendly in Saudi Arabia,Saudi Arabia,Lithuania,1715,1446,0,1,-18,18,1697,1464,52,76,-10,8,42,84,20,100,369
6646,Jun 26 1999,Friendly in Argentina,Argentina,Lithuania,1928,1464,0,0,-9,9,1919,1473,10,80,-1,2,9,82,20,0,464
6647,Jun 26 1999,Friendly in Brazil,Brazil,Latvia,2044,1464,3,0,1,-1,2045,1463,1,88,0,-2,1,86,20,0,580
6648,Jun 28 1999,Friendly in Jordan,Jordan,Iraq,1420,1598,0,1,-8,8,1412,1606,103,53,-1,1,102,54,20,100,-78
6649,Jun 29 1999,Copa América in Paraguay,Paraguay,Bolivia,1790,1655,0,0,-15,15,1775,1670,20,44,0,2,20,46,50,100,235
6650,Jun 29 1999,Copa América in Paraguay,Peru,Japan,1700,1685,3,2,24,-24,1724,1661,27,51,5,-3,32,48,50,0,15
6651,Jun 29 1999,Friendly in Singapore,Singapore,New Zealand,1306,1531,0,1,-7,7,1299,1538,131,69,-1,2,130,71,20,100,-125
6652,Jun 29 1999,Friendly in Zimbabwe,Zimbabwe,Egypt,1490,1700,1,1,3,-3,1493,1697,79,45,0,-4,79,41,20,100,-110
6653,Jun 30 1999,Copa América in Paraguay,Brazil,Venezuela,2045,1414,7,0,3,-3,2048,1411,1,103,0,-1,1,102,50,0,631
6654,Jun 30 1999,Friendly in Jordan,Jordan,Iraq,1412,1606,1,1,3,-3,1415,1603,100,56,1,-1,101,55,20,100,-94
6655,Jun 30 1999,Copa América in Paraguay,Mexico,Chile,1874,1753,1,0,17,-17,1891,1736,14,31,1,-2,15,29,50,0,121
6656,Jul 1 1999,Copa América in Paraguay,Argentina,Ecuador,1919,1734,3,1,19,-19,1938,1715,7,34,1,-2,8,32,50,0,185
6657,Jul 1 1999,Copa América in Paraguay,Colombia,Uruguay,1725,1772,1,0,28,-28,1753,1744,21,35,5,-7,26,28,50,0,-47
6658,Jul 1 1999,Friendly in Malaysia,Malaysia,New Zealand,1203,1538,2,1,16,-16,1219,1522,148,79,3,-4,151,75,20,100,-235
6659,Jul 2 1999,Friendly in Estonia,Indonesia,Lithuania,1323,1473,2,2,4,-4,1327,1469,122,82,2,0,124,82,20,0,-150
6660,Jul 2 1999,Copa América in Paraguay,Paraguay,Japan,1775,1661,4,0,21,-21,1796,1640,20,52,0,-2,20,50,50,100,214
6661,Jul 2 1999,Copa América in Paraguay,Peru,Bolivia,1724,1670,1,0,21,-21,1745,1649,25,48,3,-1,28,47,50,0,54
6662,Jul 3 1999,Copa América in Paraguay,Brazil,Mexico,2048,1891,2,1,14,-14,2062,1877,1,17,0,-1,1,16,50,0,157
6663,Jul 3 1999,Copa América in Paraguay,Chile,Venezuela,1736,1411,3,0,12,-12,1748,1399,25,110,3,-4,28,106,50,0,325
6664,Jul 3 1999,African Nations Cup qualifier in Eritrea,Eritrea,Zimbabwe,1234,1493,0,1,-11,11,1223,1504,153,77,-3,1,150,78,40,100,-159
6665,Jul 3 1999,Friendly in Malaysia,Malaysia,New Zealand,1219,1522,1,5,-9,9,1210,1531,153,71,-1,2,152,73,20,100,-203
6666,Jul 4 1999,Copa América in Paraguay,Colombia,Argentina,1753,1938,3,0,65,-65,1818,1873,12,24,7,-8,19,16,50,0,-185
6667,Jul 4 1999,COSAFA Cup in Lesotho,Lesotho,Angola,1136,1437,0,1,-10,10,1126,1447,170,91,-3,2,167,93,40,100,-201
6668,Jul 4 1999,Copa América in Paraguay,Uruguay,Ecuador,1744,1715,2,1,23,-23,1767,1692,16,56,7,-12,23,44,50,0,29
6669,Jul 5 1999,Copa América in Paraguay,Bolivia,Japan,1649,1640,1,1,-1,1,1648,1641,47,50,0,0,47,50,40,0,9
6670,Jul 5 1999,Copa América in Paraguay,Paraguay,Peru,1796,1745,1,0,15,-15,1811,1730,19,32,1,-1,20,31,50,100,151
6671,Jul 6 1999,Copa América in Paraguay,Brazil,Chile,2062,1748,1,0,7,-7,2069,1741,1,29,0,0,1,29,50,0,314
6672,Jul 6 1999,Friendly in Malawi,Malawi,Uganda,1285,1368,0,2,-16,16,1269,1384,137,106,-2,4,135,110,20,100,17
6673,Jul 6 1999,Copa América in Paraguay,Mexico,Venezuela,1877,1399,3,1,4,-4,1881,1395,15,106,0,0,15,106,40,0,478
6674,Jul 7 1999,Copa América in Paraguay,Argentina,Uruguay,1873,1767,2,0,26,-26,1899,1741,10,33,3,-5,13,28,50,0,106
6675,Jul 7 1999,Copa América in Paraguay,Colombia,Ecuador,1818,1692,2,1,16,-16,1834,1676,15,44,2,0,17,44,50,0,126
6676,Jul 9 1999,Friendly in the United States,Saudi Arabia,Canada,1697,1541,2,0,9,-9,1706,1532,30,72,5,-1,35,71,20,0,156
6677,Jul 10 1999,Friendly in Mexico,Egypt,New Zealand,1697,1531,1,1,-4,4,1693,1535,45,69,-2,2,43,71,20,0,166
6678,Jul 10 1999,Copa América in Paraguay,Mexico,Peru,1881,1730,3,3,-10,10,1871,1740,16,29,0,1,16,30,50,0,151
6679,Jul 10 1999,Copa América in Paraguay,Paraguay,Uruguay,1811,1741,1,1,-11,11,1800,1752,20,26,0,1,20,27,50,100,170
6680,Jul 11 1999,Copa América in Paraguay,Brazil,Argentina,2069,1899,2,1,14,-14,2083,1885,1,15,0,-1,1,14,50,0,170
6681,Jul 11 1999,Copa América in Paraguay,Chile,Colombia,1741,1834,3,2,32,-32,1773,1802,15,21,7,-2,22,19,50,0,-93
6682,Jul 11 1999,Friendly in Uzbekistan,Uzbekistan,Malaysia,1544,1210,3,0,3,-3,1547,1207,67,154,1,-1,68,153,20,100,434
6683,Jul 12 1999,Micronesian Cup in the FS Micronesia,FS Micronesia,Northern Mariana Islands,572,682,7,0,46,-46,618,636,216,220,3,-2,219,218,40,100,-10
6684,Jul 13 1999,Copa América in Paraguay,Chile,Uruguay,1773,1752,1,1,-2,2,1771,1754,22,28,0,0,22,28,50,0,21
6685,Jul 13 1999,Friendly in the United States,Jamaica,Saudi Arabia,1607,1706,2,1,13,-13,1620,1693,51,49,1,-7,52,42,20,0,-99
6686,Jul 14 1999,Copa América in Paraguay,Brazil,Mexico,2083,1871,2,0,17,-17,2100,1854,1,16,0,0,1,16,50,0,212
6687,Jul 15 1999,Friendly in Mexico,Egypt,New Zealand,1693,1535,1,0,6,-6,1699,1529,36,77,3,-3,39,74,20,0,158
6688,Jul 15 1999,Friendly in the United States,Saudi Arabia,Jamaica,1693,1620,4,0,15,-15,1708,1605,28,56,7,-2,35,54,20,0,73
6689,Jul 16 1999,Friendly in Jordan,Jordan,Syria,1415,1464,1,0,9,-9,1424,1455,101,95,0,-5,101,90,20,100,51
6690,Jul 17 1999,Friendly in the United States,Costa Rica,Saudi Arabia,1606,1708,1,0,13,-13,1619,1695,51,47,1,-6,52,41,20,0,-102
6691,Jul 17 1999,Copa América in Paraguay,Mexico,Chile,1854,1771,2,1,19,-19,1873,1752,16,34,0,-6,16,28,50,0,83
6692,Jul 18 1999,Copa América in Paraguay,Brazil,Uruguay,2100,1754,3,0,11,-11,2111,1743,1,31,0,-2,1,29,50,0,346
6693,Jul 18 1999,Friendly in Jordan,Jordan,Syria,1424,1455,4,0,15,-15,1439,1440,89,98,6,-4,95,94,20,100,69
6694,Jul 18 1999,African Nations Cup qualifier in Senegal,Senegal,Eritrea,1461,1223,6,2,9,-9,1470,1214,78,152,4,-1,82,151,40,100,338
6695,Jul 18 1999,COSAFA Cup in Swaziland,Swaziland,Zimbabwe,1219,1504,1,1,10,-10,1229,1494,147,80,2,-1,149,79,30,0,-285
6696,Jul 21 1999,Friendly in Oman,Oman,Kenya,1368,1404,2,2,-2,2,1366,1406,117,102,-1,1,116,103,20,100,64
6697,Jul 24 1999,Confederations Cup in Mexico,Brazil,Germany,2111,1945,4,0,26,-26,2137,1919,1,9,0,-1,1,8,50,0,166
6698,Jul 24 1999,CECAFA Cup in Rwanda,Rwanda,Djibouti,1118,888,4,1,9,-9,1127,879,162,199,4,0,166,199,40,100,330
6699,Jul 24 1999,Friendly in Thailand,Thailand,Uzbekistan,1401,1547,1,0,11,-11,1412,1536,99,72,3,-2,102,70,20,100,-46
6700,Jul 24 1999,Confederations Cup in Mexico,United States,New Zealand,1739,1529,2,1,11,-11,1750,1518,27,78,2,-2,29,76,50,0,210
6701,Jul 25 1999,Confederations Cup in Mexico,Bolivia,Egypt,1648,1699,2,2,4,-4,1652,1695,47,42,0,-2,47,40,50,0,-51
6702,Jul 25 1999,CECAFA Cup in Rwanda,Burundi,Uganda,1392,1384,0,0,0,0,1392,1384,107,110,0,0,107,110,20,0,8
6703,Jul 25 1999,CECAFA Cup in Rwanda,Ethiopia,Zanzibar,1294,1185,2,0,21,-21,1315,1164,127,163,2,-2,129,161,40,0,109
6704,Jul 25 1999,Confederations Cup in Mexico,Mexico,Saudi Arabia,1873,1695,5,1,16,-16,1889,1679,12,45,2,-2,14,43,50,100,278
6705,Jul 26 1999,CECAFA Cup in Rwanda,Tanzania,Djibouti,1262,879,2,1,4,-4,1266,875,135,199,1,0,136,199,40,0,383
6706,Jul 27 1999,Confederations Cup in Mexico,Bolivia,Saudi Arabia,1652,1679,0,0,2,-2,1654,1677,47,43,0,0,47,43,40,0,-27
6707,Jul 27 1999,CECAFA Cup in Rwanda,Burundi,Somalia,1392,1136,3,0,13,-13,1405,1123,103,176,2,-6,105,170,40,0,256
6708,Jul 27 1999,CECAFA Cup in Rwanda,Ethiopia,Sudan,1315,1379,0,0,4,-4,1319,1375,127,114,1,-1,128,113,40,0,-64
6709,Jul 27 1999,Confederations Cup in Mexico,Mexico,Egypt,1889,1695,2,2,-17,17,1872,1712,18,26,-2,7,16,33,50,100,294
6710,Jul 28 1999,Confederations Cup in Mexico,Brazil,United States,2137,1750,1,0,5,-5,2142,1745,1,29,0,0,1,29,50,0,387
6711,Jul 28 1999,Confederations Cup in Mexico,Germany,New Zealand,1919,1518,2,0,7,-7,1926,1511,6,78,1,-1,7,77,50,0,401
6712,Jul 28 1999,Friendly tournament in the United States,Guatemala,El Salvador,1546,1449,2,0,16,-16,1562,1433,62,105,3,-7,65,98,30,0,97
6713,Jul 28 1999,CECAFA Cup in Rwanda,Kenya,Eritrea,1406,1214,1,0,10,-10,1416,1204,100,157,2,-3,102,154,40,0,192
6714,Jul 28 1999,CECAFA Cup in Rwanda,Rwanda,Tanzania,1127,1266,0,0,2,-2,1129,1264,163,138,1,-1,164,137,30,100,-39
6715,Jul 29 1999,Confederations Cup in Mexico,Mexico,Bolivia,1872,1654,1,0,7,-7,1879,1647,16,47,0,0,16,47,30,0,218
6716,Jul 29 1999,Confederations Cup in Mexico,Saudi Arabia,Egypt,1677,1712,5,1,52,-52,1729,1660,21,59,11,-13,32,46,50,0,-35
6717,Jul 29 1999,CECAFA Cup in Rwanda,Sudan,Zanzibar,1375,1164,1,1,-11,11,1364,1175,119,159,-3,1,116,160,30,100,311
6718,Jul 29 1999,CECAFA Cup in Rwanda,Uganda,Somalia,1384,1123,2,0,11,-11,1395,1112,104,172,3,-1,107,171,40,0,261
6719,Jul 30 1999,Confederations Cup in Mexico,Brazil,New Zealand,2142,1511,2,0,2,-2,2144,1509,1,77,0,0,1,77,40,0,631
6720,Jul 30 1999,Southeast Asian Games in Brunei,Thailand,Philippines,1412,715,9,0,2,-2,1414,713,103,211,0,0,103,211,40,0,697
6721,Jul 30 1999,Confederations Cup in Mexico,United States,Germany,1745,1926,2,0,55,-55,1800,1871,11,25,9,-9,20,16,50,0,-181
6722,Jul 30 1999,Southeast Asian Games in Brunei,Vietnam,Laos,1233,981,9,0,19,-19,1252,962,133,193,7,-1,140,192,40,0,252
6723,Jul 30 1999,African Nations Cup qualifier in Zimbabwe,Zimbabwe,Senegal,1494,1470,2,1,13,-13,1507,1457,77,96,1,-7,78,89,40,100,124
6724,Jul 31 1999,CECAFA Cup in Rwanda,Burundi,Tanzania,1405,1264,1,0,12,-12,1417,1252,99,141,3,-2,102,139,40,0,141
6725,Jul 31 1999,Southeast Asian Games in Brunei,Indonesia,Cambodia,1327,998,1,0,5,-5,1332,993,118,190,3,-1,121,189,40,0,329
6726,Jul 31 1999,COSAFA Cup in Namibia,Namibia,South Africa,1330,1615,1,1,10,-10,1340,1605,117,53,2,0,119,53,30,0,-285
6727,Jul 31 1999,CECAFA Cup in Rwanda,Rwanda,Uganda,1129,1395,1,0,29,-29,1158,1366,160,121,2,-7,162,114,40,100,-166
6728,Jul 31 1999,Southeast Asian Games in Brunei,Singapore,Malaysia,1299,1207,2,1,15,-15,1314,1192,129,162,1,-5,130,157,40,0,92
6729,Aug 1 1999,Confederations Cup in Mexico,Brazil,Saudi Arabia,2144,1729,8,2,9,-9,2153,1720,1,32,0,0,1,32,50,0,415
6730,Aug 1 1999,CECAFA Cup in Rwanda,Kenya,Sudan,1416,1364,3,0,30,-30,1446,1334,81,124,11,-4,92,120,40,0,52
6731,Aug 1 1999,Confederations Cup in Mexico,Mexico,United States,1879,1800,1,0,13,-13,1892,1787,11,24,2,-2,13,22,50,100,179
6732,Aug 1 1999,Southeast Asian Games in Brunei,Myanmar,Philippines,1128,713,4,1,6,-6,1134,707,165,211,0,0,165,211,40,0,415
6733,Aug 1 1999,Southeast Asian Games in Brunei,Thailand,Laos,1414,962,4,1,5,-5,1419,957,102,192,1,0,103,192,40,0,452
6734,Aug 2 1999,Southeast Asian Games in Brunei,Brunei,Cambodia,772,993,3,3,7,-7,779,986,205,191,1,-1,206,190,40,100,-121
6735,Aug 2 1999,Southeast Asian Games in Brunei,Indonesia,Malaysia,1332,1192,6,0,26,-26,1358,1166,111,165,5,-4,116,161,40,0,140
6736,Aug 3 1999,Southeast Asian Games in Brunei,Laos,Philippines,957,707,3,2,8,-8,965,699,192,213,0,-1,192,212,40,0,250
6737,Aug 3 1999,Asian Cup qualifier in Tajikistan,Oman,Kyrgyzstan,1366,1237,3,0,23,-23,1389,1214,104,154,5,-4,109,150,40,0,129
6738,Aug 3 1999,CECAFA Cup in Rwanda,Rwanda,Kenya,1158,1446,0,0,10,-10,1168,1436,160,98,1,-3,161,95,30,0,-288
6739,Aug 3 1999,Asian Cup qualifier in Tajikistan,Tajikistan,Iraq,1439,1603,1,2,-16,16,1423,1619,109,49,-7,3,102,52,40,100,-64
6740,Aug 3 1999,Confederations Cup in Mexico,United States,Saudi Arabia,1787,1720,2,0,30,-30,1817,1690,16,52,3,-10,19,42,50,0,67
6741,Aug 3 1999,Southeast Asian Games in Brunei,Vietnam,Myanmar,1252,1134,2,0,20,-20,1272,1114,131,173,4,-4,135,169,40,0,118
6742,Aug 4 1999,Southeast Asian Games in Brunei,Brunei,Singapore,779,1314,1,3,-5,5,774,1319,208,126,-1,2,207,128,40,100,-435
6743,Aug 4 1999,Southeast Asian Games in Brunei,Malaysia,Cambodia,1166,986,7,2,21,-21,1187,965,154,192,4,-1,158,191,40,0,180
6744,Aug 4 1999,Confederations Cup in Mexico,Mexico,Brazil,1892,2153,4,3,36,-36,1928,2117,1,1,6,0,7,1,50,100,-161
6745,Aug 5 1999,Asian Cup qualifier in Tajikistan,Iraq,Oman,1619,1389,2,0,13,-13,1632,1376,52,115,0,-3,52,112,40,0,230
6746,Aug 5 1999,Southeast Asian Games in Brunei,Laos,Myanmar,965,1114,0,0,8,-8,973,1106,191,175,0,-3,191,172,40,0,-149
6747,Aug 5 1999,Asian Cup qualifier in Tajikistan,Tajikistan,Kyrgyzstan,1423,1214,3,2,6,-6,1429,1208,98,152,2,-1,100,151,40,100,309
6748,Aug 5 1999,Southeast Asian Games in Brunei,Thailand,Vietnam,1419,1272,0,0,-8,8,1411,1280,105,131,-1,2,104,133,40,0,147
6749,Aug 6 1999,Southeast Asian Games in Brunei,Brunei,Malaysia,774,1187,0,2,-8,8,766,1195,207,152,0,3,207,155,40,100,-313
6750,Aug 6 1999,Southeast Asian Games in Brunei,Indonesia,Singapore,1358,1319,1,1,-2,2,1356,1321,118,128,-1,0,117,128,30,0,39
6751,Aug 7 1999,Friendly tournament in Ghana,Ghana,Jamaica,1564,1605,2,1,12,-12,1576,1593,60,58,2,-2,62,56,30,100,59
6752,Aug 7 1999,Asian Cup qualifier in Tajikistan,Iraq,Kyrgyzstan,1632,1208,5,1,6,-6,1638,1202,50,157,1,-3,51,154,40,0,424
6753,Aug 7 1999,CECAFA Cup in Rwanda,Rwanda,Burundi,1168,1417,0,0,8,-8,1176,1409,158,105,2,-1,160,104,40,100,-149
6754,Aug 7 1999,Asian Cup qualifier in Tajikistan,Tajikistan,Oman,1429,1376,2,1,12,-12,1441,1364,86,118,7,-3,93,115,40,100,153
6755,Aug 7 1999,COSAFA Cup in Zambia,Zambia,Mozambique,1675,1260,1,1,-18,18,1657,1278,48,131,-2,4,46,135,40,100,515
6756,Aug 8 1999,African Nations Cup qualifier in Senegal,Senegal,Zimbabwe,1457,1507,2,0,26,-26,1483,1481,69,82,10,-2,79,80,30,0,-50
6757,Aug 8 1999,Southeast Asian Games in Brunei,Thailand,Myanmar,1411,1106,7,0,13,-13,1424,1093,103,178,0,-3,103,175,40,0,305
6758,Aug 8 1999,Southeast Asian Games in Brunei,Vietnam,Philippines,1280,699,2,0,2,-2,1282,697,133,212,0,0,133,212,30,0,581
6759,Aug 9 1999,Southeast Asian Games in Brunei,Brunei,Indonesia,766,1356,0,3,-4,4,762,1360,207,115,0,1,207,116,40,100,-490
6760,Aug 9 1999,Southeast Asian Games in Brunei,Singapore,Cambodia,1321,965,2,0,7,-7,1328,958,120,192,4,0,124,192,40,0,356
6761,Aug 12 1999,Southeast Asian Games in Brunei,Thailand,Singapore,1424,1328,2,0,22,-22,1446,1306,81,136,11,-6,92,130,40,0,96
6762,Aug 12 1999,Southeast Asian Games in Brunei,Vietnam,Indonesia,1282,1360,1,0,24,-24,1306,1336,127,124,3,-4,130,120,40,0,-78
6763,Aug 14 1999,Southeast Asian Games in Brunei,Indonesia,Singapore,1336,1306,0,0,-2,2,1334,1308,120,130,0,0,120,130,40,0,30
6764,Aug 14 1999,Southeast Asian Games in Brunei,Thailand,Vietnam,1446,1306,2,0,19,-19,1465,1287,82,136,5,-3,87,133,40,0,140
6765,Aug 14 1999,COSAFA Cup in Zambia,Zambia,Angola,1657,1447,0,1,-34,34,1623,1481,58,69,-6,11,52,80,40,100,310
6766,Aug 15 1999,Friendly in Lesotho,Lesotho,Swaziland,1126,1229,0,3,-17,17,1109,1246,176,136,-5,6,171,142,20,100,-3
6767,Aug 15 1999,African Nations Cup qualifier in Zimbabwe,Zimbabwe,Eritrea,1481,1204,4,0,8,-8,1489,1196,78,156,1,-2,79,154,40,100,377
6768,Aug 17 1999,Friendly in Mozambique,Mozambique,Nigeria,1278,1694,0,1,-3,3,1275,1697,137,39,-1,1,136,40,20,100,-316
6769,Aug 18 1999,Friendly in Belarus,Belarus,Russia,1425,1821,0,2,-5,5,1420,1826,103,18,0,0,103,18,20,100,-296
6770,Aug 18 1999,Friendly in Belgium,Belgium,Finland,1768,1538,3,4,-17,17,1751,1555,31,65,-4,2,27,67,20,100,330
6771,Aug 18 1999,Friendly in Cyprus,Cyprus,Romania,1495,1882,2,2,7,-7,1502,1875,78,15,0,0,78,15,20,100,-287
6772,Aug 18 1999,Friendly in Czechia,Czechia,Switzerland,1924,1713,3,0,5,-5,1929,1708,6,36,1,-2,7,34,20,100,311
6773,Aug 18 1999,Friendly in Denmark,Denmark,Netherlands,1827,1965,0,0,1,-1,1828,1964,17,5,0,0,17,5,20,100,-38
6774,Aug 18 1999,Friendly in Estonia,Estonia,Armenia,1262,1368,2,0,15,-15,1277,1353,131,119,4,-3,135,116,20,100,-6
6775,Aug 18 1999,Friendly in the Faroe Islands,Faroe Islands,Iceland,1237,1568,0,1,-4,4,1233,1572,147,62,0,1,147,63,20,100,-231
6776,Aug 18 1999,Friendly in Greece,Greece,El Salvador,1698,1433,3,1,3,-3,1701,1430,35,100,2,0,37,100,20,100,365
6777,Aug 18 1999,Friendly in Hungary,Hungary,Moldova,1644,1408,1,1,-7,7,1637,1415,52,103,-2,1,50,104,20,100,336
6778,Aug 18 1999,Pan Arab Games in Jordan,Jordan,Palestine,1439,1228,2,0,9,-9,1448,1219,90,149,3,0,93,149,40,100,311
6779,Aug 18 1999,Friendly in Liechtenstein,Liechtenstein,Bosnia and Herzegovina,1066,1553,0,0,8,-8,1074,1545,175,71,2,-2,177,69,20,100,-387
6780,Aug 18 1999,Friendly in Norway,Norway,Lithuania,1899,1469,1,0,1,-1,1900,1468,11,84,1,0,12,84,20,100,530
6781,Aug 18 1999,Friendly in Northern Ireland,Northern Ireland,France,1574,2038,0,1,-2,2,1572,2040,63,2,0,0,63,2,20,100,-364
6782,Aug 18 1999,Friendly in Poland,Poland,Spain,1755,2000,1,2,-6,6,1749,2006,29,2,-1,1,28,3,20,100,-145
6783,Aug 18 1999,Friendly in Portugal,Portugal,Andorra,1915,1052,4,0,0,0,1915,1052,12,182,-1,0,11,182,20,0,863
6784,Aug 18 1999,Friendly in Slovakia,Slovakia,Israel,1712,1751,1,0,8,-8,1720,1743,31,31,1,-1,32,30,20,100,61
6785,Aug 18 1999,European Championship qual in Slovenia,Slovenia,Albania,1593,1436,2,0,11,-11,1604,1425,54,107,1,-5,55,102,40,100,257
6786,Aug 18 1999,Friendly in Sweden,Sweden,Austria,1904,1706,0,0,-7,7,1897,1713,14,31,-1,2,13,33,20,100,298
6787,Aug 18 1999,Friendly in Ukraine,Ukraine,Bulgaria,1710,1667,1,1,-4,4,1706,1671,36,44,-1,0,35,44,20,100,143
6788,Aug 18 1999,Friendly in Uruguay,Uruguay,Costa Rica,1743,1619,5,4,4,-4,1747,1615,28,53,1,0,29,53,20,100,224
6789,Aug 18 1999,Friendly in Uzbekistan,Uzbekistan,Azerbaijan,1536,1329,5,1,5,-5,1541,1324,70,129,0,-3,70,126,20,100,307
6790,Aug 18 1999,European Championship qual in Yugoslavia,Yugoslavia,Croatia,1946,1913,0,0,-7,7,1939,1920,6,7,0,2,6,9,40,100,133
6791,Aug 19 1999,Pan Arab Games in Jordan,Oman,Syria,1364,1440,1,1,4,-4,1368,1436,112,96,1,0,113,96,40,0,-76
6792,Aug 20 1999,African Nations Cup qualifier in Eritrea,Eritrea,Senegal,1196,1483,0,2,-15,15,1181,1498,162,78,-4,1,158,79,40,100,-187
6793,Aug 20 1999,Friendly in Greece,Greece,El Salvador,1701,1430,3,0,4,-4,1705,1426,37,102,0,-1,37,101,20,100,371
6794,Aug 20 1999,Pan Arab Games in Jordan,United Arab Emirates,Lebanon,1525,1352,2,0,16,-16,1541,1336,66,121,4,-2,70,119,40,0,173
6795,Aug 21 1999,European Championship qual in Croatia,Croatia,Malta,1920,1206,2,1,0,0,1920,1206,9,151,0,0,9,151,20,0,714
6796,Aug 21 1999,Pan Arab Games in Jordan,Libya,Iraq,1379,1638,2,0,49,-49,1428,1589,89,65,11,-8,100,57,40,0,-259
6797,Aug 23 1999,Pan Arab Games in Jordan,Iraq,Oman,1589,1368,3,0,15,-15,1604,1353,51,119,3,-3,54,116,40,0,221
6798,Aug 23 1999,Pan Arab Games in Jordan,Jordan,Lebanon,1448,1336,1,3,-46,46,1402,1382,121,105,-14,7,107,112,40,100,212
6799,Aug 23 1999,Pan Arab Games in Jordan,Libya,Syria,1428,1436,1,1,0,0,1428,1436,98,94,1,1,99,95,20,0,-8
6800,Aug 23 1999,Pan Arab Games in Jordan,Palestine,United Arab Emirates,1219,1541,1,0,35,-35,1254,1506,131,84,9,-7,140,77,40,0,-322
6801,Aug 25 1999,Friendly in Bolivia,Bolivia,Venezuela,1647,1395,0,0,-8,8,1639,1403,50,108,-2,0,48,108,20,100,352
6802,Aug 25 1999,Pan Arab Games in Jordan,Jordan,Iraq,1402,1604,2,1,26,-26,1428,1578,91,66,8,-6,99,60,40,100,-102
6803,Aug 25 1999,Pan Arab Games in Jordan,Lebanon,Oman,1382,1353,1,1,-2,2,1380,1355,112,116,0,0,112,116,40,0,29
6804,Aug 25 1999,Pan Arab Games in Jordan,Libya,Palestine,1428,1254,2,2,-9,9,1419,1263,109,140,-5,0,104,140,40,0,174
6805,Aug 25 1999,Pan Arab Games in Jordan,Syria,United Arab Emirates,1436,1506,2,2,4,-4,1440,1502,95,77,0,0,95,77,40,0,-70
6806,Aug 27 1999,Pan Arab Games in Jordan,Iraq,Lebanon,1578,1380,4,0,18,-18,1596,1362,50,116,5,-2,55,114,40,0,198
6807,Aug 27 1999,Pan Arab Games in Jordan,Jordan,Oman,1428,1355,2,0,16,-16,1444,1339,87,122,6,-3,93,119,40,100,173
6808,Aug 27 1999,Pan Arab Games in Jordan,Libya,United Arab Emirates,1419,1502,1,0,25,-25,1444,1477,82,87,11,-5,93,82,40,0,-83
6809,Aug 27 1999,Pan Arab Games in Jordan,Palestine,Syria,1263,1440,1,1,9,-9,1272,1431,136,105,2,-5,138,100,40,0,-177
6810,Aug 28 1999,COSAFA Cup in Namibia,Namibia,Swaziland,1340,1246,1,1,-10,10,1330,1256,127,139,-5,2,122,141,40,100,194
6811,Aug 28 1999,Friendly in Nigeria,Nigeria,Ghana,1697,1576,0,0,-6,6,1691,1582,42,58,-1,2,41,60,20,100,221
6812,Aug 29 1999,Pan Arab Games in Jordan,Iraq,Libya,1596,1444,3,1,18,-18,1614,1426,51,109,2,-8,53,101,40,0,152
6813,Aug 29 1999,Pan Arab Games in Jordan,Jordan,Palestine,1444,1272,4,1,12,-12,1456,1260,91,142,1,-2,92,140,40,100,272
6814,Aug 31 1999,Pan Arab Games in Jordan,Jordan,Iraq,1456,1614,4,4,3,-3,1459,1611,90,53,1,0,91,53,40,100,-58
6815,Sep 1 1999,European Championship qual in Ireland,Ireland,Yugoslavia,1758,1939,2,1,25,-25,1783,1914,21,16,2,-5,23,11,40,100,-81
6816,Sep 2 1999,Friendly in Canada,Canada,Jamaica,1532,1593,1,0,9,-9,1541,1584,69,59,1,-1,70,58,20,100,39
6817,Sep 4 1999,European Championship qual in Albania,Albania,Latvia,1425,1463,3,3,-4,4,1421,1467,103,82,0,3,103,85,40,100,62
6818,Sep 4 1999,Friendly tournament in Argentina,Argentina,Brazil,1885,2117,2,0,31,-31,1916,2086,6,1,4,0,10,1,30,100,-132
6819,Sep 4 1999,European Championship qual in Austria,Austria,Spain,1713,2006,1,3,-15,15,1698,2021,45,3,-6,0,39,3,40,100,-193
6820,Sep 4 1999,European Championship qual in Azerbaijan,Azerbaijan,Portugal,1324,1915,1,1,18,-18,1342,1897,108,20,9,-5,117,15,40,100,-491
6821,Sep 4 1999,European Championship qual in Belarus,Belarus,Wales,1420,1577,1,2,-17,17,1403,1594,110,52,-3,5,107,57,40,100,-57
6822,Sep 4 1999,European Championship qual in Bosnia and Herzegovina,Bosnia and Herzegovina,Scotland,1545,1695,1,2,-17,17,1528,1712,77,28,-4,6,73,34,40,100,-50
6823,Sep 4 1999,European Championship qual in Croatia,Croatia,Ireland,1920,1783,1,0,8,-8,1928,1775,6,23,1,0,7,23,40,100,237
6824,Sep 4 1999,European Championship qual in Denmark,Denmark,Switzerland,1828,1708,2,1,9,-9,1837,1699,17,38,0,-2,17,36,40,100,220
6825,Sep 4 1999,European Championship qual in England,England,Luxembourg,1919,1193,6,0,1,-1,1920,1192,9,156,0,0,9,156,20,0,726
6826,Sep 4 1999,European Championship qual in the Faroe Islands,Faroe Islands,Estonia,1233,1277,0,2,-35,35,1198,1312,158,125,-5,5,153,130,40,100,56
6827,Sep 4 1999,European Championship qual in Finland,Finland,Germany,1555,1871,1,2,-9,9,1546,1880,65,16,1,0,66,16,40,100,-216
6828,Sep 4 1999,European Championship qual in Iceland,Iceland,Andorra,1572,1052,3,0,2,-2,1574,1050,63,182,0,0,63,182,20,0,520
6829,Sep 4 1999,European Championship qual in Liechtenstein,Liechtenstein,Hungary,1074,1637,0,0,17,-17,1091,1620,175,53,1,-2,176,51,40,100,-463
6830,Sep 4 1999,European Championship qual in Lithuania,Lithuania,Czechia,1468,1929,0,4,-8,8,1460,1937,96,6,-6,0,90,6,40,100,-361
6831,Sep 4 1999,Friendly in the Netherlands,Netherlands,Belgium,1964,1751,5,5,-7,7,1957,1758,5,25,0,1,5,26,20,100,313
6832,Sep 4 1999,European Championship qual in Norway,Norway,Greece,1900,1705,1,0,6,-6,1906,1699,14,35,-1,1,13,36,40,100,295
6833,Sep 4 1999,European Championship qual in Northern Ireland,Northern Ireland,Turkey,1572,1700,0,3,-32,32,1540,1732,75,26,-6,6,69,32,40,100,-28
6834,Sep 4 1999,European Championship qual in Russia,Russia,Armenia,1826,1353,2,0,2,-2,1828,1351,18,116,0,0,18,116,20,0,473
6835,Sep 4 1999,European Championship qual in Slovakia,Slovakia,Romania,1720,1875,1,5,-32,32,1688,1907,52,9,-10,3,42,12,40,100,-55
6836,Sep 4 1999,European Championship qual in Slovenia,Slovenia,Georgia,1604,1551,2,1,12,-12,1616,1539,49,72,3,-2,52,70,40,100,153
6837,Sep 4 1999,European Championship qual in Sweden,Sweden,Bulgaria,1897,1671,1,0,5,-5,1902,1666,15,44,-1,0,14,44,40,100,326
6838,Sep 4 1999,European Championship qual in Ukraine,Ukraine,France,1706,2040,0,0,12,-12,1718,2028,31,2,2,0,33,2,40,100,-234
6839,Sep 5 1999,European Championship qual in Cyprus,Cyprus,Israel,1502,1743,3,2,28,-28,1530,1715,69,36,4,-3,73,33,40,100,-141
6840,Sep 5 1999,European Championship qual in Yugoslavia,Yugoslavia,Macedonia,1914,1557,3,1,4,-4,1918,1553,9,65,1,0,10,65,40,100,457
6841,Sep 7 1999,Friendly in Belgium,Belgium,Morocco,1758,1799,4,0,16,-16,1774,1783,22,22,2,0,24,22,20,100,59
6842,Sep 7 1999,Friendly tournament in Brazil,Brazil,Argentina,2086,1916,4,2,8,-8,2094,1908,1,11,0,0,1,11,20,0,170
6843,Sep 8 1999,European Championship qual in Andorra,Andorra,Russia,1050,1828,1,2,-1,1,1049,1829,182,18,0,0,182,18,30,100,-678
6844,Sep 8 1999,European Championship qual in Armenia,Armenia,France,1351,2028,2,3,-1,1,1350,2029,116,2,0,0,116,2,20,100,-577
6845,Sep 8 1999,European Championship qual in Czechia,Czechia,Bosnia and Herzegovina,1937,1528,3,0,4,-4,1941,1524,6,74,0,0,6,74,40,100,509
6846,Sep 8 1999,European Championship qual in Estonia,Estonia,Scotland,1312,1712,0,0,14,-14,1326,1698,122,42,4,-4,126,38,40,100,-300
6847,Sep 8 1999,European Championship qual in the Faroe Islands,Faroe Islands,Lithuania,1198,1460,0,1,-11,11,1187,1471,161,80,-4,5,157,85,40,100,-162
6848,Sep 8 1999,European Championship qual in Georgia,Georgia,Latvia,1539,1467,2,2,-9,9,1530,1476,74,81,-2,2,72,83,40,100,172
6849,Sep 8 1999,European Championship qual in Germany,Germany,Northern Ireland,1880,1540,4,0,6,-6,1886,1534,16,69,0,0,16,69,40,100,440
6850,Sep 8 1999,European Championship qual in Hungary,Hungary,Azerbaijan,1620,1342,3,0,7,-7,1627,1335,49,121,1,-2,50,119,40,100,378
6851,Sep 8 1999,European Championship qual in Iceland,Iceland,Ukraine,1574,1718,0,1,-17,17,1557,1735,65,30,-1,1,64,31,40,100,-44
6852,Sep 8 1999,European Championship qual in Israel,Israel,San Marino,1715,944,8,0,1,-1,1716,943,33,193,0,0,33,193,20,0,771
6853,Sep 8 1999,European Championship qual in Italy,Italy,Denmark,2004,1837,2,3,-33,33,1971,1870,4,17,0,0,4,17,40,100,267
6854,Sep 8 1999,Friendly in Jamaica,Jamaica,United States,1584,1817,2,2,4,-4,1588,1813,61,19,-1,0,60,19,20,100,-133
6855,Sep 8 1999,Friendly tournament in Japan,Japan,Iran,1641,1763,1,1,1,-1,1642,1762,47,27,0,-1,47,26,20,100,-22
6856,Sep 8 1999,European Championship qual in Luxembourg,Luxembourg,Sweden,1192,1902,0,1,-1,1,1191,1903,154,12,1,1,155,13,20,100,-610
6857,Sep 8 1999,European Championship qual in Macedonia,Macedonia,Yugoslavia,1553,1918,2,4,-11,11,1542,1929,67,4,-1,3,66,7,40,100,-265
6858,Sep 8 1999,European Championship qual in Malta,Malta,Ireland,1206,1775,2,3,-3,3,1203,1778,150,23,0,0,150,23,40,100,-469
6859,Sep 8 1999,European Championship qual in Moldova,Moldova,Turkey,1415,1732,1,1,11,-11,1426,1721,98,33,3,-1,101,32,30,0,-317
6860,Sep 8 1999,European Championship qual in Norway,Norway,Slovenia,1906,1616,4,0,7,-7,1913,1609,9,56,2,-2,11,54,40,100,390
6861,Sep 8 1999,European Championship qual in Poland,Poland,England,1749,1920,0,0,4,-4,1753,1916,26,11,1,-1,27,10,40,100,-71
6862,Sep 8 1999,European Championship qual in Romania,Romania,Portugal,1907,1897,1,1,-6,6,1901,1903,18,11,-3,2,15,13,40,100,110
6863,Sep 8 1999,Friendly in Zimbabwe,Saudi Arabia,Zambia,1690,1623,0,0,-2,2,1688,1625,43,52,-1,-1,42,51,20,0,67
6864,Sep 8 1999,European Championship qual in Slovakia,Slovakia,Liechtenstein,1688,1091,2,0,1,-1,1689,1090,40,176,1,0,41,176,20,0,597
6865,Sep 8 1999,European Championship qual in Spain,Spain,Cyprus,2021,1530,8,0,3,-3,2024,1527,3,73,0,0,3,73,20,0,491
6866,Sep 8 1999,European Championship qual in Switzerland,Switzerland,Belarus,1699,1403,2,0,6,-6,1705,1397,34,109,1,-1,35,108,40,100,396
6867,Sep 8 1999,Friendly in the United States,Trinidad and Tobago,Colombia,1582,1802,4,3,16,-16,1598,1786,51,22,5,-1,56,21,20,0,-220
6868,Sep 8 1999,Friendly in Uruguay,Uruguay,Venezuela,1747,1403,2,0,2,-2,1749,1401,29,107,0,0,29,107,20,100,444
6869,Sep 9 1999,Friendly in Bermuda,Bermuda,Cayman Islands,1292,1127,3,1,5,-5,1297,1122,133,169,0,-2,133,167,20,100,265
6870,Sep 9 1999,Friendly tournament in Guyana,Saint Lucia,Dominica,1247,1150,2,0,16,-16,1263,1134,137,164,3,0,140,164,30,0,97
6871,Sep 11 1999,Friendly in Bermuda,Bermuda,Cayman Islands,1297,1122,1,0,3,-3,1300,1119,133,167,0,0,133,167,20,100,275
6872,Sep 11 1999,Friendly in Zimbabwe,Saudi Arabia,Zambia,1688,1625,2,1,8,-8,1696,1617,38,51,2,0,40,51,20,0,63
6873,Sep 18 1999,Afro-Asian Cup in South Africa,South Africa,Saudi Arabia,1605,1696,1,0,24,-24,1629,1672,45,46,5,-3,50,43,50,100,9
6874,Sep 22 1999,Friendly in the Cayman Islands,Cayman Islands,Bahamas,1119,850,4,0,4,-4,1123,846,167,206,0,-2,167,204,20,100,369
6875,Sep 24 1999,South Asian Games in Nepal,Maldives,Sri Lanka,837,907,4,0,45,-45,882,862,191,205,7,-4,198,201,40,0,-70
6876,Sep 26 1999,COSAFA Cup in Angola,Angola,Namibia,1481,1330,1,0,8,-8,1489,1322,78,133,1,-5,79,128,40,100,251
6877,Sep 26 1999,South Asian Games in Nepal,India,Pakistan,1114,848,5,2,12,-12,1126,836,162,207,3,-2,165,205,40,0,266
6878,Sep 26 1999,South Asian Games in Nepal,Nepal,Bhutan,726,617,7,0,21,-21,747,596,208,222,1,-1,209,221,40,100,209
6879,Sep 27 1999,South Asian Games in Nepal,Maldives,Bangladesh,882,1000,2,1,27,-27,909,973,196,193,1,-3,197,190,40,0,-118
6880,Sep 28 1999,Friendly in Haiti,Haiti,Venezuela,1387,1401,3,2,8,-8,1395,1393,106,111,2,-2,108,109,20,100,86
6881,Sep 28 1999,South Asian Games in Nepal,India,Bhutan,1126,596,3,0,3,-3,1129,593,165,221,0,0,165,221,40,0,530
6882,Sep 28 1999,South Asian Games in Nepal,Nepal,Pakistan,747,836,3,1,29,-29,776,807,203,205,3,0,206,205,40,100,11
6883,Sep 29 1999,South Asian Games in Nepal,Bangladesh,Sri Lanka,973,862,1,0,14,-14,987,848,188,203,1,-1,189,202,40,0,111
6884,Sep 30 1999,South Asian Games in Nepal,Nepal,India,776,1129,0,4,-14,14,762,1143,208,163,-1,1,207,164,40,100,-253
6885,Sep 30 1999,South Asian Games in Nepal,Pakistan,Bhutan,807,593,2,1,9,-9,816,584,205,223,0,-1,205,222,40,0,214
6886,Sep 30 1999,Afro-Asian Cup in Saudi Arabia,Saudi Arabia,South Africa,1672,1629,0,0,-10,10,1662,1639,45,46,-1,2,44,48,50,100,143
6887,Oct 2 1999,South Asian Games in Nepal,Bangladesh,India,987,1143,1,0,28,-28,1015,1115,181,172,4,-4,185,168,40,0,-156
6888,Oct 2 1999,COSAFA Cup in Namibia,Namibia,Angola,1322,1489,1,1,4,-4,1326,1485,122,81,3,-1,125,80,20,0,-167
6889,Oct 2 1999,South Asian Games in Nepal,Nepal,Maldives,762,909,2,1,23,-23,785,886,205,199,1,-1,206,198,40,100,-47
6890,Oct 4 1999,South Asian Games in Nepal,India,Maldives,1115,886,3,1,13,-13,1128,873,162,200,3,-1,165,199,40,0,229
6891,Oct 4 1999,South Asian Games in Nepal,Nepal,Bangladesh,785,1015,0,1,-13,13,772,1028,208,183,-1,1,207,184,40,100,-130
6892,Oct 5 1999,European Championship qual in Scotland,Scotland,Bosnia and Herzegovina,1698,1524,1,0,7,-7,1705,1517,32,78,3,-2,35,76,40,100,274
6893,Oct 6 1999,CONCACAF Champ qual in the United States,Canada,Cuba,1541,1532,0,0,-1,1,1540,1533,69,70,-1,0,68,70,40,0,9
6894,Oct 6 1999,CONCACAF Champ qual in the United States,El Salvador,Haiti,1426,1395,1,1,-2,2,1424,1397,105,106,-2,1,103,107,40,0,31
6895,Oct 6 1999,European Championship qual in Greece,Greece,Albania,1699,1421,2,0,6,-6,1705,1415,33,104,2,0,35,104,40,100,378
6896,Oct 8 1999,CONCACAF Champ qual in the United States,Canada,El Salvador,1540,1424,2,1,14,-14,1554,1410,62,107,3,-2,65,105,40,0,116
6897,Oct 8 1999,CONCACAF Champ qual in the United States,Haiti,Cuba,1397,1533,1,0,27,-27,1424,1506,99,84,4,-7,103,77,40,0,-136
6898,Oct 9 1999,European Championship qual in Albania,Albania,Georgia,1415,1530,2,1,21,-21,1436,1509,88,79,8,-4,96,75,40,100,-15
6899,Oct 9 1999,European Championship qual in Andorra,Andorra,Armenia,1049,1350,0,3,-17,17,1032,1367,184,110,-1,3,183,113,40,100,-201
6900,Oct 9 1999,European Championship qual in Azerbaijan,Azerbaijan,Slovakia,1335,1689,0,1,-8,8,1327,1697,127,39,-4,1,123,40,40,100,-254
6901,Oct 9 1999,European Championship qual in Belarus,Belarus,Italy,1397,1971,0,0,18,-18,1415,1953,102,6,3,-1,105,5,40,100,-474
6902,Oct 9 1999,European Championship qual in Croatia,Croatia,Yugoslavia,1928,1929,2,2,-6,6,1922,1935,10,7,-1,0,9,7,40,100,99
6903,Oct 9 1999,European Championship qual in Czechia,Czechia,Faroe Islands,1941,1187,2,0,0,0,1941,1187,6,157,0,0,6,157,20,0,754
6904,Oct 9 1999,European Championship qual in Estonia,Estonia,Bosnia and Herzegovina,1326,1517,1,4,-26,26,1300,1543,139,61,-7,7,132,68,40,100,-91
6905,Oct 9 1999,European Championship qual in Finland,Finland,Northern Ireland,1546,1534,4,1,24,-24,1570,1510,58,79,4,-5,62,74,40,100,112
6906,Oct 9 1999,European Championship qual in France,France,Iceland,2029,1557,3,2,1,-1,2030,1556,2,66,0,-1,2,65,20,0,472
6907,Oct 9 1999,European Championship qual in Germany,Germany,Turkey,1886,1721,0,0,-13,13,1873,1734,16,34,0,-1,16,33,40,100,265
6908,Oct 9 1999,European Championship qual in Latvia,Latvia,Norway,1476,1913,1,2,-5,5,1471,1918,85,9,-1,1,84,10,40,100,-337
6909,Oct 9 1999,European Championship qual in Liechtenstein,Liechtenstein,Romania,1090,1901,0,3,-1,1,1089,1902,176,15,0,0,176,15,20,100,-711
6910,Oct 9 1999,European Championship qual in Macedonia,Macedonia,Ireland,1542,1778,1,1,7,-7,1549,1771,67,25,0,-1,67,24,40,100,-136
6911,Oct 9 1999,Friendly in the Netherlands,Netherlands,Brazil,1957,2094,2,2,1,-1,1958,2093,3,1,1,0,4,1,20,100,-37
6912,Oct 9 1999,European Championship qual in Portugal,Portugal,Hungary,1903,1627,3,0,7,-7,1910,1620,13,51,0,0,13,51,40,100,376
6913,Oct 9 1999,European Championship qual in Russia,Russia,Ukraine,1829,1735,1,1,-10,10,1819,1745,18,27,0,2,18,29,40,100,194
6914,Oct 9 1999,European Championship qual in Scotland,Scotland,Lithuania,1705,1471,3,0,9,-9,1714,1462,37,91,-1,-3,36,88,40,100,334
6915,Oct 9 1999,European Championship qual in Slovenia,Slovenia,Greece,1609,1705,0,3,-35,35,1574,1740,67,27,-6,4,61,31,40,100,4
6916,Oct 9 1999,European Championship qual in Sweden,Sweden,Poland,1903,1753,2,0,12,-12,1915,1741,11,33,1,-3,12,30,40,100,250
6917,Oct 9 1999,European Championship qual in Wales,Wales,Switzerland,1594,1705,0,2,-29,29,1565,1734,68,31,-5,2,63,33,40,100,-11
6918,Oct 10 1999,European Championship qual in Austria,Austria,Cyprus,1698,1527,3,1,10,-10,1708,1517,35,77,2,-3,37,74,40,100,271
6919,Oct 10 1999,European Championship qual in Bulgaria,Bulgaria,Luxembourg,1666,1191,3,0,2,-2,1668,1189,43,155,0,0,43,155,20,0,475
6920,Oct 10 1999,CONCACAF Champ qual in the United States,Canada,Haiti,1554,1424,2,1,13,-13,1567,1411,60,106,3,-1,63,105,40,0,130
6921,Oct 10 1999,CONCACAF Champ qual in the United States,Cuba,El Salvador,1506,1410,3,1,22,-22,1528,1388,65,114,6,-4,71,110,40,0,96
6922,Oct 10 1999,Friendly in Denmark,Denmark,Iran,1870,1762,0,0,-5,5,1865,1767,17,24,0,1,17,25,20,100,208
6923,Oct 10 1999,Friendly in England,England,Belgium,1916,1774,2,1,4,-4,1920,1770,9,25,1,-1,10,24,20,100,242
6924,Oct 10 1999,European Championship qual in Spain,Spain,Israel,2024,1716,3,0,6,-6,2030,1710,1,37,1,-1,2,36,40,100,408
6925,Oct 12 1999,Friendly in Hong Kong,Hong Kong,Mauritius,1174,1232,4,3,9,-9,1183,1223,154,148,4,0,158,148,20,100,42
6926,Oct 12 1999,Friendly in Panama,Panama,Trinidad and Tobago,1328,1598,2,2,5,-5,1333,1593,120,57,1,-1,121,56,20,100,-170
6927,Oct 12 1999,Friendly in Uruguay,Uruguay,Ecuador,1749,1676,0,0,-5,5,1744,1681,30,42,-1,0,29,42,20,100,173
6928,Oct 13 1999,Friendly in Argentina,Argentina,Colombia,1908,1786,2,1,4,-4,1912,1782,12,23,1,-1,13,22,20,100,222
6929,Oct 13 1999,Friendly in the United States,Paraguay,Mexico,1800,1928,1,0,14,-14,1814,1914,18,16,1,-4,19,12,20,0,-128
6930,Oct 15 1999,Friendly in Guatemala,Guatemala,Paraguay,1562,1814,0,0,4,-4,1566,1810,63,21,1,-1,64,20,20,100,-152
6931,Oct 16 1999,Friendly in Tunisia,Tunisia,United Arab Emirates,1637,1477,1,0,4,-4,1641,1473,46,84,2,-1,48,83,20,100,260
6932,Oct 18 1999,Asian Cup qualifier in Hong Kong,Hong Kong,Cambodia,1183,958,4,1,9,-9,1192,949,152,192,3,0,155,192,40,100,325
6933,Oct 20 1999,Friendly in the United States,Colombia,Mexico,1782,1914,0,0,4,-4,1786,1910,20,14,1,-1,21,13,20,0,-132
6934,Oct 24 1999,Friendly in the Cayman Islands,Cayman Islands,Jamaica,1123,1588,1,4,-4,4,1119,1592,168,56,0,1,168,57,20,100,-365
6935,Oct 24 1999,Asian Cup qualifier in Hong Kong,Hong Kong,Indonesia,1192,1334,1,1,2,-2,1194,1332,153,123,1,-2,154,121,30,100,-42
6936,Oct 27 1999,Friendly in the United States,Ecuador,Mexico,1681,1910,0,0,6,-6,1687,1904,42,15,0,-1,42,14,20,0,-229
6937,Oct 30 1999,Asian Cup qualifier in Cambodia,Cambodia,Indonesia,949,1332,1,5,-12,12,937,1344,196,113,-2,4,194,117,40,100,-283
6938,Oct 30 1999,Friendly in the Dem Rep of the Congo,DR Congo,Congo,1519,1468,1,1,-4,4,1515,1472,76,85,-2,0,74,85,20,100,151
6939,Oct 30 1999,Friendly tournament in the United Arab Emirates,Estonia,Iraq,1300,1611,1,1,11,-11,1311,1600,128,54,2,0,130,54,30,0,-311
6940,Oct 30 1999,Friendly in Ivory Coast,Ivory Coast,Gabon,1596,1458,0,1,-16,16,1580,1474,65,76,-5,8,60,84,20,100,238
6941,Oct 30 1999,Friendly tournament in the United Arab Emirates,United Arab Emirates,Turkmenistan,1473,1434,3,1,14,-14,1487,1420,77,108,3,-5,80,103,30,100,139
6942,Oct 31 1999,Friendly in Tunisia,Tunisia,Zambia,1641,1617,2,1,7,-7,1648,1610,44,54,2,-1,46,53,20,100,124
6943,Nov 1 1999,Friendly tournament in the United Arab Emirates,Iraq,Turkmenistan,1600,1420,3,0,14,-14,1614,1406,52,109,1,-3,53,106,30,0,180
6944,Nov 1 1999,Friendly tournament in the United Arab Emirates,United Arab Emirates,Estonia,1487,1311,2,2,-10,10,1477,1321,84,126,-2,2,82,128,30,100,276
6945,Nov 2 1999,Friendly in Tunisia,Tunisia,Zambia,1648,1610,0,0,-4,4,1644,1614,48,52,-1,1,47,53,20,100,138
6946,Nov 3 1999,Copa Paz del Chaco in Argentina,Bolivia,Paraguay,1639,1810,0,0,7,-7,1646,1803,45,20,2,0,47,20,30,0,-171
6947,Nov 3 1999,Friendly tournament in the United Arab Emirates,Estonia,Turkmenistan,1321,1406,1,1,4,-4,1325,1402,124,108,2,-1,126,107,30,0,-85
6948,Nov 3 1999,Friendly tournament in the United Arab Emirates,United Arab Emirates,Iraq,1477,1614,2,2,2,-2,1479,1612,82,55,0,-1,82,54,30,100,-37
6949,Nov 7 1999,Friendly in Burkina Faso,Burkina Faso,Togo,1461,1374,1,0,5,-5,1466,1369,86,112,2,0,88,112,20,100,187
6950,Nov 7 1999,Asian Cup qualifier in Cambodia,Cambodia,Hong Kong,937,1194,0,1,-12,12,925,1206,198,146,-2,4,196,150,40,100,-157
6951,Nov 7 1999,Unifac Cup in Gabon,Chad,Central African Republic,1241,1209,1,1,-2,2,1239,1211,146,149,0,0,146,149,40,0,32
6952,Nov 7 1999,Unifac Cup in Gabon,Gabon,Equatorial Guinea,1474,1070,4,0,4,-4,1478,1066,82,180,1,-1,83,179,40,100,504
6953,Nov 8 1999,Unifac Cup in Gabon,Central African Republic,Chad,1211,1239,4,1,38,-38,1249,1201,139,160,5,-7,144,153,40,0,-28
6954,Nov 10 1999,Friendly in Burkina Faso,Burkina Faso,Togo,1466,1369,1,1,-5,5,1461,1374,92,112,-2,0,90,112,20,100,197
6955,Nov 10 1999,Unifac Cup in Gabon,Chad,São Tomé and Príncipe,1201,1034,5,0,22,-22,1223,1012,143,188,5,-3,148,185,40,0,167
6956,Nov 10 1999,Unifac Cup in Gabon,Congo,Equatorial Guinea,1472,1066,2,1,4,-4,1476,1062,83,181,1,-1,84,180,40,0,406
6957,Nov 10 1999,Unifac Cup in Gabon,Gabon,Central African Republic,1478,1249,1,0,5,-5,1483,1244,79,144,2,0,81,144,40,100,329
6958,Nov 10 1999,Friendly in Guatemala,Guatemala,Honduras,1566,1589,1,1,-2,2,1564,1591,66,57,-1,0,65,57,20,100,77
6959,Nov 11 1999,Unifac Cup in Gabon,Chad,Congo,1223,1476,2,0,49,-49,1272,1427,128,116,10,-16,138,100,40,0,-253
6960,Nov 11 1999,Unifac Cup in Gabon,Equatorial Guinea,Central African Republic,1062,1244,4,2,44,-44,1106,1200,164,162,8,-9,172,153,40,0,-182
6961,Nov 11 1999,Unifac Cup in Gabon,Gabon,São Tomé and Príncipe,1483,1012,1,0,1,-1,1484,1011,81,185,0,0,81,185,20,0,471
6962,Nov 12 1999,Unifac Cup in Gabon,Congo,São Tomé and Príncipe,1427,1011,1,0,3,-3,1430,1008,98,185,1,0,99,185,30,0,416
6963,Nov 12 1999,Friendly in Egypt,Egypt,Ghana,1660,1582,1,2,-15,15,1645,1597,49,51,-2,4,47,55,20,100,178
6964,Nov 13 1999,Leeward Islands Champ in Antigua and Barbuda,Antigua and Barbuda,British Virgin Islands,1177,866,5,1,5,-5,1182,861,158,202,1,-1,159,201,20,0,311
6965,Nov 13 1999,Unifac Cup in Gabon,Chad,Equatorial Guinea,1272,1106,1,0,11,-11,1283,1095,132,178,3,-3,135,175,40,0,166
6966,Nov 13 1999,Unifac Cup in Gabon,Central African Republic,São Tomé and Príncipe,1200,1008,3,0,17,-17,1217,991,145,193,4,-4,149,189,40,0,192
6967,Nov 13 1999,Friendly in France,France,Croatia,2030,1922,3,0,8,-8,2038,1914,2,14,0,-3,2,11,20,100,208
6968,Nov 13 1999,Unifac Cup in Gabon,Gabon,Congo,1484,1430,0,0,-8,8,1476,1438,85,91,-2,4,83,95,40,100,154
6969,Nov 13 1999,Friendly in Greece,Greece,Nigeria,1740,1691,2,0,9,-9,1749,1682,25,41,3,0,28,41,20,100,149
6970,Nov 13 1999,European Championship qual in Ireland,Ireland,Turkey,1771,1734,1,1,-8,8,1763,1742,27,27,-2,3,25,30,40,100,137
6971,Nov 13 1999,European Championship qual in Israel,Israel,Denmark,1710,1865,0,5,-34,34,1676,1899,48,15,-6,1,42,16,40,100,-55
6972,Nov 13 1999,Friendly in Italy,Italy,Belgium,1953,1770,1,3,-25,25,1928,1795,11,18,-3,3,8,21,20,100,283
6973,Nov 13 1999,Friendly in the Netherlands,Netherlands,Czechia,1958,1941,1,1,-3,3,1955,1944,4,4,0,1,4,5,20,100,117
6974,Nov 13 1999,European Championship qual in Scotland,Scotland,England,1714,1920,0,2,-21,21,1693,1941,43,3,-4,3,39,6,40,100,-106
6975,Nov 13 1999,European Championship qual in Slovenia,Slovenia,Ukraine,1574,1745,2,1,24,-24,1598,1721,49,40,6,-6,55,34,40,100,-71
6976,Nov 13 1999,Friendly in Spain,Spain,Brazil,2030,2093,0,0,-1,1,2029,2094,4,1,-1,0,3,1,20,100,37
6977,Nov 14 1999,Leeward Islands Champ in Antigua and Barbuda,Antigua and Barbuda,Saint Kitts,1182,1265,2,3,-16,16,1166,1281,165,130,-3,5,162,135,30,100,17
6978,Nov 14 1999,Unifac Cup in Gabon,Central African Republic,Congo,1217,1438,4,2,47,-47,1264,1391,133,121,8,-13,141,108,40,0,-221
6979,Nov 14 1999,Friendly in Egypt,Egypt,Namibia,1645,1326,1,0,2,-2,1647,1324,43,129,2,-2,45,127,20,100,419
6980,Nov 14 1999,Unifac Cup in Gabon,Gabon,Chad,1476,1283,2,0,9,-9,1485,1274,77,143,3,-4,80,139,40,100,293
6981,Nov 14 1999,Asian Cup qualifier in Indonesia,Indonesia,Hong Kong,1344,1206,3,1,12,-12,1356,1194,117,158,0,-4,117,154,40,100,238
6982,Nov 14 1999,Friendly in Norway,Norway,Germany,1918,1873,0,1,-14,14,1904,1887,17,17,-4,0,13,17,20,100,145
6983,Nov 14 1999,Unifac Cup in Gabon,São Tomé and Príncipe,Equatorial Guinea,991,1095,2,0,39,-39,1030,1056,177,185,6,-5,183,180,40,0,-104
6984,Nov 17 1999,European Championship qual in Denmark,Denmark,Israel,1899,1676,3,0,9,-9,1908,1667,8,42,4,0,12,42,40,100,323
6985,Nov 17 1999,European Championship qual in England,England,Scotland,1941,1693,0,1,-35,35,1906,1728,20,29,-7,5,13,34,40,100,348
6986,Nov 17 1999,Friendly in Greece,Greece,Bulgaria,1749,1668,1,0,5,-5,1754,1663,26,43,1,0,27,43,20,100,181
6987,Nov 17 1999,Friendly in Honduras,Honduras,Trinidad and Tobago,1591,1593,3,2,7,-7,1598,1586,53,61,3,-2,56,59,20,100,98
6988,Nov 17 1999,Friendly in Morocco,Morocco,United States,1783,1813,2,1,8,-8,1791,1805,21,21,1,-1,22,20,20,100,70
6989,Nov 17 1999,Friendly in Peru,Peru,Slovakia,1740,1697,2,1,6,-6,1746,1691,26,40,3,-1,29,39,20,100,143
6990,Nov 17 1999,Friendly in Spain,Spain,Argentina,2029,1912,0,2,-23,23,2006,1935,3,1,0,5,3,6,20,100,217
6991,Nov 17 1999,European Championship qual in Turkey,Turkey,Ireland,1742,1763,0,0,-4,4,1738,1767,32,23,-1,1,31,24,40,100,79
6992,Nov 17 1999,European Championship qual in Ukraine,Ukraine,Slovenia,1721,1598,1,1,-11,11,1710,1609,36,55,-1,0,35,55,40,100,223
6993,Nov 17 1999,Friendly in Uruguay,Uruguay,Paraguay,1744,1803,0,1,-11,11,1733,1814,37,18,-4,1,33,19,20,100,41
6994,Nov 19 1999,Friendly in Colombia,Colombia,Slovakia,1786,1691,1,0,5,-5,1791,1686,21,41,1,-1,22,40,20,100,195
6995,Nov 19 1999,Friendly in Libya,Libya,Togo,1426,1374,2,1,6,-6,1432,1368,96,112,2,0,98,112,20,100,152
6996,Nov 20 1999,Asian Cup qualifier in Indonesia,Indonesia,Cambodia,1356,925,9,2,4,-4,1360,921,115,196,1,0,116,196,40,100,531
6997,Nov 20 1999,Friendly in Senegal,Senegal,Ivory Coast,1498,1580,3,0,17,-17,1515,1563,70,69,4,-4,74,65,20,100,18
6998,Nov 21 1999,Friendly in Gabon,Gabon,Nigeria,1485,1682,0,2,-11,11,1474,1693,88,37,-4,2,84,39,20,100,-97
6999,Nov 21 1999,Asian Cup qualifier in the United Arab Emirates,United Arab Emirates,India,1479,1128,3,1,4,-4,1483,1124,79,169,2,-2,81,167,20,0,351
7000,Nov 21 1999,Asian Cup qualifier in the United Arab Emirates,Uzbekistan,Bangladesh,1541,1028,6,0,4,-4,1545,1024,67,186,1,-1,68,185,40,0,513
7001,Nov 23 1999,Friendly in Guatemala,Guatemala,Slovakia,1564,1686,0,1,-9,9,1555,1695,68,37,-2,2,66,39,20,100,-22
7002,Nov 23 1999,Asian Cup qualifier in the United Arab Emirates,United Arab Emirates,Bangladesh,1483,1024,3,0,3,-3,1486,1021,79,185,1,0,80,185,30,0,459
7003,Nov 23 1999,Asian Cup qualifier in the United Arab Emirates,Uzbekistan,Sri Lanka,1545,848,6,0,2,-2,1547,846,68,204,0,-1,68,203,40,0,697
7004,Nov 24 1999,Friendly in Lebanon,Lebanon,Malta,1362,1203,0,0,-6,6,1356,1209,119,150,-2,0,117,150,20,100,259
7005,Nov 25 1999,Asian Cup qualifier in the United Arab Emirates,Bangladesh,Sri Lanka,1021,846,3,1,16,-16,1037,830,179,205,3,-1,182,204,40,0,175
7006,Nov 25 1999,Friendly in Costa Rica,Costa Rica,Slovakia,1615,1695,4,0,18,-18,1633,1677,50,43,1,-2,51,41,20,100,20
7007,Nov 25 1999,Asian Cup qualifier in the United Arab Emirates,Uzbekistan,India,1547,1124,3,2,3,-3,1550,1121,66,167,1,0,67,167,40,0,423
7008,Nov 26 1999,Friendly tournament in Gabon,Gabon,Togo,1474,1368,0,0,-8,8,1466,1376,88,112,-2,0,86,112,30,100,206
7009,Nov 27 1999,Friendly tournament in Gabon,Congo,Burkina Faso,1391,1461,2,1,18,-18,1409,1443,100,95,4,-3,104,92,30,0,-70
7010,Nov 27 1999,Asian Cup qualifier in the United Arab Emirates,India,Sri Lanka,1121,830,3,1,9,-9,1130,821,163,204,2,0,165,204,40,0,291
7011,Nov 27 1999,Friendly tournament in South Africa,South Africa,Sweden,1639,1915,1,0,22,-22,1661,1893,40,23,5,-7,45,16,30,100,-176
7012,Nov 27 1999,Asian Cup qualifier in the United Arab Emirates,United Arab Emirates,Uzbekistan,1486,1550,0,1,-22,22,1464,1572,94,55,-7,6,87,61,40,100,36
7013,Nov 27 1999,Friendly in Zimbabwe,Zimbabwe,Libya,1489,1432,2,1,6,-6,1495,1426,79,102,0,-2,79,100,20,100,157
7014,Nov 28 1999,Friendly tournament in Gabon,Congo,Togo,1409,1376,2,1,14,-14,1423,1362,100,116,2,-2,102,114,30,0,33
7015,Nov 28 1999,Friendly tournament in Gabon,Gabon,Burkina Faso,1466,1443,3,2,10,-10,1476,1433,79,100,3,-4,82,96,30,100,123
7016,Nov 29 1999,Asian Cup qualifier in the United Arab Emirates,Bangladesh,India,1037,1130,2,2,5,-5,1042,1125,182,169,0,-2,182,167,40,0,-93
7017,Nov 29 1999,Asian Cup qualifier in the United Arab Emirates,United Arab Emirates,Sri Lanka,1464,821,6,0,1,-1,1465,820,85,204,1,0,86,204,20,0,643
7018,Dec 1 1999,Friendly in Congo,Congo,DR Congo,1423,1515,0,1,-10,10,1413,1525,104,70,-1,2,103,72,20,100,8
7019,Dec 1 1999,Friendly in Peru,Peru,Honduras,1746,1598,0,0,-6,6,1740,1604,31,56,-1,0,30,56,20,100,248
7020,Dec 4 1999,Friendly in The Gambia,Gambia,Sierra Leone,1303,1433,0,0,1,-1,1304,1432,132,100,0,-2,132,98,20,100,-30
7021,Dec 4 1999,Friendly in Malawi,Malawi,Libya,1269,1426,1,2,-8,8,1261,1434,144,92,-2,4,142,96,20,100,-57
7022,Dec 5 1999,Friendly in Panama,Panama,Cuba,1333,1528,1,0,13,-13,1346,1515,115,77,3,-3,118,74,20,100,-95
7023,Dec 11 1999,Friendly in Malawi,Malawi,Rwanda,1261,1176,1,1,-5,5,1256,1181,144,158,-1,1,143,159,20,100,185
7024,Dec 12 1999,Friendly in Senegal,Senegal,Gambia,1515,1304,3,0,5,-5,1520,1299,70,134,2,-1,72,133,20,100,311
7025,Dec 12 1999,Friendly in Saint Lucia,Saint Lucia,Dominica,1263,1134,3,1,6,-6,1269,1128,139,164,1,0,140,164,20,100,229
7026,Dec 13 1999,Friendly in Malawi,Malawi,Rwanda,1256,1181,1,1,-5,5,1251,1186,147,159,-2,0,145,159,20,100,175
7027,Dec 13 1999,Friendly in Saint Lucia,Saint Lucia,Dominica,1269,1128,2,1,4,-4,1273,1124,140,170,0,-3,140,167,20,100,241
7028,Dec 14 1999,Friendly in Greece,Greece,Ghana,1754,1597,1,1,-6,6,1748,1603,29,57,-1,0,28,57,20,100,257
7029,Dec 15 1999,Friendly in Malawi,Malawi,Rwanda,1251,1186,1,2,-14,14,1237,1200,151,147,-3,6,148,153,20,100,165
7030,Dec 15 1999,Friendly in Malta,Malta,Lebanon,1209,1356,1,0,11,-11,1220,1345,150,119,0,-1,150,118,20,100,-47
7031,Dec 16 1999,Friendly in Greece,Greece,Moldova,1748,1426,2,0,2,-2,1750,1424,28,101,0,0,28,101,20,100,422
7032,Dec 16 1999,Friendly in Honduras,Honduras,Zambia,1604,1614,7,1,16,-16,1620,1598,48,61,4,-4,52,57,20,100,90
7033,Dec 18 1999,Friendly in Dominica,Dominica,Saint Lucia,1124,1273,2,1,11,-11,1135,1262,161,142,3,-1,164,141,20,100,-49
7034,Dec 18 1999,Friendly in Greece,Greece,Estonia,1750,1325,2,2,-9,9,1741,1334,28,117,0,4,28,121,20,100,525
7035,Dec 19 1999,Friendly in Dominica,Dominica,Saint Lucia,1135,1262,2,1,11,-11,1146,1251,164,147,0,-3,164,144,20,100,-27
7036,Dec 21 1999,Friendly in Morocco,Morocco,Senegal,1791,1520,0,0,-8,8,1783,1528,24,70,-1,1,23,71,20,100,371
7037,Dec 22 1999,Friendly in Tunisia,Tunisia,Ghana,1644,1603,2,0,9,-9,1653,1594,43,58,3,-1,46,57,20,100,141
7038,Dec 23 1999,Friendly tournament in Libya,Libya,Gabon,1434,1476,2,0,19,-19,1453,1457,86,98,5,-8,91,90,30,100,58
7039,Dec 27 1999,Friendly tournament in Libya,Gabon,Togo,1457,1362,3,2,11,-11,1468,1351,78,118,6,-2,84,116,30,0,95
7040,Dec 28 1999,Friendly in the United Arab Emirates,Malaysia,Singapore,1195,1308,1,0,13,-13,1208,1295,148,135,3,-2,151,133,20,0,-113
7041,Dec 29 1999,Friendly in Costa Rica,Costa Rica,Honduras,1633,1620,1,1,-3,3,1630,1623,51,52,0,0,51,52,20,100,113
7042,Dec 29 1999,Friendly in Ivory Coast,Ivory Coast,Burkina Faso,1563,1433,3,1,6,-6,1569,1427,61,103,2,-3,63,100,20,100,230
7043,Dec 29 1999,Friendly tournament in Libya,Libya,Togo,1453,1351,2,0,11,-11,1464,1340,85,120,3,-2,88,118,20,0,102
7044,Jan 4 2000,Friendly in Egypt,Egypt,Togo,1647,1340,2,1,2,-2,1649,1338,47,122,0,-2,47,120,20,100,407
7045,Jan 6 2000,Friendly in Egypt,Egypt,Gabon,1649,1468,4,0,6,-6,1655,1462,45,92,1,-4,46,88,20,100,281
7046,Jan 7 2000,Friendly in Tunisia,Tunisia,Togo,1653,1338,7,0,4,-4,1657,1334,45,120,1,0,46,120,20,100,415
7047,Jan 8 2000,Friendly in Trinidad and Tobago,Trinidad and Tobago,Canada,1586,1567,0,0,-3,3,1583,1570,61,60,-1,2,60,62,20,100,119
7048,Jan 9 2000,Friendly in the United States,Armenia,Guatemala,1367,1555,1,1,5,-5,1372,1550,112,67,0,0,112,67,20,0,-188
7049,Jan 9 2000,Friendly in Burkina Faso,Burkina Faso,Gabon,1427,1462,1,1,-2,2,1425,1464,100,86,0,1,100,87,20,100,65
7050,Jan 9 2000,Friendly in Ivory Coast,Ivory Coast,Egypt,1569,1655,2,0,14,-14,1583,1641,56,53,4,-3,60,50,20,100,14
7051,Jan 9 2000,Friendly in the United States,Mexico,Iran,1904,1767,2,1,6,-6,1910,1761,7,28,3,-2,10,26,20,0,137
7052,Jan 11 2000,Friendly in Bermuda,Bermuda,Canada,1300,1570,0,2,-8,8,1292,1578,135,61,-2,1,133,62,20,100,-170
7053,Jan 11 2000,Friendly in Burkina Faso,Burkina Faso,Cameroon,1425,1584,2,2,2,-2,1427,1582,100,63,0,-2,100,61,20,100,-59
7054,Jan 13 2000,Friendly in Senegal,Senegal,Cameroon,1528,1582,0,0,-1,1,1527,1583,71,57,0,2,71,59,20,100,46
7055,Jan 14 2000,Friendly tournament in China,China,New Zealand,1706,1509,1,0,5,-5,1711,1504,33,79,2,-1,35,78,20,0,197
7056,Jan 16 2000,Friendly tournament in China,Jamaica,New Zealand,1592,1504,2,1,11,-11,1603,1493,54,80,2,-1,56,79,30,0,88
7057,Jan 16 2000,Friendly in the United States,United States,Iran,1805,1761,1,1,-4,4,1801,1765,20,24,0,1,20,25,20,100,144
7058,Jan 18 2000,Friendly in Ghana,Ghana,Tunisia,1594,1657,2,0,13,-13,1607,1644,54,50,2,-2,56,48,20,100,37
7059,Jan 18 2000,Friendly in Morocco,Morocco,Trinidad and Tobago,1783,1583,1,0,3,-3,1786,1580,23,63,0,-2,23,61,20,100,300
7060,Jan 19 2000,Friendly in Panama,Panama,Guatemala,1346,1550,2,0,19,-19,1365,1531,112,71,2,-2,114,69,20,100,-104
7061,Jan 19 2000,Friendly in Togo,Togo,Egypt,1334,1641,1,0,15,-15,1349,1626,114,52,3,-1,117,51,20,100,-207
7062,Jan 20 2000,Friendly in Benin,Burkina Faso,Algeria,1427,1518,1,0,13,-13,1440,1505,90,81,5,-4,95,77,20,0,-91
7063,Jan 20 2000,Friendly in Malta,Malta,Qatar,1220,1531,2,0,23,-23,1243,1508,140,83,5,-7,145,76,20,100,-211
7064,Jan 21 2000,Friendly in New Zealand,New Zealand,South Korea,1493,1699,0,1,-7,7,1486,1706,79,38,0,0,79,38,20,100,-106
7065,Jan 22 2000,African Nations Cup in Ghana,Ghana,Cameroon,1607,1583,1,1,-9,9,1598,1592,58,59,-1,0,57,59,50,100,124
7066,Jan 23 2000,Asian Cup qualifier in Vietnam,China,Philippines,1711,697,8,0,0,0,1711,697,37,212,-1,0,36,212,20,0,1014
7067,Jan 23 2000,African Nations Cup in Nigeria,Egypt,Zambia,1626,1598,2,0,34,-34,1660,1564,41,73,5,-8,46,65,50,0,28
7068,Jan 23 2000,Friendly in New Zealand,New Zealand,South Korea,1486,1706,0,0,3,-3,1489,1703,79,40,0,-1,79,39,20,100,-120
7069,Jan 23 2000,African Nations Cup in Nigeria,Nigeria,Tunisia,1693,1644,4,2,22,-22,1715,1622,31,56,4,-4,35,52,50,100,149
7070,Jan 23 2000,African Nations Cup in Ghana,South Africa,Gabon,1661,1464,3,1,18,-18,1679,1446,37,97,4,-5,41,92,50,0,197
7071,Jan 23 2000,Asian Cup qualifier in Vietnam,Vietnam,Guam,1287,693,11,0,2,-2,1289,691,134,213,0,0,134,213,20,0,594
7072,Jan 24 2000,African Nations Cup in Ghana,Algeria,DR Congo,1505,1525,0,0,1,-1,1506,1524,77,71,0,0,77,71,20,0,-20
7073,Jan 24 2000,African Nations Cup in Ghana,Ivory Coast,Togo,1583,1349,1,1,-15,15,1568,1364,67,113,-4,2,63,115,40,100,334
7074,Jan 24 2000,Friendly in Qatar,Qatar,Bosnia and Herzegovina,1508,1543,2,0,12,-12,1520,1531,68,68,4,0,72,68,20,100,65
7075,Jan 25 2000,African Nations Cup in Nigeria,Morocco,Congo,1786,1413,1,0,5,-5,1791,1408,21,107,1,-2,22,105,50,0,373
7076,Jan 25 2000,African Nations Cup in Nigeria,Senegal,Burkina Faso,1527,1440,3,1,28,-28,1555,1412,64,109,3,-7,67,102,50,0,87
7077,Jan 26 2000,Asian Cup qualifier in Vietnam,China,Guam,1711,691,19,0,0,0,1711,691,36,213,0,0,36,213,20,0,1020
7078,Jan 26 2000,Friendly in Costa Rica,Costa Rica,Trinidad and Tobago,1630,1580,2,1,6,-6,1636,1574,50,61,0,-1,50,60,20,100,150
7079,Jan 26 2000,Friendly in Guatemala,Guatemala,Panama,1531,1365,1,1,-6,6,1525,1371,71,114,-1,0,70,114,20,100,266
7080,Jan 26 2000,Friendly in Spain,Spain,Poland,2006,1741,3,0,4,-4,2010,1737,3,34,0,-3,3,31,20,100,365
7081,Jan 26 2000,Friendly in Uganda,Uganda,Libya,1366,1464,3,2,10,-10,1376,1454,111,93,1,-3,112,90,20,100,2
7082,Jan 26 2000,Asian Cup qualifier in Vietnam,Vietnam,Philippines,1289,697,3,0,1,-1,1290,696,134,212,0,0,134,212,20,0,592
7083,Jan 27 2000,African Nations Cup in Ghana,Ghana,Togo,1598,1364,2,0,10,-10,1608,1354,55,119,1,-2,56,117,50,100,334
7084,Jan 27 2000,Friendly in Honduras,Honduras,Ecuador,1623,1687,1,1,-1,1,1622,1688,51,42,0,-1,51,41,20,100,36
7085,Jan 27 2000,African Nations Cup in Ghana,South Africa,DR Congo,1679,1524,1,0,15,-15,1694,1509,39,79,1,-4,40,75,50,0,155
7086,Jan 28 2000,African Nations Cup in Ghana,Cameroon,Ivory Coast,1592,1568,3,0,41,-41,1633,1527,44,75,7,-6,51,69,50,0,24
7087,Jan 28 2000,African Nations Cup in Nigeria,Egypt,Senegal,1660,1555,1,0,18,-18,1678,1537,38,67,4,0,42,67,50,0,105
7088,Jan 28 2000,African Nations Cup in Nigeria,Nigeria,Congo,1715,1408,0,0,-21,21,1694,1429,43,93,-4,6,39,99,50,100,407
7089,Jan 28 2000,Friendly in the US Virgin Islands,US Virgin Islands,Saint Lucia,727,1251,0,9,-4,4,723,1255,210,142,0,1,210,143,20,100,-424
7090,Jan 29 2000,African Nations Cup in Ghana,Algeria,Gabon,1506,1446,3,1,31,-31,1537,1415,57,112,10,-10,67,102,50,0,60
7091,Jan 29 2000,African Nations Cup in Nigeria,Burkina Faso,Zambia,1412,1564,1,1,10,-10,1422,1554,99,66,2,-1,101,65,50,0,-152
7092,Jan 29 2000,Friendly in Chile,Chile,United States,1752,1801,1,2,-11,11,1741,1812,27,20,0,0,27,20,20,100,51
7093,Jan 29 2000,African Nations Cup in Nigeria,Morocco,Tunisia,1791,1622,0,0,-11,11,1780,1633,24,50,-1,1,23,51,50,0,169
7094,Jan 29 2000,Asian Cup qualifier in Vietnam,Philippines,Guam,696,691,2,0,30,-30,726,661,208,221,2,-4,210,217,40,0,5
7095,Jan 29 2000,Asian Cup qualifier in Vietnam,Vietnam,China,1290,1711,0,2,-8,8,1282,1719,134,35,0,0,134,35,40,100,-321
7096,Jan 30 2000,Friendly in the US Virgin Islands,US Virgin Islands,Saint Lucia,723,1255,0,2,-2,2,721,1257,211,141,0,1,211,142,20,100,-432
7097,Jan 31 2000,Nordic Championship in Spain,Finland,Faroe Islands,1570,1187,1,0,3,-3,1573,1184,60,159,1,0,61,159,30,0,383
7098,Jan 31 2000,African Nations Cup in Ghana,Ghana,Ivory Coast,1608,1527,0,2,-55,55,1553,1582,75,46,-9,12,66,58,50,100,181
7099,Jan 31 2000,Nordic Championship in Spain,Iceland,Norway,1556,1904,0,0,11,-11,1567,1893,62,16,1,-1,63,15,30,0,-348
7100,Jan 31 2000,Friendly in Kuwait,Kuwait,Syria,1647,1431,4,0,5,-5,1652,1426,47,101,0,-2,47,99,20,100,316
7101,Jan 31 2000,African Nations Cup in Ghana,Togo,Cameroon,1354,1633,1,0,42,-42,1396,1591,99,63,9,-6,108,57,50,0,-279
7102,Feb 1 2000,Friendly in the British Virgin Islands,British Virgin Islands,Saint Lucia,861,1257,2,3,-3,3,858,1260,201,140,0,1,201,141,20,100,-296
7103,Feb 1 2000,African Nations Cup in Nigeria,Egypt,Burkina Faso,1678,1422,4,2,14,-14,1692,1408,40,109,1,-4,41,105,50,0,256
7104,Feb 1 2000,African Nations Cup in Nigeria,Senegal,Zambia,1537,1554,2,2,1,-1,1538,1553,68,65,0,0,68,65,30,0,-17
7105,Feb 2 2000,African Nations Cup in Ghana,Algeria,South Africa,1537,1694,1,1,11,-11,1548,1683,67,45,1,-3,68,42,50,0,-157
7106,Feb 2 2000,Friendly tournament in Cyprus,Armenia,Moldova,1372,1424,2,1,17,-17,1389,1407,108,110,3,-5,111,105,30,0,-52
7107,Feb 2 2000,Friendly in Costa Rica,Costa Rica,Chile,1636,1741,1,0,10,-10,1646,1731,46,39,2,-6,48,33,20,100,-5
7108,Feb 2 2000,Friendly tournament in Cyprus,Cyprus,Lithuania,1517,1462,2,1,9,-9,1526,1453,69,93,2,-3,71,90,30,100,155
7109,Feb 2 2000,African Nations Cup in Ghana,DR Congo,Gabon,1509,1415,0,0,-7,7,1502,1422,78,99,-1,1,77,100,50,0,94
7110,Feb 2 2000,Nordic Championship in Spain,Iceland,Finland,1567,1573,1,0,15,-15,1582,1558,53,67,5,-3,58,64,30,0,-6
7111,Feb 2 2000,Friendly tournament in Cyprus,Romania,Latvia,1902,1471,2,0,3,-3,1905,1468,14,83,0,0,14,83,30,0,431
7112,Feb 2 2000,Friendly in Saint Kitts and Nevis,Saint Kitts and Nevis,Saint Lucia,1281,1260,0,1,-13,13,1268,1273,145,137,-5,2,140,139,20,100,121
7113,Feb 3 2000,African Nations Cup in Nigeria,Nigeria,Morocco,1694,1780,2,0,36,-36,1730,1744,29,29,5,-3,34,26,50,100,14
7114,Feb 3 2000,African Nations Cup in Nigeria,Tunisia,Congo,1633,1429,1,0,12,-12,1645,1417,49,103,1,-3,50,100,50,0,204
7115,Feb 4 2000,Friendly tournament in Cyprus,Cyprus,Armenia,1526,1389,3,2,6,-6,1532,1383,69,113,1,-1,70,112,20,0,137
7116,Feb 4 2000,Friendly tournament in Cyprus,Georgia,Romania,1509,1905,1,1,12,-12,1521,1893,70,14,3,0,73,14,30,0,-396
7117,Feb 4 2000,Nordic Championship in Spain,Iceland,Faroe Islands,1582,1184,3,2,3,-3,1585,1181,58,159,0,0,58,159,30,0,398
7118,Feb 4 2000,Friendly in Kuwait,Kuwait,Iran,1652,1765,1,1,0,0,1652,1765,47,24,0,0,47,24,20,100,-13
7119,Feb 4 2000,Friendly tournament in Cyprus,Moldova,Lithuania,1407,1453,2,1,17,-17,1424,1436,93,96,6,-3,99,93,30,0,-46
7120,Feb 4 2000,Nordic Championship in Spain,Norway,Sweden,1893,1893,1,1,0,0,1893,1893,13,13,1,1,14,14,20,0,0
7121,Feb 5 2000,Friendly in Guatemala,Guatemala,Chile,1525,1731,2,1,13,-13,1538,1718,66,39,3,-3,69,36,20,100,-106
7122,Feb 5 2000,Friendly tournament in Hong Kong,Mexico,Japan,1910,1642,1,0,5,-5,1915,1637,8,51,1,0,9,51,30,0,268
7123,Feb 6 2000,Friendly tournament in Malta,Albania,Andorra,1436,1032,3,0,5,-5,1441,1027,93,187,0,-2,93,185,30,0,404
7124,Feb 6 2000,African Nations Cup in Ghana,Cameroon,Algeria,1591,1548,2,1,22,-22,1613,1526,51,78,3,-5,54,73,50,0,43
7125,Feb 6 2000,Friendly in the Cayman Islands,Cayman Islands,Jamaica,1119,1603,0,0,8,-8,1127,1595,162,58,3,-1,165,57,20,100,-384
7126,Feb 6 2000,Friendly tournament in Cyprus,Cyprus,Romania,1532,1893,3,2,25,-25,1557,1868,59,20,6,-3,65,17,30,100,-261
7127,Feb 6 2000,Friendly tournament in Cyprus,Georgia,Armenia,1521,1383,2,1,9,-9,1530,1374,69,116,2,-2,71,114,30,0,138
7128,Feb 6 2000,African Nations Cup in Ghana,Ghana,South Africa,1553,1683,0,1,-23,23,1530,1706,77,36,-6,3,71,39,50,100,-30
7129,Feb 6 2000,Friendly tournament in Cyprus,Lithuania,Latvia,1436,1468,2,1,16,-16,1452,1452,85,95,4,-6,89,89,30,0,-32
7130,Feb 6 2000,Friendly tournament in Malta,Malta,Azerbaijan,1243,1327,3,0,25,-25,1268,1302,135,136,5,-6,140,130,30,100,16
7131,Feb 7 2000,African Nations Cup in Nigeria,Nigeria,Senegal,1730,1538,2,1,8,-8,1738,1530,25,72,4,-2,29,70,50,100,292
7132,Feb 7 2000,Friendly in Singapore,Singapore,Malaysia,1295,1208,3,1,8,-8,1303,1200,128,155,2,-2,130,153,20,100,187
7133,Feb 7 2000,African Nations Cup in Nigeria,Tunisia,Egypt,1645,1692,1,0,28,-28,1673,1664,36,49,7,-4,43,45,50,0,-47
7134,Feb 8 2000,Friendly tournament in Malta,Albania,Azerbaijan,1441,1302,1,0,9,-9,1450,1293,91,133,1,-1,92,132,30,0,139
7135,Feb 8 2000,Friendly tournament in Hong Kong,Czechia,Mexico,1944,1915,2,1,14,-14,1958,1901,3,17,1,-4,4,13,30,0,29
7136,Feb 8 2000,Friendly tournament in Malta,Malta,Andorra,1268,1027,1,1,-11,11,1257,1038,146,181,-3,2,143,183,30,100,341
7137,Feb 8 2000,Friendly in Syria,Syria,North Korea,1426,1467,5,1,16,-16,1442,1451,90,97,4,-7,94,90,20,100,59
7138,Feb 9 2000,Friendly tournament in Chile,Bulgaria,Slovakia,1663,1677,1,0,16,-16,1679,1661,38,52,4,-5,42,47,30,0,-14
7139,Feb 9 2000,Friendly in the Cayman Islands,Cayman Islands,Jamaica,1127,1595,0,1,-2,2,1125,1597,169,57,-2,0,167,57,20,100,-368
7140,Feb 9 2000,Friendly tournament in Chile,Chile,Australia,1718,1763,2,1,13,-13,1731,1750,32,25,2,0,34,25,30,100,55
7141,Feb 9 2000,Friendly in Honduras,Honduras,El Salvador,1622,1388,5,1,5,-5,1627,1383,52,111,0,0,52,111,20,100,334
7142,Feb 10 2000,Friendly tournament in Malta,Andorra,Azerbaijan,1038,1293,0,0,9,-9,1047,1284,181,134,1,-1,182,133,30,0,-255
7143,Feb 10 2000,African Nations Cup in Ghana,Cameroon,Tunisia,1613,1673,3,0,51,-51,1664,1622,34,63,10,-10,44,53,50,0,-60
7144,Feb 10 2000,Friendly in Hong Kong,Hong Kong,Singapore,1194,1303,0,0,0,0,1194,1303,155,130,0,0,155,130,20,100,-9
7145,Feb 10 2000,Asian Cup qualifier in Kuwait,Kuwait,Turkmenistan,1652,1402,6,1,9,-9,1661,1393,46,109,1,-1,47,108,40,100,350
7146,Feb 10 2000,Friendly tournament in Malta,Malta,Albania,1257,1450,0,1,-11,11,1246,1461,147,78,-2,7,145,85,30,100,-93
7147,Feb 10 2000,African Nations Cup in Nigeria,Nigeria,South Africa,1738,1706,2,0,24,-24,1762,1682,21,43,4,-2,25,41,50,100,132
7148,Feb 10 2000,Asian Cup qualifier in Kuwait,Yemen,Nepal,1203,772,3,0,5,-5,1208,767,151,207,0,0,151,207,40,0,431
7149,Feb 12 2000,Friendly tournament in Chile,Australia,Slovakia,1750,1661,0,0,-4,4,1746,1665,26,41,0,3,26,44,30,0,89
7150,Feb 12 2000,Friendly tournament in Chile,Chile,Bulgaria,1731,1679,3,2,9,-9,1740,1670,24,42,5,0,29,42,20,0,52
7151,Feb 12 2000,CONCACAF Championship in the United States,Colombia,Jamaica,1791,1597,1,0,12,-12,1803,1585,20,57,1,0,21,57,50,0,194
7152,Feb 12 2000,Asian Cup qualifier in Kuwait,Nepal,Bhutan,767,584,3,0,18,-18,785,566,205,222,1,0,206,222,40,0,183
7153,Feb 12 2000,African Nations Cup in Ghana,South Africa,Tunisia,1682,1622,2,2,-4,4,1678,1626,41,53,0,0,41,53,20,100,160
7154,Feb 12 2000,Asian Cup qualifier in Kuwait,Turkmenistan,Yemen,1393,1208,1,0,10,-10,1403,1198,106,157,1,-3,107,154,40,0,185
7155,Feb 12 2000,CONCACAF Championship in the United States,United States,Haiti,1812,1411,3,0,5,-5,1817,1406,18,107,1,-2,19,105,30,0,401
7156,Feb 13 2000,CONCACAF Championship in the United States,Canada,Costa Rica,1578,1646,2,2,5,-5,1583,1641,58,53,1,-2,59,51,50,0,-68
7157,Feb 13 2000,Friendly in the Dominican Republic,Dominican Republic,British Virgin Islands,1112,858,1,0,2,-2,1114,856,169,201,0,0,169,201,20,100,354
7158,Feb 13 2000,Asian Cup qualifier in Macao,Japan,Singapore,1637,1303,3,0,9,-9,1646,1294,47,132,2,-1,49,131,40,0,334
7159,Feb 13 2000,Asian Cup qualifier in Macao,Macao,Brunei,1004,762,1,0,5,-5,1009,757,185,208,1,0,186,208,40,100,342
7160,Feb 13 2000,CONCACAF Championship in the United States,Mexico,Trinidad and Tobago,1901,1574,4,0,12,-12,1913,1562,7,65,3,-2,10,63,50,0,327
7161,Feb 13 2000,African Nations Cup in Nigeria,Nigeria,Cameroon,1762,1664,2,2,-13,13,1749,1677,25,39,0,3,25,42,50,100,198
7162,Feb 13 2000,Friendly in Syria,Syria,North Korea,1442,1451,0,0,-3,3,1439,1454,96,85,-1,3,95,88,20,100,91
7163,Feb 14 2000,CONCACAF Championship in the United States,Haiti,Peru,1406,1740,1,1,19,-19,1425,1721,93,41,6,-6,99,35,50,0,-334
7164,Feb 14 2000,CONCACAF Championship in the United States,Honduras,Jamaica,1627,1585,2,0,33,-33,1660,1552,46,75,3,-9,49,66,50,0,42
7165,Feb 14 2000,Asian Cup qualifier in Kuwait,Kuwait,Bhutan,1661,566,20,0,0,0,1661,566,48,222,0,0,48,222,20,0,1095
7166,Feb 14 2000,Asian Cup qualifier in Kuwait,Turkmenistan,Nepal,1403,785,5,0,2,-2,1405,783,105,206,1,0,106,206,30,0,618
7167,Feb 15 2000,Friendly tournament in Chile,Australia,Bulgaria,1746,1670,1,1,-3,3,1743,1673,28,45,-1,-1,27,44,30,0,76
7168,Feb 15 2000,CONCACAF Championship in the United States,Canada,South Korea,1583,1703,0,0,8,-8,1591,1695,58,41,0,-1,58,40,50,0,-120
7169,Feb 15 2000,Friendly tournament in Chile,Chile,Slovakia,1740,1665,0,2,-33,33,1707,1698,47,33,-9,6,38,39,30,100,175
7170,Feb 15 2000,Friendly in Malaysia,Malaysia,Maldives,1200,873,2,0,2,-2,1202,871,150,199,1,0,151,199,20,100,427
7171,Feb 15 2000,CONCACAF Championship in the United States,Trinidad and Tobago,Guatemala,1562,1538,4,2,35,-35,1597,1503,52,84,5,-8,57,76,50,0,24
7172,Feb 16 2000,CONCACAF Championship in the United States,Honduras,Colombia,1660,1803,2,0,52,-52,1712,1751,21,27,14,-3,35,24,50,0,-143
7173,Feb 16 2000,Asian Cup qualifier in Macao,Japan,Brunei,1646,757,9,0,1,-1,1647,756,50,208,0,0,50,208,40,0,889
7174,Feb 16 2000,Asian Cup qualifier in Kuwait,Kuwait,Yemen,1661,1198,2,0,2,-2,1663,1196,48,154,0,0,48,154,20,0,463
7175,Feb 16 2000,Friendly in Lebanon,Lebanon,North Korea,1345,1454,1,0,10,-10,1355,1444,118,96,0,-4,118,92,20,100,-9
7176,Feb 16 2000,Asian Cup qualifier in Macao,Macao,Singapore,1009,1294,0,1,-10,10,999,1304,188,129,-1,1,187,130,40,100,-185
7177,Feb 16 2000,Friendly in Panama,Panama,El Salvador,1371,1383,4,1,13,-13,1384,1370,107,119,4,-4,111,115,20,100,88
7178,Feb 16 2000,Asian Cup qualifier in Kuwait,Turkmenistan,Bhutan,1405,566,8,0,1,-1,1406,565,106,222,0,0,106,222,30,0,839
7179,Feb 16 2000,CONCACAF Championship in the United States,United States,Peru,1817,1721,1,0,12,-12,1829,1709,17,40,1,-3,18,37,50,100,196
7180,Feb 17 2000,Friendly in Barbados,Barbados,Saint Kitts and Nevis,1325,1268,1,0,6,-6,1331,1262,123,142,1,-1,124,141,20,100,157
7181,Feb 17 2000,CONCACAF Championship in the United States,Costa Rica,South Korea,1641,1695,2,2,4,-4,1645,1691,52,41,0,0,52,41,50,0,-54
7182,Feb 17 2000,CONCACAF Championship in the United States,Guatemala,Mexico,1503,1913,1,1,21,-21,1524,1892,70,20,3,-5,73,15,50,0,-410
7183,Feb 17 2000,Friendly in Malaysia,Malaysia,Maldives,1202,871,3,0,3,-3,1205,868,151,199,0,0,151,199,20,100,431
7184,Feb 18 2000,Asian Cup qualifier in Kuwait,Kuwait,Nepal,1663,783,5,0,0,0,1663,783,48,206,0,0,48,206,20,0,880
7185,Feb 18 2000,Asian Cup qualifier in Kuwait,Yemen,Bhutan,1196,565,11,2,3,-3,1199,562,154,222,0,0,154,222,40,0,631
7186,Feb 19 2000,Friendly in Dominica,Dominica,Antigua and Barbuda,1146,1166,2,0,12,-12,1158,1154,160,166,2,-2,162,164,20,100,80
7187,Feb 19 2000,Friendly tournament in Oman,Oman,Switzerland,1339,1734,1,4,-8,8,1331,1742,126,27,-3,2,123,29,30,100,-295
7188,Feb 19 2000,CONCACAF Championship in the United States,Peru,Honduras,1709,1712,5,3,38,-38,1747,1674,15,53,11,-9,26,44,50,0,-3
7189,Feb 19 2000,Friendly tournament in Oman,Slovenia,United Arab Emirates,1609,1465,1,1,-6,6,1603,1471,56,83,0,0,56,83,20,100,244
7190,Feb 19 2000,CONCACAF Championship in the United States,United States,Colombia,1829,1751,2,2,-12,12,1817,1763,20,24,-1,0,19,24,50,100,178
7191,Feb 20 2000,CONCACAF Championship in the United States,Canada,Mexico,1591,1892,2,1,42,-42,1633,1850,46,19,6,-2,52,17,50,0,-301
7192,Feb 20 2000,Friendly tournament in Lesotho,Lesotho,Swaziland,1109,1256,1,0,17,-17,1126,1239,159,151,6,-4,165,147,30,100,-47
7193,Feb 20 2000,Asian Cup qualifier in Macao,Macao,Japan,999,1647,0,3,-3,3,996,1650,187,50,0,0,187,50,40,100,-548
7194,Feb 20 2000,Asian Cup qualifier in Macao,Singapore,Brunei,1304,756,1,0,2,-2,1306,754,130,208,0,0,130,208,40,0,548
7195,Feb 20 2000,King's Cup in Thailand,Thailand,Finland,1465,1558,0,0,0,0,1465,1558,84,63,0,0,84,63,20,100,7
7196,Feb 20 2000,CONCACAF Championship in the United States,Trinidad and Tobago,Costa Rica,1597,1645,2,1,28,-28,1625,1617,51,60,3,-4,54,56,50,0,-48
7197,Feb 21 2000,Friendly tournament in Oman,Oman,United Arab Emirates,1331,1471,0,1,-13,13,1318,1484,135,79,-6,2,129,81,30,100,-40
7198,Feb 23 2000,Friendly in Belgium,Belgium,Portugal,1795,1910,1,1,0,0,1795,1910,21,10,0,0,21,10,20,100,-15
7199,Feb 23 2000,CONCACAF Championship in the United States,Colombia,Peru,1763,1747,2,1,24,-24,1787,1723,20,40,2,-7,22,33,50,0,16
7200,Feb 23 2000,Friendly in Croatia,Croatia,Spain,1914,2010,0,0,0,0,1914,2010,9,3,0,0,9,3,20,100,4
7201,Feb 23 2000,Friendly in England,England,Argentina,1906,1935,0,0,-2,2,1904,1937,14,8,-1,-1,13,7,20,100,71
7202,Feb 23 2000,King's Cup in Thailand,Finland,Estonia,1558,1334,4,2,10,-10,1568,1324,63,128,0,-4,63,124,30,0,224
7203,Feb 23 2000,Friendly in France,France,Poland,2038,1737,1,0,2,-2,2040,1735,2,26,0,3,2,29,20,100,401
7204,Feb 23 2000,Friendly in Greece,Greece,Austria,1741,1708,4,1,11,-11,1752,1697,22,41,4,-2,26,39,20,100,133
7205,Feb 23 2000,Friendly in Hungary,Hungary,Australia,1620,1743,0,3,-16,16,1604,1759,61,22,-3,3,58,25,20,100,-23
7206,Feb 23 2000,Friendly in Ireland,Ireland,Czechia,1767,1958,3,2,13,-13,1780,1945,24,6,-1,-1,23,5,20,100,-91
7207,Feb 23 2000,Friendly in Israel,Israel,Russia,1667,1819,4,1,20,-20,1687,1799,38,22,4,-2,42,20,20,100,-52
7208,Feb 23 2000,Friendly in Italy,Italy,Sweden,1928,1893,1,0,6,-6,1934,1887,8,15,0,-1,8,14,20,100,135
7209,Feb 23 2000,Friendly in Lebanon,Lebanon,Jordan,1355,1459,1,1,0,0,1355,1459,118,87,0,0,118,87,20,100,-4
7210,Feb 23 2000,Friendly in Luxembourg,Luxembourg,Northern Ireland,1189,1510,1,3,-7,7,1182,1517,159,72,-1,2,158,74,20,100,-221
7211,Feb 23 2000,Friendly in Macedonia,Macedonia,Yugoslavia,1549,1935,1,2,-3,3,1546,1938,67,6,0,0,67,6,20,100,-286
7212,Feb 23 2000,Friendly in the Netherlands,Netherlands,Germany,1955,1887,2,1,6,-6,1961,1881,3,15,1,0,4,15,20,100,168
7213,Feb 23 2000,Friendly tournament in Oman,Oman,Slovenia,1318,1603,0,4,-14,14,1304,1617,131,52,-1,3,130,55,30,100,-185
7214,Feb 23 2000,Friendly in Qatar,Qatar,Wales,1520,1565,0,1,-12,12,1508,1577,78,60,-2,1,76,61,20,100,55
7215,Feb 23 2000,King's Cup in Thailand,Thailand,Brazil,1465,2094,0,7,-3,3,1462,2097,84,1,0,0,84,1,30,100,-529
7216,Feb 23 2000,Friendly in Turkey,Turkey,Norway,1738,1893,0,2,-13,13,1725,1906,33,11,-1,1,32,12,20,100,-55
7217,Feb 23 2000,Friendly tournament in Oman,United Arab Emirates,Switzerland,1484,1742,1,0,24,-24,1508,1718,71,41,5,-6,76,35,30,0,-258
7218,Feb 24 2000,CONCACAF Championship in the United States,Canada,Trinidad and Tobago,1633,1625,1,0,24,-24,1657,1601,48,62,2,-4,50,58,50,0,8
7219,Feb 25 2000,Friendly in the British Virgin Islands,British Virgin Islands,Anguilla,856,495,3,4,-19,19,837,514,205,222,-2,1,203,223,20,100,461
7220,Feb 25 2000,King's Cup in Thailand,Thailand,Estonia,1462,1324,2,1,6,-6,1468,1318,84,132,0,-4,84,128,20,0,138
7221,Feb 27 2000,Friendly in Botswana,Botswana,Lesotho,993,1126,1,0,11,-11,1004,1115,185,173,2,-4,187,169,20,100,-33
7222,Feb 27 2000,Friendly in the British Virgin Islands,British Virgin Islands,Anguilla,837,514,5,0,3,-3,840,511,203,223,0,0,203,223,20,100,423
7223,Feb 27 2000,CONCACAF Championship in the United States,Canada,Colombia,1657,1787,2,0,51,-51,1708,1736,24,34,13,-6,37,28,50,0,-130
7224,Feb 27 2000,King's Cup in Thailand,Thailand,Finland,1468,1568,5,1,28,-28,1496,1540,74,71,5,-4,79,67,30,100,0
7225,Feb 29 2000,Friendly in Barbados,Barbados,Antigua and Barbuda,1331,1154,2,2,-7,7,1324,1161,124,160,-1,2,123,162,20,100,277
7226,Feb 29 2000,Friendly in El Salvador,El Salvador,Panama,1370,1384,3,1,11,-11,1381,1373,109,119,3,-4,112,115,20,100,86
7227,Feb 29 2000,Friendly in Uzbekistan,Uzbekistan,Mongolia,1572,892,8,1,0,0,1572,892,62,197,0,0,62,197,20,100,780
7228,Mar 1 2000,Friendly in Zambia,Zambia,Lesotho,1553,1115,2,0,1,-1,1554,1114,64,169,0,0,64,169,20,100,538
7229,Mar 4 2000,World Cup qualifier in Honduras,Honduras,Nicaragua,1674,931,3,0,1,-1,1675,930,46,194,0,0,46,194,30,0,743
7230,Mar 4 2000,World Cup qualifier in Trinidad and Tobago,Trinidad and Tobago,Netherlands Antilles,1601,1155,5,0,3,-3,1604,1152,56,164,1,0,57,164,20,0,446
7231,Mar 5 2000,World Cup qualifier in Anguilla,Anguilla,Bahamas,511,846,1,3,-12,12,499,858,223,200,0,1,223,201,40,100,-235
7232,Mar 5 2000,World Cup qualifier in Barbados,Barbados,Grenada,1324,1319,2,2,-6,6,1318,1325,131,122,-4,2,127,124,40,100,105
7233,Mar 5 2000,Friendly in Bolivia,Bolivia,Haiti,1646,1425,9,2,6,-6,1652,1419,50,103,1,-2,51,101,20,100,321
7234,Mar 5 2000,World Cup qualifier in the British Virgin Islands,British Virgin Islands,Bermuda,840,1292,1,5,-9,9,831,1301,203,130,0,1,203,131,40,100,-352
7235,Mar 5 2000,World Cup qualifier in Cuba,Cuba,Cayman Islands,1515,1125,4,0,4,-4,1519,1121,73,169,1,-1,74,168,20,0,390
7236,Mar 5 2000,World Cup qualifier in the Dominican Republic,Dominican Republic,Montserrat,1114,590,3,0,2,-2,1116,588,169,221,0,0,169,221,20,0,524
7237,Mar 5 2000,World Cup qualifier in El Salvador,El Salvador,Belize,1381,1079,5,0,7,-7,1388,1072,110,177,1,0,111,177,40,100,402
7238,Mar 5 2000,Friendly in Ethiopia,Ethiopia,Sudan,1319,1334,1,0,8,-8,1327,1326,116,126,5,-3,121,123,20,100,85
7239,Mar 5 2000,World Cup qualifier in Saint Lucia,Saint Lucia,Suriname,1273,1280,1,0,15,-15,1288,1265,127,143,6,-4,133,139,30,0,-7
7240,Mar 5 2000,World Cup qualifier in St Vincent & Grenadines,St Vincent & Grenadines,US Virgin Islands,1242,721,9,0,3,-3,1245,718,145,211,0,0,145,211,40,100,621
7241,Mar 5 2000,COSAFA Cup in Zimbabwe,Zimbabwe,Lesotho,1495,1114,2,1,2,-2,1497,1112,78,171,1,-1,79,170,20,0,381
7242,Mar 6 2000,Friendly in Syria,Syria,Jordan,1439,1459,0,0,-2,2,1437,1461,95,83,0,2,95,85,20,100,80
7243,Mar 8 2000,Friendly in Ecuador,Ecuador,Honduras,1688,1675,1,3,-20,20,1668,1695,52,36,-5,5,47,41,20,100,113
7244,Mar 8 2000,Friendly in Jordan,Jordan,Lebanon,1461,1355,1,1,-5,5,1456,1360,89,114,-2,2,87,116,20,100,206
7245,Mar 9 2000,Friendly tournament in Cuba,Cuba,Nicaragua,1519,930,4,0,1,-1,1520,929,74,194,0,0,74,194,20,0,589
7246,Mar 10 2000,Friendly in Qatar,Qatar,Sudan,1508,1326,3,0,6,-6,1514,1320,76,129,0,-3,76,126,20,100,282
7247,Mar 11 2000,World Cup qualifier in Aruba,Aruba,Puerto Rico,1007,929,4,2,16,-16,1023,913,186,198,0,-2,186,196,40,100,178
7248,Mar 11 2000,World Cup qualifier in Haiti,Haiti,Dominica,1419,1158,4,0,8,-8,1427,1150,97,165,2,-1,99,164,40,100,361
7249,Mar 11 2000,Friendly in Jordan,Jordan,Bosnia and Herzegovina,1456,1531,0,0,-1,1,1455,1532,87,68,0,0,87,68,20,100,25
7250,Mar 12 2000,Friendly in the United States,United States,Tunisia,1817,1626,1,1,-7,7,1810,1633,20,53,-1,0,19,53,20,100,291
7251,Mar 12 2000,Friendly in Zambia,Zambia,Malawi,1554,1237,1,1,-8,8,1546,1245,66,141,-1,4,65,145,20,100,417
7252,Mar 13 2000,Friendly in Jordan,Jordan,Syria,1455,1437,0,0,-3,3,1452,1440,89,95,-1,0,88,95,20,100,118
7253,Mar 13 2000,Friendly in Zambia,Zambia,Malawi,1546,1245,0,1,-18,18,1528,1263,77,137,-6,4,71,141,20,100,401
7254,Mar 15 2000,Friendly in Japan,Japan,China,1650,1719,0,0,-1,1,1649,1720,52,34,0,0,52,34,20,100,31
7255,Mar 15 2000,Friendly in Jordan,Jordan,Bosnia and Herzegovina,1452,1532,1,2,-11,11,1441,1543,98,65,-5,1,93,66,20,100,20
7256,Mar 16 2000,Friendly in Venezuela,Venezuela,Bolivia,1393,1652,0,0,4,-4,1397,1648,107,53,1,-1,108,52,20,100,-159
7257,Mar 17 2000,Friendly in Jordan,Jordan,Syria,1441,1440,0,0,-3,3,1438,1443,97,89,-2,3,95,92,20,100,101
7258,Mar 18 2000,World Cup qualifier in Grenada,Grenada,Barbados,1325,1318,2,3,-26,26,1299,1344,139,111,-8,8,131,119,40,100,107
7259,Mar 18 2000,World Cup qualifier in the Netherlands Antilles,Netherlands Antilles,Trinidad and Tobago,1152,1604,1,1,15,-15,1167,1589,161,59,1,-1,162,58,40,100,-352
7260,Mar 18 2000,World Cup qualifier in Puerto Rico,Puerto Rico,Aruba,913,1023,2,2,1,-1,914,1022,196,186,0,0,196,186,40,100,-10
7261,Mar 18 2000,World Cup qualifier in Saint Kitts and Nevis,Saint Kitts and Nevis,Turks and Caicos Islands,1262,776,8,0,3,-3,1265,773,136,207,3,0,139,207,20,0,486
7262,Mar 19 2000,World Cup qualifier in the Bahamas,Bahamas,Anguilla,858,499,2,1,3,-3,861,496,201,223,0,0,201,223,30,0,359
7263,Mar 19 2000,World Cup qualifier in Bermuda,Bermuda,British Virgin Islands,1301,831,9,0,4,-4,1305,827,128,203,1,0,129,203,40,100,570
7264,Mar 19 2000,Friendly in Botswana,Botswana,Swaziland,1004,1239,3,0,24,-24,1028,1215,183,152,2,-2,185,150,20,100,-135
7265,Mar 19 2000,World Cup qualifier in the Cayman Islands,Cayman Islands,Cuba,1121,1520,0,0,14,-14,1135,1506,160,80,4,-3,164,77,40,100,-299
7266,Mar 19 2000,World Cup qualifier in Dominica,Dominica,Haiti,1150,1427,1,3,-16,16,1134,1443,166,85,-1,7,165,92,40,100,-177
7267,Mar 19 2000,World Cup qualifier in Trinidad and Tobago,Dominican Republic,Montserrat,1116,588,3,1,3,-3,1119,585,169,221,0,0,169,221,40,0,528
7268,Mar 19 2000,World Cup qualifier in Honduras,Guatemala,Belize,1524,1072,2,1,3,-3,1527,1069,71,177,1,0,72,177,40,0,452
7269,Mar 19 2000,World Cup qualifier in Nicaragua,Nicaragua,Panama,929,1373,0,2,-7,7,922,1380,194,111,0,2,194,113,40,100,-344
7270,Mar 19 2000,World Cup qualifier in Suriname,Suriname,Saint Lucia,1265,1288,1,0,16,-16,1281,1272,131,145,4,-6,135,139,30,0,-23
7271,Mar 19 2000,World Cup qualifier in the US Virgin Islands,US Virgin Islands,St Vincent & Grenadines,718,1245,1,5,-6,6,712,1251,211,144,0,1,211,145,40,100,-427
7272,Mar 20 2000,Friendly in the United Arab Emirates,Kazakhstan,Bahrain,1480,1327,1,0,6,-6,1486,1321,81,128,1,-3,82,125,20,0,153
7273,Mar 21 2000,Friendly in Namibia,Namibia,Zimbabwe,1324,1497,2,1,12,-12,1336,1485,119,85,2,-3,121,82,20,100,-73
7274,Mar 21 2000,World Cup qualifier in Saint Kitts and Nevis,Saint Kitts and Nevis,Turks and Caicos Islands,1265,773,6,0,3,-3,1268,770,140,207,0,0,140,207,40,100,592
7275,Mar 22 2000,Friendly in the United Arab Emirates,Bahrain,Qatar,1321,1514,1,0,15,-15,1336,1499,121,81,2,-3,123,78,20,0,-193
7276,Mar 22 2000,Friendly in Chile,Chile,Honduras,1707,1695,5,2,12,-12,1719,1683,32,45,3,-2,35,43,20,100,112
7277,Mar 22 2000,Friendly in Cyprus,Cyprus,Iran,1557,1765,0,0,3,-3,1560,1762,63,23,0,0,63,23,20,100,-108
7278,Mar 22 2000,Friendly in the United Arab Emirates,Kazakhstan,Bahrain,1486,1336,2,0,9,-9,1495,1327,79,121,1,2,80,123,20,0,150
7279,Mar 24 2000,Friendly in The Gambia,Gambia,Mauritania,1299,1188,0,0,-5,5,1294,1193,133,157,-1,0,132,157,20,100,211
7280,Mar 25 2000,Friendly in the United Arab Emirates,Bahrain,Jordan,1327,1438,1,1,3,-3,1330,1435,123,98,0,-1,123,97,20,0,-111
7281,Mar 25 2000,Asian Cup qualifier in Malaysia,Malaysia,Taiwan,1205,1028,3,0,12,-12,1217,1016,149,189,1,-2,150,187,40,100,277
7282,Mar 25 2000,Asian Cup qualifier in Malaysia,North Korea,Thailand,1444,1496,0,0,3,-3,1447,1493,91,81,0,-1,91,80,40,0,-52
7283,Mar 25 2000,Friendly in Tanzania,Tanzania,Malawi,1252,1263,1,1,-3,3,1249,1266,146,140,-1,1,145,141,20,100,89
7284,Mar 25 2000,COSAFA Cup in Zambia,Zambia,Botswana,1528,1028,3,0,2,-2,1530,1026,65,185,3,0,68,185,20,0,500
7285,Mar 26 2000,Friendly in Tanzania,Tanzania,Malawi,1249,1266,4,3,8,-8,1257,1258,143,145,1,-2,144,143,20,100,83
7286,Mar 27 2000,Asian Cup qualifier in Malaysia,Malaysia,North Korea,1217,1447,1,1,7,-7,1224,1440,148,99,1,-4,149,95,40,100,-130
7287,Mar 27 2000,Asian Cup qualifier in Malaysia,Thailand,Taiwan,1493,1016,2,0,4,-4,1497,1012,78,187,1,0,79,187,40,0,477
7288,Mar 28 2000,World Cup qualifier in Colombia,Colombia,Brazil,1736,2097,0,0,13,-13,1749,2084,24,1,2,0,26,1,40,100,-261
7289,Mar 28 2000,Friendly in El Salvador,El Salvador,Haiti,1388,1443,3,1,13,-13,1401,1430,105,105,3,-7,108,98,20,100,45
7290,Mar 28 2000,Friendly in Malta,Malta,Northern Ireland,1246,1517,0,3,-10,10,1236,1527,150,70,-2,2,148,72,20,100,-171
7291,Mar 28 2000,Friendly in Yugoslavia,Yugoslavia,China,1938,1720,1,0,3,-3,1941,1717,6,38,0,-2,6,36,20,100,318
7292,Mar 29 2000,World Cup qualifier in Argentina,Argentina,Chile,1937,1719,4,1,10,-10,1947,1709,5,40,1,-3,6,37,40,100,318
7293,Mar 29 2000,Friendly in Austria,Austria,Sweden,1697,1887,1,1,3,-3,1700,1884,38,16,1,-1,39,15,20,100,-90
7294,Mar 29 2000,Friendly in Belgium,Belgium,Netherlands,1795,1961,2,2,2,-2,1797,1959,19,4,1,0,20,4,20,100,-66
7295,Mar 29 2000,Friendly in Bosnia and Herzegovina,Bosnia and Herzegovina,Macedonia,1543,1546,1,0,7,-7,1550,1539,66,69,0,-2,66,67,20,100,97
7296,Mar 29 2000,Friendly in Bulgaria,Bulgaria,Belarus,1673,1415,4,1,4,-4,1677,1411,44,103,1,0,45,103,20,100,358
7297,Mar 29 2000,Friendly in Croatia,Croatia,Germany,1914,1881,1,1,-4,4,1910,1885,11,13,-1,1,10,14,20,100,133
7298,Mar 29 2000,Friendly in Czechia,Czechia,Australia,1945,1759,3,1,5,-5,1950,1754,5,26,0,-1,5,25,20,100,286
7299,Mar 29 2000,World Cup qualifier in Ecuador,Ecuador,Venezuela,1668,1397,2,0,6,-6,1674,1391,47,111,0,-1,47,110,40,100,371
7300,Mar 29 2000,Friendly in Greece,Greece,Romania,1752,1868,2,0,16,-16,1768,1852,21,16,2,0,23,16,20,100,-16
7301,Mar 29 2000,Friendly in Hungary,Hungary,Poland,1604,1735,0,0,1,-1,1605,1734,57,33,0,-2,57,31,20,100,-31
7302,Mar 29 2000,Friendly in Israel,Israel,Georgia,1687,1530,1,1,-6,6,1681,1536,44,68,-1,0,43,68,20,100,257
7303,Mar 29 2000,Asian Cup qualifier in Malaysia,Malaysia,Thailand,1224,1497,3,2,29,-29,1253,1468,141,89,4,-5,145,84,40,100,-173
7304,Mar 29 2000,Asian Cup qualifier in Malaysia,North Korea,Taiwan,1440,1012,2,0,5,-5,1445,1007,88,187,3,0,91,187,40,0,428
7305,Mar 29 2000,World Cup qualifier in Peru,Peru,Paraguay,1723,1814,2,0,29,-29,1752,1785,19,24,7,-3,26,21,40,100,9
7306,Mar 29 2000,Friendly in Portugal,Portugal,Denmark,1910,1908,2,1,7,-7,1917,1901,8,15,1,-2,9,13,20,100,102
7307,Mar 29 2000,Friendly in Scotland,Scotland,France,1728,2040,0,2,-7,7,1721,2047,35,2,-2,0,33,2,20,100,-212
7308,Mar 29 2000,Friendly in Spain,Spain,Italy,2010,1934,2,0,8,-8,2018,1926,3,8,0,0,3,8,20,100,176
7309,Mar 29 2000,Friendly in Switzerland,Switzerland,Norway,1718,1906,2,2,2,-2,1720,1904,33,10,1,1,34,11,20,100,-88
7310,Mar 29 2000,World Cup qualifier in Uruguay,Uruguay,Bolivia,1733,1648,1,0,10,-10,1743,1638,30,52,0,0,30,52,40,100,185
7311,Mar 29 2000,Friendly in Wales,Wales,Finland,1577,1540,1,2,-14,14,1563,1554,63,61,-1,3,62,64,20,100,137
7312,Mar 31 2000,Friendly in The Gambia,Gambia,Mauritania,1294,1193,0,0,-5,5,1289,1198,132,153,0,2,132,155,20,100,201
7313,Mar 31 2000,Asian Cup qualifier in Syria,Iran,Maldives,1762,868,8,0,1,-1,1763,867,24,199,0,0,24,199,40,0,894
7314,Mar 31 2000,Asian Cup qualifier in Qatar,Kazakhstan,Jordan,1495,1435,1,0,17,-17,1512,1418,71,106,4,-5,75,101,40,0,60
7315,Mar 31 2000,Asian Cup qualifier in Qatar,Qatar,Palestine,1499,1260,1,0,5,-5,1504,1255,78,146,0,-2,78,144,40,100,339
7316,Mar 31 2000,Asian Cup qualifier in Syria,Syria,Bahrain,1443,1330,1,0,9,-9,1452,1321,84,127,4,-2,88,125,40,100,213
7317,Apr 1 2000,World Cup qualifier in Aruba,Aruba,Barbados,1022,1344,1,3,-13,13,1009,1357,188,117,-1,1,187,118,40,100,-222
7318,Apr 1 2000,World Cup qualifier in Haiti,Haiti,Bahamas,1430,861,9,0,2,-2,1432,859,91,203,3,-1,94,202,20,0,569
7319,Apr 1 2000,Friendly in Mayotte,Mayotte,Madagascar,1200,1443,1,0,14,-14,1214,1429,152,97,0,0,152,97,20,100,-143
7320,Apr 1 2000,Friendly in Zambia,Zambia,Kenya,1530,1436,1,0,5,-5,1535,1431,69,97,0,-1,69,96,20,100,194
7321,Apr 2 2000,Asian Cup qualifier in Syria,Bahrain,Maldives,1321,867,4,1,5,-5,1326,862,123,200,1,0,124,200,40,0,454
7322,Apr 2 2000,World Cup qualifier in Cuba,Cuba,Suriname,1506,1281,1,0,5,-5,1511,1276,73,137,2,-1,75,136,40,100,325
7323,Apr 2 2000,World Cup qualifier in Guatemala,Guatemala,El Salvador,1527,1401,0,1,-31,31,1496,1432,84,80,-6,14,78,94,40,100,226
7324,Apr 2 2000,Asian Cup qualifier in Qatar,Palestine,Pakistan,1255,816,2,0,4,-4,1259,812,140,206,2,0,142,206,40,0,439
7325,Apr 2 2000,World Cup qualifier in Panama,Panama,Honduras,1380,1683,1,0,31,-31,1411,1652,95,58,9,-8,104,50,40,100,-203
7326,Apr 2 2000,Asian Cup qualifier in Qatar,Qatar,Kazakhstan,1504,1512,3,1,22,-22,1526,1490,68,83,5,-4,73,79,40,100,92
7327,Apr 2 2000,Asian Cup qualifier in Syria,Syria,Iran,1452,1763,0,1,-9,9,1443,1772,96,22,-4,1,92,23,40,100,-211
7328,Apr 2 2000,World Cup qualifier in Trinidad and Tobago,Trinidad and Tobago,Dominican Republic,1589,1119,3,0,3,-3,1592,1116,58,170,0,0,58,170,30,0,470
7329,Apr 4 2000,Asian Cup qualifier in Syria,Bahrain,Iran,1326,1772,1,0,37,-37,1363,1735,108,37,8,-7,116,30,40,0,-446
7330,Apr 4 2000,Asian Cup qualifier in Qatar,Jordan,Palestine,1418,1259,5,1,21,-21,1439,1238,84,152,9,-5,93,147,40,0,159
7331,Apr 4 2000,Asian Cup qualifier in Qatar,Qatar,Pakistan,1526,812,5,0,1,-1,1527,811,71,206,1,0,72,206,20,0,714
7332,Apr 4 2000,Asian Cup qualifier in Syria,Syria,Maldives,1443,862,6,0,2,-2,1445,860,90,202,1,-1,91,201,30,0,581
7333,Apr 4 2000,Asian Cup qualifier in Thailand,Taiwan,Malaysia,1007,1253,3,2,32,-32,1039,1221,182,155,3,-5,185,150,40,0,-246
7334,Apr 4 2000,Asian Cup qualifier in Thailand,Thailand,North Korea,1468,1445,5,3,20,-20,1488,1425,78,109,3,-9,81,100,40,100,123
7335,Apr 5 2000,Asian Cup qualifier in South Korea,Myanmar,Mongolia,1093,892,2,0,14,-14,1107,878,170,198,3,0,173,198,40,0,201
7336,Apr 5 2000,Asian Cup qualifier in South Korea,South Korea,Laos,1691,973,9,0,1,-1,1692,972,41,192,0,0,41,192,20,0,718
7337,Apr 6 2000,Asian Cup qualifier in Qatar,Jordan,Pakistan,1439,811,5,0,2,-2,1441,809,93,206,0,0,93,206,30,0,628
7338,Apr 6 2000,Asian Cup qualifier in Qatar,Kazakhstan,Palestine,1490,1238,2,0,11,-11,1501,1227,77,149,1,-1,78,148,40,0,252
7339,Apr 6 2000,Asian Cup qualifier in Thailand,North Korea,Malaysia,1425,1221,4,1,17,-17,1442,1204,84,154,8,-2,92,152,40,0,204
7340,Apr 6 2000,Asian Cup qualifier in Thailand,Thailand,Taiwan,1488,1039,1,0,2,-2,1490,1037,79,185,1,0,80,185,30,0,449
7341,Apr 7 2000,World Cup qualifier in Djibouti,Djibouti,DR Congo,875,1502,1,1,18,-18,893,1484,197,89,1,-6,198,83,40,100,-527
7342,Apr 7 2000,World Cup qualifier in Mauritania,Mauritania,Tunisia,1198,1633,1,2,-5,5,1193,1638,160,51,-2,1,158,52,40,100,-335
7343,Apr 7 2000,Asian Cup qualifier in South Korea,Myanmar,Laos,1107,972,4,0,24,-24,1131,948,161,192,6,0,167,192,40,0,135
7344,Apr 7 2000,Asian Cup qualifier in South Korea,South Korea,Mongolia,1692,878,6,0,0,0,1692,878,41,200,0,-1,41,199,20,0,814
7345,Apr 8 2000,World Cup qualifier in Botswana,Botswana,Zambia,1026,1535,0,1,-3,3,1023,1538,187,69,0,0,187,69,30,100,-409
7346,Apr 8 2000,Oce Cup q & Melanesian Cup in Fiji,Fiji,Papua New Guinea,1428,1104,5,0,6,-6,1434,1098,92,178,4,-2,96,176,40,100,424
7347,Apr 8 2000,World Cup qualifier in Guinea-Bissau,Guinea-Bissau,Togo,1194,1396,0,0,6,-6,1200,1390,150,110,3,0,153,110,40,100,-102
7348,Apr 8 2000,Asian Cup qualifier in Qatar,Kazakhstan,Pakistan,1501,809,4,0,1,-1,1502,808,77,206,0,0,77,206,20,0,692
7349,Apr 8 2000,World Cup qualifier in Madagascar,Madagascar,Gabon,1429,1422,2,0,21,-21,1450,1401,85,112,7,-5,92,107,40,100,107
7350,Apr 8 2000,World Cup qualifier in Malawi,Malawi,Kenya,1258,1431,2,0,36,-36,1294,1395,120,118,11,-10,131,108,40,100,-73
7351,Apr 8 2000,Oce Cup q & Melanesian Cup in Fiji,New Caledonia,Solomon Islands,1126,1323,4,2,45,-45,1171,1278,158,145,5,-10,163,135,40,0,-197
7352,Apr 8 2000,Asian Cup qualifier in Thailand,North Korea,Taiwan,1442,1037,1,0,4,-4,1446,1033,94,187,-1,-1,93,186,40,0,405
7353,Apr 8 2000,Asian Cup qualifier in Qatar,Qatar,Jordan,1527,1441,2,2,-10,10,1517,1451,76,87,-2,3,74,90,40,100,186
7354,Apr 8 2000,World Cup qualifier in São Tomé and Príncipe,São Tomé and Príncipe,Sierra Leone,1030,1432,2,0,51,-51,1081,1381,170,131,8,-18,178,113,40,100,-302
7355,Apr 8 2000,World Cup qualifier in the Seychelles,Seychelles,Namibia,975,1336,1,1,13,-13,988,1323,191,126,0,-2,191,124,40,100,-261
7356,Apr 8 2000,World Cup qualifier in Tanzania,Tanzania,Ghana,1257,1530,0,1,-11,11,1246,1541,145,64,-1,3,144,67,40,100,-173
7357,Apr 8 2000,Asian Cup qualifier in Thailand,Thailand,Malaysia,1490,1204,3,2,4,-4,1494,1200,79,154,0,-1,79,153,40,100,386
7358,Apr 8 2000,World Cup qualifier in Uganda,Uganda,Guinea,1376,1461,4,4,-1,1,1375,1462,114,85,0,0,114,85,30,100,15
7359,Apr 9 2000,World Cup qualifier in Benin,Benin,Senegal,1242,1530,1,1,10,-10,1252,1520,139,73,3,-1,142,72,30,0,-288
7360,Apr 9 2000,World Cup qualifier in Cape Verde,Cape Verde,Algeria,1239,1526,0,0,10,-10,1249,1516,144,75,1,-1,145,74,30,0,-287
7361,Apr 9 2000,World Cup qualifier in Chad,Chad,Liberia,1274,1405,0,1,-18,18,1256,1423,143,96,-2,5,141,101,40,100,-31
7362,Apr 9 2000,World Cup qualifier in Central African Republic,Central African Republic,Zimbabwe,1264,1485,0,1,-13,13,1251,1498,144,75,-1,3,143,78,40,100,-121
7363,Apr 9 2000,World Cup qualifier in Equatorial Guinea,Equatorial Guinea,Congo,1056,1417,1,3,-11,11,1045,1428,186,98,-2,1,184,99,40,100,-261
7364,Apr 9 2000,World Cup qualifier in Eritrea,Eritrea,Nigeria,1181,1749,0,0,17,-17,1198,1732,154,36,3,-5,157,31,40,100,-468
7365,Apr 9 2000,World Cup qualifier in Ethiopia,Ethiopia,Burkina Faso,1327,1408,2,1,19,-19,1346,1389,119,118,2,-7,121,111,40,100,19
7366,Apr 9 2000,World Cup qualifier in The Gambia,Gambia,Morocco,1289,1744,0,1,-5,5,1284,1749,132,24,0,2,132,26,40,100,-355
7367,Apr 9 2000,Asian Cup qualifier in Iran,Iran,Bahrain,1735,1363,3,0,4,-4,1739,1359,28,120,1,-2,29,118,20,0,372
7368,Apr 9 2000,Asian Cup qualifier in South Korea,Laos,Mongolia,948,878,2,1,16,-16,964,862,192,199,0,0,192,199,40,0,70
7369,Apr 9 2000,World Cup qualifier in Lesotho,Lesotho,South Africa,1112,1678,0,2,-4,4,1108,1682,174,41,-1,1,173,42,40,100,-466
7370,Apr 9 2000,World Cup qualifier in Libya,Libya,Mali,1454,1476,3,0,27,-27,1481,1449,81,100,3,-8,84,92,40,100,78
7371,Apr 9 2000,World Cup qualifier in Rwanda,Rwanda,Ivory Coast,1200,1582,2,2,13,-13,1213,1569,149,62,2,-1,151,61,40,100,-282
7372,Apr 9 2000,Asian Cup qualifier in South Korea,South Korea,Myanmar,1692,1131,4,0,2,-2,1694,1129,41,168,0,0,41,168,30,0,561
7373,Apr 9 2000,World Cup qualifier in Sudan,Sudan,Mozambique,1320,1275,1,0,12,-12,1332,1263,121,142,2,-2,123,140,40,100,145
7374,Apr 9 2000,World Cup qualifier in Swaziland,Swaziland,Angola,1215,1485,0,1,-11,11,1204,1496,154,77,-2,2,152,79,40,100,-170
7375,Apr 9 2000,Asian Cup qualifier in Iran,Syria,Maldives,1445,860,2,1,1,-1,1446,859,92,201,1,0,93,201,20,0,585
7376,Apr 10 2000,Oce Cup q & Melanesian Cup in Fiji,Fiji,New Caledonia,1434,1171,2,1,4,-4,1438,1167,96,163,0,0,96,163,20,0,263
7377,Apr 10 2000,Oce Cup q & Melanesian Cup in Fiji,Solomon Islands,Vanuatu,1278,1065,2,1,9,-9,1287,1056,129,181,3,0,132,181,40,0,213
7378,Apr 11 2000,Asian Cup qualifier in Iran,Bahrain,Maldives,1359,859,1,0,2,-2,1361,857,114,203,2,-1,116,202,30,0,500
7379,Apr 11 2000,Oce Cup q & Melanesian Cup in Fiji,Fiji,Vanuatu,1438,1056,4,1,4,-4,1442,1052,94,183,1,-1,95,182,40,100,482
7380,Apr 11 2000,Asian Cup qualifier in Iran,Iran,Syria,1739,1446,1,1,-16,16,1723,1462,35,77,-3,8,32,85,40,100,393
7381,Apr 11 2000,Oce Cup q & Melanesian Cup in Fiji,New Caledonia,Papua New Guinea,1167,1098,6,1,32,-32,1199,1066,149,184,7,-4,156,180,40,0,69
7382,Apr 12 2000,Friendly in Ethiopia,Ethiopia,DR Congo,1346,1484,1,2,-9,9,1337,1493,123,81,-1,1,122,82,20,100,-38
7383,Apr 13 2000,Asian Cup qualifier in Iran,Iran,Maldives,1723,857,3,0,0,0,1723,857,32,202,0,0,32,202,20,0,866
7384,Apr 13 2000,Oce Cup q & Melanesian Cup in Fiji,Solomon Islands,Papua New Guinea,1287,1066,4,2,13,-13,1300,1053,128,184,2,-2,130,182,40,0,221
7385,Apr 13 2000,Asian Cup qualifier in Iran,Syria,Bahrain,1462,1361,1,0,14,-14,1476,1347,85,124,0,-4,85,120,40,0,101
7386,Apr 13 2000,Oce Cup q & Melanesian Cup in Fiji,Vanuatu,New Caledonia,1052,1199,6,0,59,-59,1111,1140,164,174,9,-9,173,165,40,0,-147
7387,Apr 15 2000,Oce Cup q & Melanesian Cup in Fiji,Fiji,Solomon Islands,1442,1300,2,2,-12,12,1430,1312,101,124,-3,3,98,127,40,100,242
7388,Apr 15 2000,COSAFA Cup in Malawi,Malawi,Mozambique,1294,1263,2,1,13,-13,1307,1250,124,148,4,-4,128,144,40,100,131
7389,Apr 15 2000,Oce Cup q & Melanesian Cup in Fiji,Vanuatu,Papua New Guinea,1111,1053,4,1,29,-29,1140,1024,157,190,8,-4,165,186,40,0,58
7390,Apr 16 2000,World Cup qualifier in Antigua and Barbuda,Antigua and Barbuda,Bermuda,1161,1305,0,0,3,-3,1164,1302,164,132,0,-1,164,131,40,100,-44
7391,Apr 16 2000,World Cup qualifier in the Bahamas,Bahamas,Haiti,859,1432,0,4,-5,5,854,1437,203,98,-1,-1,202,97,40,100,-473
7392,Apr 16 2000,World Cup qualifier in Barbados,Barbados,Aruba,1357,1009,4,0,5,-5,1362,1004,114,188,2,0,116,188,40,100,448
7393,Apr 16 2000,World Cup qualifier in Belize,Belize,El Salvador,1069,1432,1,3,-11,11,1058,1443,181,94,-1,1,180,95,40,100,-263
7394,Apr 16 2000,World Cup qualifier in the Dominican Republic,Dominican Republic,Trinidad and Tobago,1116,1592,0,1,-4,4,1112,1596,172,58,0,0,172,58,40,100,-376
7395,Apr 16 2000,World Cup qualifier in Nicaragua,Nicaragua,Honduras,922,1652,0,1,-1,1,921,1653,195,50,0,0,195,50,20,100,-630
7396,Apr 16 2000,World Cup qualifier in St Vincent & Grenadines,St Vincent & Grenadines,Saint Kitts and Nevis,1251,1268,1,0,15,-15,1266,1253,136,143,3,-2,139,141,40,100,83
7397,Apr 16 2000,World Cup qualifier in Suriname,Suriname,Cuba,1276,1511,0,0,7,-7,1283,1504,133,77,2,-1,135,76,40,100,-135
7398,Apr 16 2000,Friendly in Uganda,Uganda,Kenya,1375,1395,2,2,-2,2,1373,1397,116,107,-1,0,115,107,20,100,80
7399,Apr 19 2000,World Cup qualifier in Cameroon,Cameroon,Somalia,1677,1112,3,0,1,-1,1678,1111,44,174,0,-1,44,173,20,0,565
7400,Apr 19 2000,Friendly in Mali,Mali,Burkina Faso,1449,1389,2,1,6,-6,1455,1383,83,111,5,0,88,111,20,100,160
7401,Apr 20 2000,World Cup qualifier in Egypt,Egypt,Mauritius,1664,1223,2,0,3,-3,1667,1220,47,149,0,0,47,149,30,0,441
7402,Apr 21 2000,World Cup qualifier in Algeria,Algeria,Cape Verde,1516,1249,2,0,6,-6,1522,1243,70,147,2,-1,72,146,40,100,367
7403,Apr 22 2000,World Cup qualifier in Gabon,Gabon,Madagascar,1401,1450,1,0,17,-17,1418,1433,98,101,4,-4,102,97,30,0,-49
7404,Apr 22 2000,World Cup qualifier in Kenya,Kenya,Malawi,1397,1307,0,0,-10,10,1387,1317,115,126,-4,1,111,127,40,100,190
7405,Apr 22 2000,World Cup qualifier in Morocco,Morocco,Gambia,1749,1284,2,0,2,-2,1751,1282,26,139,0,-3,26,136,20,0,465
7406,Apr 22 2000,World Cup qualifier in Namibia,Namibia,Seychelles,1323,988,3,0,5,-5,1328,983,125,191,0,0,125,191,40,100,435
7407,Apr 22 2000,World Cup qualifier in Nigeria,Nigeria,Eritrea,1732,1198,4,0,2,-2,1734,1196,28,157,1,0,29,157,20,0,534
7408,Apr 22 2000,World Cup qualifier in Sierra Leone,Sierra Leone,São Tomé and Príncipe,1381,1081,4,0,7,-7,1388,1074,107,178,3,0,110,178,40,100,400
7409,Apr 22 2000,World Cup qualifier in South Africa,South Africa,Lesotho,1682,1108,1,0,1,-1,1683,1107,42,174,0,0,42,174,20,0,574
7410,Apr 22 2000,World Cup qualifier in Saint Kitts and Nevis,Saint Kitts and Nevis,St Vincent & Grenadines,1253,1266,1,2,-25,25,1228,1291,153,127,-6,6,147,133,40,100,87
7411,Apr 22 2000,World Cup qualifier in Tunisia,Tunisia,Mauritania,1638,1193,3,0,3,-3,1641,1190,52,159,0,0,52,159,20,0,445
7412,Apr 22 2000,World Cup qualifier in Zambia,Zambia,Botswana,1538,1023,1,0,1,-1,1539,1022,67,187,1,0,68,187,20,0,515
7413,Apr 23 2000,World Cup qualifier in Angola,Angola,Swaziland,1496,1204,7,1,8,-8,1504,1196,75,158,2,-3,77,155,40,100,392
7414,Apr 23 2000,World Cup qualifier in Bermuda,Bermuda,Antigua and Barbuda,1302,1164,1,1,-12,12,1290,1176,135,160,-2,2,133,162,40,100,238
7415,Apr 23 2000,World Cup qualifier in Burkina Faso,Burkina Faso,Ethiopia,1383,1337,3,0,21,-21,1404,1316,102,130,5,-4,107,126,40,100,146
7416,Apr 23 2000,World Cup qualifier in Cameroon,Cameroon,Somalia,1678,1111,3,0,1,-1,1679,1110,44,173,0,0,44,173,20,0,567
7417,Apr 23 2000,World Cup qualifier in Congo,Congo,Equatorial Guinea,1428,1045,2,1,2,-2,1430,1043,97,183,1,0,98,183,20,0,383
7418,Apr 23 2000,World Cup qualifier in the Dem Rep of the Congo,DR Congo,Djibouti,1493,893,9,1,2,-2,1495,891,80,198,1,0,81,198,30,0,600
7419,Apr 23 2000,World Cup qualifier in Egypt,Egypt,Mauritius,1667,1220,4,2,2,-2,1669,1218,47,149,0,0,47,149,20,0,447
7420,Apr 23 2000,World Cup qualifier in Ghana,Ghana,Tanzania,1541,1246,3,2,4,-4,1545,1242,67,146,0,-1,67,145,40,100,395
7421,Apr 23 2000,World Cup qualifier in Guinea,Guinea,Uganda,1462,1373,3,0,18,-18,1480,1355,82,123,2,-4,84,119,40,100,189
7422,Apr 23 2000,World Cup qualifier in Ivory Coast,Ivory Coast,Rwanda,1569,1213,2,0,4,-4,1573,1209,59,151,1,0,60,151,40,100,456
7423,Apr 23 2000,World Cup qualifier in Liberia,Liberia,Chad,1423,1256,0,0,-13,13,1410,1269,107,140,-3,0,104,140,40,100,267
7424,Apr 23 2000,World Cup qualifier in Mali,Mali,Libya,1455,1481,3,1,24,-24,1479,1457,82,92,3,-4,85,88,30,0,-26
7425,Apr 23 2000,World Cup qualifier in Mozambique,Mozambique,Sudan,1250,1332,2,1,19,-19,1269,1313,137,131,3,-4,140,127,40,100,18
7426,Apr 23 2000,World Cup qualifier in Senegal,Senegal,Benin,1520,1252,1,0,4,-4,1524,1248,71,143,1,-1,72,142,20,0,268
7427,Apr 23 2000,World Cup qualifier in Togo,Togo,Guinea-Bissau,1390,1200,3,0,11,-11,1401,1189,108,164,0,-5,108,159,40,100,290
7428,Apr 23 2000,World Cup qualifier in Zimbabwe,Zimbabwe,Central African Republic,1498,1251,3,1,7,-7,1505,1244,74,144,2,-1,76,143,40,100,347
7429,Apr 25 2000,Friendly in Hong Kong,Hong Kong,China,1194,1717,0,1,-2,2,1192,1719,157,35,0,0,157,35,20,100,-423
7430,Apr 26 2000,Friendly in Andorra,Andorra,Belarus,1047,1411,2,0,25,-25,1072,1386,176,120,3,-9,179,111,20,100,-264
7431,Apr 26 2000,Friendly in Armenia,Armenia,Georgia,1374,1536,0,0,2,-2,1376,1534,114,70,0,0,114,70,20,100,-62
7432,Apr 26 2000,Friendly in Austria,Austria,Croatia,1700,1910,1,2,-7,7,1693,1917,43,8,-2,1,41,9,20,100,-110
7433,Apr 26 2000,World Cup qualifier in Bolivia,Bolivia,Colombia,1638,1749,1,1,1,-1,1639,1748,53,27,0,0,53,27,40,100,-11
7434,Apr 26 2000,World Cup qualifier in Brazil,Brazil,Ecuador,2084,1674,3,2,2,-2,2086,1672,1,44,0,1,1,45,20,0,410
7435,Apr 26 2000,Friendly in Bulgaria,Bulgaria,Ukraine,1677,1710,0,1,-12,12,1665,1722,49,34,-2,1,47,35,20,100,67
7436,Apr 26 2000,World Cup qualifier in Chile,Chile,Peru,1709,1752,1,1,-3,3,1706,1755,39,23,-1,1,38,24,40,100,57
7437,Apr 26 2000,Friendly in Czechia,Czechia,Israel,1950,1681,4,1,4,-4,1954,1677,3,45,1,-1,4,44,20,100,369
7438,Apr 26 2000,Friendly in Denmark,Denmark,Sweden,1901,1884,0,1,-13,13,1888,1897,13,9,0,3,13,12,20,100,117
7439,Apr 26 2000,Friendly in France,France,Slovenia,2047,1617,3,2,1,-1,2048,1616,2,56,0,-1,2,55,20,100,530
7440,Apr 26 2000,Friendly in Germany,Germany,Switzerland,1885,1720,1,1,-6,6,1879,1726,16,30,-1,2,15,32,20,100,265
7441,Apr 26 2000,Friendly in Ireland,Ireland,Greece,1780,1768,0,1,-13,13,1767,1781,24,21,-1,1,23,22,20,100,112
7442,Apr 26 2000,Friendly in Italy,Italy,Portugal,1926,1917,2,0,10,-10,1936,1907,8,11,0,-1,8,10,20,100,109
7443,Apr 26 2000,Friendly in Liechtenstein,Liechtenstein,Faroe Islands,1089,1181,0,1,-10,10,1079,1191,177,155,0,3,177,158,20,100,8
7444,Apr 26 2000,Baltic Cup in Lithuania,Lithuania,Latvia,1452,1452,2,1,11,-11,1463,1441,85,99,2,-5,87,94,30,100,100
7445,Apr 26 2000,Friendly in Luxembourg,Luxembourg,Estonia,1182,1318,1,1,1,-1,1183,1317,162,124,-1,0,161,124,20,100,-36
7446,Apr 26 2000,Friendly in Macedonia,Macedonia,Albania,1539,1461,1,0,5,-5,1544,1456,68,91,0,-2,68,89,20,100,178
7447,Apr 26 2000,Friendly in the Netherlands,Netherlands,Scotland,1959,1721,0,0,-7,7,1952,1728,6,27,-1,3,5,30,20,100,338
7448,Apr 26 2000,Friendly in Norway,Norway,Belgium,1904,1797,0,2,-23,23,1881,1820,17,16,-3,2,14,18,20,100,207
7449,Apr 26 2000,Friendly in Northern Ireland,Northern Ireland,Hungary,1527,1605,0,1,-11,11,1516,1616,77,53,-3,2,74,55,20,100,22
7450,Apr 26 2000,World Cup qualifier in Paraguay,Paraguay,Uruguay,1785,1743,1,0,12,-12,1797,1731,21,30,0,-1,21,29,40,100,142
7451,Apr 26 2000,Friendly in Poland,Poland,Finland,1734,1554,0,0,-7,7,1727,1561,33,62,-2,1,31,63,20,100,280
7452,Apr 26 2000,Friendly in Romania,Romania,Cyprus,1852,1560,2,0,3,-3,1855,1557,16,65,0,-1,16,64,20,100,392
7453,Apr 26 2000,Friendly in Russia,Russia,United States,1799,1810,2,0,11,-11,1810,1799,19,22,0,-2,19,20,20,100,89
7454,Apr 26 2000,Friendly in San Marino,San Marino,Moldova,943,1424,0,1,-2,2,941,1426,193,100,0,0,193,100,20,100,-381
7455,Apr 26 2000,Friendly in South Korea,South Korea,Japan,1694,1649,1,0,6,-6,1700,1643,37,51,2,0,39,51,20,100,145
7456,Apr 26 2000,World Cup qualifier in Venezuela,Venezuela,Argentina,1391,1947,0,4,-5,5,1386,1952,113,4,-2,1,111,5,40,100,-456
7457,Apr 29 2000,Friendly tournament in the British Virgin Islands,Antigua and Barbuda,Dominica,1176,1134,3,2,13,-13,1189,1121,158,174,2,-3,160,171,30,0,42
7458,Apr 29 2000,Friendly tournament in the British Virgin Islands,British Virgin Islands,Sint Maarten,827,941,0,0,1,-1,828,940,204,195,0,-1,204,194,30,100,-14
7459,Apr 29 2000,COSAFA Cup in South Africa,South Africa,Mauritius,1683,1218,3,0,3,-3,1686,1215,42,149,0,0,42,149,30,0,465
7460,Apr 30 2000,Friendly tournament in the British Virgin Islands,British Virgin Islands,Antigua and Barbuda,828,1189,1,1,10,-10,838,1179,204,164,0,-2,204,162,30,100,-261
7461,Apr 30 2000,Friendly tournament in the British Virgin Islands,Dominica,Sint Maarten,1121,940,3,1,12,-12,1133,928,165,194,3,0,168,194,30,0,181
7462,May 1 2000,Friendly tournament in the Maldives,Maldives,Sri Lanka,857,820,1,1,-6,6,851,826,203,205,-1,0,202,205,30,100,137
7463,May 2 2000,Friendly tournament in the Maldives,Bangladesh,India,1042,1125,1,1,4,-4,1046,1121,182,171,1,0,183,171,30,0,-83
7464,May 4 2000,Amilcar Cabral Cup in Cape Verde,Cape Verde,Gambia,1243,1282,1,1,-3,3,1240,1285,146,132,-1,2,145,134,30,100,61
7465,May 4 2000,Friendly tournament in the Maldives,Maldives,Bangladesh,851,1046,1,1,4,-4,855,1042,200,185,1,-1,201,184,30,100,-95
7466,May 5 2000,Amilcar Cabral Cup in Cape Verde,Guinea,Mali,1480,1479,3,1,30,-30,1510,1449,66,97,9,-6,75,91,40,0,1
7467,May 5 2000,Amilcar Cabral Cup in Cape Verde,Guinea-Bissau,Mauritania,1189,1190,1,0,20,-20,1209,1170,142,167,9,-4,151,163,40,0,-1
7468,May 5 2000,Friendly tournament in the Maldives,Sri Lanka,India,826,1121,1,0,25,-25,851,1096,201,181,2,-5,203,176,30,0,-295
7469,May 6 2000,Amilcar Cabral Cup in Cape Verde,Cape Verde,Sierra Leone,1240,1388,1,0,23,-23,1263,1365,139,119,3,-5,142,114,40,100,-48
7470,May 6 2000,Amilcar Cabral Cup in Cape Verde,Gambia,Senegal,1285,1524,1,1,12,-12,1297,1512,130,77,2,-3,132,74,40,0,-239
7471,May 7 2000,World Cup qualifier in Antigua and Barbuda,Antigua and Barbuda,St Vincent & Grenadines,1179,1291,2,1,21,-21,1200,1270,147,145,7,-6,154,139,40,100,-12
7472,May 7 2000,World Cup qualifier in Cuba,Cuba,Barbados,1504,1362,1,1,-12,12,1492,1374,88,113,-5,1,83,114,40,100,242
7473,May 7 2000,World Cup qualifier in El Salvador,El Salvador,Guatemala,1443,1496,1,1,-3,3,1440,1499,97,77,-2,2,95,79,40,100,47
7474,May 7 2000,Amilcar Cabral Cup in Cape Verde,Guinea,Mauritania,1510,1170,1,1,-15,15,1495,1185,85,159,-5,2,80,161,40,0,340
7475,May 7 2000,World Cup qualifier in Honduras,Honduras,Panama,1653,1411,3,1,7,-7,1660,1404,50,108,0,-3,50,105,40,100,342
7476,May 7 2000,Amilcar Cabral Cup in Cape Verde,Mali,Guinea-Bissau,1449,1209,3,2,8,-8,1457,1201,83,155,4,-2,87,153,40,0,240
7477,May 7 2000,Friendly tournament in the Maldives,Sri Lanka,Bangladesh,851,1042,1,0,23,-23,874,1019,195,190,4,-3,199,187,30,0,-191
7478,May 7 2000,World Cup qualifier in Trinidad and Tobago,Trinidad and Tobago,Haiti,1596,1437,3,1,11,-11,1607,1426,58,102,0,-3,58,99,40,100,259
7479,May 8 2000,Amilcar Cabral Cup in Cape Verde,Cape Verde,Senegal,1263,1512,2,2,8,-8,1271,1504,136,78,3,-2,139,76,40,100,-149
7480,May 8 2000,Amilcar Cabral Cup in Cape Verde,Gambia,Sierra Leone,1297,1365,2,2,4,-4,1301,1361,130,115,1,0,131,115,40,0,-68
7481,May 8 2000,Friendly tournament in the Maldives,Maldives,India,855,1096,1,0,21,-21,876,1075,196,178,3,-1,199,177,30,100,-141
7482,May 9 2000,Amilcar Cabral Cup in Cape Verde,Guinea,Guinea-Bissau,1495,1201,2,1,6,-6,1501,1195,78,165,1,-6,79,159,40,0,294
7483,May 9 2000,Amilcar Cabral Cup in Cape Verde,Mali,Mauritania,1457,1185,2,2,-13,13,1444,1198,97,151,-5,5,92,156,40,0,272
7484,May 10 2000,Friendly tournament in the Maldives,Maldives,Sri Lanka,876,874,1,1,-4,4,872,878,201,198,-1,1,200,199,30,100,102
7485,May 11 2000,Amilcar Cabral Cup in Cape Verde,Cape Verde,Guinea,1271,1501,2,0,41,-41,1312,1460,117,93,11,-7,128,86,40,100,-130
7486,May 11 2000,Amilcar Cabral Cup in Cape Verde,Mali,Senegal,1444,1504,2,2,3,-3,1447,1501,90,80,1,-2,91,78,30,0,-60
7487,May 13 2000,Friendly in Cyprus,Jordan,Lebanon,1451,1360,1,1,-3,3,1448,1363,91,114,-1,1,90,115,20,0,91
7488,May 14 2000,Amilcar Cabral Cup in Cape Verde,Cape Verde,Senegal,1312,1501,1,0,25,-25,1337,1476,116,90,6,-6,122,84,40,100,-89
7489,May 14 2000,Amilcar Cabral Cup in Cape Verde,Guinea,Mali,1460,1447,2,0,29,-29,1489,1418,78,111,4,-10,82,101,40,0,13
7490,May 14 2000,Friendly in Jamaica,Jamaica,Panama,1552,1404,0,1,-16,16,1536,1420,73,95,-4,5,69,100,20,100,248
7491,May 14 2000,COSAFA Cup in Zimbabwe,Zimbabwe,Namibia,1505,1328,3,2,7,-7,1512,1321,73,125,1,-1,74,124,40,100,277
7492,May 18 2000,Friendly in Thailand,Thailand,Uzbekistan,1494,1572,2,0,14,-14,1508,1558,70,65,5,-2,75,63,20,100,22
7493,May 19 2000,World Cup qualifier in Honduras,Belize,Guatemala,1058,1499,0,0,17,-17,1075,1482,173,87,4,-4,177,83,40,0,-441
7494,May 19 2000,World Cup qualifier in Haiti,Haiti,Trinidad and Tobago,1426,1607,1,1,5,-5,1431,1602,94,58,2,0,96,58,20,0,-181
7495,May 20 2000,COSAFA Cup in Malawi,Malawi,Angola,1317,1504,0,0,5,-5,1322,1499,123,79,1,-1,124,78,20,0,-187
7496,May 21 2000,World Cup qualifier in Barbados,Barbados,Cuba,1374,1492,1,1,1,-1,1375,1491,114,80,0,0,114,80,20,100,-18
7497,May 21 2000,Friendly in Lebanon,Lebanon,Saudi Arabia,1363,1662,0,0,5,-5,1368,1657,115,51,0,-1,115,50,20,100,-199
7498,May 21 2000,World Cup qualifier in Panama,Panama,Nicaragua,1420,921,4,0,2,-2,1422,919,100,197,0,-1,100,196,20,0,499
7499,May 21 2000,World Cup qualifier in St Vincent & Grenadines,St Vincent & Grenadines,Antigua and Barbuda,1270,1200,4,0,20,-20,1290,1180,128,171,6,-9,134,162,40,100,170
7500,May 23 2000,West Asian Championship in Jordan,Iraq,Lebanon,1612,1368,2,1,8,-8,1620,1360,51,117,3,-1,54,116,40,0,244
7501,May 23 2000,West Asian Championship in Jordan,Jordan,Kyrgyzstan,1448,1202,2,0,7,-7,1455,1195,88,162,1,-5,89,157,40,100,346
7502,May 23 2000,Friendly in Wales,Wales,Brazil,1563,2086,0,3,-3,3,1560,2089,63,1,-1,0,62,1,20,100,-423
7503,May 24 2000,West Asian Championship in Jordan,Iran,Kazakhstan,1723,1502,3,0,15,-15,1738,1487,22,87,6,-5,28,82,40,0,221
7504,May 24 2000,Friendly in Slovakia,Slovakia,Saudi Arabia,1698,1657,1,1,-4,4,1694,1661,40,48,0,1,40,49,20,100,141
7505,May 24 2000,West Asian Championship in Jordan,Syria,Palestine,1476,1227,1,0,8,-8,1484,1219,82,148,1,0,83,148,40,0,249
7506,May 25 2000,Friendly in China,China,Yugoslavia,1719,1941,0,2,-10,10,1709,1951,36,7,0,0,36,7,20,100,-122
7507,May 25 2000,West Asian Championship in Jordan,Jordan,Iraq,1455,1620,0,0,4,-4,1459,1616,85,56,2,-1,87,55,20,0,-165
7508,May 25 2000,West Asian Championship in Jordan,Lebanon,Kyrgyzstan,1360,1195,2,0,17,-17,1377,1178,110,167,3,-5,113,162,40,0,165
7509,May 26 2000,Friendly in Algeria,Algeria,Burkina Faso,1522,1404,2,0,7,-7,1529,1397,71,108,0,-1,71,107,20,100,218
7510,May 26 2000,West Asian Championship in Jordan,Iran,Palestine,1738,1219,1,1,-18,18,1720,1237,42,144,-7,2,35,146,40,0,519
7511,May 26 2000,West Asian Championship in Jordan,Syria,Kazakhstan,1484,1487,4,0,38,-38,1522,1449,61,98,11,-8,72,90,40,0,-3
7512,May 27 2000,Friendly in Canada,Canada,Trinidad and Tobago,1708,1602,1,0,5,-5,1713,1597,35,58,1,0,36,58,20,100,206
7513,May 27 2000,Friendly in the United States,Colombia,Jamaica,1748,1536,3,0,8,-8,1756,1528,21,73,3,-2,24,71,20,0,212
7514,May 27 2000,Friendly in Cuba,Cuba,Haiti,1491,1431,0,1,-14,14,1477,1445,86,88,-3,4,83,92,20,100,160
7515,May 27 2000,Friendly in England,England,Brazil,1904,2089,1,1,2,-2,1906,2087,11,1,0,0,11,1,20,100,-85
7516,May 27 2000,West Asian Championship in Jordan,Iraq,Kyrgyzstan,1616,1178,4,0,6,-6,1622,1172,53,164,1,-1,54,163,40,0,438
7517,May 27 2000,West Asian Championship in Jordan,Jordan,Lebanon,1459,1377,0,0,-10,10,1449,1387,92,105,-3,4,89,109,40,100,182
7518,May 27 2000,Friendly in the Netherlands,Netherlands,Romania,1952,1855,2,1,5,-5,1957,1850,3,16,1,0,4,16,20,100,197
7519,May 27 2000,Friendly in Norway,Norway,Slovakia,1881,1694,2,0,5,-5,1886,1689,14,42,0,-1,14,41,20,100,287
7520,May 28 2000,Friendly in Croatia,Croatia,France,1917,2048,0,2,-14,14,1903,2062,13,2,-2,0,11,2,20,100,-31
7521,May 28 2000,West Asian Championship in Jordan,Iran,Syria,1720,1522,1,0,10,-10,1730,1512,25,76,5,-2,30,74,40,0,198
7522,May 28 2000,West Asian Championship in Jordan,Kazakhstan,Palestine,1449,1237,3,2,9,-9,1458,1228,83,148,3,-1,86,147,40,0,212
7523,May 28 2000,Friendly in Macao,Macao,Hong Kong,996,1192,0,1,-7,7,989,1199,191,148,-1,5,190,153,20,100,-96
7524,May 28 2000,Friendly in Malta,Malta,South Africa,1236,1686,0,1,-2,2,1234,1688,145,42,1,0,146,42,20,100,-350
7525,May 28 2000,Friendly in South Korea,South Korea,Yugoslavia,1700,1951,0,0,4,-4,1704,1947,39,7,0,0,39,7,20,100,-151
7526,May 29 2000,Friendly in Cuba,Cuba,Haiti,1477,1445,1,1,-4,4,1473,1449,85,88,-1,2,84,90,20,100,132
7527,May 30 2000,Friendly in Canada,Canada,Honduras,1713,1660,2,1,6,-6,1719,1654,36,50,0,0,36,50,20,100,153
7528,May 30 2000,Friendly in Ireland,Ireland,Scotland,1767,1728,1,2,-14,14,1753,1742,29,25,-3,3,26,28,20,100,139
7529,May 30 2000,Friendly in South Korea,South Korea,Yugoslavia,1704,1947,0,0,4,-4,1708,1943,37,7,1,0,38,7,20,100,-143
7530,May 31 2000,Friendly in England,England,Ukraine,1906,1722,2,0,5,-5,1911,1717,8,37,1,-1,9,36,20,100,284
7531,May 31 2000,Friendly in Hungary,Hungary,Saudi Arabia,1616,1661,2,2,-2,2,1614,1663,58,47,-1,1,57,48,20,100,55
7532,May 31 2000,West Asian Championship in Jordan,Iraq,Syria,1622,1512,0,0,-6,6,1616,1518,56,70,-1,2,55,72,40,0,110
7533,May 31 2000,West Asian Championship in Jordan,Jordan,Iran,1449,1730,0,1,-10,10,1439,1740,100,27,-5,2,95,29,40,100,-181
7534,May 31 2000,Friendly in Russia,Russia,Slovakia,1810,1689,1,1,-6,6,1804,1695,19,39,0,1,19,40,20,100,221
7535,May 31 2000,Friendly in Venezuela,Venezuela,Panama,1386,1422,3,1,12,-12,1398,1410,103,104,4,-2,107,102,20,100,64
7536,Jun 1 2000,Friendly tournament in Swaziland,Botswana,Mozambique,1022,1269,2,0,36,-36,1058,1233,178,151,4,-5,182,146,30,0,-247
7537,Jun 1 2000,Friendly tournament in Swaziland,Swaziland,Lesotho,1196,1107,0,1,-22,22,1174,1129,168,165,-6,4,162,169,30,100,189
7538,Jun 2 2000,Friendly in Algeria,Algeria,Guinea,1529,1489,4,0,12,-12,1541,1477,66,84,2,-2,68,82,20,100,140
7539,Jun 2 2000,West Asian Championship in Jordan,Iran,Syria,1740,1518,1,0,9,-9,1749,1509,27,78,1,-3,28,75,40,0,222
7540,Jun 2 2000,West Asian Championship in Jordan,Jordan,Iraq,1439,1616,1,4,-27,27,1412,1643,107,47,-6,4,101,51,40,100,-77
7541,Jun 2 2000,Friendly tournament in Swaziland,Lesotho,Mozambique,1129,1233,0,0,4,-4,1133,1229,167,146,1,0,168,146,30,0,-104
7542,Jun 2 2000,Friendly in Portugal,Portugal,Wales,1907,1560,3,0,2,-2,1909,1558,10,62,0,0,10,62,20,100,447
7543,Jun 2 2000,Friendly in Singapore,Singapore,Qatar,1306,1517,1,5,-13,13,1293,1530,136,69,-3,2,133,71,20,100,-111
7544,Jun 2 2000,Friendly tournament in Swaziland,Swaziland,Botswana,1174,1058,0,0,-8,8,1166,1066,166,182,-2,0,164,182,30,100,216
7545,Jun 3 2000,Friendly in Denmark,Denmark,Belgium,1888,1820,2,2,-4,4,1884,1824,17,18,-2,0,15,18,20,100,168
7546,Jun 3 2000,Friendly in Germany,Germany,Czechia,1879,1954,3,2,9,-9,1888,1945,13,7,1,-1,14,6,20,100,25
7547,Jun 3 2000,World Cup qualifier in Honduras,Honduras,Haiti,1654,1449,4,0,11,-11,1665,1438,42,98,4,-4,46,94,40,100,305
7548,Jun 3 2000,Friendly in Hungary,Hungary,Israel,1614,1677,2,1,9,-9,1623,1668,55,46,1,-1,56,45,20,100,37
7549,Jun 3 2000,Friendly in Latvia,Latvia,Finland,1441,1561,1,0,11,-11,1452,1550,84,67,4,-3,88,64,20,100,-20
7550,Jun 3 2000,Friendly in Lithuania,Lithuania,Armenia,1463,1376,1,2,-15,15,1448,1391,95,104,-5,5,90,109,20,100,187
7551,Jun 3 2000,Friendly in Malta,Malta,England,1234,1911,1,2,-1,1,1233,1912,145,9,0,0,145,9,20,100,-577
7552,Jun 3 2000,Friendly in Norway,Norway,Italy,1886,1936,1,0,9,-9,1895,1927,12,8,1,0,13,8,20,100,50
7553,Jun 3 2000,World Cup qualifier in Paraguay,Paraguay,Ecuador,1797,1672,3,1,13,-13,1810,1659,19,53,1,-4,20,49,40,100,225
7554,Jun 3 2000,Friendly in Romania,Romania,Greece,1850,1781,2,1,5,-5,1855,1776,16,22,0,0,16,22,20,100,169
7555,Jun 3 2000,Friendly in Slovenia,Slovenia,Saudi Arabia,1616,1663,2,0,13,-13,1629,1650,54,52,1,-2,55,50,20,100,53
7556,Jun 3 2000,Friendly in Sweden,Sweden,Spain,1897,2018,1,1,1,-1,1898,2017,12,3,0,0,12,3,20,100,-21
7557,Jun 3 2000,World Cup qualifier in Uruguay,Uruguay,Chile,1731,1706,2,1,13,-13,1744,1693,27,41,2,-1,29,40,40,100,125
7558,Jun 3 2000,US Cup in the United States,United States,South Africa,1799,1688,4,0,13,-13,1812,1675,18,44,1,-1,19,43,20,0,111
7559,Jun 4 2000,World Cup qualifier in Argentina,Argentina,Bolivia,1952,1639,1,0,3,-3,1955,1636,5,54,0,0,5,54,20,0,313
7560,Jun 4 2000,Friendly in Azerbaijan,Azerbaijan,Georgia,1284,1534,0,0,4,-4,1288,1530,136,70,0,0,136,70,20,100,-150
7561,Jun 4 2000,Friendly in Benin,Benin,Togo,1248,1401,1,2,-8,8,1240,1409,146,102,-2,2,144,104,20,100,-53
7562,Jun 4 2000,Friendly tournament in Swaziland,Botswana,Lesotho,1066,1133,1,1,3,-3,1069,1130,180,170,1,-1,181,169,30,0,-67
7563,Jun 4 2000,World Cup qualifier in Colombia,Colombia,Venezuela,1756,1398,3,0,5,-5,1761,1393,23,109,0,-1,23,108,40,100,458
7564,Jun 4 2000,World Cup qualifier in Cuba,Cuba,Canada,1473,1719,0,1,-12,12,1461,1731,84,29,0,3,84,32,40,100,-146
7565,Jun 4 2000,Friendly in Estonia,Estonia,Belarus,1317,1386,2,0,14,-14,1331,1372,122,117,2,-2,124,115,20,100,31
7566,Jun 4 2000,Friendly tournament in Morocco,France,Japan,2062,1643,2,2,-13,13,2049,1656,2,49,0,1,2,50,30,0,419
7567,Jun 4 2000,US Cup in the United States,Ireland,Mexico,1753,1850,2,2,4,-4,1757,1846,22,17,2,0,24,17,30,0,-97
7568,Jun 4 2000,Friendly in Moldova,Moldova,Russia,1426,1804,0,1,-3,3,1423,1807,98,21,0,0,98,21,20,100,-278
7569,Jun 4 2000,Friendly tournament in Morocco,Morocco,Jamaica,1751,1528,1,0,4,-4,1755,1524,23,72,2,0,25,72,20,0,223
7570,Jun 4 2000,Friendly in Switzerland,Netherlands,Poland,1957,1727,3,1,6,-6,1963,1721,4,38,0,-3,4,35,20,0,230
7571,Jun 4 2000,Friendly in Nigeria,Nigeria,Malawi,1734,1322,3,2,1,-1,1735,1321,31,126,0,-1,31,125,20,100,512
7572,Jun 4 2000,World Cup qualifier in Peru,Peru,Brazil,1755,2087,0,1,-8,8,1747,2095,32,1,-4,0,28,1,40,100,-232
7573,Jun 4 2000,Friendly in Senegal,Senegal,Zambia,1476,1539,0,0,-1,1,1475,1540,83,69,0,0,83,69,20,100,37
7574,Jun 4 2000,Friendly tournament in Swaziland,Swaziland,Mozambique,1166,1229,1,1,-2,2,1164,1231,164,146,0,0,164,146,30,100,37
7575,Jun 6 2000,Friendly tournament in Morocco,Japan,Jamaica,1656,1524,4,0,18,-18,1674,1506,38,82,6,-5,44,77,30,0,132
7576,Jun 6 2000,Friendly tournament in Morocco,Morocco,France,1755,2049,1,5,-14,14,1741,2063,35,2,-5,0,30,2,30,100,-194
7577,Jun 6 2000,Friendly in Nigeria,Nigeria,Malawi,1735,1321,4,1,2,-2,1737,1319,31,127,0,-1,31,126,20,100,514
7578,Jun 6 2000,Oce Cup q & Polynesian Cup in Tahiti,Samoa,Tonga,676,688,4,0,39,-39,715,649,208,222,4,-4,212,218,40,0,-12
7579,Jun 6 2000,Friendly in Senegal,Senegal,Zambia,1475,1540,0,0,-1,1,1474,1541,83,67,0,1,83,68,20,100,35
7580,Jun 6 2000,Oce Cup q & Polynesian Cup in Tahiti,Tahiti,Eastern Samoa,1383,484,18,0,0,0,1383,484,113,226,0,0,113,226,20,0,899
7581,Jun 6 2000,US Cup in the United States,United States,Ireland,1812,1757,1,1,-6,6,1806,1763,23,22,-2,1,21,23,30,100,155
7582,Jun 7 2000,Friendly in Germany,Germany,Liechtenstein,1888,1079,8,2,0,0,1888,1079,14,176,0,0,14,176,20,0,809
7583,Jun 7 2000,Friendly tournament in Iran,Iran,Egypt,1749,1669,1,1,-7,7,1742,1676,30,41,-2,2,28,43,30,100,180
7584,Jun 7 2000,Friendly in Luxembourg,Luxembourg,Spain,1183,2017,0,1,0,0,1183,2017,159,3,0,0,159,3,20,0,-834
7585,Jun 7 2000,US Cup in the United States,Mexico,South Africa,1846,1675,4,2,12,-12,1858,1663,15,53,1,-5,16,48,30,0,171
7586,Jun 7 2000,Friendly tournament in Iran,South Korea,Macedonia,1708,1544,2,1,8,-8,1716,1536,36,71,1,-2,37,69,30,0,164
7587,Jun 8 2000,Oce Cup q & Polynesian Cup in Tahiti,Cook Islands,Tonga,662,649,2,1,19,-19,681,630,216,220,0,-1,216,219,40,0,13
7588,Jun 8 2000,Oce Cup q & Polynesian Cup in Tahiti,Tahiti,Samoa,1383,715,2,1,0,0,1383,715,113,212,0,0,113,212,20,0,668
7589,Jun 9 2000,Friendly in Australia,Australia,Paraguay,1754,1810,0,0,-1,1,1753,1811,25,19,0,0,25,19,20,100,44
7590,Jun 9 2000,Friendly tournament in Iran,Iran,Macedonia,1742,1536,3,1,7,-7,1749,1529,24,73,2,-2,26,71,20,0,206
7591,Jun 9 2000,Friendly tournament in Iran,South Korea,Egypt,1716,1676,1,0,13,-13,1729,1663,29,51,4,-4,33,47,30,0,40
7592,Jun 10 2000,European Championship in Belgium,Belgium,Sweden,1824,1898,2,1,23,-23,1847,1875,18,18,0,-3,18,15,50,100,26
7593,Jun 10 2000,Oce Cup q & Polynesian Cup in Tahiti,Cook Islands,Eastern Samoa,681,484,3,0,17,-17,698,467,214,226,1,0,215,226,40,0,197
7594,Jun 10 2000,Friendly in St Vincent & Grenadines,St Vincent & Grenadines,Barbados,1290,1375,1,0,10,-10,1300,1365,130,116,2,-1,132,115,20,100,15
7595,Jun 10 2000,Oce Cup q & Polynesian Cup in Tahiti,Tahiti,Tonga,1383,630,8,1,1,-1,1384,629,113,219,0,0,113,219,20,0,753
7596,Jun 10 2000,Friendly in Thailand,Thailand,Qatar,1508,1530,2,3,-12,12,1496,1542,81,65,-3,2,78,67,20,100,78
7597,Jun 11 2000,World Cup qualifier in Antigua and Barbuda,Antigua and Barbuda,Guatemala,1180,1482,0,1,-10,10,1170,1492,164,79,-2,1,162,80,40,100,-202
7598,Jun 11 2000,World Cup qualifier in Canada,Canada,Cuba,1731,1461,0,0,-16,16,1715,1477,40,80,-4,2,36,82,40,100,370
7599,Jun 11 2000,Friendly in Estonia,Estonia,Georgia,1331,1530,1,0,13,-13,1344,1517,118,72,3,-1,121,71,20,100,-99
7600,Jun 11 2000,European Championship in Belgium,France,Denmark,2063,1884,3,0,23,-23,2086,1861,2,16,0,-1,2,15,50,0,179
7601,Jun 11 2000,US Cup in the United States,Ireland,South Africa,1763,1663,2,1,11,-11,1774,1652,23,53,0,-3,23,50,30,0,100
7602,Jun 11 2000,European Championship in the Netherlands,Italy,Turkey,1927,1725,2,1,12,-12,1939,1713,6,39,1,-2,7,37,50,0,202
7603,Jun 11 2000,Friendly tournament in Japan,Japan,Slovakia,1674,1695,1,1,-3,3,1671,1698,43,39,0,0,43,39,30,100,79
7604,Jun 11 2000,COSAFA Cup in Lesotho,Lesotho,Zambia,1130,1541,0,0,14,-14,1144,1527,161,72,4,-2,165,70,40,100,-311
7605,Jun 11 2000,European Championship in the Netherlands,Netherlands,Czechia,1963,1945,1,0,17,-17,1980,1928,4,10,0,-2,4,8,50,100,118
7606,Jun 11 2000,Friendly in Tunisia,Tunisia,Senegal,1641,1474,4,1,6,-6,1647,1468,51,85,1,-1,52,84,20,100,267
7607,Jun 11 2000,US Cup in the United States,United States,Mexico,1806,1858,3,0,23,-23,1829,1835,17,20,2,-2,19,18,30,100,48
7608,Jun 12 2000,Friendly in Australia,Australia,Paraguay,1753,1811,0,0,-1,1,1752,1812,25,20,0,0,25,20,20,100,42
7609,Jun 12 2000,European Championship in Belgium,Germany,Romania,1888,1855,1,1,-2,2,1886,1857,13,16,0,0,13,16,40,0,33
7610,Jun 12 2000,Friendly in New Caledonia,New Caledonia,Vanuatu,1140,1140,3,1,11,-11,1151,1129,164,172,1,-3,165,169,20,100,100
7611,Jun 12 2000,European Championship in the Netherlands,Portugal,England,1909,1912,3,2,25,-25,1934,1887,6,15,2,-3,8,12,50,0,-3
7612,Jun 12 2000,Oce Cup q & Polynesian Cup in Tahiti,Samoa,Eastern Samoa,715,467,6,1,15,-15,730,452,210,226,1,0,211,226,40,0,248
7613,Jun 12 2000,Oce Cup q & Polynesian Cup in Tahiti,Tahiti,Cook Islands,1384,698,2,0,1,-1,1385,697,113,215,0,0,113,215,20,0,686
7614,Jun 13 2000,European Championship in the Netherlands,Norway,Spain,1895,2017,1,0,33,-33,1928,1984,5,3,3,0,8,3,50,0,-122
7615,Jun 13 2000,European Championship in Belgium,Slovenia,Yugoslavia,1629,1943,3,3,18,-18,1647,1925,49,14,3,-4,52,10,50,0,-314
7616,Jun 14 2000,European Championship in Belgium,Belgium,Italy,1847,1939,0,2,-38,38,1809,1977,23,4,-3,1,20,5,50,100,8
7617,Jun 14 2000,Oce Cup q & Polynesian Cup in Tahiti,Cook Islands,Samoa,697,730,3,2,22,-22,719,708,209,217,3,-3,212,214,40,0,-33
7618,Jun 14 2000,Friendly in Kenya,Kenya,Burkina Faso,1387,1397,0,1,-13,13,1374,1410,115,97,-2,5,113,102,20,100,90
7619,Jun 14 2000,Friendly tournament in Japan,Slovakia,Bolivia,1698,1636,2,0,19,-19,1717,1617,31,57,4,-1,35,56,30,0,62
7620,Jun 14 2000,Oce Cup q & Polynesian Cup in Tahiti,Tonga,Eastern Samoa,629,452,2,1,11,-11,640,441,217,226,1,0,218,226,40,0,177
7621,Jun 15 2000,Friendly in Australia,Australia,Paraguay,1752,1812,2,1,9,-9,1761,1803,23,23,1,-2,24,21,20,100,40
7622,Jun 15 2000,Friendly in New Caledonia,New Caledonia,Vanuatu,1151,1129,1,0,7,-7,1158,1122,165,173,0,-2,165,171,20,100,122
7623,Jun 15 2000,European Championship in the Netherlands,Sweden,Turkey,1875,1713,0,0,-11,11,1864,1724,14,30,0,4,14,34,50,0,162
7624,Jun 16 2000,World Cup qualifier in Algeria,Algeria,Senegal,1541,1468,1,1,-9,9,1532,1477,68,80,0,2,68,82,40,100,173
7625,Jun 16 2000,European Championship in Belgium,France,Czechia,2086,1928,2,1,14,-14,2100,1914,0,12,1,-2,1,10,50,0,158
7626,Jun 16 2000,European Championship in the Netherlands,Netherlands,Denmark,1980,1861,3,0,19,-19,1999,1842,2,17,1,-1,3,16,50,100,219
7627,Jun 17 2000,Friendly in Egypt,Egypt,Ghana,1663,1545,2,0,7,-7,1670,1538,43,68,2,-1,45,67,20,100,218
7628,Jun 17 2000,European Championship in Belgium,England,Germany,1887,1886,1,0,25,-25,1912,1861,10,15,1,-1,11,14,50,0,1
7629,Jun 17 2000,World Cup qualifier in Haiti,Haiti,Honduras,1438,1665,1,3,-19,19,1419,1684,102,39,-4,3,98,42,40,100,-127
7630,Jun 17 2000,World Cup qualifier in Madagascar,Madagascar,DR Congo,1433,1495,3,0,31,-31,1464,1464,73,89,11,-5,84,84,30,0,-62
7631,Jun 17 2000,World Cup qualifier in Malawi,Malawi,Burkina Faso,1319,1410,1,1,-1,1,1318,1411,126,102,0,0,126,102,40,100,9
7632,Jun 17 2000,World Cup qualifier in Namibia,Namibia,Morocco,1321,1741,0,0,15,-15,1336,1726,123,34,1,-2,124,32,40,100,-320
7633,Jun 17 2000,World Cup qualifier in Nigeria,Nigeria,Sierra Leone,1737,1361,2,0,4,-4,1741,1357,29,118,1,-1,30,117,40,100,476
7634,Jun 17 2000,European Championship in the Netherlands,Portugal,Romania,1934,1857,1,0,20,-20,1954,1837,7,17,0,-1,7,16,50,0,77
7635,Jun 18 2000,World Cup qualifier in Angola,Angola,Zambia,1499,1527,2,1,16,-16,1515,1511,67,76,5,-3,72,73,30,0,-28
7636,Jun 18 2000,World Cup qualifier in Guatemala,Guatemala,Antigua and Barbuda,1492,1170,8,1,7,-7,1499,1163,77,164,1,-1,78,163,40,100,422
7637,Jun 18 2000,World Cup qualifier in Guinea,Guinea,Zimbabwe,1477,1512,3,0,29,-29,1506,1483,71,89,5,-8,76,81,30,0,-35
7638,Jun 18 2000,World Cup qualifier in Ivory Coast,Ivory Coast,Tunisia,1573,1647,2,2,-1,1,1572,1648,60,52,0,0,60,52,20,100,26
7639,Jun 18 2000,Friendly tournament in Japan,Japan,Bolivia,1671,1617,2,0,13,-13,1684,1604,42,58,1,-1,43,57,20,0,54
7640,Jun 18 2000,World Cup qualifier in Libya,Libya,Cameroon,1457,1679,0,3,-23,23,1434,1702,101,37,-7,3,94,40,40,100,-122
7641,Jun 18 2000,COSAFA Cup in South Africa,South Africa,Swaziland,1652,1164,2,0,2,-2,1654,1162,50,164,0,0,50,164,20,0,488
7642,Jun 18 2000,European Championship in the Netherlands,Spain,Slovenia,1984,1647,2,1,6,-6,1990,1641,4,56,0,-2,4,54,50,0,337
7643,Jun 18 2000,World Cup qualifier in Sudan,Sudan,Liberia,1313,1410,2,0,30,-30,1343,1380,116,121,6,-9,122,112,40,100,3
7644,Jun 18 2000,European Championship in Belgium,Yugoslavia,Norway,1925,1928,1,0,25,-25,1950,1903,7,14,1,-3,8,11,50,0,-3
7645,Jun 19 2000,Oceania Nations Cup in Tahiti,Australia,Cook Islands,1761,719,17,0,0,0,1761,719,24,212,0,0,24,212,20,0,1042
7646,Jun 19 2000,European Championship in Belgium,Belgium,Turkey,1809,1724,0,2,-56,56,1753,1780,33,8,-7,13,26,21,50,100,185
7647,Jun 19 2000,European Championship in the Netherlands,Italy,Sweden,1977,1864,2,1,17,-17,1994,1847,3,15,1,-1,4,14,50,0,113
7648,Jun 19 2000,Oceania Nations Cup in Tahiti,Tahiti,New Zealand,1385,1489,0,2,-37,37,1348,1526,127,60,-8,10,119,70,50,100,-4
7649,Jun 20 2000,Friendly in Madagascar,Madagascar,Mauritius,1464,1215,1,1,-8,8,1456,1223,88,149,-2,0,86,149,20,100,349
7650,Jun 20 2000,European Championship in the Netherlands,Portugal,Germany,1954,1861,3,0,32,-32,1986,1829,5,21,1,-4,6,17,50,0,93
7651,Jun 20 2000,European Championship in Belgium,Romania,England,1837,1912,3,2,30,-30,1867,1882,10,14,3,-2,13,12,50,0,-75
7652,Jun 21 2000,European Championship in Belgium,Czechia,Denmark,1914,1842,2,0,30,-30,1944,1812,7,21,1,-3,8,18,50,0,72
7653,Jun 21 2000,European Championship in the Netherlands,Netherlands,France,1999,2100,3,2,25,-25,2024,2075,3,3,0,-1,3,2,50,100,-1
7654,Jun 21 2000,Oceania Nations Cup in Tahiti,New Zealand,Vanuatu,1526,1122,3,1,7,-7,1533,1115,66,171,2,0,68,171,50,0,404
7655,Jun 21 2000,European Championship in the Netherlands,Norway,Slovenia,1903,1641,0,0,-16,16,1887,1657,12,46,-1,4,11,50,40,100,362
7656,Jun 21 2000,Friendly in Panama,Panama,Venezuela,1410,1393,2,0,10,-10,1420,1383,93,113,5,-3,98,110,20,100,117
7657,Jun 21 2000,Friendly in Paraguay,Paraguay,Costa Rica,1803,1617,1,0,3,-3,1806,1614,20,56,0,0,20,56,20,100,286
7658,Jun 21 2000,Oceania Nations Cup in Tahiti,Solomon Islands,Cook Islands,1312,719,5,1,3,-3,1315,716,129,212,0,0,129,212,50,0,593
7659,Jun 21 2000,European Championship in Belgium,Spain,Yugoslavia,1990,1950,4,3,22,-22,2012,1928,3,10,1,-1,4,9,50,0,40
7660,Jun 23 2000,Oceania Nations Cup in Tahiti,Australia,Solomon Islands,1761,1315,6,0,8,-8,1769,1307,24,127,0,1,24,128,50,0,446
7661,Jun 23 2000,Friendly in Gabon,Gabon,Congo,1418,1430,0,2,-19,19,1399,1449,112,85,-6,5,106,90,20,100,88
7662,Jun 23 2000,Oceania Nations Cup in Tahiti,Tahiti,Vanuatu,1348,1115,2,3,-44,44,1304,1159,139,159,-10,6,129,165,50,100,333
7663,Jun 24 2000,European Championship in Belgium,Italy,Romania,1994,1867,2,0,24,-24,2018,1843,3,15,1,-1,4,14,50,0,127
7664,Jun 24 2000,Friendly in Madagascar,Madagascar,Mauritius,1456,1223,1,0,3,-3,1459,1220,84,149,1,0,85,149,20,100,333
7665,Jun 24 2000,European Championship in the Netherlands,Portugal,Turkey,1986,1780,2,0,18,-18,2004,1762,6,27,0,-3,6,24,50,0,206
7666,Jun 24 2000,Friendly in Uganda,Uganda,Rwanda,1355,1209,2,1,4,-4,1359,1205,114,151,2,0,116,151,20,100,246
7667,Jun 25 2000,Oceania Nations Cup in Tahiti,Australia,Vanuatu,1769,1159,1,0,1,-1,1770,1158,23,165,0,0,23,165,20,0,610
7668,Jun 25 2000,Friendly in Ecuador,Ecuador,Panama,1659,1420,5,0,5,-5,1664,1415,47,102,1,-2,48,100,20,100,339
7669,Jun 25 2000,European Championship in Belgium,France,Spain,2075,2012,2,1,21,-21,2096,1991,0,7,1,-1,1,6,50,0,63
7670,Jun 25 2000,Friendly in Gabon,Gabon,Congo,1399,1449,2,3,-11,11,1388,1460,112,80,-3,5,109,85,20,100,50
7671,Jun 25 2000,Friendly in Lebanon,Lebanon,Kuwait,1387,1663,3,1,22,-22,1409,1641,97,60,6,-6,103,54,20,100,-176
7672,Jun 25 2000,European Championship in the Netherlands,Netherlands,Yugoslavia,2024,1928,6,1,24,-24,2048,1904,3,9,0,0,3,9,50,100,196
7673,Jun 25 2000,Oceania Nations Cup in Tahiti,New Zealand,Solomon Islands,1533,1307,2,0,16,-16,1549,1291,64,140,2,-6,66,134,50,0,226
7674,Jun 28 2000,Oceania Nations Cup in Tahiti,Australia,New Zealand,1770,1549,2,0,16,-16,1786,1533,19,72,2,-3,21,69,50,0,221
7675,Jun 28 2000,World Cup qualifier in Brazil,Brazil,Uruguay,2095,1744,1,1,-17,17,2078,1761,2,21,0,4,2,25,40,100,451
7676,Jun 28 2000,European Championship in Belgium,France,Portugal,2096,2004,2,1,19,-19,2115,1985,1,7,0,-1,1,6,50,0,92
7677,Jun 28 2000,Friendly in Libya,Libya,Ivory Coast,1434,1572,2,0,17,-17,1451,1555,85,66,5,-3,90,63,20,100,-38
7678,Jun 28 2000,Oceania Nations Cup in Tahiti,Solomon Islands,Vanuatu,1291,1158,2,1,16,-16,1307,1142,122,169,6,-2,128,167,50,0,133
7679,Jun 28 2000,Friendly in Tunisia,Tunisia,Algeria,1648,1532,2,2,-6,6,1642,1538,54,65,-1,2,53,67,20,100,216
7680,Jun 28 2000,World Cup qualifier in Venezuela,Venezuela,Bolivia,1383,1604,4,2,40,-40,1423,1564,84,61,13,-2,97,59,40,100,-121
7681,Jun 29 2000,Friendly in Barbados,Barbados,Trinidad and Tobago,1365,1597,0,0,4,-4,1369,1593,114,57,0,0,114,57,20,100,-132
7682,Jun 29 2000,World Cup qualifier in Chile,Chile,Paraguay,1693,1806,3,1,31,-31,1724,1775,29,24,6,-2,35,22,40,100,-13
7683,Jun 29 2000,World Cup qualifier in Colombia,Colombia,Argentina,1761,1955,1,3,-22,22,1739,1977,35,7,-5,0,30,7,40,100,-94
7684,Jun 29 2000,World Cup qualifier in Ecuador,Ecuador,Peru,1664,1747,2,1,19,-19,1683,1728,42,35,3,-3,45,32,30,0,-83
7685,Jun 29 2000,European Championship in the Netherlands,Netherlands,Italy,2048,2018,0,0,-9,9,2039,2027,3,4,0,0,3,4,50,100,130
7686,Jun 30 2000,African Nations Cup qualifier in Djibouti,Djibouti,Burundi,891,1409,1,3,-5,5,886,1414,198,100,0,2,198,102,40,100,-418
7687,Jun 30 2000,African Nations Cup qualifier in Mauritania,Mauritania,Burkina Faso,1198,1411,0,0,6,-6,1204,1405,149,111,3,-4,152,107,40,100,-113
7688,Jul 1 2000,African Nations Cup qualifier in Botswana,Botswana,Madagascar,1069,1459,1,0,34,-34,1103,1425,169,106,6,-10,175,96,40,100,-290
7689,Jul 1 2000,Friendly in Costa Rica,Costa Rica,Panama,1614,1415,5,1,6,-6,1620,1409,56,105,0,-2,56,103,20,100,299
7690,Jul 1 2000,African Nations Cup qualifier in The Gambia,Gambia,Guinea,1301,1506,2,2,6,-6,1307,1500,123,79,4,-1,127,78,40,100,-105
7691,Jul 1 2000,Friendly in the United States,Mexico,El Salvador,1835,1440,3,0,3,-3,1838,1437,15,93,0,1,15,94,20,0,395
7692,Jul 1 2000,African Nations Cup qualifier in São Tomé and Príncipe,São Tomé and Príncipe,Gabon,1074,1388,1,1,11,-11,1085,1377,175,112,2,-1,177,111,30,0,-314
7693,Jul 1 2000,African Nations Cup qualifier in the Seychelles,Seychelles,Zimbabwe,983,1483,0,1,-4,4,979,1487,191,81,0,0,191,81,40,100,-400
7694,Jul 1 2000,African Nations Cup qualifier in Tanzania,Tanzania,Mauritius,1242,1220,0,1,-27,27,1215,1247,155,135,-6,7,149,142,40,100,122
7695,Jul 1 2000,African Nations Cup qualifier in Uganda,Uganda,Malawi,1359,1318,3,1,18,-18,1377,1300,106,136,5,-5,111,131,40,100,141
7696,Jul 2 2000,African Nations Cup qualifier in Benin,Benin,Namibia,1240,1336,2,0,30,-30,1270,1306,140,134,2,-5,142,129,40,100,4
7697,Jul 2 2000,African Nations Cup qualifier in Cape Verde,Cape Verde,Liberia,1337,1380,1,0,17,-17,1354,1363,115,118,4,-4,119,114,30,0,-43
7698,Jul 2 2000,African Nations Cup qualifier in Chad,Chad,Libya,1269,1451,3,1,37,-37,1306,1414,117,111,12,-11,129,100,40,100,-82
7699,Jul 2 2000,African Nations Cup qualifier in Central African Republic,Central African Republic,DR Congo,1244,1464,1,1,7,-7,1251,1457,143,86,0,-1,143,85,40,100,-120
7700,Jul 2 2000,African Nations Cup qualifier in Equatorial Guinea,Equatorial Guinea,Angola,1043,1515,0,1,-4,4,1039,1519,184,69,0,2,184,71,40,100,-372
7701,Jul 2 2000,African Nations Cup qualifier in Ethiopia,Ethiopia,Zambia,1316,1511,1,0,25,-25,1341,1486,120,88,3,-7,123,81,40,100,-95
7702,Jul 2 2000,European Championship in the Netherlands,France,Italy,2115,2027,2,1,19,-19,2134,2008,1,4,0,0,1,4,50,0,88
7703,Jul 2 2000,Friendly in Jamaica,Jamaica,Cuba,1506,1477,1,1,-4,4,1502,1481,75,82,1,0,76,82,20,100,129
7704,Jul 2 2000,African Nations Cup qualifier in Lesotho,Lesotho,Mozambique,1144,1231,1,0,19,-19,1163,1212,162,156,2,-5,164,151,30,0,-87
7705,Jul 2 2000,African Nations Cup qualifier in Niger,Niger,Ivory Coast,1332,1555,0,1,-13,13,1319,1568,125,55,0,4,125,59,40,100,-123
7706,Jul 2 2000,African Nations Cup qualifier in Rwanda,Rwanda,Congo,1205,1460,2,1,28,-28,1233,1432,139,101,6,-8,145,93,40,100,-155
7707,Jul 2 2000,African Nations Cup qualifier in Sudan,Sudan,Eritrea,1343,1196,5,1,15,-15,1358,1181,111,164,5,-4,116,160,40,100,247
7708,Jul 2 2000,African Nations Cup qualifier in Swaziland,Swaziland,Kenya,1162,1374,3,2,26,-26,1188,1348,152,127,6,-7,158,120,40,100,-112
7709,Jul 2 2000,Friendly in Trinidad and Tobago,Trinidad and Tobago,St Vincent & Grenadines,1593,1300,1,2,-18,18,1575,1318,59,121,-1,5,58,126,20,100,393
7710,Jul 3 2000,Friendly in Canada,Guatemala,Haiti,1499,1419,4,1,14,-14,1513,1405,70,114,4,-8,74,106,20,0,80
7711,Jul 4 2000,Friendly in Rwanda,Rwanda,Uganda,1233,1377,2,0,17,-17,1250,1360,143,118,1,-4,144,114,20,100,-44
7712,Jul 4 2000,Friendly in Trinidad and Tobago,Trinidad and Tobago,Cuba,1575,1481,4,1,9,-9,1584,1472,58,84,0,-1,58,83,20,100,194
7713,Jul 5 2000,Friendly in Jamaica,Jamaica,Barbados,1502,1369,5,0,8,-8,1510,1361,73,114,2,-1,75,113,20,100,233
7714,Jul 5 2000,Friendly in Mexico,Mexico,Venezuela,1838,1423,2,1,1,-1,1839,1422,15,98,0,-1,15,97,20,100,515
7715,Jul 6 2000,Friendly in Cape Verde,Cape Verde,Angola,1354,1519,1,1,2,-2,1356,1517,119,71,0,0,119,71,20,100,-65
7716,Jul 6 2000,Friendly in Malawi,Malawi,Namibia,1300,1306,1,2,-13,13,1287,1319,141,121,-4,4,137,125,20,100,94
7717,Jul 7 2000,Friendly in the United States,Guatemala,El Salvador,1513,1437,1,0,8,-8,1521,1429,68,96,3,-2,71,94,20,0,76
7718,Jul 8 2000,World Cup qualifier in Ghana,Ghana,Sierra Leone,1538,1357,5,0,13,-13,1551,1344,61,125,3,-4,64,121,40,100,281
7719,Jul 8 2000,Friendly in Trinidad and Tobago,Trinidad and Tobago,Jamaica,1584,1510,2,4,-22,22,1562,1532,62,65,-2,5,60,70,20,100,174
7720,Jul 8 2000,World Cup qualifier in Tunisia,Tunisia,Madagascar,1642,1425,1,0,6,-6,1648,1419,51,99,1,-2,52,97,40,100,317
7721,Jul 8 2000,World Cup qualifier in Zambia,Zambia,Togo,1486,1409,2,0,16,-16,1502,1393,75,112,3,-5,78,107,40,100,177
7722,Jul 9 2000,World Cup qualifier in Burkina Faso,Burkina Faso,Guinea,1405,1500,2,3,-20,20,1385,1520,115,67,-5,6,110,73,40,100,5
7723,Jul 9 2000,World Cup qualifier in Cameroon,Cameroon,Angola,1702,1517,3,0,11,-11,1713,1506,37,83,2,-5,39,78,40,100,285
7724,Jul 9 2000,Friendly in Costa Rica,Costa Rica,St Vincent & Grenadines,1620,1318,7,1,4,-4,1624,1314,54,127,1,0,55,127,20,100,402
7725,Jul 9 2000,World Cup qualifier in the Dem Rep of the Congo,DR Congo,Congo,1457,1432,2,0,20,-20,1477,1412,79,108,3,-8,82,100,40,100,125
7726,Jul 9 2000,World Cup qualifier in Liberia,Liberia,Nigeria,1363,1741,2,1,33,-33,1396,1708,100,53,6,-12,106,41,40,100,-278
7727,Jul 9 2000,World Cup qualifier in Morocco,Morocco,Algeria,1726,1538,2,1,6,-6,1732,1532,27,70,3,-1,30,69,40,100,288
7728,Jul 9 2000,World Cup qualifier in Senegal,Senegal,Egypt,1477,1670,0,0,5,-5,1482,1665,80,50,1,-2,81,48,20,0,-193
7729,Jul 9 2000,World Cup qualifier in Zimbabwe,Zimbabwe,South Africa,1487,1654,0,2,-24,24,1463,1678,87,42,-3,4,84,46,40,100,-67
7730,Jul 14 2000,African Nations Cup qualifier in Libya,Libya,Chad,1414,1306,3,1,14,-14,1428,1292,90,138,4,-4,94,134,40,100,208
7731,Jul 15 2000,African Nations Cup qualifier in Burundi,Burundi,Djibouti,1414,886,1,0,1,-1,1415,885,99,198,0,0,99,198,20,0,528
7732,Jul 15 2000,African Nations Cup qualifier in Eritrea,Eritrea,Sudan,1181,1358,2,1,24,-24,1205,1334,144,132,8,-8,152,124,40,100,-77
7733,Jul 15 2000,African Nations Cup qualifier in Gabon,Gabon,São Tomé and Príncipe,1377,1085,4,1,7,-7,1384,1078,111,179,0,-1,111,178,40,100,392
7734,Jul 15 2000,African Nations Cup qualifier in Kenya,Kenya,Swaziland,1348,1188,3,0,13,-13,1361,1175,109,162,5,-2,114,160,40,100,260
7735,Jul 15 2000,African Nations Cup qualifier in Madagascar,Madagascar,Botswana,1419,1103,2,0,5,-5,1424,1098,93,177,2,-1,95,176,40,100,416
7736,Jul 15 2000,African Nations Cup qualifier in Malawi,Malawi,Uganda,1287,1360,1,2,-22,22,1265,1382,145,110,-4,2,141,112,40,100,27
7737,Jul 15 2000,African Nations Cup qualifier in Namibia,Namibia,Benin,1319,1270,8,2,25,-25,1344,1245,115,148,5,-3,120,145,40,100,149
7738,Jul 15 2000,African Nations Cup qualifier in Zambia,Zambia,Ethiopia,1502,1341,2,0,11,-11,1513,1330,73,127,3,-2,76,125,40,100,261
7739,Jul 16 2000,African Nations Cup qualifier in Angola,Angola,Equatorial Guinea,1506,1039,4,1,3,-3,1509,1036,75,184,2,0,77,184,30,0,467
7740,Jul 16 2000,World Cup qualifier in Barbados,Barbados,Costa Rica,1361,1624,2,1,29,-29,1390,1595,106,59,4,-2,110,57,40,100,-163
7741,Jul 16 2000,African Nations Cup qualifier in Burkina Faso,Burkina Faso,Mauritania,1385,1204,3,0,12,-12,1397,1192,104,161,3,-4,107,157,40,100,281
7742,Jul 16 2000,World Cup qualifier in Canada,Canada,Trinidad and Tobago,1715,1562,0,2,-49,49,1666,1611,56,52,-9,4,47,56,40,100,253
7743,Jul 16 2000,African Nations Cup qualifier in Congo,Congo,Rwanda,1412,1250,5,1,14,-14,1426,1236,88,147,6,-2,94,145,40,100,262
7744,Jul 16 2000,African Nations Cup qualifier in the Dem Rep of the Congo,DR Congo,Central African Republic,1477,1251,2,0,8,-8,1485,1243,80,146,1,-2,81,144,40,100,326
7745,Jul 16 2000,World Cup qualifier in El Salvador,El Salvador,Honduras,1429,1684,2,5,-20,20,1409,1704,111,39,-9,2,102,41,40,100,-155
7746,Jul 16 2000,World Cup qualifier in Guatemala,Guatemala,United States,1521,1829,1,1,11,-11,1532,1818,68,18,2,-1,70,17,30,0,-308
7747,Jul 16 2000,African Nations Cup qualifier in Guinea,Guinea,Gambia,1520,1307,2,0,8,-8,1528,1299,73,134,0,-3,73,131,40,100,313
7748,Jul 16 2000,African Nations Cup qualifier in Ivory Coast,Ivory Coast,Niger,1568,1319,6,0,10,-10,1578,1309,60,126,-1,0,59,126,40,100,349
7749,Jul 16 2000,African Nations Cup qualifier in Liberia,Liberia,Cape Verde,1396,1356,3,0,22,-22,1418,1334,90,128,8,-5,98,123,40,100,140
7750,Jul 16 2000,African Nations Cup qualifier in Mauritius,Mauritius,Tanzania,1247,1215,3,2,13,-13,1260,1202,140,155,2,-3,142,152,40,100,132
7751,Jul 16 2000,African Nations Cup qualifier in Mozambique,Mozambique,Lesotho,1212,1163,1,0,12,-12,1224,1151,147,168,2,-2,149,166,40,100,149
7752,Jul 16 2000,World Cup qualifier in Panama,Panama,Mexico,1409,1839,0,1,-5,5,1404,1844,110,13,-4,1,106,14,40,100,-330
7753,Jul 16 2000,World Cup qualifier in St Vincent & Grenadines,St Vincent & Grenadines,Jamaica,1314,1532,0,1,-13,13,1301,1545,133,65,-3,2,130,67,40,100,-118
7754,Jul 16 2000,African Nations Cup qualifier in Zimbabwe,Zimbabwe,Seychelles,1463,979,5,0,3,-3,1466,976,84,191,0,0,84,191,30,0,484
7755,Jul 18 2000,World Cup qualifier in Paraguay,Paraguay,Brazil,1775,2078,2,1,31,-31,1806,2047,18,2,2,0,20,2,40,100,-203
7756,Jul 18 2000,World Cup qualifier in Uruguay,Uruguay,Venezuela,1761,1422,3,1,4,-4,1765,1418,23,97,1,0,24,97,20,0,339
7757,Jul 19 2000,World Cup qualifier in Argentina,Argentina,Ecuador,1977,1683,2,0,6,-6,1983,1677,7,46,0,-1,7,45,40,100,394
7758,Jul 19 2000,World Cup qualifier in Bolivia,Bolivia,Chile,1564,1724,1,0,23,-23,1587,1701,56,48,2,-7,58,41,40,100,-60
7759,Jul 19 2000,World Cup qualifier in Peru,Peru,Colombia,1728,1739,0,1,-25,25,1703,1764,48,21,-8,4,40,25,40,100,89
7760,Jul 22 2000,World Cup qualifier in Guatemala,Guatemala,Barbados,1532,1390,2,0,12,-12,1544,1378,66,116,2,-3,68,113,40,100,242
7761,Jul 23 2000,World Cup qualifier in Costa Rica,Costa Rica,United States,1595,1818,2,1,27,-27,1622,1791,57,23,0,-3,57,20,40,100,-123
7762,Jul 23 2000,World Cup qualifier in El Salvador,El Salvador,St Vincent & Grenadines,1409,1301,7,1,20,-20,1429,1281,84,146,9,-8,93,138,40,100,208
7763,Jul 23 2000,World Cup qualifier in Jamaica,Jamaica,Honduras,1545,1704,3,1,35,-35,1580,1669,53,51,7,-6,60,45,40,100,-59
7764,Jul 23 2000,COSAFA Cup in Lesotho,Lesotho,Angola,1151,1509,2,1,33,-33,1184,1476,152,87,7,-5,159,82,40,100,-258
7765,Jul 23 2000,World Cup qualifier in Panama,Panama,Canada,1404,1666,0,0,9,-9,1413,1657,98,51,4,-2,102,49,40,100,-162
7766,Jul 23 2000,World Cup qualifier in Trinidad and Tobago,Trinidad and Tobago,Mexico,1611,1844,1,0,27,-27,1638,1817,54,18,1,-2,55,16,40,100,-133
7767,Jul 25 2000,World Cup qualifier in Ecuador,Ecuador,Colombia,1677,1764,0,0,-1,1,1676,1765,44,23,0,1,44,24,30,100,13
7768,Jul 25 2000,World Cup qualifier in Venezuela,Venezuela,Chile,1418,1701,0,2,-16,16,1402,1717,114,28,-8,6,106,34,40,100,-183
7769,Jul 26 2000,World Cup qualifier in Brazil,Brazil,Argentina,2047,1983,3,1,17,-17,2064,1966,2,7,0,0,2,7,40,100,164
7770,Jul 26 2000,Friendly tournament in Bulgaria,Bulgaria,Azerbaijan,1665,1288,2,1,2,-2,1667,1286,47,135,0,0,47,135,20,0,377
7771,Jul 26 2000,World Cup qualifier in Uruguay,Uruguay,Peru,1765,1703,0,0,-9,9,1756,1712,28,36,-2,2,26,38,40,100,162
7772,Jul 27 2000,World Cup qualifier in Bolivia,Bolivia,Paraguay,1587,1806,0,0,7,-7,1594,1799,58,19,0,0,58,19,40,100,-119
7773,Jul 27 2000,Friendly in Iceland,Iceland,Malta,1585,1233,5,0,3,-3,1588,1230,59,146,0,0,59,146,20,100,452
7774,Jul 27 2000,Friendly tournament in Bulgaria,Macedonia,Azerbaijan,1529,1286,2,1,6,-6,1535,1280,68,141,2,-3,70,138,30,0,243
7775,Jul 28 2000,Friendly in China,China,South Korea,1709,1729,0,1,-12,12,1697,1741,41,29,-1,1,40,30,20,100,80
7776,Jul 29 2000,Friendly in England,India,Bangladesh,1075,1019,1,0,8,-8,1083,1011,175,187,2,0,177,187,20,0,56
7777,Jul 29 2000,COSAFA Cup in South Africa,South Africa,Zimbabwe,1678,1466,0,1,-34,34,1644,1500,61,74,-9,5,52,79,40,100,312
7778,Aug 5 2000,Friendly in Lebanon,Lebanon,Oman,1409,1304,3,1,7,-7,1416,1297,97,134,3,-3,100,131,20,100,205
7779,Aug 6 2000,Friendly in Guyana,Guyana,Trinidad and Tobago,1067,1638,0,0,9,-9,1076,1629,178,55,2,0,180,55,20,0,-571
7780,Aug 6 2000,Friendly in the United States,Haiti,El Salvador,1405,1429,2,1,11,-11,1416,1418,95,101,5,-4,100,97,20,0,-24
7781,Aug 6 2000,Friendly in Malaysia,Malaysia,Myanmar,1200,1129,6,0,12,-12,1212,1117,149,172,2,-1,151,171,20,100,171
7782,Aug 8 2000,Friendly in Lebanon,Lebanon,Oman,1416,1297,1,2,-16,16,1400,1313,112,121,-6,5,106,126,20,100,219
7783,Aug 9 2000,Friendly in Malaysia,Malaysia,Myanmar,1212,1117,1,2,-15,15,1197,1132,159,169,-4,1,155,170,20,100,195
7784,Aug 9 2000,Friendly tournament in Syria,Syria,Bahrain,1509,1347,1,0,5,-5,1514,1342,75,124,1,-3,76,121,30,100,262
7785,Aug 10 2000,Friendly in Costa Rica,Costa Rica,Venezuela,1622,1402,1,5,-32,32,1590,1434,59,79,-1,13,58,92,20,100,320
7786,Aug 11 2000,Friendly tournament in Syria,Jordan,Bahrain,1412,1342,2,0,18,-18,1430,1324,82,129,11,-4,93,125,30,0,70
7787,Aug 11 2000,Friendly in Panama,Panama,Ecuador,1413,1676,0,0,4,-4,1417,1672,101,43,1,0,102,43,20,100,-163
7788,Aug 13 2000,COSAFA Cup in Lesotho,Lesotho,Zimbabwe,1184,1500,0,3,-16,16,1168,1516,167,73,-4,3,163,76,40,100,-216
7789,Aug 13 2000,Merdeka Tournament in Malaysia,Malaysia,New Zealand,1197,1533,0,0,9,-9,1206,1524,147,75,4,-2,151,73,30,100,-236
7790,Aug 13 2000,Friendly tournament in Syria,Syria,Jordan,1514,1430,1,0,8,-8,1522,1422,72,103,2,-5,74,98,20,0,84
7791,Aug 15 2000,Friendly in Albania,Albania,Cyprus,1456,1557,0,0,0,0,1456,1557,86,64,0,0,86,64,20,100,-1
7792,Aug 15 2000,World Cup qualifier in Chile,Chile,Brazil,1717,2064,3,0,56,-56,1773,2008,16,4,9,-1,25,3,40,100,-247
7793,Aug 15 2000,World Cup qualifier in Colombia,Colombia,Uruguay,1765,1756,1,0,14,-14,1779,1742,20,32,2,-3,22,29,40,100,109
7794,Aug 15 2000,World Cup qualifier in Costa Rica,Costa Rica,Guatemala,1590,1544,2,1,12,-12,1602,1532,56,72,1,-2,57,70,40,100,146
7795,Aug 15 2000,Merdeka Tournament in Malaysia,Malaysia,Oman,1206,1313,2,0,23,-23,1229,1290,143,140,4,-7,147,133,30,100,-7
7796,Aug 15 2000,World Cup qualifier in Mexico,Mexico,Canada,1817,1657,2,0,11,-11,1828,1646,16,54,0,-3,16,51,40,100,260
7797,Aug 16 2000,World Cup qualifier in Argentina,Argentina,Paraguay,1966,1799,1,1,-13,13,1953,1812,7,17,0,1,7,18,40,100,267
7798,Aug 16 2000,Friendly in Bosnia and Herzegovina,Bosnia and Herzegovina,Turkey,1550,1762,2,0,20,-20,1570,1742,60,30,3,-2,63,28,20,100,-112
7799,Aug 16 2000,Friendly in Bulgaria,Bulgaria,Belgium,1667,1753,1,3,-16,16,1651,1769,50,25,-2,1,48,26,20,100,14
7800,Aug 16 2000,Friendly in Czechia,Czechia,Slovenia,1944,1657,0,1,-18,18,1926,1675,8,40,0,4,8,44,20,100,387
7801,Aug 16 2000,World Cup qualifier in Ecuador,Ecuador,Bolivia,1672,1594,2,0,16,-16,1688,1578,43,64,0,-3,43,61,40,100,178
7802,Aug 16 2000,World Cup qualifier in Estonia,Estonia,Andorra,1344,1072,1,0,4,-4,1348,1068,118,182,0,0,118,182,40,100,372
7803,Aug 16 2000,Nordic Championship in the Faroe Islands,Faroe Islands,Denmark,1191,1812,0,2,-2,2,1189,1814,158,17,0,0,158,17,30,100,-521
7804,Aug 16 2000,Nordic Championship in Finland,Finland,Norway,1550,1887,3,1,36,-36,1586,1851,54,13,6,-1,60,12,30,100,-237
7805,Aug 16 2000,Friendly in Germany,Germany,Spain,1829,1991,4,1,21,-21,1850,1970,11,7,2,-1,13,6,20,100,-62
7806,Aug 16 2000,World Cup qualifier in Honduras,Honduras,St Vincent & Grenadines,1669,1281,6,0,5,-5,1674,1276,46,141,-1,-2,45,139,40,100,488
7807,Aug 16 2000,Friendly in Hungary,Hungary,Austria,1623,1693,1,1,-1,1,1622,1694,56,41,0,0,56,41,20,100,30
7808,Aug 16 2000,Nordic Championship in Iceland,Iceland,Sweden,1588,1847,2,1,21,-21,1609,1826,55,19,2,-3,57,16,30,100,-159
7809,Aug 16 2000,Friendly in Iran,Iran,Georgia,1749,1517,2,1,3,-3,1752,1514,26,77,1,-1,27,76,20,100,332
7810,Aug 16 2000,World Cup qualifier in Jamaica,Jamaica,El Salvador,1580,1418,1,0,7,-7,1587,1411,58,107,1,-4,59,103,40,100,262
7811,Aug 16 2000,Friendly in Japan,Japan,United Arab Emirates,1684,1508,3,1,5,-5,1689,1503,42,79,0,0,42,79,20,100,276
7812,Aug 16 2000,Friendly in Latvia,Latvia,Belarus,1452,1372,0,1,-15,15,1437,1387,95,108,-4,3,91,111,20,100,180
7813,Aug 16 2000,Friendly in Moldova,Moldova,Malta,1423,1230,1,0,3,-3,1426,1227,93,152,2,-3,95,149,20,100,293
7814,Aug 16 2000,Friendly in Northern Ireland,Northern Ireland,Yugoslavia,1516,1904,1,2,-3,3,1513,1907,78,9,-1,0,77,9,20,100,-288
7815,Aug 16 2000,World Cup qualifier in Peru,Peru,Venezuela,1712,1434,1,0,4,-4,1716,1430,36,92,1,0,37,92,40,100,378
7816,Aug 16 2000,Friendly in Portugal,Portugal,Lithuania,1985,1448,5,1,1,-1,1986,1447,4,87,1,1,5,88,20,100,637
7817,Aug 16 2000,Friendly in Romania,Romania,Poland,1843,1721,1,1,-6,6,1837,1727,14,32,0,1,14,33,20,100,222
7818,Aug 16 2000,Friendly in Russia,Russia,Israel,1807,1668,1,0,4,-4,1811,1664,20,49,-1,-2,19,47,20,100,239
7819,Aug 16 2000,Friendly in Slovakia,Slovakia,Croatia,1717,1903,1,1,2,-2,1719,1901,35,10,0,0,35,10,20,100,-86
7820,Aug 16 2000,Friendly in Switzerland,Switzerland,Greece,1726,1776,2,2,-1,1,1725,1777,35,23,-1,0,34,23,20,100,50
7821,Aug 16 2000,World Cup qualifier in Trinidad and Tobago,Trinidad and Tobago,Panama,1629,1417,6,0,12,-12,1641,1405,53,108,1,-3,54,105,40,100,312
7822,Aug 16 2000,World Cup qualifier in the United States,United States,Barbados,1791,1378,7,0,4,-4,1795,1374,20,115,0,-1,20,114,20,0,413
7823,Aug 17 2000,Merdeka Tournament in Malaysia,New Zealand,Oman,1524,1290,1,0,6,-6,1530,1284,71,135,1,-1,72,134,30,0,234
7824,Aug 19 2000,Merdeka Tournament in Malaysia,Malaysia,New Zealand,1229,1530,0,2,-11,11,1218,1541,154,66,-4,3,150,69,30,100,-201
7825,Aug 20 2000,Friendly in the United States,Honduras,Haiti,1674,1416,4,0,7,-7,1681,1409,43,105,1,-2,44,103,20,0,258
7826,Aug 20 2000,African Nations Cup qualifier in Sierra Leone,Sierra Leone,Togo,1344,1393,2,0,26,-26,1370,1367,109,122,5,-7,114,115,30,0,-49
7827,Aug 25 2000,Friendly in Egypt,Egypt,Kenya,1665,1361,2,1,2,-2,1667,1359,46,118,0,-1,46,117,20,100,404
7828,Aug 25 2000,Friendly tournament in Vietnam,Vietnam,Sri Lanka,1282,878,2,2,-13,13,1269,891,144,197,-4,1,140,198,30,100,504
7829,Aug 27 2000,Friendly in the Cayman Islands,Cayman Islands,Jamaica,1135,1587,0,6,-5,5,1130,1592,172,59,-2,0,170,59,20,100,-352
7830,Aug 27 2000,COSAFA Cup in Zimbabwe,Zimbabwe,Lesotho,1516,1168,3,0,5,-5,1521,1163,75,165,0,-1,75,164,40,100,448
7831,Aug 28 2000,Friendly tournament in Indonesia,Indonesia,Myanmar,1360,1132,4,1,7,-7,1367,1125,114,173,1,-2,115,171,20,0,228
7832,Aug 30 2000,Friendly tournament in Indonesia,Indonesia,Taiwan,1367,1033,1,0,2,-2,1369,1031,115,185,0,0,115,185,20,100,434
7833,Sep 1 2000,Friendly in Austria,Austria,Iran,1694,1752,5,1,16,-16,1710,1736,37,35,2,-4,39,31,20,100,42
7834,Sep 1 2000,Friendly tournament in China,China,Thailand,1697,1496,3,1,7,-7,1704,1489,42,80,-1,0,41,80,20,0,201
7835,Sep 1 2000,Friendly tournament in China,Iraq,Uzbekistan,1643,1558,2,0,17,-17,1660,1541,43,72,5,-4,48,68,30,0,85
7836,Sep 1 2000,Friendly tournament in Indonesia,Myanmar,Taiwan,1125,1031,1,1,-4,4,1121,1035,171,185,0,0,171,185,30,0,94
7837,Sep 2 2000,World Cup qualifier in Andorra,Andorra,Cyprus,1068,1557,2,3,-4,4,1064,1561,182,63,0,1,182,64,40,100,-389
7838,Sep 2 2000,World Cup qualifier in Azerbaijan,Azerbaijan,Sweden,1280,1826,0,1,-3,3,1277,1829,136,16,0,0,136,16,40,100,-446
7839,Sep 2 2000,World Cup qualifier in Belarus,Belarus,Wales,1387,1558,2,1,24,-24,1411,1534,98,76,6,-6,104,70,40,100,-71
7840,Sep 2 2000,World Cup qualifier in Belgium,Belgium,Croatia,1769,1901,0,0,2,-2,1771,1899,22,10,2,0,24,10,40,100,-32
7841,Sep 2 2000,World Cup qualifier in Bosnia and Herzegovina,Bosnia and Herzegovina,Spain,1570,1970,1,2,-6,6,1564,1976,63,6,0,0,63,6,40,100,-300
7842,Sep 2 2000,World Cup qualifier in Bulgaria,Bulgaria,Czechia,1651,1926,0,1,-11,11,1640,1937,61,8,-6,0,55,8,40,100,-175
7843,Sep 2 2000,World Cup qualifier in Chile,Chile,Colombia,1773,1779,0,1,-25,25,1748,1804,31,18,-3,2,28,20,40,100,94
7844,Sep 2 2000,African Nations Cup qualifier in Egypt,Egypt,Ivory Coast,1667,1578,1,0,10,-10,1677,1568,44,63,1,-1,45,62,40,100,189
7845,Sep 2 2000,World Cup qualifier in Finland,Finland,Albania,1586,1456,2,1,8,-8,1594,1448,58,90,1,-2,59,88,40,100,230
7846,Sep 2 2000,Friendly in France,France,England,2134,1882,1,1,-8,8,2126,1890,1,11,0,0,1,11,20,100,352
7847,Sep 2 2000,African Nations Cup qualifier in Gabon,Gabon,Morocco,1384,1732,2,0,48,-48,1432,1684,73,54,19,-11,92,43,40,100,-248
7848,Sep 2 2000,World Cup qualifier in Germany,Germany,Greece,1850,1777,2,0,16,-16,1866,1761,11,29,1,-3,12,26,40,100,173
7849,Sep 2 2000,World Cup qualifier in Honduras,Honduras,El Salvador,1681,1411,5,0,8,-8,1689,1403,36,116,4,-7,40,109,40,100,370
7850,Sep 2 2000,World Cup q & Nordic Ch in Iceland,Iceland,Denmark,1609,1814,1,2,-14,14,1595,1828,59,17,-1,0,58,17,40,100,-105
7851,Sep 2 2000,World Cup qualifier in Latvia,Latvia,Scotland,1437,1742,0,1,-9,9,1428,1751,97,27,-3,0,94,27,40,100,-205
7852,Sep 2 2000,World Cup qualifier in the Netherlands,Netherlands,Ireland,2039,1774,2,2,-16,16,2023,1790,2,20,0,2,2,22,40,100,365
7853,Sep 2 2000,African Nations Cup qualifier in Nigeria,Nigeria,Namibia,1708,1344,4,0,5,-5,1713,1339,30,122,5,-1,35,121,40,100,464
7854,Sep 2 2000,World Cup qualifier in Norway,Norway,Armenia,1851,1391,0,0,-18,18,1833,1409,16,102,-2,3,14,105,40,100,560
7855,Sep 2 2000,World Cup qualifier in Northern Ireland,Northern Ireland,Malta,1513,1227,1,0,4,-4,1517,1223,73,150,2,-1,75,149,40,100,386
7856,Sep 2 2000,World Cup qualifier in Paraguay,Paraguay,Venezuela,1812,1430,3,0,4,-4,1816,1426,20,100,-1,-4,19,96,40,100,482
7857,Sep 2 2000,World Cup qualifier in Switzerland,Switzerland,Russia,1725,1811,0,1,-21,21,1704,1832,42,11,-4,4,38,15,40,100,14
7858,Sep 2 2000,World Cup qualifier in Turkey,Turkey,Moldova,1742,1426,2,0,5,-5,1747,1421,31,103,-2,-4,29,99,40,100,416
7859,Sep 2 2000,African Nations Cup qualifier in Uganda,Uganda,Guinea,1382,1528,3,1,34,-34,1416,1494,92,83,10,-5,102,78,40,100,-46
7860,Sep 2 2000,World Cup qualifier in Ukraine,Ukraine,Poland,1717,1727,1,3,-38,38,1679,1765,52,17,-8,8,44,25,40,100,90
7861,Sep 2 2000,African Nations Cup qualifier in Zambia,Zambia,Madagascar,1513,1424,1,2,-30,30,1483,1454,85,75,-4,11,81,86,40,100,189
7862,Sep 3 2000,African Nations Cup qualifier in Algeria,Algeria,Burkina Faso,1532,1397,1,1,-12,12,1520,1409,75,99,-2,6,73,105,40,100,235
7863,Sep 3 2000,World Cup qualifier in Brazil,Brazil,Bolivia,2008,1578,5,0,4,-4,2012,1574,3,61,0,0,3,61,40,100,530
7864,Sep 3 2000,African Nations Cup qualifier in Burundi,Burundi,Angola,1415,1476,0,0,-2,2,1413,1478,101,81,1,1,102,82,30,100,39
7865,Sep 3 2000,Friendly tournament in China,China,Iraq,1704,1660,4,1,16,-16,1720,1644,30,54,4,-3,34,51,30,100,144
7866,Sep 3 2000,African Nations Cup qualifier in Congo,Congo,South Africa,1426,1644,1,2,-13,13,1413,1657,108,46,-6,3,102,49,40,100,-118
7867,Sep 3 2000,World Cup qualifier in Costa Rica,Costa Rica,Barbados,1602,1374,3,0,9,-9,1611,1365,57,119,0,-3,57,116,40,100,328
7868,Sep 3 2000,World Cup qualifier in Estonia,Estonia,Portugal,1348,1986,1,3,-3,3,1345,1989,119,5,0,0,119,5,40,100,-538
7869,Sep 3 2000,World Cup qualifier in the Faroe Islands,Faroe Islands,Slovenia,1189,1675,2,2,16,-16,1205,1659,146,50,6,-2,152,48,40,100,-386
7870,Sep 3 2000,World Cup qualifier in Hungary,Hungary,Italy,1622,2008,2,2,14,-14,1636,1994,54,5,1,-1,55,4,40,100,-286
7871,Sep 3 2000,World Cup qualifier in Israel,Israel,Liechtenstein,1664,1079,2,0,1,-1,1665,1078,47,178,0,0,47,178,20,0,585
7872,Sep 3 2000,World Cup qualifier in Jamaica,Jamaica,St Vincent & Grenadines,1592,1276,2,0,5,-5,1597,1271,56,140,2,-1,58,139,40,100,416
7873,Sep 3 2000,African Nations Cup qualifier in Kenya,Kenya,Tunisia,1359,1648,0,0,10,-10,1369,1638,111,58,3,-4,114,54,30,0,-289
7874,Sep 3 2000,African Nations Cup qualifier in Lesotho,Lesotho,Ghana,1163,1551,3,3,14,-14,1177,1537,156,69,4,-2,160,67,40,100,-288
7875,Sep 3 2000,African Nations Cup qualifier in Liberia,Liberia,Mauritius,1418,1260,4,0,14,-14,1432,1246,84,142,8,0,92,142,40,100,258
7876,Sep 3 2000,World Cup qualifier in Luxembourg,Luxembourg,Yugoslavia,1183,1907,0,2,-2,2,1181,1909,159,9,0,0,159,9,40,100,-624
7877,Sep 3 2000,World Cup qualifier in Mexico,Mexico,Panama,1828,1405,7,1,4,-4,1832,1401,13,112,2,-2,15,110,40,100,523
7878,Sep 3 2000,World Cup qualifier in Peru,Peru,Argentina,1716,1953,1,2,-12,12,1704,1965,42,7,-4,0,38,7,40,100,-137
7879,Sep 3 2000,World Cup qualifier in Romania,Romania,Lithuania,1837,1447,1,0,2,-2,1839,1445,13,91,0,-1,13,90,20,0,390
7880,Sep 3 2000,World Cup qualifier in Slovakia,Slovakia,Macedonia,1719,1535,2,0,10,-10,1729,1525,33,73,0,-2,33,71,40,100,284
7881,Sep 3 2000,Friendly tournament in China,Thailand,Uzbekistan,1489,1541,4,2,26,-26,1515,1515,71,83,4,-8,75,75,30,0,-52
7882,Sep 3 2000,African Nations Cup qualifier in Togo,Togo,Sierra Leone,1367,1370,2,0,22,-22,1389,1348,110,122,3,-4,113,118,40,100,97
7883,Sep 3 2000,World Cup qualifier in Trinidad and Tobago,Trinidad and Tobago,Canada,1641,1646,4,0,27,-27,1668,1619,37,61,8,-5,45,56,40,100,95
7884,Sep 3 2000,World Cup qualifier in Uruguay,Uruguay,Ecuador,1742,1688,4,0,22,-22,1764,1666,22,50,4,-4,26,46,40,100,154
7885,Sep 3 2000,World Cup qualifier in the United States,United States,Guatemala,1795,1532,1,0,4,-4,1799,1528,21,69,0,1,21,70,20,0,263
7886,Sep 3 2000,African Nations Cup qualifier in Zimbabwe,Zimbabwe,DR Congo,1521,1485,3,2,13,-13,1534,1472,62,86,6,-3,68,83,30,0,36
7887,Sep 7 2000,Friendly in Lebanon,Lebanon,United Arab Emirates,1400,1503,0,1,-10,10,1390,1513,111,78,0,0,111,78,20,100,-3
7888,Sep 10 2000,Friendly in Lebanon,Lebanon,United Arab Emirates,1390,1513,2,2,1,-1,1391,1512,111,78,0,0,111,78,20,100,-23
7889,Sep 10 2000,African Nations Cup qualifier in Libya,Libya,Sudan,1428,1334,1,0,10,-10,1438,1324,89,126,3,-2,92,124,40,100,194
7890,Sep 20 2000,Friendly in the United States,Mexico,Ecuador,1832,1666,2,0,8,-8,1840,1658,11,50,2,-2,13,48,20,0,166
7891,Sep 24 2000,Friendly in Qatar,Qatar,Kuwait,1542,1641,0,0,0,0,1542,1641,65,52,0,0,65,52,20,100,1
7892,Sep 24 2000,Friendly in Saudi Arabia,Saudi Arabia,Syria,1650,1522,2,1,4,-4,1654,1518,50,74,0,-1,50,73,20,100,228
7893,Sep 24 2000,African Nations Cup qualifier in Senegal,Senegal,Togo,1482,1389,0,0,-10,10,1472,1399,83,109,-1,2,82,111,40,100,193
7894,Sep 24 2000,Friendly in Zanzibar,Zanzibar,Tanzania,1175,1202,0,1,-12,12,1163,1214,167,148,-3,3,164,151,20,100,73
7895,Sep 26 2000,Friendly in Saudi Arabia,Saudi Arabia,Syria,1654,1518,3,0,7,-7,1661,1511,44,83,3,-5,47,78,20,100,236
7896,Sep 27 2000,Friendly tournament in the Cayman Islands,Cayman Islands,Turks and Caicos Islands,1130,770,3,0,3,-3,1133,767,167,208,1,0,168,208,30,100,460
7897,Sep 27 2000,Friendly in the United States,Mexico,Bolivia,1840,1574,1,0,4,-4,1844,1570,13,61,0,0,13,61,20,0,266
7898,Sep 27 2000,Friendly in Qatar,Qatar,Iran,1542,1736,1,2,-7,7,1535,1743,69,30,-2,1,67,31,20,100,-94
7899,Sep 28 2000,Friendly in Saudi Arabia,Saudi Arabia,United Arab Emirates,1661,1512,6,1,8,-8,1669,1504,43,79,2,-1,45,78,20,100,249
7900,Sep 30 2000,Friendly in Kenya,Kenya,Burundi,1369,1413,1,0,8,-8,1377,1405,114,114,0,-6,114,108,20,100,56
7901,Sep 30 2000,Friendly in Kuwait,Kuwait,Thailand,1641,1515,3,2,4,-4,1645,1511,50,78,1,-2,51,76,20,100,226
7902,Oct 1 2000,Friendly in Kenya,Kenya,Lesotho,1377,1177,1,1,-7,7,1370,1184,114,158,0,1,114,159,20,100,300
7903,Oct 2 2000,Friendly in Jordan,Jordan,Saudi Arabia,1422,1669,1,0,14,-14,1436,1655,88,55,5,-5,93,50,20,100,-147
7904,Oct 2 2000,Friendly in Qatar,Qatar,Egypt,1535,1677,0,1,-9,9,1526,1686,73,40,-3,2,70,42,20,100,-42
7905,Oct 3 2000,Friendly in Kenya,Kenya,Burundi,1370,1405,2,3,-12,12,1358,1417,118,94,-2,7,116,101,20,100,65
7906,Oct 4 2000,Friendly tournament in the United Arab Emirates,Australia,Kuwait,1786,1645,1,0,9,-9,1795,1636,21,57,1,-3,22,54,30,0,141
7907,Oct 4 2000,Friendly in France,France,Cameroon,2126,1713,1,1,-9,9,2117,1722,1,33,0,1,1,34,20,100,513
7908,Oct 4 2000,Friendly tournament in the United Arab Emirates,United Arab Emirates,South Korea,1504,1741,1,1,6,-6,1510,1735,78,32,0,0,78,32,20,0,-237
7909,Oct 5 2000,Friendly in Jordan,Saudi Arabia,China,1655,1720,2,0,18,-18,1673,1702,40,43,5,-4,45,39,20,0,-65
7910,Oct 6 2000,World Cup qualifier in Macedonia,Macedonia,Azerbaijan,1525,1277,3,0,8,-8,1533,1269,67,142,2,-3,69,139,40,100,348
7911,Oct 6 2000,Friendly in Qatar,Qatar,Thailand,1526,1511,1,1,-3,3,1523,1514,72,74,-1,1,71,75,20,100,115
7912,Oct 7 2000,World Cup qualifier in Andorra,Andorra,Estonia,1064,1345,1,2,-10,10,1054,1355,184,117,-1,1,183,118,40,100,-181
7913,Oct 7 2000,World Cup qualifier in Armenia,Armenia,Ukraine,1409,1679,2,3,-11,11,1398,1690,117,36,-6,4,111,40,40,100,-170
7914,Oct 7 2000,World Cup qualifier in Bulgaria,Bulgaria,Malta,1640,1223,3,0,3,-3,1643,1220,54,149,-1,0,53,149,20,0,417
7915,Oct 7 2000,African Nations Cup qualifier in Burkina Faso,Burkina Faso,Burundi,1409,1417,1,0,15,-15,1424,1402,87,115,9,-7,96,108,30,0,-8
7916,Oct 7 2000,World Cup qualifier in Colombia,Colombia,Paraguay,1804,1816,0,2,-37,37,1767,1853,32,7,-6,6,26,13,40,100,88
7917,Oct 7 2000,World Cup qualifier in Cyprus,Cyprus,Netherlands,1561,2023,0,4,-8,8,1553,2031,66,2,-1,0,65,2,40,100,-362
7918,Oct 7 2000,World Cup qualifier in Czechia,Czechia,Iceland,1937,1595,4,0,5,-5,1942,1590,8,59,0,0,8,59,20,0,342
7919,Oct 7 2000,World Cup qualifier in England,England,Germany,1890,1866,0,1,-27,27,1863,1893,13,10,-1,1,12,11,40,100,124
7920,Oct 7 2000,World Cup qualifier in Greece,Greece,Finland,1761,1594,1,0,7,-7,1768,1587,23,60,2,0,25,60,40,100,267
7921,Oct 7 2000,World Cup qualifier in Italy,Italy,Romania,1994,1839,3,0,13,-13,2007,1826,4,18,0,-2,4,16,40,100,255
7922,Oct 7 2000,Friendly in Jordan,Jordan,China,1436,1702,1,1,4,-4,1440,1698,89,39,2,0,91,39,20,100,-166
7923,Oct 7 2000,World Cup qualifier in Latvia,Latvia,Belgium,1428,1771,0,4,-15,15,1413,1786,103,20,-3,2,100,22,40,100,-243
7924,Oct 7 2000,World Cup qualifier in Liechtenstein,Liechtenstein,Austria,1078,1710,0,1,-2,2,1076,1712,180,34,-1,1,179,35,40,100,-532
7925,Oct 7 2000,World Cup qualifier in Lithuania,Lithuania,Georgia,1445,1514,0,4,-41,41,1404,1555,122,53,-16,11,106,64,40,100,31
7926,Oct 7 2000,World Cup qualifier in Luxembourg,Luxembourg,Slovenia,1181,1659,1,2,-4,4,1177,1663,160,48,0,0,160,48,40,100,-378
7927,Oct 7 2000,African Nations Cup qualifier in Madagascar,Madagascar,Nigeria,1454,1713,0,0,9,-9,1463,1704,84,39,1,-2,85,37,30,0,-259
7928,Oct 7 2000,World Cup qualifier in Moldova,Moldova,Slovakia,1421,1729,0,1,-9,9,1412,1738,105,33,-3,0,102,33,40,100,-208
7929,Oct 7 2000,World Cup qualifier in Northern Ireland,Northern Ireland,Denmark,1517,1828,1,1,11,-11,1528,1817,69,20,2,-1,71,19,30,0,-311
7930,Oct 7 2000,World Cup qualifier in Poland,Poland,Belarus,1765,1411,3,1,4,-4,1769,1407,21,104,2,0,23,104,40,100,454
7931,Oct 7 2000,World Cup qualifier in Portugal,Portugal,Ireland,1989,1790,1,1,-14,14,1975,1804,7,17,-1,3,6,20,40,100,299
7932,Oct 7 2000,World Cup qualifier in San Marino,San Marino,Scotland,941,1751,0,2,-1,1,940,1752,193,32,0,-2,193,30,30,100,-710
7933,Oct 7 2000,Friendly in Jordan,Saudi Arabia,Kazakhstan,1673,1458,1,0,4,-4,1677,1454,45,87,0,-1,45,86,20,0,215
7934,Oct 7 2000,Friendly tournament in South Africa,South Africa,France,1657,2117,0,0,12,-12,1669,2105,42,1,4,0,46,1,30,100,-360
7935,Oct 7 2000,Friendly tournament in the United Arab Emirates,South Korea,Australia,1735,1795,4,2,26,-26,1761,1769,24,24,4,-1,28,23,30,0,-60
7936,Oct 7 2000,World Cup qualifier in Spain,Spain,Israel,1976,1665,2,0,5,-5,1981,1660,4,51,1,-2,5,49,40,100,411
7937,Oct 7 2000,World Cup qualifier in Sweden,Sweden,Turkey,1829,1747,1,1,-10,10,1819,1757,19,28,-1,1,18,29,40,100,182
7938,Oct 7 2000,World Cup qualifier in Switzerland,Switzerland,Faroe Islands,1704,1205,5,1,2,-2,1706,1203,35,155,1,-1,36,154,20,0,499
7939,Oct 7 2000,African Nations Cup qualifier in Tunisia,Tunisia,Gabon,1638,1432,4,2,9,-9,1647,1423,49,100,2,-3,51,97,40,100,306
7940,Oct 7 2000,Friendly tournament in the United Arab Emirates,United Arab Emirates,Kuwait,1510,1636,1,0,16,-16,1526,1620,68,56,5,-1,73,55,30,100,-26
7941,Oct 7 2000,World Cup qualifier in Wales,Wales,Norway,1534,1833,1,1,10,-10,1544,1823,65,19,1,-2,66,17,30,0,-299
7942,Oct 8 2000,African Nations Cup qualifier in Angola,Angola,Algeria,1478,1520,2,2,-3,3,1475,1523,81,73,0,1,81,74,40,100,58
7943,Oct 8 2000,World Cup qualifier in Argentina,Argentina,Uruguay,1965,1764,2,1,6,-6,1971,1758,7,29,0,-1,7,28,40,100,301
7944,Oct 8 2000,World Cup qualifier in Barbados,Barbados,Guatemala,1365,1528,1,3,-25,25,1340,1553,123,61,-4,5,119,66,40,100,-63
7945,Oct 8 2000,World Cup qualifier in Bolivia,Bolivia,Peru,1570,1704,1,0,22,-22,1592,1682,55,51,3,-7,58,44,40,100,-34
7946,Oct 8 2000,World Cup qualifier in Ecuador,Ecuador,Chile,1658,1748,1,0,19,-19,1677,1729,40,35,5,-2,45,33,30,0,-90
7947,Oct 8 2000,African Nations Cup qualifier in Ghana,Ghana,Zimbabwe,1537,1534,4,1,25,-25,1562,1509,60,85,4,-8,64,77,40,100,103
7948,Oct 8 2000,African Nations Cup qualifier in Guinea,Guinea,Senegal,1494,1472,1,0,13,-13,1507,1459,77,88,1,-3,78,85,40,100,122
7949,Oct 8 2000,World Cup qualifier in Honduras,Honduras,Jamaica,1689,1597,1,0,10,-10,1699,1587,35,62,3,-2,38,60,40,100,192
7950,Oct 8 2000,Friendly in Hong Kong,Hong Kong,Singapore,1199,1293,1,0,10,-10,1209,1283,151,137,2,-3,153,134,20,100,6
7951,Oct 8 2000,African Nations Cup qualifier in Mauritius,Mauritius,Congo,1246,1413,1,2,-16,16,1230,1429,148,90,-3,5,145,95,40,100,-67
7952,Oct 8 2000,World Cup qualifier in Mexico,Mexico,Trinidad and Tobago,1844,1668,7,0,15,-15,1859,1653,12,53,1,-3,13,50,40,100,276
7953,Oct 8 2000,African Nations Cup qualifier in Morocco,Morocco,Kenya,1684,1358,1,0,3,-3,1687,1355,42,116,1,0,43,116,20,0,326
7954,Oct 8 2000,African Nations Cup qualifier in Namibia,Namibia,Zambia,1339,1483,1,2,-17,17,1322,1500,127,80,-3,0,124,80,40,100,-44
7955,Oct 8 2000,Friendly in Qatar,Qatar,Thailand,1523,1514,3,1,10,-10,1533,1504,66,81,4,-2,70,79,20,100,109
7956,Oct 8 2000,World Cup qualifier in St Vincent & Grenadines,St Vincent & Grenadines,El Salvador,1271,1403,1,2,-18,18,1253,1421,144,91,-3,8,141,99,40,100,-32
7957,Oct 8 2000,African Nations Cup qualifier in Sudan,Sudan,Egypt,1324,1686,0,1,-7,7,1317,1693,126,37,-1,3,125,40,40,100,-262
7958,Oct 8 2000,African Nations Cup qualifier in Togo,Togo,Uganda,1399,1416,3,0,27,-27,1426,1389,82,127,14,-14,96,113,40,100,83
7959,Oct 8 2000,Friendly in Uzbekistan,Uzbekistan,Turkmenistan,1515,1406,3,0,8,-8,1523,1398,72,113,2,-4,74,109,20,100,209
7960,Oct 8 2000,World Cup qualifier in Venezuela,Venezuela,Brazil,1426,2012,0,6,-5,5,1421,2017,103,3,-4,0,99,3,40,100,-486
7961,Oct 9 2000,World Cup qualifier in Canada,Canada,Panama,1619,1401,1,0,6,-6,1625,1395,54,112,1,-2,55,110,40,100,318
7962,Oct 10 2000,African Nations Cup qualifier in the Dem Rep of the Congo,DR Congo,Lesotho,1472,1184,1,1,-16,16,1456,1200,88,153,-3,3,85,156,40,100,388
7963,Oct 11 2000,World Cup qualifier in Albania,Albania,Greece,1448,1768,2,0,47,-47,1495,1721,74,45,7,-10,81,35,40,100,-220
7964,Oct 11 2000,World Cup qualifier in Austria,Austria,Spain,1712,1981,1,1,9,-9,1721,1972,35,7,0,-1,35,6,40,100,-169
7965,Oct 11 2000,World Cup qualifier in Azerbaijan,Azerbaijan,Turkey,1269,1757,0,1,-4,4,1265,1761,140,23,-1,3,139,26,40,100,-388
7966,Oct 11 2000,World Cup qualifier in Belarus,Belarus,Armenia,1407,1398,2,1,14,-14,1421,1384,93,116,6,-4,99,112,40,100,109
7967,Oct 11 2000,World Cup qualifier in Croatia,Croatia,Scotland,1899,1752,1,1,-12,12,1887,1764,12,20,-1,5,11,25,40,100,247
7968,Oct 11 2000,World Cup qualifier in Denmark,Denmark,Bulgaria,1817,1643,1,1,-13,13,1804,1656,19,49,0,2,19,51,40,100,274
7969,Oct 11 2000,World Cup qualifier in Finland,Finland,England,1587,1863,0,0,9,-9,1596,1854,58,14,1,-1,59,13,40,100,-176
7970,Oct 11 2000,World Cup qualifier in Iceland,Iceland,Northern Ireland,1590,1528,1,0,11,-11,1601,1517,57,78,1,-3,58,75,40,100,162
7971,Oct 11 2000,World Cup qualifier in Ireland,Ireland,Estonia,1804,1355,2,0,2,-2,1806,1353,16,118,2,-1,18,117,20,0,449
7972,Oct 11 2000,World Cup qualifier in Israel,Israel,Bosnia and Herzegovina,1660,1564,3,1,15,-15,1675,1549,45,73,2,-5,47,68,40,100,196
7973,Oct 11 2000,World Cup qualifier in Italy,Italy,Georgia,2007,1555,2,0,2,-2,2009,1553,4,65,0,0,4,65,20,0,452
7974,Oct 11 2000,World Cup qualifier in Lithuania,Lithuania,Hungary,1404,1636,1,6,-25,25,1379,1661,120,44,-7,5,113,49,40,100,-132
7975,Oct 11 2000,World Cup qualifier in Malta,Malta,Czechia,1220,1942,0,0,19,-19,1239,1923,139,8,5,0,144,8,40,0,-722
7976,Oct 11 2000,World Cup qualifier in Moldova,Moldova,Macedonia,1412,1533,0,0,1,-1,1413,1532,103,72,0,-1,103,71,20,100,-21
7977,Oct 11 2000,World Cup qualifier in the Netherlands,Netherlands,Portugal,2031,1975,0,2,-43,43,1988,2018,8,-2,-3,4,5,2,40,100,156
7978,Oct 11 2000,World Cup qualifier in Norway,Norway,Ukraine,1823,1690,0,1,-32,32,1791,1722,23,25,-3,8,20,33,40,100,233
7979,Oct 11 2000,World Cup qualifier in Poland,Poland,Wales,1769,1544,0,0,-15,15,1754,1559,35,60,-6,4,29,64,40,100,325
7980,Oct 11 2000,World Cup qualifier in Russia,Russia,Luxembourg,1832,1177,3,0,1,-1,1833,1176,15,160,0,0,15,160,20,0,655
7981,Oct 11 2000,World Cup qualifier in Slovakia,Slovakia,Sweden,1738,1819,0,0,-1,1,1737,1820,30,16,1,1,31,17,20,100,19
7982,Oct 11 2000,World Cup qualifier in Slovenia,Slovenia,Switzerland,1663,1706,2,2,-3,3,1660,1709,52,38,-2,-1,50,37,40,100,57
7983,Oct 11 2000,World Cup qualifier in the United States,United States,Costa Rica,1799,1611,0,0,-14,14,1785,1625,23,53,-1,2,22,55,40,100,288
7984,Oct 12 2000,Asian Cup in Lebanon,Iraq,Thailand,1644,1504,2,0,23,-23,1667,1481,44,83,5,-2,49,81,50,0,140
7985,Oct 12 2000,Asian Cup in Lebanon,Lebanon,Iran,1391,1743,0,4,-18,18,1373,1761,117,22,-4,4,113,26,50,100,-252
7986,Oct 13 2000,Asian Cup in Lebanon,China,South Korea,1698,1761,2,2,4,-4,1702,1757,38,32,1,-3,39,29,40,0,-63
7987,Oct 13 2000,Asian Cup in Lebanon,Indonesia,Kuwait,1369,1620,0,0,15,-15,1384,1605,108,57,3,0,111,57,50,0,-251
7988,Oct 14 2000,Asian Cup in Lebanon,Japan,Saudi Arabia,1689,1677,4,1,42,-42,1731,1635,22,63,10,-9,32,54,50,0,12
7989,Oct 14 2000,Friendly in Malaysia,Malaysia,Cambodia,1218,921,2,0,3,-3,1221,918,150,197,0,-1,150,196,20,100,397
7990,Oct 14 2000,Asian Cup in Lebanon,Qatar,Uzbekistan,1533,1523,1,1,-1,1,1532,1524,70,73,0,0,70,73,40,0,10
7991,Oct 15 2000,Asian Cup in Lebanon,Iran,Thailand,1761,1481,1,1,-17,17,1744,1498,34,79,-4,1,30,80,50,0,280
7992,Oct 15 2000,Asian Cup in Lebanon,Lebanon,Iraq,1373,1667,2,2,13,-13,1386,1654,108,54,3,-3,111,51,50,100,-194
7993,Oct 16 2000,Asian Cup in Lebanon,China,Indonesia,1702,1384,4,0,13,-13,1715,1371,36,116,2,-2,38,114,50,0,318
7994,Oct 16 2000,Asian Cup in Lebanon,Kuwait,South Korea,1605,1757,1,0,35,-35,1640,1722,51,38,3,-5,54,33,50,0,-152
7995,Oct 17 2000,Asian Cup in Lebanon,Japan,Uzbekistan,1731,1524,8,1,26,-26,1757,1498,25,85,3,-6,28,79,50,0,207
7996,Oct 17 2000,Friendly in Malaysia,Malaysia,Cambodia,1221,918,1,1,-8,8,1213,926,154,194,-2,1,152,195,20,100,403
7997,Oct 17 2000,Asian Cup in Lebanon,Qatar,Saudi Arabia,1532,1635,0,0,7,-7,1539,1628,70,55,0,0,70,55,50,0,-103
7998,Oct 18 2000,Asian Cup in Lebanon,Iran,Iraq,1744,1654,1,0,19,-19,1763,1635,22,57,4,-3,26,54,50,0,90
7999,Oct 18 2000,Asian Cup in Lebanon,Lebanon,Thailand,1386,1498,1,1,1,-1,1387,1497,111,81,0,-1,111,80,30,100,-12
8000,Oct 19 2000,Asian Cup in Lebanon,China,Kuwait,1715,1640,0,0,-5,5,1710,1645,38,53,0,0,38,53,20,100,175
8001,Oct 19 2000,Asian Cup in Lebanon,South Korea,Indonesia,1722,1371,3,0,10,-10,1732,1361,31,114,1,0,32,114,50,0,351
8002,Oct 20 2000,Asian Cup in Lebanon,Japan,Qatar,1757,1539,1,1,-14,14,1743,1553,31,60,-1,5,30,65,40,100,318
8003,Oct 20 2000,Asian Cup in Lebanon,Saudi Arabia,Uzbekistan,1628,1498,5,0,32,-32,1660,1466,43,87,6,-4,49,83,50,0,130
8004,Oct 23 2000,Asian Cup in Lebanon,China,Qatar,1710,1553,3,1,22,-22,1732,1531,28,77,5,-6,33,71,50,0,157
8005,Oct 23 2000,Friendly in Malaysia,Malaysia,Sri Lanka,1213,891,2,0,2,-2,1215,889,148,198,2,0,150,198,20,100,422
8006,Oct 23 2000,Asian Cup in Lebanon,South Korea,Iran,1732,1763,2,1,27,-27,1759,1736,22,38,5,-6,27,32,50,0,-31
8007,Oct 24 2000,Asian Cup in Lebanon,Japan,Iraq,1743,1635,4,1,31,-31,1774,1604,16,59,7,-2,23,57,50,0,108
8008,Oct 24 2000,Asian Cup in Lebanon,Saudi Arabia,Kuwait,1660,1645,3,2,24,-24,1684,1621,39,58,5,-2,44,56,50,0,15
8009,Oct 25 2000,Friendly tournament in Kenya,Kenya,Tanzania,1355,1214,3,0,10,-10,1365,1204,112,157,2,-3,114,154,30,100,241
8010,Oct 25 2000,Friendly in Malaysia,Malaysia,Sri Lanka,1215,889,3,1,2,-2,1217,887,150,198,0,0,150,198,20,100,426
8011,Oct 25 2000,Friendly tournament in Kenya,Uganda,Ghana,1389,1562,2,1,22,-22,1411,1540,100,75,5,-6,105,69,30,0,-173
8012,Oct 25 2000,Friendly in the United States,United States,Mexico,1785,1859,2,0,14,-14,1799,1845,18,16,2,-2,20,14,20,100,26
8013,Oct 26 2000,Asian Cup in Lebanon,Japan,China,1774,1732,3,2,22,-22,1796,1710,19,45,2,-6,21,39,50,0,42
8014,Oct 26 2000,Asian Cup in Lebanon,Saudi Arabia,South Korea,1684,1759,2,1,30,-30,1714,1729,32,36,6,-4,38,32,50,0,-75
8015,Oct 28 2000,Friendly tournament in Kenya,Kenya,Uganda,1365,1411,1,1,-2,2,1363,1413,114,101,0,2,114,103,20,100,54
8016,Oct 28 2000,COMESA Cup in Zambia,Rwanda,Eritrea,1236,1205,1,0,14,-14,1250,1191,139,165,3,-6,142,159,30,0,31
8017,Oct 28 2000,Friendly in Singapore,Singapore,Sri Lanka,1283,887,4,0,2,-2,1285,885,132,198,1,0,133,198,20,100,496
8018,Oct 28 2000,Friendly tournament in Kenya,Tanzania,Ghana,1204,1540,3,2,26,-26,1230,1514,138,79,8,-5,146,74,30,0,-336
8019,Oct 29 2000,Asian Cup in Lebanon,Japan,Saudi Arabia,1796,1714,1,0,19,-19,1815,1695,15,44,3,-3,18,41,50,0,82
8020,Oct 29 2000,Friendly in Oman,Oman,Yemen,1284,1199,4,0,10,-10,1294,1189,128,162,3,-3,131,159,20,100,185
8021,Oct 29 2000,Asian Cup in Lebanon,South Korea,China,1729,1710,1,0,24,-24,1753,1686,28,49,2,-5,30,44,50,0,19
8022,Oct 29 2000,COMESA Cup in Zambia,Zambia,Rwanda,1500,1250,0,2,-40,40,1460,1290,90,124,-6,9,84,133,30,100,350
8023,Oct 30 2000,COMESA Cup in Zambia,Rwanda,Zimbabwe,1290,1509,1,0,23,-23,1313,1486,119,82,7,-3,126,79,30,0,-219
8024,Oct 31 2000,Friendly in Oman,Oman,Yemen,1294,1189,4,0,9,-9,1303,1180,128,159,2,0,130,159,20,100,205
8025,Nov 1 2000,Friendly in Singapore,Singapore,Indonesia,1285,1361,1,0,9,-9,1294,1352,131,119,2,-2,133,117,20,100,24
8026,Nov 5 2000,Southeast Asian Champ in Thailand,Malaysia,Vietnam,1217,1269,0,0,3,-3,1220,1266,151,139,0,0,151,139,40,0,-52
8027,Nov 5 2000,Southeast Asian Champ in Thailand,Singapore,Cambodia,1294,926,1,0,4,-4,1298,922,133,195,0,0,133,195,40,0,368
8028,Nov 6 2000,Southeast Asian Champ in Thailand,Indonesia,Philippines,1352,726,3,0,2,-2,1354,724,115,211,1,0,116,211,40,0,626
8029,Nov 6 2000,Southeast Asian Champ in Thailand,Thailand,Myanmar,1497,1121,3,1,4,-4,1501,1117,77,171,0,0,77,171,40,100,476
8030,Nov 7 2000,Southeast Asian Champ in Thailand,Malaysia,Laos,1220,964,5,0,15,-15,1235,949,141,192,5,0,146,192,40,0,256
8031,Nov 7 2000,Southeast Asian Champ in Thailand,Vietnam,Cambodia,1266,922,6,0,10,-10,1276,912,137,199,1,-2,138,197,40,0,344
8032,Nov 8 2000,Southeast Asian Champ in Thailand,Myanmar,Philippines,1117,724,3,0,7,-7,1124,717,171,211,0,0,171,211,40,0,393
8033,Nov 9 2000,Southeast Asian Champ in Thailand,Malaysia,Cambodia,1235,912,3,2,5,-5,1240,907,144,197,1,0,145,197,40,0,323
8034,Nov 9 2000,Southeast Asian Champ in Thailand,Singapore,Laos,1298,949,3,0,8,-8,1306,941,125,192,4,0,129,192,40,0,349
8035,Nov 10 2000,Southeast Asian Champ in Thailand,Thailand,Indonesia,1501,1354,4,1,14,-14,1515,1340,71,120,3,-2,74,118,40,100,247
8036,Nov 11 2000,Southeast Asian Champ in Thailand,Cambodia,Laos,907,941,3,0,38,-38,945,903,187,202,5,-5,192,197,40,0,-34
8037,Nov 11 2000,Southeast Asian Champ in Thailand,Vietnam,Singapore,1276,1306,1,0,22,-22,1298,1284,128,143,5,-7,133,136,40,0,-30
8038,Nov 12 2000,Southeast Asian Champ in Thailand,Indonesia,Myanmar,1340,1124,5,0,18,-18,1358,1106,112,175,3,-2,115,173,40,0,216
8039,Nov 12 2000,Southeast Asian Champ in Thailand,Thailand,Philippines,1515,717,2,0,0,0,1515,717,74,211,0,0,74,211,20,0,798
8040,Nov 12 2000,Friendly in the United Arab Emirates,United Arab Emirates,Hong Kong,1526,1209,1,1,-8,8,1518,1217,73,151,-1,1,72,152,20,100,417
8041,Nov 13 2000,Southeast Asian Champ in Thailand,Malaysia,Singapore,1240,1284,1,0,23,-23,1263,1261,137,148,4,-6,141,142,40,0,-44
8042,Nov 13 2000,Southeast Asian Champ in Thailand,Vietnam,Laos,1298,903,5,0,7,-7,1305,896,125,197,4,0,129,197,40,0,395
8043,Nov 14 2000,Friendly in Algeria,Algeria,Bulgaria,1523,1656,1,2,-9,9,1514,1665,77,47,-3,2,74,49,20,100,-33
8044,Nov 15 2000,Friendly in Albania,Albania,Malta,1495,1239,3,0,4,-4,1499,1235,78,146,0,0,78,146,20,100,356
8045,Nov 15 2000,World Cup qualifier in Barbados,Barbados,United States,1340,1799,0,4,-8,8,1332,1807,123,21,-2,0,121,21,40,100,-359
8046,Nov 15 2000,World Cup qualifier in Bolivia,Bolivia,Uruguay,1592,1758,0,0,4,-4,1596,1754,58,28,1,0,59,28,20,0,-166
8047,Nov 15 2000,World Cup qualifier in Brazil,Brazil,Colombia,2017,1767,1,0,5,-5,2022,1762,1,25,1,0,2,25,40,100,350
8048,Nov 15 2000,World Cup qualifier in Canada,Canada,Mexico,1625,1845,0,0,7,-7,1632,1838,54,14,0,0,54,14,40,100,-120
8049,Nov 15 2000,World Cup qualifier in Chile,Chile,Argentina,1729,1971,0,2,-18,18,1711,1989,39,5,-3,1,36,6,40,100,-142
8050,Nov 15 2000,World Cup qualifier in Cyprus,Cyprus,Andorra,1553,1054,5,0,2,-2,1555,1052,64,183,0,0,64,183,20,0,499
8051,Nov 15 2000,Friendly in Denmark,Denmark,Germany,1804,1893,2,1,10,-10,1814,1883,18,12,1,-1,19,11,20,100,11
8052,Nov 15 2000,World Cup qualifier in El Salvador,El Salvador,Jamaica,1421,1587,2,0,36,-36,1457,1551,73,71,13,-5,86,66,40,100,-66
8053,Nov 15 2000,Friendly in Estonia,Estonia,Kyrgyzstan,1353,1172,1,0,3,-3,1356,1169,117,162,0,0,117,162,20,100,281
8054,Nov 15 2000,Friendly in Greece,Greece,Slovakia,1721,1737,0,2,-19,19,1702,1756,44,23,-4,4,40,27,20,100,84
8055,Nov 15 2000,World Cup qualifier in Guatemala,Guatemala,Costa Rica,1553,1625,2,1,18,-18,1571,1607,58,58,3,-2,61,56,30,0,-72
8056,Nov 15 2000,Friendly in Ireland,Ireland,Finland,1806,1596,3,0,5,-5,1811,1591,21,61,-1,-1,20,60,20,100,310
8057,Nov 15 2000,Friendly in Italy,Italy,England,2009,1854,1,0,4,-4,2013,1850,4,14,0,-1,4,13,20,100,255
8058,Nov 15 2000,Friendly in Macedonia,Macedonia,Hungary,1532,1661,0,1,-9,9,1523,1670,71,44,-1,3,70,47,20,100,-29
8059,Nov 15 2000,World Cup qualifier in Paraguay,Paraguay,Peru,1853,1682,5,1,13,-13,1866,1669,11,51,1,-3,12,48,40,100,271
8060,Nov 15 2000,Friendly in Poland,Poland,Iceland,1754,1601,1,0,4,-4,1758,1597,23,58,3,0,26,58,20,100,253
8061,Nov 15 2000,Friendly in Portugal,Portugal,Israel,2018,1675,2,1,1,-1,2019,1674,4,45,-1,1,3,46,20,100,443
8062,Nov 15 2000,Friendly in Romania,Romania,Yugoslavia,1826,1909,2,1,10,-10,1836,1899,14,9,1,0,15,9,20,100,17
8063,Nov 15 2000,World Cup qualifier in San Marino,San Marino,Latvia,940,1413,0,1,-4,4,936,1417,193,101,0,1,193,102,40,100,-373
8064,Nov 15 2000,Friendly in Scotland,Scotland,Australia,1764,1769,0,2,-19,19,1745,1788,36,22,-5,1,31,23,20,100,95
8065,Nov 15 2000,Friendly in Spain,Spain,Netherlands,1972,1988,1,2,-12,12,1960,2000,8,5,-1,0,7,5,20,100,84
8066,Nov 15 2000,World Cup qualifier in St Vincent & Grenadines,St Vincent & Grenadines,Honduras,1253,1699,0,7,-11,11,1242,1710,147,34,-2,3,145,37,40,100,-346
8067,Nov 15 2000,World Cup qualifier in Trinidad and Tobago,Trinidad and Tobago,Panama,1653,1395,1,0,5,-5,1658,1390,52,109,0,0,52,109,40,100,358
8068,Nov 15 2000,Friendly in Tunisia,Tunisia,Switzerland,1647,1709,1,1,-1,1,1646,1710,53,36,0,1,53,37,20,100,38
8069,Nov 15 2000,Friendly in Turkey,Turkey,France,1761,2105,0,4,-7,7,1754,2112,29,1,-1,0,28,1,20,100,-244
8070,Nov 15 2000,World Cup qualifier in Venezuela,Venezuela,Ecuador,1421,1677,1,2,-12,12,1409,1689,111,40,-6,3,105,43,40,100,-156
8071,Nov 16 2000,Southeast Asian Champ in Thailand,Indonesia,Vietnam,1358,1305,3,2,17,-17,1375,1288,113,141,1,-6,114,135,40,0,53
8072,Nov 16 2000,Southeast Asian Champ in Thailand,Thailand,Malaysia,1515,1263,2,0,7,-7,1522,1256,69,143,2,-1,71,142,40,100,352
8073,Nov 18 2000,Southeast Asian Champ in Thailand,Malaysia,Vietnam,1256,1288,3,0,38,-38,1294,1250,124,149,9,-7,133,142,40,0,-32
8074,Nov 18 2000,Southeast Asian Champ in Thailand,Thailand,Indonesia,1522,1375,4,1,14,-14,1536,1361,67,116,2,-1,69,115,40,100,247
8075,Nov 18 2000,CECAFA Cup in Uganda,Uganda,Ethiopia,1413,1330,2,2,-10,10,1403,1340,109,116,-3,3,106,119,40,100,183
8076,Nov 19 2000,CECAFA Cup in Uganda,Djibouti,Somalia,885,1110,0,0,11,-11,896,1099,196,178,1,-3,197,175,40,0,-225
8077,Nov 19 2000,African Nations Cup qualifier in Ivory Coast,Ivory Coast,Libya,1568,1438,2,1,8,-8,1576,1430,60,95,1,-1,61,94,40,100,230
8078,Nov 20 2000,CECAFA Cup in Uganda,Eritrea,Kenya,1191,1363,0,0,9,-9,1200,1354,152,120,3,-3,155,117,40,0,-172
8079,Nov 20 2000,CECAFA Cup in Uganda,Uganda,Burundi,1403,1402,2,1,14,-14,1417,1388,98,113,4,-3,102,110,40,100,101
8080,Nov 21 2000,CECAFA Cup in Uganda,Ethiopia,Somalia,1340,1099,2,1,8,-8,1348,1091,117,177,1,-1,118,176,40,0,241
8081,Nov 21 2000,Friendly in Oman,Oman,Bahrain,1303,1324,2,1,8,-8,1311,1316,124,127,3,-2,127,125,20,100,79
8082,Nov 22 2000,Friendly in Morocco,Morocco,Libya,1687,1430,0,0,-8,8,1679,1438,46,92,-1,1,45,93,20,100,357
8083,Nov 22 2000,CECAFA Cup in Uganda,Rwanda,Kenya,1313,1354,2,1,22,-22,1335,1332,114,127,6,-5,120,122,40,0,-41
8084,Nov 23 2000,CECAFA Cup in Uganda,Burundi,Djibouti,1388,896,4,2,3,-3,1391,893,106,199,2,-1,108,198,30,0,492
8085,Nov 23 2000,CECAFA Cup in Uganda,Uganda,Somalia,1417,1091,6,0,7,-7,1424,1084,94,176,4,0,98,176,40,100,426
8086,Nov 24 2000,World Cup qualifier in Iran,Iran,Guam,1736,661,19,0,0,0,1736,661,32,217,0,0,32,217,20,0,1075
8087,Nov 25 2000,CECAFA Cup in Uganda,Eritrea,Rwanda,1200,1335,1,1,7,-7,1207,1328,153,126,1,-3,154,123,40,0,-135
8088,Nov 25 2000,CECAFA Cup in Uganda,Ethiopia,Djibouti,1348,893,4,2,4,-4,1352,889,117,198,0,0,117,198,40,0,455
8089,Nov 26 2000,CECAFA Cup in Uganda,Burundi,Somalia,1391,1084,3,0,10,-10,1401,1074,106,186,1,-5,107,181,40,0,307
8090,Nov 26 2000,World Cup qualifier in Iran,Tajikistan,Guam,1441,661,16,0,1,-1,1442,660,91,217,0,0,91,217,20,0,780
8091,Nov 27 2000,CECAFA Cup in Uganda,Ethiopia,Burundi,1352,1401,1,0,23,-23,1375,1378,111,119,3,-6,114,113,40,0,-49
8092,Nov 27 2000,CECAFA Cup in Uganda,Uganda,Djibouti,1424,889,7,0,2,-2,1426,887,96,198,1,0,97,198,20,0,535
8093,Nov 28 2000,World Cup qualifier in Iran,Iran,Tajikistan,1736,1442,2,0,6,-6,1742,1436,32,95,0,-2,32,93,40,100,394
8094,Nov 29 2000,CECAFA Cup in Uganda,Uganda,Rwanda,1426,1328,3,1,15,-15,1441,1313,85,129,6,-3,91,126,40,100,198
8095,Dec 2 2000,CECAFA Cup in Uganda,Ethiopia,Rwanda,1375,1313,1,1,-4,4,1371,1317,114,122,0,2,114,124,20,100,162
8096,Dec 5 2000,Friendly in Algeria,Algeria,Romania,1514,1836,3,2,16,-16,1530,1820,68,17,3,-1,71,16,20,100,-222
8097,Dec 8 2000,Friendly in Algeria,Algeria,Romania,1530,1820,2,3,-5,5,1525,1825,71,16,0,0,71,16,20,100,-190
8098,Dec 10 2000,Friendly in Hong Kong,Hong Kong,Estonia,1217,1356,1,2,-9,9,1208,1365,154,113,-1,2,153,115,20,100,-39
8099,Dec 10 2000,Friendly in the United Arab Emirates,United Arab Emirates,Kazakhstan,1518,1454,5,2,10,-10,1528,1444,69,92,2,-2,71,90,20,100,164
8100,Dec 13 2000,Friendly in Greece,Greece,Yugoslavia,1702,1899,1,1,3,-3,1705,1896,38,9,1,0,39,9,20,100,-97
8101,Dec 16 2000,African Nations Cup qualifier in South Africa,South Africa,Liberia,1669,1432,2,1,5,-5,1674,1427,44,99,2,-2,46,97,40,100,337
8102,Dec 20 2000,Friendly tournament in the United States,Argentina,Mexico,1989,1838,2,0,13,-13,2002,1825,4,16,1,-1,5,15,30,0,151
8103,Dec 20 2000,Friendly in Japan,Japan,South Korea,1815,1753,1,1,-4,4,1811,1757,20,24,-1,3,19,27,20,100,162
8104,Jan 4 2001,Friendly in Kenya,Kenya,Zambia,1332,1460,2,1,11,-11,1343,1449,117,92,2,-4,119,88,20,100,-28
8105,Jan 6 2001,World Cup qualifier in the United States,Costa Rica,Guatemala,1607,1571,5,2,31,-31,1638,1540,52,74,2,-6,54,68,40,0,36
8106,Jan 6 2001,Friendly in Egypt,Egypt,United Arab Emirates,1693,1528,2,1,4,-4,1697,1524,40,73,1,-1,41,72,20,100,265
8107,Jan 6 2001,Friendly tournament in Swaziland,Namibia,Lesotho,1322,1200,1,0,10,-10,1332,1190,121,162,1,-3,122,159,30,0,122
8108,Jan 6 2001,Friendly in Qatar,Qatar,Jordan,1531,1440,3,1,7,-7,1538,1433,68,96,1,-2,69,94,20,100,191
8109,Jan 6 2001,Friendly tournament in Swaziland,Swaziland,Angola,1175,1475,1,0,23,-23,1198,1452,151,92,5,-6,156,86,30,100,-200
8110,Jan 7 2001,Friendly tournament in Swaziland,Angola,Lesotho,1452,1190,2,0,8,-8,1460,1182,80,159,3,0,83,159,30,0,262
8111,Jan 7 2001,Friendly tournament in Swaziland,Swaziland,Namibia,1198,1332,2,1,16,-16,1214,1316,148,128,4,-3,152,125,30,100,-34
8112,Jan 7 2001,Friendly in Togo,Togo,Burkina Faso,1426,1424,1,1,-3,3,1423,1427,100,95,-1,2,99,97,20,100,102
8113,Jan 9 2001,Friendly in Egypt,Egypt,Zambia,1697,1449,3,1,4,-4,1701,1445,41,90,0,-1,41,89,20,100,348
8114,Jan 9 2001,Friendly in Swaziland,Swaziland,Lesotho,1214,1182,2,2,-4,4,1210,1186,154,159,-1,0,153,159,20,100,132
8115,Jan 12 2001,African Nations Cup qualifier in Algeria,Algeria,Burundi,1525,1378,2,1,8,-8,1533,1370,71,115,0,-1,71,114,40,100,247
8116,Jan 12 2001,Millenium Cup in India,Bosnia and Herzegovina,Bangladesh,1549,1011,2,0,2,-2,1551,1009,64,187,1,0,65,187,30,0,538
8117,Jan 12 2001,Friendly in Qatar,Qatar,Kuwait,1538,1621,1,0,10,-10,1548,1611,65,56,2,0,67,56,20,100,17
8118,Jan 13 2001,African Nations Cup qualifier in Burkina Faso,Burkina Faso,Angola,1427,1460,1,0,16,-16,1443,1444,83,93,7,-5,90,88,30,0,-33
8119,Jan 13 2001,Millenium Cup in India,India,Iceland,1083,1597,0,3,-4,4,1079,1601,176,58,0,0,176,58,30,100,-414
8120,Jan 13 2001,African Nations Cup qualifier in Kenya,Kenya,Gabon,1343,1423,2,1,19,-19,1362,1404,113,113,3,-7,116,106,40,100,20
8121,Jan 13 2001,African Nations Cup qualifier in Mauritius,Mauritius,South Africa,1230,1674,1,1,15,-15,1245,1659,139,56,4,-5,143,51,40,100,-344
8122,Jan 13 2001,African Nations Cup qualifier in Namibia,Namibia,Madagascar,1316,1463,2,2,3,-3,1319,1460,121,84,2,-1,123,83,40,100,-47
8123,Jan 13 2001,African Nations Cup qualifier in Nigeria,Nigeria,Zambia,1704,1445,1,0,4,-4,1708,1441,38,93,1,-2,39,91,20,0,259
8124,Jan 13 2001,African Nations Cup qualifier in Tunisia,Tunisia,Morocco,1646,1679,0,1,-24,24,1622,1703,57,37,-2,4,55,41,40,100,67
8125,Jan 13 2001,African Nations Cup qualifier in Uganda,Uganda,Senegal,1441,1459,1,1,-5,5,1436,1464,95,80,-2,2,93,82,40,100,82
8126,Jan 14 2001,African Nations Cup qualifier in the Dem Rep of the Congo,DR Congo,Ghana,1456,1514,2,1,18,-18,1474,1496,73,81,6,-3,79,78,40,100,42
8127,Jan 14 2001,African Nations Cup qualifier in Egypt,Egypt,Libya,1701,1438,4,0,8,-8,1709,1430,36,102,3,-5,39,97,40,100,363
8128,Jan 14 2001,African Nations Cup qualifier in Guinea,Guinea,Togo,1507,1423,0,0,-10,10,1497,1433,77,91,0,4,77,95,40,100,184
8129,Jan 14 2001,African Nations Cup qualifier in Liberia,Liberia,Congo,1427,1429,5,1,27,-27,1454,1402,72,115,13,-9,85,106,40,100,98
8130,Jan 14 2001,African Nations Cup qualifier in Zimbabwe,Zimbabwe,Lesotho,1486,1186,1,2,-36,36,1450,1222,95,145,-8,7,87,152,40,100,400
8131,Jan 16 2001,Millenium Cup in India,Jordan,Hong Kong,1433,1208,2,0,10,-10,1443,1198,87,159,4,-2,91,157,30,0,225
8132,Jan 17 2001,Friendly tournament in Iran,China,Egypt,1686,1709,0,0,1,-1,1687,1708,45,39,0,0,45,39,20,0,-23
8133,Jan 17 2001,Friendly in Israel,Israel,Uzbekistan,1674,1466,2,0,4,-4,1678,1462,46,83,0,-1,46,82,20,100,308
8134,Jan 17 2001,Friendly in Qatar,Kuwait,Syria,1611,1511,2,0,11,-11,1622,1500,54,75,1,0,55,75,20,0,100
8135,Jan 19 2001,Friendly tournament in Iran,Iran,China,1742,1687,4,0,16,-16,1758,1671,20,47,6,-1,26,46,20,0,55
8136,Jan 20 2001,African Nations Cup qualifier in Ivory Coast,Ivory Coast,Sudan,1576,1317,2,0,7,-7,1583,1310,61,130,0,-3,61,127,40,100,359
8137,Jan 20 2001,Friendly in Mali,Mali,Guinea,1418,1497,0,1,-11,11,1407,1508,108,73,-4,2,104,75,20,100,21
8138,Jan 21 2001,Friendly in Madagascar,Madagascar,Mayotte,1460,1214,1,0,2,-2,1462,1212,81,153,1,0,82,153,20,100,346
8139,Jan 21 2001,Leeward Islands Champ in the US Virgin Islands,Saint Kitts,Antigua and Barbuda,1228,1163,2,0,18,-18,1246,1145,137,168,6,-2,143,166,30,0,65
8140,Jan 23 2001,Friendly in Burkina Faso,Burkina Faso,Mali,1443,1407,0,2,-21,21,1422,1428,107,92,-8,6,99,98,20,100,136
8141,Jan 23 2001,Friendly in Egypt,Egypt,North Korea,1708,1446,1,0,2,-2,1710,1444,35,88,2,0,37,88,20,100,362
8142,Jan 23 2001,Friendly in Thailand,Thailand,Kuwait,1536,1622,5,4,10,-10,1546,1612,66,57,2,-1,68,56,20,100,14
8143,Jan 24 2001,Friendly in Mexico,Mexico,Bulgaria,1825,1665,0,2,-25,25,1800,1690,29,39,-7,5,22,44,20,100,260
8144,Jan 24 2001,Friendly tournament in Hong Kong,Norway,South Korea,1791,1757,3,2,14,-14,1805,1743,20,36,1,-4,21,32,30,0,34
8145,Jan 25 2001,Friendly in Benin,Benin,Cameroon,1245,1722,1,3,-3,3,1242,1725,148,33,-2,0,146,33,20,100,-377
8146,Jan 26 2001,World Cup qualifier in Algeria,Algeria,Namibia,1533,1319,1,0,6,-6,1539,1313,71,127,0,-2,71,125,40,100,314
8147,Jan 27 2001,Friendly tournament in Botswana,Botswana,Swaziland,1098,1210,1,2,-14,14,1084,1224,175,148,0,3,175,151,30,100,-12
8148,Jan 27 2001,Friendly in Grenada,Grenada,Trinidad and Tobago,1299,1658,1,2,-4,4,1295,1662,133,50,-1,1,132,51,20,100,-259
8149,Jan 27 2001,Friendly in the United States,Jamaica,Bolivia,1551,1596,3,0,20,-20,1571,1576,57,61,4,-1,61,60,20,0,-45
8150,Jan 27 2001,World Cup qualifier in Madagascar,Madagascar,Ivory Coast,1462,1583,1,0,21,-21,1483,1562,76,63,3,-1,79,62,40,100,-21
8151,Jan 27 2001,World Cup qualifier in Nigeria,Nigeria,Sudan,1708,1310,3,0,4,-4,1712,1306,32,131,4,-2,36,129,40,100,498
8152,Jan 27 2001,Friendly tournament in Hong Kong,Paraguay,South Korea,1866,1743,1,1,-5,5,1861,1748,12,30,0,1,12,31,30,0,123
8153,Jan 27 2001,Friendly in Singapore,Singapore,Thailand,1261,1546,1,1,5,-5,1266,1541,137,68,2,0,139,68,20,100,-185
8154,Jan 27 2001,World Cup qualifier in South Africa,South Africa,Burkina Faso,1659,1422,1,0,5,-5,1664,1417,49,101,1,-1,50,100,40,100,337
8155,Jan 27 2001,Friendly in the United States,United States,China,1807,1671,2,1,4,-4,1811,1667,16,51,2,-2,18,49,20,100,236
8156,Jan 28 2001,World Cup qualifier in Angola,Angola,Libya,1444,1430,3,1,20,-20,1464,1410,74,108,7,-6,81,102,40,100,114
8157,Jan 28 2001,Friendly in Antigua and Barbuda,Antigua and Barbuda,British Virgin Islands,1145,838,1,1,-8,8,1137,846,168,205,-1,0,167,205,20,100,407
8158,Jan 28 2001,Friendly tournament in Botswana,Botswana,Lesotho,1084,1222,2,1,17,-17,1101,1205,175,157,0,-2,175,155,30,100,-38
8159,Jan 28 2001,World Cup qualifier in Congo,Congo,Tunisia,1402,1622,1,2,-13,13,1389,1635,112,53,-3,1,109,54,40,100,-120
8160,Jan 28 2001,World Cup qualifier in Egypt,Egypt,Morocco,1710,1703,0,0,-6,6,1704,1709,46,38,-4,2,42,40,40,100,107
8161,Jan 28 2001,World Cup qualifier in Ghana,Ghana,Liberia,1496,1454,1,3,-42,42,1454,1496,92,69,-7,8,85,77,40,100,142
8162,Jan 28 2001,World Cup qualifier in Guinea,Guinea,Malawi,1508,1265,1,1,-15,15,1493,1280,81,134,-3,3,78,137,40,100,343
8163,Jan 28 2001,Friendly in Jamaica,Jamaica,Bulgaria,1571,1690,0,0,1,-1,1572,1689,63,44,-1,0,62,44,20,100,-19
8164,Jan 28 2001,Friendly in Jordan,Jordan,North Korea,1443,1444,1,0,7,-7,1450,1437,85,96,3,-4,88,92,20,100,99
8165,Jan 28 2001,World Cup qualifier in Madagascar,Madagascar,Ivory Coast,1483,1562,1,3,-32,32,1451,1594,93,56,-7,3,86,59,40,100,21
8166,Jan 28 2001,World Cup qualifier in Togo,Togo,Cameroon,1433,1725,0,2,-15,15,1418,1740,101,33,-3,0,98,33,40,100,-192
8167,Jan 29 2001,Friendly in Grenada,Grenada,Trinidad and Tobago,1295,1662,0,2,-5,5,1290,1667,136,47,-2,2,134,49,20,100,-267
8168,Jan 30 2001,Friendly in Jordan,Jordan,North Korea,1450,1437,0,2,-20,20,1430,1457,100,76,-6,8,94,84,20,100,113
8169,Jan 30 2001,Friendly in Saudi Arabia,Saudi Arabia,Syria,1695,1500,1,0,3,-3,1698,1497,43,77,0,-1,43,76,20,100,295
8170,Jan 30 2001,Friendly in Thailand,Thailand,Kyrgyzstan,1541,1169,3,1,2,-2,1543,1167,68,162,0,0,68,162,20,100,472
8171,Jan 31 2001,Friendly in the United States,Colombia,Mexico,1762,1800,3,2,11,-11,1773,1789,25,22,0,0,25,22,20,0,-38
8172,Jan 31 2001,Friendly in Lebanon,Lebanon,Iraq,1387,1604,0,0,3,-3,1390,1601,104,57,3,0,107,57,20,100,-117
8173,Jan 31 2001,Nordic Championship in Sweden,Sweden,Faroe Islands,1820,1203,0,0,-15,15,1805,1218,24,150,-4,3,20,153,30,100,717
8174,Feb 1 2001,Nordic Championship in Sweden,Sweden,Finland,1805,1591,0,1,-26,26,1779,1617,28,52,-4,4,24,56,30,100,314
8175,Feb 3 2001,World Cup qualifier in Singapore,Kuwait,Bahrain,1612,1316,2,1,6,-6,1618,1310,55,128,1,-2,56,126,40,0,296
8176,Feb 3 2001,CONCACAF Ch & Car Cup q in Puerto Rico,Puerto Rico,British Virgin Islands,914,846,1,2,-29,29,885,875,200,195,-2,5,198,200,40,100,168
8177,Feb 3 2001,Friendly in Saudi Arabia,Saudi Arabia,Uganda,1698,1436,3,1,3,-3,1701,1433,43,94,0,-1,43,93,20,100,362
8178,Feb 3 2001,World Cup qualifier in Singapore,Singapore,Kyrgyzstan,1266,1167,0,1,-30,30,1236,1197,154,154,-7,4,147,158,40,100,199
8179,Feb 3 2001,Friendly in the United States,United States,Colombia,1811,1773,0,1,-14,14,1797,1787,23,21,-3,2,20,23,20,100,138
8180,Feb 4 2001,Friendly in Senegal,Senegal,Mali,1464,1428,1,0,6,-6,1470,1422,81,96,0,0,81,96,20,100,136
8181,Feb 5 2001,Friendly in Fiji,Fiji,Malaysia,1430,1294,4,1,7,-7,1437,1287,90,138,2,-3,92,135,20,100,236
8182,Feb 6 2001,World Cup qualifier in Singapore,Bahrain,Kyrgyzstan,1310,1197,1,0,14,-14,1324,1183,120,162,3,-2,123,160,40,0,113
8183,Feb 6 2001,World Cup qualifier in Singapore,Singapore,Kuwait,1236,1618,1,1,13,-13,1249,1605,137,58,5,-1,142,57,40,100,-282
8184,Feb 6 2001,CONCACAF Ch & Car Cup q in Sint Maarten,Saint Martin,Montserrat,1102,585,3,1,3,-3,1105,582,172,222,1,0,173,222,40,0,517
8185,Feb 7 2001,Friendly in Fiji,Fiji,Malaysia,1437,1287,2,0,6,-6,1443,1281,90,137,1,-1,91,136,20,100,250
8186,Feb 8 2001,CONCACAF Ch & Car Cup q in Saint Martin,Anguilla,Montserrat,496,582,4,1,43,-43,539,539,222,224,1,-1,223,223,40,0,-86
8187,Feb 8 2001,World Cup qualifier in Saudi Arabia,Bangladesh,Vietnam,1009,1250,0,0,12,-12,1021,1238,187,153,0,-6,187,147,40,0,-241
8188,Feb 8 2001,Friendly tournament in the United Arab Emirates,Morocco,South Korea,1709,1748,1,1,2,-2,1711,1746,34,31,3,0,37,31,30,0,-39
8189,Feb 8 2001,World Cup qualifier in Saudi Arabia,Saudi Arabia,Mongolia,1701,862,6,0,0,0,1701,862,43,202,0,0,43,202,20,0,839
8190,Feb 9 2001,Friendly in Fiji,Fiji,Malaysia,1443,1281,1,2,-16,16,1427,1297,99,128,-4,4,95,132,20,100,262
8191,Feb 9 2001,World Cup qualifier in Singapore,Kuwait,Kyrgyzstan,1605,1183,3,0,6,-6,1611,1177,57,162,0,-1,57,161,40,0,422
8192,Feb 9 2001,World Cup qualifier in Singapore,Singapore,Bahrain,1249,1324,1,2,-21,21,1228,1345,157,117,-8,3,149,120,40,100,25
8193,Feb 10 2001,King's Cup in Thailand,China,Qatar,1667,1548,1,1,-5,5,1662,1553,53,63,-2,2,51,65,30,0,119
8194,Feb 10 2001,World Cup qualifier in Saudi Arabia,Saudi Arabia,Bangladesh,1701,1021,3,0,1,-1,1702,1020,43,187,0,0,43,187,20,0,680
8195,Feb 10 2001,CONCACAF Ch & Car Cup q in Saint Martin,Saint Martin,Anguilla,1105,539,3,1,1,-1,1106,538,171,225,1,-1,172,224,20,0,566
8196,Feb 10 2001,King's Cup in Thailand,Thailand,Sweden,1543,1779,1,4,-16,16,1527,1795,74,17,-3,4,71,21,30,100,-136
8197,Feb 10 2001,World Cup qualifier in Saudi Arabia,Vietnam,Mongolia,1238,862,1,0,4,-4,1242,858,142,204,2,-1,144,203,40,0,376
8198,Feb 11 2001,CONCACAF Ch & Car Cup q in the British Virgin Islands,British Virgin Islands,Puerto Rico,875,885,0,0,-5,5,870,890,202,196,-1,1,201,197,40,100,90
8199,Feb 11 2001,COSAFA Cup in Swaziland,Swaziland,Zambia,1224,1441,0,0,6,-6,1230,1435,145,93,3,-1,148,92,20,0,-217
8200,Feb 11 2001,Friendly tournament in the United Arab Emirates,United Arab Emirates,South Korea,1524,1746,1,4,-17,17,1507,1763,76,21,-2,5,74,26,30,100,-122
8201,Feb 12 2001,Friendly tournament in Bulgaria,Armenia,Uzbekistan,1384,1462,2,0,27,-27,1411,1435,93,99,9,-8,102,91,30,0,-78
8202,Feb 12 2001,World Cup qualifier in Saudi Arabia,Bangladesh,Mongolia,1020,858,3,0,20,-20,1040,838,181,207,3,-2,184,205,40,0,162
8203,Feb 12 2001,King's Cup in Thailand,China,Sweden,1662,1795,2,2,5,-5,1667,1790,47,21,2,0,49,21,30,0,-133
8204,Feb 12 2001,World Cup qualifier in Saudi Arabia,Saudi Arabia,Vietnam,1702,1242,5,0,3,-3,1705,1239,39,148,2,-2,41,146,20,0,460
8205,Feb 12 2001,King's Cup in Thailand,Thailand,Qatar,1527,1553,1,3,-27,27,1500,1580,77,57,-3,4,74,61,30,100,74
8206,Feb 14 2001,Friendly in Georgia,Georgia,Ukraine,1553,1722,0,0,2,-2,1555,1720,64,36,1,-1,65,35,20,100,-69
8207,Feb 14 2001,Friendly in Israel,Israel,Moldova,1678,1413,1,0,2,-2,1680,1411,48,101,-1,0,47,101,20,100,365
8208,Feb 14 2001,King's Cup in Thailand,Qatar,Sweden,1580,1790,0,0,8,-8,1588,1782,61,29,0,-4,61,25,30,0,-210
8209,Feb 14 2001,King's Cup in Thailand,Thailand,China,1500,1667,1,5,-23,23,1477,1690,82,39,-4,5,78,44,30,100,-67
8210,Feb 14 2001,Friendly tournament in the United Arab Emirates,United Arab Emirates,Morocco,1507,1711,1,1,4,-4,1511,1707,73,43,0,-3,73,40,30,100,-104
8211,Feb 15 2001,Friendly in Kuwait,Kuwait,Finland,1611,1617,4,3,7,-7,1618,1610,55,58,1,-1,56,57,20,100,94
8212,Feb 15 2001,World Cup qualifier in Saudi Arabia,Saudi Arabia,Mongolia,1705,838,6,0,0,0,1705,838,41,205,0,0,41,205,20,0,867
8213,Feb 15 2001,Friendly in Bulgaria,Uzbekistan,Azerbaijan,1435,1265,2,1,5,-5,1440,1260,89,140,1,0,90,140,20,0,170
8214,Feb 15 2001,World Cup qualifier in Saudi Arabia,Vietnam,Bangladesh,1239,1040,4,0,18,-18,1257,1022,136,190,5,-3,141,187,40,0,199
8215,Feb 17 2001,World Cup qualifier in Saudi Arabia,Saudi Arabia,Bangladesh,1705,1022,6,0,1,-1,1706,1021,41,187,0,0,41,187,20,0,683
8216,Feb 17 2001,King's Cup in Thailand,Sweden,China,1782,1690,3,0,19,-19,1801,1671,15,50,5,-3,20,47,30,0,92
8217,Feb 17 2001,King's Cup in Thailand,Thailand,Qatar,1477,1588,2,0,23,-23,1500,1565,70,65,4,-2,74,63,30,100,-11
8218,Feb 17 2001,World Cup qualifier in Saudi Arabia,Vietnam,Mongolia,1257,838,4,0,6,-6,1263,832,139,205,1,0,140,205,40,0,419
8219,Feb 18 2001,Friendly in Oman,Oman,Finland,1311,1610,1,2,-5,5,1306,1615,130,57,-2,0,128,57,20,100,-199
8220,Feb 19 2001,World Cup qualifier in Saudi Arabia,Bangladesh,Mongolia,1021,832,2,2,-10,10,1011,842,187,205,0,0,187,205,30,100,289
8221,Feb 19 2001,World Cup qualifier in Saudi Arabia,Saudi Arabia,Vietnam,1706,1263,4,0,3,-3,1709,1260,39,138,1,1,40,139,20,0,443
8222,Feb 19 2001,Friendly in Saint Kitts and Nevis,Saint Kitts and Nevis,Saint Lucia,1246,1272,2,0,12,-12,1258,1260,142,139,0,0,142,139,20,100,74
8223,Feb 20 2001,Friendly in Oman,Oman,Finland,1306,1615,0,2,-7,7,1299,1622,132,55,-2,1,130,56,20,100,-209
8224,Feb 21 2001,World Cup qualifier in Kuwait,Bahrain,Kyrgyzstan,1345,1177,2,1,11,-11,1356,1166,118,165,1,-2,119,163,40,0,168
8225,Feb 21 2001,World Cup qualifier in Kuwait,Kuwait,Singapore,1618,1228,1,0,2,-2,1620,1226,57,152,0,-1,57,151,20,0,390
8226,Feb 21 2001,Friendly in Macao,Macao,Hong Kong,989,1198,0,2,-10,10,979,1208,190,153,0,2,190,155,20,100,-109
8227,Feb 21 2001,Friendly in Martinique,Martinique,Saint Lucia,1357,1260,4,2,7,-7,1364,1253,114,145,2,-3,116,142,20,100,197
8228,Feb 21 2001,Friendly in Panama,Panama,Guatemala,1390,1540,2,2,1,-1,1391,1539,108,69,0,0,108,69,20,100,-50
8229,Feb 23 2001,World Cup qualifier in Libya,Libya,Togo,1410,1418,3,3,-5,5,1405,1423,107,94,-2,2,105,96,40,100,92
8230,Feb 24 2001,World Cup qualifier in Kuwait,Bahrain,Singapore,1356,1226,2,0,19,-19,1375,1207,107,159,6,-4,113,155,40,0,130
8231,Feb 24 2001,World Cup qualifier in Burkina Faso,Burkina Faso,Zimbabwe,1417,1450,1,2,-24,24,1393,1474,115,72,-8,8,107,80,40,100,67
8232,Feb 24 2001,World Cup qualifier in Kuwait,Kuwait,Kyrgyzstan,1620,1166,2,0,2,-2,1622,1164,55,163,1,0,56,163,20,0,454
8233,Feb 24 2001,World Cup qualifier in Morocco,Morocco,Senegal,1707,1470,0,0,-15,15,1692,1485,43,77,-1,2,42,79,40,100,337
8234,Feb 24 2001,World Cup qualifier in Namibia,Namibia,Egypt,1313,1704,1,1,14,-14,1327,1690,123,43,1,0,124,43,40,100,-291
8235,Feb 25 2001,Friendly in Antigua and Barbuda,Antigua and Barbuda,Saint Lucia,1137,1253,0,1,-10,10,1127,1263,171,136,-2,3,169,139,20,100,-16
8236,Feb 25 2001,World Cup qualifier in Cameroon,Cameroon,Zambia,1740,1435,1,0,4,-4,1744,1431,33,92,0,0,33,92,30,0,305
8237,Feb 25 2001,Friendly in the Cayman Islands,Cayman Islands,Trinidad and Tobago,1133,1667,0,3,-3,3,1130,1670,168,48,0,1,168,49,20,100,-434
8238,Feb 25 2001,World Cup qualifier in Liberia,Liberia,Sierra Leone,1496,1348,1,0,8,-8,1504,1340,71,120,3,0,74,120,40,100,248
8239,Feb 25 2001,World Cup qualifier in Malawi,Malawi,South Africa,1280,1664,1,2,-7,7,1273,1671,139,43,-1,4,138,47,40,100,-284
8240,Feb 25 2001,Friendly in Oman,Oman,Maldives,1299,872,5,0,2,-2,1301,870,130,200,0,0,130,200,20,100,527
8241,Feb 25 2001,World Cup qualifier in Sudan,Sudan,Ghana,1306,1454,1,0,23,-23,1329,1431,120,98,4,-6,124,92,40,100,-48
8242,Feb 25 2001,World Cup qualifier in Tunisia,Tunisia,DR Congo,1635,1474,6,0,15,-15,1650,1459,52,86,1,-3,53,83,40,100,261
8243,Feb 26 2001,Friendly tournament in Cyprus,Cyprus,Lithuania,1555,1379,1,2,-25,25,1530,1404,75,98,-5,7,70,105,30,100,276
8244,Feb 26 2001,Friendly tournament in Cyprus,Romania,Ukraine,1825,1720,1,0,11,-11,1836,1709,13,43,1,-4,14,39,30,0,105
8245,Feb 27 2001,Friendly in Algeria,Algeria,Slovakia,1539,1756,1,1,3,-3,1542,1753,66,33,1,-2,67,31,20,100,-117
8246,Feb 27 2001,Friendly in France,France,Germany,2112,1883,1,0,3,-3,2115,1880,1,11,0,0,1,11,20,100,329
8247,Feb 27 2001,World Cup qualifier in Kuwait,Kuwait,Bahrain,1622,1375,0,1,-35,35,1587,1410,64,91,-4,11,60,102,40,100,347
8248,Feb 27 2001,World Cup qualifier in Kuwait,Kyrgyzstan,Singapore,1164,1207,1,1,2,-2,1166,1205,163,157,0,-1,163,156,30,0,-43
8249,Feb 27 2001,Friendly in Oman,Oman,Maldives,1301,870,2,0,1,-1,1302,869,130,202,0,-1,130,201,20,100,531
8250,Feb 28 2001,World Cup qualifier in Belgium,Belgium,San Marino,1786,936,10,1,0,0,1786,936,21,193,2,0,23,193,20,0,850
8251,Feb 28 2001,Friendly in Bosnia and Herzegovina,Bosnia and Herzegovina,Hungary,1551,1670,1,1,1,-1,1552,1669,66,49,0,0,66,49,20,100,-19
8252,Feb 28 2001,Friendly in Colombia,Colombia,Australia,1787,1788,3,2,7,-7,1794,1781,20,25,2,-1,22,24,20,100,99
8253,Feb 28 2001,World Cup qualifier in Costa Rica,Costa Rica,Honduras,1638,1710,2,2,-2,2,1636,1712,54,33,0,2,54,35,40,100,28
8254,Feb 28 2001,Friendly in Croatia,Croatia,Austria,1887,1721,1,0,4,-4,1891,1717,10,34,0,0,10,34,20,100,266
8255,Feb 28 2001,Friendly tournament in Cyprus,Cyprus,Ukraine,1530,1709,4,3,18,-18,1548,1691,64,47,3,-4,67,43,30,100,-79
8256,Feb 28 2001,Friendly in England,England,Spain,1850,1960,3,0,18,-18,1868,1942,11,7,1,0,12,7,20,100,-10
8257,Feb 28 2001,Friendly in Greece,Greece,Russia,1705,1833,3,3,1,-1,1706,1832,37,15,2,0,39,15,20,100,-28
8258,Feb 28 2001,Friendly in Italy,Italy,Argentina,2013,2002,1,2,-13,13,2000,2015,6,3,-1,1,5,4,20,100,111
8259,Feb 28 2001,World Cup qualifier in Jamaica,Jamaica,Trinidad and Tobago,1572,1670,1,0,20,-20,1592,1650,58,53,2,-2,60,51,40,100,2
8260,Feb 28 2001,Friendly in Jordan,Jordan,Bulgaria,1430,1689,0,2,-9,9,1421,1698,102,36,-4,4,98,40,20,100,-159
8261,Feb 28 2001,Friendly in Liechtenstein,Liechtenstein,Latvia,1076,1417,0,2,-6,6,1070,1423,184,91,-3,4,181,95,20,100,-241
8262,Feb 28 2001,Friendly in Luxembourg,Luxembourg,Finland,1176,1622,0,1,-2,2,1174,1624,161,56,0,0,161,56,20,100,-346
8263,Feb 28 2001,Friendly in Macedonia,Macedonia,Czechia,1523,1923,1,1,7,-7,1530,1916,71,8,0,0,71,8,20,100,-300
8264,Feb 28 2001,Friendly in Malta,Malta,Sweden,1235,1801,0,3,-2,2,1233,1803,147,22,0,-1,147,21,20,100,-466
8265,Feb 28 2001,Friendly in the Netherlands,Netherlands,Turkey,2000,1754,0,0,-8,8,1992,1762,6,29,0,0,6,29,20,100,346
8266,Feb 28 2001,Friendly in Northern Ireland,Northern Ireland,Norway,1517,1805,0,4,-9,9,1508,1814,74,15,-1,2,73,17,20,100,-188
8267,Feb 28 2001,Friendly in Cyprus,Poland,Switzerland,1758,1710,4,0,16,-16,1774,1694,23,45,2,-4,25,41,20,0,48
8268,Feb 28 2001,World Cup qualifier in Portugal,Portugal,Andorra,2019,1052,3,0,0,0,2019,1052,3,183,0,0,3,183,20,0,967
8269,Feb 28 2001,Friendly tournament in Cyprus,Romania,Lithuania,1836,1404,3,0,4,-4,1840,1400,14,108,0,-1,14,107,30,0,432
8270,Feb 28 2001,Friendly in Slovenia,Slovenia,Uruguay,1660,1754,0,2,-15,15,1645,1769,54,23,-1,3,53,26,20,100,6
8271,Feb 28 2001,World Cup qualifier in the United States,United States,Mexico,1797,1789,2,0,21,-21,1818,1768,11,32,5,-5,16,27,40,100,108
8272,Mar 1 2001,CONCACAF Ch & Car Cup q in Antigua and Barbuda,Saint Kitts and Nevis,Dominican Republic,1258,1112,2,1,12,-12,1270,1100,136,179,3,-4,139,175,40,0,146
8273,Mar 3 2001,CONCACAF Ch & Car Cup q in Antigua and Barbuda,Antigua and Barbuda,Dominican Republic,1127,1100,2,3,-27,27,1100,1127,181,163,-6,6,175,169,40,100,127
8274,Mar 3 2001,Friendly in the United States,United States,Brazil,1818,2022,1,2,-7,7,1811,2029,20,2,-2,0,18,2,20,100,-104
8275,Mar 4 2001,CONCACAF Ch & Car Cup q in Antigua and Barbuda,Antigua and Barbuda,Saint Kitts and Nevis,1100,1270,2,2,4,-4,1104,1266,171,139,2,0,173,139,40,100,-70
8276,Mar 4 2001,World Cup qualifier in Hong Kong,Hong Kong,Palestine,1208,1228,1,1,-5,5,1203,1233,160,144,-3,3,157,147,40,100,80
8277,Mar 4 2001,World Cup qualifier in Hong Kong,Qatar,Malaysia,1565,1297,5,1,13,-13,1578,1284,61,138,1,-3,62,135,40,0,268
8278,Mar 6 2001,Friendly in Guatemala,Guatemala,El Salvador,1539,1457,1,1,-5,5,1534,1462,70,82,0,1,70,83,20,100,182
8279,Mar 7 2001,Friendly in the United States,Honduras,Peru,1712,1669,0,0,-1,1,1711,1670,37,49,-1,0,36,49,20,0,43
8280,Mar 7 2001,Friendly in Jordan,Jordan,Hungary,1421,1669,1,1,4,-4,1425,1665,92,51,3,-1,95,50,20,100,-148
8281,Mar 7 2001,Friendly in Lebanon,Lebanon,Syria,1390,1497,2,2,0,0,1390,1497,111,77,0,0,111,77,20,100,-7
8282,Mar 7 2001,Friendly in Mexico,Mexico,Brazil,1768,2029,3,3,4,-4,1772,2025,25,2,1,0,26,2,20,100,-161
8283,Mar 8 2001,World Cup qualifier in Hong Kong,Hong Kong,Malaysia,1203,1284,0,2,-32,32,1171,1316,165,119,-4,8,161,127,40,100,19
8284,Mar 8 2001,World Cup qualifier in Hong Kong,Qatar,Palestine,1578,1233,2,1,5,-5,1583,1228,62,153,0,-3,62,150,40,0,345
8285,Mar 10 2001,Friendly tournament in Lesotho,Botswana,Swaziland,1101,1230,1,0,20,-20,1121,1210,167,158,4,-5,171,153,30,0,-129
8286,Mar 10 2001,World Cup qualifier in the Dem Rep of the Congo,DR Congo,Ivory Coast,1459,1594,1,2,-18,18,1441,1612,94,55,-5,2,89,57,40,100,-35
8287,Mar 10 2001,Friendly in Kenya,Kenya,Uganda,1362,1433,1,0,9,-9,1371,1424,110,99,4,-4,114,95,20,100,29
8288,Mar 10 2001,Friendly tournament in Lesotho,Lesotho,Mozambique,1205,1224,0,0,-3,3,1202,1227,157,149,-1,1,156,150,30,100,81
8289,Mar 10 2001,World Cup qualifier in Senegal,Senegal,Namibia,1485,1327,4,0,14,-14,1499,1313,73,127,3,-1,76,126,40,100,258
8290,Mar 10 2001,World Cup qualifier in Sierra Leone,Sierra Leone,Sudan,1340,1329,0,2,-39,39,1301,1368,142,110,-11,7,131,117,40,100,111
8291,Mar 10 2001,World Cup qualifier in Zambia,Zambia,Libya,1431,1405,2,0,20,-20,1451,1385,78,121,7,-8,85,113,40,100,126
8292,Mar 11 2001,World Cup qualifier in Egypt,Egypt,Algeria,1690,1542,5,2,14,-14,1704,1528,34,74,5,-3,39,71,40,100,248
8293,Mar 11 2001,World Cup qualifier in Ghana,Ghana,Nigeria,1431,1712,0,0,10,-10,1441,1702,86,45,3,-5,89,40,30,0,-281
8294,Mar 11 2001,World Cup qualifier in Hong Kong,Hong Kong,Qatar,1171,1583,0,2,-9,9,1162,1592,167,58,-3,2,164,60,40,100,-312
8295,Mar 11 2001,Friendly tournament in Lesotho,Lesotho,Swaziland,1202,1210,2,1,11,-11,1213,1199,148,159,4,-3,152,156,30,100,92
8296,Mar 11 2001,Friendly tournament in Lesotho,Mozambique,Botswana,1227,1121,3,1,16,-16,1243,1105,140,175,5,-2,145,173,30,0,106
8297,Mar 11 2001,World Cup qualifier in Hong Kong,Palestine,Malaysia,1228,1316,1,0,25,-25,1253,1291,137,141,6,-8,143,133,40,0,-88
8298,Mar 11 2001,World Cup qualifier in Togo,Togo,Angola,1423,1464,1,1,-3,3,1420,1467,102,82,-3,0,99,82,30,100,59
8299,Mar 11 2001,World Cup qualifier in Zimbabwe,Zimbabwe,Malawi,1474,1273,2,0,9,-9,1483,1264,80,140,0,-1,80,139,40,100,301
8300,Mar 12 2001,Windward Islands Champ in Grenada,Grenada,Dominica,1290,1133,8,3,11,-11,1301,1122,126,173,4,-3,130,170,30,100,257
8301,Mar 12 2001,Windward Islands Champ in Grenada,St Vincent & Grenadines,Saint Lucia,1242,1263,2,0,24,-24,1266,1239,129,156,9,-8,138,148,30,0,-21
8302,Mar 14 2001,Windward Islands Champ in Grenada,Grenada,Saint Lucia,1301,1239,4,3,8,-8,1309,1231,122,150,4,-1,126,149,20,0,62
8303,Mar 14 2001,Friendly in Panama,Panama,El Salvador,1391,1462,1,0,9,-9,1400,1453,103,85,3,-1,106,84,20,100,29
8304,Mar 14 2001,Windward Islands Champ in Grenada,St Vincent & Grenadines,Dominica,1266,1122,2,0,14,-14,1280,1108,136,170,1,0,137,170,30,0,144
8305,Mar 16 2001,Windward Islands Champ in Grenada,Dominica,Saint Lucia,1108,1231,1,1,5,-5,1113,1226,170,151,0,-1,170,150,30,0,-123
8306,Mar 16 2001,Windward Islands Champ in Grenada,Grenada,St Vincent & Grenadines,1309,1280,1,1,-5,5,1304,1285,130,135,-2,1,128,136,30,100,129
8307,Mar 17 2001,COSAFA Cup in Botswana,Botswana,Malawi,1105,1264,0,1,-17,17,1088,1281,177,136,-2,2,175,138,40,100,-59
8308,Mar 18 2001,Friendly in Gabon,Gabon,Mali,1404,1422,2,0,12,-12,1416,1410,93,107,6,-5,99,102,20,100,82
8309,Mar 18 2001,Windward Islands Champ in Grenada,Grenada,St Vincent & Grenadines,1304,1285,2,0,15,-15,1319,1270,120,142,4,-3,124,139,30,100,119
8310,Mar 18 2001,Windward Islands Champ in Grenada,Saint Lucia,Dominica,1226,1113,1,0,10,-10,1236,1103,146,178,2,-4,148,174,30,0,113
8311,Mar 19 2001,Friendly in Egypt,Egypt,Estonia,1704,1365,3,3,-9,9,1695,1374,43,110,-2,4,41,114,20,100,439
8312,Mar 20 2001,World Cup qualifier in Qatar,Palestine,Hong Kong,1253,1162,1,0,15,-15,1268,1147,137,166,3,-1,140,165,40,0,91
8313,Mar 20 2001,World Cup qualifier in Qatar,Qatar,Malaysia,1592,1291,0,0,-16,16,1576,1307,64,122,-2,6,62,128,40,100,401
8314,Mar 21 2001,Friendly in Honduras,Honduras,Chile,1711,1711,3,1,11,-11,1722,1700,33,43,1,-4,34,39,20,100,100
8315,Mar 21 2001,Friendly in Saint Lucia,Saint Lucia,Martinique,1236,1364,1,1,1,-1,1237,1363,148,119,0,0,148,119,20,100,-28
8316,Mar 23 2001,Friendly in Guyana,Guyana,Barbados,1076,1332,2,2,4,-4,1080,1328,174,123,2,0,176,123,20,100,-156
8317,Mar 23 2001,World Cup qualifier in Qatar,Hong Kong,Malaysia,1147,1307,2,1,29,-29,1176,1278,155,146,5,-9,160,137,40,0,-160
8318,Mar 23 2001,African Nations Cup qualifier in Libya,Libya,Egypt,1385,1695,2,0,46,-46,1431,1649,73,63,20,-11,93,52,40,100,-210
8319,Mar 23 2001,World Cup qualifier in Qatar,Qatar,Palestine,1576,1268,2,1,3,-3,1579,1265,62,142,0,-1,62,141,20,0,308
8320,Mar 24 2001,World Cup qualifier in Armenia,Armenia,Wales,1411,1559,2,2,3,-3,1414,1556,99,64,1,0,100,64,40,100,-48
8321,Mar 24 2001,World Cup qualifier in Azerbaijan,Azerbaijan,Moldova,1260,1411,0,0,3,-3,1263,1408,142,109,0,-4,142,105,40,100,-51
8322,Mar 24 2001,World Cup qualifier in Bosnia and Herzegovina,Bosnia and Herzegovina,Austria,1552,1717,1,1,4,-4,1556,1713,62,35,2,0,64,35,20,0,-165
8323,Mar 24 2001,Friendly in the British Virgin Islands,British Virgin Islands,US Virgin Islands,870,712,2,0,6,-6,876,706,200,215,0,-1,200,214,20,100,258
8324,Mar 24 2001,World Cup qualifier in Bulgaria,Bulgaria,Iceland,1698,1601,2,1,10,-10,1708,1591,36,62,2,-2,38,60,40,100,197
8325,Mar 24 2001,World Cup qualifier in Croatia,Croatia,Latvia,1891,1423,4,1,3,-3,1894,1420,8,95,1,1,9,96,30,0,468
8326,Mar 24 2001,World Cup qualifier in Cyprus,Cyprus,Ireland,1548,1811,0,4,-21,21,1527,1832,71,10,-2,4,69,14,40,100,-163
8327,Mar 24 2001,World Cup qualifier in England,England,Finland,1868,1624,2,1,5,-5,1873,1619,12,56,0,0,12,56,40,100,344
8328,Mar 24 2001,Friendly in France,France,Japan,2115,1811,5,0,4,-4,2119,1807,1,20,0,-1,1,19,20,100,404
8329,Mar 24 2001,African Nations Cup qualifier in Gabon,Gabon,Kenya,1416,1371,1,1,-8,8,1408,1379,110,113,-5,1,105,114,40,100,145
8330,Mar 24 2001,World Cup qualifier in Germany,Germany,Albania,1880,1499,2,1,2,-2,1882,1497,9,78,1,-1,10,77,20,0,381
8331,Mar 24 2001,World Cup qualifier in Hungary,Hungary,Lithuania,1665,1400,1,1,-16,16,1649,1416,53,91,-2,8,51,99,40,100,365
8332,Mar 24 2001,African Nations Cup qualifier in Lesotho,Lesotho,Zimbabwe,1213,1483,0,1,-11,11,1202,1494,158,78,-3,1,155,79,40,100,-170
8333,Mar 24 2001,World Cup qualifier in Luxembourg,Luxembourg,Faroe Islands,1174,1218,0,2,-35,35,1139,1253,171,137,-5,7,166,144,40,100,56
8334,Mar 24 2001,African Nations Cup qualifier in Madagascar,Madagascar,Namibia,1451,1313,1,2,-32,32,1419,1345,111,116,-13,5,98,121,40,100,238
8335,Mar 24 2001,World Cup qualifier in Malta,Malta,Denmark,1233,1814,0,5,-5,5,1228,1819,153,14,-2,1,151,15,40,100,-481
8336,Mar 24 2001,African Nations Cup qualifier in Morocco,Morocco,Tunisia,1692,1650,2,0,18,-18,1710,1632,30,58,6,-4,36,54,40,100,142
8337,Mar 24 2001,World Cup qualifier in Spain,Netherlands,Andorra,1992,1052,5,0,0,0,1992,1052,6,183,0,0,6,183,20,0,940
8338,Mar 24 2001,World Cup qualifier in Norway,Norway,Poland,1814,1774,2,3,-28,28,1786,1802,32,17,-8,4,24,21,40,100,140
8339,Mar 24 2001,World Cup qualifier in Northern Ireland,Northern Ireland,Czechia,1508,1916,0,1,-6,6,1502,1922,77,8,-2,0,75,8,40,100,-308
8340,Mar 24 2001,World Cup qualifier in Romania,Romania,Italy,1840,2000,0,2,-25,25,1815,2025,20,-1,-3,3,17,2,40,100,-60
8341,Mar 24 2001,World Cup qualifier in Russia,Russia,Slovenia,1832,1645,1,1,-14,14,1818,1659,17,45,-1,4,16,49,40,100,287
8342,Mar 24 2001,World Cup qualifier in Scotland,Scotland,Belgium,1745,1786,2,2,-3,3,1742,1789,34,23,-1,0,33,23,30,100,59
8343,Mar 24 2001,African Nations Cup qualifier in Senegal,Senegal,Uganda,1499,1424,3,0,19,-19,1518,1405,68,118,4,-11,72,107,40,100,175
8344,Mar 24 2001,African Nations Cup qualifier in South Africa,South Africa,Mauritius,1671,1245,3,0,3,-3,1674,1242,46,150,0,-3,46,147,20,0,426
8345,Mar 24 2001,World Cup qualifier in Spain,Spain,Liechtenstein,1942,1070,5,0,0,0,1942,1070,7,181,0,0,7,181,20,0,872
8346,Mar 24 2001,World Cup qualifier in Sweden,Sweden,Macedonia,1803,1530,1,0,4,-4,1807,1526,17,72,2,-1,19,71,40,100,373
8347,Mar 24 2001,Friendly in Trinidad and Tobago,Trinidad and Tobago,Guatemala,1650,1534,3,1,7,-7,1657,1527,50,69,0,0,50,69,20,100,216
8348,Mar 24 2001,World Cup qualifier in Turkey,Turkey,Slovakia,1762,1753,1,1,-6,6,1756,1759,33,27,-2,2,31,29,40,100,109
8349,Mar 24 2001,World Cup qualifier in Ukraine,Ukraine,Belarus,1691,1421,0,0,-16,16,1675,1437,47,84,-2,7,45,91,40,100,370
8350,Mar 24 2001,World Cup qualifier in Yugoslavia,Yugoslavia,Switzerland,1896,1694,1,1,-14,14,1882,1708,11,35,-1,3,10,38,40,100,302
8351,Mar 24 2001,African Nations Cup qualifier in Zambia,Zambia,Nigeria,1451,1702,1,1,8,-8,1459,1694,81,46,2,-4,83,42,40,100,-151
8352,Mar 25 2001,African Nations Cup qualifier in Angola,Angola,Burkina Faso,1467,1393,2,0,16,-16,1483,1377,80,116,1,-3,81,113,40,100,174
8353,Mar 25 2001,African Nations Cup qualifier in Burundi,Burundi,Algeria,1370,1528,0,1,-17,17,1353,1545,123,66,-3,1,120,67,40,100,-58
8354,Mar 25 2001,African Nations Cup qualifier in Congo,Congo,Liberia,1389,1504,0,1,-19,19,1370,1523,121,70,-4,2,117,72,40,100,-15
8355,Mar 25 2001,African Nations Cup qualifier in Ghana,Ghana,DR Congo,1441,1441,3,0,25,-25,1466,1416,78,108,5,-10,83,98,40,100,100
8356,Mar 25 2001,Friendly in Guyana,Guyana,Barbados,1080,1328,1,2,-6,6,1074,1334,182,122,-3,1,179,123,20,100,-148
8357,Mar 25 2001,World Cup qualifier in Qatar,Malaysia,Palestine,1278,1265,4,3,19,-19,1297,1246,129,147,4,-3,133,144,40,0,13
8358,Mar 25 2001,World Cup qualifier in Mexico,Mexico,Jamaica,1772,1592,4,0,12,-12,1784,1580,24,65,1,-3,25,62,40,100,280
8359,Mar 25 2001,World Cup qualifier in Qatar,Qatar,Hong Kong,1579,1176,3,0,4,-4,1583,1172,60,160,1,0,61,160,40,100,503
8360,Mar 25 2001,African Nations Cup qualifier in Sudan,Sudan,Ivory Coast,1368,1612,0,0,8,-8,1376,1604,110,57,4,0,114,57,40,100,-144
8361,Mar 27 2001,World Cup qualifier in Colombia,Colombia,Bolivia,1794,1576,2,0,8,-8,1802,1568,20,63,1,0,21,63,40,100,318
8362,Mar 27 2001,Friendly in Oman,Oman,United Arab Emirates,1302,1511,2,1,13,-13,1315,1498,124,78,3,-2,127,76,20,100,-109
8363,Mar 27 2001,World Cup qualifier in Peru,Peru,Chile,1670,1700,3,1,24,-24,1694,1676,34,49,7,-4,41,45,30,0,-30
8364,Mar 28 2001,World Cup qualifier in Albania,Albania,England,1497,1873,1,3,-10,10,1487,1883,83,10,-3,1,80,11,40,100,-276
8365,Mar 28 2001,World Cup qualifier in Argentina,Argentina,Venezuela,2015,1409,5,0,1,-1,2016,1408,1,105,2,-1,3,104,20,0,606
8366,Mar 28 2001,World Cup qualifier in Austria,Austria,Israel,1713,1680,2,1,13,-13,1726,1667,33,52,1,-4,34,48,40,100,133
8367,Mar 28 2001,World Cup qualifier in Belarus,Belarus,Norway,1437,1786,2,1,32,-32,1469,1754,76,36,7,-6,83,30,40,100,-249
8368,Mar 28 2001,World Cup qualifier in Bulgaria,Bulgaria,Northern Ireland,1708,1502,4,3,6,-6,1714,1496,34,80,2,-3,36,77,40,100,306
8369,Mar 28 2001,World Cup qualifier in Costa Rica,Costa Rica,Trinidad and Tobago,1636,1657,3,0,27,-27,1663,1630,47,60,3,-5,50,55,40,100,79
8370,Mar 28 2001,World Cup qualifier in Cyprus,Cyprus,Estonia,1527,1374,2,2,-12,12,1515,1386,75,109,-3,3,72,112,40,100,253
8371,Mar 28 2001,World Cup qualifier in Czechia,Czechia,Denmark,1922,1819,0,0,-11,11,1911,1830,8,19,0,-2,8,17,40,100,203
8372,Mar 28 2001,World Cup qualifier in Ecuador,Ecuador,Brazil,1689,2025,1,0,32,-32,1721,1993,27,10,8,-4,35,6,40,100,-236
8373,Mar 28 2001,World Cup qualifier in Georgia,Georgia,Romania,1555,1815,0,2,-17,17,1538,1832,70,13,-2,2,68,15,40,100,-160
8374,Mar 28 2001,World Cup qualifier in Greece,Greece,Germany,1706,1882,2,4,-24,24,1682,1906,46,8,-3,1,43,9,40,100,-76
8375,Mar 28 2001,World Cup qualifier in Honduras,Honduras,United States,1722,1811,1,2,-21,21,1701,1832,46,12,-6,3,40,15,40,100,11
8376,Mar 28 2001,World Cup qualifier in Spain,Ireland,Andorra,1832,1052,3,0,1,-1,1833,1051,14,183,0,0,14,183,30,0,780
8377,Mar 28 2001,World Cup qualifier in Italy,Italy,Lithuania,2025,1416,4,0,1,-1,2026,1415,2,100,0,-1,2,99,20,0,609
8378,Mar 28 2001,World Cup qualifier in Liechtenstein,Liechtenstein,Bosnia and Herzegovina,1070,1556,0,3,-7,7,1063,1563,181,64,0,0,181,64,40,100,-386
8379,Mar 28 2001,World Cup qualifier in Macedonia,Macedonia,Turkey,1526,1756,1,2,-13,13,1513,1769,75,21,-2,5,73,26,40,100,-130
8380,Mar 28 2001,Friendly in Martinique,Martinique,Guadeloupe,1363,1340,4,1,12,-12,1375,1328,114,126,2,-2,116,124,20,100,123
8381,Mar 28 2001,World Cup qualifier in Moldova,Moldova,Sweden,1408,1807,0,2,-9,9,1399,1816,111,19,-3,0,108,19,40,100,-299
8382,Mar 28 2001,World Cup qualifier in Poland,Poland,Armenia,1802,1414,4,0,4,-4,1806,1410,21,100,0,0,21,100,20,0,388
8383,Mar 28 2001,World Cup qualifier in Portugal,Portugal,Netherlands,2019,1992,2,2,-7,7,2012,1999,4,4,0,1,4,5,40,100,127
8384,Mar 28 2001,World Cup qualifier in Russia,Russia,Faroe Islands,1818,1253,1,0,1,-1,1819,1252,20,143,-2,0,18,143,20,0,565
8385,Mar 28 2001,World Cup qualifier in Scotland,Scotland,San Marino,1742,936,4,0,0,0,1742,936,33,191,0,1,33,192,20,0,806
8386,Mar 28 2001,World Cup qualifier in Slovakia,Slovakia,Azerbaijan,1759,1263,3,1,2,-2,1761,1261,27,141,1,0,28,141,20,0,496
8387,Mar 28 2001,World Cup qualifier in Slovenia,Slovenia,Yugoslavia,1659,1882,1,1,7,-7,1666,1875,49,16,0,-3,49,13,40,100,-123
8388,Mar 28 2001,Friendly in Spain,Spain,France,1942,2119,2,1,12,-12,1954,2107,7,1,0,0,7,1,20,100,-77
8389,Mar 28 2001,Friendly in Sri Lanka,Sri Lanka,Cambodia,885,945,1,0,9,-9,894,936,195,192,2,0,197,192,20,100,40
8390,Mar 28 2001,World Cup qualifier in Switzerland,Switzerland,Luxembourg,1708,1139,5,0,2,-2,1710,1137,36,166,1,0,37,166,30,0,569
8391,Mar 28 2001,World Cup qualifier in Uruguay,Uruguay,Paraguay,1769,1861,0,1,-20,20,1749,1881,35,11,-4,1,31,12,40,100,8
8392,Mar 28 2001,World Cup qualifier in Wales,Wales,Ukraine,1556,1675,1,1,1,-1,1557,1674,66,44,-1,1,65,45,20,100,-19
8393,Apr 1 2001,World Cup qualifier in the Maldives,Maldives,Cambodia,869,936,6,0,38,-38,907,898,189,200,6,-4,195,196,30,0,-67
8394,Apr 2 2001,Friendly in the United Arab Emirates,United Arab Emirates,Sri Lanka,1498,894,6,0,1,-1,1499,893,75,198,0,0,75,198,20,0,604
8395,Apr 4 2001,CONCACAF Ch & Car Cup q in Suriname,Barbados,Grenada,1334,1319,2,1,19,-19,1353,1300,118,137,2,-6,120,131,40,0,15
8396,Apr 4 2001,CONCACAF Ch & Car Cup q in Martinique,British Virgin Islands,Cayman Islands,876,1130,2,2,12,-12,888,1118,199,171,1,-2,200,169,40,0,-254
8397,Apr 4 2001,CONCACAF Ch & Car Cup q in Guyana,Cuba,Dominica,1472,1103,3,1,6,-6,1478,1097,82,174,0,0,82,174,40,0,369
8398,Apr 4 2001,CONCACAF Ch & Car Cup q in Guyana,Guyana,Saint Martin,1074,1106,2,0,24,-24,1098,1082,167,182,6,-6,173,176,40,100,68
8399,Apr 4 2001,Friendly in Lebanon,Lebanon,Bahrain,1390,1410,1,1,-2,2,1388,1412,114,100,-2,0,112,100,20,100,80
8400,Apr 4 2001,CONCACAF Ch & Car Cup q in Martinique,Martinique,St Vincent & Grenadines,1375,1270,3,0,16,-16,1391,1254,104,145,6,-3,110,142,40,100,205
8401,Apr 4 2001,CONCACAF Ch & Car Cup q in Suriname,Suriname,Aruba,1283,1004,5,0,8,-8,1291,996,134,188,1,0,135,188,40,100,379
8402,Apr 5 2001,Friendly in Haiti,Haiti,Panama,1409,1400,1,1,-3,3,1406,1403,107,107,-2,0,105,107,20,100,109
8403,Apr 5 2001,Friendly in Oman,Oman,Sudan,1315,1376,0,1,-11,11,1304,1387,130,110,-2,3,128,113,20,100,39
8404,Apr 6 2001,CONCACAF Ch & Car Cup q in Martinique,Cayman Islands,St Vincent & Grenadines,1118,1254,1,1,7,-7,1125,1247,169,144,0,-1,169,143,40,0,-136
8405,Apr 6 2001,CONCACAF Ch & Car Cup q in Guyana,Cuba,Saint Martin,1478,1082,1,0,4,-4,1482,1078,82,176,0,0,82,176,40,0,396
8406,Apr 6 2001,CONCACAF Ch & Car Cup q in Suriname,Grenada,Aruba,1300,996,4,2,9,-9,1309,987,121,190,5,-1,126,189,40,0,304
8407,Apr 6 2001,CONCACAF Ch & Car Cup q in Guyana,Guyana,Dominica,1098,1097,2,0,22,-22,1120,1075,167,182,3,-4,170,178,30,0,1
8408,Apr 6 2001,CONCACAF Ch & Car Cup q in Martinique,Martinique,British Virgin Islands,1391,888,6,0,3,-3,1394,885,110,202,0,-1,110,201,30,0,503
8409,Apr 6 2001,CONCACAF Ch & Car Cup q in Suriname,Suriname,Barbados,1291,1353,2,2,-2,2,1289,1355,137,120,-1,0,136,120,30,100,38
8410,Apr 7 2001,World Cup qualifier in Brunei,Brunei,Yemen,754,1180,0,5,-11,11,743,1191,211,159,-1,0,210,159,40,100,-326
8411,Apr 7 2001,World Cup qualifier in Australia,Fiji,Eastern Samoa,1427,441,13,0,0,0,1427,441,93,226,0,0,93,226,20,0,986
8412,Apr 7 2001,Friendly in Haiti,Haiti,Panama,1406,1403,0,0,-3,3,1403,1406,109,103,-2,2,107,105,20,100,103
8413,Apr 7 2001,Friendly in Oman,Oman,Sudan,1304,1387,1,1,0,0,1304,1387,129,113,0,0,129,113,20,100,17
8414,Apr 7 2001,World Cup qualifier in Australia,Tonga,Samoa,640,708,1,0,24,-24,664,684,216,219,1,-3,217,216,40,0,-68
8415,Apr 8 2001,CONCACAF Ch & Car Cup q in Suriname,Barbados,Aruba,1355,987,5,2,8,-8,1363,979,120,189,0,0,120,189,40,0,368
8416,Apr 8 2001,CONCACAF Ch & Car Cup q in Guyana,Guyana,Cuba,1120,1482,0,3,-13,13,1107,1495,172,72,-1,5,171,77,40,100,-262
8417,Apr 8 2001,World Cup qualifier in India,India,United Arab Emirates,1079,1499,1,0,35,-35,1114,1464,165,93,5,-9,170,84,40,100,-320
8418,Apr 8 2001,World Cup qualifier in Indonesia,Indonesia,Maldives,1361,907,5,0,3,-3,1364,904,119,195,0,0,119,195,20,0,454
8419,Apr 8 2001,CONCACAF Ch & Car Cup q in Martinique,Martinique,Cayman Islands,1394,1125,1,1,-16,16,1378,1141,120,163,-5,3,115,166,40,100,369
8420,Apr 8 2001,COSAFA Cup in Mauritius,Mauritius,Namibia,1242,1345,1,0,20,-20,1262,1325,133,126,7,-2,140,124,40,100,-3
8421,Apr 8 2001,CONCACAF Ch & Car Cup q in Guyana,Saint Martin,Dominica,1078,1075,3,2,20,-20,1098,1055,174,186,1,-4,175,182,40,0,3
8422,Apr 8 2001,CONCACAF Ch & Car Cup q in Martinique,St Vincent & Grenadines,British Virgin Islands,1247,885,6,0,9,-9,1256,876,143,201,0,0,143,201,40,0,362
8423,Apr 8 2001,CONCACAF Ch & Car Cup q in Suriname,Suriname,Grenada,1289,1309,3,1,23,-23,1312,1286,116,146,10,-10,126,136,40,100,80
8424,Apr 9 2001,World Cup qualifier in Australia,Australia,Tonga,1781,664,22,0,0,0,1781,664,25,217,0,0,25,217,20,0,1117
8425,Apr 9 2001,World Cup qualifier in Australia,Samoa,Eastern Samoa,684,441,8,0,19,-19,703,422,212,226,2,0,214,226,40,0,243
8426,Apr 10 2001,CONCACAF Ch & Car Cup q in Haiti,Haiti,US Virgin Islands,1403,706,12,1,1,-1,1404,705,107,213,0,0,107,213,20,0,697
8427,Apr 10 2001,CONCACAF Ch & Car Cup q in Haiti,Saint Lucia,Guadeloupe,1237,1328,3,2,25,-25,1262,1303,131,137,9,-7,140,130,40,0,-91
8428,Apr 11 2001,World Cup qualifier in Australia,Australia,Eastern Samoa,1781,422,31,0,0,0,1781,422,25,226,0,0,25,226,20,0,1359
8429,Apr 11 2001,World Cup qualifier in Australia,Fiji,Samoa,1427,703,6,1,1,-1,1428,702,93,214,0,0,93,214,20,0,724
8430,Apr 11 2001,Friendly in Mexico,Mexico,Chile,1784,1676,1,0,5,-5,1789,1671,22,48,1,-2,23,46,20,100,208
8431,Apr 12 2001,CONCACAF Ch & Car Cup q in Haiti,Guadeloupe,US Virgin Islands,1303,705,11,0,3,-3,1306,702,126,213,2,0,128,213,30,0,598
8432,Apr 12 2001,CONCACAF Ch & Car Cup q in Haiti,Haiti,Saint Lucia,1404,1262,3,2,8,-8,1412,1254,93,148,7,-4,100,144,40,100,242
8433,Apr 12 2001,World Cup qualifier in Iraq,Iraq,Macao,1601,979,8,0,1,-1,1602,978,58,191,0,-1,58,190,20,0,622
8434,Apr 12 2001,World Cup qualifier in Iraq,Kazakhstan,Nepal,1444,783,6,0,2,-2,1446,781,89,207,0,0,89,207,40,0,661
8435,Apr 14 2001,World Cup qualifier in Australia,Australia,Fiji,1781,1428,2,0,4,-4,1785,1424,25,97,0,-2,25,95,40,100,453
8436,Apr 14 2001,World Cup qualifier in Brunei,Brunei,United Arab Emirates,743,1464,0,12,-3,3,740,1467,210,82,0,1,210,83,40,100,-621
8437,Apr 14 2001,CONCACAF Ch & Car Cup q in Haiti,Haiti,Guadeloupe,1412,1306,2,0,14,-14,1426,1292,86,138,7,-5,93,133,40,100,206
8438,Apr 14 2001,World Cup qualifier in Iraq,Iraq,Nepal,1602,781,9,1,0,0,1602,781,58,207,0,0,58,207,20,0,821
8439,Apr 14 2001,World Cup qualifier in Iraq,Kazakhstan,Macao,1446,978,3,0,4,-4,1450,974,89,192,0,-1,89,191,40,0,468
8440,Apr 14 2001,CONCACAF Ch & Car Cup q in Haiti,Saint Lucia,US Virgin Islands,1254,702,14,1,5,-5,1259,697,142,217,1,-2,143,215,40,0,552
8441,Apr 14 2001,World Cup qualifier in Australia,Tonga,Eastern Samoa,664,422,5,0,16,-16,680,406,217,226,0,0,217,226,40,0,242
8442,Apr 15 2001,World Cup qualifier in Cambodia,Cambodia,Maldives,898,904,1,1,-5,5,893,909,198,195,-1,0,197,195,40,100,94
8443,Apr 15 2001,World Cup qualifier in India,India,Yemen,1114,1191,1,1,-1,1,1113,1192,170,157,0,1,170,158,20,100,23
8444,Apr 16 2001,World Cup qualifier in Australia,Australia,Samoa,1785,702,11,0,0,0,1785,702,25,213,0,0,25,213,20,0,1083
8445,Apr 16 2001,Friendly in Bahrain,Bahrain,Oman,1412,1304,0,1,-15,15,1397,1319,117,120,-8,4,109,124,20,100,208
8446,Apr 16 2001,World Cup qualifier in Australia,Fiji,Tonga,1424,680,8,1,1,-1,1425,679,93,217,1,0,94,217,20,0,744
8447,Apr 16 2001,World Cup qualifier in Iraq,Iraq,Kazakhstan,1602,1450,1,1,-12,12,1590,1462,60,81,-1,4,59,85,40,100,252
8448,Apr 16 2001,World Cup qualifier in Iraq,Nepal,Macao,781,974,4,1,53,-53,834,921,205,195,1,-2,206,193,40,0,-193
8449,Apr 18 2001,Friendly in Costa Rica,Costa Rica,Venezuela,1663,1408,2,2,-8,8,1655,1416,50,95,0,4,50,99,20,100,355
8450,Apr 21 2001,World Cup qualifier in Burkina Faso,Burkina Faso,Malawi,1377,1281,4,2,15,-15,1392,1266,104,139,6,-1,110,138,40,100,196
8451,Apr 21 2001,World Cup qualifier in Kazakhstan,Iraq,Macao,1590,921,5,0,2,-2,1592,919,57,193,1,0,58,193,40,0,669
8452,Apr 21 2001,World Cup qualifier in Kazakhstan,Kazakhstan,Nepal,1462,834,4,0,1,-1,1463,833,85,206,0,0,85,206,20,0,628
8453,Apr 21 2001,World Cup qualifier in Morocco,Morocco,Namibia,1710,1325,3,0,4,-4,1714,1321,35,125,1,-1,36,124,40,100,485
8454,Apr 21 2001,World Cup qualifier in Senegal,Senegal,Algeria,1518,1545,3,0,28,-28,1546,1517,61,76,5,-5,66,71,30,0,-27
8455,Apr 21 2001,World Cup qualifier in Sierra Leone,Sierra Leone,Nigeria,1301,1694,1,0,34,-34,1335,1660,114,57,8,-8,122,49,40,100,-293
8456,Apr 21 2001,World Cup qualifier in Zambia,Zambia,Angola,1459,1483,1,1,-4,4,1455,1487,88,79,-1,1,87,80,40,100,76
8457,Apr 22 2001,World Cup qualifier in Cameroon,Cameroon,Libya,1744,1431,1,0,3,-3,1747,1428,32,94,0,-1,32,93,20,0,313
8458,Apr 22 2001,World Cup qualifier in China,China,Maldives,1671,909,10,1,1,-1,1672,908,45,195,0,0,45,195,20,0,762
8459,Apr 22 2001,World Cup qualifier in the Dem Rep of the Congo,DR Congo,Madagascar,1416,1419,1,0,15,-15,1431,1404,85,114,7,-8,92,106,30,0,-3
8460,Apr 22 2001,World Cup qualifier in Indonesia,Indonesia,Cambodia,1364,893,6,0,3,-3,1367,890,117,199,1,-1,118,198,20,0,471
8461,Apr 22 2001,World Cup qualifier in Ivory Coast,Ivory Coast,Congo,1604,1370,2,0,8,-8,1612,1362,57,122,0,-2,57,120,40,100,334
8462,Apr 22 2001,World Cup qualifier in Liberia,Liberia,Sudan,1523,1387,2,0,12,-12,1535,1375,68,119,1,-3,69,116,40,100,236
8463,Apr 22 2001,Friendly in Mozambique,Mozambique,Lesotho,1243,1202,1,0,6,-6,1249,1196,145,157,1,-1,146,156,20,100,141
8464,Apr 23 2001,World Cup qualifier in Kazakhstan,Iraq,Nepal,1592,833,4,2,1,-1,1593,832,58,206,0,0,58,206,30,0,759
8465,Apr 23 2001,World Cup qualifier in Kazakhstan,Kazakhstan,Macao,1463,919,5,0,2,-2,1465,917,85,195,0,-1,85,194,20,0,544
8466,Apr 23 2001,World Cup qualifier in Uzbekistan,Turkmenistan,Jordan,1398,1425,2,0,32,-32,1430,1393,78,123,15,-14,93,109,40,0,-27
8467,Apr 23 2001,World Cup qualifier in Uzbekistan,Uzbekistan,Taiwan,1440,1035,7,0,5,-5,1445,1030,90,185,0,0,90,185,40,100,505
8468,Apr 24 2001,Friendly in Belize,Belize,Nicaragua,1075,919,2,0,6,-6,1081,913,176,195,1,-1,177,194,20,100,256
8469,Apr 24 2001,World Cup qualifier in Chile,Chile,Uruguay,1671,1749,0,1,-21,21,1650,1770,56,23,-5,4,51,27,40,100,22
8470,Apr 24 2001,World Cup qualifier in Ecuador,Ecuador,Paraguay,1721,1881,2,1,23,-23,1744,1858,29,14,3,-1,32,13,40,100,-60
8471,Apr 24 2001,Friendly tournament in Egypt,Egypt,Canada,1649,1632,3,0,18,-18,1667,1614,41,59,5,-3,46,56,30,100,117
8472,Apr 24 2001,Friendly in Georgia,Georgia,Israel,1538,1667,3,2,11,-11,1549,1656,64,51,2,-2,66,49,20,100,-29
8473,Apr 24 2001,Friendly in Panama,Panama,Haiti,1406,1426,2,0,12,-12,1418,1414,94,107,5,-6,99,101,20,100,80
8474,Apr 24 2001,Friendly tournament in Egypt,South Korea,Iran,1763,1758,1,0,15,-15,1778,1743,25,37,1,-4,26,33,30,0,5
8475,Apr 24 2001,World Cup qualifier in Venezuela,Venezuela,Colombia,1416,1802,2,2,14,-14,1430,1788,87,26,6,-2,93,24,40,100,-286
8476,Apr 25 2001,World Cup qualifier in Austria,Austria,Liechtenstein,1726,1063,2,0,1,-1,1727,1062,35,180,0,0,35,180,20,0,663
8477,Apr 25 2001,World Cup qualifier in Bolivia,Bolivia,Argentina,1568,2016,3,3,15,-15,1583,2001,59,7,2,-2,61,5,40,100,-348
8478,Apr 25 2001,World Cup qualifier in Brazil,Brazil,Peru,1993,1694,1,1,-16,16,1977,1710,6,33,0,4,6,37,40,100,399
8479,Apr 25 2001,Friendly in Croatia,Croatia,Greece,1894,1682,2,2,-7,7,1887,1689,10,42,0,0,10,42,20,100,312
8480,Apr 25 2001,Friendly in Czechia,Czechia,Belgium,1911,1789,1,1,-6,6,1905,1795,10,22,-1,0,9,22,20,100,222
8481,Apr 25 2001,Friendly in Denmark,Denmark,Slovenia,1830,1666,3,0,6,-6,1836,1660,15,47,1,0,16,47,20,100,264
8482,Apr 25 2001,Friendly in France,France,Portugal,2107,2012,4,0,9,-9,2116,2003,1,2,0,1,1,3,20,100,195
8483,Apr 25 2001,Friendly in Hungary,Hungary,Finland,1649,1619,0,0,-4,4,1645,1623,52,55,0,0,52,55,20,100,130
8484,Apr 25 2001,World Cup qualifier in Ireland,Ireland,Andorra,1833,1051,3,1,0,0,1833,1051,20,183,-3,0,17,183,20,0,782
8485,Apr 25 2001,Friendly in Italy,Italy,South Africa,2026,1674,1,0,1,-1,2027,1673,2,45,0,-1,2,44,20,100,452
8486,Apr 25 2001,World Cup qualifier in Jamaica,Jamaica,Honduras,1580,1701,1,1,1,-1,1581,1700,64,40,-1,0,63,40,20,100,-21
8487,Apr 25 2001,World Cup qualifier in Uzbekistan,Jordan,Taiwan,1393,1030,2,0,7,-7,1400,1023,105,187,2,-1,107,186,40,0,363
8488,Apr 25 2001,World Cup qualifier in Kazakhstan,Kazakhstan,Iraq,1465,1593,1,1,2,-2,1467,1591,81,60,2,-1,83,59,40,100,-28
8489,Apr 25 2001,World Cup qualifier in Latvia,Latvia,San Marino,1420,936,1,1,-19,19,1401,955,115,191,-9,0,106,191,40,100,584
8490,Apr 25 2001,Friendly in Lebanon,Lebanon,Philippines,1388,717,3,0,0,0,1388,717,114,211,-1,0,113,211,20,100,771
8491,Apr 25 2001,World Cup qualifier in Malta,Malta,Iceland,1228,1591,1,4,-13,13,1215,1604,151,57,0,1,151,58,40,100,-263
8492,Apr 25 2001,Friendly in Moldova,Moldova,Estonia,1399,1386,0,0,-3,3,1396,1389,111,111,-2,1,109,112,20,100,113
8493,Apr 25 2001,World Cup qualifier in Kazakhstan,Nepal,Macao,832,917,6,1,50,-50,882,867,194,211,6,-9,200,202,40,0,-85
8494,Apr 25 2001,World Cup qualifier in the Netherlands,Netherlands,Cyprus,1999,1515,4,0,3,-3,2002,1512,3,76,1,-2,4,74,30,0,484
8495,Apr 25 2001,Friendly in Norway,Norway,Bulgaria,1754,1714,2,1,6,-6,1760,1708,28,42,1,-3,29,39,20,100,140
8496,Apr 25 2001,Friendly in Poland,Poland,Scotland,1806,1742,1,1,-4,4,1802,1746,21,28,0,3,21,31,20,100,164
8497,Apr 25 2001,Friendly in Romania,Romania,Slovakia,1832,1761,0,0,-5,5,1827,1766,23,27,-4,1,19,28,20,100,171
8498,Apr 25 2001,Friendly in Spain,Spain,Japan,1954,1807,1,0,4,-4,1958,1803,7,20,0,0,7,20,20,100,247
8499,Apr 25 2001,Friendly in Switzerland,Switzerland,Sweden,1710,1816,0,2,-15,15,1695,1831,44,17,-3,1,41,18,20,100,-6
8500,Apr 25 2001,World Cup qualifier in Trinidad and Tobago,Trinidad and Tobago,Mexico,1630,1789,1,1,3,-3,1633,1786,52,26,1,-2,53,24,30,100,-59
8501,Apr 25 2001,Friendly in Turkey,Turkey,Albania,1769,1487,0,2,-27,27,1742,1514,40,64,-6,8,34,72,20,100,382
8502,Apr 25 2001,World Cup qualifier in the United States,United States,Costa Rica,1832,1655,1,0,7,-7,1839,1648,15,52,0,-1,15,51,40,100,277
8503,Apr 25 2001,World Cup qualifier in Uzbekistan,Uzbekistan,Turkmenistan,1445,1430,1,0,14,-14,1459,1416,82,103,4,-5,86,98,30,0,15
8504,Apr 25 2001,World Cup qualifier in Yugoslavia,Yugoslavia,Russia,1875,1819,0,1,-28,28,1847,1847,14,8,-1,5,13,13,40,100,156
8505,Apr 26 2001,Friendly in Belize,Belize,Nicaragua,1081,913,2,1,4,-4,1085,909,177,193,0,0,177,193,20,100,268
8506,Apr 26 2001,Friendly tournament in Egypt,Canada,Iran,1614,1743,1,0,20,-20,1634,1723,50,37,3,-2,53,35,30,0,-129
8507,Apr 26 2001,Friendly tournament in Egypt,Egypt,South Korea,1667,1778,1,2,-15,15,1652,1793,52,20,-3,3,49,23,30,100,-11
8508,Apr 26 2001,World Cup qualifier in the United Arab Emirates,United Arab Emirates,India,1467,1113,1,0,3,-3,1470,1110,81,170,1,0,82,170,30,0,354
8509,Apr 27 2001,World Cup qualifier in Uzbekistan,Turkmenistan,Taiwan,1416,1023,5,0,8,-8,1424,1015,94,186,2,0,96,186,40,0,393
8510,Apr 27 2001,World Cup qualifier in Uzbekistan,Uzbekistan,Jordan,1459,1400,2,2,-9,9,1450,1409,94,99,-4,4,90,103,40,100,159
8511,Apr 27 2001,World Cup qualifier in Yemen,Yemen,Brunei,1192,740,1,0,2,-2,1194,738,158,210,0,0,158,210,30,0,452
8512,Apr 28 2001,Friendly in Bangladesh,Bangladesh,Bhutan,1011,562,3,1,1,-1,1012,561,187,222,0,0,187,222,20,100,549
8513,Apr 28 2001,World Cup qualifier in Congo,Congo,Madagascar,1362,1404,2,0,25,-25,1387,1379,106,122,7,-8,113,114,30,0,-42
8514,Apr 28 2001,World Cup qualifier in the Maldives,Maldives,China,908,1672,0,1,-1,1,907,1673,194,43,0,1,194,44,30,100,-664
8515,Apr 29 2001,World Cup qualifier in Cambodia,Cambodia,Indonesia,890,1367,0,2,-6,6,884,1373,201,117,-2,1,199,118,40,100,-377
8516,Apr 29 2001,COSAFA Cup in Mozambique,Mozambique,South Africa,1249,1673,0,3,-9,9,1240,1682,152,42,-3,1,149,43,40,100,-324
8517,Apr 30 2001,World Cup qualifier in Oman,Oman,Laos,1319,896,12,0,5,-5,1324,891,123,197,1,-1,124,196,20,0,423
8518,Apr 30 2001,World Cup qualifier in Syria,Syria,Philippines,1497,717,12,0,1,-1,1498,716,76,211,0,0,76,211,20,0,780
8519,May 3 2001,World Cup qualifier in Jordan,Jordan,Taiwan,1409,1015,6,0,5,-5,1414,1010,95,188,4,-1,99,187,40,100,494
8520,May 3 2001,World Cup qualifier in Jordan,Uzbekistan,Turkmenistan,1450,1424,5,2,32,-32,1482,1392,74,120,8,-12,82,108,40,0,26
8521,May 4 2001,World Cup qualifier in Algeria,Algeria,Morocco,1517,1714,1,2,-15,15,1502,1729,77,32,-3,2,74,34,40,100,-97
8522,May 4 2001,World Cup qualifier in Oman,Oman,Laos,1324,891,7,0,4,-4,1328,887,124,198,0,-1,124,197,40,100,533
8523,May 4 2001,World Cup qualifier in Syria,Syria,Philippines,1498,716,5,1,0,0,1498,716,76,211,0,0,76,211,20,0,782
8524,May 4 2001,World Cup qualifier in the United Arab Emirates,United Arab Emirates,Brunei,1470,738,4,0,1,-1,1471,737,83,210,0,0,83,210,20,0,732
8525,May 4 2001,World Cup qualifier in Yemen,Yemen,India,1194,1110,3,3,-10,10,1184,1120,160,170,-1,0,159,170,40,100,184
8526,May 5 2001,World Cup qualifier in Jordan,Jordan,Turkmenistan,1414,1392,1,2,-27,27,1387,1419,125,86,-13,11,112,97,40,100,122
8527,May 5 2001,World Cup qualifier in Madagascar,Madagascar,Tunisia,1379,1632,0,2,-18,18,1361,1650,126,45,-6,5,120,50,40,100,-153
8528,May 5 2001,World Cup qualifier in Nigeria,Nigeria,Liberia,1660,1535,2,0,13,-13,1673,1522,44,71,1,-1,45,70,40,100,225
8529,May 5 2001,World Cup qualifier in Sierra Leone,Sierra Leone,Ghana,1335,1466,1,1,2,-2,1337,1464,122,86,0,0,122,86,40,100,-31
8530,May 5 2001,World Cup qualifier in South Africa,South Africa,Zimbabwe,1682,1494,2,1,6,-6,1688,1488,43,81,0,-1,43,80,40,100,288
8531,May 5 2001,Friendly in Saint Kitts and Nevis,Saint Kitts and Nevis,Puerto Rico,1266,890,2,0,2,-2,1268,888,138,196,0,0,138,196,20,100,476
8532,May 5 2001,World Cup qualifier in Jordan,Uzbekistan,Taiwan,1482,1010,4,0,5,-5,1487,1005,80,187,1,0,81,187,40,0,472
8533,May 6 2001,World Cup qualifier in Angola,Angola,Cameroon,1487,1747,2,0,43,-43,1530,1704,57,48,12,-9,69,39,40,100,-160
8534,May 6 2001,World Cup qualifier in Cambodia,Cambodia,China,884,1673,0,4,-1,1,883,1674,199,43,0,1,199,44,20,100,-689
8535,May 6 2001,World Cup qualifier in Congo,Congo,DR Congo,1387,1431,1,1,-3,3,1384,1434,114,94,-1,-1,113,93,40,100,56
8536,May 6 2001,World Cup qualifier in Egypt,Egypt,Senegal,1652,1546,1,0,9,-9,1661,1537,45,69,2,-1,47,68,40,100,206
8537,May 6 2001,World Cup qualifier in the Maldives,Maldives,Indonesia,907,1373,0,2,-7,7,900,1380,194,111,0,3,194,114,40,100,-366
8538,May 6 2001,Friendly in Saint Kitts and Nevis,Saint Kitts and Nevis,Puerto Rico,1268,888,4,1,2,-2,1270,886,138,200,0,-2,138,198,20,100,480
8539,May 6 2001,World Cup qualifier in Togo,Togo,Zambia,1420,1455,3,2,16,-16,1436,1439,86,92,5,-2,91,90,40,100,65
8540,May 7 2001,World Cup qualifier in Jordan,Jordan,Uzbekistan,1387,1487,1,1,0,0,1387,1487,112,82,0,0,112,82,20,100,0
8541,May 7 2001,World Cup qualifier in Oman,Oman,Philippines,1328,716,7,0,1,-1,1329,715,124,213,0,-1,124,212,20,0,612
8542,May 7 2001,World Cup qualifier in Syria,Syria,Laos,1498,887,11,0,2,-2,1500,885,75,200,1,-2,76,198,20,0,611
8543,May 7 2001,World Cup qualifier in Jordan,Turkmenistan,Taiwan,1419,1005,1,0,3,-3,1422,1002,97,187,0,0,97,187,30,0,414
8544,May 9 2001,Friendly in Estonia,Estonia,Finland,1389,1623,1,1,4,-4,1393,1619,106,56,2,0,108,56,20,100,-134
8545,May 9 2001,Friendly in Georgia,Georgia,Azerbaijan,1549,1261,1,0,2,-2,1551,1259,66,143,0,-1,66,142,20,100,388
8546,May 10 2001,Friendly in Trinidad and Tobago,Trinidad and Tobago,Grenada,1633,1286,5,3,2,-2,1635,1284,53,136,1,0,54,136,20,100,447
8547,May 11 2001,World Cup qualifier in Oman,Oman,Philippines,1329,715,2,0,1,-1,1330,714,124,212,0,0,124,212,20,0,614
8548,May 11 2001,World Cup qualifier in Syria,Syria,Laos,1500,885,9,0,2,-2,1502,883,74,198,1,0,75,198,30,0,615
8549,May 11 2001,World Cup qualifier in Yemen,Yemen,United Arab Emirates,1184,1471,2,1,30,-30,1214,1441,145,95,7,-6,152,89,40,100,-187
8550,May 12 2001,World Cup qualifier in Brunei,Brunei,India,737,1120,0,1,-7,7,730,1127,210,166,0,2,210,168,40,100,-283
8551,May 13 2001,World Cup qualifier in China,China,Indonesia,1674,1380,5,1,7,-7,1681,1373,44,120,0,-3,44,117,40,100,394
8552,May 13 2001,World Cup qualifier in Lebanon,Lebanon,Pakistan,1388,808,6,0,2,-2,1390,806,109,207,1,0,110,207,30,0,580
8553,May 13 2001,World Cup qualifier in Lebanon,Thailand,Sri Lanka,1500,893,4,2,2,-2,1502,891,73,195,2,0,75,195,40,0,607
8554,May 15 2001,CONCACAF Ch q & Car Cup in Trinidad and Tobago,Jamaica,Martinique,1581,1378,1,0,9,-9,1590,1369,57,121,3,-3,60,118,40,0,203
8555,May 15 2001,World Cup qualifier in Lebanon,Lebanon,Sri Lanka,1390,891,4,0,2,-2,1392,889,108,195,1,0,109,195,20,0,499
8556,May 15 2001,World Cup qualifier in Lebanon,Thailand,Pakistan,1502,806,3,0,1,-1,1503,805,75,207,0,0,75,207,20,0,696
8557,May 15 2001,CONCACAF Ch q & Car Cup in Trinidad and Tobago,Trinidad and Tobago,Barbados,1635,1363,5,0,8,-8,1643,1355,54,121,0,-1,54,120,40,100,372
8558,May 16 2001,CONCACAF Ch q & Car Cup in Trinidad and Tobago,Cuba,Suriname,1495,1312,4,3,10,-10,1505,1302,71,133,4,-3,75,130,40,0,183
8559,May 16 2001,CONCACAF Ch q & Car Cup in Trinidad and Tobago,Haiti,Saint Kitts and Nevis,1414,1270,7,2,24,-24,1438,1246,82,152,9,-7,91,145,40,0,144
8560,May 17 2001,World Cup qualifier in Lebanon,Lebanon,Thailand,1392,1503,1,2,-19,19,1373,1522,123,66,-7,5,116,71,40,100,-11
8561,May 17 2001,CONCACAF Ch q & Car Cup in Trinidad and Tobago,Martinique,Barbados,1369,1355,3,1,29,-29,1398,1326,94,128,12,-4,106,124,40,0,14
8562,May 17 2001,World Cup qualifier in Lebanon,Pakistan,Sri Lanka,805,889,3,3,5,-5,810,884,207,199,0,-2,207,197,40,0,-84
8563,May 17 2001,CONCACAF Ch q & Car Cup in Trinidad and Tobago,Trinidad and Tobago,Jamaica,1643,1590,2,1,12,-12,1655,1578,46,66,4,-3,50,63,40,100,153
8564,May 18 2001,CONCACAF Ch q & Car Cup in Trinidad and Tobago,Cuba,Saint Kitts and Nevis,1505,1246,1,1,-13,13,1492,1259,82,137,-3,4,79,141,40,0,259
8565,May 18 2001,CONCACAF Ch q & Car Cup in Trinidad and Tobago,Haiti,Suriname,1438,1302,1,1,-7,7,1431,1309,97,124,-3,3,94,127,40,0,136
8566,May 18 2001,World Cup qualifier in Syria,Syria,Oman,1502,1330,3,3,-13,13,1489,1343,83,119,-3,2,80,121,40,100,272
8567,May 18 2001,World Cup qualifier in the United Arab Emirates,United Arab Emirates,Yemen,1441,1214,3,2,5,-5,1446,1209,89,154,0,-1,89,153,40,100,327
8568,May 19 2001,CONCACAF Ch q & Car Cup in Trinidad and Tobago,Jamaica,Barbados,1578,1326,2,1,8,-8,1586,1318,59,126,2,-1,61,125,40,0,252
8569,May 19 2001,World Cup qualifier in Laos,Laos,Philippines,883,714,2,0,11,-11,894,703,192,212,3,0,195,212,40,100,269
8570,May 19 2001,CONCACAF Ch q & Car Cup in Trinidad and Tobago,Trinidad and Tobago,Martinique,1655,1398,1,2,-35,35,1620,1433,60,82,-5,12,55,94,40,100,357
8571,May 20 2001,World Cup qualifier in China,China,Cambodia,1681,883,3,1,0,0,1681,883,44,199,0,0,44,199,20,0,798
8572,May 20 2001,CONCACAF Ch q & Car Cup in Trinidad and Tobago,Cuba,Haiti,1492,1431,0,0,-3,3,1489,1434,79,91,0,2,79,93,30,0,61
8573,May 20 2001,World Cup qualifier in India,India,Brunei,1127,730,5,0,4,-4,1131,726,168,210,0,0,168,210,20,0,397
8574,May 20 2001,Friendly in Lesotho,Lesotho,Swaziland,1196,1199,1,0,7,-7,1203,1192,155,160,1,-2,156,158,20,100,97
8575,May 20 2001,CONCACAF Ch q & Car Cup in Trinidad and Tobago,Saint Kitts and Nevis,Suriname,1259,1309,4,0,43,-43,1302,1266,119,149,11,-11,130,138,40,0,-50
8576,May 20 2001,World Cup qualifier in Tunisia,Tunisia,Ivory Coast,1650,1612,1,1,-8,8,1642,1620,56,53,-3,2,53,55,40,100,138
8577,May 22 2001,CONCACAF Ch q & Car Cup in Trinidad and Tobago,Haiti,Martinique,1434,1433,5,0,40,-40,1474,1393,73,121,10,-13,83,108,40,0,1
8578,May 22 2001,Friendly in Singapore,Singapore,New Zealand,1205,1541,3,0,28,-28,1233,1513,145,79,5,-6,150,73,20,100,-236
8579,May 22 2001,CONCACAF Ch q & Car Cup in Trinidad and Tobago,Trinidad and Tobago,Cuba,1620,1489,2,0,13,-13,1633,1476,55,85,0,-3,55,82,40,100,231
8580,May 23 2001,N Am Ch q & UNCAF Cup in Honduras,Costa Rica,Belize,1648,1085,4,0,3,-3,1651,1082,49,177,1,0,50,177,40,0,563
8581,May 23 2001,N Am Ch q & UNCAF Cup in Honduras,El Salvador,Nicaragua,1453,909,3,0,3,-3,1456,906,88,193,0,0,88,193,40,0,544
8582,May 23 2001,N Am Ch q & UNCAF Cup in Honduras,Honduras,Panama,1700,1418,1,2,-36,36,1664,1454,52,79,-6,10,46,89,40,100,382
8583,May 23 2001,East Asian Games in Japan,Macao,Mongolia,867,842,4,0,35,-35,902,807,186,208,8,-1,194,207,40,0,25
8584,May 24 2001,CONCACAF Ch q & Car Cup in Trinidad and Tobago,Martinique,Cuba,1393,1476,1,0,25,-25,1418,1451,92,96,8,-7,100,89,40,0,-83
8585,May 25 2001,N Am Ch q & UNCAF Cup in Honduras,Belize,Guatemala,1082,1527,3,3,17,-17,1099,1510,173,81,2,-6,175,75,40,0,-445
8586,May 25 2001,N Am Ch q & UNCAF Cup in Honduras,El Salvador,Panama,1456,1454,2,1,20,-20,1476,1434,75,100,6,-6,81,94,40,0,2
8587,May 25 2001,Friendly in England,England,Mexico,1883,1786,4,0,9,-9,1892,1777,9,27,1,-1,10,26,20,100,197
8588,May 25 2001,N Am Ch q & UNCAF Cup in Honduras,Honduras,Nicaragua,1664,906,10,2,1,-1,1665,905,46,193,0,0,46,193,20,0,758
8589,May 25 2001,World Cup qualifier in Oman,Oman,Syria,1343,1489,2,0,34,-34,1377,1455,109,95,6,-8,115,87,40,100,-46
8590,May 25 2001,Friendly in South Korea,South Korea,Cameroon,1793,1704,0,0,-5,5,1788,1709,23,35,0,2,23,37,20,100,189
8591,May 25 2001,Caribbean Cup in Trinidad and Tobago,Trinidad and Tobago,Haiti,1633,1474,3,0,13,-13,1646,1461,49,88,3,-3,52,85,40,100,259
8592,May 26 2001,World Cup qualifier in Thailand,Lebanon,Pakistan,1373,810,8,1,3,-3,1376,807,115,206,1,0,116,206,30,0,563
8593,May 26 2001,World Cup qualifier in the Philippines,Philippines,Laos,703,894,1,1,5,-5,708,889,212,196,0,0,212,196,20,0,-191
8594,May 26 2001,World Cup qualifier in Thailand,Thailand,Sri Lanka,1522,884,3,0,1,-1,1523,883,69,199,0,0,69,199,20,0,638
8595,May 27 2001,N Am Ch q & UNCAF Cup in Honduras,Costa Rica,Guatemala,1651,1510,1,1,-8,8,1643,1518,56,67,-3,4,53,71,40,0,141
8596,May 27 2001,N Am Ch q & UNCAF Cup in Honduras,Honduras,El Salvador,1665,1476,1,1,-14,14,1651,1490,52,77,-3,2,49,79,40,100,289
8597,May 27 2001,World Cup qualifier in Indonesia,Indonesia,China,1373,1681,0,2,-14,14,1359,1695,122,37,-2,3,120,40,40,100,-208
8598,May 27 2001,N Am Ch q & UNCAF Cup in Honduras,Panama,Nicaragua,1434,905,6,0,4,-4,1438,901,90,195,2,-1,92,194,40,0,529
8599,May 28 2001,World Cup qualifier in Thailand,Lebanon,Sri Lanka,1376,883,5,0,4,-4,1380,879,112,203,2,-2,114,201,40,0,493
8600,May 28 2001,World Cup qualifier in Thailand,Thailand,Pakistan,1523,807,6,0,1,-1,1524,806,69,208,0,-1,69,207,20,0,716
8601,May 29 2001,Friendly in Germany,Germany,Slovakia,1906,1766,2,0,6,-6,1912,1760,8,28,0,0,8,28,20,100,240
8602,May 30 2001,Confederations Cup in South Korea,Australia,Mexico,1785,1777,2,0,37,-37,1822,1740,15,38,5,-6,20,32,50,0,8
8603,May 30 2001,N Am Ch q & UNCAF Cup in Honduras,Costa Rica,Panama,1643,1438,2,1,9,-9,1652,1429,45,100,4,-4,49,96,40,0,205
8604,May 30 2001,N Am Ch q & UNCAF Cup in Honduras,El Salvador,Guatemala,1490,1518,0,0,2,-2,1492,1516,79,69,0,1,79,70,40,0,-28
8605,May 30 2001,Confederations Cup in South Korea,South Korea,France,1788,2116,0,5,-21,21,1767,2137,29,1,-3,0,26,1,50,100,-228
8606,May 30 2001,World Cup qualifier in Thailand,Sri Lanka,Pakistan,879,806,3,1,24,-24,903,782,185,207,8,0,193,207,40,0,73
8607,May 30 2001,World Cup qualifier in Thailand,Thailand,Lebanon,1524,1380,2,2,-12,12,1512,1392,79,106,-5,4,74,110,40,100,244
8608,May 31 2001,Confederations Cup in Japan,Brazil,Cameroon,1977,1709,2,0,13,-13,1990,1696,6,41,0,-2,6,39,50,0,268
8609,May 31 2001,Confederations Cup in Japan,Japan,Canada,1803,1634,3,0,15,-15,1818,1619,21,57,0,-1,21,56,50,100,269
8610,Jun 1 2001,African Nations Cup qualifier in Algeria,Algeria,Angola,1502,1530,3,2,16,-16,1518,1514,64,74,6,-3,70,71,30,0,-28
8611,Jun 1 2001,Confederations Cup in South Korea,Australia,France,1822,2137,1,0,43,-43,1865,2094,4,1,8,0,12,1,50,0,-315
8612,Jun 1 2001,N Am Ch q & UNCAF Cup in Honduras,El Salvador,Panama,1492,1429,1,1,-4,4,1488,1433,79,94,0,1,79,95,20,100,163
8613,Jun 1 2001,N Am Ch q & UNCAF Cup in Honduras,Guatemala,Costa Rica,1516,1652,2,0,41,-41,1557,1611,60,65,5,-8,65,57,40,0,-136
8614,Jun 1 2001,Confederations Cup in South Korea,South Korea,Mexico,1767,1740,2,1,16,-16,1783,1724,24,36,1,-2,25,34,50,100,127
8615,Jun 2 2001,World Cup qualifier in Armenia,Armenia,Belarus,1410,1469,0,0,-2,2,1408,1471,106,84,-2,-1,104,83,30,100,41
8616,Jun 2 2001,World Cup qualifier in Belgium,Belgium,Latvia,1795,1401,3,1,3,-3,1798,1398,23,106,0,0,23,106,20,0,394
8617,Jun 2 2001,Confederations Cup in Japan,Brazil,Canada,1990,1619,0,0,-20,20,1970,1639,6,49,0,3,6,52,50,0,371
8618,Jun 2 2001,World Cup qualifier in Croatia,Croatia,San Marino,1887,955,4,0,0,0,1887,955,9,191,1,0,10,191,20,0,932
8619,Jun 2 2001,World Cup qualifier in Denmark,Denmark,Czechia,1836,1905,2,1,18,-18,1854,1887,11,11,3,-1,14,10,30,0,-69
8620,Jun 2 2001,World Cup qualifier in Estonia,Estonia,Netherlands,1393,2002,2,4,-3,3,1390,2005,113,2,-2,1,111,3,40,100,-509
8621,Jun 2 2001,World Cup qualifier in the Faroe Islands,Faroe Islands,Switzerland,1252,1695,0,1,-5,5,1247,1700,145,36,0,2,145,38,40,100,-343
8622,Jun 2 2001,World Cup qualifier in Finland,Finland,Germany,1619,1912,2,2,10,-10,1629,1902,55,8,0,0,55,8,30,0,-293
8623,Jun 2 2001,African Nations Cup qualifier in Gabon,Gabon,Tunisia,1408,1642,1,1,7,-7,1415,1635,98,53,3,0,101,53,40,100,-134
8624,Jun 2 2001,World Cup qualifier in Georgia,Georgia,Italy,1551,2027,1,2,-4,4,1547,2031,65,2,1,0,66,2,40,100,-376
8625,Jun 2 2001,World Cup qualifier in Greece,Greece,Albania,1689,1514,1,0,7,-7,1696,1507,36,79,3,-4,39,75,40,100,275
8626,Jun 2 2001,World Cup qualifier in Iceland,Iceland,Malta,1604,1215,3,0,4,-4,1608,1211,58,154,0,-1,58,153,40,100,489
8627,Jun 2 2001,World Cup qualifier in Ireland,Ireland,Portugal,1833,2003,1,1,4,-4,1837,1999,20,7,-1,-2,19,5,40,100,-70
8628,Jun 2 2001,Confederations Cup in Japan,Japan,Cameroon,1818,1696,2,0,16,-16,1834,1680,21,47,0,-4,21,43,50,100,222
8629,Jun 2 2001,African Nations Cup qualifier in Kenya,Kenya,Morocco,1379,1729,1,1,12,-12,1391,1717,105,40,5,-4,110,36,40,100,-250
8630,Jun 2 2001,World Cup qualifier in Liechtenstein,Liechtenstein,Israel,1062,1656,0,3,-4,4,1058,1660,180,48,0,0,180,48,40,100,-494
8631,Jun 2 2001,World Cup qualifier in Macedonia,Macedonia,Moldova,1513,1396,2,2,-11,11,1502,1407,79,102,-3,3,76,105,40,100,217
8632,Jun 2 2001,African Nations Cup qualifier in Nigeria,Nigeria,Madagascar,1673,1361,1,0,3,-3,1676,1358,43,121,1,-1,44,120,20,0,312
8633,Jun 2 2001,World Cup qualifier in Northern Ireland,Northern Ireland,Bulgaria,1496,1708,0,1,-14,14,1482,1722,85,32,-4,3,81,35,40,100,-112
8634,Jun 2 2001,World Cup qualifier in Paraguay,Paraguay,Chile,1858,1650,1,0,6,-6,1864,1644,13,52,0,-1,13,51,40,100,308
8635,Jun 2 2001,World Cup qualifier in Peru,Peru,Ecuador,1710,1744,1,2,-24,24,1686,1768,48,24,-6,3,42,27,40,100,66
8636,Jun 2 2001,World Cup qualifier in Romania,Romania,Hungary,1827,1645,2,0,10,-10,1837,1635,18,54,1,-1,19,53,40,100,282
8637,Jun 2 2001,World Cup qualifier in Russia,Russia,Yugoslavia,1847,1847,1,1,-6,6,1841,1853,20,16,-3,-1,17,15,40,100,100
8638,Jun 2 2001,World Cup qualifier in Slovenia,Slovenia,Luxembourg,1660,1137,2,0,2,-2,1662,1135,45,167,1,0,46,167,30,0,523
8639,Jun 2 2001,World Cup qualifier in Spain,Spain,Bosnia and Herzegovina,1958,1563,4,1,4,-4,1962,1559,7,64,0,0,7,64,40,100,495
8640,Jun 2 2001,World Cup qualifier in Sweden,Sweden,Slovakia,1831,1760,2,0,16,-16,1847,1744,13,33,3,-3,16,30,40,100,171
8641,Jun 2 2001,World Cup qualifier in Turkey,Turkey,Azerbaijan,1742,1259,3,0,2,-2,1744,1257,29,144,1,-1,30,143,20,0,483
8642,Jun 2 2001,African Nations Cup qualifier in Uganda,Uganda,Togo,1405,1436,0,3,-42,42,1363,1478,131,72,-13,10,118,82,40,100,69
8643,Jun 2 2001,World Cup qualifier in Ukraine,Ukraine,Norway,1674,1760,0,0,-1,1,1673,1761,46,29,-1,-1,45,28,30,100,14
8644,Jun 2 2001,World Cup qualifier in Wales,Wales,Poland,1557,1802,1,2,-12,12,1545,1814,69,22,-2,0,67,22,40,100,-145
8645,Jun 2 2001,African Nations Cup qualifier in Zambia,Zambia,Namibia,1439,1321,0,0,-11,11,1428,1332,101,124,-5,0,96,124,40,100,218
8646,Jun 3 2001,World Cup qualifier in Argentina,Argentina,Colombia,2001,1788,3,0,10,-10,2011,1778,2,26,1,-1,3,25,40,100,313
8647,Jun 3 2001,World Cup qualifier in Bolivia,Bolivia,Venezuela,1583,1430,5,0,15,-15,1598,1415,56,101,3,-3,59,98,40,100,253
8648,Jun 3 2001,African Nations Cup qualifier in Burundi,Burundi,Burkina Faso,1353,1392,0,0,-3,3,1350,1395,121,108,0,0,121,108,30,100,61
8649,Jun 3 2001,African Nations Cup qualifier in Congo,Congo,Mauritius,1384,1262,0,0,-11,11,1373,1273,116,136,-1,2,115,138,40,100,222
8650,Jun 3 2001,N Am Ch q & UNCAF Cup in Honduras,Costa Rica,El Salvador,1611,1488,1,1,-7,7,1604,1495,59,76,-1,1,58,77,40,0,123
8651,Jun 3 2001,African Nations Cup qualifier in Egypt,Egypt,Sudan,1661,1375,3,2,4,-4,1665,1371,45,116,1,0,46,116,40,100,386
8652,Jun 3 2001,Confederations Cup in South Korea,France,Mexico,2094,1724,4,0,10,-10,2104,1714,1,39,0,-3,1,36,50,0,370
8653,Jun 3 2001,Friendly in The Gambia,Gambia,Senegal,1299,1537,0,0,4,-4,1303,1533,129,68,1,0,130,68,20,100,-138
8654,Jun 3 2001,N Am Ch q & UNCAF Cup in Honduras,Guatemala,Panama,1557,1433,3,1,20,-20,1577,1413,63,108,1,-7,64,101,40,0,124
8655,Jun 3 2001,African Nations Cup qualifier in Lesotho,Lesotho,DR Congo,1203,1434,0,0,7,-7,1210,1427,152,95,2,-1,154,94,40,100,-131
8656,Jun 3 2001,African Nations Cup qualifier in Liberia,Liberia,South Africa,1522,1688,1,1,4,-4,1526,1684,69,43,0,-1,69,42,20,0,-166
8657,Jun 3 2001,African Nations Cup qualifier in Libya,Libya,Ivory Coast,1428,1620,0,3,-26,26,1402,1646,114,44,-9,6,105,50,40,100,-92
8658,Jun 3 2001,Confederations Cup in South Korea,South Korea,Australia,1783,1865,1,0,24,-24,1807,1841,21,20,2,-4,23,16,50,100,18
8659,Jun 3 2001,African Nations Cup qualifier in Zimbabwe,Zimbabwe,Ghana,1488,1464,1,2,-27,27,1461,1491,92,73,-7,6,85,79,40,100,124
8660,Jun 4 2001,Confederations Cup in Japan,Cameroon,Canada,1680,1639,2,0,33,-33,1713,1606,31,61,6,-4,37,57,50,0,41
8661,Jun 4 2001,Confederations Cup in Japan,Japan,Brazil,1834,1970,0,0,3,-3,1837,1967,17,6,2,0,19,6,50,100,-36
8662,Jun 4 2001,World Cup qualifier in New Zealand,Solomon Islands,Cook Islands,1307,716,9,1,3,-3,1310,713,128,211,0,0,128,211,40,0,591
8663,Jun 4 2001,World Cup qualifier in New Zealand,Tahiti,Vanuatu,1304,1142,6,1,23,-23,1327,1119,121,175,4,-5,125,170,40,0,162
8664,Jun 6 2001,World Cup qualifier in Albania,Albania,Germany,1507,1902,0,2,-9,9,1498,1911,77,10,-1,-1,76,9,40,100,-295
8665,Jun 6 2001,World Cup qualifier in Armenia,Armenia,Poland,1408,1814,1,1,14,-14,1422,1800,89,24,7,-1,96,23,40,100,-306
8666,Jun 6 2001,World Cup qualifier in Azerbaijan,Azerbaijan,Slovakia,1257,1744,2,0,54,-54,1311,1690,113,48,15,-9,128,39,40,100,-387
8667,Jun 6 2001,World Cup qualifier in Czechia,Czechia,Northern Ireland,1887,1482,3,1,3,-3,1890,1479,12,83,-1,-1,11,82,20,0,405
8668,Jun 6 2001,World Cup qualifier in Denmark,Denmark,Malta,1854,1211,2,1,1,-1,1855,1210,15,153,-1,0,14,153,30,0,643
8669,Jun 6 2001,World Cup qualifier in Estonia,Estonia,Ireland,1390,1837,0,2,-7,7,1383,1844,115,13,-2,3,113,16,40,100,-347
8670,Jun 6 2001,World Cup qualifier in the Faroe Islands,Faroe Islands,Yugoslavia,1247,1853,0,6,-4,4,1243,1857,147,12,-1,1,146,13,40,100,-506
8671,Jun 6 2001,World Cup qualifier in Greece,Greece,England,1696,1892,0,2,-22,22,1674,1914,48,7,-4,1,44,8,40,100,-96
8672,Jun 6 2001,World Cup qualifier in Hungary,Hungary,Georgia,1635,1547,4,1,18,-18,1653,1529,45,70,4,-2,49,68,40,100,188
8673,Jun 6 2001,World Cup qualifier in Iceland,Iceland,Bulgaria,1608,1722,1,1,1,-1,1609,1721,56,32,0,1,56,33,30,100,-14
8674,Jun 6 2001,World Cup qualifier in Israel,Israel,Spain,1660,1962,1,1,10,-10,1670,1952,44,7,2,0,46,7,40,100,-202
8675,Jun 6 2001,World Cup qualifier in Latvia,Latvia,Croatia,1398,1887,0,1,-4,4,1394,1891,110,10,-2,0,108,10,40,100,-389
8676,Jun 6 2001,World Cup qualifier in Lithuania,Lithuania,Romania,1415,1837,1,2,-5,5,1410,1842,106,15,-4,2,102,17,40,100,-322
8677,Jun 6 2001,World Cup qualifier in Luxembourg,Luxembourg,Russia,1135,1841,1,2,-1,1,1134,1842,166,18,0,-1,166,17,20,100,-606
8678,Jun 6 2001,World Cup qualifier in New Zealand,New Zealand,Tahiti,1513,1327,5,0,13,-13,1526,1314,66,129,3,-2,69,127,40,100,286
8679,Jun 6 2001,World Cup qualifier in Norway,Norway,Belarus,1761,1471,1,1,-16,16,1745,1487,30,77,-1,3,29,80,40,100,390
8680,Jun 6 2001,World Cup qualifier in Portugal,Portugal,Cyprus,1999,1512,6,0,3,-3,2002,1509,5,77,0,-2,5,75,40,100,587
8681,Jun 6 2001,World Cup qualifier in San Marino,San Marino,Belgium,955,1798,1,4,-1,1,954,1799,191,24,0,0,191,24,30,100,-743
8682,Jun 6 2001,World Cup qualifier in Sweden,Sweden,Moldova,1847,1407,6,0,4,-4,1851,1403,15,104,0,0,15,104,40,100,540
8683,Jun 6 2001,World Cup qualifier in Switzerland,Switzerland,Slovenia,1700,1662,0,1,-28,28,1672,1690,51,31,-6,8,45,39,40,100,138
8684,Jun 6 2001,World Cup qualifier in Turkey,Turkey,Macedonia,1744,1502,3,3,-15,15,1729,1517,30,68,0,4,30,72,40,100,342
8685,Jun 6 2001,World Cup qualifier in Ukraine,Ukraine,Wales,1673,1545,1,1,-12,12,1661,1557,51,65,-3,1,48,66,40,100,228
8686,Jun 6 2001,World Cup qualifier in New Zealand,Vanuatu,Cook Islands,1119,713,8,1,8,-8,1127,705,166,213,2,-1,168,212,40,0,406
8687,Jun 7 2001,Confederations Cup in South Korea,France,Brazil,2104,1967,2,1,16,-16,2120,1951,1,8,0,-1,1,7,50,0,137
8688,Jun 7 2001,Confederations Cup in Japan,Japan,Australia,1837,1841,1,0,18,-18,1855,1823,7,23,7,-2,14,21,50,100,96
8689,Jun 7 2001,Friendly in the United States,United States,Ecuador,1839,1768,0,0,-5,5,1834,1773,20,25,0,1,20,26,20,100,171
8690,Jun 8 2001,World Cup qualifier in New Zealand,New Zealand,Cook Islands,1526,705,2,0,0,0,1526,705,69,212,0,0,69,212,20,0,821
8691,Jun 8 2001,World Cup qualifier in New Zealand,Solomon Islands,Vanuatu,1310,1127,7,2,21,-21,1331,1106,121,174,4,-3,125,171,40,0,183
8692,Jun 9 2001,Confederations Cup in South Korea,Australia,Brazil,1823,1951,1,0,34,-34,1857,1917,5,7,8,0,13,7,50,0,-128
8693,Jun 10 2001,COSAFA Cup in Angola,Angola,Mauritius,1514,1273,1,0,5,-5,1519,1268,69,139,2,0,71,139,40,100,341
8694,Jun 10 2001,Friendly in Jamaica,Jamaica,Cuba,1586,1451,4,1,7,-7,1593,1444,58,93,2,-2,60,91,20,100,235
8695,Jun 10 2001,Confederations Cup in Japan,Japan,France,1855,2120,0,1,-14,14,1841,2134,25,1,-5,0,20,1,50,100,-165
8696,Jun 10 2001,Friendly in Kenya,Kenya,Egypt,1391,1665,1,1,5,-5,1396,1660,104,49,3,-1,107,48,20,100,-174
8697,Jun 10 2001,Friendly in Panama,Panama,Trinidad and Tobago,1413,1646,0,0,4,-4,1417,1642,97,55,2,-2,99,53,20,100,-133
8698,Jun 10 2001,Friendly in Sierra Leone,Sierra Leone,Gambia,1337,1303,1,1,-4,4,1333,1307,124,131,-1,0,123,131,20,100,134
8699,Jun 11 2001,World Cup qualifier in New Zealand,New Zealand,Solomon Islands,1526,1331,5,1,12,-12,1538,1319,65,125,2,0,67,125,40,100,295
8700,Jun 11 2001,World Cup qualifier in New Zealand,Tahiti,Cook Islands,1314,705,6,0,2,-2,1316,703,128,212,0,0,128,212,30,0,609
8701,Jun 13 2001,World Cup qualifier in New Zealand,New Zealand,Vanuatu,1538,1106,7,0,4,-4,1542,1102,67,177,0,-3,67,174,40,100,532
8702,Jun 13 2001,World Cup qualifier in New Zealand,Tahiti,Solomon Islands,1316,1319,2,0,30,-30,1346,1289,116,147,6,-11,122,136,40,0,-3
8703,Jun 16 2001,World Cup qualifier in Jamaica,Jamaica,United States,1593,1834,0,0,8,-8,1601,1826,58,21,1,0,59,21,40,100,-141
8704,Jun 16 2001,African Nations Cup qualifier in Madagascar,Madagascar,Zambia,1358,1428,0,1,-22,22,1336,1450,124,89,-2,2,122,91,40,100,30
8705,Jun 16 2001,African Nations Cup qualifier in Mauritius,Mauritius,Liberia,1268,1526,0,2,-17,17,1251,1543,149,64,-5,3,144,67,40,100,-158
8706,Jun 16 2001,World Cup qualifier in Mexico,Mexico,Costa Rica,1714,1604,1,2,-31,31,1683,1635,51,48,-8,5,43,53,40,100,210
8707,Jun 16 2001,African Nations Cup qualifier in Morocco,Morocco,Gabon,1717,1415,0,1,-36,36,1681,1451,54,78,-10,11,44,89,40,100,402
8708,Jun 16 2001,African Nations Cup qualifier in Namibia,Namibia,Nigeria,1332,1676,0,2,-12,12,1320,1688,125,37,0,3,125,40,40,100,-244
8709,Jun 16 2001,World Cup qualifier in Trinidad and Tobago,Trinidad and Tobago,Honduras,1642,1651,2,4,-38,38,1604,1689,63,28,-5,11,58,39,40,100,91
8710,Jun 17 2001,African Nations Cup qualifier in Angola,Angola,Burundi,1519,1350,2,1,7,-7,1526,1343,69,122,1,-1,70,121,40,100,269
8711,Jun 17 2001,African Nations Cup qualifier in Burkina Faso,Burkina Faso,Algeria,1395,1518,1,0,21,-21,1416,1497,94,80,7,-4,101,76,40,100,-23
8712,Jun 17 2001,African Nations Cup qualifier in the Dem Rep of the Congo,DR Congo,Zimbabwe,1427,1461,2,1,16,-16,1443,1445,93,99,1,-7,94,92,30,0,-34
8713,Jun 17 2001,African Nations Cup qualifier in Ghana,Ghana,Lesotho,1491,1210,3,1,6,-6,1497,1204,73,159,3,-3,76,156,40,100,381
8714,Jun 17 2001,African Nations Cup qualifier in Ivory Coast,Ivory Coast,Egypt,1646,1660,2,2,-5,5,1641,1665,55,47,-2,1,53,48,40,100,86
8715,Jun 17 2001,African Nations Cup qualifier in South Africa,South Africa,Congo,1684,1373,0,0,-17,17,1667,1390,52,103,-5,6,47,109,40,100,411
8716,Jun 17 2001,African Nations Cup qualifier in Sudan,Sudan,Libya,1371,1402,1,0,16,-16,1387,1386,106,123,5,-9,111,114,30,0,-31
8717,Jun 17 2001,African Nations Cup qualifier in Togo,Togo,Senegal,1478,1533,1,0,17,-17,1495,1516,73,75,5,-3,78,72,30,0,-55
8718,Jun 17 2001,African Nations Cup qualifier in Tunisia,Tunisia,Kenya,1635,1396,4,1,9,-9,1644,1387,49,115,2,-4,51,111,40,100,339
8719,Jun 20 2001,World Cup qualifier in Costa Rica,Costa Rica,Jamaica,1635,1601,2,1,13,-13,1648,1588,48,63,3,-2,51,61,40,100,134
8720,Jun 20 2001,World Cup qualifier in Honduras,Honduras,Mexico,1689,1683,3,1,21,-21,1710,1662,31,54,4,-6,35,48,40,100,106
8721,Jun 20 2001,World Cup qualifier in New Zealand,New Zealand,Australia,1542,1857,0,2,-13,13,1529,1870,68,11,0,1,68,12,40,100,-215
8722,Jun 20 2001,World Cup qualifier in the United States,United States,Trinidad and Tobago,1826,1604,2,0,8,-8,1834,1596,21,60,0,-1,21,59,40,100,322
8723,Jun 21 2001,Merdeka Tournament in Malaysia,Malaysia,Bahrain,1297,1397,2,4,-23,23,1274,1420,144,92,-6,7,138,99,-1,-1,-101
8724,Jun 23 2001,Friendly in Bermuda,Bermuda,Trinidad and Tobago,1290,1596,0,5,-9,9,1281,1605,138,57,-2,1,136,58,20,100,-206
8725,Jun 23 2001,Merdeka Tournament in Malaysia,Bosnia and Herzegovina,Bahrain,1559,1420,1,0,9,-9,1568,1411,65,107,0,-4,65,103,30,0,139
8726,Jun 24 2001,World Cup qualifier in Australia,Australia,New Zealand,1870,1529,4,1,5,-5,1875,1524,12,72,0,-2,12,70,40,100,441
8727,Jun 24 2001,Friendly in Belize,Belize,Cuba,1099,1444,3,2,16,-16,1115,1428,165,97,5,-2,170,95,20,100,-245
8728,Jun 24 2001,COSAFA Cup in Lesotho,Lesotho,Zambia,1204,1450,1,2,-12,12,1192,1462,158,80,-1,5,157,85,40,100,-146
8729,Jun 25 2001,Merdeka Tournament in Malaysia,Malaysia,Bosnia and Herzegovina,1274,1568,2,2,8,-8,1282,1560,134,65,2,0,136,65,30,100,-194
8730,Jun 26 2001,Merdeka Tournament in Malaysia,Uzbekistan,India,1487,1131,2,1,3,-3,1490,1128,81,167,0,0,81,167,30,0,356
8731,Jun 28 2001,Friendly tournament in Japan,Paraguay,Yugoslavia,1864,1857,2,0,22,-22,1886,1835,11,26,1,-6,12,20,30,0,7
8732,Jun 28 2001,Merdeka Tournament in Malaysia,Uzbekistan,Bahrain,1490,1411,2,0,17,-17,1507,1394,69,109,6,-3,75,106,30,0,79
8733,Jun 29 2001,World Cup qualifier in Libya,Libya,Angola,1386,1526,1,1,2,-2,1388,1524,108,69,3,0,111,69,30,100,-40
8734,Jun 30 2001,Friendly in Denmark,Greenland,Tibet,996,685,4,1,5,-5,1001,680,188,216,0,0,188,216,20,0,311
8735,Jun 30 2001,World Cup qualifier in Morocco,Morocco,Egypt,1681,1665,1,0,14,-14,1695,1651,32,53,5,-3,37,50,30,0,16
8736,Jun 30 2001,World Cup qualifier in Namibia,Namibia,Algeria,1320,1497,0,4,-29,29,1291,1526,141,61,-8,8,133,69,40,100,-77
8737,Jun 30 2001,World Cup qualifier in Trinidad and Tobago,Trinidad and Tobago,Jamaica,1605,1588,1,2,-26,26,1579,1614,68,51,-5,5,63,56,40,100,117
8738,Jun 30 2001,Merdeka Tournament in Malaysia,Uzbekistan,Bosnia and Herzegovina,1507,1560,2,1,17,-17,1524,1543,65,67,5,-1,70,66,30,0,-53
8739,Jul 1 2001,World Cup qualifier in Burkina Faso,Burkina Faso,South Africa,1416,1667,1,1,8,-8,1424,1659,93,52,4,-3,97,49,40,100,-151
8740,Jul 1 2001,World Cup qualifier in Cameroon,Cameroon,Togo,1713,1495,2,0,8,-8,1721,1487,32,83,1,-2,33,81,40,100,318
8741,Jul 1 2001,World Cup qualifier in Honduras,Honduras,Costa Rica,1710,1648,2,3,-29,29,1681,1677,51,37,-8,7,43,44,40,100,162
8742,Jul 1 2001,World Cup qualifier in Ivory Coast,Ivory Coast,Madagascar,1641,1336,6,0,8,-8,1649,1328,52,126,1,-2,53,124,40,100,405
8743,Jul 1 2001,Friendly tournament in Japan,Japan,Paraguay,1841,1886,2,0,19,-19,1860,1867,9,14,5,-1,14,13,30,100,55
8744,Jul 1 2001,World Cup qualifier in Liberia,Liberia,Ghana,1543,1497,1,2,-28,28,1515,1525,84,60,-9,9,75,69,40,100,146
8745,Jul 1 2001,Friendly in Malawi,Malawi,Swaziland,1266,1192,2,2,-5,5,1261,1197,141,155,-1,1,140,156,20,100,174
8746,Jul 1 2001,World Cup qualifier in Mexico,Mexico,United States,1662,1834,1,0,24,-24,1686,1810,35,21,6,0,41,21,40,100,-72
8747,Jul 1 2001,World Cup qualifier in Sudan,Sudan,Nigeria,1387,1688,0,4,-18,18,1369,1706,122,31,-5,5,117,36,40,100,-201
8748,Jul 1 2001,World Cup qualifier in Tunisia,Tunisia,Congo,1644,1390,6,0,10,-10,1654,1380,48,119,2,-5,50,114,40,100,354
8749,Jul 1 2001,World Cup qualifier in Uruguay,Uruguay,Brazil,1770,1917,1,0,23,-23,1793,1894,23,11,2,-2,25,9,40,100,-47
8750,Jul 2 2001,Friendly in the United States,Ecuador,El Salvador,1773,1495,1,0,3,-3,1776,1492,27,81,0,-1,27,80,20,0,278
8751,Jul 3 2001,Baltic Cup in Latvia,Latvia,Estonia,1394,1383,3,1,16,-16,1410,1367,100,121,3,-4,103,117,30,100,111
8752,Jul 4 2001,Friendly tournament in Japan,Japan,Yugoslavia,1860,1835,1,0,10,-10,1870,1825,12,20,1,0,13,20,30,100,125
8753,Jul 4 2001,Baltic Cup in Latvia,Lithuania,Estonia,1410,1367,5,2,23,-23,1433,1344,87,123,8,-3,95,120,30,0,43
8754,Jul 5 2001,Baltic Cup in Latvia,Latvia,Lithuania,1410,1433,4,1,21,-21,1431,1412,86,113,9,-9,95,104,30,100,77
8755,Jul 7 2001,Friendly in the United States,Ecuador,Honduras,1776,1681,1,1,-3,3,1773,1684,27,43,0,0,27,43,20,0,95
8756,Jul 8 2001,COSAFA Cup in Zimbabwe,Zimbabwe,Swaziland,1445,1197,2,1,5,-5,1450,1192,90,158,1,-1,91,157,40,100,348
8757,Jul 10 2001,Friendly in Singapore,Singapore,Saudi Arabia,1233,1709,0,3,-4,4,1229,1713,152,35,-1,0,151,35,20,100,-376
8758,Jul 11 2001,Copa América in Colombia,Chile,Ecuador,1644,1773,4,1,59,-59,1703,1714,20,41,17,-7,37,34,50,0,-129
8759,Jul 11 2001,Copa América in Colombia,Colombia,Venezuela,1778,1415,2,0,5,-5,1783,1410,26,105,0,-1,26,104,30,0,363
8760,Jul 12 2001,Island Games in the United Kingdom,Greenland,Falkland Islands,1001,600,4,0,7,-7,1008,593,187,222,0,0,187,222,40,0,401
8761,Jul 12 2001,Copa América in Colombia,Mexico,Brazil,1686,1894,1,0,38,-38,1724,1856,20,17,11,-4,31,13,50,0,-208
8762,Jul 12 2001,Copa América in Colombia,Paraguay,Peru,1867,1686,3,3,-12,12,1855,1698,14,36,0,3,14,39,50,0,181
8763,Jul 13 2001,Copa América in Colombia,Costa Rica,Honduras,1677,1684,1,0,26,-26,1703,1658,31,56,7,-6,38,50,50,0,-7
8764,Jul 13 2001,World Cup qualifier in Egypt,Egypt,Namibia,1651,1291,8,2,6,-6,1657,1285,49,135,2,-1,51,134,40,100,460
8765,Jul 13 2001,Copa América in Colombia,Uruguay,Bolivia,1793,1598,1,0,12,-12,1805,1586,21,63,2,-2,23,61,50,0,195
8766,Jul 14 2001,Copa América in Colombia,Chile,Venezuela,1703,1410,1,0,8,-8,1711,1402,34,108,2,-2,36,106,50,0,293
8767,Jul 14 2001,Copa América in Colombia,Colombia,Ecuador,1783,1714,1,0,14,-14,1797,1700,26,43,0,-4,26,39,50,100,169
8768,Jul 14 2001,Friendly in Germany,Monaco,Tibet,900,680,2,1,4,-4,904,676,193,218,0,0,193,218,20,0,220
8769,Jul 14 2001,World Cup qualifier in Senegal,Senegal,Morocco,1516,1695,1,0,24,-24,1540,1671,60,51,7,-5,67,46,40,100,-79
8770,Jul 14 2001,World Cup qualifier in Sierra Leone,Sierra Leone,Liberia,1333,1515,0,1,-15,15,1318,1530,125,61,-1,7,124,68,40,100,-82
8771,Jul 14 2001,World Cup qualifier in South Africa,South Africa,Malawi,1659,1261,2,0,3,-3,1662,1258,47,144,1,-2,48,142,20,0,398
8772,Jul 14 2001,World Cup qualifier in Zambia,Zambia,Cameroon,1462,1721,2,2,9,-9,1471,1712,83,37,1,-2,84,35,30,0,-259
8773,Jul 15 2001,Copa América in Colombia,Brazil,Peru,1856,1698,2,0,22,-22,1878,1676,9,48,2,-4,11,44,50,0,158
8774,Jul 15 2001,World Cup qualifier in Congo,Congo,Ivory Coast,1380,1649,1,1,9,-9,1389,1640,107,54,3,0,110,54,40,100,-169
8775,Jul 15 2001,World Cup qualifier in the Dem Rep of the Congo,DR Congo,Tunisia,1443,1654,0,3,-24,24,1419,1678,105,34,-6,9,99,43,40,100,-111
8776,Jul 15 2001,World Cup qualifier in Ghana,Ghana,Sudan,1525,1369,1,0,7,-7,1532,1362,65,118,3,-1,68,117,40,100,256
8777,Jul 15 2001,Copa América in Colombia,Mexico,Paraguay,1724,1855,0,0,9,-9,1733,1846,27,18,2,-2,29,16,50,0,-131
8778,Jul 15 2001,World Cup qualifier in Togo,Togo,Libya,1487,1388,2,0,14,-14,1501,1374,75,118,3,-4,78,114,40,100,199
8779,Jul 15 2001,World Cup qualifier in Zimbabwe,Zimbabwe,Burkina Faso,1450,1424,1,0,13,-13,1463,1411,81,108,5,-5,86,103,40,100,126
8780,Jul 16 2001,Copa América in Colombia,Costa Rica,Uruguay,1703,1805,1,1,7,-7,1710,1798,36,27,1,-2,37,25,50,0,-102
8781,Jul 16 2001,Copa América in Colombia,Honduras,Bolivia,1658,1586,2,0,30,-30,1688,1556,35,69,8,-4,43,65,50,0,72
8782,Jul 17 2001,Copa América in Colombia,Colombia,Chile,1797,1711,2,0,19,-19,1816,1692,16,44,5,-4,21,40,50,100,186
8783,Jul 17 2001,Copa América in Colombia,Ecuador,Venezuela,1700,1402,4,0,14,-14,1714,1388,29,114,5,-4,34,110,50,0,298
8784,Jul 18 2001,Copa América in Colombia,Brazil,Paraguay,1878,1846,3,1,34,-34,1912,1812,5,26,3,-5,8,21,50,0,32
8785,Jul 18 2001,Copa América in Colombia,Peru,Mexico,1676,1733,1,0,29,-29,1705,1704,31,49,7,-10,38,39,50,0,-57
8786,Jul 19 2001,Copa América in Colombia,Costa Rica,Bolivia,1710,1556,4,0,27,-27,1737,1529,22,73,7,-4,29,69,50,0,154
8787,Jul 19 2001,Copa América in Colombia,Honduras,Uruguay,1688,1798,1,0,33,-33,1721,1765,22,26,11,0,33,26,50,0,-110
8788,Jul 19 2001,Friendly in Malaysia,Malaysia,Saudi Arabia,1282,1713,0,4,-5,5,1277,1718,138,36,-1,-1,137,35,20,100,-331
8789,Jul 20 2001,Friendly in Cuba,Cuba,Jamaica,1428,1614,0,0,2,-2,1430,1612,95,56,0,0,95,56,20,100,-86
8790,Jul 21 2001,World Cup qualifier in Algeria,Algeria,Egypt,1526,1657,1,1,2,-2,1528,1655,71,50,0,1,71,51,40,100,-31
8791,Jul 21 2001,COSAFA Cup in Malawi,Malawi,South Africa,1258,1662,1,0,34,-34,1292,1628,120,60,11,-5,131,55,40,100,-304
8792,Jul 21 2001,World Cup qualifier in Namibia,Namibia,Senegal,1285,1540,0,5,-23,23,1262,1563,146,62,-6,2,140,64,40,100,-155
8793,Jul 22 2001,Friendly in Bosnia and Herzegovina,Bosnia and Herzegovina,Iran,1543,1723,2,2,2,-2,1545,1721,66,32,0,0,66,32,20,100,-80
8794,Jul 22 2001,Copa América in Colombia,Mexico,Chile,1704,1692,2,0,36,-36,1740,1656,18,58,11,-8,29,50,50,0,12
8795,Jul 22 2001,Copa América in Colombia,Uruguay,Costa Rica,1765,1737,2,1,23,-23,1788,1714,26,43,0,-7,26,36,50,0,28
8796,Jul 23 2001,Copa América in Colombia,Colombia,Peru,1816,1705,3,0,20,-20,1836,1685,18,46,1,-3,19,43,50,100,211
8797,Jul 23 2001,Copa América in Colombia,Honduras,Brazil,1721,1912,2,0,56,-56,1777,1856,22,18,5,-5,27,13,50,0,-191
8798,Jul 23 2001,Friendly in Malaysia,Saudi Arabia,North Korea,1718,1457,1,0,4,-4,1722,1453,31,90,2,-1,33,89,20,0,261
8799,Jul 24 2001,Friendly in France,Qatar,Macedonia,1583,1517,1,0,8,-8,1591,1509,57,77,2,-1,59,76,20,0,66
8800,Jul 25 2001,Copa América in Colombia,Mexico,Uruguay,1740,1788,2,1,28,-28,1768,1760,24,30,3,-2,27,28,50,0,-48
8801,Jul 26 2001,Copa América in Colombia,Colombia,Honduras,1836,1777,2,0,21,-21,1857,1756,7,30,6,-2,13,28,50,100,159
8802,Jul 27 2001,Friendly tournament in Saint Kitts and Nevis,Jamaica,Martinique,1612,1418,0,0,-8,8,1604,1426,60,92,-2,4,58,96,30,0,194
8803,Jul 27 2001,World Cup qualifier in Libya,Libya,Zambia,1374,1471,2,4,-30,30,1344,1501,124,72,-5,6,119,78,40,100,3
8804,Jul 28 2001,Copa América in Colombia,Honduras,Uruguay,1756,1760,2,2,0,0,1756,1760,28,27,0,0,28,27,20,0,-4
8805,Jul 28 2001,World Cup qualifier in Malawi,Malawi,Zimbabwe,1292,1463,0,1,-16,16,1276,1479,145,82,-7,2,138,84,40,100,-71
8806,Jul 28 2001,Friendly tournament in Saint Kitts and Nevis,Saint Kitts and Nevis,Martinique,1302,1426,4,2,24,-24,1326,1402,118,114,6,-9,124,105,30,100,-24
8807,Jul 29 2001,World Cup qualifier in Angola,Angola,Togo,1524,1501,1,1,-7,7,1517,1508,76,78,-2,0,74,78,40,100,123
8808,Jul 29 2001,Copa América in Colombia,Colombia,Mexico,1857,1768,1,0,13,-13,1870,1755,11,30,1,-2,12,28,50,100,189
8809,Jul 29 2001,World Cup qualifier in Ivory Coast,Ivory Coast,DR Congo,1640,1419,1,2,-35,35,1605,1454,61,79,-4,10,57,89,40,100,321
8810,Jul 29 2001,World Cup qualifier in Madagascar,Madagascar,Congo,1328,1389,1,0,18,-18,1346,1371,113,119,5,-5,118,114,30,0,-61
8811,Jul 29 2001,World Cup qualifier in Nigeria,Nigeria,Ghana,1706,1532,3,0,12,-12,1718,1520,33,79,3,-6,36,73,40,100,274
8812,Jul 29 2001,Friendly in Oman,Oman,Iraq,1377,1591,1,0,13,-13,1390,1578,103,65,5,-3,108,62,20,100,-114
8813,Jul 29 2001,CONCACAF Champ qual in Panama,Panama,Cuba,1417,1430,0,0,-5,5,1412,1435,100,95,0,0,100,95,40,100,87
8814,Jul 29 2001,World Cup qualifier in Sudan,Sudan,Sierra Leone,1362,1318,3,0,21,-21,1383,1297,110,135,3,-5,113,130,40,100,144
8815,Jul 30 2001,Friendly tournament in Saint Kitts and Nevis,Saint Kitts and Nevis,Jamaica,1326,1604,0,0,7,-7,1333,1597,124,58,0,0,124,58,20,0,-278
8816,Aug 1 2001,Friendly in Grenada,Grenada,Jamaica,1284,1597,2,0,23,-23,1307,1574,124,68,5,-5,129,63,20,100,-213
8817,Aug 1 2001,Friendly in Qatar,Qatar,Iran,1591,1721,2,1,11,-11,1602,1710,57,44,1,-5,58,39,20,100,-30
8818,Aug 1 2001,Friendly in Saudi Arabia,Saudi Arabia,Macedonia,1722,1509,1,1,-7,7,1715,1516,37,74,-2,1,35,75,20,100,313
8819,Aug 2 2001,Friendly in the United Arab Emirates,United Arab Emirates,Iraq,1446,1578,2,2,1,-1,1447,1577,93,61,0,0,93,61,20,100,-32
8820,Aug 3 2001,Friendly tournament in China,China,North Korea,1695,1453,2,2,-11,11,1684,1464,46,84,-3,3,43,87,30,100,342
8821,Aug 3 2001,Friendly tournament in China,Kuwait,Trinidad and Tobago,1587,1579,1,1,0,0,1587,1579,59,60,0,0,59,60,20,0,8
8822,Aug 4 2001,Friendly in the United States,Colombia,Liberia,1870,1530,2,1,2,-2,1872,1528,12,71,0,-2,12,69,20,0,340
8823,Aug 5 2001,Friendly tournament in China,China,Trinidad and Tobago,1684,1579,3,0,12,-12,1696,1567,37,66,3,-3,40,63,20,0,105
8824,Aug 5 2001,CONCACAF Champ qual in Cuba,Cuba,Panama,1435,1412,1,0,13,-13,1448,1399,91,110,2,-5,93,105,40,100,123
8825,Aug 5 2001,Friendly tournament in China,Kuwait,North Korea,1587,1464,1,1,-5,5,1582,1469,59,85,0,1,59,86,30,0,123
8826,Aug 5 2001,Friendly in Saudi Arabia,Saudi Arabia,Qatar,1715,1602,1,2,-15,15,1700,1617,43,52,-4,3,39,55,20,100,213
8827,Aug 8 2001,Friendly tournament in Iran,Iran,Oman,1710,1390,5,2,4,-4,1714,1386,32,116,3,-4,35,112,30,100,420
8828,Aug 8 2001,Friendly in Qatar,Saudi Arabia,United Arab Emirates,1700,1447,1,0,4,-4,1704,1443,39,94,0,0,39,94,20,0,253
8829,Aug 9 2001,Friendly in Brazil,Brazil,Panama,1856,1399,5,0,2,-2,1858,1397,14,105,0,0,14,105,20,100,557
8830,Aug 10 2001,Friendly tournament in Iran,Iran,Bosnia and Herzegovina,1714,1545,4,0,10,-10,1724,1535,31,66,2,0,33,66,20,0,169
8831,Aug 10 2001,Friendly in Qatar,Qatar,Bahrain,1617,1394,1,1,-7,7,1610,1401,55,104,0,1,55,105,20,100,323
8832,Aug 13 2001,Friendly in Singapore,Singapore,Thailand,1229,1512,0,5,-10,10,1219,1522,151,70,0,3,151,73,20,100,-183
8833,Aug 14 2001,World Cup qualifier in Chile,Chile,Bolivia,1656,1529,2,2,-11,11,1645,1540,54,65,-2,1,52,66,40,100,227
8834,Aug 14 2001,World Cup qualifier in Venezuela,Venezuela,Uruguay,1388,1760,2,0,50,-50,1438,1710,81,50,14,-12,95,38,40,100,-272
8835,Aug 15 2001,Friendly in Austria,Austria,Switzerland,1727,1672,1,2,-14,14,1713,1686,39,38,-4,4,35,42,20,100,155
8836,Aug 15 2001,Friendly in Bosnia and Herzegovina,Bosnia and Herzegovina,Malta,1535,1210,2,0,2,-2,1537,1208,67,155,0,-1,67,154,20,100,425
8837,Aug 15 2001,World Cup qualifier in Brazil,Brazil,Paraguay,1858,1812,2,0,18,-18,1876,1794,10,27,2,-3,12,24,40,100,146
8838,Aug 15 2001,Friendly in Bulgaria,Bulgaria,Macedonia,1721,1516,1,0,3,-3,1724,1513,31,76,1,0,32,76,20,100,305
8839,Aug 15 2001,Friendly in Czechia,Czechia,South Korea,1890,1807,5,0,10,-10,1900,1797,6,21,2,1,8,22,20,100,183
8840,Aug 15 2001,World Cup qualifier in Ecuador,Ecuador,Argentina,1714,2011,0,2,-15,15,1699,2026,43,3,-4,0,39,3,40,100,-197
8841,Aug 15 2001,Friendly in England,England,Netherlands,1914,2005,0,2,-15,15,1899,2020,11,4,-2,0,9,4,20,100,9
8842,Aug 15 2001,World Cup qualifier in Estonia,Estonia,Cyprus,1344,1509,2,2,4,-4,1348,1505,116,79,2,-1,118,78,20,0,-165
8843,Aug 15 2001,Friendly in Finland,Finland,Belgium,1629,1799,4,1,21,-21,1650,1778,49,25,2,0,51,25,20,100,-70
8844,Aug 15 2001,Friendly in France,France,Denmark,2134,1855,1,0,2,-2,2136,1853,1,15,0,0,1,15,20,100,379
8845,Aug 15 2001,Friendly in Hungary,Hungary,Germany,1653,1911,2,5,-10,10,1643,1921,55,6,-2,1,53,7,20,100,-158
8846,Aug 15 2001,Friendly in Iceland,Iceland,Poland,1609,1800,1,1,3,-3,1612,1797,54,20,1,2,55,22,20,100,-91
8847,Aug 15 2001,Friendly in Ireland,Ireland,Croatia,1844,1891,2,2,-2,2,1842,1893,17,13,0,-2,17,11,20,100,53
8848,Aug 15 2001,AFC-OFC Challenge Cup in Japan,Japan,Australia,1870,1875,3,0,26,-26,1896,1849,7,21,3,-5,10,16,40,100,95
8849,Aug 15 2001,Friendly in Latvia,Latvia,Ukraine,1431,1661,0,1,-6,6,1425,1667,97,49,0,0,97,49,20,100,-130
8850,Aug 15 2001,Friendly in Lithuania,Lithuania,Israel,1412,1670,2,3,-6,6,1406,1676,105,46,-2,1,103,47,20,100,-158
8851,Aug 15 2001,Friendly in Luxembourg,Luxembourg,Georgia,1134,1529,0,3,-5,5,1129,1534,166,68,0,0,166,68,20,100,-295
8852,Aug 15 2001,Friendly in Norway,Norway,Turkey,1745,1729,1,1,-3,3,1742,1732,29,32,0,-1,29,31,20,100,116
8853,Aug 15 2001,Friendly in Portugal,Portugal,Moldova,2002,1403,3,0,1,-1,2003,1402,5,104,0,0,5,104,20,0,599
8854,Aug 15 2001,Friendly in Russia,Russia,Greece,1842,1674,0,0,-6,6,1836,1680,20,43,-1,1,19,44,20,100,268
8855,Aug 15 2001,Friendly in Slovakia,Slovakia,Iran,1690,1724,3,4,-12,12,1678,1736,49,28,-4,2,45,30,20,100,66
8856,Aug 15 2001,Friendly in Slovenia,Slovenia,Romania,1690,1842,2,2,1,-1,1691,1841,41,18,0,0,41,18,20,100,-52
8857,Aug 15 2001,Friendly in Sweden,Sweden,South Africa,1851,1628,3,0,5,-5,1856,1623,12,54,2,0,14,54,20,100,323
8858,Aug 15 2001,World Cup qualifier in Yugoslavia,Yugoslavia,Faroe Islands,1825,1243,2,0,1,-1,1826,1242,20,148,0,-1,20,147,20,0,582
8859,Aug 16 2001,World Cup qualifier in Colombia,Colombia,Peru,1872,1685,0,1,-34,34,1838,1719,23,23,-5,10,18,33,40,100,287
8860,Aug 16 2001,World Cup qualifier in Qatar,Qatar,Oman,1610,1386,0,0,-15,15,1595,1401,60,100,-2,6,58,106,40,100,324
8861,Aug 17 2001,World Cup qualifier in Iraq,Iraq,Thailand,1577,1522,4,0,22,-22,1599,1500,56,83,2,-5,58,78,40,100,155
8862,Aug 17 2001,World Cup qualifier in Saudi Arabia,Saudi Arabia,Bahrain,1704,1401,1,1,-16,16,1688,1417,45,96,-3,5,42,101,40,100,403
8863,Aug 17 2001,World Cup qualifier in the United Arab Emirates,United Arab Emirates,Uzbekistan,1443,1524,4,1,33,-33,1476,1491,78,93,8,-11,86,82,40,100,19
8864,Aug 18 2001,COSAFA Cup in Zambia,Zambia,Angola,1501,1517,1,1,-5,5,1496,1522,81,71,-2,1,79,72,40,100,84
8865,Aug 23 2001,World Cup qualifier in Bahrain,Bahrain,Iraq,1417,1599,2,0,37,-37,1454,1562,81,70,10,-6,91,64,40,100,-82
8866,Aug 23 2001,Friendly in Mexico,Mexico,Liberia,1755,1528,5,4,3,-3,1758,1525,25,71,1,-1,26,70,20,100,327
8867,Aug 24 2001,World Cup qualifier in Iran,Iran,Saudi Arabia,1736,1688,2,0,18,-18,1754,1670,26,54,2,-6,28,48,40,100,148
8868,Aug 25 2001,World Cup qualifier in China,China,United Arab Emirates,1696,1476,3,0,10,-10,1706,1466,38,90,1,-2,39,88,40,100,320
8869,Aug 25 2001,COSAFA Cup in Malawi,Malawi,Zimbabwe,1276,1479,0,2,-21,21,1255,1500,148,70,-5,7,143,77,40,100,-103
8870,Aug 26 2001,World Cup qualifier in Uzbekistan,Uzbekistan,Qatar,1491,1595,2,1,20,-20,1511,1575,67,62,8,-2,75,60,40,100,-4
8871,Aug 31 2001,World Cup qualifier in Oman,Oman,China,1401,1706,0,2,-14,14,1387,1720,113,27,-3,6,110,33,40,100,-205
8872,Aug 31 2001,World Cup qualifier in Bahrain,Saudi Arabia,Iraq,1670,1562,1,0,14,-14,1684,1548,38,66,5,-1,43,65,40,0,108
8873,Aug 31 2001,World Cup qualifier in the United Arab Emirates,United Arab Emirates,Qatar,1466,1575,0,2,-29,29,1437,1604,104,56,-8,2,96,58,40,100,-9
8874,Sep 1 2001,World Cup qualifier in Albania,Albania,Finland,1498,1650,0,2,-26,26,1472,1676,88,41,-4,5,84,46,40,100,-52
8875,Sep 1 2001,World Cup qualifier in Belarus,Belarus,Ukraine,1487,1667,0,2,-23,23,1464,1690,90,35,-3,7,87,42,40,100,-80
8876,Sep 1 2001,World Cup qualifier in Bosnia and Herzegovina,Bosnia and Herzegovina,Israel,1537,1676,0,0,2,-2,1539,1674,69,47,-1,0,68,47,30,100,-39
8877,Sep 1 2001,Friendly in Chile,Chile,France,1645,2136,2,1,18,-18,1663,2118,48,1,2,0,50,1,20,100,-391
8878,Sep 1 2001,World Cup qualifier in Denmark,Denmark,Northern Ireland,1853,1479,1,1,-18,18,1835,1497,24,75,-5,5,19,80,40,100,474
8879,Sep 1 2001,World Cup qualifier in the Faroe Islands,Faroe Islands,Luxembourg,1242,1129,1,0,9,-9,1251,1120,141,172,3,-3,144,169,40,100,213
8880,Sep 1 2001,World Cup qualifier in Georgia,Georgia,Hungary,1534,1643,3,1,31,-31,1565,1612,56,57,6,-2,62,55,40,100,-9
8881,Sep 1 2001,World Cup qualifier in Germany,Germany,England,1921,1899,1,5,-50,50,1871,1949,15,5,-4,2,11,7,40,100,122
8882,Sep 1 2001,World Cup qualifier in Iceland,Iceland,Czechia,1612,1900,3,1,45,-45,1657,1855,47,20,4,-6,51,14,40,100,-188
8883,Sep 1 2001,World Cup qualifier in Ireland,Ireland,Netherlands,1842,2020,1,0,24,-24,1866,1996,8,6,4,-1,12,5,40,100,-78
8884,Sep 1 2001,World Cup qualifier in Lithuania,Lithuania,Italy,1406,2031,0,0,18,-18,1424,2013,98,4,3,-1,101,3,40,100,-525
8885,Sep 1 2001,World Cup qualifier in Macedonia,Macedonia,Sweden,1513,1856,1,2,-8,8,1505,1864,80,13,-3,0,77,13,40,100,-243
8886,Sep 1 2001,World Cup qualifier in Malta,Malta,Bulgaria,1208,1724,0,2,-5,5,1203,1729,156,32,-1,0,155,32,40,100,-416
8887,Sep 1 2001,World Cup qualifier in Moldova,Moldova,Azerbaijan,1402,1311,2,0,15,-15,1417,1296,101,135,2,-4,103,131,40,100,191
8888,Sep 1 2001,World Cup qualifier in Poland,Poland,Norway,1797,1742,3,0,20,-20,1817,1722,18,36,2,-3,20,33,40,100,155
8889,Sep 1 2001,World Cup qualifier in Spain,Portugal,Andorra,2003,1051,7,1,0,0,2003,1051,3,183,1,0,4,183,20,0,952
8890,Sep 1 2001,World Cup qualifier in Scotland,Scotland,Croatia,1746,1893,0,0,3,-3,1749,1890,29,7,0,2,29,9,40,100,-47
8891,Sep 1 2001,World Cup qualifier in Slovakia,Slovakia,Turkey,1678,1732,0,1,-23,23,1655,1755,59,25,-7,3,52,28,40,100,46
8892,Sep 1 2001,World Cup qualifier in Slovenia,Slovenia,Russia,1691,1836,2,1,23,-23,1714,1813,33,23,4,-2,37,21,40,100,-45
8893,Sep 1 2001,World Cup qualifier in Spain,Spain,Austria,1952,1713,4,0,9,-9,1961,1704,6,43,0,-3,6,40,40,100,339
8894,Sep 1 2001,World Cup qualifier in Switzerland,Switzerland,Yugoslavia,1686,1826,1,2,-18,18,1668,1844,56,12,-7,4,49,16,40,100,-40
8895,Sep 1 2001,World Cup qualifier in Thailand,Thailand,Iran,1500,1754,0,0,8,-8,1508,1746,72,32,3,-2,75,30,40,100,-154
8896,Sep 1 2001,World Cup qualifier in Trinidad and Tobago,Trinidad and Tobago,Costa Rica,1567,1714,0,2,-26,26,1541,1740,70,26,-4,5,66,31,40,100,-47
8897,Sep 1 2001,World Cup qualifier in the United States,United States,Honduras,1810,1756,2,3,-28,28,1782,1784,29,21,-4,3,25,24,40,100,154
8898,Sep 1 2001,World Cup qualifier in Wales,Wales,Armenia,1557,1422,0,0,-12,12,1545,1434,66,96,-1,2,65,98,40,100,235
8899,Sep 2 2001,World Cup qualifier in Jamaica,Jamaica,Mexico,1574,1758,1,2,-15,15,1559,1773,65,27,-2,0,63,27,40,100,-84
8900,Sep 4 2001,World Cup qualifier in Chile,Chile,Venezuela,1663,1438,0,2,-52,52,1611,1490,60,73,-5,11,55,84,40,100,325
8901,Sep 4 2001,World Cup qualifier in Peru,Peru,Uruguay,1719,1710,0,2,-39,39,1680,1749,51,19,-8,10,43,29,40,100,109
8902,Sep 5 2001,World Cup qualifier in Argentina,Argentina,Brazil,2026,1876,2,1,8,-8,2034,1868,2,14,0,-2,2,12,40,100,250
8903,Sep 5 2001,World Cup qualifier in Austria,Austria,Bosnia and Herzegovina,1704,1539,2,0,11,-11,1715,1528,35,70,2,-1,37,69,40,100,265
8904,Sep 5 2001,World Cup qualifier in Azerbaijan,Azerbaijan,Macedonia,1296,1505,1,1,6,-6,1302,1499,129,83,1,-3,130,80,40,100,-109
8905,Sep 5 2001,World Cup qualifier in Belarus,Belarus,Poland,1464,1817,4,1,57,-57,1521,1760,60,34,14,-7,74,27,40,100,-253
8906,Sep 5 2001,World Cup qualifier in Belgium,Belgium,Scotland,1778,1749,2,0,19,-19,1797,1730,18,35,4,-3,22,32,40,100,129
8907,Sep 5 2001,World Cup qualifier in Bulgaria,Bulgaria,Denmark,1729,1835,0,2,-29,29,1700,1864,49,9,-8,5,41,14,40,100,-6
8908,Sep 5 2001,World Cup qualifier in Colombia,Colombia,Ecuador,1838,1699,0,0,-12,12,1826,1711,20,38,-1,1,19,39,40,100,239
8909,Sep 5 2001,World Cup qualifier in Costa Rica,Costa Rica,United States,1740,1782,2,0,25,-25,1765,1757,20,31,6,-3,26,28,30,0,-42
8910,Sep 5 2001,World Cup qualifier in Cyprus,Cyprus,Portugal,1505,2003,1,3,-6,6,1499,2009,83,4,-3,0,80,4,40,100,-398
8911,Sep 5 2001,World Cup qualifier in Czechia,Czechia,Malta,1855,1203,3,2,1,-1,1856,1202,18,155,-2,0,16,155,30,0,652
8912,Sep 5 2001,World Cup qualifier in England,England,Albania,1949,1472,2,0,2,-2,1951,1470,7,87,0,-1,7,86,20,0,477
8913,Sep 5 2001,World Cup qualifier in the Faroe Islands,Faroe Islands,Russia,1251,1813,0,3,-5,5,1246,1818,146,19,-1,1,145,20,40,100,-462
8914,Sep 5 2001,World Cup qualifier in Finland,Finland,Greece,1676,1680,5,1,27,-27,1703,1653,34,59,6,-8,40,51,40,100,96
8915,Sep 5 2001,World Cup qualifier in Georgia,Georgia,Lithuania,1565,1424,2,0,12,-12,1577,1412,59,103,1,-1,60,102,40,100,241
8916,Sep 5 2001,World Cup qualifier in Honduras,Honduras,Jamaica,1784,1559,1,0,5,-5,1789,1554,24,63,0,0,24,63,40,100,325
8917,Sep 5 2001,World Cup qualifier in Hungary,Hungary,Romania,1612,1841,0,2,-19,19,1593,1860,62,13,-4,2,58,15,40,100,-129
8918,Sep 5 2001,Friendly in Italy,Italy,Morocco,2013,1671,1,0,1,-1,2014,1670,3,48,0,0,3,48,20,100,442
8919,Sep 5 2001,World Cup qualifier in Liechtenstein,Liechtenstein,Spain,1058,1961,0,2,-1,1,1057,1962,180,6,0,0,180,6,40,100,-803
8920,Sep 5 2001,World Cup qualifier in Luxembourg,Luxembourg,Switzerland,1120,1668,0,3,-5,5,1115,1673,169,45,0,2,169,47,40,100,-448
8921,Sep 5 2001,World Cup qualifier in Mexico,Mexico,Trinidad and Tobago,1773,1541,3,0,9,-9,1782,1532,23,68,2,-1,25,67,40,100,332
8922,Sep 5 2001,World Cup qualifier in the Netherlands,Netherlands,Estonia,1996,1348,5,0,1,-1,1997,1347,5,118,0,0,5,118,20,0,648
8923,Sep 5 2001,World Cup qualifier in Norway,Norway,Wales,1722,1545,3,2,7,-7,1729,1538,32,65,1,0,33,65,40,100,277
8924,Sep 5 2001,World Cup qualifier in Northern Ireland,Northern Ireland,Iceland,1497,1657,3,0,41,-41,1538,1616,50,56,15,-3,65,53,40,100,-60
8925,Sep 5 2001,World Cup qualifier in Paraguay,Paraguay,Bolivia,1794,1540,5,1,9,-9,1803,1531,19,69,2,-1,21,68,40,100,354
8926,Sep 5 2001,World Cup qualifier in San Marino,San Marino,Croatia,954,1890,0,4,-1,1,953,1891,191,9,0,0,191,9,40,100,-836
8927,Sep 5 2001,World Cup qualifier in Slovakia,Slovakia,Moldova,1655,1417,4,2,8,-8,1663,1409,47,107,2,-2,49,105,40,100,338
8928,Sep 5 2001,World Cup qualifier in Turkey,Turkey,Sweden,1755,1864,1,2,-19,19,1736,1883,34,7,-3,3,31,10,40,100,-9
8929,Sep 5 2001,World Cup qualifier in Ukraine,Ukraine,Armenia,1690,1434,3,0,8,-8,1698,1426,43,98,-1,0,42,98,40,100,356
8930,Sep 5 2001,World Cup qualifier in Yugoslavia,Yugoslavia,Slovenia,1844,1714,1,1,-12,12,1832,1726,20,31,-2,3,18,34,40,100,230
8931,Sep 6 2001,World Cup qualifier in Bahrain,Bahrain,Thailand,1454,1508,1,1,-3,3,1451,1511,93,75,-1,1,92,76,40,100,46
8932,Sep 7 2001,World Cup qualifier in Iraq,Iraq,Iran,1548,1746,1,2,-15,15,1533,1761,68,24,-2,3,66,27,40,100,-98
8933,Sep 7 2001,World Cup qualifier in Qatar,Qatar,China,1604,1720,1,1,1,-1,1605,1719,55,35,1,0,56,35,30,100,-16
8934,Sep 7 2001,Friendly in Saudi Arabia,Saudi Arabia,United Arab Emirates,1684,1437,0,2,-26,26,1658,1463,55,82,-6,7,49,89,20,100,347
8935,Sep 8 2001,World Cup qualifier in Uzbekistan,Uzbekistan,Oman,1511,1387,5,0,17,-17,1528,1370,62,120,7,-5,69,115,40,100,224
8936,Sep 13 2001,Friendly in South Korea,South Korea,Nigeria,1797,1718,2,2,-5,5,1792,1723,24,34,-1,1,23,35,20,100,179
8937,Sep 14 2001,World Cup qualifier in Iran,Iran,Bahrain,1761,1451,0,0,-17,17,1744,1468,33,83,-3,5,30,88,40,100,410
8938,Sep 14 2001,World Cup qualifier in Oman,Oman,United Arab Emirates,1370,1463,1,1,0,0,1370,1463,115,91,0,-1,115,90,20,100,7
8939,Sep 14 2001,Friendly in Qatar,Qatar,Iraq,1605,1533,0,0,-5,5,1600,1538,58,62,-1,2,57,64,20,100,172
8940,Sep 15 2001,World Cup qualifier in China,China,Uzbekistan,1719,1528,2,0,9,-9,1728,1519,32,83,2,-7,34,76,40,100,291
8941,Sep 15 2001,World Cup qualifier in Thailand,Thailand,Saudi Arabia,1511,1658,1,3,-26,26,1485,1684,93,37,-8,6,85,43,40,100,-47
8942,Sep 16 2001,COSAFA Cup in Angola,Angola,Zimbabwe,1522,1500,0,0,-7,7,1515,1507,79,78,-3,0,76,78,40,100,122
8943,Sep 16 2001,Friendly in South Korea,South Korea,Nigeria,1792,1723,2,1,5,-5,1797,1718,21,36,1,0,22,36,20,100,169
8944,Sep 21 2001,World Cup qualifier in Bahrain,Bahrain,Saudi Arabia,1468,1684,0,4,-25,25,1443,1709,104,37,-8,3,96,40,40,100,-116
8945,Sep 21 2001,World Cup qualifier in Oman,Oman,Qatar,1370,1600,0,3,-22,22,1348,1622,119,49,-2,4,117,53,40,100,-130
8946,Sep 22 2001,World Cup qualifier in Thailand,Thailand,Iraq,1485,1538,1,1,-3,3,1482,1541,87,64,-1,0,86,64,40,100,47
8947,Sep 22 2001,World Cup qualifier in Uzbekistan,Uzbekistan,United Arab Emirates,1519,1463,0,1,-28,28,1491,1491,91,77,-8,6,83,83,40,100,156
8948,Sep 27 2001,World Cup qualifier in the United Arab Emirates,United Arab Emirates,China,1491,1728,0,1,-12,12,1479,1740,89,28,-3,3,86,31,40,100,-137
8949,Sep 28 2001,World Cup qualifier in Iraq,Iraq,Bahrain,1541,1443,1,0,10,-10,1551,1433,64,98,0,-1,64,97,40,100,198
8950,Sep 28 2001,World Cup qualifier in Qatar,Qatar,Uzbekistan,1622,1491,2,2,-12,12,1610,1503,57,73,-2,5,55,78,40,100,231
8951,Sep 28 2001,World Cup qualifier in Saudi Arabia,Saudi Arabia,Iran,1709,1744,2,2,-4,4,1705,1748,40,30,0,0,40,30,40,100,65
8952,Sep 29 2001,Friendly in Thailand,Thailand,Oman,1482,1348,2,0,6,-6,1488,1342,85,127,0,-5,85,122,20,100,234
8953,Sep 30 2001,COSAFA Cup in Zimbabwe,Zimbabwe,Angola,1507,1515,0,1,-25,25,1482,1540,93,55,-8,10,85,65,40,100,92
8954,Oct 4 2001,World Cup qualifier in Qatar,Qatar,United Arab Emirates,1610,1479,1,2,-32,32,1578,1511,65,66,-5,10,60,76,40,100,231
8955,Oct 4 2001,Friendly in France,Senegal,Japan,1563,1896,2,0,26,-26,1589,1870,54,14,4,-3,58,11,20,0,-333
8956,Oct 5 2001,Friendly in Bahrain,Bahrain,Qatar,1433,1578,1,0,11,-11,1444,1567,95,64,1,-2,96,62,20,100,-45
8957,Oct 5 2001,World Cup qualifier in Iran,Iran,Thailand,1748,1488,1,0,4,-4,1752,1484,28,85,1,0,29,85,20,0,260
8958,Oct 5 2001,World Cup qualifier in Jordan,Saudi Arabia,Iraq,1705,1551,2,1,12,-12,1717,1539,34,66,3,-1,37,65,40,0,154
8959,Oct 6 2001,World Cup qualifier in Armenia,Armenia,Norway,1426,1729,1,4,-17,17,1409,1746,110,30,-6,2,104,32,40,100,-203
8960,Oct 6 2001,World Cup qualifier in Bolivia,Bolivia,Ecuador,1531,1711,1,5,-29,29,1502,1740,89,26,-10,7,79,33,40,100,-80
8961,Oct 6 2001,World Cup qualifier in Croatia,Croatia,Belgium,1891,1797,1,0,10,-10,1901,1787,8,26,0,-2,8,24,40,100,194
8962,Oct 6 2001,World Cup qualifier in Czechia,Czechia,Bulgaria,1856,1700,6,0,16,-16,1872,1684,6,44,5,-1,11,43,40,100,256
8963,Oct 6 2001,World Cup qualifier in Denmark,Denmark,Iceland,1864,1616,6,0,10,-10,1874,1606,6,55,4,-1,10,54,40,100,348
8964,Oct 6 2001,World Cup qualifier in England,England,Greece,1951,1653,2,2,-16,16,1935,1669,7,43,0,4,7,47,40,100,398
8965,Oct 6 2001,Friendly in France,France,Algeria,2118,1528,4,1,1,-1,2119,1527,1,72,0,-1,1,71,20,0,590
8966,Oct 6 2001,World Cup qualifier in Germany,Germany,Finland,1871,1703,0,0,-13,13,1858,1716,20,37,-5,2,15,39,40,100,268
8967,Oct 6 2001,World Cup qualifier in Ireland,Ireland,Cyprus,1866,1499,4,0,5,-5,1871,1494,11,85,1,-3,12,82,40,100,467
8968,Oct 6 2001,World Cup qualifier in Italy,Italy,Hungary,2014,1593,1,0,2,-2,2016,1591,3,59,0,-1,3,58,20,0,421
8969,Oct 6 2001,World Cup qualifier in Malta,Malta,Northern Ireland,1202,1538,0,1,-8,8,1194,1546,157,64,-1,1,156,65,40,100,-236
8970,Oct 6 2001,World Cup qualifier in Moldova,Moldova,Turkey,1409,1736,0,3,-15,15,1394,1751,109,26,-2,3,107,29,40,100,-227
8971,Oct 6 2001,World Cup qualifier in the Netherlands,Netherlands,Andorra,1997,1051,4,0,0,0,1997,1051,5,183,0,0,5,183,20,0,946
8972,Oct 6 2001,World Cup qualifier in Poland,Poland,Ukraine,1760,1698,1,1,-9,9,1751,1707,31,41,-2,1,29,42,40,100,162
8973,Oct 6 2001,World Cup qualifier in Portugal,Portugal,Estonia,2009,1347,5,0,1,-1,2010,1346,4,117,0,0,4,117,20,0,662
8974,Oct 6 2001,World Cup qualifier in Romania,Romania,Georgia,1860,1577,1,1,-16,16,1844,1593,19,54,-2,3,17,57,40,100,383
8975,Oct 6 2001,World Cup qualifier in Russia,Russia,Switzerland,1818,1673,4,0,15,-15,1833,1658,16,51,2,-2,18,49,40,100,245
8976,Oct 6 2001,World Cup qualifier in Scotland,Scotland,Latvia,1730,1425,2,1,4,-4,1734,1421,37,101,-2,-1,35,100,30,0,305
8977,Oct 6 2001,World Cup qualifier in Slovenia,Slovenia,Faroe Islands,1726,1246,3,0,2,-2,1728,1244,37,147,-1,-1,36,146,20,0,480
8978,Oct 6 2001,World Cup qualifier in Venezuela,Venezuela,Peru,1490,1680,3,0,44,-44,1534,1636,52,58,16,-7,68,51,40,100,-90
8979,Oct 6 2001,World Cup qualifier in Wales,Wales,Belarus,1538,1521,1,0,14,-14,1552,1507,62,80,2,-3,64,77,30,0,17
8980,Oct 6 2001,World Cup qualifier in Yugoslavia,Yugoslavia,Luxembourg,1832,1115,6,2,1,-1,1833,1114,18,171,0,-1,18,170,20,0,717
8981,Oct 7 2001,World Cup qualifier in Bosnia and Herzegovina,Bosnia and Herzegovina,Liechtenstein,1528,1057,5,0,3,-3,1531,1054,70,184,0,-2,70,182,40,100,571
8982,Oct 7 2001,World Cup qualifier in Brazil,Brazil,Chile,1868,1611,2,0,7,-7,1875,1604,6,59,4,-3,10,56,40,100,357
8983,Oct 7 2001,World Cup qualifier in China,China,Oman,1740,1342,1,0,2,-2,1742,1340,33,122,0,0,33,122,20,0,398
8984,Oct 7 2001,World Cup qualifier in Costa Rica,Costa Rica,Mexico,1765,1782,0,0,-5,5,1760,1787,26,21,0,2,26,23,40,100,83
8985,Oct 7 2001,World Cup qualifier in Honduras,Honduras,Trinidad and Tobago,1789,1532,0,1,-35,35,1754,1567,31,55,-4,7,27,62,40,100,357
8986,Oct 7 2001,Friendly in England,Japan,Nigeria,1870,1718,2,2,-4,4,1866,1722,15,37,-1,0,14,37,20,0,152
8987,Oct 7 2001,World Cup qualifier in Macedonia,Macedonia,Slovakia,1499,1663,0,5,-33,33,1466,1696,98,38,-9,5,89,43,40,100,-64
8988,Oct 7 2001,World Cup qualifier in Paraguay,Paraguay,Argentina,1803,2034,2,2,7,-7,1810,2027,21,2,0,0,21,2,40,100,-131
8989,Oct 7 2001,World Cup qualifier in Sweden,Sweden,Azerbaijan,1883,1302,3,0,1,-1,1884,1301,9,130,0,0,9,130,20,0,581
8990,Oct 7 2001,World Cup qualifier in Uruguay,Uruguay,Colombia,1749,1826,1,1,-1,1,1748,1827,31,20,0,0,31,20,20,100,23
8991,Oct 7 2001,World Cup qualifier in the United States,United States,Jamaica,1757,1554,2,1,6,-6,1763,1548,23,67,2,-2,25,65,40,100,303
8992,Oct 12 2001,World Cup qualifier in Iran,Iran,Iraq,1752,1539,2,1,6,-6,1758,1533,26,70,1,-1,27,69,40,100,313
8993,Oct 12 2001,Friendly tournament in Mali,Morocco,Gambia,1670,1307,2,0,5,-5,1675,1302,45,130,1,-1,46,129,30,0,363
8994,Oct 13 2001,World Cup qualifier in China,China,Qatar,1742,1567,3,0,12,-12,1754,1555,23,64,5,-1,28,63,40,100,275
8995,Oct 13 2001,World Cup qualifier in Oman,Oman,Uzbekistan,1340,1503,4,2,35,-35,1375,1468,104,96,9,-9,113,87,40,100,-63
8996,Oct 13 2001,World Cup qualifier in Thailand,Thailand,Bahrain,1484,1444,0,1,-28,28,1456,1472,98,72,-7,12,91,84,40,100,140
8997,Oct 14 2001,Friendly tournament in Mali,Mali,Morocco,1410,1675,2,1,22,-22,1432,1653,93,54,5,-4,98,50,30,100,-165
8998,Oct 16 2001,Friendly in Algeria,Algeria,Burkina Faso,1527,1411,2,0,7,-7,1534,1404,65,105,3,-1,68,104,20,100,216
8999,Oct 16 2001,World Cup qualifier in Thailand,Thailand,Bahrain,1456,1472,1,1,-5,5,1451,1477,95,84,-2,0,93,84,40,100,84
9000,Oct 18 2001,Friendly in Kuwait,Kuwait,Qatar,1582,1555,0,1,-14,14,1568,1569,64,59,-2,2,62,61,20,100,127
9001,Oct 19 2001,World Cup qualifier in the United Arab Emirates,United Arab Emirates,Oman,1511,1375,2,2,-12,12,1499,1387,81,107,-3,3,78,110,40,100,236
9002,Oct 19 2001,World Cup qualifier in Uzbekistan,Uzbekistan,China,1468,1754,1,0,30,-30,1498,1724,71,44,8,-8,79,36,40,100,-186
9003,Oct 21 2001,Friendly in the Bahamas,Bahamas,Haiti,854,1461,0,2,-2,2,852,1463,205,90,0,0,205,90,20,100,-507
9004,Oct 21 2001,World Cup qualifier in Bahrain,Bahrain,Iran,1477,1758,3,1,44,-44,1521,1714,63,53,11,-13,74,40,40,100,-181
9005,Oct 21 2001,World Cup qualifier in Saudi Arabia,Saudi Arabia,Thailand,1717,1451,4,1,8,-8,1725,1443,32,99,3,-3,35,96,40,100,366
9006,Oct 24 2001,Friendly tournament in Tanzania,Kenya,Uganda,1387,1363,0,0,-1,1,1386,1364,114,116,-2,0,112,116,20,0,24
9007,Oct 24 2001,Friendly tournament in Tanzania,Tanzania,DR Congo,1230,1454,2,2,5,-5,1235,1449,150,96,0,-2,150,94,30,100,-124
9008,Oct 25 2001,World Cup qualifier in Iran,Iran,United Arab Emirates,1714,1499,1,0,6,-6,1720,1493,36,85,2,-3,38,82,40,100,315
9009,Oct 27 2001,World Cup qualifier in Israel,Israel,Austria,1674,1715,1,1,-3,3,1671,1718,46,38,0,1,46,39,30,100,59
9010,Oct 27 2001,Friendly tournament in Tanzania,Tanzania,Kenya,1235,1386,3,1,26,-26,1261,1360,130,120,10,-4,140,116,30,100,-51
9011,Oct 27 2001,Friendly tournament in Tanzania,Uganda,DR Congo,1364,1449,1,0,19,-19,1383,1430,108,102,4,-4,112,98,30,0,-85
9012,Oct 31 2001,Friendly in Mexico,Mexico,El Salvador,1787,1492,4,1,3,-3,1790,1489,23,82,0,1,23,83,20,100,395
9013,Oct 31 2001,World Cup qualifier in the United Arab Emirates,United Arab Emirates,Iran,1493,1720,0,3,-23,23,1470,1743,88,26,-3,6,85,32,40,100,-127
9014,Nov 3 2001,Amilcar Cabral Cup in Mali,Guinea-Bissau,Benin,1195,1242,7,2,45,-45,1240,1197,143,161,6,-6,149,155,40,0,-47
9015,Nov 3 2001,Amilcar Cabral Cup in Mali,Mali,Mauritania,1432,1192,3,2,5,-5,1437,1187,95,161,1,-2,96,159,40,100,340
9016,Nov 5 2001,Amilcar Cabral Cup in Mali,Benin,Mauritania,1197,1187,2,0,29,-29,1226,1158,147,167,4,-4,151,163,40,0,10
9017,Nov 5 2001,Amilcar Cabral Cup in Mali,Mali,Guinea-Bissau,1437,1240,2,0,9,-9,1446,1231,94,151,1,-1,95,150,40,100,297
9018,Nov 7 2001,World Cup qualifier in Bolivia,Bolivia,Brazil,1502,1875,3,1,50,-50,1552,1825,50,30,14,-10,64,20,40,100,-273
9019,Nov 7 2001,Amilcar Cabral Cup in Mali,Cape Verde,Gambia,1334,1302,1,1,-2,2,1332,1304,125,129,-1,0,124,129,40,0,32
9020,Nov 7 2001,World Cup qualifier in Colombia,Colombia,Chile,1827,1604,3,1,8,-8,1835,1596,14,56,3,0,17,56,40,100,323
9021,Nov 7 2001,World Cup qualifier in Ecuador,Ecuador,Uruguay,1740,1748,1,1,-5,5,1735,1753,33,26,0,2,33,28,40,100,92
9022,Nov 7 2001,Amilcar Cabral Cup in Mali,Guinea-Bissau,Mauritania,1231,1158,1,0,16,-16,1247,1142,142,165,4,-1,146,164,40,0,73
9023,Nov 7 2001,Friendly in Japan,Japan,Italy,1866,2016,1,1,1,-1,1867,2015,12,3,1,0,13,3,20,100,-50
9024,Nov 7 2001,Amilcar Cabral Cup in Mali,Mali,Benin,1446,1226,0,0,-15,15,1431,1241,99,149,-2,1,97,150,40,100,320
9025,Nov 8 2001,World Cup qualifier in Argentina,Argentina,Peru,2027,1636,2,0,3,-3,2030,1633,2,51,0,0,2,51,20,0,391
9026,Nov 8 2001,Friendly in South Korea,South Korea,Senegal,1797,1589,0,1,-17,17,1780,1606,24,47,-1,6,23,53,20,100,308
9027,Nov 8 2001,World Cup qualifier in Venezuela,Venezuela,Paraguay,1534,1810,3,1,44,-44,1578,1766,51,27,9,-3,60,24,40,100,-176
9028,Nov 9 2001,Amilcar Cabral Cup in Mali,Mali,Gambia,1431,1304,0,1,-31,31,1400,1335,113,117,-8,6,105,123,40,100,227
9029,Nov 10 2001,World Cup qualifier in Austria,Austria,Turkey,1718,1751,0,1,-24,24,1694,1775,47,19,-4,5,43,24,40,100,67
9030,Nov 10 2001,World Cup qualifier in Belgium,Belgium,Czechia,1787,1872,1,0,19,-19,1806,1853,20,17,1,-3,21,14,30,0,-85
9031,Nov 10 2001,Friendly in Denmark,Denmark,Netherlands,1874,1997,1,1,1,-1,1875,1996,12,5,-1,0,11,5,20,100,-23
9032,Nov 10 2001,Friendly in England,England,Sweden,1935,1884,1,1,-4,4,1931,1888,7,7,0,1,7,8,20,100,151
9033,Nov 10 2001,Friendly in Greece,Greece,Estonia,1669,1346,4,2,2,-2,1671,1344,45,122,1,-2,46,120,20,100,423
9034,Nov 10 2001,World Cup qualifier in Ireland,Ireland,Iran,1871,1743,2,0,13,-13,1884,1730,8,38,2,-3,10,35,40,100,228
9035,Nov 10 2001,World Cup qualifier in Slovenia,Slovenia,Romania,1728,1844,2,1,21,-21,1749,1823,27,24,4,-4,31,20,40,100,-16
9036,Nov 10 2001,Friendly in South Africa,South Africa,Egypt,1623,1655,1,0,8,-8,1631,1647,52,51,0,-1,52,50,20,100,68
9037,Nov 10 2001,Friendly in South Korea,South Korea,Croatia,1780,1901,2,0,16,-16,1796,1885,21,10,1,-1,22,9,20,100,-21
9038,Nov 10 2001,World Cup qualifier in Ukraine,Ukraine,Germany,1707,1858,1,1,3,-3,1710,1855,40,12,1,1,41,13,40,100,-51
9039,Nov 11 2001,Friendly in Australia,Australia,France,1849,2119,1,1,5,-5,1854,2114,13,1,1,0,14,1,20,100,-170
9040,Nov 11 2001,World Cup qualifier in Jamaica,Jamaica,Costa Rica,1548,1760,0,1,-14,14,1534,1774,71,23,-2,2,69,25,40,100,-112
9041,Nov 11 2001,Amilcar Cabral Cup in Mali,Mali,Guinea-Bissau,1400,1247,2,1,8,-8,1408,1239,101,156,2,-5,103,151,40,100,253
9042,Nov 11 2001,World Cup qualifier in Mexico,Mexico,Honduras,1790,1754,3,0,22,-22,1812,1732,19,40,2,-6,21,34,40,100,136
9043,Nov 11 2001,World Cup qualifier in Trinidad and Tobago,Trinidad and Tobago,United States,1567,1763,0,0,5,-5,1572,1758,60,28,2,-1,62,27,20,0,-196
9044,Nov 13 2001,Friendly in South Korea,South Korea,Croatia,1796,1885,1,1,0,0,1796,1885,23,9,0,0,23,9,20,100,11
9045,Nov 14 2001,World Cup qualifier in Brazil,Brazil,Venezuela,1825,1578,3,0,8,-8,1833,1570,17,64,1,-2,18,62,40,100,347
9046,Nov 14 2001,World Cup qualifier in Chile,Chile,Ecuador,1596,1735,0,0,2,-2,1598,1733,57,32,0,0,57,32,30,100,-39
9047,Nov 14 2001,World Cup qualifier in Czechia,Czechia,Belgium,1853,1806,0,1,-28,28,1825,1834,25,12,-5,5,20,17,40,100,147
9048,Nov 14 2001,Friendly in Estonia,Estonia,Kazakhstan,1344,1467,0,0,1,-1,1345,1466,120,88,0,0,120,88,20,100,-23
9049,Nov 14 2001,World Cup qualifier in Germany,Germany,Ukraine,1855,1710,4,1,14,-14,1869,1696,13,41,0,0,13,41,40,100,245
9050,Nov 14 2001,Friendly in Greece,Greece,Cyprus,1671,1494,1,2,-17,17,1654,1511,52,73,-3,4,49,77,20,100,277
9051,Nov 14 2001,Friendly in Hungary,Hungary,Macedonia,1591,1466,5,0,9,-9,1600,1457,53,91,3,-1,56,90,20,100,225
9052,Nov 14 2001,Friendly in Latvia,Latvia,Russia,1421,1833,1,3,-4,4,1417,1837,100,15,0,1,100,16,20,100,-312
9053,Nov 14 2001,Friendly in Malta,Malta,Canada,1194,1606,2,1,17,-17,1211,1589,152,65,2,-6,154,59,20,100,-312
9054,Nov 14 2001,Friendly in Morocco,Morocco,Zambia,1653,1496,1,0,4,-4,1657,1492,47,84,1,-2,48,82,20,100,257
9055,Nov 14 2001,World Cup qualifier in Paraguay,Paraguay,Colombia,1766,1835,0,4,-41,41,1725,1876,44,6,-9,5,35,11,40,100,31
9056,Nov 14 2001,World Cup qualifier in Peru,Peru,Bolivia,1633,1552,1,1,-10,10,1623,1562,53,65,-1,0,52,65,40,100,181
9057,Nov 14 2001,Friendly in Poland,Poland,Cameroon,1751,1712,0,0,-4,4,1747,1716,29,38,0,1,29,39,20,100,139
9058,Nov 14 2001,Friendly in Portugal,Portugal,Angola,2010,1540,5,1,1,-1,2011,1539,4,68,0,0,4,68,20,100,570
9059,Nov 14 2001,World Cup qualifier in Romania,Romania,Slovenia,1823,1749,1,1,-9,9,1814,1758,22,24,-1,3,21,27,40,100,174
9060,Nov 14 2001,Friendly in Spain,Spain,Mexico,1962,1812,1,0,4,-4,1966,1808,6,23,0,-1,6,22,20,100,250
9061,Nov 14 2001,World Cup qualifier in Turkey,Turkey,Austria,1775,1694,5,0,21,-21,1796,1673,22,47,1,-2,23,45,40,100,181
9062,Nov 14 2001,World Cup qualifier in Uruguay,Uruguay,Argentina,1753,2030,1,1,9,-9,1762,2021,24,2,2,0,26,2,40,100,-177
9063,Nov 15 2001,World Cup qualifier in Iran,Iran,Ireland,1730,1884,1,0,23,-23,1753,1861,24,18,5,-4,29,14,40,100,-54
9064,Nov 20 2001,World Cup qualifier in Australia,Australia,Uruguay,1854,1762,1,0,10,-10,1864,1752,13,32,1,-3,14,29,40,100,192
9065,Nov 21 2001,Friendly in Ethiopia,Ethiopia,Zambia,1371,1492,1,2,-9,9,1362,1501,116,78,-1,2,115,80,20,100,-21
9066,Nov 25 2001,World Cup qualifier in Uruguay,Uruguay,Australia,1752,1864,3,0,36,-36,1788,1828,21,24,4,-5,25,19,40,100,-12
9067,Nov 28 2001,Friendly in Tunisia,Tunisia,Togo,1678,1508,1,0,3,-3,1681,1505,44,80,0,-1,44,79,20,100,270
9068,Nov 29 2001,Friendly in Oman,Oman,Kuwait,1387,1568,1,1,2,-2,1389,1566,110,64,0,0,110,64,20,100,-81
9069,Dec 5 2001,Friendly in Algeria,Algeria,Ghana,1534,1520,1,1,-3,3,1531,1523,73,74,-2,1,71,75,20,100,114
9070,Dec 5 2001,Friendly in Mali,Mali,Ivory Coast,1408,1605,0,3,-13,13,1395,1618,109,51,-3,2,106,53,20,100,-97
9071,Dec 8 2001,CECAFA Cup in Rwanda,Rwanda,Somalia,1317,1074,3,0,9,-9,1326,1065,125,179,1,0,126,179,40,100,343
9072,Dec 9 2001,Friendly in South Korea,South Korea,United States,1796,1758,1,0,6,-6,1802,1752,23,31,0,-2,23,29,20,100,138
9073,Dec 9 2001,CECAFA Cup in Rwanda,Tanzania,Burundi,1261,1343,2,1,25,-25,1286,1318,130,130,5,-4,135,126,40,0,-82
9074,Dec 9 2001,CECAFA Cup in Rwanda,Uganda,Djibouti,1383,887,10,1,5,-5,1388,882,110,203,1,-2,111,201,40,0,496
9075,Dec 10 2001,CECAFA Cup in Rwanda,Kenya,Eritrea,1360,1207,2,1,12,-12,1372,1195,112,156,2,0,114,156,40,0,153
9076,Dec 11 2001,CECAFA Cup in Rwanda,Burundi,Djibouti,1318,882,3,1,5,-5,1323,877,126,203,0,-1,126,202,40,0,436
9077,Dec 11 2001,CECAFA Cup in Rwanda,Tanzania,Uganda,1286,1388,1,0,26,-26,1312,1362,121,119,7,-4,128,115,40,0,-102
9078,Dec 12 2001,CECAFA Cup in Rwanda,Kenya,Somalia,1372,1065,3,0,10,-10,1382,1055,113,181,0,-1,113,180,40,0,307
9079,Dec 12 2001,Friendly in Morocco,Morocco,Mali,1657,1395,1,1,-8,8,1649,1403,50,102,-1,2,49,104,20,100,362
9080,Dec 12 2001,CECAFA Cup in Rwanda,Rwanda,Eritrea,1326,1195,1,0,8,-8,1334,1187,121,160,2,-2,123,158,40,100,231
9081,Dec 13 2001,Friendly in Bahrain,Bahrain,Oman,1521,1389,2,2,-6,6,1515,1395,76,104,0,3,76,107,20,100,232
9082,Dec 13 2001,CECAFA Cup in Rwanda,Ethiopia,Zanzibar,1362,1163,5,0,19,-19,1381,1144,113,164,1,-1,114,163,40,0,199
9083,Dec 13 2001,CECAFA Cup in Rwanda,Tanzania,Djibouti,1312,877,4,1,5,-5,1317,872,128,204,0,-1,128,203,40,0,435
9084,Dec 14 2001,CECAFA Cup in Rwanda,Burundi,Uganda,1323,1362,2,0,33,-33,1356,1329,108,136,9,-10,117,126,40,0,-39
9085,Dec 14 2001,CECAFA Cup in Rwanda,Eritrea,Somalia,1187,1055,0,0,-7,7,1180,1062,158,178,0,1,158,179,40,0,132
9086,Dec 15 2001,Friendly tournament in Botswana,Botswana,Namibia,1088,1262,3,2,18,-18,1106,1244,167,152,5,-6,172,146,30,100,-74
9087,Dec 15 2001,Friendly in the United States,El Salvador,Haiti,1489,1463,0,0,-1,1,1488,1464,83,89,0,0,83,89,20,0,26
9088,Dec 15 2001,CECAFA Cup in Rwanda,Rwanda,Kenya,1334,1382,0,0,-3,3,1331,1385,127,111,-2,1,125,112,40,100,52
9089,Dec 16 2001,Friendly tournament in Botswana,Botswana,Lesotho,1106,1192,1,0,14,-14,1120,1178,166,160,3,-2,169,158,30,100,14
9090,Dec 16 2001,Friendly in Burkina Faso,Burkina Faso,Togo,1404,1505,1,2,-10,10,1394,1515,111,73,-4,3,107,76,20,100,-1
9091,Dec 17 2001,CECAFA Cup in Rwanda,Kenya,Eritrea,1385,1180,1,0,9,-9,1394,1171,102,161,5,-2,107,159,40,0,205
9092,Dec 18 2001,CECAFA Cup in Rwanda,Burundi,Ethiopia,1356,1381,2,2,1,-1,1357,1380,117,114,0,0,117,114,20,0,-25
9093,Dec 18 2001,CECAFA Cup in Rwanda,Rwanda,Uganda,1331,1329,3,2,14,-14,1345,1315,115,130,5,-2,120,128,40,100,102
9094,Dec 20 2001,CECAFA Cup in Rwanda,Rwanda,Ethiopia,1345,1380,0,1,-24,24,1321,1404,130,92,-5,11,125,103,40,100,65
9095,Dec 22 2001,CECAFA Cup in Rwanda,Ethiopia,Kenya,1404,1394,2,1,19,-19,1423,1375,95,120,4,-6,99,114,40,0,10
9096,Dec 22 2001,Friendly in Togo,Togo,Burkina Faso,1515,1394,1,0,4,-4,1519,1390,76,112,0,-2,76,110,20,100,221
9097,Dec 23 2001,Friendly in Oman,Oman,Syria,1395,1455,2,0,13,-13,1408,1442,101,99,3,-4,104,95,20,100,40
9098,Dec 25 2001,Friendly in Mali,Mali,Ghana,1403,1523,1,1,1,-1,1404,1522,105,75,0,0,105,75,20,100,-20
9099,Dec 25 2001,Friendly in Oman,Oman,Syria,1408,1442,1,0,8,-8,1416,1434,100,97,2,-1,102,96,20,100,66
9100,Dec 26 2001,Friendly in Senegal,Senegal,Burkina Faso,1606,1390,2,4,-26,26,1580,1416,64,94,-5,8,59,102,20,100,316
9101,Dec 28 2001,Friendly in Mali,Mali,Burkina Faso,1404,1416,2,1,8,-8,1412,1408,100,110,3,-4,103,106,20,100,88
9102,Dec 29 2001,Friendly in Kuwait,Kuwait,Syria,1566,1434,0,0,-6,6,1560,1440,66,94,-1,1,65,95,20,100,232
9103,Dec 30 2001,Friendly in Benin,Benin,Togo,1241,1519,1,1,5,-5,1246,1514,141,78,4,-1,145,77,20,100,-178
9104,Dec 30 2001,Friendly in Oman,Oman,Macedonia,1416,1457,2,0,12,-12,1428,1445,94,96,4,-3,98,93,20,100,59
9105,Dec 30 2001,Friendly in Qatar,Qatar,Egypt,1569,1647,2,2,-1,1,1568,1648,63,50,0,0,63,50,20,100,22
9106,Dec 30 2001,Friendly in Saudi Arabia,Saudi Arabia,Zimbabwe,1725,1482,0,2,-26,26,1699,1508,45,74,-5,5,40,79,20,100,343
9107,Dec 30 2001,Friendly in Senegal,Senegal,Algeria,1580,1531,1,0,6,-6,1586,1525,59,73,0,-1,59,72,20,100,149
9108,Dec 30 2001,Friendly in Tunisia,Tunisia,Liberia,1681,1525,7,2,7,-7,1688,1518,42,77,1,-2,43,75,20,100,256
9109,Dec 31 2001,Friendly in Kuwait,Kuwait,Syria,1560,1440,2,2,-6,6,1554,1446,65,91,0,2,65,93,20,100,220
9110,Jan 4 2002,Friendly tournament in Bahrain,Bahrain,Finland,1515,1716,0,2,-16,16,1499,1732,86,30,-5,4,81,34,30,100,-101
9111,Jan 4 2002,Friendly in Egypt,Egypt,Ghana,1648,1522,2,0,6,-6,1654,1516,46,76,2,-1,48,75,20,100,226
9112,Jan 4 2002,Friendly tournament in Martinique,Martinique,Guadeloupe,1402,1292,1,3,-35,35,1367,1327,123,117,-8,8,115,125,30,100,210
9113,Jan 5 2002,Friendly tournament in Bahrain,Albania,Macedonia,1470,1445,0,0,-1,1,1469,1446,87,92,-1,1,86,93,20,0,25
9114,Jan 5 2002,Friendly in Kuwait,Kuwait,Zimbabwe,1554,1508,3,0,11,-11,1565,1497,63,86,1,-4,64,82,20,100,146
9115,Jan 6 2002,Friendly in Cuba,Cuba,Guatemala,1448,1577,0,1,-9,9,1439,1586,98,58,-3,1,95,59,20,100,-29
9116,Jan 6 2002,Friendly in Egypt,Egypt,Mali,1654,1412,1,2,-18,18,1636,1430,52,91,-2,6,50,97,20,100,342
9117,Jan 6 2002,Friendly tournament in Martinique,Martinique,Haiti,1367,1464,3,3,0,0,1367,1464,115,89,0,0,115,89,20,100,3
9118,Jan 7 2002,Friendly tournament in Bahrain,Albania,Finland,1469,1732,1,1,10,-10,1479,1722,84,42,1,-4,85,38,30,0,-263
9119,Jan 7 2002,Friendly tournament in Bahrain,Bahrain,Macedonia,1499,1446,1,1,-6,6,1493,1452,84,88,-2,2,82,90,30,100,153
9120,Jan 7 2002,Friendly in Burkina Faso,Burkina Faso,Cameroon,1408,1716,1,3,-7,7,1401,1723,106,35,0,2,106,37,20,100,-208
9121,Jan 8 2002,Friendly in Oman,Iceland,Kuwait,1606,1565,0,0,-1,1,1605,1566,54,62,0,1,54,63,20,0,41
9122,Jan 8 2002,Friendly in Qatar,Qatar,Zimbabwe,1568,1497,0,2,-22,22,1546,1519,69,67,-3,7,66,74,20,100,171
9123,Jan 9 2002,Friendly in Cuba,Cuba,Guatemala,1439,1586,0,0,1,-1,1440,1585,95,61,0,-1,95,60,20,100,-47
9124,Jan 10 2002,Friendly tournament in Bahrain,Bahrain,Albania,1493,1479,3,0,18,-18,1511,1461,74,93,4,-4,78,89,30,100,114
9125,Jan 10 2002,Friendly tournament in Bahrain,Finland,Macedonia,1722,1452,3,0,9,-9,1731,1443,32,96,3,-3,35,93,30,0,270
9126,Jan 10 2002,Friendly in Mali,Mali,Zambia,1430,1501,1,1,-1,1,1429,1502,99,82,-1,-1,98,81,20,100,29
9127,Jan 10 2002,Friendly in Saudi Arabia,Saudi Arabia,Iceland,1699,1605,1,0,5,-5,1704,1600,40,54,0,0,40,54,20,100,194
9128,Jan 11 2002,Friendly in Egypt,Egypt,Burkina Faso,1636,1401,2,2,-7,7,1629,1408,52,106,-1,0,51,106,20,100,335
9129,Jan 11 2002,Friendly in Grenada,Grenada,Trinidad and Tobago,1307,1572,2,3,-6,6,1301,1578,131,61,0,0,131,61,20,100,-165
9130,Jan 11 2002,Friendly in Qatar,Iraq,Oman,1533,1428,2,0,11,-11,1544,1417,66,105,2,-3,68,102,20,0,105
9131,Jan 11 2002,Friendly in Tunisia,Tunisia,Cameroon,1688,1723,0,1,-12,12,1676,1735,45,26,-1,6,44,32,20,100,65
9132,Jan 12 2002,Friendly in Ecuador,Ecuador,Guatemala,1733,1585,1,0,4,-4,1737,1581,30,60,2,0,32,60,20,100,248
9133,Jan 12 2002,Friendly in Ivory Coast,Ivory Coast,Nigeria,1618,1722,1,1,0,0,1618,1722,53,39,0,0,53,39,20,100,-4
9134,Jan 13 2002,Friendly in Morocco,Morocco,Guinea,1649,1493,2,1,4,-4,1653,1489,49,83,0,0,49,83,20,100,256
9135,Jan 13 2002,Friendly in Qatar,Qatar,Iraq,1546,1544,1,3,-19,19,1527,1563,76,60,-5,4,71,64,20,100,102
9136,Jan 14 2002,Friendly in Algeria,Algeria,Benin,1525,1246,4,0,4,-4,1529,1242,70,153,1,-4,71,149,20,100,379
9137,Jan 15 2002,Friendly in Burkina Faso,Burkina Faso,Zambia,1408,1502,2,1,10,-10,1418,1492,98,83,4,-1,102,82,20,100,6
9138,Jan 15 2002,Friendly in South Africa,South Africa,Angola,1631,1539,1,0,5,-5,1636,1534,50,68,0,0,50,68,20,100,192
9139,Jan 16 2002,Friendly in The Gambia,Gambia,Morocco,1335,1653,0,2,-7,7,1328,1660,126,45,-2,2,124,47,20,100,-218
9140,Jan 16 2002,Gulf Cup in Saudi Arabia,Saudi Arabia,Kuwait,1704,1566,1,1,-12,12,1692,1578,44,59,-2,2,42,61,40,100,238
9141,Jan 17 2002,Gulf Cup in Saudi Arabia,Qatar,Bahrain,1527,1511,1,0,19,-19,1546,1492,62,84,5,-3,67,81,40,0,16
9142,Jan 17 2002,Gulf Cup in Saudi Arabia,United Arab Emirates,Oman,1470,1417,1,0,17,-17,1487,1400,85,109,0,-3,85,106,40,0,53
9143,Jan 18 2002,CONCACAF Championship in the United States,Canada,Haiti,1589,1464,2,0,25,-25,1614,1439,50,102,4,-7,54,95,50,0,125
9144,Jan 18 2002,CONCACAF Championship in the United States,Costa Rica,Martinique,1774,1367,2,0,7,-7,1781,1360,26,115,0,0,26,115,50,0,407
9145,Jan 19 2002,African Nations Cup in Mali,Mali,Liberia,1429,1518,1,1,-1,1,1428,1519,100,73,-1,1,99,74,40,100,11
9146,Jan 19 2002,CONCACAF Championship in the United States,Mexico,El Salvador,1808,1488,1,0,7,-7,1815,1481,20,86,1,-1,21,85,50,0,320
9147,Jan 19 2002,Gulf Cup in Saudi Arabia,Oman,Kuwait,1400,1578,3,1,44,-44,1444,1534,78,75,14,-7,92,68,40,0,-178
9148,Jan 19 2002,Friendly in Saint Kitts and Nevis,Saint Kitts and Nevis,Grenada,1333,1301,1,1,-4,4,1329,1305,124,131,-1,0,123,131,20,100,132
9149,Jan 19 2002,CONCACAF Championship in the United States,United States,South Korea,1752,1802,2,1,21,-21,1773,1781,25,27,2,-2,27,25,50,100,50
9150,Jan 20 2002,Friendly in Antigua and Barbuda,Antigua and Barbuda,Dominica,1104,1055,4,0,11,-11,1115,1044,166,185,4,-2,170,183,20,100,149
9151,Jan 20 2002,African Nations Cup in Mali,Burkina Faso,South Africa,1418,1636,0,0,14,-14,1432,1622,93,52,5,-1,98,51,50,0,-218
9152,Jan 20 2002,African Nations Cup in Mali,Cameroon,DR Congo,1735,1430,1,0,7,-7,1742,1423,31,104,1,-3,32,101,50,0,305
9153,Jan 20 2002,CONCACAF Championship in the United States,Costa Rica,Trinidad and Tobago,1781,1578,1,1,-13,13,1768,1591,29,59,-2,1,27,60,50,0,203
9154,Jan 20 2002,CONCACAF Championship in the United States,Haiti,Ecuador,1439,1737,2,0,64,-64,1503,1673,64,56,16,-12,80,44,50,0,-298
9155,Jan 20 2002,Gulf Cup in Saudi Arabia,Qatar,United Arab Emirates,1546,1487,2,0,25,-25,1571,1462,58,92,4,-4,62,88,40,0,59
9156,Jan 20 2002,Gulf Cup in Saudi Arabia,Saudi Arabia,Bahrain,1692,1492,3,1,9,-9,1701,1483,36,87,3,-3,39,84,40,100,300
9157,Jan 20 2002,African Nations Cup in Mali,Senegal,Egypt,1586,1629,1,0,28,-28,1614,1601,47,59,6,-4,53,55,50,0,-43
9158,Jan 21 2002,African Nations Cup in Mali,Ghana,Morocco,1516,1660,0,0,10,-10,1526,1650,68,51,4,-2,72,49,50,0,-144
9159,Jan 21 2002,African Nations Cup in Mali,Ivory Coast,Togo,1618,1514,0,0,-7,7,1611,1521,56,71,-2,3,54,74,50,0,104
9160,Jan 21 2002,CONCACAF Championship in the United States,Mexico,Guatemala,1815,1581,3,1,15,-15,1830,1566,17,65,2,-2,19,63,50,0,234
9161,Jan 21 2002,African Nations Cup in Mali,Nigeria,Algeria,1722,1529,1,0,12,-12,1734,1517,28,82,5,-5,33,77,50,0,193
9162,Jan 21 2002,African Nations Cup in Mali,Tunisia,Zambia,1676,1492,0,0,-12,12,1664,1504,49,78,-3,2,46,80,50,0,184
9163,Jan 21 2002,CONCACAF Championship in the United States,United States,Cuba,1773,1440,1,0,4,-4,1777,1436,26,96,0,0,26,96,30,0,333
9164,Jan 22 2002,Gulf Cup in Saudi Arabia,Bahrain,Kuwait,1483,1534,0,0,3,-3,1486,1531,84,72,0,-2,84,70,40,0,-51
9165,Jan 22 2002,CONCACAF Championship in the United States,Ecuador,Canada,1673,1614,2,0,31,-31,1704,1583,35,66,4,-7,39,59,50,0,59
9166,Jan 22 2002,CONCACAF Championship in the United States,Martinique,Trinidad and Tobago,1360,1591,1,0,40,-40,1400,1551,99,72,8,-6,107,66,50,0,-231
9167,Jan 23 2002,CONCACAF Championship in the United States,Cuba,South Korea,1436,1781,0,0,19,-19,1455,1762,84,29,6,-2,90,27,50,0,-345
9168,Jan 23 2002,CONCACAF Championship in the United States,El Salvador,Guatemala,1481,1566,1,0,31,-31,1512,1535,71,72,7,-5,78,67,50,0,-85
9169,Jan 24 2002,African Nations Cup in Mali,Ghana,South Africa,1526,1622,0,0,7,-7,1533,1615,68,51,2,0,70,51,50,0,-96
9170,Jan 24 2002,African Nations Cup in Mali,Mali,Nigeria,1428,1734,0,0,13,-13,1441,1721,93,43,3,-5,96,38,50,100,-206
9171,Jan 24 2002,Gulf Cup in Saudi Arabia,Qatar,Oman,1571,1444,2,1,13,-13,1584,1431,58,104,1,-5,59,99,40,0,127
9172,Jan 24 2002,Gulf Cup in Saudi Arabia,Saudi Arabia,United Arab Emirates,1701,1462,1,0,5,-5,1706,1457,38,90,1,-1,39,89,40,100,339
9173,Jan 25 2002,African Nations Cup in Mali,Algeria,Liberia,1517,1519,2,2,0,0,1517,1519,77,75,0,0,77,75,20,0,-2
9174,Jan 25 2002,African Nations Cup in Mali,Cameroon,Ivory Coast,1742,1611,1,0,16,-16,1758,1595,24,61,4,-4,28,57,50,0,131
9175,Jan 25 2002,African Nations Cup in Mali,Egypt,Tunisia,1601,1664,1,0,29,-29,1630,1635,46,52,4,-3,50,49,50,0,-63
9176,Jan 25 2002,Leeward Islands Champ in Antigua and Barbuda,Saint Kitts,Saint Martin,1329,1098,3,0,11,-11,1340,1087,121,177,1,0,122,177,30,0,231
9177,Jan 26 2002,Leeward Islands Champ in Antigua and Barbuda,Antigua and Barbuda,Saint Kitts,1115,1340,1,2,-10,10,1105,1350,178,114,-4,4,174,118,30,100,-125
9178,Jan 26 2002,CONCACAF Championship in the United States,Canada,Martinique,1583,1400,1,1,-12,12,1571,1412,60,103,0,2,60,105,50,0,183
9179,Jan 26 2002,CONCACAF Championship in the United States,Costa Rica,Haiti,1768,1503,2,1,9,-9,1777,1494,24,82,1,0,25,82,50,0,265
9180,Jan 26 2002,African Nations Cup in Mali,DR Congo,Togo,1423,1521,0,0,7,-7,1430,1514,97,78,2,-2,99,76,50,0,-98
9181,Jan 26 2002,African Nations Cup in Mali,Morocco,Burkina Faso,1650,1432,2,1,11,-11,1661,1421,44,108,2,-5,46,103,50,0,218
9182,Jan 26 2002,Gulf Cup in Saudi Arabia,Qatar,Kuwait,1584,1531,1,0,17,-17,1601,1514,49,81,5,-5,54,76,40,0,53
9183,Jan 26 2002,African Nations Cup in Mali,Senegal,Zambia,1614,1504,1,0,17,-17,1631,1487,47,87,3,-3,50,84,50,0,110
9184,Jan 27 2002,Gulf Cup in Saudi Arabia,Bahrain,United Arab Emirates,1486,1457,2,1,18,-18,1504,1439,75,103,5,-7,80,96,40,0,29
9185,Jan 27 2002,CONCACAF Championship in the United States,Mexico,South Korea,1830,1762,0,0,-5,5,1825,1767,21,27,-1,0,20,27,50,0,68
9186,Jan 27 2002,Gulf Cup in Saudi Arabia,Saudi Arabia,Oman,1706,1431,2,0,6,-6,1712,1425,39,100,0,-1,39,99,40,100,375
9187,Jan 27 2002,CONCACAF Championship in the United States,United States,El Salvador,1777,1512,4,0,10,-10,1787,1502,25,84,0,-3,25,81,30,0,265
9188,Jan 28 2002,African Nations Cup in Mali,Mali,Algeria,1441,1517,2,0,35,-35,1476,1482,77,95,9,-10,86,85,50,100,24
9189,Jan 28 2002,African Nations Cup in Mali,Nigeria,Liberia,1721,1519,1,0,12,-12,1733,1507,30,81,4,-4,34,77,50,0,202
9190,Jan 29 2002,Gulf Cup in Saudi Arabia,Bahrain,Oman,1504,1425,1,1,-4,4,1500,1429,79,97,0,1,79,98,40,0,79
9191,Jan 29 2002,African Nations Cup in Mali,Cameroon,Togo,1758,1514,3,0,17,-17,1775,1497,26,88,1,-7,27,81,50,0,244
9192,Jan 29 2002,African Nations Cup in Mali,DR Congo,Ivory Coast,1430,1595,3,1,54,-54,1484,1541,72,74,13,-8,85,66,50,0,-165
9193,Jan 29 2002,Gulf Cup in Saudi Arabia,Kuwait,United Arab Emirates,1514,1439,2,1,16,-16,1530,1423,70,104,2,-4,72,100,40,0,75
9194,Jan 30 2002,CONCACAF Championship in the United States,Costa Rica,South Korea,1777,1767,3,1,36,-36,1813,1731,20,42,3,-7,23,35,50,0,10
9195,Jan 30 2002,African Nations Cup in Mali,Ghana,Burkina Faso,1533,1421,2,1,17,-17,1550,1404,60,111,5,-4,65,107,50,0,112
9196,Jan 30 2002,Gulf Cup in Saudi Arabia,Saudi Arabia,Qatar,1712,1601,3,1,14,-14,1726,1587,35,64,2,-5,37,59,40,100,211
9197,Jan 30 2002,African Nations Cup in Mali,South Africa,Morocco,1615,1661,3,1,42,-42,1657,1619,41,60,6,-7,47,53,50,0,-46
9198,Jan 30 2002,CONCACAF Championship in the United States,United States,Canada,1787,1571,0,0,-18,18,1769,1589,29,57,-2,1,27,58,50,100,316
9199,Jan 31 2002,Friendly in Brazil,Brazil,Bolivia,1833,1562,6,0,4,-4,1837,1558,13,62,2,0,15,62,20,100,371
9200,Jan 31 2002,African Nations Cup in Mali,Egypt,Zambia,1630,1487,2,1,15,-15,1645,1472,47,90,2,-3,49,87,50,0,143
9201,Jan 31 2002,African Nations Cup in Mali,Senegal,Tunisia,1631,1635,0,0,0,0,1631,1635,52,51,-1,-1,51,50,20,0,-4
9202,Feb 2 2002,CONCACAF Championship in the United States,Canada,South Korea,1589,1731,2,1,35,-35,1624,1696,46,45,6,-5,52,40,50,0,-142
9203,Feb 2 2002,CONCACAF Championship in the United States,United States,Costa Rica,1769,1813,2,0,32,-32,1801,1781,19,29,4,-3,23,26,50,100,56
9204,Feb 3 2002,African Nations Cup in Mali,Mali,South Africa,1476,1657,2,0,46,-46,1522,1611,62,61,12,-7,74,54,50,100,-81
9205,Feb 3 2002,African Nations Cup in Mali,Nigeria,Ghana,1733,1550,1,0,13,-13,1746,1537,29,69,2,-2,31,67,50,0,183
9206,Feb 4 2002,African Nations Cup in Mali,Cameroon,Egypt,1775,1645,1,0,16,-16,1791,1629,23,52,2,-2,25,50,50,0,130
9207,Feb 4 2002,African Nations Cup in Mali,Senegal,DR Congo,1631,1484,2,0,23,-23,1654,1461,44,93,3,-4,47,89,50,0,147
9208,Feb 6 2002,Friendly in Iran,Iran,Slovakia,1753,1696,2,3,-14,14,1739,1710,35,38,-3,1,32,39,20,100,157
9209,Feb 6 2002,Friendly in Saudi Arabia,Saudi Arabia,Brazil,1726,1837,0,1,-10,10,1716,1847,40,15,-2,0,38,15,20,100,-11
9210,Feb 7 2002,African Nations Cup in Mali,Mali,Cameroon,1522,1791,0,3,-24,24,1498,1815,86,19,-6,3,80,22,50,100,-169
9211,Feb 7 2002,African Nations Cup in Mali,Senegal,Nigeria,1654,1746,2,1,31,-31,1685,1715,39,46,4,-8,43,38,50,0,-92
9212,Feb 7 2002,Friendly in Singapore,Singapore,North Korea,1219,1469,2,1,14,-14,1233,1455,152,93,0,-3,152,90,20,100,-150
9213,Feb 9 2002,Friendly tournament in Malta,Lithuania,Moldova,1412,1394,1,0,14,-14,1426,1380,94,115,5,-3,99,112,30,0,18
9214,Feb 9 2002,African Nations Cup in Mali,Mali,Nigeria,1498,1715,0,1,-17,17,1481,1732,90,28,-5,5,85,33,50,100,-117
9215,Feb 9 2002,Friendly tournament in Malta,Malta,Jordan,1211,1387,2,1,18,-18,1229,1369,152,118,1,-3,153,115,30,100,-76
9216,Feb 10 2002,African Nations Cup in Mali,Cameroon,Senegal,1815,1685,0,0,-9,9,1806,1694,24,43,-1,0,23,43,30,100,230
9217,Feb 10 2002,King's Cup in Thailand,North Korea,Qatar,1455,1587,1,1,5,-5,1460,1582,90,59,0,0,90,59,30,0,-132
9218,Feb 10 2002,Friendly in Cyprus,Poland,Faroe Islands,1747,1244,2,1,1,-1,1748,1243,29,148,0,-1,29,147,20,0,503
9219,Feb 10 2002,King's Cup in Thailand,Thailand,Singapore,1443,1233,4,0,8,-8,1451,1225,89,154,3,-1,92,153,30,100,310
9220,Feb 11 2002,Friendly tournament in Malta,Malta,Lithuania,1229,1426,1,1,4,-4,1233,1422,152,105,0,-3,152,102,30,100,-97
9221,Feb 11 2002,Friendly tournament in Malta,Moldova,Jordan,1380,1369,2,0,22,-22,1402,1347,104,121,4,-3,108,118,30,0,11
9222,Feb 12 2002,Friendly tournament in Cyprus,Cyprus,Switzerland,1511,1658,1,1,2,-2,1513,1656,75,47,0,0,75,47,30,100,-47
9223,Feb 12 2002,Friendly tournament in Cyprus,Czechia,Hungary,1825,1600,2,0,10,-10,1835,1590,14,61,3,-3,17,58,30,0,225
9224,Feb 12 2002,Friendly in the Netherlands,Ecuador,Turkey,1704,1796,1,0,13,-13,1717,1783,36,27,2,-1,38,26,20,0,-92
9225,Feb 12 2002,Friendly tournament in Hong Kong,Honduras,Slovenia,1732,1758,5,1,30,-30,1762,1728,23,42,5,-7,28,35,30,0,-26
9226,Feb 12 2002,King's Cup in Thailand,North Korea,Singapore,1460,1225,4,2,9,-9,1469,1216,84,153,3,0,87,153,30,0,235
9227,Feb 12 2002,King's Cup in Thailand,Thailand,Qatar,1451,1582,1,0,16,-16,1467,1566,84,61,4,-1,88,60,30,100,-31
9228,Feb 13 2002,Friendly in Belgium,Belgium,Norway,1834,1746,1,0,5,-5,1839,1741,18,30,0,0,18,30,20,100,188
9229,Feb 13 2002,Friendly in Croatia,Croatia,Bulgaria,1885,1684,0,0,-7,7,1878,1691,11,42,-1,1,10,43,20,100,301
9230,Feb 13 2002,Friendly tournament in Cyprus,Cyprus,Czechia,1513,1835,3,4,-7,7,1506,1842,79,17,-2,0,77,17,30,100,-222
9231,Feb 13 2002,Friendly in Cyprus,Faroe Islands,Liechtenstein,1243,1054,1,0,5,-5,1248,1049,145,183,1,-1,146,182,20,0,189
9232,Feb 13 2002,Friendly in France,France,Romania,2114,1814,2,1,2,-2,2116,1812,1,22,0,0,1,22,20,100,400
9233,Feb 13 2002,Friendly in Germany,Germany,Israel,1869,1671,7,1,6,-6,1875,1665,12,48,0,-1,12,47,20,100,298
9234,Feb 13 2002,Friendly in Greece,Greece,Sweden,1654,1888,2,2,4,-4,1658,1884,48,8,0,0,48,8,20,100,-134
9235,Feb 13 2002,Friendly in Ireland,Ireland,Russia,1861,1837,2,0,10,-10,1871,1827,12,24,1,-4,13,20,20,100,124
9236,Feb 13 2002,Friendly in Italy,Italy,United States,2015,1801,1,0,3,-3,2018,1798,1,24,1,0,2,24,20,100,314
9237,Feb 13 2002,Friendly tournament in Malta,Jordan,Lithuania,1347,1422,3,0,32,-32,1379,1390,106,116,6,-7,112,109,30,0,-75
9238,Feb 13 2002,Friendly in Luxembourg,Luxembourg,Albania,1114,1461,0,0,6,-6,1120,1455,167,92,2,-1,169,91,20,100,-247
9239,Feb 13 2002,Friendly tournament in Malta,Malta,Moldova,1233,1402,3,0,31,-31,1264,1371,128,120,12,-6,140,114,30,100,-69
9240,Feb 13 2002,Friendly in the Netherlands,Netherlands,England,1996,1931,1,1,-4,4,1992,1935,5,7,0,0,5,7,20,100,165
9241,Feb 13 2002,Friendly in Paraguay,Paraguay,Bolivia,1725,1558,2,2,-6,6,1719,1564,38,60,-1,1,37,61,20,100,267
9242,Feb 13 2002,Friendly in Cyprus,Poland,Northern Ireland,1748,1546,4,1,8,-8,1756,1538,29,67,0,-1,29,66,20,0,202
9243,Feb 13 2002,Friendly in Saudi Arabia,Saudi Arabia,Denmark,1716,1875,0,1,-8,8,1708,1883,41,7,-1,2,40,9,20,100,-59
9244,Feb 13 2002,Friendly in Spain,Spain,Portugal,1966,2011,1,1,-2,2,1964,2013,6,2,0,1,6,3,20,100,55
9245,Feb 13 2002,Friendly tournament in Cyprus,Switzerland,Hungary,1656,1590,2,1,12,-12,1668,1578,45,58,1,0,46,58,30,0,66
9246,Feb 13 2002,Friendly in Uruguay,Uruguay,South Korea,1788,1696,2,1,5,-5,1793,1691,25,45,0,-2,25,43,20,100,192
9247,Feb 13 2002,Friendly in Wales,Wales,Argentina,1552,2021,1,1,8,-8,1560,2013,63,4,0,-1,63,3,20,100,-369
9248,Feb 13 2002,Friendly in the United States,Yugoslavia,Mexico,1833,1825,2,1,10,-10,1843,1815,13,21,3,0,16,21,20,0,8
9249,Feb 14 2002,King's Cup in Thailand,Qatar,Singapore,1566,1216,3,0,6,-6,1572,1210,58,155,1,-1,59,154,30,0,350
9250,Feb 14 2002,King's Cup in Thailand,Thailand,North Korea,1467,1469,0,1,-19,19,1448,1488,100,81,-6,3,94,84,30,100,98
9251,Feb 15 2002,Friendly tournament in Hong Kong,China,Slovenia,1724,1728,0,0,0,0,1724,1728,36,35,0,0,36,35,20,0,-4
9252,Feb 16 2002,King's Cup in Thailand,Qatar,Singapore,1572,1210,2,0,5,-5,1577,1205,59,156,0,-1,59,155,30,0,362
9253,Feb 16 2002,King's Cup in Thailand,Thailand,North Korea,1448,1488,0,0,-3,3,1445,1491,96,82,-1,1,95,83,30,100,60
9254,Feb 18 2002,Friendly in France,Gibraltar,Monaco,1056,904,2,2,-4,4,1052,908,180,193,0,0,180,193,20,0,152
9255,Mar 1 2002,Friendly tournament in Morocco,Iran,Venezuela,1739,1570,1,0,8,-8,1747,1562,29,64,1,-2,30,62,30,0,169
9256,Mar 2 2002,Friendly in Botswana,Botswana,Swaziland,1120,1192,6,2,17,-17,1137,1175,163,158,3,-1,166,157,20,100,28
9257,Mar 2 2002,Friendly in the United States,United States,Honduras,1798,1762,4,0,12,-12,1810,1750,22,30,1,-1,23,29,20,100,136
9258,Mar 7 2002,Friendly in Brazil,Brazil,Iceland,1847,1600,6,1,5,-5,1852,1595,15,57,0,-1,15,56,20,100,347
9259,Mar 9 2002,Oceania Nations Cup qualifier in Samoa,New Caledonia,Eastern Samoa,1158,406,10,0,1,-1,1159,405,162,228,0,0,162,228,20,0,752
9260,Mar 9 2002,Oceania Nations Cup qualifier in Samoa,Samoa,Tonga,702,679,2,0,20,-20,722,659,210,221,2,-2,212,219,40,100,123
9261,Mar 10 2002,Friendly in Swaziland,Swaziland,Lesotho,1175,1178,1,0,7,-7,1182,1171,155,160,1,-2,156,158,20,100,97
9262,Mar 10 2002,Friendly in the United States,United States,Ecuador,1810,1717,1,0,5,-5,1815,1712,19,38,2,0,21,38,20,100,193
9263,Mar 12 2002,Oceania Nations Cup qualifier in Samoa,Papua New Guinea,New Caledonia,1024,1159,4,1,48,-48,1072,1111,173,180,6,-9,179,171,40,0,-135
9264,Mar 12 2002,Oceania Nations Cup qualifier in Samoa,Tonga,Eastern Samoa,659,405,7,2,15,-15,674,390,217,230,1,-1,218,229,40,0,254
9265,Mar 13 2002,Friendly in the United States,Mexico,Albania,1815,1455,4,0,4,-4,1819,1451,21,92,0,-1,21,91,20,0,360
9266,Mar 13 2002,Friendly in Tunisia,Tunisia,South Korea,1635,1691,0,0,-1,1,1634,1692,49,43,0,0,49,43,20,100,44
9267,Mar 14 2002,Friendly in Italy,Estonia,Saudi Arabia,1345,1708,2,0,27,-27,1372,1681,107,48,7,-4,114,44,20,0,-363
9268,Mar 14 2002,Oceania Nations Cup qualifier in Samoa,Papua New Guinea,Tonga,1072,674,5,0,7,-7,1079,667,177,218,1,0,178,218,40,0,398
9269,Mar 14 2002,Oceania Nations Cup qualifier in Samoa,Samoa,Eastern Samoa,722,390,5,0,6,-6,728,384,210,229,1,0,211,229,40,100,432
9270,Mar 16 2002,Friendly in Botswana,Botswana,Namibia,1137,1244,3,1,15,-15,1152,1229,159,156,3,-4,162,152,20,100,-7
9271,Mar 16 2002,COSAFA Cup in Mauritius,Mauritius,Madagascar,1251,1346,2,3,-20,20,1231,1366,157,114,-6,3,151,117,40,100,5
9272,Mar 16 2002,Oceania Nations Cup qualifier in Samoa,New Caledonia,Tonga,1111,667,9,0,7,-7,1118,660,169,218,1,0,170,218,40,0,444
9273,Mar 16 2002,Oceania Nations Cup qualifier in Samoa,Samoa,Papua New Guinea,728,1079,1,4,-13,13,715,1092,213,176,-1,1,212,177,40,100,-251
9274,Mar 17 2002,Friendly in Sri Lanka,Sri Lanka,Pakistan,903,782,1,1,-6,6,897,788,200,208,-3,0,197,208,20,100,221
9275,Mar 18 2002,Oceania Nations Cup qualifier in Samoa,Papua New Guinea,Eastern Samoa,1092,384,7,0,2,-2,1094,382,177,229,0,0,177,229,40,0,708
9276,Mar 18 2002,Oceania Nations Cup qualifier in Samoa,Samoa,New Caledonia,715,1118,0,5,-12,12,703,1130,214,162,-1,4,213,166,40,100,-303
9277,Mar 19 2002,Friendly in Sri Lanka,Sri Lanka,Pakistan,897,788,0,0,-5,5,892,793,197,208,0,0,197,208,20,100,209
9278,Mar 20 2002,Friendly in Italy,Saudi Arabia,South Africa,1681,1611,1,0,8,-8,1689,1603,44,54,0,0,44,54,20,0,70
9279,Mar 20 2002,Friendly in Spain,South Korea,Finland,1692,1731,2,0,17,-17,1709,1714,38,40,2,-3,40,37,20,0,-39
9280,Mar 21 2002,Friendly in Japan,Japan,Ukraine,1867,1696,1,0,3,-3,1870,1693,14,43,0,-1,14,42,20,100,271
9281,Mar 23 2002,Friendly in Sri Lanka,Sri Lanka,Pakistan,892,793,1,0,5,-5,897,788,197,208,0,0,197,208,20,100,199
9282,Mar 25 2002,Friendly in Sri Lanka,Sri Lanka,Pakistan,897,788,2,1,5,-5,902,783,191,208,3,0,194,208,20,100,209
9283,Mar 26 2002,Friendly in England,Nigeria,Paraguay,1732,1719,1,1,0,0,1732,1719,33,36,0,0,33,36,20,0,13
9284,Mar 26 2002,Friendly in Germany,South Korea,Turkey,1709,1783,0,0,2,-2,1711,1781,38,26,1,0,39,26,20,0,-74
9285,Mar 27 2002,Friendly in Albania,Albania,Azerbaijan,1451,1301,1,0,4,-4,1455,1297,89,132,1,0,90,132,20,100,250
9286,Mar 27 2002,Friendly in Switzerland,Argentina,Cameroon,2013,1806,2,2,-5,5,2008,1811,3,20,0,2,3,22,20,0,207
9287,Mar 27 2002,Friendly in Austria,Austria,Slovakia,1673,1710,2,0,12,-12,1685,1698,41,42,2,-1,43,41,20,100,63
9288,Mar 27 2002,Friendly in Belize,Belize,Guyana,1115,1107,3,1,10,-10,1125,1097,169,180,1,-4,170,176,20,100,108
9289,Mar 27 2002,Friendly in Bosnia and Herzegovina,Bosnia and Herzegovina,Macedonia,1531,1443,4,4,-5,5,1526,1448,73,92,-1,2,72,94,20,100,188
9290,Mar 27 2002,Friendly in Brazil,Brazil,Yugoslavia,1852,1843,1,0,7,-7,1859,1836,15,18,0,-1,15,17,20,100,109
9291,Mar 27 2002,Friendly in Croatia,Croatia,Slovenia,1878,1728,0,0,-6,6,1872,1734,16,32,-3,1,13,33,20,100,250
9292,Mar 27 2002,Friendly in the United States,Ecuador,Bulgaria,1712,1691,3,0,16,-16,1728,1675,34,47,2,-2,36,45,20,0,21
9293,Mar 27 2002,Friendly in England,England,Italy,1935,2018,1,2,-10,10,1925,2028,7,2,0,0,7,2,20,100,17
9294,Mar 27 2002,Friendly in Estonia,Estonia,Russia,1372,1827,2,1,18,-18,1390,1809,104,26,5,-3,109,23,20,100,-355
9295,Mar 27 2002,Friendly in France,France,Scotland,2116,1734,5,0,2,-2,2118,1732,1,36,0,-2,1,34,20,100,482
9296,Mar 27 2002,Friendly in Georgia,Georgia,South Africa,1593,1603,4,1,13,-13,1606,1590,51,60,3,-3,54,57,20,100,90
9297,Mar 27 2002,Friendly in Germany,Germany,United States,1875,1815,4,2,9,-9,1884,1806,4,26,4,-2,8,24,20,100,160
9298,Mar 27 2002,Friendly in Greece,Greece,Belgium,1658,1839,3,2,12,-12,1670,1827,46,20,1,-1,47,19,20,100,-81
9299,Mar 27 2002,Friendly in Ireland,Ireland,Denmark,1871,1883,3,0,13,-13,1884,1870,3,19,5,-5,8,14,20,100,88
9300,Mar 27 2002,Friendly in Liechtenstein,Liechtenstein,Northern Ireland,1049,1538,0,0,8,-8,1057,1530,181,74,1,-4,182,70,20,100,-389
9301,Mar 27 2002,Friendly in Luxembourg,Luxembourg,Latvia,1120,1417,0,3,-9,9,1111,1426,172,95,-1,4,171,99,20,100,-197
9302,Mar 27 2002,Friendly in Malta,Malta,Andorra,1264,1051,1,1,-7,7,1257,1058,144,180,-2,1,142,181,20,100,313
9303,Mar 27 2002,Friendly in Moldova,Moldova,Hungary,1371,1578,0,2,-11,11,1360,1589,119,58,-2,0,117,58,20,100,-107
9304,Mar 27 2002,Friendly in the Netherlands,Netherlands,Spain,1992,1964,1,0,6,-6,1998,1958,3,6,1,0,4,6,20,100,128
9305,Mar 27 2002,Friendly in Poland,Poland,Japan,1756,1870,0,2,-14,14,1742,1884,34,2,-3,6,31,8,20,100,-14
9306,Mar 27 2002,Friendly in Portugal,Portugal,Finland,2013,1714,1,4,-32,32,1981,1746,7,23,-2,7,5,30,20,100,399
9307,Mar 27 2002,Friendly in Romania,Romania,Ukraine,1812,1693,4,1,8,-8,1820,1685,17,44,3,-1,20,43,20,100,219
9308,Mar 27 2002,Friendly in Saudi Arabia,Saudi Arabia,Uruguay,1689,1793,3,2,10,-10,1699,1783,36,25,4,0,40,25,20,100,-4
9309,Mar 27 2002,Friendly in Senegal,Senegal,Bolivia,1694,1564,2,1,4,-4,1698,1560,41,66,0,-3,41,63,20,100,230
9310,Mar 27 2002,Friendly in Sweden,Sweden,Switzerland,1884,1668,1,1,-7,7,1877,1675,14,44,-3,1,11,45,20,100,316
9311,Mar 27 2002,Friendly in Tunisia,Tunisia,Norway,1634,1741,0,0,0,0,1634,1741,49,33,0,-1,49,32,20,100,-7
9312,Mar 27 2002,Friendly in Wales,Wales,Czechia,1560,1842,0,0,5,-5,1565,1837,57,15,3,1,60,16,20,100,-182
9313,Mar 30 2002,COSAFA Cup in Botswana,Botswana,South Africa,1152,1590,0,0,15,-15,1167,1575,158,61,2,-2,160,59,40,100,-338
9314,Mar 30 2002,Friendly in Swaziland,Swaziland,Mozambique,1182,1240,1,2,-11,11,1171,1251,158,141,-1,4,157,145,20,100,42
9315,Mar 31 2002,Friendly in Swaziland,Swaziland,Mozambique,1171,1251,1,1,-1,1,1170,1252,161,145,-2,0,159,145,20,100,20
9316,Apr 3 2002,Friendly in the United States,United States,Mexico,1806,1819,1,0,8,-8,1814,1811,18,23,3,-1,21,22,20,100,87
9317,Apr 4 2002,Friendly in Sri Lanka,Sri Lanka,Maldives,902,900,1,0,7,-7,909,893,192,197,1,0,193,197,20,100,102
9318,Apr 6 2002,Friendly in Sri Lanka,Sri Lanka,Maldives,909,893,1,1,-3,3,906,896,195,197,-1,0,194,197,20,100,116
9319,Apr 7 2002,COSAFA Cup in Lesotho,Lesotho,Mozambique,1171,1252,0,2,-32,32,1139,1284,173,127,-8,9,165,136,40,100,19
9320,Apr 9 2002,Friendly in Singapore,Singapore,Maldives,1205,896,2,0,3,-3,1208,893,155,197,0,0,155,197,20,100,409
9321,Apr 10 2002,Friendly in Yemen,Yemen,Ethiopia,1209,1423,1,1,3,-3,1212,1420,152,105,1,-2,153,103,20,100,-114
9322,Apr 12 2002,Friendly in Ethiopia,Ethiopia,Tanzania,1420,1317,3,0,8,-8,1428,1309,95,130,4,-1,99,129,20,100,203
9323,Apr 17 2002,Friendly in Andorra,Andorra,Albania,1058,1455,2,0,25,-25,1083,1430,177,106,2,-8,179,98,20,100,-297
9324,Apr 17 2002,Friendly in Austria,Austria,Cameroon,1685,1811,0,0,1,-1,1686,1810,45,24,-1,-1,44,23,20,100,-26
9325,Apr 17 2002,Friendly in Belgium,Belgium,Slovakia,1827,1698,1,1,-6,6,1821,1704,21,39,-1,1,20,40,20,100,229
9326,Apr 17 2002,Friendly in Belize,Belize,Nicaragua,1125,901,7,1,6,-6,1131,895,162,196,4,0,166,196,20,100,324
9327,Apr 17 2002,Friendly in Croatia,Croatia,Bosnia and Herzegovina,1872,1526,2,0,2,-2,1874,1524,13,74,0,-1,13,73,20,100,446
9328,Apr 17 2002,Friendly in Denmark,Denmark,Israel,1870,1665,3,1,4,-4,1874,1661,12,48,1,0,13,48,20,100,305
9329,Apr 17 2002,Friendly in Spain,Ecuador,South Africa,1728,1575,0,0,-4,4,1724,1579,34,55,1,2,35,57,20,0,153
9330,Apr 17 2002,Friendly in England,England,Paraguay,1925,1719,4,0,5,-5,1930,1714,7,38,0,0,7,38,20,100,306
9331,Apr 17 2002,Friendly in France,France,Russia,2118,1809,0,0,-8,8,2110,1817,1,18,0,3,1,21,20,100,409
9332,Apr 17 2002,Friendly in Germany,Germany,Argentina,1884,2008,0,1,-9,9,1875,2017,16,3,-4,0,12,3,20,100,-24
9333,Apr 17 2002,Friendly in Greece,Greece,Czechia,1670,1837,0,0,2,-2,1672,1835,45,18,1,-1,46,17,20,100,-67
9334,Apr 17 2002,Friendly in Hungary,Hungary,Belarus,1589,1507,2,5,-26,26,1563,1533,63,65,-3,5,60,70,20,100,182
9335,Apr 17 2002,Friendly in Ireland,Ireland,United States,1884,1814,2,1,5,-5,1889,1809,8,27,0,-3,8,24,20,100,170
9336,Apr 17 2002,Friendly in Italy,Italy,Uruguay,2028,1783,1,1,-8,8,2020,1791,2,25,0,0,2,25,20,100,345
9337,Apr 17 2002,Friendly in Japan,Japan,Costa Rica,1884,1781,1,1,-5,5,1879,1786,10,28,-1,-1,9,27,20,100,203
9338,Apr 17 2002,Friendly in Latvia,Latvia,Kazakhstan,1426,1466,2,1,8,-8,1434,1458,94,92,3,-2,97,90,20,100,60
9339,Apr 17 2002,Friendly in Luxembourg,Luxembourg,Liechtenstein,1111,1057,3,3,-4,4,1107,1061,171,182,0,0,171,182,20,100,154
9340,Apr 17 2002,Friendly in Macedonia,Macedonia,Finland,1448,1746,1,0,15,-15,1463,1731,82,36,6,-3,88,33,20,100,-198
9341,Apr 17 2002,Friendly in Malta,Malta,Azerbaijan,1257,1297,1,0,8,-8,1265,1289,139,136,2,-2,141,134,20,100,60
9342,Apr 17 2002,Friendly in the United States,Mexico,Bulgaria,1811,1675,1,0,6,-6,1817,1669,20,49,1,-2,21,47,20,0,136
9343,Apr 17 2002,Friendly in Norway,Norway,Sweden,1741,1877,0,0,1,-1,1742,1876,30,9,1,1,31,10,20,100,-36
9344,Apr 17 2002,Friendly in Northern Ireland,Northern Ireland,Spain,1530,1958,0,5,-5,5,1525,1963,74,6,-2,0,72,6,20,100,-328
9345,Apr 17 2002,Friendly in Poland,Poland,Romania,1742,1820,1,2,-11,11,1731,1831,35,16,-2,2,33,18,20,100,22
9346,Apr 17 2002,Friendly in Portugal,Portugal,Brazil,1981,1859,1,1,-6,6,1975,1865,5,15,0,0,5,15,20,100,222
9347,Apr 17 2002,Friendly in Scotland,Scotland,Nigeria,1732,1732,1,2,-13,13,1719,1745,40,26,-3,4,37,30,20,100,100
9348,Apr 17 2002,Friendly in Slovenia,Slovenia,Tunisia,1734,1634,1,0,5,-5,1739,1629,31,49,1,0,32,49,20,100,200
9349,Apr 17 2002,Friendly in the Netherlands,Turkey,Chile,1781,1598,2,0,8,-8,1789,1590,26,57,0,-1,26,56,20,0,183
9350,Apr 17 2002,Friendly in Ukraine,Ukraine,Georgia,1685,1606,2,1,5,-5,1690,1601,43,54,0,0,43,54,20,100,179
9351,Apr 17 2002,Friendly in Yugoslavia,Yugoslavia,Lithuania,1836,1390,4,1,1,-1,1837,1389,15,113,1,-2,16,111,20,100,546
9352,Apr 21 2002,Friendly in South Korea,South Korea,Costa Rica,1711,1786,2,0,14,-14,1725,1772,31,27,4,0,35,27,20,100,25
9353,Apr 21 2002,COSAFA Cup in Swaziland,Swaziland,Namibia,1170,1229,2,1,18,-18,1188,1211,154,156,2,-2,156,154,30,0,-59
9354,Apr 27 2002,Friendly in South Korea,South Korea,China,1725,1724,0,0,-3,3,1722,1727,39,34,-2,1,37,35,20,100,101
9355,Apr 28 2002,Friendly in Tanzania,Tanzania,Ethiopia,1309,1428,3,1,16,-16,1325,1412,123,106,3,-3,126,103,20,100,-19
9356,Apr 29 2002,Friendly tournament in Japan,Japan,Slovakia,1879,1704,1,0,5,-5,1884,1699,9,40,0,0,9,40,20,0,175
9357,May 2 2002,Friendly tournament in Japan,Japan,Honduras,1884,1750,3,3,-9,9,1875,1759,13,28,-2,0,11,28,30,100,234
9358,May 4 2002,Friendly in Malawi,Malawi,Tanzania,1255,1325,1,0,9,-9,1264,1316,139,130,3,-2,142,128,20,100,30
9359,May 4 2002,Friendly in Nigeria,Nigeria,Kenya,1745,1375,3,0,2,-2,1747,1373,28,114,1,0,29,114,20,100,470
9360,May 5 2002,COSAFA Cup in Zimbabwe,Zimbabwe,Swaziland,1519,1188,0,2,-55,55,1464,1243,99,140,-12,8,87,148,40,100,431
9361,May 7 2002,Friendly in Venezuela,Venezuela,Colombia,1562,1876,0,0,5,-5,1567,1871,56,19,3,-5,59,14,20,100,-214
9362,May 8 2002,Friendly in the United States,Ecuador,Yugoslavia,1724,1837,1,0,13,-13,1737,1824,30,22,3,-3,33,19,20,0,-113
9363,May 8 2002,Friendly in Hungary,Hungary,Croatia,1563,1874,0,2,-7,7,1556,1881,65,6,-2,3,63,9,20,100,-211
9364,May 9 2002,Friendly in Costa Rica,Costa Rica,Colombia,1772,1871,1,2,-10,10,1762,1881,27,4,0,5,27,9,20,100,1
9365,May 9 2002,Friendly in Germany,Germany,Kuwait,1875,1530,7,0,3,-3,1878,1527,11,71,0,0,11,71,20,100,445
9366,May 11 2002,Friendly in China,China,Thailand,1727,1445,3,1,3,-3,1730,1442,36,95,0,0,36,95,20,100,382
9367,May 11 2002,Friendly in Kenya,Kenya,Tanzania,1373,1316,1,0,6,-6,1379,1310,112,130,1,-1,113,129,20,100,157
9368,May 12 2002,Friendly in Mexico,Mexico,Colombia,1817,1881,2,1,9,-9,1826,1872,17,19,2,-5,19,14,20,100,36
9369,May 12 2002,Friendly in South Africa,South Africa,Madagascar,1579,1366,1,0,3,-3,1582,1363,57,116,0,0,57,116,20,100,313
9370,May 12 2002,Friendly in the United States,United States,Uruguay,1809,1791,2,1,7,-7,1816,1784,22,27,1,-1,23,26,20,100,118
9371,May 14 2002,Friendly in Belgium,Belgium,Algeria,1821,1482,0,0,-9,9,1812,1491,25,80,-2,2,23,82,20,100,439
9372,May 14 2002,Friendly in Norway,Norway,Japan,1742,1875,3,0,19,-19,1761,1856,25,18,3,-3,28,15,20,100,-33
9373,May 14 2002,Friendly in Saudi Arabia,Saudi Arabia,Senegal,1699,1698,3,2,7,-7,1706,1691,40,42,0,0,40,42,20,100,101
9374,May 14 2002,Friendly in Slovakia,Slovakia,Uzbekistan,1699,1498,4,1,5,-5,1704,1493,42,83,-1,-2,41,81,20,100,301
9375,May 14 2002,Friendly in Wales,Wales,Germany,1565,1878,1,0,15,-15,1580,1863,56,18,2,-4,58,14,20,100,-213
9376,May 15 2002,Friendly in Greece,Greece,Cyprus,1672,1506,3,1,5,-5,1677,1501,44,78,1,-1,45,77,20,100,266
9377,May 15 2002,Friendly in Switzerland,Switzerland,Canada,1675,1624,1,3,-21,21,1654,1645,51,47,-3,2,48,49,20,100,151
9378,May 16 2002,Friendly tournament in China,China,Uruguay,1730,1784,0,2,-25,25,1705,1809,44,24,-4,1,40,25,30,100,46
9379,May 16 2002,Friendly in Ireland,Ireland,Nigeria,1889,1747,1,2,-16,16,1873,1763,14,24,-3,3,11,27,20,100,242
9380,May 16 2002,Friendly in the United States,Mexico,Bolivia,1826,1560,1,0,4,-4,1830,1556,17,62,1,0,18,62,20,0,266
9381,May 16 2002,Friendly in South Korea,South Korea,Scotland,1722,1719,4,1,12,-12,1734,1707,31,38,3,0,34,38,20,100,103
9382,May 16 2002,Friendly in the United States,United States,Jamaica,1816,1534,5,0,4,-4,1820,1530,20,72,1,-2,21,70,20,100,382
9383,May 17 2002,Friendly in Denmark,Denmark,Cameroon,1874,1810,2,1,6,-6,1880,1804,8,24,1,0,9,24,20,100,164
9384,May 17 2002,Friendly in Myanmar,Myanmar,Malaysia,1106,1277,1,1,2,-2,1108,1275,170,140,1,-1,171,139,20,100,-71
9385,May 17 2002,Friendly tournament in Russia,Russia,Belarus,1817,1533,1,1,-12,12,1805,1545,24,61,-1,4,23,65,30,100,384
9386,May 17 2002,Friendly in Slovenia,Slovenia,Ghana,1739,1537,2,0,4,-4,1743,1533,32,72,0,-3,32,69,20,100,302
9387,May 17 2002,Friendly in Sweden,Sweden,Paraguay,1876,1714,1,2,-16,16,1860,1730,19,37,-5,0,14,37,20,100,262
9388,May 17 2002,Friendly tournament in Russia,Ukraine,Yugoslavia,1690,1824,2,0,31,-31,1721,1793,33,30,5,-5,38,25,30,0,-134
9389,May 18 2002,Friendly in Czechia,Czechia,Italy,1835,2020,1,0,12,-12,1847,2008,16,4,0,-1,16,3,20,100,-85
9390,May 18 2002,Friendly in France,France,Belgium,2110,1812,1,2,-18,18,2092,1830,1,15,0,3,1,18,20,100,398
9391,May 18 2002,Friendly in Germany,Germany,Austria,1863,1686,6,2,6,-6,1869,1680,11,44,1,0,12,44,20,100,277
9392,May 18 2002,COSAFA Cup in Malawi,Malawi,Angola,1264,1534,2,1,29,-29,1293,1505,122,82,10,-7,132,75,40,100,-170
9393,May 18 2002,Friendly tournament in England,Nigeria,Jamaica,1763,1530,1,0,6,-6,1769,1524,27,72,0,-1,27,71,30,0,233
9394,May 18 2002,Friendly in Poland,Poland,Estonia,1731,1390,1,0,1,-1,1732,1389,35,113,0,-2,35,111,20,100,441
9395,May 18 2002,Friendly in Tanzania,Tanzania,Kenya,1310,1379,0,5,-22,22,1288,1401,143,101,-7,6,136,107,20,100,31
9396,May 19 2002,Friendly tournament in Russia,Belarus,Ukraine,1545,1721,2,0,33,-33,1578,1688,53,48,6,-5,59,43,30,0,-176
9397,May 19 2002,Friendly in Myanmar,Myanmar,Malaysia,1108,1275,0,0,2,-2,1110,1273,171,140,0,0,171,140,20,100,-67
9398,May 19 2002,Friendly tournament in Russia,Russia,Yugoslavia,1805,1793,1,1,-5,5,1800,1798,25,25,-1,0,24,25,30,100,112
9399,May 19 2002,Friendly in the United States,United States,Netherlands,1820,1998,0,2,-12,12,1808,2010,23,2,-1,1,22,3,20,100,-78
9400,May 20 2002,Friendly tournament in Hong Kong,South Africa,Scotland,1582,1707,2,0,30,-30,1612,1677,51,50,3,-6,54,44,30,0,-125
9401,May 21 2002,Friendly in San Marino,San Marino,Estonia,953,1389,0,1,-3,3,950,1392,191,107,0,2,191,109,20,100,-336
9402,May 21 2002,Friendly tournament in Singapore,Singapore,Uruguay,1208,1809,1,2,-2,2,1206,1811,156,21,0,0,156,21,30,100,-501
9403,May 21 2002,Friendly in South Korea,South Korea,England,1734,1930,1,1,3,-3,1737,1927,32,7,1,0,33,7,20,100,-96
9404,May 22 2002,Friendly in Finland,Finland,Latvia,1731,1434,2,1,2,-2,1733,1432,34,97,1,0,35,97,20,100,397
9405,May 22 2002,Friendly in Norway,Norway,Iceland,1761,1595,1,1,-6,6,1755,1601,31,54,-1,1,30,55,20,100,266
9406,May 23 2002,Friendly in Japan,Senegal,Ecuador,1691,1737,1,0,11,-11,1702,1726,41,41,0,-4,41,37,20,0,-46
9407,May 23 2002,Friendly tournament in Hong Kong,South Africa,Turkey,1612,1789,2,0,33,-33,1645,1756,44,32,5,-3,49,29,30,0,-177
9408,May 25 2002,Friendly in Japan,Japan,Sweden,1856,1860,1,1,-3,3,1853,1863,15,14,0,0,15,14,20,100,96
9409,May 25 2002,Friendly in Malaysia,Malaysia,Brazil,1273,1865,0,4,-2,2,1271,1867,140,13,0,0,140,13,20,100,-492
9410,May 25 2002,Friendly in Macao,Portugal,China,1975,1705,2,0,5,-5,1980,1700,5,43,0,-2,5,41,20,0,270
9411,May 26 2002,Friendly in Japan,Belgium,Costa Rica,1830,1762,1,0,8,-8,1838,1754,16,33,1,-3,17,30,20,0,68
9412,May 26 2002,Friendly in Japan,Cameroon,England,1804,1927,2,2,3,-3,1807,1924,23,7,0,0,23,7,20,0,-123
9413,May 26 2002,Friendly in Japan,Denmark,Tunisia,1880,1629,2,1,4,-4,1884,1625,7,53,1,-1,8,52,20,0,251
9414,May 26 2002,Friendly in South Korea,South Korea,France,1737,2092,2,3,-4,4,1733,2096,33,1,0,0,33,1,20,100,-255
9415,May 30 2002,Friendly in Kuwait,Kuwait,Iran,1527,1747,1,3,-10,10,1517,1757,77,25,-4,3,73,28,20,100,-120
9416,May 31 2002,World Cup in South Korea,Senegal,France,1702,2096,1,0,54,-54,1756,2042,18,1,11,0,29,1,60,0,-394
9417,Jun 1 2002,World Cup in Japan,Cameroon,Ireland,1807,1873,1,1,6,-6,1813,1867,19,14,2,-2,21,12,60,0,-66
9418,Jun 1 2002,World Cup in South Korea,Denmark,Uruguay,1884,1811,2,1,24,-24,1908,1787,10,29,-1,-4,9,25,60,0,73
9419,Jun 1 2002,World Cup in Japan,Germany,Saudi Arabia,1869,1706,8,0,40,-40,1909,1666,4,53,4,-7,8,46,60,0,163
9420,Jun 2 2002,World Cup in Japan,Argentina,Nigeria,2017,1769,1,0,12,-12,2029,1757,2,28,0,-1,2,27,60,0,248
9421,Jun 2 2002,World Cup in Japan,England,Sweden,1924,1863,1,1,-5,5,1919,1868,7,10,0,2,7,12,60,0,61
9422,Jun 2 2002,World Cup in South Korea,Paraguay,South Africa,1730,1645,2,2,-7,7,1723,1652,37,49,0,0,37,49,30,100,185
9423,Jun 2 2002,World Cup in South Korea,Spain,Slovenia,1963,1743,3,1,20,-20,1983,1723,4,41,1,-4,5,37,60,0,220
9424,Jun 3 2002,World Cup in South Korea,Brazil,Turkey,1867,1756,2,1,21,-21,1888,1735,7,35,3,-3,10,32,60,0,111
9425,Jun 3 2002,World Cup in Japan,Italy,Ecuador,2008,1726,2,0,15,-15,2023,1711,2,40,1,-2,3,38,60,0,282
9426,Jun 3 2002,World Cup in Japan,Mexico,Croatia,1830,1881,1,0,34,-34,1864,1847,9,22,5,-6,14,16,60,0,-51
9427,Jun 4 2002,World Cup in South Korea,Costa Rica,China,1754,1700,2,0,38,-38,1792,1662,19,52,6,-6,25,46,60,0,54
9428,Jun 4 2002,World Cup in Japan,Japan,Belgium,1853,1838,2,2,-10,10,1843,1848,21,12,-3,3,18,15,60,100,115
9429,Jun 4 2002,World Cup in South Korea,South Korea,Poland,1733,1732,2,0,32,-32,1765,1700,21,43,6,-4,27,39,60,100,101
9430,Jun 5 2002,World Cup in Japan,Germany,Ireland,1909,1867,1,1,-4,4,1905,1871,10,11,-1,1,9,12,20,100,142
9431,Jun 5 2002,World Cup in Japan,Russia,Tunisia,1800,1625,2,0,24,-24,1824,1601,21,56,1,-2,22,54,60,0,175
9432,Jun 5 2002,World Cup in South Korea,United States,Portugal,1808,1980,3,2,44,-44,1852,1936,8,6,7,0,15,6,60,0,-172
9433,Jun 6 2002,World Cup in Japan,Cameroon,Saudi Arabia,1813,1666,1,0,18,-18,1831,1648,17,53,3,-4,20,49,60,0,147
9434,Jun 6 2002,World Cup in South Korea,Denmark,Senegal,1908,1756,1,1,-12,12,1896,1768,10,23,-1,4,9,27,40,100,252
9435,Jun 6 2002,World Cup in South Korea,France,Uruguay,2042,1787,0,0,-19,19,2023,1806,3,22,-1,2,2,24,50,100,355
9436,Jun 6 2002,Friendly in Saint Martin,Saint Martin,Anguilla,1087,538,2,1,0,0,1087,538,178,226,0,0,178,226,20,100,649
9437,Jun 7 2002,Friendly in Andorra,Andorra,Armenia,1083,1409,0,2,-6,6,1077,1415,181,101,-1,2,180,103,20,100,-226
9438,Jun 7 2002,World Cup in Japan,England,Argentina,1919,2029,1,0,39,-39,1958,1990,5,9,1,-4,6,5,60,0,-110
9439,Jun 7 2002,World Cup in South Korea,Spain,Paraguay,1983,1723,3,1,16,-16,1999,1707,3,39,1,-2,4,37,60,0,260
9440,Jun 7 2002,World Cup in Japan,Sweden,Nigeria,1868,1757,2,1,21,-21,1889,1736,7,34,3,-2,10,32,60,0,111
9441,Jun 8 2002,World Cup in South Korea,Brazil,China,1888,1662,4,0,24,-24,1912,1638,5,55,3,-5,8,50,60,0,226
9442,Jun 8 2002,World Cup in Japan,Croatia,Italy,1847,2023,2,1,44,-44,1891,1979,5,9,6,-4,11,5,60,0,-176
9443,Jun 8 2002,Friendly in Malawi,Malawi,Botswana,1293,1167,2,0,6,-6,1299,1161,130,163,1,-2,131,161,20,100,226
9444,Jun 8 2002,World Cup in South Korea,South Africa,Slovenia,1652,1723,1,0,36,-36,1688,1687,30,47,9,-6,39,41,60,0,-71
9445,Jun 9 2002,World Cup in South Korea,Costa Rica,Turkey,1792,1735,1,1,-5,5,1787,1740,26,31,0,1,26,32,60,0,57
9446,Jun 9 2002,World Cup in Japan,Japan,Russia,1843,1824,1,0,20,-20,1863,1804,13,25,3,-1,16,24,60,100,119
9447,Jun 9 2002,Friendly in Malawi,Malawi,Botswana,1299,1161,1,0,4,-4,1303,1157,131,161,0,0,131,161,20,100,238
9448,Jun 9 2002,World Cup in Japan,Mexico,Ecuador,1864,1711,2,1,18,-18,1882,1693,11,41,2,-3,13,38,60,0,153
9449,Jun 10 2002,World Cup in Japan,Belgium,Tunisia,1848,1601,1,1,-18,18,1830,1619,24,52,-3,1,21,53,60,0,247
9450,Jun 10 2002,World Cup in South Korea,Portugal,Poland,1936,1700,4,0,23,-23,1959,1677,5,47,1,-5,6,42,60,0,236
9451,Jun 10 2002,World Cup in South Korea,South Korea,United States,1765,1852,1,1,-1,1,1764,1853,28,17,0,0,28,17,30,100,13
9452,Jun 11 2002,World Cup in South Korea,Denmark,France,1896,2023,2,0,61,-61,1957,1962,6,9,2,-4,8,5,60,0,-127
9453,Jun 11 2002,World Cup in Japan,Germany,Cameroon,1905,1831,2,0,36,-36,1941,1795,9,31,0,-6,9,25,60,0,74
9454,Jun 11 2002,World Cup in Japan,Ireland,Saudi Arabia,1871,1648,3,0,23,-23,1894,1625,7,54,4,-3,11,51,60,0,223
9455,Jun 11 2002,World Cup in South Korea,Senegal,Uruguay,1768,1806,3,3,3,-3,1771,1803,27,23,0,0,27,23,50,0,-38
9456,Jun 12 2002,World Cup in Japan,Argentina,Sweden,1990,1889,1,1,-8,8,1982,1897,3,9,0,2,3,11,30,100,201
9457,Jun 12 2002,World Cup in Japan,England,Nigeria,1958,1736,0,0,-17,17,1941,1753,9,31,-1,1,8,32,60,0,222
9458,Jun 12 2002,World Cup in South Korea,Paraguay,Slovenia,1707,1687,3,1,42,-42,1749,1645,31,54,2,-7,33,47,60,0,20
9459,Jun 12 2002,World Cup in South Korea,Spain,South Africa,1999,1688,3,2,9,-9,2008,1679,2,42,0,-2,2,40,60,0,311
9460,Jun 13 2002,World Cup in South Korea,Brazil,Costa Rica,1912,1787,5,2,34,-34,1946,1753,6,38,2,-6,8,32,60,0,125
9461,Jun 13 2002,World Cup in Japan,Ecuador,Croatia,1693,1891,1,0,45,-45,1738,1846,33,23,2,-5,35,18,60,0,-198
9462,Jun 13 2002,World Cup in Japan,Italy,Mexico,1979,1882,1,1,-8,8,1971,1890,4,12,0,1,4,13,30,100,197
9463,Jun 13 2002,World Cup in South Korea,Turkey,China,1740,1638,3,0,38,-38,1778,1600,18,63,8,-7,26,56,60,0,102
9464,Jun 14 2002,World Cup in Japan,Belgium,Russia,1830,1804,3,2,28,-28,1858,1776,12,32,4,-5,16,27,60,0,26
9465,Jun 14 2002,World Cup in Japan,Japan,Tunisia,1863,1619,2,0,11,-11,1874,1608,13,54,1,-1,14,53,60,100,344
9466,Jun 14 2002,World Cup in South Korea,Poland,United States,1677,1853,3,1,66,-66,1743,1787,29,34,6,-9,35,25,60,0,-176
9467,Jun 14 2002,World Cup in South Korea,South Korea,Portugal,1764,1959,1,0,38,-38,1802,1921,16,14,6,-4,22,10,50,0,-195
9468,Jun 15 2002,World Cup in Japan,England,Denmark,1941,1957,3,0,55,-55,1996,1902,-2,14,5,-4,3,10,60,0,-16
9469,Jun 15 2002,World Cup in South Korea,Germany,Paraguay,1941,1749,1,0,15,-15,1956,1734,6,38,1,-2,7,36,60,0,192
9470,Jun 16 2002,World Cup in South Korea,Ireland,Spain,1894,2008,1,1,10,-10,1904,1998,8,2,2,0,10,2,60,0,-114
9471,Jun 16 2002,World Cup in Japan,Senegal,Sweden,1771,1897,2,1,40,-40,1811,1857,14,21,7,-5,21,16,60,0,-126
9472,Jun 17 2002,World Cup in Japan,Brazil,Belgium,1946,1858,2,0,34,-34,1980,1824,2,27,3,-6,5,21,60,0,88
9473,Jun 17 2002,World Cup in South Korea,United States,Mexico,1787,1890,2,0,58,-58,1845,1832,8,24,9,-6,17,18,60,0,-103
9474,Jun 18 2002,World Cup in Japan,Japan,Turkey,1874,1778,0,1,-45,45,1829,1823,28,19,-8,4,20,23,60,100,196
9475,Jun 18 2002,World Cup in South Korea,South Korea,Italy,1802,1971,2,1,36,-36,1838,1935,10,10,7,-2,17,8,50,0,-169
9476,Jun 21 2002,World Cup in Japan,Brazil,England,1980,1996,2,1,31,-31,2011,1965,-3,9,4,-3,1,6,60,0,-16
9477,Jun 21 2002,World Cup in South Korea,Germany,United States,1956,1845,1,0,21,-21,1977,1824,3,26,2,-5,5,21,60,0,111
9478,Jun 22 2002,Friendly in Grenada,Grenada,British Virgin Islands,1305,876,5,0,2,-2,1307,874,130,202,0,0,130,202,20,100,529
9479,Jun 22 2002,World Cup in South Korea,South Korea,Spain,1838,1998,0,0,5,-5,1843,1993,18,3,-1,0,17,3,60,100,-60
9480,Jun 22 2002,World Cup in Japan,Turkey,Senegal,1823,1811,1,0,29,-29,1852,1782,5,30,9,-3,14,27,60,0,12
9481,Jun 23 2002,Friendly in Saint Martin,Saint Martin,Anguilla,1087,538,1,0,0,0,1087,538,178,226,0,0,178,226,20,100,649
9482,Jun 25 2002,Friendly tournament in Mozambique,Mozambique,Angola,1284,1505,1,1,5,-5,1289,1500,131,79,3,-2,134,77,30,100,-121
9483,Jun 25 2002,World Cup in South Korea,South Korea,Germany,1843,1977,0,1,-27,27,1816,2004,29,1,-6,2,23,3,60,100,-34
9484,Jun 26 2002,World Cup in Japan,Brazil,Turkey,2011,1852,1,0,17,-17,2028,1835,1,18,0,-2,1,16,60,0,159
9485,Jun 29 2002,World Cup in South Korea,South Korea,Turkey,1816,1835,2,3,-37,37,1779,1872,31,8,-4,4,27,12,60,100,81
9486,Jun 30 2002,Friendly in Bhutan,Bhutan,Montserrat,561,539,4,0,12,-12,573,527,224,227,0,-1,224,226,20,100,122
9487,Jun 30 2002,World Cup in Japan,Brazil,Germany,2028,2004,2,0,42,-42,2070,1962,1,9,0,-3,1,6,60,0,24
9488,Jul 3 2002,Friendly in Estonia,Estonia,Azerbaijan,1392,1289,0,0,-5,5,1387,1294,115,132,-3,1,112,133,20,100,203
9489,Jul 5 2002,Oceania Nations Cup in New Zealand,New Zealand,Tahiti,1524,1346,4,0,16,-16,1540,1330,64,125,3,-2,67,123,50,100,278
9490,Jul 5 2002,Oceania Nations Cup in New Zealand,Papua New Guinea,Solomon Islands,1094,1289,0,0,13,-13,1107,1276,167,143,5,-4,172,139,50,0,-195
9491,Jul 6 2002,Oceania Nations Cup in New Zealand,Australia,Vanuatu,1828,1102,2,0,1,-1,1829,1101,18,176,1,0,19,176,30,0,726
9492,Jul 6 2002,Friendly in the British Virgin Islands,British Virgin Islands,Anguilla,874,538,2,1,2,-2,876,536,202,225,0,0,202,225,20,100,436
9493,Jul 6 2002,Oceania Nations Cup in New Zealand,Fiji,New Caledonia,1425,1130,2,1,8,-8,1433,1122,94,173,3,-3,97,170,50,0,295
9494,Jul 6 2002,CONCACAF Champ qual in Grenada,Grenada,Saint Martin,1307,1087,8,3,11,-11,1318,1076,124,182,3,-2,127,180,40,100,320
9495,Jul 6 2002,Friendly in Latvia,Latvia,Azerbaijan,1432,1294,0,0,-6,6,1426,1300,103,131,-3,1,100,132,20,100,238
9496,Jul 6 2002,COSAFA Cup in Zambia,Zambia,Mozambique,1472,1289,3,0,11,-11,1483,1278,84,139,1,-2,85,137,40,100,283
9497,Jul 7 2002,CONCACAF Champ qual in Guadeloupe,Guadeloupe,Puerto Rico,1327,886,4,0,3,-3,1330,883,123,199,1,0,124,199,20,0,441
9498,Jul 7 2002,Friendly in Kazakhstan,Kazakhstan,Estonia,1458,1387,1,1,-5,5,1453,1392,90,106,0,3,90,109,20,100,171
9499,Jul 7 2002,Friendly in Malawi,Malawi,Zimbabwe,1303,1464,3,2,12,-12,1315,1452,127,95,2,-4,129,91,20,100,-61
9500,Jul 7 2002,Oceania Nations Cup in New Zealand,New Zealand,Papua New Guinea,1540,1107,9,1,5,-5,1545,1102,65,178,1,-3,66,175,30,0,433
9501,Jul 7 2002,Oceania Nations Cup in New Zealand,Tahiti,Solomon Islands,1330,1276,3,2,21,-21,1351,1255,117,151,3,-6,120,145,50,0,54
9502,Jul 8 2002,Oceania Nations Cup in New Zealand,Australia,New Caledonia,1829,1122,11,0,2,-2,1831,1120,17,172,1,-1,18,171,40,0,707
9503,Jul 8 2002,Friendly in Malawi,Malawi,Zimbabwe,1315,1452,2,2,1,-1,1316,1451,129,91,0,0,129,91,20,100,-37
9504,Jul 8 2002,Oceania Nations Cup in New Zealand,Vanuatu,Fiji,1101,1433,1,0,44,-44,1145,1389,148,125,14,-14,162,111,50,0,-332
9505,Jul 9 2002,Oceania Nations Cup in New Zealand,New Zealand,Solomon Islands,1545,1255,6,1,10,-10,1555,1245,64,149,1,-2,65,147,30,0,290
9506,Jul 9 2002,Oceania Nations Cup in New Zealand,Tahiti,Papua New Guinea,1351,1102,3,1,14,-14,1365,1088,112,178,4,-1,116,177,50,0,249
9507,Jul 10 2002,Oceania Nations Cup in New Zealand,Australia,Fiji,1831,1389,8,0,9,-9,1840,1380,16,115,1,-2,17,113,50,0,442
9508,Jul 10 2002,Oceania Nations Cup in New Zealand,Vanuatu,New Caledonia,1145,1120,1,0,23,-23,1168,1097,156,179,3,-4,159,175,50,0,25
9509,Jul 12 2002,Oceania Nations Cup in New Zealand,Australia,Tahiti,1840,1365,2,1,3,-3,1843,1362,17,118,0,-1,17,117,50,0,475
9510,Jul 12 2002,Oceania Nations Cup in New Zealand,New Zealand,Vanuatu,1555,1168,3,0,5,-5,1560,1163,61,163,2,-2,63,161,30,0,387
9511,Jul 14 2002,CONCACAF Champ qual in the British Virgin Islands,British Virgin Islands,Saint Lucia,876,1259,1,3,-10,10,866,1269,204,137,-1,3,203,140,40,100,-283
9512,Jul 14 2002,Oceania Nations Cup in New Zealand,New Zealand,Australia,1560,1843,1,0,37,-37,1597,1806,51,27,6,-5,57,22,50,100,-183
9513,Jul 14 2002,Oceania Nations Cup in New Zealand,Tahiti,Vanuatu,1362,1163,1,0,12,-12,1374,1151,113,163,2,-1,115,162,50,0,199
9514,Jul 16 2002,Friendly in Malaysia,Malaysia,Singapore,1271,1206,1,2,-14,14,1257,1220,147,150,-4,3,143,153,20,100,165
9515,Jul 19 2002,Friendly in Iraq,Iraq,Syria,1563,1446,2,0,7,-7,1570,1439,61,96,1,-1,62,95,20,100,217
9516,Jul 21 2002,CONCACAF Champ qual in Puerto Rico,Puerto Rico,Guadeloupe,883,1330,0,2,-7,7,876,1337,203,122,-2,1,201,123,40,100,-347
9517,Jul 21 2002,COSAFA Cup in South Africa,South Africa,Madagascar,1679,1363,0,0,-17,17,1662,1380,47,109,-3,4,44,113,40,100,416
9518,Jul 22 2002,Friendly in Iraq,Iraq,Syria,1570,1439,2,1,4,-4,1574,1435,62,97,0,-1,62,96,20,100,231
9519,Jul 25 2002,Friendly tournament in Saint Kitts and Nevis,Barbados,Trinidad and Tobago,1318,1551,0,0,9,-9,1327,1542,125,66,1,0,126,66,30,0,-233
9520,Jul 25 2002,Friendly tournament in Saint Kitts and Nevis,Saint Kitts and Nevis,Taiwan,1350,1002,3,0,4,-4,1354,998,121,188,0,0,121,188,20,0,348
9521,Jul 26 2002,Friendly tournament in Sudan,Ethiopia,Uganda,1412,1315,0,0,-4,4,1408,1319,105,126,-1,2,104,128,30,0,97
9522,Jul 26 2002,Friendly tournament in Sudan,Sudan,Chad,1383,1292,2,0,11,-11,1394,1281,104,136,4,-1,108,135,20,0,91
9523,Jul 27 2002,Friendly tournament in Saint Kitts and Nevis,Saint Kitts and Nevis,Barbados,1354,1327,3,0,17,-17,1371,1310,113,134,4,-4,117,130,30,100,127
9524,Jul 27 2002,Friendly tournament in Saint Kitts and Nevis,Taiwan,Trinidad and Tobago,998,1542,1,0,29,-29,1027,1513,184,80,2,-7,186,73,30,0,-544
9525,Jul 28 2002,CONCACAF Champ qual in Aruba,Aruba,Suriname,979,1266,0,2,-15,15,964,1281,191,132,-1,4,190,136,40,100,-187
9526,Jul 28 2002,Friendly tournament in Sudan,Chad,Ethiopia,1281,1408,3,2,20,-20,1301,1388,129,120,3,-8,132,112,30,0,-127
9527,Jul 28 2002,CONCACAF Champ qual in Guyana,Guyana,Netherlands Antilles,1097,1167,2,1,18,-18,1115,1149,167,165,4,-3,171,162,30,0,-70
9528,Jul 28 2002,Friendly tournament in Saint Kitts and Nevis,Saint Kitts and Nevis,Trinidad and Tobago,1371,1513,2,1,17,-17,1388,1496,107,85,5,-6,112,79,30,100,-42
9529,Jul 28 2002,CONCACAF Champ qual in Saint Lucia,Saint Lucia,British Virgin Islands,1269,866,8,1,5,-5,1274,861,141,205,-1,-1,140,204,40,100,503
9530,Jul 28 2002,Friendly tournament in Sudan,Sudan,Uganda,1394,1319,2,1,8,-8,1402,1311,102,131,3,-2,105,129,20,0,75
9531,Jul 30 2002,Friendly in Grenada,Grenada,Taiwan,1318,1027,5,2,3,-3,1321,1024,127,186,0,0,127,186,20,100,391
9532,Jul 30 2002,Friendly tournament in Sudan,Sudan,Ethiopia,1402,1388,3,0,18,-18,1420,1370,99,124,3,-6,102,118,30,100,114
9533,Jul 30 2002,Friendly tournament in Sudan,Uganda,Chad,1311,1301,2,0,22,-22,1333,1279,119,142,5,-5,124,137,30,0,10
9534,Aug 1 2002,Friendly in Swaziland,Swaziland,Mauritius,1243,1231,0,1,-13,13,1230,1244,156,144,-4,4,152,148,20,100,112
9535,Aug 2 2002,Friendly in Grenada,Grenada,Jamaica,1321,1524,0,1,-7,7,1314,1531,131,68,-2,1,129,69,20,100,-103
9536,Aug 3 2002,Friendly in Kenya,Kenya,Uganda,1401,1333,0,0,-4,4,1397,1337,106,122,0,1,106,123,20,100,168
9537,Aug 3 2002,Friendly in Swaziland,Swaziland,Mauritius,1230,1244,0,0,-2,2,1228,1246,152,144,0,2,152,146,20,100,86
9538,Aug 4 2002,CONCACAF Champ qual in Saint Martin,Saint Martin,Grenada,1076,1314,1,7,-26,26,1050,1340,186,117,-3,6,183,123,40,100,-138
9539,Aug 8 2002,Friendly in Egypt,Egypt,Ethiopia,1629,1370,4,1,4,-4,1633,1366,49,118,0,0,49,118,20,100,359
9540,Aug 10 2002,Friendly in Iran,Iran,Azerbaijan,1757,1300,1,1,-9,9,1748,1309,36,130,-3,1,33,131,20,0,457
9541,Aug 10 2002,COSAFA Cup in Malawi,Malawi,Zambia,1316,1483,1,0,24,-24,1340,1459,117,91,6,-3,123,88,40,100,-67
9542,Aug 11 2002,CONCACAF Champ qual in the Netherlands Antilles,Netherlands Antilles,Guyana,1149,1115,1,0,13,-13,1162,1102,158,179,2,-4,160,175,40,100,134
9543,Aug 11 2002,Friendly in Saint Lucia,Saint Lucia,Jamaica,1274,1531,1,3,-9,9,1265,1540,140,65,0,2,140,67,20,100,-157
9544,Aug 11 2002,CONCACAF Champ qual in Suriname,Suriname,Aruba,1281,964,6,0,7,-7,1288,957,133,190,1,0,134,190,40,100,417
9545,Aug 16 2002,CONCACAF Champ qual in the Dominican Republic,Dominican Republic,US Virgin Islands,1127,697,6,1,4,-4,1131,693,165,216,2,0,167,216,40,100,530
9546,Aug 17 2002,Friendly in Jordan,Jordan,Kenya,1379,1397,1,1,-2,2,1377,1399,115,106,0,0,115,106,20,100,82
9547,Aug 18 2002,CONCACAF Champ qual in the Dominican Republic,Dominican Republic,US Virgin Islands,1131,693,5,1,3,-3,1134,690,167,216,0,0,167,216,20,0,438
9548,Aug 19 2002,Friendly in Jordan,Jordan,Sudan,1377,1420,0,0,-2,2,1375,1422,115,100,0,1,115,101,20,100,57
9549,Aug 20 2002,Friendly in Algeria,Algeria,DR Congo,1491,1461,1,1,-4,4,1487,1465,86,85,-2,1,84,86,20,100,130
9550,Aug 20 2002,Friendly in Egypt,Egypt,Uganda,1633,1337,2,0,3,-3,1636,1334,49,127,0,-1,49,126,20,100,396
9551,Aug 21 2002,Friendly in Azerbaijan,Azerbaijan,Uzbekistan,1309,1493,2,0,19,-19,1328,1474,125,89,3,-4,128,85,20,100,-84
9552,Aug 21 2002,Friendly in Bosnia and Herzegovina,Bosnia and Herzegovina,Yugoslavia,1524,1798,0,2,-8,8,1516,1806,73,20,-1,2,72,22,20,100,-174
9553,Aug 21 2002,Friendly in Brazil,Brazil,Paraguay,2070,1734,0,1,-18,18,2052,1752,1,30,0,3,1,33,20,100,436
9554,Aug 21 2002,Friendly in Bulgaria,Bulgaria,Germany,1669,1962,2,2,5,-5,1674,1957,39,6,2,0,41,6,20,100,-193
9555,Aug 21 2002,Friendly in Croatia,Croatia,Wales,1846,1580,1,1,-8,8,1838,1588,16,61,0,-1,16,60,20,100,366
9556,Aug 21 2002,Friendly in Czechia,Czechia,Slovakia,1847,1704,4,1,7,-7,1854,1697,15,38,0,0,15,38,20,100,243
9557,Aug 21 2002,Friendly in Estonia,Estonia,Moldova,1392,1360,1,0,6,-6,1398,1354,106,123,1,-2,107,121,20,100,132
9558,Aug 21 2002,Friendly in the Faroe Islands,Faroe Islands,Liechtenstein,1248,1061,3,1,5,-5,1253,1056,145,181,0,0,145,181,20,100,287
9559,Aug 21 2002,Friendly in Finland,Finland,Ireland,1733,1904,0,3,-14,14,1719,1918,37,8,0,1,37,9,20,100,-71
9560,Aug 21 2002,Friendly in Hungary,Hungary,Spain,1556,1993,1,1,7,-7,1563,1986,64,3,0,0,64,3,20,100,-337
9561,Aug 21 2002,Friendly in Iceland,Iceland,Andorra,1601,1077,3,0,1,-1,1602,1076,54,179,0,0,54,179,20,100,624
9562,Aug 21 2002,Friendly in Italy,Italy,Slovenia,1935,1645,0,1,-18,18,1917,1663,12,43,-2,2,10,45,20,100,390
9563,Aug 21 2002,Friendly in Latvia,Latvia,Belarus,1426,1578,2,4,-13,13,1413,1591,107,56,-4,2,103,58,20,100,-52
9564,Aug 21 2002,Friendly in Lithuania,Lithuania,Israel,1389,1661,2,4,-8,8,1381,1669,113,43,-1,1,112,44,20,100,-172
9565,Aug 21 2002,Friendly in Luxembourg,Luxembourg,Morocco,1107,1619,0,2,-3,3,1104,1622,174,52,-1,0,173,52,20,100,-412
9566,Aug 21 2002,Friendly in Macedonia,Macedonia,Malta,1463,1265,5,0,6,-6,1469,1259,85,144,1,-2,86,142,20,100,298
9567,Aug 21 2002,Friendly in Mauritius,Mauritius,Réunion,1246,1277,1,1,-2,2,1244,1279,150,135,-2,2,148,137,20,100,69
9568,Aug 21 2002,Friendly in Norway,Norway,Netherlands,1755,2010,0,1,-6,6,1749,2016,38,2,-4,0,34,2,20,100,-155
9569,Aug 21 2002,Friendly in Northern Ireland,Northern Ireland,Cyprus,1525,1501,0,0,-3,3,1522,1504,70,73,0,1,70,74,20,100,124
9570,Aug 21 2002,Friendly in Poland,Poland,Belgium,1743,1824,1,1,-1,1,1742,1825,36,18,-1,1,35,19,20,100,19
9571,Aug 21 2002,Friendly in Romania,Romania,Greece,1831,1677,0,1,-16,16,1815,1693,24,37,-3,2,21,39,20,100,254
9572,Aug 21 2002,Friendly in Russia,Russia,Sweden,1776,1857,1,1,-1,1,1775,1858,28,14,0,0,28,14,20,100,19
9573,Aug 21 2002,Friendly in Scotland,Scotland,Denmark,1677,1902,0,1,-7,7,1670,1909,45,11,-2,0,43,11,20,100,-125
9574,Aug 21 2002,Friendly in Switzerland,Switzerland,Austria,1654,1680,3,2,8,-8,1662,1672,46,44,0,-2,46,42,20,100,74
9575,Aug 21 2002,Friendly in Tunisia,Tunisia,France,1608,1962,1,1,6,-6,1614,1956,53,8,0,-1,53,7,20,100,-254
9576,Aug 21 2002,Friendly in Turkey,Turkey,Georgia,1872,1601,3,0,4,-4,1876,1597,12,58,0,-2,12,56,20,100,371
9577,Aug 21 2002,Friendly in Ukraine,Ukraine,Iran,1688,1748,0,1,-11,11,1677,1759,41,25,-1,4,40,29,20,100,40
9578,Aug 21 2002,Friendly in Venezuela,Venezuela,Bolivia,1567,1556,2,0,10,-10,1577,1546,59,66,2,-1,61,65,20,100,111
9579,Aug 23 2002,Friendly in Egypt,Egypt,Sudan,1636,1422,3,0,5,-5,1641,1417,49,102,0,-1,49,101,20,100,314
9580,Aug 24 2002,Friendly in Rwanda,Rwanda,Kenya,1321,1399,0,0,-1,1,1320,1400,130,106,0,0,130,106,20,100,22
9581,Aug 24 2002,COSAFA Cup in South Africa,South Africa,Swaziland,1662,1228,4,1,3,-3,1665,1225,44,152,1,0,45,152,20,0,434
9582,Aug 25 2002,Friendly in Angola,Angola,Gabon,1500,1451,1,0,6,-6,1506,1445,72,95,2,-2,74,93,20,100,149
9583,Aug 25 2002,Friendly in Congo,Congo,DR Congo,1371,1465,1,3,-15,15,1356,1480,123,83,-3,2,120,85,20,100,6
9584,Aug 25 2002,Friendly in The Gambia,Gambia,Sierra Leone,1328,1297,1,0,6,-6,1334,1291,124,133,2,0,126,133,20,100,131
9585,Aug 26 2002,Friendly in Botswana,Botswana,Lesotho,1157,1139,0,1,-13,13,1144,1152,165,156,-2,5,163,161,20,100,118
9586,Aug 27 2002,Friendly in Egypt,Egypt,Libya,1641,1344,0,1,-18,18,1623,1362,51,114,-1,4,50,118,20,100,397
9587,Aug 29 2002,Friendly in England,Jamaica,India,1540,1128,3,0,3,-3,1543,1125,65,171,1,-1,66,170,20,0,412
9588,Aug 30 2002,West Asian Championship in Syria,Jordan,Iran,1375,1759,1,0,36,-36,1411,1723,95,43,10,-7,105,36,40,0,-384
9589,Aug 30 2002,West Asian Championship in Syria,Syria,Palestine,1435,1246,2,1,6,-6,1441,1240,94,154,1,-4,95,150,40,100,289
9590,Aug 30 2002,Friendly in Zimbabwe,Zimbabwe,Lesotho,1451,1152,2,0,3,-3,1454,1149,89,163,1,-1,90,162,20,100,399
9591,Aug 31 2002,Friendly in Uganda,Uganda,Zambia,1334,1459,2,2,1,-1,1335,1458,126,88,0,0,126,88,20,100,-25
9592,Sep 1 2002,Friendly in Congo,Congo,Gabon,1356,1445,0,0,0,0,1356,1445,121,93,0,0,121,93,20,100,11
9593,Sep 1 2002,Friendly in The Gambia,Gambia,Guinea,1334,1489,1,0,12,-12,1346,1477,119,88,4,-3,123,85,20,100,-55
9594,Sep 1 2002,Friendly in England,India,Jamaica,1125,1543,0,0,8,-8,1133,1535,166,68,2,-1,168,67,20,0,-418
9595,Sep 1 2002,West Asian Championship in Syria,Iraq,Palestine,1574,1240,2,0,8,-8,1582,1232,59,152,2,-1,61,151,40,0,334
9596,Sep 1 2002,West Asian Championship in Syria,Jordan,Lebanon,1411,1392,1,0,19,-19,1430,1373,89,122,8,-6,97,116,40,0,19
9597,Sep 2 2002,Friendly in Libya,Libya,Togo,1362,1497,4,0,21,-21,1383,1476,106,92,6,-7,112,85,20,100,-35
9598,Sep 2 2002,Friendly in Tanzania,Tanzania,Zanzibar,1288,1144,1,1,-6,6,1282,1150,136,161,-1,1,135,162,20,100,244
9599,Sep 3 2002,West Asian Championship in Syria,Iran,Lebanon,1723,1373,2,0,7,-7,1730,1366,36,117,0,0,36,117,40,0,350
9600,Sep 3 2002,West Asian Championship in Syria,Syria,Iraq,1441,1582,0,1,-18,18,1423,1600,103,49,-4,6,99,55,40,100,-41
9601,Sep 5 2002,West Asian Championship in Syria,Iran,Iraq,1730,1600,0,0,-7,7,1723,1607,36,53,0,1,36,54,40,0,130
9602,Sep 5 2002,Friendly in Luxembourg,Luxembourg,Israel,1104,1669,0,5,-3,3,1101,1672,177,40,-2,2,175,42,20,100,-465
9603,Sep 5 2002,West Asian Championship in Syria,Syria,Jordan,1423,1430,1,2,-25,25,1398,1455,115,82,-8,7,107,89,40,100,93
9604,Sep 6 2002,Friendly in Czechia,Czechia,Yugoslavia,1854,1806,5,0,12,-12,1866,1794,13,28,1,-3,14,25,20,100,148
9605,Sep 6 2002,African Nations Cup qualifier in Mauritania,Mauritania,Cape Verde,1142,1332,0,2,-22,22,1120,1354,175,116,-5,6,170,122,40,100,-90
9606,Sep 7 2002,European Championship qual in Armenia,Armenia,Ukraine,1415,1677,2,2,9,-9,1424,1668,100,46,1,-3,101,43,40,100,-162
9607,Sep 7 2002,European Championship qual in Austria,Austria,Moldova,1672,1354,2,0,5,-5,1677,1349,38,124,2,-1,40,123,40,100,418
9608,Sep 7 2002,European Championship qual in Azerbaijan,Azerbaijan,Italy,1328,1917,0,2,-3,3,1325,1920,131,8,-1,1,130,9,30,100,-489
9609,Sep 7 2002,European Championship qual in Belgium,Belgium,Bulgaria,1825,1674,0,2,-49,49,1776,1723,35,31,-8,5,27,36,40,100,251
9610,Sep 7 2002,European Championship qual in Bosnia and Herzegovina,Bosnia and Herzegovina,Romania,1516,1815,0,3,-17,17,1499,1832,80,11,-4,5,76,16,40,100,-199
9611,Sep 7 2002,African Nations Cup qualifier in Botswana,Botswana,Swaziland,1144,1225,0,0,-1,1,1143,1226,164,152,0,0,164,152,20,100,19
9612,Sep 7 2002,European Championship qual in Croatia,Croatia,Estonia,1838,1398,0,0,-18,18,1820,1416,24,103,-4,2,20,105,40,100,540
9613,Sep 7 2002,European Championship qual in Cyprus,Cyprus,France,1504,1956,1,2,-5,5,1499,1961,77,3,-1,2,76,5,40,100,-352
9614,Sep 7 2002,Friendly in England,England,Portugal,1965,1921,1,1,-4,4,1961,1925,5,8,0,0,5,8,20,100,144
9615,Sep 7 2002,European Championship qual in the Faroe Islands,Faroe Islands,Scotland,1253,1670,2,2,14,-14,1267,1656,135,50,5,-3,140,47,40,100,-317
9616,Sep 7 2002,European Championship qual in Finland,Finland,Wales,1719,1588,0,2,-47,47,1672,1635,45,39,-4,11,41,50,40,100,231
9617,Sep 7 2002,African Nations Cup qualifier in Gabon,Gabon,Morocco,1445,1622,0,1,-16,16,1429,1638,102,46,-4,3,98,49,40,100,-77
9618,Sep 7 2002,European Championship qual in Greece,Greece,Spain,1693,1986,0,2,-15,15,1678,2001,39,3,0,0,39,3,40,100,-193
9619,Sep 7 2002,Friendly in Iceland,Iceland,Hungary,1602,1563,0,2,-21,21,1581,1584,69,58,-7,3,62,61,20,100,139
9620,Sep 7 2002,West Asian Championship in Syria,Iraq,Jordan,1607,1455,3,2,12,-12,1619,1443,52,95,1,-3,53,92,40,0,152
9621,Sep 7 2002,African Nations Cup qualifier in Kenya,Kenya,Togo,1400,1476,3,0,33,-33,1433,1443,88,99,9,-7,97,92,40,100,24
9622,Sep 7 2002,Friendly in Kosovo,Kosovo,Albania,1390,1430,0,1,-12,12,1378,1442,118,91,-4,3,114,94,20,100,60
9623,Sep 7 2002,European Championship qual in Latvia,Latvia,Sweden,1413,1858,0,0,15,-15,1428,1843,97,15,3,0,100,15,40,100,-345
9624,Sep 7 2002,European Championship qual in Lithuania,Lithuania,Germany,1381,1957,0,2,-4,4,1377,1961,117,4,-2,1,115,5,40,100,-476
9625,Sep 7 2002,African Nations Cup qualifier in Madagascar,Madagascar,Egypt,1380,1623,1,0,28,-28,1408,1595,102,66,6,-8,108,58,40,100,-143
9626,Sep 7 2002,African Nations Cup qualifier in Namibia,Namibia,Algeria,1211,1487,0,1,-11,11,1200,1498,156,77,0,2,156,79,40,100,-176
9627,Sep 7 2002,European Championship qual in the Netherlands,Netherlands,Belarus,2016,1591,3,0,3,-3,2019,1588,2,61,0,-1,2,60,20,0,425
9628,Sep 7 2002,African Nations Cup qualifier in Niger,Niger,Ethiopia,1309,1366,3,1,26,-26,1335,1340,126,133,3,-8,129,125,30,0,-57
9629,Sep 7 2002,European Championship qual in Norway,Norway,Denmark,1749,1909,2,2,3,-3,1752,1906,31,9,1,1,32,10,30,100,-60
9630,Sep 7 2002,European Championship qual in Russia,Russia,Ireland,1775,1918,4,2,34,-34,1809,1884,14,15,7,-3,21,12,40,100,-43
9631,Sep 7 2002,European Championship qual in San Marino,San Marino,Poland,950,1742,0,2,-1,1,949,1743,191,34,0,0,191,34,20,100,-692
9632,Sep 7 2002,European Championship qual in Slovenia,Slovenia,Malta,1663,1259,3,0,4,-4,1667,1255,42,148,2,-3,44,145,40,100,504
9633,Sep 7 2002,Friendly in South Korea,South Korea,North Korea,1779,1491,0,0,-8,8,1771,1499,29,72,-1,4,28,76,20,100,388
9634,Sep 7 2002,West Asian Championship in Syria,Syria,Iran,1398,1723,2,2,11,-11,1409,1712,107,38,0,-1,107,37,30,0,-325
9635,Sep 7 2002,European Championship qual in Turkey,Turkey,Slovakia,1876,1697,3,0,12,-12,1888,1685,10,38,1,0,11,38,40,100,279
9636,Sep 7 2002,African Nations Cup qualifier in Uganda,Uganda,Ghana,1335,1533,1,0,25,-25,1360,1508,108,73,10,-2,118,71,40,100,-98
9637,Sep 8 2002,African Nations Cup qualifier in Angola,Angola,Nigeria,1506,1753,0,0,8,-8,1514,1745,69,36,2,-3,71,33,40,100,-147
9638,Sep 8 2002,African Nations Cup qualifier in Benin,Benin,Tanzania,1242,1282,4,0,31,-31,1273,1251,129,157,10,-11,139,146,30,0,-40
9639,Sep 8 2002,African Nations Cup qualifier in Congo,Congo,Burkina Faso,1356,1404,0,0,-3,3,1353,1407,123,107,-1,1,122,108,40,100,52
9640,Sep 8 2002,African Nations Cup qualifier in Equatorial Guinea,Equatorial Guinea,Sierra Leone,1036,1291,1,3,-17,17,1019,1308,187,133,-1,0,186,133,40,100,-155
9641,Sep 8 2002,African Nations Cup qualifier in Guinea,Guinea,Liberia,1477,1507,3,0,28,-28,1505,1479,62,94,11,-11,73,83,40,100,70
9642,Sep 8 2002,African Nations Cup qualifier in Ivory Coast,Ivory Coast,South Africa,1541,1665,0,0,1,-1,1542,1664,66,47,0,-1,66,46,20,100,-24
9643,Sep 8 2002,African Nations Cup qualifier in Lesotho,Lesotho,Senegal,1149,1782,0,1,-2,2,1147,1784,161,26,1,0,162,26,40,100,-533
9644,Sep 8 2002,African Nations Cup qualifier in Libya,Libya,DR Congo,1383,1480,3,2,20,-20,1403,1460,106,91,3,-4,109,87,40,100,3
9645,Sep 8 2002,European Championship qual in Liechtenstein,Liechtenstein,Macedonia,1056,1469,1,1,14,-14,1070,1455,179,90,1,-2,180,88,40,100,-313
9646,Sep 8 2002,African Nations Cup qualifier in the Seychelles,Seychelles,Eritrea,976,1171,1,0,25,-25,1001,1146,189,168,0,-5,189,163,40,100,-95
9647,Sep 8 2002,African Nations Cup qualifier in Sudan,Sudan,Zambia,1417,1458,0,1,-23,23,1394,1481,118,77,-7,5,111,82,40,100,59
9648,Sep 8 2002,European Championship qual in Switzerland,Switzerland,Georgia,1662,1597,4,1,20,-20,1682,1577,32,68,7,-6,39,62,40,100,165
9649,Sep 8 2002,African Nations Cup qualifier in Zimbabwe,Zimbabwe,Mali,1454,1481,1,0,16,-16,1470,1465,81,90,4,-4,85,86,30,0,-27
9650,Sep 9 2002,African Nations Cup qualifier in Central African Republic,Central African Republic,Mozambique,1243,1278,1,1,-4,4,1239,1282,149,132,0,3,149,135,40,100,65
9651,Sep 19 2002,Friendly tournament in Iran,Iran,Paraguay,1712,1752,1,1,-3,3,1709,1755,37,29,0,1,37,30,30,100,60
9652,Sep 21 2002,COSAFA Cup in Malawi,Malawi,South Africa,1340,1664,1,3,-13,13,1327,1677,133,36,-4,5,129,41,40,100,-224
9653,Sep 24 2002,Friendly in Algeria,Algeria,Uganda,1498,1360,1,1,-6,6,1492,1366,83,116,-2,1,81,117,20,100,238
9654,Sep 25 2002,Friendly in Oman,Oman,United Arab Emirates,1429,1423,2,1,7,-7,1436,1416,94,104,2,-1,96,103,20,100,106
9655,Sep 26 2002,Friendly in Mauritius,Mauritius,Seychelles,1244,1001,1,0,2,-2,1246,999,146,189,1,0,147,189,20,100,343
9656,Sep 28 2002,COSAFA Cup in South Africa,South Africa,Malawi,1677,1327,1,0,3,-3,1680,1324,39,131,1,-1,40,130,40,100,450
9657,Sep 28 2002,Friendly in Zimbabwe,Zimbabwe,Zambia,1470,1481,0,0,-3,3,1467,1484,85,82,0,0,85,82,20,100,89
9658,Oct 2 2002,Friendly in Mali,Mali,Mauritania,1465,1120,2,1,1,-1,1466,1119,86,170,0,0,86,170,20,100,445
9659,Oct 3 2002,Friendly in Morocco,Morocco,Niger,1638,1335,6,1,4,-4,1642,1331,49,128,0,0,49,128,20,100,403
9660,Oct 5 2002,Friendly in Mali,Mali,Mauritania,1466,1119,2,0,2,-2,1468,1117,84,170,1,0,85,170,20,100,447
9661,Oct 6 2002,Friendly in Barbados,Barbados,Saint Lucia,1310,1265,3,2,6,-6,1316,1259,132,143,0,-1,132,142,20,100,145
9662,Oct 6 2002,Friendly in Swaziland,Swaziland,Lesotho,1226,1147,0,0,-5,5,1221,1152,152,158,0,2,152,160,20,100,179
9663,Oct 8 2002,Friendly in Ghana,Ghana,Lesotho,1508,1152,2,1,1,-1,1509,1151,72,160,0,0,72,160,20,100,456
9664,Oct 9 2002,Friendly in Martinique,Martinique,Saint Lucia,1412,1259,4,0,7,-7,1419,1252,101,148,2,-3,103,145,20,100,253
9665,Oct 11 2002,African Nations Cup qualifier in Algeria,Algeria,Chad,1492,1279,4,1,10,-10,1502,1269,69,141,6,-2,75,139,40,100,313
9666,Oct 11 2002,Friendly in Bosnia and Herzegovina,Bosnia and Herzegovina,Germany,1499,1961,1,1,8,-8,1507,1953,70,9,3,-2,73,7,20,100,-362
9667,Oct 12 2002,European Championship qual in Albania,Albania,Switzerland,1442,1682,1,1,8,-8,1450,1674,92,49,1,-5,93,44,40,100,-140
9668,Oct 12 2002,European Championship qual in Andorra,Andorra,Belgium,1076,1776,0,1,-1,1,1075,1777,179,29,0,-1,179,28,20,100,-600
9669,Oct 12 2002,European Championship qual in Belarus,Belarus,Austria,1588,1677,0,2,-31,31,1557,1708,67,32,-4,5,63,37,40,100,11
9670,Oct 12 2002,European Championship qual in Bulgaria,Bulgaria,Croatia,1723,1820,2,0,30,-30,1753,1790,28,30,4,-5,32,25,40,100,3
9671,Oct 12 2002,African Nations Cup qualifier in Cape Verde,Cape Verde,Kenya,1354,1433,0,1,-21,21,1333,1454,137,82,-8,8,129,90,40,100,21
9672,Oct 12 2002,European Championship qual in Denmark,Denmark,Luxembourg,1906,1101,2,0,0,0,1906,1101,10,175,0,0,10,175,20,0,805
9673,Oct 12 2002,African Nations Cup qualifier in Eritrea,Eritrea,Zimbabwe,1146,1467,0,1,-9,9,1137,1476,167,80,-2,3,165,83,40,100,-221
9674,Oct 12 2002,European Championship qual in Finland,Finland,Azerbaijan,1672,1325,3,0,5,-5,1677,1320,43,133,0,-2,43,131,40,100,447
9675,Oct 12 2002,European Championship qual in France,France,Slovenia,1961,1667,5,0,8,-8,1969,1659,7,46,-1,0,6,46,40,100,394
9676,Oct 12 2002,European Championship qual in Georgia,Georgia,Russia,1577,1809,0,0,7,-7,1584,1802,58,23,2,-1,60,22,40,100,-132
9677,Oct 12 2002,European Championship qual in Iceland,Iceland,Scotland,1581,1656,0,2,-32,32,1549,1688,67,33,-3,7,64,40,40,100,25
9678,Oct 12 2002,European Championship qual in Italy,Italy,Yugoslavia,1920,1794,1,1,-11,11,1909,1805,9,15,0,5,9,20,40,100,226
9679,Oct 12 2002,African Nations Cup qualifier in Liberia,Liberia,Niger,1479,1331,1,0,8,-8,1487,1323,81,132,1,-2,82,130,40,100,248
9680,Oct 12 2002,European Championship qual in Lithuania,Lithuania,Faroe Islands,1377,1267,2,0,14,-14,1391,1253,109,146,3,-3,112,143,40,100,210
9681,Oct 12 2002,European Championship qual in Macedonia,Macedonia,Turkey,1455,1888,1,2,-5,5,1450,1893,98,11,-5,0,93,11,40,100,-333
9682,Oct 12 2002,African Nations Cup qualifier in Malawi,Malawi,Angola,1324,1514,1,0,25,-25,1349,1489,114,91,8,-10,122,81,40,100,-90
9683,Oct 12 2002,European Championship qual in Malta,Malta,Israel,1255,1672,0,2,-8,8,1247,1680,146,39,-1,2,145,41,40,100,-317
9684,Oct 12 2002,African Nations Cup qualifier in Mauritius,Mauritius,Madagascar,1246,1408,0,1,-16,16,1230,1424,155,93,-4,7,151,100,40,100,-62
9685,Oct 12 2002,European Championship qual in Moldova,Moldova,Czechia,1349,1866,0,2,-5,5,1344,1871,125,14,-1,0,124,14,40,100,-417
9686,Oct 12 2002,European Championship qual in Poland,Poland,Latvia,1743,1428,0,1,-37,37,1706,1465,42,74,-4,13,38,87,40,100,415
9687,Oct 12 2002,Friendly in Portugal,Portugal,Tunisia,1925,1614,1,1,-8,8,1917,1622,8,52,0,1,8,53,20,100,411
9688,Oct 12 2002,European Championship qual in Romania,Romania,Norway,1832,1752,0,1,-30,30,1802,1782,28,20,-6,6,22,26,40,100,180
9689,Oct 12 2002,Friendly in Senegal,Senegal,Nigeria,1784,1745,2,2,-4,4,1780,1749,28,35,-1,-1,27,34,20,100,139
9690,Oct 12 2002,African Nations Cup qualifier in Sierra Leone,Sierra Leone,Gabon,1308,1429,2,0,32,-32,1340,1397,117,121,8,-11,125,110,40,100,-21
9691,Oct 12 2002,European Championship qual in Slovakia,Slovakia,England,1685,1961,1,2,-11,11,1674,1972,50,5,-6,0,44,5,40,100,-176
9692,Oct 12 2002,European Championship qual in Spain,Spain,Northern Ireland,2001,1522,3,0,2,-2,2003,1520,3,69,0,0,3,69,20,0,479
9693,Oct 12 2002,European Championship qual in Sweden,Sweden,Hungary,1843,1584,1,1,-16,16,1827,1600,19,50,-2,5,17,55,40,100,359
9694,Oct 12 2002,African Nations Cup qualifier in Tanzania,Tanzania,Sudan,1251,1394,1,2,-18,18,1233,1412,152,101,-3,5,149,106,40,100,-43
9695,Oct 12 2002,African Nations Cup qualifier in Togo,Togo,Mauritania,1443,1117,1,0,3,-3,1446,1114,98,170,-3,0,95,170,20,0,326
9696,Oct 12 2002,European Championship qual in Ukraine,Ukraine,Greece,1668,1678,2,0,22,-22,1690,1656,33,53,6,-6,39,47,40,100,90
9697,Oct 12 2002,African Nations Cup qualifier in Zambia,Zambia,Benin,1484,1273,1,1,-14,14,1470,1287,88,132,-3,3,85,135,40,100,311
9698,Oct 13 2002,African Nations Cup qualifier in Burkina Faso,Burkina Faso,Central African Republic,1407,1239,2,1,7,-7,1414,1232,104,153,2,-3,106,150,40,100,268
9699,Oct 13 2002,African Nations Cup qualifier in the Dem Rep of the Congo,DR Congo,Botswana,1460,1143,2,0,5,-5,1465,1138,86,163,1,0,87,163,40,100,417
9700,Oct 13 2002,Friendly in Estonia,Estonia,New Zealand,1416,1597,3,2,12,-12,1428,1585,96,61,4,-2,100,59,20,100,-81
9701,Oct 13 2002,African Nations Cup qualifier in Ethiopia,Ethiopia,Guinea,1340,1505,1,0,24,-24,1364,1481,115,91,5,-9,120,82,40,100,-65
9702,Oct 13 2002,African Nations Cup qualifier in The Gambia,Gambia,Lesotho,1346,1151,6,0,13,-13,1359,1138,119,166,2,-3,121,163,40,100,295
9703,Oct 13 2002,African Nations Cup qualifier in Ghana,Ghana,Rwanda,1509,1320,4,2,10,-10,1519,1310,69,135,1,-2,70,133,40,100,289
9704,Oct 13 2002,African Nations Cup qualifier in Mali,Mali,Seychelles,1468,999,3,0,3,-3,1471,996,84,189,1,0,85,189,30,0,469
9705,Oct 13 2002,African Nations Cup qualifier in Morocco,Morocco,Equatorial Guinea,1642,1019,5,0,1,-1,1643,1018,49,186,0,0,49,186,20,0,623
9706,Oct 13 2002,African Nations Cup qualifier in Mozambique,Mozambique,Congo,1282,1353,0,3,-38,38,1244,1391,158,101,-11,10,147,111,40,100,29
9707,Oct 13 2002,African Nations Cup qualifier in South Africa,South Africa,Burundi,1680,1357,2,0,5,-5,1685,1352,41,126,0,-3,41,123,40,100,423
9708,Oct 13 2002,African Nations Cup qualifier in Swaziland,Swaziland,Libya,1221,1403,2,1,25,-25,1246,1378,138,121,7,-6,145,115,40,100,-82
9709,Oct 15 2002,Friendly in Scotland,Scotland,Canada,1688,1645,3,1,9,-9,1697,1636,38,50,1,-1,39,49,20,100,143
9710,Oct 16 2002,European Championship qual in Austria,Austria,Netherlands,1708,2019,0,3,-16,16,1692,2035,43,2,-3,0,40,2,40,100,-211
9711,Oct 16 2002,European Championship qual in Bulgaria,Bulgaria,Andorra,1753,1075,2,1,0,0,1753,1075,32,179,0,0,32,179,20,0,678
9712,Oct 16 2002,Friendly in Costa Rica,Costa Rica,Ecuador,1753,1738,1,1,-3,3,1750,1741,34,35,-1,0,33,35,20,100,115
9713,Oct 16 2002,European Championship qual in Czechia,Czechia,Belarus,1871,1557,2,0,5,-5,1876,1552,10,65,2,-1,12,64,40,100,414
9714,Oct 16 2002,European Championship qual in England,England,Macedonia,1972,1450,2,2,-19,19,1953,1469,7,81,-1,6,6,87,40,100,622
9715,Oct 16 2002,European Championship qual in Estonia,Estonia,Belgium,1428,1777,0,1,-8,8,1420,1785,104,26,-2,1,102,27,40,100,-249
9716,Oct 16 2002,European Championship qual in Germany,Germany,Faroe Islands,1953,1253,2,1,0,0,1953,1253,5,142,1,0,6,142,20,0,700
9717,Oct 16 2002,European Championship qual in Greece,Greece,Armenia,1656,1424,2,0,8,-8,1664,1416,43,107,2,-3,45,104,40,100,332
9718,Oct 16 2002,European Championship qual in Hungary,Hungary,San Marino,1600,949,3,0,1,-1,1601,948,55,191,0,0,55,191,20,0,651
9719,Oct 16 2002,European Championship qual in Iceland,Iceland,Lithuania,1549,1391,3,0,13,-13,1562,1378,62,117,1,-3,63,114,40,100,258
9720,Oct 16 2002,European Championship qual in Ireland,Ireland,Switzerland,1884,1674,1,2,-34,34,1850,1708,16,32,-2,6,14,38,40,100,310
9721,Oct 16 2002,Friendly in Japan,Japan,Jamaica,1829,1535,1,1,-8,8,1821,1543,18,65,-1,1,17,66,20,100,394
9722,Oct 16 2002,European Championship qual in Luxembourg,Luxembourg,Romania,1101,1802,0,7,-3,3,1098,1805,175,22,0,0,175,22,40,100,-601
9723,Oct 16 2002,European Championship qual in Malta,Malta,France,1247,1969,0,4,-2,2,1245,1971,146,4,-1,1,145,5,30,100,-622
9724,Oct 16 2002,European Championship qual in Norway,Norway,Bosnia and Herzegovina,1782,1507,2,0,6,-6,1788,1501,26,76,0,-2,26,74,40,100,375
9725,Oct 16 2002,European Championship qual in Northern Ireland,Northern Ireland,Ukraine,1520,1690,0,0,4,-4,1524,1686,69,42,0,-1,69,41,40,100,-70
9726,Oct 16 2002,Friendly in Poland,Poland,New Zealand,1706,1585,2,0,7,-7,1713,1578,34,61,2,-1,36,60,20,100,221
9727,Oct 16 2002,European Championship qual in Russia,Russia,Albania,1802,1450,4,1,5,-5,1807,1445,18,97,2,-2,20,95,40,100,452
9728,Oct 16 2002,Friendly in Spain,Spain,Paraguay,2003,1755,0,0,-8,8,1995,1763,3,29,0,1,3,30,20,100,348
9729,Oct 16 2002,Friendly in Sweden,Sweden,Portugal,1827,1917,2,3,-10,10,1817,1927,21,8,-2,0,19,8,20,100,10
9730,Oct 16 2002,European Championship qual in Turkey,Turkey,Liechtenstein,1893,1070,5,0,0,0,1893,1070,9,180,1,0,10,180,20,0,823
9731,Oct 16 2002,European Championship qual in Wales,Wales,Italy,1635,1909,2,1,29,-29,1664,1880,40,13,5,-2,45,11,40,100,-174
9732,Oct 16 2002,European Championship qual in Yugoslavia,Yugoslavia,Finland,1805,1677,2,0,13,-13,1818,1664,16,47,2,-2,18,45,40,100,228
9733,Oct 17 2002,Friendly in French Guiana,French Guiana,Suriname,1126,1288,1,1,2,-2,1128,1286,169,136,0,-1,169,135,20,100,-62
9734,Oct 19 2002,Friendly in French Guiana,French Guiana,Suriname,1128,1286,0,1,-8,8,1120,1294,169,133,0,1,169,134,20,100,-58
9735,Oct 19 2002,Friendly in Sierra Leone,Sierra Leone,Ghana,1340,1519,2,1,12,-12,1352,1507,120,72,3,-1,123,71,20,100,-79
9736,Oct 20 2002,Friendly in Venezuela,Venezuela,Ecuador,1577,1741,2,0,18,-18,1595,1723,53,35,4,0,57,35,20,100,-64
9737,Oct 23 2002,Friendly tournament in Tanzania,Kenya,South Africa,1454,1685,1,1,9,-9,1463,1676,89,44,1,-1,90,43,30,0,-231
9738,Oct 23 2002,Friendly tournament in Tanzania,Tanzania,Uganda,1233,1366,0,2,-20,20,1213,1386,157,108,-4,5,153,113,30,100,-33
9739,Oct 26 2002,Friendly tournament in Tanzania,Kenya,Uganda,1463,1386,1,1,-3,3,1460,1389,90,111,0,1,90,112,30,0,77
9740,Oct 26 2002,Friendly tournament in Tanzania,Tanzania,South Africa,1213,1676,1,1,12,-12,1225,1664,151,45,1,-1,152,44,30,100,-363
9741,Oct 27 2002,Friendly in Antigua and Barbuda,Antigua and Barbuda,Saint Kitts and Nevis,1105,1388,1,1,5,-5,1110,1383,170,113,1,0,171,113,20,100,-183
9742,Oct 31 2002,Friendly in Guatemala,Guatemala,Jamaica,1535,1543,1,1,-3,3,1532,1546,68,64,0,1,68,65,20,100,92
9743,Nov 3 2002,Friendly in Martinique,Martinique,Saint Kitts and Nevis,1419,1383,2,1,6,-6,1425,1377,97,121,3,-4,100,117,20,100,136
9744,Nov 6 2002,Friendly in Saint Lucia,Saint Lucia,Martinique,1252,1425,0,2,-12,12,1240,1437,151,96,-4,2,147,98,20,100,-73
9745,Nov 8 2002,Friendly in Saint Lucia,Saint Lucia,Antigua and Barbuda,1240,1110,2,1,4,-4,1244,1106,145,173,1,-1,146,172,20,100,230
9746,Nov 9 2002,CONCACAF Champ qual in Grenada,Barbados,Jamaica,1316,1546,1,1,12,-12,1328,1534,126,69,3,-2,129,67,40,0,-230
9747,Nov 9 2002,CONCACAF Champ qual in Grenada,Grenada,Guadeloupe,1340,1337,4,5,-26,26,1314,1363,137,114,-5,7,132,121,40,100,103
9748,Nov 10 2002,Friendly in Singapore,Singapore,Indonesia,1220,1359,1,1,1,-1,1221,1358,153,124,0,-1,153,123,20,100,-39
9749,Nov 11 2002,CONCACAF Champ qual in Grenada,Grenada,Barbados,1314,1328,0,2,-37,37,1277,1365,142,111,-5,9,137,120,40,100,86
9750,Nov 11 2002,CONCACAF Champ qual in Grenada,Jamaica,Guadeloupe,1534,1363,2,0,16,-16,1550,1347,63,133,2,-6,65,127,40,0,171
9751,Nov 13 2002,CONCACAF Champ qual in Grenada,Grenada,Jamaica,1277,1550,1,4,-19,19,1258,1569,141,61,-2,2,139,63,40,100,-173
9752,Nov 13 2002,CONCACAF Champ qual in Grenada,Guadeloupe,Barbados,1347,1365,1,0,21,-21,1368,1344,111,134,8,-7,119,127,40,0,-18
9753,Nov 13 2002,CONCACAF Champ qual in Trinidad and Tobago,Saint Kitts and Nevis,Saint Lucia,1377,1244,2,1,13,-13,1390,1231,107,154,5,-4,112,150,40,0,133
9754,Nov 15 2002,CONCACAF Champ qual in Trinidad and Tobago,Trinidad and Tobago,Saint Kitts and Nevis,1496,1390,2,0,14,-14,1510,1376,64,122,7,-5,71,117,40,100,206
9755,Nov 17 2002,Friendly in the Cayman Islands,Cayman Islands,Nicaragua,1141,895,0,1,-18,18,1123,913,174,190,-6,3,168,193,20,100,346
9756,Nov 17 2002,CONCACAF Champ qual in Trinidad and Tobago,Trinidad and Tobago,Saint Lucia,1510,1231,0,1,-36,36,1474,1267,95,126,-12,12,83,138,40,100,379
9757,Nov 17 2002,Friendly in the United States,United States,El Salvador,1824,1502,2,0,2,-2,1826,1500,16,75,0,-1,16,74,20,100,422
9758,Nov 18 2002,CONCACAF Champ qual in Haiti,Haiti,Antigua and Barbuda,1494,1106,1,0,2,-2,1496,1104,78,172,0,0,78,172,20,0,388
9759,Nov 19 2002,Friendly tournament in South Africa,South Africa,Senegal,1664,1780,1,1,1,-1,1665,1779,44,28,0,0,44,28,30,100,-16
9760,Nov 20 2002,CONCACAF Champ qual in Haiti,Antigua and Barbuda,Netherlands Antilles,1104,1162,1,1,3,-3,1107,1159,172,159,0,0,172,159,40,0,-58
9761,Nov 20 2002,Friendly in Austria,Austria,Norway,1692,1788,0,1,-10,10,1682,1798,44,20,-2,3,42,23,20,100,4
9762,Nov 20 2002,European Championship qual in Azerbaijan,Azerbaijan,Wales,1320,1664,0,2,-12,12,1308,1676,133,41,-1,2,132,43,40,100,-244
9763,Nov 20 2002,European Championship qual in Cyprus,Cyprus,Malta,1499,1245,2,1,5,-5,1504,1240,68,149,4,-2,72,147,40,100,354
9764,Nov 20 2002,Friendly in Czechia,Czechia,Sweden,1876,1817,3,3,-4,4,1872,1821,12,15,0,2,12,17,20,100,159
9765,Nov 20 2002,Friendly in Denmark,Denmark,Poland,1906,1713,2,0,5,-5,1911,1708,9,38,0,-1,9,37,20,100,293
9766,Nov 20 2002,Friendly in Ecuador,Ecuador,Costa Rica,1723,1750,2,2,-2,2,1721,1752,35,31,0,1,35,32,20,100,73
9767,Nov 20 2002,Friendly in Estonia,Estonia,Iceland,1420,1562,2,0,17,-17,1437,1545,93,68,5,-2,98,66,20,100,-42
9768,Nov 20 2002,Friendly in France,France,Yugoslavia,1971,1818,3,0,7,-7,1978,1811,5,18,0,0,5,18,20,100,253
9769,Nov 20 2002,Friendly in Germany,Germany,Netherlands,1953,2035,1,3,-16,16,1937,2051,8,2,-1,0,7,2,20,100,18
9770,Nov 20 2002,Friendly in Greece,Greece,Ireland,1664,1850,0,0,2,-2,1666,1848,45,14,0,0,45,14,20,100,-86
9771,Nov 20 2002,Friendly in Honduras,Honduras,Colombia,1759,1872,1,0,10,-10,1769,1862,27,13,2,0,29,13,20,100,-13
9772,Nov 20 2002,Friendly in Hungary,Hungary,Moldova,1601,1344,1,1,-8,8,1593,1352,61,121,-3,3,58,124,20,100,357
9773,Nov 20 2002,Friendly in Italy,Italy,Turkey,1880,1893,1,1,-2,2,1878,1895,11,10,0,0,11,10,20,100,87
9774,Nov 20 2002,Friendly in Japan,Japan,Argentina,1821,1982,0,2,-12,12,1809,1994,21,4,-2,0,19,4,20,100,-61
9775,Nov 20 2002,Friendly in Luxembourg,Luxembourg,Cape Verde,1098,1333,0,0,4,-4,1102,1329,173,129,1,0,174,129,20,100,-135
9776,Nov 20 2002,Friendly in Macedonia,Macedonia,Israel,1469,1680,2,3,-7,7,1462,1687,91,40,-2,1,89,41,20,100,-111
9777,Nov 20 2002,Friendly in Morocco,Morocco,Mali,1643,1471,1,3,-25,25,1618,1496,55,71,-3,7,52,78,20,100,272
9778,Nov 20 2002,Friendly in Nigeria,Nigeria,Jamaica,1749,1569,0,0,-7,7,1742,1576,34,63,0,0,34,63,20,100,280
9779,Nov 20 2002,Friendly in Portugal,Portugal,Scotland,1927,1697,2,0,4,-4,1931,1693,8,39,0,0,8,39,20,100,330
9780,Nov 20 2002,Friendly in Qatar,Qatar,Iraq,1577,1619,2,1,8,-8,1585,1611,58,54,2,0,60,54,20,100,58
9781,Nov 20 2002,Friendly in Romania,Romania,Croatia,1805,1790,0,1,-13,13,1792,1803,28,19,-3,3,25,22,20,100,115
9782,Nov 20 2002,European Championship qual in San Marino,San Marino,Latvia,948,1465,0,1,-3,3,945,1468,191,86,0,1,191,87,40,100,-417
9783,Nov 20 2002,Friendly in Slovakia,Slovakia,Ukraine,1674,1686,1,1,-2,2,1672,1688,45,39,-1,1,44,40,20,100,88
9784,Nov 20 2002,Friendly in South Korea,South Korea,Brazil,1771,2052,2,3,-5,5,1766,2057,31,1,-1,0,30,1,20,100,-181
9785,Nov 20 2002,Friendly in Spain,Spain,Bulgaria,1995,1753,1,0,2,-2,1997,1751,3,34,0,-1,3,33,20,100,342
9786,Nov 20 2002,Friendly in Tunisia,Tunisia,Egypt,1622,1595,0,0,-4,4,1618,1599,51,57,1,0,52,57,20,100,127
9787,Nov 20 2002,Friendly in Venezuela,Venezuela,Uruguay,1595,1803,1,0,13,-13,1608,1790,53,29,2,-3,55,26,20,100,-108
9788,Nov 22 2002,CONCACAF Champ qual in Haiti,Haiti,Netherlands Antilles,1496,1159,3,0,5,-5,1501,1154,70,159,4,0,74,159,40,100,437
9789,Nov 23 2002,Friendly in Qatar,Bahrain,Iraq,1500,1611,2,2,3,-3,1503,1608,70,54,3,0,73,54,20,0,-111
9790,Nov 23 2002,Friendly in Italy,Monaco,Vatican,908,700,0,0,-5,5,903,705,195,213,0,0,195,213,20,0,208
9791,Nov 25 2002,Friendly in Nigeria,Nigeria,Egypt,1742,1599,1,1,-6,6,1736,1605,34,55,0,1,34,56,20,100,243
9792,Nov 27 2002,CONCACAF Champ qual in the Cayman Islands,Cayman Islands,Cuba,1123,1455,0,5,-17,17,1106,1472,176,81,-4,5,172,86,40,100,-232
9793,Nov 27 2002,CONCACAF Champ qual in the Cayman Islands,Martinique,Dominican Republic,1437,1134,4,0,11,-11,1448,1123,90,169,4,-2,94,167,40,0,303
9794,Nov 27 2002,Friendly in Sri Lanka,Sri Lanka,Vietnam,906,1260,1,2,-4,4,902,1264,196,139,-1,0,195,139,20,100,-254
9795,Nov 29 2002,CONCACAF Champ qual in the Cayman Islands,Cayman Islands,Dominican Republic,1106,1123,1,0,15,-15,1121,1108,162,175,5,-4,167,171,40,100,83
9796,Nov 29 2002,CONCACAF Champ qual in the Cayman Islands,Cuba,Martinique,1472,1448,2,1,19,-19,1491,1429,74,108,6,-7,80,101,40,0,24
9797,Nov 29 2002,Friendly tournament in the United Arab Emirates,Jordan,Malaysia,1443,1257,1,0,8,-8,1451,1249,89,145,4,-2,93,143,30,0,186
9798,Nov 29 2002,Friendly in Sri Lanka,Sri Lanka,Vietnam,902,1264,1,1,6,-6,908,1258,193,139,1,0,194,139,20,100,-262
9799,Nov 30 2002,Friendly tournament in the United Arab Emirates,Jordan,Singapore,1451,1221,3,1,9,-9,1460,1212,89,153,2,0,91,153,30,0,230
9800,Nov 30 2002,CECAFA Cup in Tanzania,Rwanda,Zanzibar,1310,1150,1,0,11,-11,1321,1139,131,161,0,0,131,161,40,0,160
9801,Nov 30 2002,CECAFA Cup in Tanzania,Tanzania,Kenya,1225,1460,1,0,27,-27,1252,1433,134,109,9,-9,143,100,40,100,-135
9802,Dec 1 2002,CECAFA Cup in Tanzania,Burundi,Eritrea,1352,1137,1,1,-11,11,1341,1148,132,158,-4,3,128,161,30,100,315
9803,Dec 1 2002,CONCACAF Champ qual in the Cayman Islands,Cayman Islands,Martinique,1121,1429,0,3,-16,16,1105,1445,175,89,-4,6,171,95,40,100,-208
9804,Dec 1 2002,CONCACAF Champ qual in the Cayman Islands,Cuba,Dominican Republic,1491,1108,2,1,4,-4,1495,1104,80,173,0,-1,80,172,40,0,383
9805,Dec 1 2002,Friendly in Sri Lanka,Sri Lanka,Vietnam,908,1258,2,2,6,-6,914,1252,192,145,1,-3,193,142,20,100,-250
9806,Dec 1 2002,CECAFA Cup in Tanzania,Uganda,Somalia,1389,1062,2,0,8,-8,1397,1054,106,181,3,0,109,181,40,0,327
9807,Dec 2 2002,CECAFA Cup in Tanzania,Ethiopia,Zanzibar,1364,1139,0,0,-11,11,1353,1150,125,160,-2,1,123,161,30,100,325
9808,Dec 2 2002,CECAFA Cup in Tanzania,Tanzania,Sudan,1252,1412,1,1,3,-3,1255,1409,140,107,1,0,141,107,30,100,-60
9809,Dec 3 2002,CECAFA Cup in Tanzania,Burundi,Kenya,1341,1433,1,1,5,-5,1346,1428,126,101,1,0,127,101,40,0,-92
9810,Dec 3 2002,CECAFA Cup in Tanzania,Rwanda,Somalia,1321,1054,1,0,7,-7,1328,1047,129,185,1,-2,130,183,40,0,267
9811,Dec 4 2002,CECAFA Cup in Tanzania,Eritrea,Sudan,1148,1409,2,1,33,-33,1181,1376,152,125,5,-9,157,116,40,0,-261
9812,Dec 4 2002,CECAFA Cup in Tanzania,Uganda,Ethiopia,1397,1353,3,0,31,-31,1428,1322,93,139,8,-8,101,131,40,0,44
9813,Dec 5 2002,CECAFA Cup in Tanzania,Tanzania,Burundi,1255,1346,2,0,29,-29,1284,1317,129,136,6,-5,135,131,40,100,9
9814,Dec 5 2002,CECAFA Cup in Tanzania,Zanzibar,Somalia,1150,1047,1,0,14,-14,1164,1033,158,185,2,-1,160,184,40,0,103
9815,Dec 6 2002,CECAFA Cup in Tanzania,Kenya,Eritrea,1428,1181,4,1,14,-14,1442,1167,93,159,4,-1,97,158,40,0,247
9816,Dec 6 2002,CECAFA Cup in Tanzania,Uganda,Rwanda,1428,1328,2,1,14,-14,1442,1314,93,134,4,-3,97,131,40,0,100
9817,Dec 7 2002,Friendly tournament in Bahrain,Bahrain,Jordan,1503,1460,0,3,-36,36,1467,1496,105,65,-16,13,89,78,30,100,143
9818,Dec 7 2002,Friendly tournament in Bahrain,China,Syria,1600,1409,3,1,11,-11,1611,1398,51,108,3,0,54,108,30,0,191
9819,Dec 7 2002,CECAFA Cup in Tanzania,Somalia,Ethiopia,1033,1322,1,0,34,-34,1067,1288,178,137,3,-4,181,133,40,0,-289
9820,Dec 7 2002,CECAFA Cup in Tanzania,Sudan,Burundi,1376,1317,2,1,17,-17,1393,1300,106,132,5,-1,111,131,40,0,59
9821,Dec 8 2002,CECAFA Cup in Tanzania,Tanzania,Eritrea,1284,1167,1,1,-11,11,1273,1178,139,156,-2,1,137,157,40,100,217
9822,Dec 8 2002,Friendly in Thailand,Thailand,Vietnam,1442,1252,2,1,3,-3,1445,1249,95,143,1,0,96,143,20,100,290
9823,Dec 8 2002,CECAFA Cup in Tanzania,Uganda,Zanzibar,1442,1164,2,0,10,-10,1452,1154,89,160,4,0,93,160,40,0,278
9824,Dec 9 2002,Friendly tournament in Bahrain,Bahrain,Syria,1467,1398,2,3,-22,22,1445,1420,103,102,-7,3,96,105,30,100,169
9825,Dec 9 2002,Friendly tournament in Bahrain,China,Jordan,1611,1496,0,0,-5,5,1606,1501,58,70,-2,4,56,74,30,0,115
9826,Dec 9 2002,CECAFA Cup in Tanzania,Kenya,Sudan,1442,1393,1,0,17,-17,1459,1376,83,121,8,-5,91,116,40,0,49
9827,Dec 9 2002,CECAFA Cup in Tanzania,Rwanda,Ethiopia,1314,1288,1,0,19,-19,1333,1269,125,141,2,-4,127,137,40,0,26
9828,Dec 10 2002,Friendly in Chile,Chile,Palestine,1590,1232,3,1,2,-2,1592,1230,59,152,0,-1,59,151,20,100,458
9829,Dec 11 2002,Friendly in Malaysia,Malaysia,Cambodia,1249,883,5,0,3,-3,1252,880,143,201,0,-1,143,200,20,100,466
9830,Dec 11 2002,Friendly in Singapore,Singapore,Philippines,1212,708,2,0,1,-1,1213,707,153,212,0,0,153,212,20,100,604
9831,Dec 11 2002,CECAFA Cup in Tanzania,Tanzania,Rwanda,1273,1333,3,0,31,-31,1304,1302,124,135,6,-4,130,131,30,0,-60
9832,Dec 12 2002,Friendly tournament in Bahrain,Bahrain,China,1445,1606,2,2,3,-3,1448,1603,92,58,2,-1,94,57,30,100,-61
9833,Dec 12 2002,Friendly tournament in Bahrain,Jordan,Syria,1501,1420,3,0,20,-20,1521,1400,66,111,4,-3,70,108,30,0,81
9834,Dec 12 2002,CECAFA Cup in Tanzania,Kenya,Uganda,1459,1452,3,1,29,-29,1488,1423,73,113,9,-10,82,103,40,0,7
9835,Dec 13 2002,Friendly in Saudi Arabia,Saudi Arabia,Lebanon,1625,1366,1,1,-8,8,1617,1374,56,116,-3,2,53,118,20,100,359
9836,Dec 14 2002,Friendly in Botswana,Botswana,Zambia,1138,1470,1,0,16,-16,1154,1454,157,94,3,-3,160,91,20,100,-232
9837,Dec 14 2002,CECAFA Cup in Tanzania,Rwanda,Uganda,1302,1423,2,1,27,-27,1329,1396,123,117,4,-7,127,110,40,0,-121
9838,Dec 14 2002,CECAFA Cup in Tanzania,Tanzania,Kenya,1304,1488,2,3,-15,15,1289,1503,136,66,-3,8,133,74,40,100,-84
9839,Dec 15 2002,Friendly in Ghana,Ghana,Nigeria,1507,1736,0,1,-6,6,1501,1742,78,34,-3,0,75,34,20,100,-129
9840,Dec 15 2002,Southeast Asian Champ in Indonesia,Indonesia,Myanmar,1358,1110,0,0,-15,15,1343,1125,130,165,-4,2,126,167,40,100,348
9841,Dec 15 2002,Southeast Asian Champ in Indonesia,Vietnam,Cambodia,1249,880,9,2,10,-10,1259,870,136,204,4,-2,140,202,40,0,369
9842,Dec 16 2002,Arab Nations Cup in Kuwait,Jordan,Palestine,1521,1230,1,1,-14,14,1507,1244,72,143,-1,4,71,147,40,0,291
9843,Dec 16 2002,Arab Nations Cup in Kuwait,Kuwait,Morocco,1517,1618,1,1,0,0,1517,1618,69,51,1,0,70,51,20,100,-1
9844,Dec 16 2002,Friendly in the United Arab Emirates,United Arab Emirates,Egypt,1416,1605,1,2,-7,7,1409,1612,108,52,-2,2,106,54,20,100,-89
9845,Dec 17 2002,Southeast Asian Champ in Indonesia,Indonesia,Cambodia,1343,870,4,2,2,-2,1345,868,124,202,1,0,125,202,20,0,473
9846,Dec 17 2002,Southeast Asian Champ in Indonesia,Myanmar,Philippines,1125,707,6,1,7,-7,1132,700,165,220,1,-4,166,216,40,0,418
9847,Dec 17 2002,Arab Nations Cup in Kuwait,Saudi Arabia,Bahrain,1617,1448,2,1,11,-11,1628,1437,47,102,3,-4,50,98,40,0,169
9848,Dec 17 2002,Arab Nations Cup in Kuwait,Syria,Yemen,1400,1212,4,0,19,-19,1419,1193,101,158,3,-2,104,156,40,0,188
9849,Dec 18 2002,Arab Nations Cup in Kuwait,Jordan,Morocco,1507,1618,1,1,6,-6,1513,1612,71,54,0,-1,71,53,40,0,-111
9850,Dec 18 2002,Arab Nations Cup in Kuwait,Kuwait,Sudan,1517,1376,1,0,8,-8,1525,1368,68,122,1,-3,69,119,40,100,241
9851,Dec 18 2002,Southeast Asian Champ in Singapore,Singapore,Malaysia,1213,1252,0,4,-44,44,1169,1296,163,120,-5,12,158,132,40,100,61
9852,Dec 18 2002,Southeast Asian Champ in Singapore,Thailand,Laos,1445,889,5,1,3,-3,1448,886,93,198,1,0,94,198,40,0,556
9853,Dec 19 2002,Arab Nations Cup in Kuwait,Bahrain,Syria,1437,1419,2,0,28,-28,1465,1391,80,116,9,-6,89,110,40,0,18
9854,Dec 19 2002,Southeast Asian Champ in Indonesia,Myanmar,Cambodia,1132,868,5,0,14,-14,1146,854,162,206,2,-2,164,204,40,0,264
9855,Dec 19 2002,Arab Nations Cup in Kuwait,Saudi Arabia,Lebanon,1628,1374,1,0,8,-8,1636,1366,48,123,1,-3,49,120,40,0,254
9856,Dec 19 2002,Southeast Asian Champ in Indonesia,Vietnam,Philippines,1259,700,4,1,3,-3,1262,697,141,216,0,0,141,216,40,0,559
9857,Dec 20 2002,Arab Nations Cup in Kuwait,Jordan,Sudan,1513,1368,2,1,12,-12,1525,1356,67,124,2,-3,69,121,40,0,145
9858,Dec 20 2002,Southeast Asian Champ in Singapore,Malaysia,Thailand,1296,1448,3,1,42,-42,1338,1406,122,117,5,-11,127,106,40,0,-152
9859,Dec 20 2002,Arab Nations Cup in Kuwait,Morocco,Palestine,1612,1244,3,1,6,-6,1618,1238,51,153,1,-3,52,150,40,0,368
9860,Dec 20 2002,Southeast Asian Champ in Singapore,Singapore,Laos,1169,886,2,1,4,-4,1173,882,156,198,1,0,157,198,40,100,383
9861,Dec 21 2002,Arab Nations Cup in Kuwait,Bahrain,Yemen,1465,1193,3,1,10,-10,1475,1183,83,155,3,0,86,155,40,0,272
9862,Dec 21 2002,Southeast Asian Champ in Indonesia,Cambodia,Philippines,854,697,1,0,12,-12,866,685,200,218,2,-1,202,217,40,0,157
9863,Dec 21 2002,Southeast Asian Champ in Indonesia,Indonesia,Vietnam,1345,1262,2,2,-10,10,1335,1272,127,135,-1,3,126,138,40,100,183
9864,Dec 21 2002,Arab Nations Cup in Kuwait,Syria,Lebanon,1391,1366,4,1,32,-32,1423,1334,94,135,8,-8,102,127,40,0,25
9865,Dec 22 2002,Friendly in Egypt,Egypt,Ghana,1612,1501,0,0,-5,5,1607,1506,58,69,-2,3,56,72,20,100,211
9866,Dec 22 2002,Southeast Asian Champ in Singapore,Laos,Malaysia,882,1338,1,1,17,-17,899,1321,196,135,1,-5,197,130,40,0,-456
9867,Dec 22 2002,Southeast Asian Champ in Singapore,Singapore,Thailand,1173,1406,1,1,7,-7,1180,1399,155,107,1,0,156,107,40,100,-133
9868,Dec 23 2002,Southeast Asian Champ in Indonesia,Indonesia,Philippines,1335,685,13,1,2,-2,1337,683,125,217,0,0,125,217,30,0,650
9869,Dec 23 2002,Arab Nations Cup in Kuwait,Kuwait,Jordan,1525,1525,1,2,-26,26,1499,1551,87,61,-9,4,78,65,40,100,100
9870,Dec 23 2002,Arab Nations Cup in Kuwait,Palestine,Sudan,1238,1356,2,2,7,-7,1245,1349,142,124,4,-2,146,122,40,0,-118
9871,Dec 23 2002,Southeast Asian Champ in Indonesia,Vietnam,Myanmar,1272,1146,4,2,20,-20,1292,1126,130,170,4,-3,134,167,40,0,126
9872,Dec 24 2002,Arab Nations Cup in Kuwait,Lebanon,Yemen,1334,1183,4,2,18,-18,1352,1165,114,163,6,-4,120,159,40,0,151
9873,Dec 24 2002,Arab Nations Cup in Kuwait,Saudi Arabia,Syria,1636,1423,3,0,16,-16,1652,1407,49,110,0,-4,49,106,40,0,213
9874,Dec 25 2002,Arab Nations Cup in Kuwait,Kuwait,Palestine,1499,1245,3,3,-15,15,1484,1260,88,138,-5,4,83,142,40,100,354
9875,Dec 25 2002,Arab Nations Cup in Kuwait,Sudan,Morocco,1349,1618,1,0,33,-33,1382,1585,101,66,11,-7,112,59,40,0,-269
9876,Dec 26 2002,Arab Nations Cup in Kuwait,Bahrain,Lebanon,1475,1352,0,0,-7,7,1468,1359,90,119,-2,1,88,120,40,0,123
9877,Dec 26 2002,Arab Nations Cup in Kuwait,Saudi Arabia,Yemen,1652,1165,2,2,-18,18,1634,1183,51,151,-1,4,50,155,40,0,487
9878,Dec 27 2002,Southeast Asian Champ in Indonesia,Indonesia,Malaysia,1337,1321,1,0,14,-14,1351,1307,122,132,2,-1,124,131,30,0,16
9879,Dec 27 2002,Friendly tournament in Niger,Niger,Burkina Faso,1323,1414,1,1,0,0,1323,1414,129,106,0,-1,129,105,20,100,9
9880,Dec 27 2002,Southeast Asian Champ in Indonesia,Thailand,Vietnam,1399,1292,4,0,26,-26,1425,1266,95,148,6,-7,101,141,40,0,107
9881,Dec 28 2002,Arab Nations Cup in Kuwait,Bahrain,Jordan,1468,1551,2,1,25,-25,1493,1526,74,73,7,-4,81,69,40,0,-83
9882,Dec 28 2002,Arab Nations Cup in Kuwait,Saudi Arabia,Morocco,1634,1585,2,0,26,-26,1660,1559,46,67,2,-4,48,63,40,0,49
9883,Dec 29 2002,Southeast Asian Champ in Indonesia,Indonesia,Thailand,1351,1425,2,2,-1,1,1350,1426,124,101,0,0,124,101,20,100,26
9884,Dec 29 2002,Friendly tournament in Niger,Niger,Mali,1323,1496,2,2,3,-3,1326,1493,129,81,0,-1,129,80,30,100,-73
9885,Dec 29 2002,Southeast Asian Champ in Indonesia,Vietnam,Malaysia,1266,1307,2,1,22,-22,1288,1285,127,141,7,-5,134,136,40,0,-41
9886,Dec 30 2002,Arab Nations Cup in Kuwait,Saudi Arabia,Bahrain,1660,1493,1,0,11,-11,1671,1482,42,88,3,-4,45,84,40,0,167
9887,Jan 10 2003,South Asian Championship in Bangladesh,Pakistan,India,783,1133,1,0,35,-35,818,1098,206,185,1,-10,207,175,40,0,-350
9888,Jan 10 2003,South Asian Championship in Bangladesh,Sri Lanka,Afghanistan,914,862,1,0,17,-17,931,845,191,209,1,-3,192,206,40,0,52
9889,Jan 11 2003,South Asian Championship in Bangladesh,Bangladesh,Nepal,1012,882,1,0,8,-8,1020,874,185,201,1,-1,186,200,40,100,230
9890,Jan 11 2003,South Asian Championship in Bangladesh,Maldives,Bhutan,893,573,6,0,12,-12,905,561,192,225,3,0,195,225,40,0,320
9891,Jan 12 2003,Friendly in Barbados,Barbados,Jamaica,1344,1576,1,0,14,-14,1358,1562,118,62,4,0,122,62,20,100,-132
9892,Jan 12 2003,South Asian Championship in Bangladesh,India,Afghanistan,1098,845,4,0,14,-14,1112,831,163,208,6,-1,169,207,40,0,253
9893,Jan 12 2003,South Asian Championship in Bangladesh,Pakistan,Sri Lanka,818,931,2,1,26,-26,844,905,205,196,1,-2,206,194,40,0,-113
9894,Jan 13 2003,South Asian Championship in Bangladesh,Bangladesh,Maldives,1020,905,1,0,9,-9,1029,896,184,202,1,-4,185,198,40,100,215
9895,Jan 13 2003,South Asian Championship in Bangladesh,Nepal,Bhutan,874,561,2,0,8,-8,882,553,198,225,1,0,199,225,40,0,313
9896,Jan 14 2003,South Asian Championship in Bangladesh,India,Sri Lanka,1112,905,1,1,-11,11,1101,916,181,192,-6,1,175,193,30,100,307
9897,Jan 14 2003,South Asian Championship in Bangladesh,Pakistan,Afghanistan,844,831,1,0,19,-19,863,812,200,207,3,0,203,207,40,0,13
9898,Jan 15 2003,South Asian Championship in Bangladesh,Bangladesh,Bhutan,1029,553,3,0,2,-2,1031,551,185,225,0,0,185,225,20,0,476
9899,Jan 15 2003,South Asian Championship in Bangladesh,Maldives,Nepal,896,882,3,2,19,-19,915,863,190,205,4,-3,194,202,40,0,14
9900,Jan 17 2003,Friendly in the United States,El Salvador,Guatemala,1500,1532,0,0,1,-1,1501,1531,73,68,2,0,75,68,20,0,-32
9901,Jan 18 2003,South Asian Championship in Bangladesh,Bangladesh,India,1031,1101,2,1,18,-18,1049,1083,183,179,1,-2,184,177,30,0,-70
9902,Jan 18 2003,South Asian Championship in Bangladesh,Maldives,Pakistan,915,863,1,0,17,-17,932,846,190,210,2,-4,192,206,40,0,52
9903,Jan 18 2003,Friendly in the United States,United States,Canada,1826,1636,4,0,6,-6,1832,1630,14,50,1,0,15,50,20,100,290
9904,Jan 19 2003,Friendly in the United States,El Salvador,Guatemala,1501,1531,0,0,1,-1,1502,1530,73,68,1,0,74,68,20,0,-30
9905,Jan 20 2003,South Asian Championship in Bangladesh,Bangladesh,Maldives,1049,932,1,1,-11,11,1038,943,186,192,-1,0,185,192,40,100,217
9906,Jan 20 2003,South Asian Championship in Bangladesh,India,Pakistan,1083,846,2,1,8,-8,1091,838,175,206,1,0,176,206,40,0,237
9907,Jan 25 2003,Friendly in Uganda,Uganda,Algeria,1396,1502,0,1,-10,10,1386,1512,112,68,-1,3,111,71,20,100,-6
9908,Jan 26 2003,Friendly in Barbados,Barbados,Finland,1358,1664,0,0,5,-5,1363,1659,118,48,2,0,120,48,20,100,-206
9909,Jan 26 2003,Friendly in Ghana,Ghana,Benin,1506,1287,3,0,5,-5,1511,1282,72,137,0,-1,72,136,20,100,319
9910,Jan 26 2003,Friendly in the United Arab Emirates,United Arab Emirates,Norway,1409,1798,1,1,7,-7,1416,1791,102,27,2,-2,104,25,20,100,-289
9911,Jan 28 2003,Friendly in Oman,Oman,Norway,1436,1791,1,2,-4,4,1432,1795,101,21,-1,2,100,23,20,100,-255
9912,Jan 29 2003,Friendly in Cyprus,Cyprus,Greece,1504,1666,1,2,-8,8,1496,1674,83,42,-5,2,78,44,20,100,-62
9913,Jan 29 2003,Friendly in Trinidad and Tobago,Trinidad and Tobago,Finland,1474,1659,1,2,-8,8,1466,1667,91,46,-2,1,89,47,20,100,-85
9914,Jan 31 2003,Friendly in Honduras,Honduras,Argentina,1769,1994,1,3,-10,10,1759,2004,33,2,-2,1,31,3,20,100,-125
9915,Feb 4 2003,Friendly in the United States,Argentina,Mexico,2004,1832,1,0,5,-5,2009,1827,3,17,0,-1,3,16,20,0,172
9916,Feb 4 2003,Friendly tournament in Hong Kong,Iran,Uruguay,1709,1790,1,1,3,-3,1712,1787,36,26,0,0,36,26,30,0,-81
9917,Feb 8 2003,Friendly in the United States,United States,Argentina,1832,2009,0,1,-8,8,1824,2017,17,3,-1,0,16,3,20,100,-77
9918,Feb 9 2003,Friendly tournament in Croatia,Croatia,Macedonia,1803,1462,2,2,-13,13,1790,1475,28,83,-3,4,25,87,30,100,441
9919,Feb 9 2003,Friendly in Ecuador,Ecuador,Estonia,1721,1437,1,0,2,-2,1723,1435,35,100,0,-1,35,99,20,100,384
9920,Feb 9 2003,N Am Ch q & UNCAF Cup in Panama,Panama,El Salvador,1397,1502,1,2,-20,20,1377,1522,124,68,-8,3,116,71,40,100,-5
9921,Feb 11 2003,N Am Ch q & UNCAF Cup in Panama,Costa Rica,El Salvador,1752,1522,1,0,8,-8,1760,1514,30,71,1,0,31,71,40,0,230
9922,Feb 11 2003,N Am Ch q & UNCAF Cup in Panama,Honduras,Nicaragua,1759,913,2,0,0,0,1759,913,33,195,-1,0,32,195,20,0,846
9923,Feb 11 2003,Friendly in France,Ivory Coast,Cameroon,1542,1795,3,0,28,-28,1570,1767,57,34,5,-6,62,28,20,0,-253
9924,Feb 12 2003,Friendly in Italy,Albania,Vietnam,1445,1288,5,0,12,-12,1457,1276,88,142,4,-4,92,138,20,0,157
9925,Feb 12 2003,Friendly in Algeria,Algeria,Belgium,1512,1785,1,3,-8,8,1504,1793,76,18,-2,4,74,22,20,100,-173
9926,Feb 12 2003,Friendly in Barbados,Barbados,Martinique,1363,1445,3,3,-1,1,1362,1446,120,96,0,0,120,96,20,100,18
9927,Feb 12 2003,Friendly in Cyprus,Bulgaria,Hungary,1751,1593,1,0,6,-6,1757,1587,33,59,0,-1,33,58,20,0,158
9928,Feb 12 2003,Friendly in China,China,Brazil,1603,2057,0,0,8,-8,1611,2049,50,3,3,-1,53,2,20,100,-354
9929,Feb 12 2003,Friendly in the United States,Colombia,Mexico,1862,1827,0,0,-1,1,1861,1828,13,19,0,-2,13,17,20,0,35
9930,Feb 12 2003,Friendly tournament in Croatia,Croatia,Poland,1790,1708,0,0,-7,7,1783,1715,28,37,-2,0,26,37,30,100,182
9931,Feb 12 2003,Friendly tournament in Cyprus,Cyprus,Russia,1496,1807,0,1,-7,7,1489,1814,82,16,-2,2,80,18,30,100,-211
9932,Feb 12 2003,Friendly in Ecuador,Ecuador,Estonia,1723,1435,2,1,2,-2,1725,1433,37,99,-1,0,36,99,20,100,388
9933,Feb 12 2003,Friendly in Egypt,Egypt,Denmark,1607,1911,1,4,-8,8,1599,1919,57,9,-1,0,56,9,20,100,-204
9934,Feb 12 2003,Friendly in England,England,Australia,1953,1806,1,3,-24,24,1929,1830,6,9,0,6,6,15,20,100,247
9935,Feb 12 2003,Friendly in France,France,Czechia,1978,1872,0,2,-23,23,1955,1895,5,8,0,2,5,10,20,100,206
9936,Feb 12 2003,Friendly in Georgia,Georgia,Moldova,1584,1352,2,2,-7,7,1577,1359,62,119,-1,2,61,121,20,100,332
9937,Feb 12 2003,Friendly in Greece,Greece,Norway,1674,1795,1,0,11,-11,1685,1784,38,28,3,-3,41,25,20,100,-21
9938,Feb 12 2003,Friendly in Israel,Israel,Armenia,1687,1416,2,0,3,-3,1690,1413,39,108,1,-2,40,106,20,100,371
9939,Feb 12 2003,Friendly in Italy,Italy,Portugal,1878,1931,1,0,9,-9,1887,1922,13,8,-1,0,12,8,20,100,47
9940,Feb 12 2003,Friendly in Jamaica,Jamaica,United States,1562,1824,1,2,-6,6,1556,1830,65,14,-1,1,64,15,20,100,-162
9941,Feb 12 2003,Friendly in Turkey,Latvia,Lithuania,1468,1378,2,1,7,-7,1475,1371,83,121,3,-4,86,117,20,0,90
9942,Feb 12 2003,Friendly in Libya,Libya,Canada,1378,1630,2,4,-9,9,1369,1639,123,48,-5,1,118,49,20,100,-152
9943,Feb 12 2003,Friendly in France,Mali,Guinea,1493,1481,1,0,10,-10,1503,1471,70,93,5,-4,75,89,20,0,12
9944,Feb 12 2003,Friendly in Malta,Malta,Kazakhstan,1240,1453,2,2,3,-3,1243,1450,149,97,0,-2,149,95,20,100,-113
9945,Feb 12 2003,Friendly in France,Morocco,Senegal,1559,1779,1,0,16,-16,1575,1763,60,31,2,-2,62,29,20,0,-220
9946,Feb 12 2003,Friendly in the Netherlands,Netherlands,Argentina,2051,2017,1,0,6,-6,2057,2011,0,3,1,0,1,3,20,100,134
9947,Feb 12 2003,Friendly in Northern Ireland,Northern Ireland,Finland,1524,1667,0,1,-9,9,1515,1676,70,41,0,3,70,44,20,100,-43
9948,Feb 12 2003,Friendly tournament in Cyprus,Romania,Slovakia,1792,1672,2,1,10,-10,1802,1662,19,51,2,-3,21,48,30,0,120
9949,Feb 12 2003,Friendly in Scotland,Scotland,Ireland,1693,1848,0,2,-13,13,1680,1861,47,12,-4,1,43,13,20,100,-55
9950,Feb 12 2003,European Championship qual in Serbia and Montenegro,Serbia and Montenegro,Azerbaijan,1811,1308,2,2,-19,19,1792,1327,28,128,-5,1,23,129,40,100,603
9951,Feb 12 2003,Friendly in Slovenia,Slovenia,Switzerland,1659,1708,1,5,-21,21,1638,1729,51,33,-1,2,50,35,20,100,51
9952,Feb 12 2003,Friendly in Spain,Spain,Germany,1997,1937,3,1,9,-9,2006,1928,4,7,0,0,4,7,20,100,160
9953,Feb 12 2003,Friendly in Tunisia,Tunisia,Sweden,1618,1821,1,0,13,-13,1631,1808,50,23,1,-3,51,20,20,100,-103
9954,Feb 12 2003,Friendly in Turkey,Turkey,Ukraine,1895,1688,0,0,-7,7,1888,1695,12,38,-1,1,11,39,20,100,307
9955,Feb 12 2003,Friendly in Wales,Wales,Bosnia and Herzegovina,1676,1501,2,2,-7,7,1669,1508,49,71,-3,2,46,73,20,100,275
9956,Feb 13 2003,N Am Ch q & UNCAF Cup in Panama,Costa Rica,Guatemala,1760,1530,1,1,-12,12,1748,1542,35,68,-2,0,33,68,40,0,230
9957,Feb 13 2003,Friendly tournament in Cyprus,Cyprus,Slovakia,1489,1662,1,3,-18,18,1471,1680,96,38,-8,5,88,43,30,100,-73
9958,Feb 13 2003,N Am Ch q & UNCAF Cup in Panama,El Salvador,Nicaragua,1514,913,3,0,2,-2,1516,911,69,195,1,0,70,195,30,0,601
9959,Feb 14 2003,Friendly tournament in Croatia,Poland,Macedonia,1715,1475,3,0,11,-11,1726,1464,35,97,1,-6,36,91,30,0,240
9960,Feb 15 2003,Friendly in Benin,Benin,Ghana,1282,1511,1,0,14,-14,1296,1497,129,84,3,-6,132,78,20,100,-129
9961,Feb 15 2003,N Am Ch q & UNCAF Cup in Panama,Costa Rica,Nicaragua,1748,911,1,0,0,0,1748,911,31,195,1,0,32,195,20,0,837
9962,Feb 15 2003,N Am Ch q & UNCAF Cup in Panama,El Salvador,Honduras,1516,1759,1,0,32,-32,1548,1727,62,39,4,-4,66,35,40,0,-243
9963,Feb 16 2003,Friendly in China,China,Estonia,1611,1433,1,0,3,-3,1614,1430,53,101,0,-1,53,100,20,100,278
9964,Feb 16 2003,Friendly in The Gambia,Gambia,Nigeria,1359,1742,0,1,-3,3,1356,1745,125,33,-2,0,123,33,20,100,-283
9965,Feb 16 2003,N Am Ch q & UNCAF Cup in Panama,Panama,Guatemala,1377,1542,2,0,36,-36,1413,1506,98,75,8,-3,106,72,40,100,-65
9966,Feb 16 2003,King's Cup in Thailand,Sweden,Qatar,1808,1585,3,2,7,-7,1815,1578,16,59,2,0,18,59,30,0,223
9967,Feb 16 2003,King's Cup in Thailand,Thailand,North Korea,1426,1499,2,2,-1,1,1425,1500,101,77,0,0,101,77,20,100,27
9968,Feb 18 2003,N Am Ch q & UNCAF Cup in Panama,Guatemala,Nicaragua,1506,911,5,0,3,-3,1509,908,72,195,0,0,72,195,40,0,595
9969,Feb 18 2003,King's Cup in Thailand,North Korea,Sweden,1500,1815,1,1,11,-11,1511,1804,65,22,6,-2,71,20,30,0,-315
9970,Feb 18 2003,N Am Ch q & UNCAF Cup in Panama,Panama,Honduras,1413,1727,1,1,11,-11,1424,1716,98,39,4,-2,102,37,30,0,-314
9971,Feb 18 2003,King's Cup in Thailand,Thailand,Qatar,1425,1578,1,1,2,-2,1427,1576,101,63,0,-2,101,61,20,100,-53
9972,Feb 20 2003,N Am Ch q & UNCAF Cup in Panama,Costa Rica,Honduras,1748,1716,1,0,18,-18,1766,1698,24,39,4,-1,28,38,40,0,32
9973,Feb 20 2003,N Am Ch q & UNCAF Cup in Panama,Guatemala,El Salvador,1509,1548,2,0,33,-33,1542,1515,64,74,4,-4,68,70,40,0,-39
9974,Feb 20 2003,King's Cup in Thailand,North Korea,Qatar,1511,1576,2,2,3,-3,1514,1573,73,63,-1,-1,72,62,30,0,-65
9975,Feb 20 2003,King's Cup in Thailand,Thailand,Sweden,1427,1804,1,4,-9,9,1418,1813,107,18,-3,1,104,19,30,100,-277
9976,Feb 21 2003,N Am Ch q & UNCAF Cup in Panama,Panama,Nicaragua,1424,908,0,1,-39,39,1385,947,121,187,-10,4,111,191,40,100,616
9977,Feb 22 2003,East Asian Championship qual in Hong Kong,Hong Kong,Taiwan,1172,1024,2,0,12,-12,1184,1012,152,188,3,-1,155,187,40,100,248
9978,Feb 22 2003,East Asian Championship qual in Hong Kong,Macao,Mongolia,902,807,2,0,22,-22,924,785,193,208,2,0,195,208,40,0,95
9979,Feb 22 2003,COSAFA Cup in Madagascar,Madagascar,Mauritius,1424,1230,2,1,6,-6,1430,1224,101,152,0,0,101,152,40,100,294
9980,Feb 22 2003,Friendly in Malawi,Malawi,DR Congo,1349,1465,1,1,0,0,1349,1465,126,90,0,0,126,90,20,100,-16
9981,Feb 22 2003,King's Cup in Thailand,Sweden,North Korea,1813,1514,4,0,9,-9,1822,1505,17,74,1,-1,18,73,30,0,299
9982,Feb 22 2003,King's Cup in Thailand,Thailand,Qatar,1418,1573,3,1,26,-26,1444,1547,93,68,5,-3,98,65,30,100,-55
9983,Feb 23 2003,N Am Ch q & UNCAF Cup in Panama,Guatemala,Honduras,1542,1698,2,1,28,-28,1570,1670,56,54,6,-8,62,46,40,0,-156
9984,Feb 23 2003,Friendly in Malawi,Malawi,DR Congo,1349,1465,2,3,-10,10,1339,1475,126,80,0,5,126,85,20,100,-16
9985,Feb 23 2003,N Am Ch q & UNCAF Cup in Panama,Panama,Costa Rica,1385,1766,0,1,-7,7,1378,1773,115,26,-2,1,113,27,40,100,-281
9986,Feb 23 2003,Friendly in Peru,Peru,Haiti,1623,1501,5,1,8,-8,1631,1493,50,81,1,-2,51,79,20,100,222
9987,Feb 24 2003,East Asian Championship qual in Hong Kong,Hong Kong,Macao,1184,924,3,0,8,-8,1192,916,155,195,0,0,155,195,40,100,360
9988,Feb 24 2003,East Asian Championship qual in Hong Kong,Mongolia,Guam,785,660,2,0,20,-20,805,640,208,221,0,-1,208,220,40,0,125
9989,Feb 26 2003,East Asian Championship qual in Hong Kong,Macao,Guam,916,640,2,0,10,-10,926,630,195,222,0,-1,195,221,40,0,276
9990,Feb 26 2003,East Asian Championship qual in Hong Kong,Taiwan,Mongolia,1012,805,4,0,17,-17,1029,788,185,208,1,0,186,208,40,0,207
9991,Feb 28 2003,East Asian Championship qual in Hong Kong,Hong Kong,Mongolia,1192,788,10,0,5,-5,1197,783,155,208,0,0,155,208,20,0,404
9992,Feb 28 2003,East Asian Championship qual in Hong Kong,Taiwan,Guam,1029,630,7,0,8,-8,1037,622,186,221,0,0,186,221,40,0,399
9993,Mar 2 2003,East Asian Championship qual in Hong Kong,Hong Kong,Guam,1197,622,11,0,2,-2,1199,620,155,221,0,0,155,221,20,0,575
9994,Mar 2 2003,East Asian Championship qual in Hong Kong,Taiwan,Macao,1037,926,2,1,14,-14,1051,912,180,197,3,-1,183,196,40,0,111
9995,Mar 4 2003,Friendly in Singapore,Singapore,Maldives,1180,943,4,1,4,-4,1184,939,155,193,1,0,156,193,20,100,337
9996,Mar 4 2003,Friendly in Sudan,Sudan,DR Congo,1382,1475,1,3,-15,15,1367,1490,127,75,-8,5,119,80,20,100,7
9997,Mar 5 2003,Friendly in Israel,Israel,Moldova,1690,1359,0,0,-8,8,1682,1367,41,117,-1,2,40,119,20,100,431
9998,Mar 7 2003,Friendly tournament in Benin,Benin,Niger,1296,1326,1,1,-3,3,1293,1329,134,124,-1,3,133,127,30,100,70
9999,Mar 9 2003,Friendly in Botswana,Botswana,Lesotho,1154,1138,0,1,-13,13,1141,1151,168,160,-4,2,164,162,20,100,116
10000,Mar 9 2003,Friendly in the Dem Rep of the Congo,DR Congo,Congo,1490,1391,3,0,8,-8,1498,1383,74,111,3,-1,77,110,20,100,199
10001,Mar 11 2003,Friendly in Cuba,Cuba,Jamaica,1495,1556,0,0,-1,1,1494,1557,79,64,0,0,79,64,20,100,39
10002,Mar 12 2003,Friendly in Tanzania,Tanzania,Uganda,1289,1386,0,0,0,0,1289,1386,134,109,0,0,134,109,20,100,3
10003,Mar 13 2003,Friendly in Cuba,Cuba,Jamaica,1494,1557,1,0,9,-9,1503,1548,71,66,4,-1,75,65,20,100,37
10004,Mar 14 2003,Friendly tournament in Martinique,Martinique,French Guiana,1446,1120,2,1,2,-2,1448,1118,96,167,0,0,96,167,20,100,426
10005,Mar 15 2003,Friendly tournament in Martinique,French Guiana,Guadeloupe,1118,1368,2,2,9,-9,1127,1359,165,124,1,-3,166,121,30,0,-250
10006,Mar 15 2003,Friendly in Kenya,Kenya,Uganda,1503,1386,2,2,-6,6,1497,1392,81,109,-3,0,78,109,20,100,217
10007,Mar 15 2003,Friendly in Rwanda,Rwanda,Burundi,1329,1300,4,2,10,-10,1339,1290,125,135,1,-2,126,133,20,100,129
10008,Mar 16 2003,Asian Cup qualifier in Nepal,Afghanistan,Kyrgyzstan,812,1166,2,1,35,-35,847,1131,203,169,2,-5,205,164,40,0,-354
10009,Mar 16 2003,Friendly in Lesotho,Lesotho,DR Congo,1151,1498,2,2,6,-6,1157,1492,158,83,2,-3,160,80,20,100,-247
10010,Mar 16 2003,COSAFA Cup in Namibia,Namibia,Botswana,1200,1141,0,1,-29,29,1171,1170,162,154,-4,5,158,159,40,100,159
10011,Mar 16 2003,Friendly in Zimbabwe,Zimbabwe,Malawi,1476,1339,0,0,-6,6,1470,1345,93,126,-4,0,89,126,20,100,237
10012,Mar 18 2003,Asian Cup qualifier in Nepal,Nepal,Afghanistan,863,847,4,0,25,-25,888,822,196,209,3,-2,199,207,40,100,116
10013,Mar 19 2003,Friendly in Egypt,Egypt,Qatar,1599,1547,6,0,13,-13,1612,1534,52,70,2,-2,54,68,20,100,152
10014,Mar 19 2003,Friendly in the United States,Mexico,Bolivia,1828,1546,2,0,5,-5,1833,1541,13,67,2,0,15,67,20,0,282
10015,Mar 19 2003,Friendly in Swaziland,Swaziland,Lesotho,1246,1157,1,0,5,-5,1251,1152,146,164,0,-2,146,162,20,100,189
10016,Mar 20 2003,Asian Cup qualifier in Nepal,Nepal,Kyrgyzstan,888,1131,0,2,-18,18,870,1149,203,164,-2,0,201,164,40,100,-143
10017,Mar 21 2003,Asian Cup qualifier in the Maldives,Maldives,Brunei,939,726,1,1,-14,14,925,740,195,211,-1,0,194,211,40,100,313
10018,Mar 21 2003,Asian Cup qualifier in Singapore,Pakistan,Macao,838,912,3,0,42,-42,880,870,190,206,8,-5,198,201,40,0,-74
10019,Mar 21 2003,Asian Cup qualifier in Sri Lanka,Sri Lanka,East Timor,916,700,3,2,6,-6,922,694,195,216,0,0,195,216,40,100,316
10020,Mar 22 2003,COSAFA Cup in Mozambique,Mozambique,Lesotho,1244,1152,0,0,-10,10,1234,1162,152,158,-2,2,150,160,40,100,192
10021,Mar 22 2003,Friendly in Rwanda,Rwanda,Zambia,1339,1454,1,1,0,0,1339,1454,127,93,0,0,127,93,20,100,-15
10022,Mar 23 2003,Friendly in Benin,Benin,Equatorial Guinea,1293,1018,2,1,2,-2,1295,1016,130,187,1,0,131,187,20,100,375
10023,Mar 23 2003,Friendly in Jamaica,Jamaica,Barbados,1548,1362,2,1,3,-3,1551,1359,65,120,0,0,65,120,20,100,286
10024,Mar 23 2003,Friendly in Kenya,Kenya,Tanzania,1497,1289,4,0,5,-5,1502,1284,77,136,0,-1,77,135,20,100,308
10025,Mar 23 2003,Asian Cup qualifier in the Maldives,Myanmar,Brunei,1126,740,5,0,8,-8,1134,732,163,211,2,0,165,211,40,0,386
10026,Mar 23 2003,Asian Cup qualifier in Singapore,Singapore,Macao,1184,870,2,0,5,-5,1189,865,155,205,0,-2,155,203,40,100,414
10027,Mar 23 2003,Asian Cup qualifier in Sri Lanka,Taiwan,East Timor,1051,694,3,0,8,-8,1059,686,181,218,1,-1,182,217,40,0,357
10028,Mar 24 2003,Asian Cup qualifier in North Korea,North Korea,India,1505,1091,2,0,3,-3,1508,1088,71,176,1,0,72,176,20,0,414
10029,Mar 24 2003,Friendly in Rwanda,Rwanda,Zambia,1339,1454,0,3,-17,17,1322,1471,133,81,-3,6,130,87,20,100,-15
10030,Mar 25 2003,Asian Cup qualifier in Hong Kong,Hong Kong,Laos,1199,899,5,1,7,-7,1206,892,154,197,0,0,154,197,40,100,400
10031,Mar 25 2003,Asian Cup qualifier in the Maldives,Maldives,Myanmar,925,1134,0,2,-21,21,904,1155,196,157,-1,4,195,161,40,100,-109
10032,Mar 25 2003,Asian Cup qualifier in Singapore,Singapore,Pakistan,1189,880,3,0,6,-6,1195,874,155,200,0,-1,155,199,40,100,409
10033,Mar 25 2003,Asian Cup qualifier in Sri Lanka,Sri Lanka,Taiwan,922,1059,2,1,22,-22,944,1037,191,190,2,-4,193,186,40,100,-37
10034,Mar 26 2003,Friendly in Austria,Austria,Greece,1682,1685,2,2,-3,3,1679,1688,46,39,-3,0,43,39,20,100,97
10035,Mar 26 2003,Friendly in Burundi,Burundi,Burkina Faso,1290,1414,0,0,1,-1,1291,1413,131,105,1,0,132,105,20,100,-24
10036,Mar 26 2003,CONCACAF Champ qual in Trinidad and Tobago,Cuba,Guadeloupe,1503,1359,3,2,12,-12,1515,1347,65,130,5,-5,70,125,40,0,144
10037,Mar 26 2003,Friendly in Ethiopia,Ethiopia,Benin,1269,1295,3,0,14,-14,1283,1281,131,141,4,-5,135,136,20,100,74
10038,Mar 26 2003,CONCACAF Champ qual in Jamaica,Haiti,Martinique,1493,1448,2,1,17,-17,1510,1431,67,104,6,-4,73,100,40,0,45
10039,Mar 26 2003,CONCACAF Champ qual in Jamaica,Jamaica,Saint Lucia,1551,1267,5,0,8,-8,1559,1259,63,143,1,-1,64,142,40,100,384
10040,Mar 26 2003,Friendly in the United States,Mexico,Paraguay,1833,1763,1,1,-2,2,1831,1765,15,30,0,0,15,30,20,0,70
10041,Mar 26 2003,CONCACAF Champ qual in Trinidad and Tobago,Trinidad and Tobago,Antigua and Barbuda,1466,1107,2,0,4,-4,1470,1103,89,175,1,-3,90,172,40,100,459
10042,Mar 27 2003,Friendly tournament in Tunisia,Cameroon,Madagascar,1767,1430,2,0,6,-6,1773,1424,26,103,1,-1,27,102,30,0,337
10043,Mar 27 2003,Asian Cup qualifier in Hong Kong,Laos,Bangladesh,892,1038,2,1,28,-28,920,1010,193,189,2,-2,195,187,40,0,-146
10044,Mar 27 2003,Friendly in Serbia and Montenegro,Serbia and Montenegro,Bulgaria,1792,1757,1,2,-14,14,1778,1771,29,26,-3,3,26,29,20,100,135
10045,Mar 27 2003,Friendly tournament in Tunisia,Tunisia,Ghana,1631,1497,2,2,-9,9,1622,1506,53,73,-1,3,52,76,30,100,234
10046,Mar 28 2003,CONCACAF Champ qual in Trinidad and Tobago,Cuba,Antigua and Barbuda,1515,1103,2,0,5,-5,1520,1098,70,176,0,-2,70,174,40,0,412
10047,Mar 28 2003,CONCACAF Champ qual in Jamaica,Jamaica,Martinique,1559,1431,2,2,-12,12,1547,1443,66,96,-1,2,65,98,40,100,228
10048,Mar 28 2003,Friendly in Japan,Japan,Uruguay,1809,1787,2,2,-3,3,1806,1790,20,23,0,0,20,23,20,100,122
10049,Mar 28 2003,CONCACAF Champ qual in Jamaica,Saint Lucia,Haiti,1259,1510,2,1,32,-32,1291,1478,122,97,10,-12,132,85,40,0,-251
10050,Mar 28 2003,CONCACAF Champ qual in Trinidad and Tobago,Trinidad and Tobago,Guadeloupe,1470,1347,1,0,9,-9,1479,1338,78,127,6,-1,84,126,40,100,223
10051,Mar 29 2003,European Championship qual in Albania,Albania,Russia,1457,1814,3,1,49,-49,1506,1765,55,39,19,-10,74,29,40,100,-257
10052,Mar 29 2003,Friendly in Angola,Angola,Algeria,1489,1504,1,1,-2,2,1487,1506,82,72,-1,2,81,74,20,100,85
10053,Mar 29 2003,European Championship qual in Armenia,Armenia,Northern Ireland,1413,1515,1,0,20,-20,1433,1495,95,87,5,-8,100,79,40,100,-2
10054,Mar 29 2003,European Championship qual in Belarus,Belarus,Moldova,1552,1367,2,1,6,-6,1558,1361,64,120,0,-1,64,119,40,100,285
10055,Mar 29 2003,European Championship qual in Bosnia and Herzegovina,Bosnia and Herzegovina,Luxembourg,1508,1102,2,0,3,-3,1511,1099,71,174,1,-1,72,173,20,0,406
10056,Mar 29 2003,African Nations Cup qualifier in Cape Verde,Cape Verde,Togo,1329,1446,2,1,21,-21,1350,1425,121,108,3,-6,124,102,40,100,-17
10057,Mar 29 2003,Friendly in Costa Rica,Costa Rica,Paraguay,1773,1765,2,1,7,-7,1780,1758,19,33,4,-1,23,32,20,100,108
10058,Mar 29 2003,European Championship qual in Croatia,Croatia,Belgium,1783,1793,4,0,28,-28,1811,1765,13,36,6,-7,19,29,40,100,90
10059,Mar 29 2003,European Championship qual in Cyprus,Cyprus,Israel,1471,1682,1,1,6,-6,1477,1676,88,46,0,-3,88,43,40,100,-111
10060,Mar 29 2003,Friendly in Estonia,Estonia,Canada,1430,1639,2,1,13,-13,1443,1626,93,53,4,-2,97,51,20,100,-109
10061,Mar 29 2003,European Championship qual in France,France,Malta,1955,1243,6,0,1,-1,1956,1242,5,148,0,0,5,148,20,0,712
10062,Mar 29 2003,African Nations Cup qualifier in Gabon,Gabon,Equatorial Guinea,1397,1016,4,0,4,-4,1401,1012,108,186,0,0,108,186,20,0,381
10063,Mar 29 2003,European Championship qual in Georgia,Georgia,Ireland,1577,1861,1,2,-10,10,1567,1871,66,13,-3,0,63,13,40,100,-184
10064,Mar 29 2003,European Championship qual in Germany,Germany,Lithuania,1928,1371,1,1,-19,19,1909,1390,11,104,-2,6,9,110,40,100,657
10065,Mar 29 2003,European Championship qual in Italy,Italy,Finland,1887,1676,2,0,9,-9,1896,1667,10,52,1,-4,11,48,40,100,311
10066,Mar 29 2003,African Nations Cup qualifier in Kenya,Kenya,Mauritania,1502,1114,4,0,4,-4,1506,1110,70,168,4,0,74,168,20,0,388
10067,Mar 29 2003,European Championship qual in Liechtenstein,Liechtenstein,England,1070,1929,0,2,-1,1,1069,1930,180,10,0,-2,180,8,30,100,-759
10068,Mar 29 2003,European Championship qual in Macedonia,Macedonia,Slovakia,1464,1680,0,2,-20,20,1444,1700,98,37,-3,2,95,39,40,100,-116
10069,Mar 29 2003,African Nations Cup qualifier in Malawi,Malawi,Nigeria,1345,1745,0,1,-6,6,1339,1751,127,33,-1,0,126,33,40,100,-300
10070,Mar 29 2003,African Nations Cup qualifier in Mauritius,Mauritius,Egypt,1224,1612,0,1,-6,6,1218,1618,152,52,0,1,152,53,40,100,-288
10071,Mar 29 2003,European Championship qual in the Netherlands,Netherlands,Czechia,2057,1895,1,1,-13,13,2044,1908,1,10,0,0,1,10,40,100,262
10072,Mar 29 2003,European Championship qual in Poland,Poland,Hungary,1726,1587,0,0,-12,12,1714,1599,37,56,-1,1,36,57,40,100,239
10073,Mar 29 2003,Friendly in Portugal,Portugal,Brazil,1922,2049,2,1,11,-11,1933,2038,6,2,1,0,7,2,20,100,-27
10074,Mar 29 2003,European Championship qual in Romania,Romania,Denmark,1802,1919,2,5,-33,33,1769,1952,33,3,-6,3,27,6,40,100,-17
10075,Mar 29 2003,African Nations Cup qualifier in Rwanda,Rwanda,Uganda,1322,1392,0,0,-2,2,1320,1394,130,109,0,0,130,109,40,100,30
10076,Mar 29 2003,European Championship qual in Scotland,Scotland,Iceland,1680,1545,2,1,8,-8,1688,1537,39,68,1,-1,40,67,40,100,235
10077,Mar 29 2003,African Nations Cup qualifier in Sierra Leone,Sierra Leone,Morocco,1352,1575,0,0,7,-7,1359,1568,117,63,3,-1,120,62,40,100,-123
10078,Mar 29 2003,Friendly in South Africa,South Africa,Madagascar,1665,1424,2,0,4,-4,1669,1420,46,106,1,-2,47,104,20,100,341
10079,Mar 29 2003,Friendly in South Korea,South Korea,Colombia,1766,1861,0,0,0,0,1766,1861,26,15,2,-1,28,14,20,100,5
10080,Mar 29 2003,African Nations Cup qualifier in Sudan,Sudan,Benin,1367,1281,3,0,18,-18,1385,1263,104,145,7,-4,111,141,40,100,186
10081,Mar 29 2003,African Nations Cup qualifier in Tanzania,Tanzania,Zambia,1284,1471,0,1,-15,15,1269,1486,143,78,-4,5,139,83,40,100,-87
10082,Mar 29 2003,European Championship qual in Ukraine,Ukraine,Spain,1695,2006,2,2,11,-11,1706,1995,38,4,0,0,38,4,30,0,-311
10083,Mar 29 2003,Friendly in the United States,United States,Venezuela,1830,1608,2,0,4,-4,1834,1604,14,57,1,-1,15,56,20,100,322
10084,Mar 29 2003,European Championship qual in Wales,Wales,Azerbaijan,1669,1327,4,0,5,-5,1674,1322,41,129,3,0,44,129,20,0,342
10085,Mar 30 2003,African Nations Cup qualifier in Burundi,Burundi,Ivory Coast,1291,1570,0,1,-11,11,1280,1581,140,58,-4,1,136,59,40,100,-179
10086,Mar 30 2003,African Nations Cup qualifier in Chad,Chad,Namibia,1269,1171,2,0,15,-15,1284,1156,129,162,5,-2,134,160,40,100,198
10087,Mar 30 2003,Friendly in Chile,Chile,Peru,1592,1631,2,0,12,-12,1604,1619,54,54,2,-2,56,52,20,100,61
10088,Mar 30 2003,African Nations Cup qualifier in Eritrea,Eritrea,Mali,1178,1503,0,2,-13,13,1165,1516,159,64,-1,7,158,71,40,100,-225
10089,Mar 30 2003,African Nations Cup qualifier in Ethiopia,Ethiopia,Liberia,1283,1487,1,0,26,-26,1309,1461,127,99,4,-9,131,90,40,100,-104
10090,Mar 30 2003,African Nations Cup qualifier in The Gambia,Gambia,Senegal,1356,1763,0,0,14,-14,1370,1749,113,35,5,-2,118,33,40,100,-307
10091,Mar 30 2003,Friendly tournament in Tunisia,Ghana,Madagascar,1506,1420,3,3,-4,4,1502,1424,80,102,-3,1,77,103,30,0,86
10092,Mar 30 2003,CONCACAF Champ qual in Trinidad and Tobago,Guadeloupe,Antigua and Barbuda,1338,1098,2,0,12,-12,1350,1086,121,180,3,-3,124,177,40,0,240
10093,Mar 30 2003,African Nations Cup qualifier in Guinea,Guinea,Niger,1471,1329,2,0,12,-12,1483,1317,77,132,7,-2,84,130,40,100,242
10094,Mar 30 2003,Asian Cup qualifier in Hong Kong,Hong Kong,Bangladesh,1206,1010,2,2,-14,14,1192,1024,156,185,-1,1,155,186,40,100,296
10095,Mar 30 2003,Asian Cup qualifier in India,India,North Korea,1088,1508,1,1,15,-15,1103,1493,168,85,4,-6,172,79,40,100,-320
10096,Mar 30 2003,CONCACAF Champ qual in Jamaica,Jamaica,Haiti,1547,1478,3,0,19,-19,1566,1459,63,95,1,-4,64,91,40,100,169
10097,Mar 30 2003,African Nations Cup qualifier in Libya,Libya,Botswana,1369,1170,0,0,-14,14,1355,1184,128,153,-5,3,123,156,40,100,299
10098,Mar 30 2003,CONCACAF Champ qual in Jamaica,Martinique,Saint Lucia,1443,1291,5,4,12,-12,1455,1279,87,142,5,-5,92,137,40,0,152
10099,Mar 30 2003,African Nations Cup qualifier in Mozambique,Mozambique,Burkina Faso,1234,1413,1,0,24,-24,1258,1389,138,114,6,-4,144,110,40,100,-79
10100,Mar 30 2003,African Nations Cup qualifier in Swaziland,Swaziland,DR Congo,1251,1492,1,1,8,-8,1259,1484,140,84,3,-2,143,82,40,100,-141
10101,Mar 30 2003,CONCACAF Champ qual in Trinidad and Tobago,Trinidad and Tobago,Cuba,1479,1520,1,3,-35,35,1444,1555,104,62,-9,4,95,66,40,100,59
10102,Mar 30 2003,Friendly tournament in Tunisia,Tunisia,Cameroon,1622,1773,1,0,17,-17,1639,1756,46,37,3,-6,49,31,30,100,-51
10103,Mar 30 2003,African Nations Cup qualifier in Zimbabwe,Zimbabwe,Seychelles,1470,996,3,1,2,-2,1472,994,86,189,3,0,89,189,20,0,474
10104,Apr 2 2003,European Championship qual in Albania,Albania,Ireland,1506,1871,0,0,13,-13,1519,1858,70,15,2,-1,72,14,40,100,-265
10105,Apr 2 2003,Friendly in Belarus,Belarus,Uzbekistan,1558,1474,2,2,-5,5,1553,1479,69,82,-2,3,67,85,20,100,184
10106,Apr 2 2003,European Championship qual in Croatia,Croatia,Andorra,1811,1075,2,0,0,0,1811,1075,19,179,0,0,19,179,20,0,736
10107,Apr 2 2003,European Championship qual in Czechia,Czechia,Austria,1908,1679,4,0,10,-10,1918,1669,6,46,2,-2,8,44,40,100,329
10108,Apr 2 2003,European Championship qual in Denmark,Denmark,Bosnia and Herzegovina,1952,1511,0,2,-57,57,1895,1568,16,53,-5,10,11,63,40,100,541
10109,Apr 2 2003,European Championship qual in England,England,Turkey,1930,1888,2,0,18,-18,1948,1870,4,12,2,0,6,12,40,100,142
10110,Apr 2 2003,European Championship qual in Estonia,Estonia,Bulgaria,1443,1771,0,0,12,-12,1455,1759,86,33,6,-4,92,29,40,100,-228
10111,Apr 2 2003,European Championship qual in Italy,France,Israel,1956,1676,2,1,7,-7,1963,1669,5,45,0,-1,5,44,40,0,280
10112,Apr 2 2003,European Championship qual in Georgia,Georgia,Switzerland,1567,1729,0,0,4,-4,1571,1725,59,34,2,0,61,34,20,0,-162
10113,Apr 2 2003,Friendly in Honduras,Honduras,Paraguay,1670,1758,1,1,0,0,1670,1758,40,30,3,0,43,30,20,100,12
10114,Apr 2 2003,European Championship qual in Hungary,Hungary,Sweden,1599,1822,1,2,-13,13,1586,1835,58,12,0,3,58,15,40,100,-123
10115,Apr 2 2003,European Championship qual in Lithuania,Lithuania,Scotland,1390,1688,1,0,30,-30,1420,1658,101,56,4,-8,105,48,40,100,-198
10116,Apr 2 2003,European Championship qual in Luxembourg,Luxembourg,Norway,1099,1784,0,2,-2,2,1097,1786,174,22,0,0,174,22,40,100,-585
10117,Apr 2 2003,European Championship qual in Moldova,Moldova,Netherlands,1361,2044,1,2,-1,1,1360,2045,119,1,0,0,119,1,20,100,-583
10118,Apr 2 2003,European Championship qual in Northern Ireland,Northern Ireland,Greece,1495,1688,0,2,-22,22,1473,1710,94,36,-8,2,86,38,40,100,-93
10119,Apr 2 2003,Friendly in Peru,Peru,Chile,1619,1604,3,0,12,-12,1631,1592,50,58,1,-1,51,57,20,100,115
10120,Apr 2 2003,European Championship qual in Poland,Poland,San Marino,1714,945,5,0,1,-1,1715,944,36,192,0,0,36,192,30,0,769
10121,Apr 2 2003,Friendly in Switzerland,Portugal,Macedonia,1933,1444,1,0,1,-1,1934,1443,7,101,0,-3,7,98,20,0,489
10122,Apr 2 2003,European Championship qual in Slovakia,Slovakia,Liechtenstein,1700,1069,4,0,1,-1,1701,1068,41,180,-1,0,40,180,20,0,631
10123,Apr 2 2003,European Championship qual in Slovenia,Slovenia,Cyprus,1638,1477,4,1,13,-13,1651,1464,48,92,1,-3,49,89,40,100,261
10124,Apr 2 2003,European Championship qual in Spain,Spain,Armenia,1995,1433,3,0,2,-2,1997,1431,4,102,0,-1,4,101,30,0,562
10125,Apr 2 2003,Friendly in Ukraine,Ukraine,Latvia,1706,1475,1,0,3,-3,1709,1472,40,87,-1,0,39,87,20,100,331
10126,Apr 2 2003,Friendly in Venezuela,Venezuela,Jamaica,1604,1566,2,0,9,-9,1613,1557,54,66,1,-1,55,65,20,100,138
10127,Apr 16 2003,Friendly in South Korea,South Korea,Japan,1766,1806,0,1,-12,12,1754,1818,36,18,-5,1,31,19,20,100,60
10128,Apr 20 2003,COSAFA Cup in Zimbabwe,Zimbabwe,Angola,1472,1487,1,0,15,-15,1487,1472,71,95,8,-8,79,87,40,100,85
10129,Apr 23 2003,Asian Cup qualifier in Bhutan,Bhutan,Guam,551,620,6,0,39,-39,590,581,224,230,1,-4,225,226,40,100,31
10130,Apr 23 2003,CONCACAF Champ qual in Martinique,Martinique,Trinidad and Tobago,1455,1444,3,2,14,-14,1469,1430,86,106,3,-5,89,101,40,100,111
10131,Apr 24 2003,Friendly in France,Algeria,Madagascar,1506,1424,3,1,12,-12,1518,1412,71,109,2,-3,73,106,20,0,82
10132,Apr 25 2003,CONCACAF Champ qual in Martinique,Honduras,Trinidad and Tobago,1670,1430,2,0,12,-12,1682,1418,39,107,2,-3,41,104,40,0,240
10133,Apr 25 2003,Asian Cup qualifier in Bhutan,Mongolia,Guam,783,581,5,0,19,-19,802,562,208,226,0,0,208,226,40,0,202
10134,Apr 27 2003,Asian Cup qualifier in Bhutan,Bhutan,Mongolia,590,802,0,0,6,-6,596,796,223,208,1,0,224,208,40,100,-112
10135,Apr 27 2003,Friendly in the Faroe Islands,Faroe Islands,Kazakhstan,1253,1450,3,2,13,-13,1266,1437,135,99,6,-2,141,97,20,100,-97
10136,Apr 27 2003,Friendly in France,Mali,Madagascar,1516,1412,2,0,11,-11,1527,1401,68,108,3,-1,71,107,20,0,104
10137,Apr 27 2003,CONCACAF Champ qual in Martinique,Martinique,Honduras,1469,1682,2,4,-21,21,1448,1703,99,39,-5,1,94,40,40,100,-113
10138,Apr 29 2003,Friendly in the Faroe Islands,Faroe Islands,Kazakhstan,1266,1437,2,1,12,-12,1278,1425,137,103,2,-3,139,100,20,100,-71
10139,Apr 30 2003,European Championship qual in Andorra,Andorra,Estonia,1075,1455,0,2,-10,10,1065,1465,183,86,-2,3,181,89,40,100,-280
10140,Apr 30 2003,Friendly in Belgium,Belgium,Poland,1765,1715,3,1,9,-9,1774,1706,20,42,3,-3,23,39,20,100,150
10141,Apr 30 2003,Friendly in Bulgaria,Bulgaria,Albania,1759,1519,2,0,4,-4,1763,1515,28,75,0,-1,28,74,20,100,340
10142,Apr 30 2003,Friendly in Chile,Chile,Costa Rica,1592,1780,1,0,12,-12,1604,1768,57,29,0,-3,57,26,20,100,-88
10143,Apr 30 2003,Friendly in the United States,Colombia,Honduras,1861,1703,0,0,-4,4,1857,1707,15,36,-1,2,14,38,20,0,158
10144,Apr 30 2003,Friendly in Czechia,Czechia,Turkey,1918,1870,4,0,11,-11,1929,1859,8,14,0,-1,8,13,20,100,148
10145,Apr 30 2003,Friendly in Denmark,Denmark,Ukraine,1895,1709,1,0,3,-3,1898,1706,11,39,0,0,11,39,20,100,286
10146,Apr 30 2003,Friendly in Finland,Finland,Iceland,1667,1537,3,0,7,-7,1674,1530,41,71,3,-1,44,70,20,100,230
10147,Apr 30 2003,Friendly in France,France,Egypt,1963,1618,5,0,3,-3,1966,1615,5,55,0,-1,5,54,20,100,445
10148,Apr 30 2003,European Championship qual in Georgia,Georgia,Russia,1571,1765,1,0,25,-25,1596,1740,55,38,3,-6,58,32,40,100,-94
10149,Apr 30 2003,Friendly in Germany,Germany,Serbia and Montenegro,1909,1778,1,0,4,-4,1913,1774,9,22,0,1,9,23,20,100,231
10150,Apr 30 2003,Friendly in Hungary,Hungary,Luxembourg,1586,1097,5,1,1,-1,1587,1096,62,176,-2,-1,60,175,20,100,589
10151,Apr 30 2003,Friendly in Ireland,Ireland,Norway,1858,1786,1,0,5,-5,1863,1781,10,22,2,0,12,22,20,100,172
10152,Apr 30 2003,European Championship qual in Italy,Israel,Cyprus,1669,1464,2,0,14,-14,1683,1450,42,97,1,-4,43,93,40,0,205
10153,Apr 30 2003,European Championship qual in Latvia,Latvia,San Marino,1472,944,3,0,2,-2,1474,942,83,194,2,-1,85,193,20,0,528
10154,Apr 30 2003,Friendly in Libya,Libya,Argentina,1355,2011,1,3,-1,1,1354,2012,123,3,0,0,123,3,20,0,-656
10155,Apr 30 2003,Friendly in Liechtenstein,Liechtenstein,Saudi Arabia,1068,1671,1,0,19,-19,1087,1652,174,53,3,-5,177,48,20,0,-603
10156,Apr 30 2003,Friendly in Lithuania,Lithuania,Romania,1420,1769,0,1,-4,4,1416,1773,103,25,0,0,103,25,20,100,-249
10157,Apr 30 2003,European Championship qual in Malta,Malta,Slovenia,1242,1651,1,3,-9,9,1233,1660,151,45,-1,2,150,47,40,100,-309
10158,Apr 30 2003,Friendly in Mexico,Mexico,Brazil,1831,2038,0,0,3,-3,1834,2035,13,2,2,0,15,2,20,100,-107
10159,Apr 30 2003,Friendly in Morocco,Morocco,Ivory Coast,1568,1581,0,1,-12,12,1556,1593,69,59,-3,0,66,59,20,100,87
10160,Apr 30 2003,Friendly in the Netherlands,Netherlands,Portugal,2045,1934,1,1,-5,5,2040,1939,1,7,0,0,1,7,20,100,211
10161,Apr 30 2003,Friendly in Peru,Peru,Paraguay,1631,1758,0,1,-9,9,1622,1767,53,25,-1,2,52,27,20,100,-27
10162,Apr 30 2003,Friendly in Scotland,Scotland,Austria,1658,1669,0,2,-19,19,1639,1688,52,40,-2,2,50,42,20,100,89
10163,Apr 30 2003,Friendly in Slovakia,Slovakia,Greece,1701,1710,2,2,-3,3,1698,1713,41,34,0,2,41,36,20,100,91
10164,Apr 30 2003,Friendly in South Africa,South Africa,Jamaica,1669,1557,0,0,-5,5,1664,1562,48,65,-2,0,46,65,20,100,212
10165,Apr 30 2003,Friendly in Spain,Spain,Ecuador,1997,1725,4,0,4,-4,2001,1721,4,34,0,0,4,34,20,100,372
10166,Apr 30 2003,Friendly in Sweden,Sweden,Croatia,1835,1811,1,2,-13,13,1822,1824,23,16,-4,2,19,18,20,100,124
10167,Apr 30 2003,Friendly in Switzerland,Switzerland,Italy,1725,1896,1,2,-8,8,1717,1904,36,10,-1,0,35,10,20,100,-71
10168,Apr 30 2003,Friendly in Tunisia,Tunisia,Senegal,1639,1749,1,0,10,-10,1649,1739,48,33,1,0,49,33,20,100,-10
10169,Apr 30 2003,Friendly in Uzbekistan,Uzbekistan,Belarus,1479,1553,1,2,-11,11,1468,1564,91,61,-3,3,88,64,20,100,26
10170,Apr 30 2003,Friendly in Venezuela,Venezuela,Trinidad and Tobago,1613,1418,3,0,5,-5,1618,1413,51,106,2,-1,53,105,20,100,295
10171,May 1 2003,Friendly in Fiji,Fiji,Tuvalu,1380,752,9,0,1,-1,1381,751,113,210,0,0,113,210,20,0,628
10172,May 4 2003,African Nations Cup qualifier in Congo,Congo,Central African Republic,1383,1232,2,1,8,-8,1391,1224,108,151,2,0,110,151,40,100,251
10173,May 8 2003,Friendly in the United States,United States,Mexico,1834,1834,0,0,-3,3,1831,1837,17,15,-1,0,16,15,20,100,100
10174,May 16 2003,Friendly in Lesotho,Lesotho,Botswana,1162,1184,1,2,-12,12,1150,1196,169,152,-5,2,164,154,20,100,78
10175,May 17 2003,Friendly in Malawi,Malawi,Zambia,1339,1486,0,1,-9,9,1330,1495,127,76,0,2,127,78,20,100,-47
10176,May 21 2003,Friendly in Lesotho,Lesotho,Malawi,1150,1330,0,0,2,-2,1152,1328,162,127,1,0,163,127,20,100,-80
10177,May 21 2003,Friendly in Uganda,Uganda,Sudan,1394,1385,0,0,-3,3,1391,1388,109,112,0,0,109,112,20,100,109
10178,May 22 2003,Friendly in Norway,Norway,Finland,1781,1674,2,0,7,-7,1788,1667,22,46,0,-1,22,45,20,100,207
10179,May 22 2003,Friendly in South Africa,South Africa,England,1664,1948,1,2,-5,5,1659,1953,48,6,-1,0,47,6,20,100,-184
10180,May 24 2003,Friendly in Sudan,Sudan,Kenya,1388,1506,1,1,1,-1,1389,1505,110,76,1,0,111,76,20,100,-18
10181,May 25 2003,COSAFA Cup in Botswana,Botswana,Malawi,1196,1328,1,1,2,-2,1198,1326,154,127,0,0,154,127,40,100,-32
10182,May 25 2003,Friendly in Jamaica,Jamaica,Nigeria,1562,1751,3,2,13,-13,1575,1738,59,35,3,-2,62,33,20,100,-89
10183,May 25 2003,Friendly in Lesotho,Lesotho,Swaziland,1152,1259,2,1,10,-10,1162,1249,155,150,4,-3,159,147,20,100,-7
10184,May 25 2003,Friendly in Togo,Togo,Benin,1425,1263,3,1,5,-5,1430,1258,100,144,0,-1,100,143,20,100,262
10185,May 26 2003,Friendly in the United States,United States,Wales,1831,1674,2,0,6,-6,1837,1668,14,44,1,0,15,44,20,100,257
10186,May 27 2003,Friendly in Scotland,Scotland,New Zealand,1639,1578,1,1,-4,4,1635,1582,50,61,0,0,50,61,20,100,161
10187,May 28 2003,Friendly in Uganda,Uganda,Tanzania,1391,1269,3,1,7,-7,1398,1262,109,141,0,0,109,141,20,100,222
10188,May 29 2003,Friendly in France,Burkina Faso,Algeria,1389,1518,1,0,14,-14,1403,1504,103,79,4,-3,107,76,20,0,-129
10189,May 30 2003,Friendly tournament in Nigeria,Cameroon,Iran,1756,1712,2,1,13,-13,1769,1699,23,43,3,-3,26,40,30,0,44
10190,May 30 2003,Friendly tournament in Nigeria,Nigeria,Ghana,1738,1502,3,1,6,-6,1744,1496,29,77,2,0,31,77,20,0,236
10191,May 31 2003,Friendly in Gabon,Gabon,Angola,1401,1472,1,1,-1,1,1400,1473,112,85,-2,1,110,86,20,100,29
10192,May 31 2003,Friendly in The Gambia,Gambia,Mauritania,1370,1110,4,1,4,-4,1374,1106,116,168,1,0,117,168,20,100,360
10193,May 31 2003,Friendly in Japan,Japan,South Korea,1818,1754,0,1,-14,14,1804,1768,20,24,0,3,20,27,20,100,164
10194,May 31 2003,Friendly in Kenya,Kenya,Trinidad and Tobago,1505,1413,1,1,-5,5,1500,1418,77,101,-1,2,76,103,20,100,192
10195,May 31 2003,Friendly in Senegal,Senegal,Cape Verde,1739,1350,2,1,1,-1,1740,1349,31,128,1,-2,32,126,20,100,489
10196,May 31 2003,Friendly in Uganda,Uganda,Tanzania,1398,1262,1,0,4,-4,1402,1258,106,143,2,-1,108,142,20,100,236
10197,Jun 1 2003,Friendly in Germany,Germany,Canada,1913,1626,4,1,3,-3,1916,1623,9,51,0,0,9,51,20,100,387
10198,Jun 1 2003,Friendly tournament in Nigeria,Nigeria,Cameroon,1744,1769,3,0,21,-21,1765,1748,27,36,2,-5,29,31,30,100,75
10199,Jun 3 2003,Friendly in England,England,Serbia and Montenegro,1953,1774,2,1,3,-3,1956,1771,6,27,0,-2,6,25,20,100,279
10200,Jun 3 2003,Friendly tournament in France,Guadeloupe,French Guiana,1350,1127,1,0,7,-7,1357,1120,122,167,1,0,123,167,30,0,223
10201,Jun 3 2003,Friendly in Italy,Italy,Northern Ireland,1904,1473,2,0,1,-1,1905,1472,10,88,0,-1,10,87,20,100,531
10202,Jun 3 2003,Friendly in Uganda,Uganda,Libya,1402,1354,3,2,6,-6,1408,1348,104,129,2,-3,106,126,20,100,148
10203,Jun 6 2003,African Nations Cup qualifier in Mauritania,Mauritania,Kenya,1106,1500,0,0,14,-14,1120,1486,166,84,1,-4,167,80,40,100,-294
10204,Jun 6 2003,Friendly in Poland,Poland,Kazakhstan,1706,1425,3,0,4,-4,1710,1421,36,103,1,-1,37,102,20,100,381
10205,Jun 6 2003,Friendly in Portugal,Portugal,Paraguay,1939,1767,0,0,-7,7,1932,1774,7,18,0,5,7,23,20,100,272
10206,Jun 7 2003,European Championship qual in Belarus,Belarus,Netherlands,1564,2040,0,2,-6,6,1558,2046,65,1,0,0,65,1,40,100,-376
10207,Jun 7 2003,African Nations Cup qualifier in Botswana,Botswana,Libya,1198,1348,0,1,-17,17,1181,1365,160,114,-3,6,157,120,40,100,-50
10208,Jun 7 2003,European Championship qual in Bulgaria,Bulgaria,Belgium,1763,1774,2,2,-5,5,1758,1779,28,23,1,0,29,23,40,100,89
10209,Jun 7 2003,African Nations Cup qualifier in Burkina Faso,Burkina Faso,Mozambique,1403,1258,4,0,15,-15,1418,1243,98,154,5,-6,103,148,40,100,245
10210,Jun 7 2003,European Championship qual in Denmark,Denmark,Norway,1898,1788,1,0,9,-9,1907,1779,7,24,2,-1,9,23,40,100,210
10211,Jun 7 2003,European Championship qual in Estonia,Estonia,Andorra,1465,1065,2,0,3,-3,1468,1062,81,181,4,0,85,181,20,0,400
10212,Jun 7 2003,European Championship qual in Finland,Finland,Serbia and Montenegro,1667,1771,3,0,35,-35,1702,1736,33,42,6,-8,39,34,40,100,-4
10213,Jun 7 2003,European Championship qual in Hungary,Hungary,Latvia,1587,1474,3,1,14,-14,1601,1460,56,93,2,-4,58,89,40,100,213
10214,Jun 7 2003,European Championship qual in Iceland,Iceland,Faroe Islands,1530,1278,2,1,5,-5,1535,1273,68,139,1,0,69,139,40,100,352
10215,Jun 7 2003,European Championship qual in Ireland,Ireland,Albania,1863,1515,2,1,3,-3,1866,1512,14,75,-1,-1,13,74,40,100,448
10216,Jun 7 2003,European Championship qual in Turkey,Israel,Slovenia,1683,1660,0,0,-1,1,1682,1661,41,44,1,1,42,45,20,0,23
10217,Jun 7 2003,European Championship qual in Macedonia,Macedonia,Liechtenstein,1443,1087,3,1,4,-4,1447,1083,94,179,1,-1,95,178,40,100,456
10218,Jun 7 2003,African Nations Cup qualifier in Mali,Mali,Eritrea,1527,1165,1,0,3,-3,1530,1162,71,160,0,-1,71,159,30,0,362
10219,Jun 7 2003,European Championship qual in Malta,Malta,Cyprus,1233,1450,1,2,-14,14,1219,1464,152,81,-1,6,151,87,40,100,-117
10220,Jun 7 2003,European Championship qual in Moldova,Moldova,Austria,1360,1688,1,0,32,-32,1392,1656,101,52,9,-5,110,47,40,100,-228
10221,Jun 7 2003,African Nations Cup qualifier in Namibia,Namibia,Chad,1156,1284,2,1,22,-22,1178,1262,156,146,2,-6,158,140,40,100,-28
10222,Jun 7 2003,African Nations Cup qualifier in Niger,Niger,Guinea,1317,1483,1,0,24,-24,1341,1459,126,97,2,-7,128,90,40,100,-66
10223,Jun 7 2003,African Nations Cup qualifier in Nigeria,Nigeria,Malawi,1765,1326,4,1,3,-3,1768,1323,23,131,3,-2,26,129,20,0,439
10224,Jun 7 2003,European Championship qual in Romania,Romania,Bosnia and Herzegovina,1773,1568,2,0,9,-9,1782,1559,19,64,3,0,22,64,40,100,305
10225,Jun 7 2003,European Championship qual in San Marino,San Marino,Sweden,942,1822,0,6,-1,1,941,1823,193,19,0,0,193,19,30,100,-780
10226,Jun 7 2003,European Championship qual in Scotland,Scotland,Germany,1635,1916,1,1,10,-10,1645,1906,50,11,0,-1,50,10,30,0,-281
10227,Jun 7 2003,African Nations Cup qualifier in Senegal,Senegal,Gambia,1740,1374,3,1,4,-4,1744,1370,32,121,0,-2,32,119,40,100,466
10228,Jun 7 2003,African Nations Cup qualifier in the Seychelles,Seychelles,Zimbabwe,994,1487,2,1,36,-36,1030,1451,183,105,3,-13,186,92,40,100,-393
10229,Jun 7 2003,European Championship qual in Slovakia,Slovakia,Turkey,1698,1859,0,1,-17,17,1681,1876,45,11,-2,1,43,12,40,100,-61
10230,Jun 7 2003,European Championship qual in Spain,Spain,Greece,2001,1713,0,1,-36,36,1965,1749,6,24,-1,6,5,30,40,100,388
10231,Jun 7 2003,European Championship qual in Switzerland,Switzerland,Russia,1717,1740,2,2,-4,4,1713,1744,37,32,-1,0,36,32,40,100,77
10232,Jun 7 2003,African Nations Cup qualifier in Uganda,Uganda,Rwanda,1408,1320,0,1,-30,30,1378,1350,122,121,-8,4,114,125,40,100,188
10233,Jun 7 2003,European Championship qual in Ukraine,Ukraine,Armenia,1706,1431,4,3,4,-4,1710,1427,35,101,2,-1,37,100,40,100,375
10234,Jun 7 2003,Friendly in the United States,Venezuela,Honduras,1618,1707,2,1,13,-13,1631,1694,49,44,2,-3,51,41,20,0,-89
10235,Jun 7 2003,African Nations Cup qualifier in Zambia,Zambia,Tanzania,1495,1258,2,0,8,-8,1503,1250,75,148,1,-3,76,145,40,100,337
10236,Jun 8 2003,African Nations Cup qualifier in Benin,Benin,Sudan,1258,1389,3,0,38,-38,1296,1351,122,136,10,-12,132,124,40,100,-31
10237,Jun 8 2003,African Nations Cup qualifier in Central African Republic,Central African Republic,Congo,1224,1391,0,0,4,-4,1228,1387,150,109,0,1,150,110,20,0,-167
10238,Jun 8 2003,Friendly in Spain,Colombia,Ecuador,1857,1721,0,0,-4,4,1853,1725,14,35,0,0,14,35,20,0,136
10239,Jun 8 2003,Friendly in Costa Rica,Costa Rica,Chile,1768,1604,1,0,4,-4,1772,1600,26,59,0,-1,26,58,20,100,264
10240,Jun 8 2003,African Nations Cup qualifier in the Dem Rep of the Congo,DR Congo,Swaziland,1484,1249,2,0,8,-8,1492,1241,78,150,1,-2,79,148,40,100,335
10241,Jun 8 2003,African Nations Cup qualifier in Egypt,Egypt,Mauritius,1615,1218,7,0,5,-5,1620,1213,54,152,0,0,54,152,40,100,497
10242,Jun 8 2003,African Nations Cup qualifier in Equatorial Guinea,Equatorial Guinea,Gabon,1012,1400,2,1,34,-34,1046,1366,180,127,4,-9,184,118,40,100,-288
10243,Jun 8 2003,African Nations Cup qualifier in Ivory Coast,Ivory Coast,Burundi,1593,1280,6,1,7,-7,1600,1273,56,143,2,-4,58,139,40,100,413
10244,Jun 8 2003,Friendly tournament in Japan,Japan,Argentina,1804,2012,1,4,-18,18,1786,2030,22,3,-1,0,21,3,30,100,-108
10245,Jun 8 2003,African Nations Cup qualifier in Liberia,Liberia,Ethiopia,1461,1309,1,0,8,-8,1469,1301,82,131,3,0,85,131,40,100,252
10246,Jun 8 2003,African Nations Cup qualifier in Morocco,Morocco,Sierra Leone,1556,1359,1,0,6,-6,1562,1353,62,125,2,-2,64,123,40,100,297
10247,Jun 8 2003,Friendly in South Korea,South Korea,Uruguay,1768,1790,0,2,-18,18,1750,1808,32,19,-3,1,29,20,20,100,78
10248,Jun 8 2003,African Nations Cup qualifier in Togo,Togo,Cape Verde,1430,1349,5,2,18,-18,1448,1331,89,129,5,-1,94,128,40,100,181
10249,Jun 8 2003,Friendly in the United States,United States,New Zealand,1837,1582,2,1,2,-2,1839,1580,15,61,0,0,15,61,20,100,355
10250,Jun 10 2003,Friendly in Botswana,Botswana,Trinidad and Tobago,1181,1418,0,0,4,-4,1185,1414,155,109,1,-3,156,106,20,100,-137
10251,Jun 10 2003,Friendly in Portugal,Portugal,Bolivia,1932,1541,4,0,2,-2,1934,1539,7,68,0,0,7,68,20,100,491
10252,Jun 11 2003,European Championship qual in Austria,Austria,Belarus,1656,1558,5,0,19,-19,1675,1539,41,70,3,-2,44,68,40,100,198
10253,Jun 11 2003,European Championship qual in Azerbaijan,Azerbaijan,Serbia and Montenegro,1322,1736,2,1,34,-34,1356,1702,116,38,7,-2,123,36,40,100,-314
10254,Jun 11 2003,European Championship qual in Belgium,Belgium,Andorra,1779,1062,3,0,1,-1,1780,1061,23,181,0,0,23,181,20,0,717
10255,Jun 11 2003,European Championship qual in Czechia,Czechia,Moldova,1929,1392,5,0,2,-2,1931,1390,8,107,0,1,8,108,20,0,537
10256,Jun 11 2003,Friendly in the United States,Ecuador,Peru,1725,1622,2,2,-3,3,1722,1625,33,51,1,1,34,52,20,0,103
10257,Jun 11 2003,European Championship qual in England,England,Slovakia,1956,1681,2,1,4,-4,1960,1677,4,43,1,0,5,43,40,100,375
10258,Jun 11 2003,European Championship qual in Estonia,Estonia,Croatia,1468,1824,0,1,-7,7,1461,1831,90,18,-2,0,88,18,40,100,-256
10259,Jun 11 2003,European Championship qual in the Faroe Islands,Faroe Islands,Germany,1273,1906,0,2,-3,3,1270,1909,141,10,-1,0,140,10,40,100,-533
10260,Jun 11 2003,European Championship qual in Finland,Finland,Italy,1702,1905,0,2,-21,21,1681,1926,43,7,-2,2,41,9,40,100,-103
10261,Jun 11 2003,European Championship qual in Greece,Greece,Ukraine,1749,1710,1,0,12,-12,1761,1698,24,39,3,-1,27,38,40,100,139
10262,Jun 11 2003,Friendly in Honduras,Honduras,Chile,1694,1600,1,2,-15,15,1679,1615,43,52,-1,3,42,55,20,100,194
10263,Jun 11 2003,European Championship qual in Ireland,Ireland,Georgia,1866,1596,2,0,6,-6,1872,1590,13,60,0,0,13,60,40,100,370
10264,Jun 11 2003,Friendly tournament in Japan,Japan,Paraguay,1786,1774,0,0,-5,5,1781,1779,23,23,-1,1,22,24,30,100,112
10265,Jun 11 2003,European Championship qual in Lithuania,Lithuania,Iceland,1416,1535,0,3,-33,33,1383,1568,116,59,-6,5,110,64,40,100,-19
10266,Jun 11 2003,European Championship qual in Luxembourg,Luxembourg,Denmark,1096,1907,0,2,-1,1,1095,1908,175,13,0,-2,175,11,30,100,-711
10267,Jun 11 2003,Friendly in Nigeria,Nigeria,Brazil,1768,2035,0,3,-10,10,1758,2045,29,2,-1,0,28,2,20,100,-167
10268,Jun 11 2003,European Championship qual in Norway,Norway,Romania,1779,1782,1,1,-5,5,1774,1787,27,20,-2,1,25,21,40,100,97
10269,Jun 11 2003,European Championship qual in Northern Ireland,Northern Ireland,Spain,1472,1965,0,0,16,-16,1488,1949,76,7,4,-1,80,6,40,100,-393
10270,Jun 11 2003,European Championship qual in San Marino,San Marino,Hungary,941,1601,0,5,-3,3,938,1604,193,59,0,-1,193,58,40,100,-560
10271,Jun 11 2003,Friendly in South Korea,South Korea,Argentina,1750,2030,0,1,-5,5,1745,2035,33,3,-2,0,31,3,20,100,-180
10272,Jun 11 2003,European Championship qual in Sweden,Sweden,Poland,1823,1710,3,0,16,-16,1839,1694,11,41,4,-2,15,39,40,100,213
10273,Jun 11 2003,European Championship qual in Switzerland,Switzerland,Albania,1713,1512,3,2,6,-6,1719,1506,34,74,1,0,35,74,40,100,301
10274,Jun 11 2003,European Championship qual in Turkey,Turkey,Macedonia,1876,1447,3,2,2,-2,1878,1445,12,96,0,0,12,96,20,0,429
10275,Jun 13 2003,Friendly in Andorra,Andorra,Gabon,1061,1366,0,2,-7,7,1054,1373,181,116,0,1,181,117,20,100,-205
10276,Jun 13 2003,Friendly in Ghana,Ghana,Kenya,1496,1486,1,3,-20,20,1476,1506,89,67,-6,7,83,74,20,100,110
10277,Jun 14 2003,Friendly in Papua New Guinea,Papua New Guinea,Solomon Islands,1088,1245,3,5,-13,13,1075,1258,182,140,-3,3,179,143,20,100,-57
10278,Jun 14 2003,African Nations Cup qualifier in Senegal,Senegal,Lesotho,1744,1162,3,0,1,-1,1745,1161,30,161,1,-1,31,160,20,0,582
10279,Jun 14 2003,Friendly in South Africa,South Africa,Trinidad and Tobago,1659,1414,2,1,2,-2,1661,1412,45,105,1,0,46,105,20,100,345
10280,Jun 18 2003,Confederations Cup in France,France,Colombia,1966,1853,1,0,11,-11,1977,1842,4,14,0,0,4,14,50,100,213
10281,Jun 18 2003,Confederations Cup in France,Japan,New Zealand,1781,1580,3,0,21,-21,1802,1559,20,69,1,-4,21,65,50,0,201
10282,Jun 19 2003,Confederations Cup in France,Cameroon,Brazil,1748,2045,1,0,42,-42,1790,2003,14,4,8,-1,22,3,50,0,-297
10283,Jun 19 2003,Confederations Cup in France,Turkey,United States,1878,1839,2,1,22,-22,1900,1817,12,23,0,-4,12,19,50,0,39
10284,Jun 20 2003,African Nations Cup qualifier in Algeria,Algeria,Namibia,1504,1178,1,0,3,-3,1507,1175,72,158,2,0,74,158,20,0,326
10285,Jun 20 2003,Confederations Cup in France,Colombia,New Zealand,1842,1559,3,1,12,-12,1854,1547,14,69,0,-2,14,67,50,0,283
10286,Jun 20 2003,African Nations Cup qualifier in Egypt,Egypt,Madagascar,1620,1401,6,0,12,-12,1632,1389,48,109,3,-1,51,108,40,100,319
10287,Jun 20 2003,Confederations Cup in France,France,Japan,1977,1802,2,1,9,-9,1986,1793,4,21,0,0,4,21,50,100,275
10288,Jun 20 2003,African Nations Cup qualifier in Morocco,Morocco,Gabon,1562,1373,2,0,10,-10,1572,1363,60,121,2,-2,62,119,40,100,289
10289,Jun 21 2003,Confederations Cup in France,Brazil,United States,2003,1817,1,0,13,-13,2016,1804,3,23,0,-2,3,21,50,0,186
10290,Jun 21 2003,African Nations Cup qualifier in Burkina Faso,Burkina Faso,Congo,1418,1387,3,0,22,-22,1440,1365,93,125,5,-8,98,117,40,100,131
10291,Jun 21 2003,Confederations Cup in France,Cameroon,Turkey,1790,1900,1,0,33,-33,1823,1867,16,14,3,-1,19,13,50,0,-110
10292,Jun 21 2003,African Nations Cup qualifier in Cape Verde,Cape Verde,Mauritania,1331,1120,3,0,10,-10,1341,1110,127,169,1,-1,128,168,40,100,311
10293,Jun 21 2003,African Nations Cup qualifier in Eritrea,Eritrea,Seychelles,1162,1030,1,0,8,-8,1170,1022,159,189,0,-1,159,188,40,100,232
10294,Jun 21 2003,African Nations Cup qualifier in Ghana,Guinea,Liberia,1459,1469,2,1,21,-21,1480,1448,78,101,6,-8,84,93,40,0,-10
10295,Jun 21 2003,African Nations Cup qualifier in Nigeria,Nigeria,Angola,1758,1473,2,2,-16,16,1742,1489,37,76,-4,4,33,80,40,100,385
10296,Jun 21 2003,African Nations Cup qualifier in Zambia,Zambia,Sudan,1503,1351,1,1,-12,12,1491,1363,81,113,-2,6,79,119,40,100,252
10297,Jun 22 2003,Confederations Cup in France,Colombia,Japan,1854,1793,1,0,21,-21,1875,1772,10,30,2,-4,12,26,50,0,61
10298,Jun 22 2003,African Nations Cup qualifier in the Dem Rep of the Congo,DR Congo,Libya,1492,1365,2,1,9,-9,1501,1356,74,131,2,-7,76,124,40,100,227
10299,Jun 22 2003,African Nations Cup qualifier in Ethiopia,Ethiopia,Niger,1301,1341,2,0,25,-25,1326,1316,127,136,2,-4,129,132,30,0,-40
10300,Jun 22 2003,Confederations Cup in France,France,New Zealand,1986,1547,5,0,4,-4,1990,1543,4,67,0,0,4,67,30,0,439
10301,Jun 22 2003,African Nations Cup qualifier in Ghana,Ghana,Uganda,1476,1378,1,1,-10,10,1466,1388,89,107,-2,2,87,109,40,100,198
10302,Jun 22 2003,Friendly in the United States,Honduras,Guatemala,1679,1570,2,1,7,-7,1686,1563,38,65,2,-1,40,64,20,0,109
10303,Jun 22 2003,African Nations Cup qualifier in Mali,Mali,Zimbabwe,1530,1451,0,0,-9,9,1521,1460,73,89,-1,1,72,90,40,100,179
10304,Jun 22 2003,African Nations Cup qualifier in Mozambique,Mozambique,Central African Republic,1243,1228,1,0,14,-14,1257,1214,143,152,2,-1,145,151,30,0,15
10305,Jun 22 2003,African Nations Cup qualifier in Sierra Leone,Sierra Leone,Equatorial Guinea,1353,1046,2,0,5,-5,1358,1041,119,186,3,-1,122,185,40,100,407
10306,Jun 22 2003,African Nations Cup qualifier in South Africa,South Africa,Ivory Coast,1661,1600,2,1,11,-11,1672,1589,44,61,1,-1,45,60,40,100,161
10307,Jun 22 2003,African Nations Cup qualifier in Swaziland,Swaziland,Botswana,1241,1185,3,2,12,-12,1253,1173,146,160,1,-2,147,158,40,100,156
10308,Jun 22 2003,African Nations Cup qualifier in Tanzania,Tanzania,Benin,1250,1296,0,1,-23,23,1227,1319,152,130,-3,1,149,131,40,100,54
10309,Jun 22 2003,African Nations Cup qualifier in Togo,Togo,Kenya,1448,1506,2,0,26,-26,1474,1480,77,91,8,-8,85,83,30,0,-58
10310,Jun 23 2003,Confederations Cup in France,Brazil,Turkey,2016,1867,2,2,-10,10,2006,1877,3,10,0,2,3,12,50,0,149
10311,Jun 23 2003,Confederations Cup in France,Cameroon,United States,1823,1804,0,0,-1,1,1822,1805,19,21,0,0,19,21,20,0,19
10312,Jun 26 2003,Confederations Cup in France,Cameroon,Colombia,1822,1875,1,0,29,-29,1851,1846,9,17,5,-2,14,15,50,0,-53
10313,Jun 26 2003,Confederations Cup in France,France,Turkey,1990,1877,3,2,11,-11,2001,1866,4,14,0,-1,4,13,50,100,213
10314,Jun 26 2003,Friendly in the United States,Peru,Venezuela,1625,1631,1,0,10,-10,1635,1621,49,56,2,-2,51,54,20,0,-6
10315,Jun 27 2003,Friendly in Panama,Panama,Cuba,1378,1555,2,0,18,-18,1396,1537,102,72,5,-3,107,69,20,100,-77
10316,Jun 28 2003,Confederations Cup in France,Turkey,Colombia,1866,1846,2,1,24,-24,1890,1822,11,23,1,-4,12,19,50,0,20
10317,Jun 29 2003,Confederations Cup in France,France,Cameroon,2001,1851,1,0,10,-10,2011,1841,2,14,1,0,3,14,50,100,250
10318,Jun 29 2003,Friendly in Honduras,Honduras,El Salvador,1686,1515,1,1,-7,7,1679,1522,44,71,-2,1,42,72,20,100,271
10319,Jun 29 2003,Friendly in Panama,Panama,Cuba,1396,1537,1,0,11,-11,1407,1526,105,71,1,-1,106,70,20,100,-41
10320,Jun 30 2003,South Pacific Games in Fiji,Fiji,Vanuatu,1381,1151,0,0,-15,15,1366,1166,120,156,-4,4,116,160,40,100,330
10321,Jun 30 2003,Island Games in the United Kingdom,Gibraltar,Greenland,1052,1008,2,0,26,-26,1078,982,174,189,4,0,178,189,40,0,44
10322,Jun 30 2003,South Pacific Games in Fiji,New Caledonia,Papua New Guinea,1097,1075,2,0,28,-28,1125,1047,160,187,7,-4,167,183,40,0,22
10323,Jun 30 2003,South Pacific Games in Fiji,Tahiti,FS Micronesia,1374,618,17,0,2,-2,1376,616,111,222,2,0,113,222,40,0,756
10324,Jun 30 2003,South Pacific Games in Fiji,Tuvalu,Kiribati,751,599,3,2,12,-12,763,587,210,227,0,-2,210,225,40,0,152
10325,Jul 1 2003,South Pacific Games in Fiji,Fiji,Tuvalu,1366,763,4,0,1,-1,1367,762,116,210,0,0,116,210,20,0,603
10326,Jul 1 2003,South Pacific Games in Fiji,New Caledonia,FS Micronesia,1125,616,18,0,7,-7,1132,609,165,222,1,0,166,222,40,0,509
10327,Jul 1 2003,South Pacific Games in Fiji,Papua New Guinea,Tonga,1047,660,2,2,-16,16,1031,676,189,218,-3,1,186,219,40,0,387
10328,Jul 1 2003,South Pacific Games in Fiji,Solomon Islands,Vanuatu,1258,1166,2,2,-5,5,1253,1171,149,158,-3,1,146,159,20,100,192
10329,Jul 2 2003,Friendly in the United States,Paraguay,El Salvador,1779,1522,1,0,4,-4,1783,1518,22,74,1,-1,23,73,20,0,257
10330,Jul 2 2003,Friendly in the United States,Peru,Guatemala,1635,1563,2,1,8,-8,1643,1555,51,66,0,-1,51,65,20,0,72
10331,Jul 3 2003,Baltic Cup in Estonia,Estonia,Lithuania,1461,1383,1,5,-41,41,1420,1424,119,91,-15,10,104,101,30,100,178
10332,Jul 3 2003,South Pacific Games in Fiji,New Caledonia,Tonga,1132,676,4,0,5,-5,1137,671,166,221,0,-1,166,220,40,0,456
10333,Jul 3 2003,South Pacific Games in Fiji,Solomon Islands,Kiribati,1253,587,7,0,2,-2,1255,585,146,225,0,0,146,225,40,0,666
10334,Jul 3 2003,South Pacific Games in Fiji,Tahiti,Papua New Guinea,1376,1031,3,0,8,-8,1384,1023,111,188,1,-1,112,187,40,0,345
10335,Jul 3 2003,Friendly in Trinidad and Tobago,Trinidad and Tobago,Venezuela,1412,1621,2,2,3,-3,1415,1618,107,54,-1,0,106,54,20,100,-109
10336,Jul 3 2003,South Pacific Games in Fiji,Vanuatu,Tuvalu,1171,762,1,0,3,-3,1174,759,157,210,1,0,158,210,30,0,409
10337,Jul 4 2003,Baltic Cup in Estonia,Latvia,Lithuania,1460,1424,2,1,13,-13,1473,1411,83,111,3,-5,86,106,30,0,36
10338,Jul 5 2003,African Nations Cup qualifier in Botswana,Botswana,DR Congo,1173,1501,0,0,12,-12,1185,1489,155,80,2,-2,157,78,40,100,-228
10339,Jul 5 2003,Baltic Cup in Estonia,Estonia,Latvia,1420,1473,0,0,-2,2,1418,1475,103,84,0,1,103,85,30,100,47
10340,Jul 5 2003,South Pacific Games in Fiji,Fiji,Kiribati,1367,585,12,0,1,-1,1368,584,114,223,1,1,115,224,20,0,782
10341,Jul 5 2003,African Nations Cup qualifier in Kenya,Kenya,Cape Verde,1480,1341,1,0,8,-8,1488,1333,77,128,3,0,80,128,40,100,239
10342,Jul 5 2003,African Nations Cup qualifier in Libya,Libya,Swaziland,1356,1253,6,2,18,-18,1374,1235,102,151,11,-2,113,149,40,100,203
10343,Jul 5 2003,African Nations Cup qualifier in Madagascar,Madagascar,Mauritius,1389,1213,0,2,-50,50,1339,1263,142,130,-16,11,126,141,40,100,276
10344,Jul 5 2003,African Nations Cup qualifier in Mauritania,Mauritania,Togo,1110,1474,0,0,13,-13,1123,1461,167,95,1,-5,168,90,40,100,-264
10345,Jul 5 2003,South Pacific Games in Fiji,New Caledonia,Tahiti,1137,1384,4,0,60,-60,1197,1324,142,148,12,-18,154,130,40,0,-247
10346,Jul 5 2003,African Nations Cup qualifier in Niger,Niger,Liberia,1316,1448,1,0,22,-22,1338,1426,122,107,5,-7,127,100,40,100,-32
10347,Jul 5 2003,African Nations Cup qualifier in the Seychelles,Seychelles,Mali,1022,1521,0,2,-5,5,1017,1526,188,68,0,2,188,70,40,100,-399
10348,Jul 5 2003,South Pacific Games in Fiji,Solomon Islands,Tuvalu,1255,759,4,0,4,-4,1259,755,142,210,2,0,144,210,40,0,496
10349,Jul 5 2003,South Pacific Games in Fiji,Tonga,FS Micronesia,671,609,7,0,37,-37,708,572,204,228,8,-3,212,225,40,0,62
10350,Jul 5 2003,African Nations Cup qualifier in Zimbabwe,Zimbabwe,Eritrea,1460,1170,2,0,6,-6,1466,1164,84,162,3,-1,87,161,40,100,390
10351,Jul 6 2003,African Nations Cup qualifier in Angola,Angola,Malawi,1489,1323,5,1,13,-13,1502,1310,72,133,3,-1,75,132,40,100,266
10352,Jul 6 2003,African Nations Cup qualifier in Benin,Benin,Zambia,1319,1491,3,0,42,-42,1361,1449,104,107,14,-15,118,92,40,100,-72
10353,Jul 6 2003,African Nations Cup qualifier in Burundi,Burundi,South Africa,1273,1672,0,2,-9,9,1264,1681,145,37,-3,4,142,41,40,100,-299
10354,Jul 6 2003,African Nations Cup qualifier in Chad,Chad,Algeria,1262,1507,0,0,8,-8,1270,1499,136,78,3,-2,139,76,40,100,-145
10355,Jul 6 2003,African Nations Cup qualifier in Central African Republic,Central African Republic,Burkina Faso,1214,1440,0,3,-23,23,1191,1463,160,80,-4,8,156,88,40,100,-126
10356,Jul 6 2003,African Nations Cup qualifier in Congo,Congo,Mozambique,1365,1257,0,0,-11,11,1354,1268,130,136,-7,5,123,141,40,100,208
10357,Jul 6 2003,Friendly in the United States,El Salvador,Mexico,1518,1837,2,1,17,-17,1535,1820,67,22,3,-3,70,19,20,0,-319
10358,Jul 6 2003,African Nations Cup qualifier in Equatorial Guinea,Equatorial Guinea,Morocco,1041,1572,0,1,-3,3,1038,1575,184,60,0,1,184,61,40,100,-431
10359,Jul 6 2003,African Nations Cup qualifier in Gabon,Gabon,Sierra Leone,1363,1358,2,0,21,-21,1384,1337,105,135,6,-7,111,128,40,100,105
10360,Jul 6 2003,African Nations Cup qualifier in Guinea,Guinea,Ethiopia,1480,1326,3,0,13,-13,1493,1313,70,133,7,-2,77,131,40,100,254
10361,Jul 6 2003,Friendly in Jamaica,Jamaica,Cuba,1575,1526,1,2,-14,14,1561,1540,65,64,-2,3,63,67,20,100,149
10362,Jul 6 2003,African Nations Cup qualifier in Lesotho,Lesotho,Gambia,1161,1370,1,0,26,-26,1187,1344,152,136,5,-11,157,125,40,100,-109
10363,Jul 6 2003,African Nations Cup qualifier in Rwanda,Rwanda,Ghana,1350,1466,1,0,21,-21,1371,1445,106,101,9,-7,115,94,40,100,-16
10364,Jul 6 2003,Friendly in the United States,United States,Paraguay,1805,1783,2,0,10,-10,1815,1773,19,27,1,-2,20,25,20,100,122
10365,Jul 7 2003,South Pacific Games in Fiji,Fiji,Solomon Islands,1368,1259,2,1,9,-9,1377,1250,110,149,3,-2,113,147,40,100,209
10366,Jul 7 2003,South Pacific Games in Fiji,Papua New Guinea,FS Micronesia,1023,572,10,0,7,-7,1030,565,185,225,1,0,186,225,40,0,451
10367,Jul 7 2003,South Pacific Games in Fiji,Tahiti,Tonga,1324,708,4,0,2,-2,1326,706,130,212,0,0,130,212,30,0,616
10368,Jul 7 2003,South Pacific Games in Fiji,Vanuatu,Kiribati,1174,584,18,0,5,-5,1179,579,159,224,1,0,160,224,40,0,590
10369,Jul 8 2003,Friendly in the United States,Guatemala,El Salvador,1555,1535,2,1,9,-9,1564,1526,61,72,2,-1,63,71,20,0,20
10370,Jul 9 2003,South Pacific Games in Fiji,Fiji,Tahiti,1377,1326,2,1,12,-12,1389,1314,107,130,3,0,110,130,40,100,151
10371,Jul 9 2003,Friendly in Jamaica,Jamaica,Paraguay,1561,1773,2,0,20,-20,1581,1753,58,33,3,-4,61,29,20,100,-112
10372,Jul 9 2003,South Pacific Games in Fiji,New Caledonia,Vanuatu,1197,1179,1,1,-1,1,1196,1180,153,160,0,0,153,160,20,0,18
10373,Jul 11 2003,South Pacific Games in Fiji,Fiji,New Caledonia,1389,1196,2,0,9,-9,1398,1187,108,161,1,-4,109,157,40,100,293
10374,Jul 11 2003,South Pacific Games in Fiji,Vanuatu,Tahiti,1180,1314,1,0,27,-27,1207,1287,146,136,7,-3,153,133,40,0,-134
10375,Jul 12 2003,CONCACAF Championship in the United States,Canada,Costa Rica,1623,1772,1,0,35,-35,1658,1737,43,41,5,-8,48,33,50,0,-149
10376,Jul 12 2003,CONCACAF Championship in the United States,United States,El Salvador,1815,1526,2,0,7,-7,1822,1519,16,75,2,-2,18,73,30,0,289
10377,Jul 13 2003,CONCACAF Championship in the United States,Colombia,Jamaica,1822,1581,1,0,10,-10,1832,1571,16,63,1,-1,17,62,50,0,241
10378,Jul 13 2003,CONCACAF Championship in Mexico,Mexico,Brazil,1820,2006,1,0,31,-31,1851,1975,8,4,6,0,14,4,50,100,-86
10379,Jul 13 2003,COSAFA Cup in Swaziland,Swaziland,Madagascar,1235,1339,2,0,30,-30,1265,1309,135,136,7,-5,142,131,40,100,-4
10380,Jul 14 2003,CONCACAF Championship in the United States,Cuba,Canada,1540,1658,2,0,50,-50,1590,1608,51,64,8,-8,59,56,50,0,-118
10381,Jul 14 2003,CONCACAF Championship in the United States,United States,Martinique,1822,1448,2,0,5,-5,1827,1443,20,99,0,-3,20,96,30,0,374
10382,Jul 15 2003,CONCACAF Championship in Mexico,Brazil,Honduras,1975,1679,2,1,8,-8,1983,1671,4,47,0,-2,4,45,50,0,296
10383,Jul 15 2003,CONCACAF Championship in the United States,Jamaica,Guatemala,1571,1564,2,0,37,-37,1608,1527,49,75,7,-5,56,70,50,0,7
10384,Jul 16 2003,Friendly in Argentina,Argentina,Uruguay,2035,1808,2,2,-7,7,2028,1815,2,21,0,0,2,21,20,100,327
10385,Jul 16 2003,CONCACAF Championship in the United States,Costa Rica,Cuba,1737,1590,3,0,26,-26,1763,1564,19,68,7,-4,26,64,50,0,147
10386,Jul 16 2003,CONCACAF Championship in the United States,El Salvador,Martinique,1519,1443,1,0,20,-20,1539,1423,61,104,6,-4,67,100,50,0,76
10387,Jul 17 2003,CONCACAF Championship in the United States,Colombia,Guatemala,1832,1527,1,1,-18,18,1814,1545,25,61,-4,5,21,66,50,0,305
10388,Jul 17 2003,CONCACAF Championship in Mexico,Mexico,Honduras,1851,1671,0,0,-17,17,1834,1688,18,35,-2,5,16,40,50,100,280
10389,Jul 19 2003,CONCACAF Championship in the United States,Brazil,Colombia,1983,1814,2,0,21,-21,2004,1793,4,21,0,0,4,21,50,0,169
10390,Jul 19 2003,CONCACAF Championship in the United States,Costa Rica,El Salvador,1763,1539,5,2,19,-19,1782,1520,20,78,3,-5,23,73,50,0,224
10391,Jul 19 2003,COSAFA Cup in South Africa,South Africa,Zimbabwe,1681,1466,0,1,-34,34,1647,1500,56,66,-7,10,49,76,40,100,315
10392,Jul 19 2003,CONCACAF Championship in the United States,United States,Cuba,1827,1564,5,0,11,-11,1838,1553,13,66,3,-1,16,65,30,0,263
10393,Jul 20 2003,CONCACAF Championship in Mexico,Mexico,Jamaica,1834,1608,5,0,13,-13,1847,1595,11,62,3,-3,14,59,30,0,226
10394,Jul 23 2003,CONCACAF Championship in the United States,United States,Brazil,1838,2004,1,2,-20,20,1818,2024,21,2,-2,1,19,3,50,100,-66
10395,Jul 24 2003,CONCACAF Championship in Mexico,Mexico,Costa Rica,1847,1782,2,0,21,-21,1868,1761,14,29,0,-3,14,26,50,100,165
10396,Jul 24 2003,Friendly in Peru,Peru,Uruguay,1643,1815,3,4,-8,8,1635,1823,51,18,0,1,51,19,20,100,-72
10397,Jul 26 2003,Friendly in England,Nigeria,Venezuela,1742,1618,1,0,7,-7,1749,1611,25,57,4,-2,29,55,20,0,124
10398,Jul 26 2003,CONCACAF Championship in the United States,United States,Costa Rica,1818,1761,3,2,14,-14,1832,1747,14,34,3,-4,17,30,50,100,157
10399,Jul 27 2003,CONCACAF Championship in Mexico,Mexico,Brazil,1868,2024,1,0,29,-29,1897,1995,10,5,2,-1,12,4,50,100,-56
10400,Jul 27 2003,COSAFA Cup in Zambia,Zambia,Mozambique,1449,1268,4,2,10,-10,1459,1258,88,149,2,-4,90,145,40,100,281
10401,Jul 29 2003,Friendly tournament in Saint Kitts and Nevis,Saint Kitts and Nevis,Haiti,1376,1459,1,0,14,-14,1390,1445,106,94,4,-2,110,92,30,100,17
10402,Jul 30 2003,Friendly in Uruguay,Uruguay,Peru,1823,1635,1,0,3,-3,1826,1632,20,51,0,0,20,51,20,100,288
10403,Jul 31 2003,Friendly tournament in Saint Kitts and Nevis,Haiti,Trinidad and Tobago,1445,1415,2,0,21,-21,1466,1394,82,113,5,-4,87,109,30,0,30
10404,Aug 2 2003,Friendly tournament in Saint Kitts and Nevis,Saint Kitts and Nevis,Trinidad and Tobago,1390,1394,1,2,-19,19,1371,1413,120,101,-5,4,115,105,30,100,96
10405,Aug 4 2003,Friendly in Singapore,Singapore,Hong Kong,1195,1192,4,1,12,-12,1207,1180,152,165,1,-5,153,160,20,100,103
10406,Aug 13 2003,Friendly tournament in Iran,Iran,Iraq,1699,1608,0,1,-23,23,1676,1631,49,50,-6,3,43,53,30,100,191
10407,Aug 13 2003,Friendly tournament in Iran,Uruguay,Cameroon,1826,1841,4,0,29,-29,1855,1812,10,25,5,-5,15,20,30,0,-15
10408,Aug 15 2003,Friendly tournament in Iran,Iran,Cameroon,1676,1812,4,1,29,-29,1705,1783,29,24,7,-2,36,22,30,100,-36
10409,Aug 15 2003,Friendly tournament in Iran,Uruguay,Iraq,1855,1631,5,2,11,-11,1866,1620,15,53,0,0,15,53,30,0,224
10410,Aug 16 2003,COSAFA Cup in Malawi,Malawi,Zambia,1310,1459,1,1,3,-3,1313,1456,128,91,1,0,129,91,40,100,-49
10411,Aug 16 2003,Friendly in Réunion,Réunion,Mayotte,1279,1212,1,1,-4,4,1275,1216,140,152,-2,0,138,152,20,100,167
10412,Aug 19 2003,Friendly in Ireland,Ireland,Australia,1872,1830,2,1,6,-6,1878,1824,14,19,0,0,14,19,20,100,142
10413,Aug 19 2003,Friendly in Luxembourg,Luxembourg,Malta,1095,1219,1,1,1,-1,1096,1218,175,151,0,0,175,151,20,100,-24
10414,Aug 20 2003,Friendly in Angola,Angola,DR Congo,1502,1489,0,2,-20,20,1482,1509,93,68,-9,6,84,74,20,100,113
10415,Aug 20 2003,Friendly in Italy,Argentina,Uruguay,2028,1866,3,2,6,-6,2034,1860,2,15,0,0,2,15,20,0,162
10416,Aug 20 2003,Friendly in Austria,Austria,Costa Rica,1675,1747,2,0,14,-14,1689,1733,36,34,4,-2,40,32,20,100,28
10417,Aug 20 2003,Friendly in Belarus,Belarus,Iran,1539,1705,2,1,12,-12,1551,1693,64,42,2,-3,66,39,20,100,-66
10418,Aug 20 2003,Friendly in Belgium,Belgium,Netherlands,1780,2046,1,1,4,-4,1784,2042,21,1,1,0,22,1,20,100,-166
10419,Aug 20 2003,Friendly in Bulgaria,Bulgaria,Lithuania,1758,1411,3,0,2,-2,1760,1409,27,106,0,0,27,106,20,100,447
10420,Aug 20 2003,Friendly in China,China,Chile,1614,1615,0,0,-3,3,1611,1618,57,54,-1,0,56,54,20,100,99
10421,Aug 20 2003,Friendly in the United States,Colombia,Slovakia,1793,1677,0,0,-3,3,1790,1680,22,45,-1,-1,21,44,20,0,116
10422,Aug 20 2003,Friendly in Denmark,Denmark,Finland,1908,1681,1,1,-7,7,1901,1688,9,40,1,1,10,41,20,100,327
10423,Aug 20 2003,Friendly in Ecuador,Ecuador,Guatemala,1722,1545,2,0,5,-5,1727,1540,34,70,0,-2,34,68,20,100,277
10424,Aug 20 2003,Friendly in England,England,Croatia,1960,1831,3,1,6,-6,1966,1825,5,16,0,1,5,17,20,100,229
10425,Aug 20 2003,Friendly in Estonia,Estonia,Poland,1418,1694,1,2,-5,5,1413,1699,105,35,-1,2,104,37,20,100,-176
10426,Aug 20 2003,European Championship qual in the Faroe Islands,Faroe Islands,Iceland,1270,1568,1,2,-10,10,1260,1578,147,61,-4,1,143,62,40,100,-198
10427,Aug 20 2003,Friendly in Germany,Germany,Italy,1909,1926,0,1,-12,12,1897,1938,12,5,-1,2,11,7,20,100,83
10428,Aug 20 2003,Friendly in Japan,Japan,Nigeria,1772,1749,3,0,12,-12,1784,1737,19,33,3,-2,22,31,20,100,123
10429,Aug 20 2003,Friendly in Latvia,Latvia,Uzbekistan,1475,1468,0,3,-23,23,1452,1491,99,74,-7,6,92,80,20,100,107
10430,Aug 20 2003,Friendly in Liechtenstein,Liechtenstein,San Marino,1083,938,2,2,-6,6,1077,944,181,191,-2,1,179,192,20,100,245
10431,Aug 20 2003,Friendly in Macedonia,Macedonia,Albania,1445,1506,3,1,13,-13,1458,1493,87,82,3,-4,90,78,20,100,39
10432,Aug 20 2003,Friendly in Norway,Norway,Scotland,1774,1645,0,0,-6,6,1768,1651,28,48,-2,1,26,49,20,100,229
10433,Aug 20 2003,Friendly in Panama,Panama,Paraguay,1407,1753,1,2,-4,4,1403,1757,109,28,-1,0,108,28,20,100,-246
10434,Aug 20 2003,Friendly in the United States,Peru,Mexico,1632,1897,3,1,25,-25,1657,1872,41,16,5,-2,46,14,20,0,-265
10435,Aug 20 2003,Friendly in Portugal,Portugal,Kazakhstan,1934,1421,1,0,1,-1,1935,1420,9,102,-1,0,8,102,20,0,513
10436,Aug 20 2003,Friendly in Russia,Russia,Israel,1744,1682,1,2,-14,14,1730,1696,33,35,0,3,33,38,20,100,162
10437,Aug 20 2003,European Championship qual in Serbia and Montenegro,Serbia and Montenegro,Wales,1702,1668,1,0,13,-13,1715,1655,33,49,2,-2,35,47,40,100,134
10438,Aug 20 2003,Friendly in Slovenia,Slovenia,Hungary,1661,1604,2,1,6,-6,1667,1598,44,58,1,0,45,58,20,100,157
10439,Aug 20 2003,Friendly in Sweden,Sweden,Greece,1839,1761,1,2,-15,15,1824,1776,20,24,-2,1,18,25,20,100,178
10440,Aug 20 2003,Friendly in Switzerland,Switzerland,France,1719,2011,0,2,-7,7,1712,2018,37,3,-1,0,36,3,20,100,-192
10441,Aug 20 2003,Friendly in Tunisia,Tunisia,Guinea,1649,1493,0,0,-6,6,1643,1499,54,74,-3,2,51,76,20,100,256
10442,Aug 20 2003,Friendly in Turkey,Turkey,Moldova,1890,1390,2,0,1,-1,1891,1389,11,110,1,0,12,110,20,100,600
10443,Aug 20 2003,Friendly in Ukraine,Ukraine,Romania,1698,1787,0,2,-15,15,1683,1802,48,19,-5,1,43,20,20,100,11
10444,Aug 20 2003,Friendly in Venezuela,Venezuela,Haiti,1611,1466,3,2,4,-4,1615,1462,54,89,1,-1,55,88,20,100,245
10445,Aug 22 2003,Friendly in Lebanon,Lebanon,Syria,1359,1407,1,0,9,-9,1368,1398,115,109,2,-1,117,108,20,100,52
10446,Aug 26 2003,Friendly in Jordan,Jordan,Iraq,1526,1620,2,1,10,-10,1536,1610,69,59,1,-3,70,56,20,100,6
10447,Aug 27 2003,Friendly in Peru,Peru,Guatemala,1657,1540,0,0,-6,6,1651,1546,50,66,-2,1,48,67,20,100,217
10448,Aug 28 2003,Indian Ocean Games in Mauritius,Madagascar,Seychelles,1309,1017,1,1,-10,10,1299,1027,131,186,0,1,131,187,30,0,292
10449,Aug 30 2003,Indian Ocean Games in Mauritius,Mauritius,Madagascar,1263,1299,3,1,18,-18,1281,1281,126,137,8,-3,134,134,30,100,64
10450,Aug 30 2003,Indian Ocean Games in Mauritius,Réunion,Comoros,1275,847,1,0,2,-2,1277,845,138,206,0,0,138,206,20,0,428
10451,Aug 30 2003,COSAFA Cup in Zimbabwe,Zimbabwe,Swaziland,1500,1265,2,0,8,-8,1508,1257,75,152,0,-6,75,146,40,100,335
10452,Aug 31 2003,Friendly in Bolivia,Bolivia,Panama,1539,1403,3,0,7,-7,1546,1396,65,111,2,-2,67,109,20,100,236
10453,Aug 31 2003,Friendly in the United States,Haiti,China,1462,1611,4,3,14,-14,1476,1597,84,61,2,-3,86,58,20,0,-149
10454,Sep 2 2003,Indian Ocean Games in Mauritius,Mauritius,Seychelles,1281,1027,0,0,-12,12,1269,1039,146,181,-6,3,140,184,30,100,354
10455,Sep 2 2003,Indian Ocean Games in Mauritius,Réunion,Comoros,1277,845,4,0,4,-4,1281,841,130,206,4,0,134,206,30,0,432
10456,Sep 4 2003,Friendly in France,Algeria,Qatar,1499,1534,1,0,11,-11,1510,1523,72,73,2,-1,74,72,20,0,-35
10457,Sep 4 2003,Indian Ocean Games in Mauritius,Mauritius,Comoros,1269,841,5,0,3,-3,1272,838,138,206,1,0,139,206,20,0,428
10458,Sep 4 2003,Asian Cup qualifier in North Korea,North Korea,Lebanon,1493,1368,0,1,-31,31,1462,1399,98,97,-10,10,88,107,40,100,225
10459,Sep 4 2003,Indian Ocean Games in Mauritius,Réunion,Seychelles,1281,1039,1,0,6,-6,1287,1033,130,188,2,-2,132,186,30,0,242
10460,Sep 4 2003,Asian Cup qualifier in Singapore,Singapore,Kuwait,1207,1484,1,3,-16,16,1191,1500,155,71,-1,6,154,77,40,100,-177
10461,Sep 5 2003,Asian Cup qualifier in Iran,Iran,Jordan,1693,1536,4,1,13,-13,1706,1523,35,72,2,-1,37,71,40,100,257
10462,Sep 6 2003,European Championship qual in Andorra,Andorra,Croatia,1054,1825,0,3,-1,1,1053,1826,181,17,0,0,181,17,20,100,-671
10463,Sep 6 2003,World Cup qualifier in Argentina,Argentina,Chile,2034,1618,2,2,-18,18,2016,1636,4,51,-1,1,3,52,40,100,516
10464,Sep 6 2003,European Championship qual in Armenia,Armenia,Greece,1427,1776,0,1,-8,8,1419,1784,106,19,-4,3,102,22,40,100,-249
10465,Sep 6 2003,European Championship qual in Azerbaijan,Azerbaijan,Finland,1356,1688,1,2,-8,8,1348,1696,126,37,-2,2,124,39,40,100,-232
10466,Sep 6 2003,European Championship qual in Belarus,Belarus,Czechia,1551,1931,1,3,-10,10,1541,1941,72,7,-3,1,69,8,40,100,-280
10467,Sep 6 2003,European Championship qual in Bosnia and Herzegovina,Bosnia and Herzegovina,Norway,1559,1768,1,0,26,-26,1585,1742,62,32,1,-3,63,29,40,100,-109
10468,Sep 6 2003,European Championship qual in Bulgaria,Bulgaria,Estonia,1760,1413,2,0,4,-4,1764,1409,25,106,1,-1,26,105,20,0,347
10469,Sep 6 2003,World Cup qualifier in Ecuador,Ecuador,Venezuela,1727,1615,2,0,14,-14,1741,1601,28,60,3,-3,31,57,40,100,212
10470,Sep 6 2003,European Championship qual in France,France,Cyprus,2018,1464,5,0,2,-2,2020,1462,1,88,1,-1,2,87,20,0,554
10471,Sep 6 2003,European Championship qual in Georgia,Georgia,Albania,1590,1493,3,0,17,-17,1607,1476,52,89,4,-5,56,84,40,100,197
10472,Sep 6 2003,European Championship qual in Iceland,Iceland,Germany,1578,1897,0,0,11,-11,1589,1886,60,13,1,-1,61,12,30,0,-319
10473,Sep 6 2003,European Championship qual in Ireland,Ireland,Russia,1878,1730,1,1,-12,12,1866,1742,15,25,-1,4,14,29,40,100,248
10474,Sep 6 2003,European Championship qual in Italy,Italy,Wales,1938,1655,4,0,7,-7,1945,1648,7,52,0,-3,7,49,40,100,383
10475,Sep 6 2003,European Championship qual in Latvia,Latvia,Poland,1452,1699,0,2,-18,18,1434,1717,100,32,-4,3,96,35,40,100,-147
10476,Sep 6 2003,European Championship qual in Liechtenstein,Liechtenstein,Turkey,1077,1891,0,3,-1,1,1076,1892,179,10,0,1,179,11,20,100,-714
10477,Sep 6 2003,European Championship qual in Macedonia,Macedonia,England,1458,1966,1,2,-3,3,1455,1969,92,7,-1,-1,91,6,30,100,-408
10478,Sep 6 2003,Indian Ocean Games in Mauritius,Mauritius,Réunion,1272,1287,2,1,11,-11,1283,1276,129,144,5,-6,134,138,30,100,85
10479,Sep 6 2003,European Championship qual in the Netherlands,Netherlands,Austria,2042,1689,3,1,4,-4,2046,1685,1,46,0,-3,1,43,40,100,453
10480,Sep 6 2003,World Cup qualifier in Peru,Peru,Paraguay,1651,1757,4,1,36,-36,1687,1721,36,40,6,-6,42,34,40,100,-6
10481,Sep 6 2003,Friendly in Portugal,Portugal,Spain,1935,1949,0,3,-22,22,1913,1971,10,4,-1,1,9,5,20,100,86
10482,Sep 6 2003,European Championship qual in Romania,Romania,Luxembourg,1802,1096,4,0,1,-1,1803,1095,20,175,0,0,20,175,20,0,706
10483,Sep 6 2003,European Championship qual in Scotland,Scotland,Faroe Islands,1651,1260,3,1,3,-3,1654,1257,46,148,1,-3,47,145,20,0,391
10484,Sep 6 2003,Indian Ocean Games in Mauritius,Seychelles,Comoros,1033,838,2,0,11,-11,1044,827,180,206,3,0,183,206,30,0,195
10485,Sep 6 2003,European Championship qual in Slovenia,Slovenia,Israel,1667,1696,3,1,24,-24,1691,1672,35,51,5,-6,40,45,30,0,-29
10486,Sep 6 2003,Friendly in Swaziland,Swaziland,Botswana,1257,1185,0,3,-26,26,1231,1211,152,148,-3,5,149,153,20,100,172
10487,Sep 6 2003,European Championship qual in Sweden,Sweden,San Marino,1824,944,5,0,0,0,1824,944,18,192,0,0,18,192,20,0,880
10488,Sep 6 2003,European Championship qual in Ukraine,Ukraine,Northern Ireland,1683,1488,0,0,-14,14,1669,1502,49,73,-3,4,46,77,40,100,295
10489,Sep 7 2003,Friendly in Angola,Angola,Namibia,1482,1175,2,0,3,-3,1485,1172,82,161,0,0,82,161,20,100,407
10490,Sep 7 2003,Friendly in England,Australia,Jamaica,1824,1595,2,1,4,-4,1828,1591,16,58,1,1,17,59,20,0,229
10491,Sep 7 2003,World Cup qualifier in Colombia,Colombia,Brazil,1790,1995,1,2,-14,14,1776,2009,29,4,-4,0,25,4,40,100,-105
10492,Sep 7 2003,Friendly in the United States,Costa Rica,China,1733,1597,2,0,9,-9,1742,1588,25,65,4,-3,29,62,20,0,136
10493,Sep 7 2003,World Cup qualifier in Uruguay,Uruguay,Bolivia,1860,1546,5,0,7,-7,1867,1539,13,72,1,-3,14,69,40,100,414
10494,Sep 9 2003,World Cup qualifier in Chile,Chile,Peru,1636,1687,2,1,17,-17,1653,1670,44,48,4,-3,48,45,30,0,-51
10495,Sep 9 2003,Friendly in Ireland,Ireland,Turkey,1866,1892,2,2,-2,2,1864,1894,15,11,0,0,15,11,20,100,74
10496,Sep 9 2003,World Cup qualifier in Venezuela,Venezuela,Argentina,1601,2016,0,3,-10,10,1591,2026,59,1,-1,1,58,2,40,100,-315
10497,Sep 10 2003,European Championship qual in Albania,Albania,Georgia,1476,1607,3,1,33,-33,1509,1574,66,72,9,-8,75,64,40,100,-31
10498,Sep 10 2003,European Championship qual in Andorra,Andorra,Bulgaria,1053,1764,0,3,-2,2,1051,1766,181,24,0,1,181,25,30,100,-611
10499,Sep 10 2003,European Championship qual in Belgium,Belgium,Croatia,1784,1826,2,1,17,-17,1801,1809,21,22,0,-2,21,20,30,0,-42
10500,Sep 10 2003,World Cup qualifier in Bolivia,Bolivia,Colombia,1539,1776,4,0,52,-52,1591,1724,43,43,13,-9,56,34,40,100,-137
10501,Sep 10 2003,World Cup qualifier in Brazil,Brazil,Ecuador,2009,1741,1,0,4,-4,2013,1737,4,30,0,1,4,31,20,0,268
10502,Sep 10 2003,European Championship qual in Czechia,Czechia,Netherlands,1941,2046,3,1,30,-30,1971,2016,4,5,2,-2,6,3,40,100,-5
10503,Sep 10 2003,European Championship qual in Denmark,Denmark,Romania,1901,1803,2,2,-10,10,1891,1813,12,18,-1,1,11,19,40,100,198
10504,Sep 10 2003,European Championship qual in England,England,Liechtenstein,1969,1076,2,0,0,0,1969,1076,8,179,-1,0,7,179,20,0,893
10505,Sep 10 2003,European Championship qual in the Faroe Islands,Faroe Islands,Lithuania,1257,1409,1,3,-26,26,1231,1435,153,93,-4,6,149,99,40,100,-52
10506,Sep 10 2003,European Championship qual in Germany,Germany,Scotland,1886,1654,2,1,5,-5,1891,1649,10,51,1,-2,11,49,40,100,332
10507,Sep 10 2003,European Championship qual in Turkey,Israel,Malta,1672,1218,2,2,-17,17,1655,1235,48,145,-2,3,46,148,40,0,454
10508,Sep 10 2003,Friendly in Japan,Japan,Senegal,1784,1745,0,1,-14,14,1770,1759,27,29,-3,-1,24,28,20,100,139
10509,Sep 10 2003,European Championship qual in Latvia,Latvia,Hungary,1434,1598,3,1,35,-35,1469,1563,78,73,9,-8,87,65,40,100,-64
10510,Sep 10 2003,European Championship qual in Luxembourg,Luxembourg,Bosnia and Herzegovina,1095,1585,0,1,-4,4,1091,1589,175,55,0,4,175,59,40,100,-390
10511,Sep 10 2003,European Championship qual in Moldova,Moldova,Belarus,1389,1541,2,1,23,-23,1412,1518,99,78,6,-5,105,73,40,100,-52
10512,Sep 10 2003,Friendly in Morocco,Morocco,Trinidad and Tobago,1575,1413,2,0,5,-5,1580,1408,62,110,1,-3,63,107,20,100,262
10513,Sep 10 2003,Friendly in Norway,Norway,Portugal,1742,1913,0,1,-8,8,1734,1921,37,9,-4,0,33,9,20,100,-71
10514,Sep 10 2003,European Championship qual in Northern Ireland,Northern Ireland,Armenia,1502,1419,0,1,-30,30,1472,1449,93,86,-8,8,85,94,40,100,183
10515,Sep 10 2003,Friendly in Oman,Oman,Bahrain,1432,1482,1,0,9,-9,1441,1473,97,85,0,-1,97,84,20,100,50
10516,Sep 10 2003,World Cup qualifier in Paraguay,Paraguay,Uruguay,1721,1867,4,1,40,-40,1761,1827,20,22,7,-4,27,18,40,100,-46
10517,Sep 10 2003,European Championship qual in Poland,Poland,Sweden,1717,1824,0,2,-29,29,1688,1853,43,11,-4,4,39,15,40,100,-7
10518,Sep 10 2003,European Championship qual in Russia,Russia,Switzerland,1742,1712,4,1,22,-22,1764,1690,23,39,3,-1,26,38,40,100,130
10519,Sep 10 2003,European Championship qual in Serbia and Montenegro,Serbia and Montenegro,Italy,1715,1945,1,1,7,-7,1722,1938,34,9,1,-1,35,8,40,100,-130
10520,Sep 10 2003,European Championship qual in Slovakia,Slovakia,Macedonia,1680,1455,1,1,-15,15,1665,1470,45,81,-1,5,44,86,40,100,325
10521,Sep 10 2003,European Championship qual in Slovenia,Slovenia,France,1691,2020,0,2,-13,13,1678,2033,44,-1,-2,2,42,1,40,100,-229
10522,Sep 10 2003,European Championship qual in Spain,Spain,Ukraine,1971,1669,2,1,4,-4,1975,1665,5,42,0,2,5,44,30,0,302
10523,Sep 10 2003,Friendly in Tunisia,Tunisia,Ivory Coast,1643,1589,3,2,6,-6,1649,1583,46,64,3,-2,49,62,20,100,154
10524,Sep 10 2003,European Championship qual in Wales,Wales,Finland,1648,1696,1,1,-3,3,1645,1699,54,35,-2,2,52,37,40,100,52
10525,Sep 14 2003,Asian Cup qualifier in Kuwait,Kuwait,Qatar,1500,1523,2,1,16,-16,1516,1507,68,86,5,-8,73,78,30,0,-23
10526,Sep 14 2003,Friendly in Rwanda,Rwanda,Kenya,1371,1488,0,1,-10,10,1361,1498,120,79,-2,1,118,80,20,100,-17
10527,Sep 16 2003,Friendly in Singapore,Singapore,Oman,1191,1441,1,3,-9,9,1182,1450,163,91,-4,3,159,94,20,100,-150
10528,Sep 17 2003,Friendly in Yemen,Yemen,Sudan,1183,1363,3,2,12,-12,1195,1351,152,127,3,-5,155,122,20,100,-80
10529,Sep 19 2003,Friendly in Bahrain,Bahrain,Lebanon,1473,1399,4,3,5,-5,1478,1394,82,114,1,-3,83,111,20,100,174
10530,Sep 19 2003,Friendly in Jordan,Jordan,Syria,1523,1398,0,0,-6,6,1517,1404,74,107,-2,1,72,108,20,100,225
10531,Sep 19 2003,Friendly in Yemen,Yemen,Sudan,1195,1351,1,2,-8,8,1187,1359,157,116,-1,3,156,119,20,100,-56
10532,Sep 20 2003,Friendly in Namibia,Namibia,Angola,1172,1485,1,3,-7,7,1165,1492,161,80,0,1,161,81,20,100,-213
10533,Sep 20 2003,Asian Cup qualifier in Qatar,Qatar,Kuwait,1507,1516,2,2,-5,5,1502,1521,78,67,0,3,78,70,40,100,91
10534,Sep 24 2003,Friendly tournament in Algeria,Algeria,Gabon,1510,1384,2,2,-9,9,1501,1393,80,111,-3,1,77,112,30,100,226
10535,Sep 24 2003,Friendly tournament in Algeria,Burkina Faso,Benin,1463,1361,1,0,11,-11,1474,1350,82,127,3,-5,85,122,30,0,102
10536,Sep 24 2003,Asian Cup qualifier in Qatar,Qatar,Palestine,1502,1260,1,1,-15,15,1487,1275,86,138,-4,2,82,140,40,100,342
10537,Sep 25 2003,Asian Cup qualifier in South Korea,Oman,Nepal,1450,870,7,0,3,-3,1453,867,92,201,1,0,93,201,40,0,580
10538,Sep 25 2003,Asian Cup qualifier in South Korea,South Korea,Vietnam,1745,1276,5,0,3,-3,1748,1273,29,142,0,-2,29,140,20,0,469
10539,Sep 26 2003,Friendly tournament in Algeria,Algeria,Burkina Faso,1501,1474,0,0,-5,5,1496,1479,83,83,-3,1,80,84,30,100,127
10540,Sep 26 2003,Friendly tournament in Algeria,Gabon,Benin,1393,1350,4,0,25,-25,1418,1325,96,134,8,-6,104,128,30,0,43
10541,Sep 26 2003,Asian Cup qualifier in Jordan,Jordan,Iran,1517,1706,3,2,25,-25,1542,1681,65,46,4,-5,69,41,40,100,-89
10542,Sep 26 2003,Friendly in Malaysia,Malaysia,Indonesia,1285,1350,1,1,-1,1,1284,1351,133,122,0,0,133,122,20,100,35
10543,Sep 26 2003,Friendly in the United Arab Emirates,United Arab Emirates,Bahrain,1416,1478,1,4,-19,19,1397,1497,116,75,-6,4,110,79,20,100,38
10544,Sep 27 2003,Asian Cup qualifier in Kuwait,Kuwait,Singapore,1521,1182,4,0,6,-6,1527,1176,69,161,1,-1,70,160,40,100,439
10545,Sep 27 2003,COSAFA Cup in Malawi,Malawi,Zimbabwe,1313,1508,1,2,-15,15,1298,1523,131,68,-1,4,130,72,40,100,-95
10546,Sep 27 2003,Asian Cup qualifier in Qatar,Qatar,Palestine,1487,1275,2,1,6,-6,1493,1269,79,143,2,-2,81,141,40,100,312
10547,Sep 27 2003,Asian Cup qualifier in South Korea,South Korea,Oman,1748,1453,1,0,4,-4,1752,1449,29,95,0,-1,29,94,40,100,395
10548,Sep 27 2003,Friendly in Saudi Arabia,Syria,Yemen,1404,1187,8,2,9,-9,1413,1178,102,162,3,-3,105,159,20,0,217
10549,Sep 27 2003,Asian Cup qualifier in South Korea,Vietnam,Nepal,1273,867,5,0,7,-7,1280,860,134,207,3,-3,137,204,40,0,406
10550,Sep 29 2003,Asian Cup qualifier in South Korea,Oman,Vietnam,1449,1280,6,0,23,-23,1472,1257,78,151,8,-7,86,144,40,0,169
10551,Sep 29 2003,Asian Cup qualifier in South Korea,South Korea,Nepal,1752,860,16,0,0,0,1752,860,29,204,0,0,29,204,20,0,892
10552,Sep 30 2003,Friendly in Saudi Arabia,Saudi Arabia,Syria,1652,1413,1,1,-8,8,1644,1421,56,101,-4,2,52,103,20,100,339
10553,Oct 4 2003,Friendly in Lesotho,Lesotho,Swaziland,1187,1231,5,2,15,-15,1202,1216,154,153,1,-2,155,151,20,100,56
10554,Oct 5 2003,Asian Cup qualifier in Kuwait,Kuwait,Palestine,1527,1269,2,1,5,-5,1532,1264,70,140,0,0,70,140,40,100,358
10555,Oct 5 2003,COSAFA Cup in Zimbabwe,Zimbabwe,Malawi,1523,1298,2,0,8,-8,1531,1290,70,132,1,-1,71,131,40,100,325
10556,Oct 6 2003,Asian Cup qualifier in Saudi Arabia,Indonesia,Bhutan,1351,596,2,0,1,-1,1352,595,122,222,0,0,122,222,30,0,755
10557,Oct 6 2003,Asian Cup qualifier in Saudi Arabia,Saudi Arabia,Yemen,1644,1178,7,0,3,-3,1647,1175,48,161,2,-1,50,160,20,0,466
10558,Oct 8 2003,Asian Cup qualifier in Saudi Arabia,Indonesia,Yemen,1352,1175,3,0,19,-19,1371,1156,110,164,6,-2,116,162,40,0,177
10559,Oct 8 2003,Asian Cup qualifier in Malaysia,Iraq,Bahrain,1610,1497,5,1,26,-26,1636,1471,52,95,1,-8,53,87,40,0,113
10560,Oct 8 2003,Asian Cup qualifier in Kuwait,Kuwait,Palestine,1532,1264,4,0,8,-8,1540,1256,68,148,1,-4,69,144,40,100,368
10561,Oct 8 2003,Friendly in Lesotho,Lesotho,South Africa,1202,1647,0,3,-4,4,1198,1651,155,46,0,2,155,48,20,100,-345
10562,Oct 8 2003,Asian Cup qualifier in Malaysia,Malaysia,Myanmar,1284,1155,4,0,16,-16,1300,1139,127,169,3,-3,130,166,40,100,229
10563,Oct 8 2003,Friendly in Oman,Oman,Jordan,1472,1542,2,1,9,-9,1481,1533,80,71,3,-1,83,70,20,100,30
10564,Oct 8 2003,Asian Cup qualifier in Saudi Arabia,Saudi Arabia,Bhutan,1647,595,6,0,0,0,1647,595,50,222,0,0,50,222,20,0,1052
10565,Oct 8 2003,Friendly in Tunisia,Tunisia,Japan,1649,1770,0,1,-9,9,1640,1779,56,24,-4,0,52,24,20,100,-21
10566,Oct 10 2003,Asian Cup qualifier in Malaysia,Bahrain,Myanmar,1471,1139,3,1,8,-8,1479,1131,81,166,3,0,84,166,40,0,332
10567,Oct 10 2003,Friendly in Egypt,Egypt,Senegal,1632,1759,1,0,11,-11,1643,1748,50,30,2,-1,52,29,20,100,-27
10568,Oct 10 2003,World Cup & African Cup qual in Guinea-Bissau,Guinea-Bissau,Mali,1239,1526,1,2,-10,10,1229,1536,151,68,-2,2,149,70,40,100,-187
10569,Oct 10 2003,Asian Cup qualifier in Malaysia,Malaysia,Iraq,1300,1636,0,0,12,-12,1312,1624,130,55,0,-1,130,54,40,100,-236
10570,Oct 10 2003,Asian Cup qualifier in Saudi Arabia,Saudi Arabia,Indonesia,1647,1371,5,0,8,-8,1655,1363,42,118,4,-1,46,117,40,100,376
10571,Oct 10 2003,Asian Cup qualifier in Saudi Arabia,Yemen,Bhutan,1156,595,8,0,4,-4,1160,591,162,224,0,-1,162,223,40,0,561
10572,Oct 11 2003,European Championship qual in Armenia,Armenia,Spain,1449,1975,0,4,-6,6,1443,1981,97,5,-1,0,96,5,40,100,-426
10573,Oct 11 2003,European Championship qual in Austria,Austria,Czechia,1685,1971,2,3,-10,10,1675,1981,40,4,0,1,40,5,40,100,-186
10574,Oct 11 2003,European Championship qual in Belgium,Belgium,Estonia,1801,1409,2,0,3,-3,1804,1406,21,109,0,-1,21,108,20,0,392
10575,Oct 11 2003,Friendly in the United States,Bolivia,Honduras,1591,1688,1,0,13,-13,1604,1675,54,42,1,-2,55,40,20,0,-97
10576,Oct 11 2003,European Championship qual in Bosnia and Herzegovina,Bosnia and Herzegovina,Denmark,1589,1891,1,1,10,-10,1599,1881,55,13,2,-1,57,12,40,100,-202
10577,Oct 11 2003,World Cup & African Cup qual in Botswana,Botswana,Lesotho,1211,1198,4,1,24,-24,1235,1174,143,163,5,-4,148,159,40,100,113
10578,Oct 11 2003,European Championship qual in Croatia,Croatia,Bulgaria,1809,1766,1,0,12,-12,1821,1754,16,29,2,-2,18,27,40,100,143
10579,Oct 11 2003,European Championship qual in Cyprus,Cyprus,Slovenia,1462,1678,2,2,6,-6,1468,1672,90,42,0,0,90,42,20,0,-216
10580,Oct 11 2003,World Cup & African Cup qual in Equatorial Guinea,Equatorial Guinea,Togo,1038,1461,1,0,35,-35,1073,1426,171,106,7,-7,178,99,40,100,-323
10581,Oct 11 2003,Friendly in Finland,Finland,Canada,1699,1608,3,2,5,-5,1704,1603,40,57,-2,-1,38,56,20,100,191
10582,Oct 11 2003,European Championship qual in France,France,Israel,2033,1655,3,0,4,-4,2037,1651,1,54,0,-4,1,50,20,0,378
10583,Oct 11 2003,European Championship qual in Germany,Germany,Iceland,1891,1589,3,0,6,-6,1897,1583,9,65,1,-3,10,62,40,100,402
10584,Oct 11 2003,European Championship qual in Greece,Greece,Northern Ireland,1784,1472,1,0,3,-3,1787,1469,22,91,0,-2,22,89,20,0,312
10585,Oct 11 2003,European Championship qual in Hungary,Hungary,Poland,1563,1688,1,2,-19,19,1544,1707,69,36,-2,1,67,37,40,100,-25
10586,Oct 11 2003,European Championship qual in Italy,Italy,Azerbaijan,1938,1348,4,0,1,-1,1939,1347,8,123,0,0,8,123,20,0,590
10587,Oct 11 2003,European Championship qual in Liechtenstein,Liechtenstein,Slovakia,1076,1665,0,2,-3,3,1073,1668,177,44,1,0,178,44,30,100,-489
10588,Oct 11 2003,World Cup & African Cup qual in Madagascar,Madagascar,Benin,1281,1325,1,1,-3,3,1278,1328,137,126,-1,1,136,127,40,100,56
10589,Oct 11 2003,European Championship qual in the Netherlands,Netherlands,Moldova,2016,1412,5,0,1,-1,2017,1411,3,106,0,0,3,106,20,0,604
10590,Oct 11 2003,World Cup & African Cup qual in Niger,Niger,Algeria,1338,1496,0,1,-17,17,1321,1513,131,71,-3,4,128,75,40,100,-58
10591,Oct 11 2003,European Championship qual in Norway,Norway,Luxembourg,1734,1091,1,0,1,-1,1735,1090,33,175,0,0,33,175,30,0,643
10592,Oct 11 2003,Friendly in Portugal,Portugal,Albania,1921,1509,5,3,1,-1,1922,1508,9,79,0,-2,9,77,20,100,512
10593,Oct 11 2003,Friendly in Romania,Romania,Japan,1813,1779,1,1,-4,4,1809,1783,21,22,-1,1,20,23,20,100,134
10594,Oct 11 2003,European Championship qual in Russia,Russia,Georgia,1764,1574,3,1,10,-10,1774,1564,24,64,1,0,25,64,40,100,290
10595,Oct 11 2003,World Cup & African Cup qual in São Tomé and Príncipe,São Tomé and Príncipe,Libya,1078,1374,0,1,-10,10,1068,1384,183,113,-3,1,180,114,40,100,-196
10596,Oct 11 2003,European Championship qual in Scotland,Scotland,Lithuania,1649,1435,1,0,6,-6,1655,1429,44,97,3,1,47,98,40,100,314
10597,Oct 11 2003,World Cup & African Cup qual in the Seychelles,Seychelles,Zambia,1044,1456,0,4,-11,11,1033,1467,189,89,-3,2,186,91,40,100,-312
10598,Oct 11 2003,Friendly tournament in South Africa,South Africa,Costa Rica,1651,1742,2,1,15,-15,1666,1727,41,38,4,-4,45,34,30,100,9
10599,Oct 11 2003,European Championship qual in Sweden,Sweden,Latvia,1853,1469,0,1,-38,38,1815,1507,23,67,-4,11,19,78,40,100,484
10600,Oct 11 2003,European Championship qual in Switzerland,Switzerland,Ireland,1690,1864,2,0,36,-36,1726,1828,33,16,2,-1,35,15,40,100,-74
10601,Oct 11 2003,World Cup & African Cup qual in Tanzania,Tanzania,Kenya,1227,1498,0,0,9,-9,1236,1489,144,88,3,-5,147,83,40,100,-171
10602,Oct 11 2003,Friendly in Tunisia,Tunisia,Morocco,1640,1580,0,0,-4,4,1636,1584,51,59,1,2,52,61,20,100,160
10603,Oct 11 2003,European Championship qual in Turkey,Turkey,England,1894,1969,0,0,-1,1,1893,1970,12,7,-1,0,11,7,20,100,25
10604,Oct 11 2003,Friendly in the United Arab Emirates,United Arab Emirates,Uzbekistan,1397,1491,2,2,0,0,1397,1491,112,82,-1,0,111,82,20,100,6
10605,Oct 11 2003,World Cup & African Cup qual in Uganda,Uganda,Mauritius,1388,1283,3,0,16,-16,1404,1267,105,144,4,-5,109,139,40,100,205
10606,Oct 11 2003,Friendly in Ukraine,Ukraine,Macedonia,1665,1470,0,0,-7,7,1658,1477,48,86,-2,1,46,87,20,100,295
10607,Oct 11 2003,European Championship qual in Wales,Wales,Serbia and Montenegro,1645,1722,2,3,-21,21,1624,1743,55,25,-2,5,53,30,40,100,23
10608,Oct 12 2003,Friendly in England,Brazil,Jamaica,2013,1591,1,0,2,-2,2015,1589,4,60,0,-1,4,59,20,0,422
10609,Oct 12 2003,World Cup & African Cup qual in Burundi,Burundi,Gabon,1264,1418,0,0,3,-3,1267,1415,138,103,1,1,139,104,40,100,-54
10610,Oct 12 2003,World Cup & African Cup qual in Chad,Chad,Angola,1270,1492,3,1,40,-40,1310,1452,124,103,7,-11,131,92,40,100,-122
10611,Oct 12 2003,World Cup & African Cup qual in Congo,Congo,Sierra Leone,1354,1337,1,0,14,-14,1368,1323,118,131,2,-3,120,128,30,0,17
10612,Oct 12 2003,World Cup & African Cup qual in Ethiopia,Ethiopia,Malawi,1313,1290,1,3,-40,40,1273,1330,147,120,-9,6,138,126,40,100,123
10613,Oct 12 2003,World Cup & African Cup qual in The Gambia,Gambia,Liberia,1344,1426,2,0,28,-28,1372,1398,108,119,8,-10,116,109,30,0,-82
10614,Oct 12 2003,World Cup & African Cup qual in Guinea,Guinea,Mozambique,1499,1258,1,0,5,-5,1504,1253,79,149,0,-4,79,145,40,100,341
10615,Oct 12 2003,AFC-OFC Challenge Cup in Iran,Iran,New Zealand,1681,1543,3,0,14,-14,1695,1529,39,76,0,-4,39,72,40,100,238
10616,Oct 12 2003,Asian Cup qualifier in Malaysia,Iraq,Myanmar,1624,1131,3,0,4,-4,1628,1127,53,168,0,-1,53,167,40,0,493
10617,Oct 12 2003,Asian Cup qualifier in Malaysia,Malaysia,Bahrain,1312,1479,2,2,4,-4,1316,1475,130,89,0,-2,130,87,20,0,-167
10618,Oct 12 2003,World Cup & African Cup qual in Rwanda,Rwanda,Namibia,1361,1165,3,0,11,-11,1372,1154,114,162,2,-1,116,161,40,100,296
10619,Oct 12 2003,World Cup & African Cup qual in Sudan,Sudan,Eritrea,1359,1164,3,0,11,-11,1370,1153,119,167,0,-3,119,164,40,100,295
10620,Oct 12 2003,World Cup & African Cup qual in Swaziland,Swaziland,Cape Verde,1216,1333,1,1,1,-1,1217,1332,152,124,0,1,152,125,30,100,-17
10621,Oct 12 2003,World Cup & African Cup qual in Zimbabwe,Zimbabwe,Mauritania,1531,1123,3,0,4,-4,1535,1119,68,170,2,-1,70,169,40,100,508
10622,Oct 13 2003,Asian Cup qualifier in Saudi Arabia,Indonesia,Bhutan,1363,591,2,0,1,-1,1364,590,121,223,0,0,121,223,30,0,772
10623,Oct 13 2003,Asian Cup qualifier in Saudi Arabia,Saudi Arabia,Yemen,1655,1160,3,1,2,-2,1657,1158,47,160,0,0,47,160,20,0,495
10624,Oct 15 2003,Asian Cup qualifier in Saudi Arabia,Indonesia,Yemen,1364,1158,2,2,-11,11,1353,1169,125,160,-2,0,123,160,30,100,306
10625,Oct 15 2003,Asian Cup qualifier in Saudi Arabia,Saudi Arabia,Bhutan,1657,590,4,0,0,0,1657,590,47,223,0,0,47,223,20,0,1067
10626,Oct 15 2003,Asian Cup qualifier in Syria,Syria,Sri Lanka,1421,944,5,0,3,-3,1424,941,98,194,2,-1,100,193,40,100,577
10627,Oct 15 2003,Friendly in the United States,Uruguay,Mexico,1827,1872,2,0,17,-17,1844,1855,11,13,3,0,14,13,20,0,-45
10628,Oct 16 2003,Friendly in Thailand,Thailand,India,1444,1103,2,0,2,-2,1446,1101,93,175,1,-1,94,174,20,100,441
10629,Oct 17 2003,Asian Cup qualifier in Jordan,Jordan,Lebanon,1533,1394,1,0,8,-8,1541,1386,65,113,3,0,68,113,40,100,239
10630,Oct 17 2003,Asian Cup qualifier in Saudi Arabia,Saudi Arabia,Indonesia,1657,1353,6,0,8,-8,1665,1345,45,125,1,-1,46,124,40,100,404
10631,Oct 17 2003,Asian Cup qualifier in Saudi Arabia,Yemen,Bhutan,1169,590,4,0,3,-3,1172,587,160,223,0,0,160,223,40,0,579
10632,Oct 18 2003,Asian Cup qualifier in Syria,Syria,Sri Lanka,1424,941,8,0,3,-3,1427,938,98,193,1,0,99,193,20,0,483
10633,Oct 19 2003,Asian Cup qualifier in Oman,Oman,Nepal,1481,860,6,0,1,-1,1482,859,83,204,0,0,83,204,20,0,621
10634,Oct 19 2003,Asian Cup qualifier in Singapore,Singapore,Palestine,1176,1256,2,0,28,-28,1204,1228,152,159,3,-8,155,151,30,0,-80
10635,Oct 19 2003,Asian Cup qualifier in Turkmenistan,Turkmenistan,United Arab Emirates,1422,1397,1,0,13,-13,1435,1384,94,115,4,-2,98,113,40,100,125
10636,Oct 19 2003,Asian Cup qualifier in Oman,Vietnam,South Korea,1257,1752,1,0,38,-38,1295,1714,122,44,10,-8,132,36,40,0,-495
10637,Oct 20 2003,Asian Cup qualifier in Bahrain,Bahrain,Myanmar,1475,1127,4,0,5,-5,1480,1122,81,167,3,0,84,167,40,100,448
10638,Oct 20 2003,Asian Cup qualifier in Bahrain,Iraq,Malaysia,1628,1316,5,1,11,-11,1639,1305,51,132,1,-1,52,131,40,0,312
10639,Oct 21 2003,Asian Cup qualifier in Oman,Oman,South Korea,1482,1714,3,1,41,-41,1523,1673,63,46,10,-5,73,41,40,100,-132
10640,Oct 21 2003,Asian Cup qualifier in Oman,Vietnam,Nepal,1295,859,2,0,5,-5,1300,854,132,204,0,0,132,204,40,0,436
10641,Oct 22 2003,Asian Cup qualifier in Bahrain,Bahrain,Malaysia,1480,1305,3,1,10,-10,1490,1295,82,133,1,-1,83,132,40,100,275
10642,Oct 22 2003,Asian Cup qualifier in Bahrain,Iraq,Myanmar,1639,1122,3,1,3,-3,1642,1119,52,169,0,-1,52,168,40,0,517
10643,Oct 22 2003,Asian Cup qualifier in Singapore,Singapore,Palestine,1204,1228,0,0,-4,4,1200,1232,155,147,0,2,155,149,40,100,76
10644,Oct 23 2003,Afro-Asian Games in India,Zimbabwe,Burkina Faso,1535,1479,4,1,29,-29,1564,1450,57,101,7,-8,64,93,40,0,56
10645,Oct 24 2003,Asian Cup qualifier in Bahrain,Bahrain,Iraq,1490,1642,1,0,23,-23,1513,1619,69,56,7,-2,76,54,40,100,-52
10646,Oct 24 2003,Asian Cup qualifier in Bahrain,Myanmar,Malaysia,1119,1295,2,1,29,-29,1148,1266,164,150,2,-9,166,141,40,0,-176
10647,Oct 24 2003,Asian Cup qualifier in Oman,Oman,Vietnam,1523,1300,2,0,8,-8,1531,1292,71,133,1,-1,72,132,40,100,323
10648,Oct 24 2003,Asian Cup qualifier in Oman,South Korea,Nepal,1673,854,7,0,1,-1,1674,853,41,204,0,0,41,204,30,0,819
10649,Oct 27 2003,Asian Cup qualifier in North Korea,North Korea,Iran,1462,1695,1,3,-19,19,1443,1714,100,34,-5,2,95,36,40,100,-133
10650,Oct 29 2003,Afro-Asian Games in India,India,Zimbabwe,1101,1564,5,3,53,-53,1154,1511,148,90,13,-13,161,77,40,100,-363
10651,Oct 30 2003,Asian Cup qualifier in the United Arab Emirates,United Arab Emirates,Turkmenistan,1384,1435,1,1,-3,3,1381,1438,115,96,-1,1,114,97,40,100,49
10652,Nov 3 2003,Asian Cup qualifier in Lebanon,Lebanon,North Korea,1386,1443,1,1,-2,2,1384,1445,112,93,0,1,112,94,30,100,43
10653,Nov 6 2003,Asian Cup qualifier in Uzbekistan,Tajikistan,Thailand,1436,1446,1,0,21,-21,1457,1425,82,109,8,-8,90,101,40,0,-10
10654,Nov 6 2003,Asian Cup qualifier in Uzbekistan,Uzbekistan,Hong Kong,1491,1180,4,1,6,-6,1497,1174,81,158,1,0,82,158,40,100,411
10655,Nov 7 2003,Asian Cup qualifier in Syria,Syria,United Arab Emirates,1427,1381,1,3,-42,42,1385,1423,125,88,-13,13,112,101,40,100,146
10656,Nov 8 2003,Friendly in Gabon,Gabon,Burkina Faso,1415,1450,0,0,-2,2,1413,1452,102,87,1,3,103,90,20,100,65
10657,Nov 8 2003,Asian Cup qualifier in Uzbekistan,Hong Kong,Tajikistan,1174,1457,0,0,13,-13,1187,1444,156,100,1,-5,157,95,40,0,-283
10658,Nov 8 2003,Asian Cup qualifier in Uzbekistan,Uzbekistan,Thailand,1497,1425,3,0,19,-19,1516,1406,68,112,7,-6,75,106,40,100,172
10659,Nov 9 2003,Friendly in Mozambique,Mozambique,Swaziland,1253,1217,2,0,9,-9,1262,1208,140,154,2,-1,142,153,20,100,136
10660,Nov 9 2003,Asian Cup qualifier in Turkmenistan,Turkmenistan,Sri Lanka,1438,938,1,0,1,-1,1439,937,97,193,0,0,97,193,20,0,500
10661,Nov 10 2003,Asian Cup qualifier in Uzbekistan,Hong Kong,Thailand,1187,1406,2,1,31,-31,1218,1375,147,124,5,-9,152,115,40,0,-219
10662,Nov 10 2003,Asian Cup qualifier in Uzbekistan,Uzbekistan,Tajikistan,1516,1444,0,0,-9,9,1507,1453,85,85,-5,5,80,90,40,100,172
10663,Nov 11 2003,Friendly in Uganda,Uganda,Tanzania,1404,1236,2,1,4,-4,1408,1232,103,150,2,-2,105,148,20,100,268
10664,Nov 12 2003,Friendly in Equatorial Guinea,Equatorial Guinea,São Tomé and Príncipe,1073,1068,3,1,11,-11,1084,1057,176,182,1,-1,177,181,20,100,105
10665,Nov 12 2003,Asian Cup qualifier in Iran,Iran,North Korea,1714,1445,1,0,4,-4,1718,1441,38,98,-1,-2,37,96,20,0,269
10666,Nov 12 2003,Asian Cup qualifier in Lebanon,Lebanon,Jordan,1384,1541,0,2,-25,25,1359,1566,128,60,-8,4,120,64,40,100,-57
10667,Nov 12 2003,Friendly in Poland,Poland,Italy,1707,1939,3,1,20,-20,1727,1919,29,10,4,-1,33,9,20,100,-132
10668,Nov 12 2003,Asian Cup qualifier in Turkmenistan,Turkmenistan,Sri Lanka,1439,937,3,0,2,-2,1441,935,95,193,1,0,96,193,20,0,502
10669,Nov 14 2003,World Cup & African Cup qual in Algeria,Algeria,Niger,1513,1321,6,0,13,-13,1526,1308,71,131,2,-1,73,130,40,100,292
10670,Nov 14 2003,World Cup & African Cup qual in Mali,Mali,Guinea-Bissau,1536,1229,2,0,5,-5,1541,1224,68,151,1,0,69,151,40,100,407
10671,Nov 14 2003,World Cup & African Cup qual in Mauritania,Mauritania,Zimbabwe,1119,1511,2,1,34,-34,1153,1477,160,91,5,-7,165,84,40,100,-292
10672,Nov 14 2003,Asian Cup qualifier in the United Arab Emirates,United Arab Emirates,Syria,1423,1385,3,1,19,-19,1442,1366,92,127,4,-8,96,119,40,100,138
10673,Nov 15 2003,Friendly in Albania,Albania,Estonia,1508,1406,2,0,7,-7,1515,1399,76,107,1,0,77,107,20,100,202
10674,Nov 15 2003,World Cup qualifier in Argentina,Argentina,Bolivia,2026,1604,3,0,3,-3,2029,1601,2,57,0,-1,2,56,20,0,422
10675,Nov 15 2003,World Cup qualifier in Colombia,Colombia,Venezuela,1724,1591,0,1,-32,32,1692,1623,40,50,-2,4,38,54,40,100,233
10676,Nov 15 2003,European Championship qual in Croatia,Croatia,Slovenia,1821,1672,1,1,-12,12,1809,1684,20,38,-1,2,19,40,40,100,249
10677,Nov 15 2003,Friendly in Czechia,Czechia,Canada,1981,1603,5,1,2,-2,1983,1601,7,56,-1,0,6,56,20,100,478
10678,Nov 15 2003,Friendly in Egypt,Egypt,South Africa,1643,1666,2,1,8,-8,1651,1658,47,49,2,-2,49,47,20,100,77
10679,Nov 15 2003,World Cup & African Cup qual in Gabon,Gabon,Burundi,1413,1267,4,1,14,-14,1427,1253,97,149,3,-5,100,144,40,100,246
10680,Nov 15 2003,Friendly in Germany,Germany,France,1897,2037,0,3,-15,15,1882,2052,10,1,0,0,10,1,20,100,-40
10681,Nov 15 2003,World Cup & African Cup qual in Kenya,Kenya,Tanzania,1489,1232,3,0,8,-8,1497,1224,81,152,1,-2,82,150,40,100,357
10682,Nov 15 2003,European Championship qual in Latvia,Latvia,Turkey,1507,1893,1,0,34,-34,1541,1859,59,13,10,-1,69,12,40,100,-286
10683,Nov 15 2003,World Cup & African Cup qual in Malawi,Malawi,Ethiopia,1330,1273,0,0,-8,8,1322,1281,130,130,-2,4,128,134,40,100,157
10684,Nov 15 2003,Friendly in Morocco,Morocco,Burkina Faso,1584,1452,1,0,4,-4,1588,1448,59,95,1,-2,60,93,20,100,232
10685,Nov 15 2003,World Cup & African Cup qual in Namibia,Namibia,Rwanda,1154,1372,1,1,7,-7,1161,1365,161,124,0,-5,161,119,40,100,-118
10686,Nov 15 2003,World Cup qualifier in Paraguay,Paraguay,Ecuador,1761,1737,2,1,13,-13,1774,1724,24,40,1,-5,25,35,40,100,124
10687,Nov 15 2003,Friendly in Portugal,Portugal,Greece,1922,1787,1,1,-6,6,1916,1793,10,22,-1,0,9,22,20,100,235
10688,Nov 15 2003,European Championship qual in Russia,Russia,Wales,1774,1624,0,0,-12,12,1762,1636,27,51,-1,1,26,52,40,100,250
10689,Nov 15 2003,European Championship qual in Scotland,Scotland,Netherlands,1655,2017,1,0,33,-33,1688,1984,30,7,9,-2,39,5,40,100,-262
10690,Nov 15 2003,Friendly in Senegal,Senegal,Ivory Coast,1748,1583,1,0,4,-4,1752,1579,28,64,0,-1,28,63,20,100,265
10691,Nov 15 2003,European Championship qual in Spain,Spain,Norway,1981,1735,2,1,5,-5,1986,1730,3,30,1,1,4,31,40,100,346
10692,Nov 15 2003,World Cup qualifier in Uruguay,Uruguay,Chile,1844,1653,2,1,6,-6,1850,1647,14,53,0,-2,14,51,40,100,291
10693,Nov 15 2003,World Cup & African Cup qual in Zambia,Zambia,Seychelles,1467,1033,1,1,-18,18,1449,1051,95,178,-3,4,92,182,40,100,534
10694,Nov 16 2003,World Cup & African Cup qual in Angola,Angola,Chad,1452,1310,2,0,12,-12,1464,1298,88,133,1,-2,89,131,40,100,242
10695,Nov 16 2003,World Cup & African Cup qual in Benin,Benin,Madagascar,1328,1278,3,2,12,-12,1340,1266,126,141,0,-2,126,139,40,100,150
10696,Nov 16 2003,World Cup & African Cup qual in Cape Verde,Cape Verde,Swaziland,1332,1208,3,0,15,-15,1347,1193,121,158,2,-2,123,156,40,100,224
10697,Nov 16 2003,Friendly in England,England,Denmark,1970,1881,2,3,-15,15,1955,1896,7,9,0,1,7,10,20,100,189
10698,Nov 16 2003,World Cup & African Cup qual in Eritrea,Eritrea,Sudan,1153,1370,0,0,6,-6,1159,1364,159,120,3,-2,162,118,20,0,-217
10699,Nov 16 2003,Friendly in the United States,Finland,Honduras,1704,1675,2,1,9,-9,1713,1666,37,49,0,-4,37,45,20,0,29
10700,Nov 16 2003,World Cup & African Cup qual in Ghana,Ghana,Somalia,1445,1067,5,0,5,-5,1450,1062,90,180,2,0,92,180,40,100,478
10701,Nov 16 2003,Friendly in Italy,Italy,Romania,1919,1809,1,0,5,-5,1924,1804,8,21,0,-1,8,20,20,100,210
10702,Nov 16 2003,Friendly in Jamaica,Jamaica,El Salvador,1589,1520,3,0,10,-10,1599,1510,57,83,1,-4,58,79,20,100,169
10703,Nov 16 2003,World Cup & African Cup qual in Lesotho,Lesotho,Botswana,1174,1235,0,0,-2,2,1172,1237,159,146,0,0,159,146,30,100,39
10704,Nov 16 2003,World Cup & African Cup qual in Liberia,Liberia,Gambia,1398,1372,3,0,23,-23,1421,1349,98,130,5,-8,103,122,40,100,126
10705,Nov 16 2003,World Cup & African Cup qual in Libya,Libya,São Tomé and Príncipe,1384,1057,8,0,7,-7,1391,1050,109,185,1,-2,110,183,40,100,427
10706,Nov 16 2003,World Cup & African Cup qual in Mauritius,Mauritius,Uganda,1267,1408,3,1,34,-34,1301,1374,121,121,9,-8,130,113,40,100,-41
10707,Nov 16 2003,World Cup & African Cup qual in Mozambique,Mozambique,Guinea,1262,1504,3,4,-12,12,1250,1516,147,71,-3,5,144,76,40,100,-142
10708,Nov 16 2003,World Cup qualifier in Peru,Peru,Brazil,1670,2015,1,1,12,-12,1682,2003,38,3,3,0,41,3,40,100,-245
10709,Nov 16 2003,Friendly in Poland,Poland,Serbia and Montenegro,1727,1743,4,3,8,-8,1735,1735,28,31,2,-1,30,30,20,100,84
10710,Nov 16 2003,World Cup & African Cup qual in Sierra Leone,Sierra Leone,Congo,1323,1368,1,1,-3,3,1320,1371,129,111,-1,3,128,114,40,100,55
10711,Nov 16 2003,World Cup & African Cup qual in Togo,Togo,Equatorial Guinea,1426,1084,2,0,4,-4,1430,1080,97,177,2,0,99,177,20,0,342
10712,Nov 17 2003,Asian Cup qualifier in Thailand,Thailand,Hong Kong,1375,1218,4,0,14,-14,1389,1204,110,156,1,-2,111,154,40,100,257
10713,Nov 17 2003,Asian Cup qualifier in Thailand,Uzbekistan,Tajikistan,1507,1453,4,1,30,-30,1537,1423,63,112,9,-11,72,101,40,0,54
10714,Nov 18 2003,World Cup qualifier in Chile,Chile,Paraguay,1647,1774,0,1,-18,18,1629,1792,57,21,-3,2,54,23,40,100,-27
10715,Nov 18 2003,Friendly in Egypt,Egypt,Sweden,1651,1815,1,0,12,-12,1663,1803,43,24,3,-3,46,21,20,100,-64
10716,Nov 18 2003,Friendly in Ireland,Ireland,Canada,1828,1601,3,0,5,-5,1833,1596,14,60,1,-2,15,58,20,100,327
10717,Nov 18 2003,Asian Cup qualifier in Jordan,Jordan,North Korea,1566,1441,3,0,15,-15,1581,1426,62,104,1,-4,63,100,40,100,225
10718,Nov 18 2003,Friendly in South Korea,South Korea,Bulgaria,1674,1754,0,1,-11,11,1663,1765,49,25,-3,1,46,26,20,100,20
10719,Nov 18 2003,Asian Cup qualifier in the United Arab Emirates,United Arab Emirates,Sri Lanka,1442,935,3,1,2,-2,1444,933,93,193,1,0,94,193,20,0,507
10720,Nov 18 2003,World Cup qualifier in Venezuela,Venezuela,Bolivia,1623,1601,2,1,13,-13,1636,1588,48,62,3,-3,51,59,40,100,122
10721,Nov 19 2003,World Cup qualifier in Brazil,Brazil,Uruguay,2003,1850,3,3,-12,12,1991,1862,7,10,-2,2,5,12,40,100,253
10722,Nov 19 2003,World Cup qualifier in Colombia,Colombia,Argentina,1692,2029,1,1,12,-12,1704,2017,38,2,0,0,38,2,40,100,-237
10723,Nov 19 2003,Friendly in Costa Rica,Costa Rica,Finland,1727,1713,2,1,7,-7,1734,1706,31,37,1,0,32,37,20,100,114
10724,Nov 19 2003,World Cup qualifier in Ecuador,Ecuador,Peru,1724,1682,0,0,-8,8,1716,1690,35,37,0,2,35,39,40,100,142
10725,Nov 19 2003,World Cup & African Cup qual in Ghana,Ghana,Somalia,1450,1062,2,0,3,-3,1453,1059,89,180,1,0,90,180,20,0,388
10726,Nov 19 2003,Friendly in Hungary,Hungary,Estonia,1544,1399,0,1,-16,16,1528,1415,80,103,-6,2,74,105,20,100,245
10727,Nov 19 2003,Friendly in the United States,Iceland,Mexico,1583,1855,0,0,7,-7,1590,1848,56,13,3,0,59,13,20,0,-272
10728,Nov 19 2003,Friendly in Japan,Japan,Cameroon,1783,1783,0,0,-3,3,1780,1786,28,24,-2,0,26,24,20,100,100
10729,Nov 19 2003,Asian Cup qualifier in Lebanon,Lebanon,Iran,1359,1718,0,3,-13,13,1346,1731,129,30,-5,3,124,33,40,100,-259
10730,Nov 19 2003,Friendly in Morocco,Morocco,Mali,1588,1541,0,1,-14,14,1574,1555,69,65,-5,2,64,67,20,100,147
10731,Nov 19 2003,European Championship qual in the Netherlands,Netherlands,Scotland,1984,1688,6,0,8,-8,1992,1680,3,41,1,-1,4,40,40,100,396
10732,Nov 19 2003,European Championship qual in Norway,Norway,Spain,1730,1986,0,3,-20,20,1710,2006,40,2,-4,1,36,3,40,100,-156
10733,Nov 19 2003,Friendly in Portugal,Portugal,Kuwait,1916,1540,8,0,3,-3,1919,1537,9,71,0,0,9,71,20,100,476
10734,Nov 19 2003,Asian Cup qualifier in Qatar,Qatar,Singapore,1493,1200,2,0,6,-6,1499,1194,81,155,1,0,82,155,40,100,393
10735,Nov 19 2003,European Championship qual in Slovenia,Slovenia,Croatia,1684,1809,0,1,-19,19,1665,1828,48,16,-4,1,44,17,40,100,-25
10736,Nov 19 2003,Asian Cup qualifier in Thailand,Thailand,Tajikistan,1389,1423,1,0,16,-16,1405,1407,105,113,3,-6,108,107,30,0,-34
10737,Nov 19 2003,Friendly in Trinidad and Tobago,Trinidad and Tobago,Cuba,1408,1553,2,1,11,-11,1419,1542,102,72,2,-3,104,69,20,100,-45
10738,Nov 19 2003,Friendly in Tunisia,Tunisia,South Africa,1636,1658,2,0,12,-12,1648,1646,49,54,1,-3,50,51,20,100,78
10739,Nov 19 2003,European Championship qual in Turkey,Turkey,Latvia,1859,1541,2,2,-17,17,1842,1558,16,63,-2,3,14,66,40,100,418
10740,Nov 19 2003,World Cup qualifier in Turkmenistan,Turkmenistan,Afghanistan,1441,822,11,0,2,-2,1443,820,94,207,1,0,95,207,20,0,619
10741,Nov 19 2003,Asian Cup qualifier in Thailand,Uzbekistan,Hong Kong,1537,1204,1,0,5,-5,1542,1199,66,154,3,0,69,154,40,0,333
10742,Nov 19 2003,European Championship qual in Wales,Wales,Russia,1636,1762,0,1,-19,19,1617,1781,59,23,-4,2,55,25,40,100,-26
10743,Nov 20 2003,Friendly in Luxembourg,Luxembourg,Moldova,1090,1411,1,2,-4,4,1086,1415,175,104,0,1,175,105,20,100,-221
10744,Nov 21 2003,Asian Cup qualifier in Thailand,Tajikistan,Hong Kong,1407,1199,1,0,9,-9,1416,1190,105,160,1,-3,106,157,40,0,208
10745,Nov 21 2003,Asian Cup qualifier in Thailand,Thailand,Uzbekistan,1405,1542,4,1,39,-39,1444,1503,80,93,14,-12,94,81,40,100,-37
10746,Nov 22 2003,Asian Cup qualifier in the United Arab Emirates,United Arab Emirates,Sri Lanka,1444,933,3,0,2,-2,1446,931,94,193,0,0,94,193,20,0,511
10747,Nov 23 2003,World Cup qualifier in Afghanistan,Afghanistan,Turkmenistan,820,1443,0,2,-3,3,817,1446,207,92,0,2,207,94,40,100,-523
10748,Nov 23 2003,World Cup qualifier in Taiwan,Taiwan,Macao,1037,865,3,0,12,-12,1049,853,184,204,1,-1,185,203,40,100,272
10749,Nov 26 2003,World Cup qualifier in Bangladesh,Bangladesh,Tajikistan,1024,1416,0,2,-9,9,1015,1425,188,98,0,4,188,102,40,100,-292
10750,Nov 28 2003,Asian Cup qualifier in Iran,Iran,Lebanon,1731,1346,1,0,2,-2,1733,1344,33,126,0,-1,33,125,20,0,385
10751,Nov 28 2003,Asian Cup qualifier in Syria,Syria,Turkmenistan,1366,1446,1,1,-1,1,1365,1447,116,94,0,0,116,94,20,100,20
10752,Nov 29 2003,World Cup qualifier in Laos,Laos,Sri Lanka,920,931,0,0,-5,5,915,936,197,193,-1,0,196,193,40,100,89
10753,Nov 29 2003,World Cup qualifier in Macao,Macao,Taiwan,853,1049,1,3,-22,22,831,1071,207,175,-2,5,205,180,40,100,-96
10754,Nov 29 2003,World Cup qualifier in Mongolia,Mongolia,Maldives,796,904,0,1,-20,20,776,924,208,194,0,1,208,195,40,100,-8
10755,Nov 29 2003,World Cup qualifier in Pakistan,Pakistan,Kyrgyzstan,874,1149,0,2,-16,16,858,1165,205,155,-3,6,202,161,40,100,-175
10756,Nov 29 2003,Asian Cup qualifier in Singapore,Singapore,Qatar,1194,1499,0,2,-14,14,1180,1513,162,74,-4,4,158,78,40,100,-205
10757,Nov 30 2003,CECAFA Cup in Sudan,Sudan,Zanzibar,1364,1154,4,0,11,-11,1375,1143,110,172,4,-4,114,168,40,100,310
10758,Nov 30 2003,World Cup qualifier in Tajikistan,Tajikistan,Bangladesh,1425,1015,2,0,3,-3,1428,1012,98,188,2,0,100,188,20,0,410
10759,Nov 30 2003,CECAFA Cup in Sudan,Uganda,Eritrea,1374,1159,2,1,9,-9,1383,1150,111,169,1,-3,112,166,40,0,215
10760,Dec 2 2003,CECAFA Cup in Sudan,Kenya,Eritrea,1497,1150,3,2,5,-5,1502,1145,83,170,0,-2,83,168,40,0,347
10761,Dec 2 2003,Friendly in Kuwait,Kuwait,Iran,1537,1733,3,1,19,-19,1556,1714,64,37,3,-2,67,35,20,100,-96
10762,Dec 2 2003,CECAFA Cup in Sudan,Rwanda,Zanzibar,1365,1143,2,2,-11,11,1354,1154,123,158,-3,5,120,163,30,100,322
10763,Dec 3 2003,World Cup qualifier in Kyrgyzstan,Kyrgyzstan,Pakistan,1165,858,4,0,7,-7,1172,851,157,206,2,-2,159,204,40,100,407
10764,Dec 3 2003,World Cup qualifier in the Maldives,Maldives,Mongolia,924,776,12,0,22,-22,946,754,191,212,2,-2,193,210,40,100,248
10765,Dec 3 2003,World Cup qualifier in Sri Lanka,Sri Lanka,Laos,936,915,3,0,23,-23,959,892,187,198,3,-1,190,197,40,100,121
10766,Dec 4 2003,East Asian Championship in Japan,Japan,China,1780,1588,2,0,9,-9,1789,1579,22,64,2,-2,24,62,40,100,292
10767,Dec 4 2003,CECAFA Cup in Sudan,Kenya,Uganda,1502,1383,1,1,-7,7,1495,1390,83,114,0,-1,83,113,40,0,119
10768,Dec 4 2003,East Asian Championship in Japan,South Korea,Hong Kong,1663,1190,3,1,4,-4,1667,1186,40,158,3,-1,43,157,40,0,473
10769,Dec 4 2003,CECAFA Cup in Sudan,Sudan,Rwanda,1375,1354,3,0,23,-23,1398,1331,104,132,5,-6,109,126,40,100,121
10770,Dec 5 2003,CEMAC Cup in Congo,Congo,Gabon,1371,1427,3,2,17,-17,1388,1410,113,115,1,-7,114,108,30,0,-56
10771,Dec 7 2003,East Asian Championship in Japan,Japan,Hong Kong,1789,1186,1,0,1,-1,1790,1185,24,157,0,0,24,157,20,0,603
10772,Dec 7 2003,East Asian Championship in Japan,South Korea,China,1667,1579,1,0,15,-15,1682,1564,37,66,3,-2,40,64,40,0,88
10773,Dec 8 2003,CECAFA Cup in Sudan,Kenya,Rwanda,1495,1331,1,1,-9,9,1486,1340,83,124,0,1,83,125,40,0,164
10774,Dec 8 2003,CECAFA Cup in Sudan,Sudan,Uganda,1398,1390,0,0,-6,6,1392,1396,115,107,-3,3,112,110,40,100,108
10775,Dec 9 2003,CEMAC Cup in Congo,Congo,Gabon,1388,1410,1,1,-4,4,1384,1414,114,108,0,0,114,108,40,100,78
10776,Dec 10 2003,East Asian Championship in Japan,China,Hong Kong,1564,1185,3,1,6,-6,1570,1179,64,159,0,-1,64,158,40,0,379
10777,Dec 10 2003,East Asian Championship in Japan,Japan,South Korea,1790,1682,0,0,-11,11,1779,1693,28,38,-2,1,26,39,40,100,208
10778,Dec 10 2003,CECAFA Cup in Sudan,Sudan,Kenya,1392,1486,1,2,-20,20,1372,1506,118,81,-3,1,115,82,40,100,6
10779,Dec 10 2003,CECAFA Cup in Sudan,Uganda,Rwanda,1396,1340,2,0,25,-25,1421,1315,96,131,7,-3,103,128,40,0,56
10780,Dec 11 2003,CEMAC Cup in Congo,Central African Republic,Gabon,1191,1414,2,0,47,-47,1238,1367,137,123,9,-7,146,116,40,0,-223
10781,Dec 11 2003,Friendly in Malta,Malta,Poland,1235,1735,0,4,-3,3,1232,1738,149,28,-1,1,148,29,20,100,-400
10782,Dec 12 2003,Friendly tournament in Bahrain,Bahrain,Iraq,1513,1619,2,2,0,0,1513,1619,78,54,0,0,78,54,20,100,-6
10783,Dec 12 2003,Friendly tournament in Bahrain,Egypt,Kenya,1663,1506,1,0,9,-9,1672,1497,39,84,4,-1,43,83,30,0,157
10784,Dec 13 2003,Friendly in Botswana,Botswana,Zimbabwe,1237,1477,0,2,-9,9,1228,1486,153,84,-3,0,150,84,20,100,-140
10785,Dec 13 2003,CEMAC Cup in Congo,Congo,Gabon,1384,1367,1,0,14,-14,1398,1353,106,122,3,-3,109,119,30,0,17
10786,Dec 14 2003,Friendly in Malta,Poland,Lithuania,1738,1429,3,1,4,-4,1742,1425,29,103,0,-2,29,101,20,0,309
10787,Dec 14 2003,Friendly in the United Arab Emirates,United Arab Emirates,Azerbaijan,1446,1347,3,3,-5,5,1441,1352,99,119,-2,1,97,120,20,100,199
10788,Dec 15 2003,Friendly tournament in Bahrain,Bahrain,Egypt,1513,1672,0,1,-12,12,1501,1684,86,39,-4,2,82,41,30,100,-59
10789,Dec 15 2003,Friendly tournament in Bahrain,Iraq,Kenya,1619,1497,2,0,15,-15,1634,1482,52,85,1,-1,53,84,30,0,122
10790,Dec 16 2003,Friendly in Cyprus,Kuwait,Lebanon,1556,1344,2,0,7,-7,1563,1337,65,126,1,-1,66,125,20,0,212
10791,Dec 17 2003,Friendly in Oman,Oman,Azerbaijan,1531,1352,1,0,3,-3,1534,1349,71,120,0,0,71,120,20,100,279
10792,Dec 17 2003,Friendly in Saudi Arabia,Saudi Arabia,Estonia,1665,1415,1,1,-8,8,1657,1423,50,97,-2,5,48,102,20,100,350
10793,Dec 18 2003,Friendly tournament in Bahrain,Bahrain,Kenya,1501,1482,2,1,10,-10,1511,1472,76,88,3,-2,79,86,30,100,119
10794,Dec 18 2003,Friendly tournament in Bahrain,Egypt,Iraq,1684,1634,2,0,19,-19,1703,1615,37,57,2,-2,39,55,30,0,50
10795,Dec 18 2003,Friendly in Cyprus,Kuwait,Lebanon,1563,1337,0,0,-6,6,1557,1343,68,123,-1,1,67,124,20,0,226
10796,Dec 20 2003,Friendly in Cyprus,Kuwait,Latvia,1557,1558,2,0,15,-15,1572,1543,61,72,3,-3,64,69,20,0,-1
10797,Dec 20 2003,Friendly in Oman,Oman,Estonia,1534,1423,3,1,7,-7,1541,1416,71,112,0,-5,71,107,20,100,211
10798,Dec 20 2003,Friendly in Saudi Arabia,Saudi Arabia,Azerbaijan,1657,1349,1,0,2,-2,1659,1347,46,122,1,-1,47,121,20,100,408
10799,Dec 21 2003,Friendly in Qatar,Qatar,Iraq,1513,1615,0,0,0,0,1513,1615,78,55,0,0,78,55,20,100,-2
10800,Dec 21 2003,Friendly in the United Arab Emirates,United Arab Emirates,Kenya,1441,1472,2,2,-2,2,1439,1474,97,86,0,0,97,86,20,100,69
10801,Dec 26 2003,Friendly in Bermuda,Bermuda,Barbados,1281,1359,1,2,-11,11,1270,1370,141,115,-3,1,138,116,20,100,22
10802,Dec 26 2003,Gulf Cup in Kuwait,Kuwait,Oman,1572,1541,0,0,-7,7,1565,1548,66,65,-1,3,65,68,40,100,131
10803,Dec 26 2003,Gulf Cup in Kuwait,Saudi Arabia,United Arab Emirates,1659,1439,2,0,13,-13,1672,1426,41,101,3,-2,44,99,40,0,220
10804,Dec 27 2003,Gulf Cup in Kuwait,Bahrain,Qatar,1511,1513,0,0,0,0,1511,1513,79,78,0,0,79,78,20,0,-2
10805,Dec 27 2003,Friendly in the United States,Haiti,Bahamas,1476,852,6,0,1,-1,1477,851,83,203,1,0,84,203,20,0,624
10806,Dec 28 2003,Gulf Cup in Kuwait,Oman,Yemen,1548,1172,1,1,-16,16,1532,1188,74,153,-3,3,71,156,40,0,376
10807,Dec 29 2003,Gulf Cup in Kuwait,Kuwait,United Arab Emirates,1565,1426,0,2,-48,48,1517,1474,87,73,-11,13,76,86,40,100,239
10808,Dec 29 2003,Gulf Cup in Kuwait,Qatar,Saudi Arabia,1513,1672,0,0,9,-9,1522,1663,70,50,4,-3,74,47,40,0,-159
10809,Dec 30 2003,Gulf Cup in Kuwait,Bahrain,Yemen,1511,1188,5,1,10,-10,1521,1178,71,162,4,-3,75,159,40,0,323
10810,Dec 31 2003,Gulf Cup in Kuwait,Oman,United Arab Emirates,1532,1474,2,0,25,-25,1557,1449,62,98,4,-6,66,92,40,0,58
10811,Jan 1 2004,Friendly in Bermuda,Bermuda,Barbados,1270,1370,0,4,-19,19,1251,1389,148,110,-5,3,143,113,20,100,0
10812,Jan 1 2004,Gulf Cup in Kuwait,Kuwait,Yemen,1517,1178,4,0,6,-6,1523,1172,71,159,3,0,74,159,40,100,439
10813,Jan 1 2004,Gulf Cup in Kuwait,Saudi Arabia,Bahrain,1663,1521,1,0,12,-12,1675,1509,39,85,4,-5,43,80,40,0,142
10814,Jan 3 2004,Gulf Cup in Kuwait,Bahrain,Oman,1509,1557,1,0,23,-23,1532,1534,62,74,9,-4,71,70,40,0,-48
10815,Jan 3 2004,Gulf Cup in Kuwait,Qatar,United Arab Emirates,1522,1449,0,0,-4,4,1518,1453,77,88,-1,2,76,90,40,0,73
10816,Jan 4 2004,Gulf Cup in Kuwait,Kuwait,Saudi Arabia,1523,1675,1,1,3,-3,1526,1672,73,45,1,-1,74,44,40,100,-52
10817,Jan 5 2004,Gulf Cup in Kuwait,Qatar,Yemen,1518,1172,3,0,8,-8,1526,1164,72,163,2,-2,74,161,40,0,346
10818,Jan 6 2004,Gulf Cup in Kuwait,Saudi Arabia,Oman,1672,1534,2,1,12,-12,1684,1522,40,82,2,-6,42,76,40,0,138
10819,Jan 7 2004,Gulf Cup in Kuwait,Bahrain,United Arab Emirates,1532,1453,3,1,23,-23,1555,1430,62,104,4,-7,66,97,40,0,79
10820,Jan 8 2004,Friendly in Cuba,Cuba,Martinique,1542,1423,0,0,-6,6,1536,1429,72,96,-1,3,71,99,20,100,219
10821,Jan 8 2004,Friendly in Egypt,Egypt,Rwanda,1703,1315,5,1,2,-2,1705,1313,37,128,1,0,38,128,20,100,488
10822,Jan 8 2004,Gulf Cup in Kuwait,Kuwait,Qatar,1526,1526,1,2,-26,26,1500,1552,91,63,-9,5,82,68,40,100,100
10823,Jan 8 2004,Gulf Cup in Kuwait,Saudi Arabia,Yemen,1684,1164,2,0,3,-3,1687,1161,42,161,0,0,42,161,40,0,520
10824,Jan 10 2004,Gulf Cup in Kuwait,Kuwait,Bahrain,1500,1555,0,4,-42,42,1458,1597,96,50,-7,8,89,58,40,100,45
10825,Jan 10 2004,COSAFA Cup in Mauritius,Mauritius,South Africa,1301,1646,2,0,48,-48,1349,1598,110,63,10,-6,120,57,40,100,-245
10826,Jan 10 2004,Friendly tournament in Suriname,Suriname,Netherlands Antilles,1294,1154,1,1,-9,9,1285,1163,136,159,-2,2,134,161,30,100,240
10827,Jan 11 2004,Friendly in Barbados,Barbados,Grenada,1389,1258,2,0,6,-6,1395,1252,111,144,1,-2,112,142,20,100,231
10828,Jan 11 2004,Gulf Cup in Kuwait,Oman,Qatar,1522,1552,2,0,33,-33,1555,1519,59,82,8,-7,67,75,40,0,-30
10829,Jan 11 2004,Gulf Cup in Kuwait,United Arab Emirates,Yemen,1430,1161,3,0,12,-12,1442,1149,97,170,0,-4,97,166,40,0,269
10830,Jan 14 2004,Friendly in Egypt,Egypt,DR Congo,1705,1509,2,2,-7,7,1698,1516,40,74,-1,3,39,77,20,100,296
10831,Jan 14 2004,Friendly in Tunisia,Tunisia,Benin,1648,1340,2,0,3,-3,1651,1337,48,126,1,0,49,126,20,100,408
10832,Jan 15 2004,Friendly in Algeria,Algeria,Mali,1526,1555,0,2,-18,18,1508,1573,86,63,-6,2,80,65,20,100,71
10833,Jan 16 2004,Friendly in Libya,Libya,Kenya,1391,1474,2,0,14,-14,1405,1460,105,91,4,-3,109,88,20,100,17
10834,Jan 17 2004,Friendly in Egypt,Egypt,Burkina Faso,1698,1448,1,1,-8,8,1690,1456,41,87,-1,3,40,90,20,100,350
10835,Jan 17 2004,Friendly tournament in the Netherlands Antilles,Netherlands Antilles,Suriname,1163,1285,2,0,24,-24,1187,1261,151,144,5,-5,156,139,30,100,-22
10836,Jan 17 2004,Friendly in Tunisia,Tunisia,Benin,1651,1337,2,1,2,-2,1653,1335,49,126,0,0,49,126,20,100,414
10837,Jan 18 2004,Friendly in Barbados,Barbados,Canada,1395,1596,0,1,-7,7,1388,1603,113,51,0,4,113,55,20,100,-101
10838,Jan 18 2004,Friendly in Guadeloupe,Guadeloupe,Saint Lucia,1357,1279,2,0,8,-8,1365,1271,116,137,1,-1,117,136,20,100,178
10839,Jan 18 2004,Friendly in Senegal,Senegal,South Africa,1752,1598,2,1,4,-4,1756,1594,28,61,0,-2,28,59,20,100,254
10840,Jan 19 2004,Friendly in Libya,Libya,Kenya,1405,1460,2,0,13,-13,1418,1447,105,98,2,-5,107,93,20,100,45
10841,Jan 20 2004,Friendly in France,Guinea,Burkina Faso,1516,1456,1,0,8,-8,1524,1448,72,95,2,-3,74,92,20,0,60
10842,Jan 22 2004,Friendly tournament in Hong Kong,Norway,Sweden,1710,1803,3,0,33,-33,1743,1770,22,31,7,-5,29,26,30,0,-93
10843,Jan 24 2004,African Nations Cup in Tunisia,Tunisia,Rwanda,1653,1313,2,1,4,-4,1657,1309,49,129,0,0,49,129,30,0,340
10844,Jan 25 2004,African Nations Cup in Tunisia,Algeria,Cameroon,1508,1786,1,1,17,-17,1525,1769,70,29,5,-3,75,26,50,0,-278
10845,Jan 25 2004,African Nations Cup in Tunisia,Egypt,Zimbabwe,1690,1486,2,1,12,-12,1702,1474,38,86,1,-2,39,84,50,0,204
10846,Jan 25 2004,African Nations Cup in Tunisia,Guinea,DR Congo,1524,1516,2,1,24,-24,1548,1492,64,85,5,-4,69,81,50,0,8
10847,Jan 25 2004,Friendly tournament in Hong Kong,Norway,Honduras,1743,1666,3,1,18,-18,1761,1648,27,54,1,-4,28,50,30,0,77
10848,Jan 26 2004,African Nations Cup in Tunisia,Burkina Faso,Senegal,1448,1756,0,0,18,-18,1466,1738,82,31,5,-1,87,30,50,0,-308
10849,Jan 26 2004,African Nations Cup in Tunisia,Mali,Kenya,1573,1447,3,1,24,-24,1597,1423,51,111,7,-9,58,102,50,0,126
10850,Jan 27 2004,Friendly in China,China,Macedonia,1570,1477,0,0,-5,5,1565,1482,66,82,0,0,66,82,20,100,193
10851,Jan 27 2004,African Nations Cup in Tunisia,Morocco,Nigeria,1574,1737,1,0,36,-36,1610,1701,45,47,10,-8,55,39,50,0,-163
10852,Jan 27 2004,African Nations Cup in Tunisia,South Africa,Benin,1594,1335,2,0,14,-14,1608,1321,52,128,4,-1,56,127,50,0,259
10853,Jan 28 2004,Friendly in the British Virgin Islands,British Virgin Islands,Dominica,861,1044,0,1,-8,8,853,1052,201,178,0,4,201,182,20,100,-83
10854,Jan 28 2004,Friendly in El Salvador,El Salvador,Panama,1510,1396,1,1,-5,5,1505,1401,79,108,0,2,79,110,20,100,214
10855,Jan 28 2004,African Nations Cup in Tunisia,Guinea,Rwanda,1548,1309,1,1,-15,15,1533,1324,75,123,-3,3,72,126,40,100,339
10856,Jan 28 2004,Friendly in the Netherlands Antilles,Netherlands Antilles,Aruba,1187,957,6,1,5,-5,1192,952,156,191,0,0,156,191,20,100,330
10857,Jan 28 2004,Friendly in Singapore,Singapore,Norway,1180,1761,2,5,-2,2,1178,1763,160,28,-1,0,159,28,20,100,-481
10858,Jan 28 2004,African Nations Cup in Tunisia,Tunisia,DR Congo,1657,1492,3,0,16,-16,1673,1476,42,85,3,-2,45,83,50,100,265
10859,Jan 29 2004,African Nations Cup in Tunisia,Algeria,Egypt,1525,1702,2,1,37,-37,1562,1665,61,54,7,-8,68,46,50,0,-177
10860,Jan 29 2004,African Nations Cup in Tunisia,Cameroon,Zimbabwe,1769,1474,5,3,12,-12,1781,1462,20,92,3,-4,23,88,50,0,295
10861,Jan 29 2004,Friendly in China,China,Macedonia,1565,1482,1,0,5,-5,1570,1477,66,81,0,0,66,81,20,100,183
10862,Jan 30 2004,Friendly tournament in the British Virgin Islands,British Virgin Islands,US Virgin Islands,853,690,5,0,11,-11,864,679,201,221,0,-2,201,219,20,0,163
10863,Jan 30 2004,African Nations Cup in Tunisia,Mali,Burkina Faso,1597,1466,3,1,24,-24,1621,1442,46,104,7,-9,53,95,50,0,131
10864,Jan 30 2004,African Nations Cup in Tunisia,Senegal,Kenya,1738,1423,3,0,12,-12,1750,1411,28,116,1,-7,29,109,50,0,315
10865,Jan 31 2004,Friendly in Antigua and Barbuda,Antigua and Barbuda,Saint Kitts and Nevis,1086,1371,1,0,15,-15,1101,1356,175,120,0,-2,175,118,20,100,-185
10866,Jan 31 2004,Friendly tournament in the British Virgin Islands,Dominica,US Virgin Islands,1052,679,5,0,6,-6,1058,673,182,221,0,-1,182,220,30,0,373
10867,Jan 31 2004,Friendly in Grenada,Grenada,Barbados,1252,1388,0,1,-9,9,1243,1397,148,113,-3,0,145,113,20,100,-36
10868,Jan 31 2004,Friendly in the United States,Haiti,Nicaragua,1477,947,1,1,-9,9,1468,956,87,190,-3,1,84,191,20,0,530
10869,Jan 31 2004,African Nations Cup in Tunisia,Morocco,Benin,1610,1321,4,0,15,-15,1625,1306,50,132,3,-2,53,130,50,0,289
10870,Jan 31 2004,African Nations Cup in Tunisia,Nigeria,South Africa,1701,1608,4,0,35,-35,1736,1573,24,73,7,-8,31,65,50,0,93
10871,Feb 1 2004,Friendly tournament in the British Virgin Islands,British Virgin Islands,Dominica,864,1058,1,2,-11,11,853,1069,201,180,0,1,201,181,30,100,-94
10872,Feb 1 2004,African Nations Cup in Tunisia,Rwanda,DR Congo,1324,1476,1,0,35,-35,1359,1441,110,110,8,-14,118,96,50,0,-152
10873,Feb 1 2004,African Nations Cup in Tunisia,Tunisia,Guinea,1673,1533,1,1,-15,15,1658,1548,50,67,-3,3,47,70,50,100,240
10874,Feb 2 2004,African Nations Cup in Tunisia,Kenya,Burkina Faso,1411,1442,3,0,48,-48,1459,1394,65,132,22,-19,87,113,50,0,-31
10875,Feb 2 2004,African Nations Cup in Tunisia,Mali,Senegal,1621,1750,1,1,9,-9,1630,1741,50,31,2,-1,52,30,50,0,-129
10876,Feb 3 2004,African Nations Cup in Tunisia,Cameroon,Egypt,1781,1665,0,0,-8,8,1773,1673,27,43,-2,1,25,44,30,100,216
10877,Feb 3 2004,Friendly in China,China,Finland,1570,1706,2,1,11,-11,1581,1695,60,39,3,-1,63,38,20,100,-36
10878,Feb 3 2004,African Nations Cup in Tunisia,Zimbabwe,Algeria,1462,1562,2,1,32,-32,1494,1530,76,78,5,-5,81,73,50,0,-100
10879,Feb 4 2004,African Nations Cup in Tunisia,Morocco,South Africa,1625,1573,1,1,-4,4,1621,1577,54,66,0,0,54,66,20,100,152
10880,Feb 4 2004,African Nations Cup in Tunisia,Nigeria,Benin,1736,1306,2,1,4,-4,1740,1302,31,130,0,0,31,130,50,0,430
10881,Feb 7 2004,Friendly in China,China,Finland,1581,1695,2,1,10,-10,1591,1685,59,44,2,-3,61,41,20,100,-14
10882,Feb 7 2004,Friendly in Japan,Japan,Malaysia,1779,1266,4,0,1,-1,1780,1265,24,139,0,-1,24,138,20,100,613
10883,Feb 7 2004,African Nations Cup in Tunisia,Mali,Guinea,1630,1548,2,1,19,-19,1649,1529,48,77,2,-4,50,73,50,0,82
10884,Feb 7 2004,African Nations Cup in Tunisia,Tunisia,Senegal,1658,1741,1,0,24,-24,1682,1717,37,38,5,-4,42,34,50,100,17
10885,Feb 8 2004,Friendly in Lebanon,Lebanon,Bahrain,1343,1597,2,1,14,-14,1357,1583,112,66,7,-3,119,63,20,100,-154
10886,Feb 8 2004,African Nations Cup in Tunisia,Morocco,Algeria,1621,1530,3,1,28,-28,1649,1502,46,88,4,-8,50,80,50,0,91
10887,Feb 8 2004,African Nations Cup in Tunisia,Nigeria,Cameroon,1740,1773,2,1,27,-27,1767,1746,22,33,4,-4,26,29,50,0,-33
10888,Feb 8 2004,Friendly in Saint Lucia,Saint Lucia,St Vincent & Grenadines,1271,1256,1,2,-13,13,1258,1269,144,132,-4,4,140,136,20,100,115
10889,Feb 10 2004,Friendly in Bermuda,Bermuda,Trinidad and Tobago,1251,1419,0,1,-8,8,1243,1427,146,95,-2,5,144,100,20,100,-68
10890,Feb 11 2004,African Nations Cup in Tunisia,Morocco,Mali,1649,1649,4,0,47,-47,1696,1602,26,64,12,-7,38,57,50,0,0
10891,Feb 11 2004,African Nations Cup in Tunisia,Tunisia,Nigeria,1682,1767,1,1,-1,1,1681,1768,44,26,-1,0,43,26,30,100,15
10892,Feb 12 2004,Friendly in Bermuda,Bermuda,Trinidad and Tobago,1243,1427,2,2,2,-2,1245,1425,144,102,0,-1,144,101,20,100,-84
10893,Feb 12 2004,Friendly in Japan,Japan,Iraq,1780,1615,2,0,5,-5,1785,1610,22,55,1,0,23,55,20,100,265
10894,Feb 12 2004,Friendly in Jordan,Jordan,Indonesia,1581,1345,2,1,3,-3,1584,1342,62,126,1,0,63,126,20,100,336
10895,Feb 13 2004,African Nations Cup in Tunisia,Nigeria,Mali,1768,1602,2,1,14,-14,1782,1588,22,65,2,-4,24,61,50,0,166
10896,Feb 13 2004,Friendly in Qatar,Qatar,Bahrain,1519,1583,2,0,13,-13,1532,1570,69,68,3,-2,72,66,20,100,36
10897,Feb 14 2004,Friendly tournament in Malta,Malta,Moldova,1232,1415,0,0,4,-4,1236,1411,147,108,0,0,147,108,30,100,-83
10898,Feb 14 2004,Friendly in South Korea,South Korea,Oman,1693,1555,5,0,8,-8,1701,1547,37,68,1,0,38,68,20,100,238
10899,Feb 14 2004,African Nations Cup in Tunisia,Tunisia,Morocco,1681,1696,2,1,19,-19,1700,1677,35,50,4,-6,39,44,50,100,85
10900,Feb 15 2004,Friendly in Barbados,Barbados,Guyana,1397,1102,0,2,-27,27,1370,1129,118,166,-3,4,115,170,20,100,395
10901,Feb 16 2004,Friendly tournament in Malta,Malta,Estonia,1236,1416,5,2,32,-32,1268,1384,127,117,10,-5,137,112,30,100,-80
10902,Feb 18 2004,Friendly in Albania,Albania,Sweden,1515,1770,2,1,14,-14,1529,1756,71,28,3,-1,74,27,20,100,-155
10903,Feb 18 2004,World Cup qualifier in Antigua and Barbuda,Antigua and Barbuda,Netherlands Antilles,1101,1192,2,0,29,-29,1130,1163,165,164,5,-4,170,160,40,100,9
10904,Feb 18 2004,World Cup qualifier in Bahrain,Bahrain,Syria,1570,1365,2,1,6,-6,1576,1359,66,118,0,-1,66,117,40,100,305
10905,Feb 18 2004,Friendly in Belgium,Belgium,France,1804,2052,0,2,-9,9,1795,2061,23,1,-2,0,21,1,20,100,-148
10906,Feb 18 2004,Friendly in the United States,Chile,Mexico,1629,1848,1,1,6,-6,1635,1842,53,11,0,1,53,12,20,0,-219
10907,Feb 18 2004,World Cup qualifier in China,China,Kuwait,1591,1458,1,0,8,-8,1599,1450,57,92,1,-2,58,90,40,100,233
10908,Feb 18 2004,Friendly in Croatia,Croatia,Germany,1828,1882,1,2,-11,11,1817,1893,19,11,-1,0,18,11,20,100,46
10909,Feb 18 2004,Friendly tournament in Cyprus,Cyprus,Belarus,1468,1518,0,2,-26,26,1442,1544,102,66,-9,5,93,71,30,100,50
10910,Feb 18 2004,Friendly tournament in Malta,Estonia,Moldova,1384,1411,1,0,16,-16,1400,1395,104,115,4,-4,108,111,30,0,-27
10911,Feb 18 2004,Friendly in Greece,Greece,Bulgaria,1793,1765,2,0,10,-10,1803,1755,19,29,1,-1,20,28,20,100,128
10912,Feb 18 2004,World Cup qualifier in the United States,Haiti,Turks and Caicos Islands,1468,767,5,0,1,-1,1469,766,82,208,1,0,83,208,20,0,701
10913,Feb 18 2004,Friendly in Honduras,Honduras,Colombia,1648,1704,1,1,-1,1,1647,1705,51,37,0,0,51,37,20,100,44
10914,Feb 18 2004,Friendly tournament in Cyprus,Hungary,Armenia,1528,1443,2,0,17,-17,1545,1426,65,104,5,-5,70,99,30,0,85
10915,Feb 18 2004,World Cup qualifier in India,India,Singapore,1154,1178,1,0,16,-16,1170,1162,155,163,4,-2,159,161,30,0,-24
10916,Feb 18 2004,World Cup qualifier in Iran,Iran,Qatar,1714,1532,3,1,10,-10,1724,1522,30,82,3,-5,33,77,40,100,282
10917,Feb 18 2004,Friendly in Ireland,Ireland,Brazil,1833,1991,0,0,2,-2,1835,1989,13,5,1,0,14,5,20,100,-58
10918,Feb 18 2004,Friendly in Israel,Israel,Azerbaijan,1651,1347,6,0,4,-4,1655,1343,46,126,2,-1,48,125,20,100,404
10919,Feb 18 2004,Friendly in Italy,Italy,Czechia,1924,1983,2,2,-1,1,1923,1984,8,6,0,0,8,6,20,100,41
10920,Feb 18 2004,Friendly in Jamaica,Jamaica,Uruguay,1599,1862,2,0,22,-22,1621,1840,53,14,2,-1,55,13,20,100,-163
10921,Feb 18 2004,World Cup qualifier in Japan,Japan,Oman,1785,1547,1,0,5,-5,1790,1542,23,76,0,-4,23,72,40,100,338
10922,Feb 18 2004,World Cup qualifier in Jordan,Jordan,Laos,1584,892,5,0,1,-1,1585,891,63,197,0,0,63,197,20,0,692
10923,Feb 18 2004,World Cup qualifier in Kyrgyzstan,Kyrgyzstan,Tajikistan,1172,1428,1,2,-12,12,1160,1440,166,91,-3,4,163,95,40,100,-156
10924,Feb 18 2004,Friendly tournament in Cyprus,Latvia,Kazakhstan,1543,1420,3,1,15,-15,1558,1405,64,107,3,-1,67,106,30,0,123
10925,Feb 18 2004,Friendly in Libya,Libya,Ukraine,1418,1658,1,1,4,-4,1422,1654,98,49,4,0,102,49,20,100,-140
10926,Feb 18 2004,Friendly in Macedonia,Macedonia,Bosnia and Herzegovina,1477,1599,1,0,11,-11,1488,1588,82,63,0,-3,82,60,20,100,-22
10927,Feb 18 2004,World Cup qualifier in Malaysia,Malaysia,Hong Kong,1265,1179,1,3,-45,45,1220,1224,167,142,-14,8,153,150,40,100,186
10928,Feb 18 2004,Friendly in Morocco,Morocco,Switzerland,1677,1726,2,1,9,-9,1686,1717,40,35,2,-1,42,34,20,100,51
10929,Feb 18 2004,Friendly in the Netherlands,Netherlands,United States,1992,1832,1,0,4,-4,1996,1828,4,16,0,0,4,16,20,100,260
10930,Feb 18 2004,Friendly in Northern Ireland,Northern Ireland,Norway,1469,1763,1,4,-9,9,1460,1772,87,24,-2,2,85,26,20,100,-194
10931,Feb 18 2004,World Cup qualifier in Qatar,Palestine,Taiwan,1232,1071,8,0,27,-27,1259,1044,132,192,8,-6,140,186,40,0,161
10932,Feb 18 2004,Friendly in Spain,Poland,Slovenia,1742,1665,2,0,12,-12,1754,1653,28,52,1,-2,29,50,20,0,77
10933,Feb 18 2004,Friendly in Portugal,Portugal,England,1919,1955,1,1,-2,2,1917,1957,9,7,0,0,9,7,20,100,64
10934,Feb 18 2004,Friendly tournament in Cyprus,Romania,Georgia,1804,1564,3,0,11,-11,1815,1553,19,69,0,-1,19,68,30,0,240
10935,Feb 18 2004,World Cup qualifier in Saudi Arabia,Saudi Arabia,Indonesia,1687,1342,3,0,5,-5,1692,1337,39,126,1,0,40,126,40,100,445
10936,Feb 18 2004,World Cup qualifier in South Korea,South Korea,Lebanon,1701,1357,2,0,4,-4,1705,1353,36,121,1,-1,37,120,20,0,344
10937,Feb 18 2004,Friendly in Spain,Spain,Peru,2006,1690,2,1,2,-2,2008,1688,3,42,0,-1,3,41,20,100,416
10938,Feb 18 2004,Friendly in Turkey,Turkey,Denmark,1842,1896,0,1,-11,11,1831,1907,16,10,-1,0,15,10,20,100,46
10939,Feb 18 2004,World Cup qualifier in Turkmenistan,Turkmenistan,Sri Lanka,1447,959,2,0,2,-2,1449,957,90,190,1,0,91,190,20,0,488
10940,Feb 18 2004,World Cup qualifier in the United Arab Emirates,United Arab Emirates,Thailand,1442,1444,1,0,15,-15,1457,1429,79,101,8,-4,87,97,30,0,-2
10941,Feb 18 2004,World Cup qualifier in the US Virgin Islands,US Virgin Islands,Saint Kitts and Nevis,673,1356,0,4,-3,3,670,1359,220,114,0,3,220,117,40,100,-583
10942,Feb 18 2004,World Cup qualifier in Uzbekistan,Uzbekistan,Iraq,1503,1610,1,1,0,0,1503,1610,79,57,0,-1,79,56,20,100,-7
10943,Feb 18 2004,Friendly in Venezuela,Venezuela,Australia,1636,1828,1,1,3,-3,1639,1825,52,17,0,0,52,17,20,100,-92
10944,Feb 18 2004,World Cup qualifier in Vietnam,Vietnam,Maldives,1292,946,4,0,5,-5,1297,941,132,195,0,-1,132,194,20,0,346
10945,Feb 18 2004,Friendly in Wales,Wales,Scotland,1617,1680,4,0,17,-17,1634,1663,54,51,0,-4,54,47,20,100,37
10946,Feb 18 2004,World Cup qualifier in Yemen,Yemen,North Korea,1149,1426,1,1,9,-9,1158,1417,162,110,2,-5,164,105,40,100,-177
10947,Feb 19 2004,Friendly tournament in Cyprus,Armenia,Kazakhstan,1426,1405,3,3,-1,1,1425,1406,99,106,0,0,99,106,20,0,21
10948,Feb 19 2004,Friendly tournament in Cyprus,Cyprus,Georgia,1442,1553,3,1,23,-23,1465,1530,75,78,9,-5,84,73,30,100,-11
10949,Feb 19 2004,Friendly tournament in Cyprus,Hungary,Latvia,1545,1558,2,1,16,-16,1561,1542,64,71,3,-2,67,69,30,0,-13
10950,Feb 19 2004,Friendly tournament in Cyprus,Romania,Belarus,1815,1544,2,0,8,-8,1823,1536,17,71,1,0,18,71,30,0,271
10951,Feb 21 2004,Friendly tournament in Cyprus,Armenia,Georgia,1425,1530,2,0,29,-29,1454,1501,79,87,10,-7,89,80,30,0,-105
10952,Feb 21 2004,Friendly tournament in Cyprus,Belarus,Latvia,1536,1542,4,1,27,-27,1563,1515,63,83,4,-7,67,76,30,0,-6
10953,Feb 21 2004,Friendly tournament in Cyprus,Cyprus,Kazakhstan,1465,1406,2,1,9,-9,1474,1397,82,114,1,-4,83,110,30,100,159
10954,Feb 21 2004,World Cup qualifier in the United States,Haiti,Turks and Caicos Islands,1469,766,2,0,1,-1,1470,765,85,208,-1,0,84,208,20,0,703
10955,Feb 21 2004,Friendly in Spain,Poland,Faroe Islands,1754,1231,6,0,2,-2,1756,1229,25,148,2,0,27,148,20,0,523
10956,Feb 21 2004,Friendly tournament in Cyprus,Romania,Hungary,1823,1561,3,0,10,-10,1833,1551,12,69,3,-1,15,68,30,0,262
10957,Feb 22 2004,World Cup qualifier in the British Virgin Islands,British Virgin Islands,Saint Lucia,853,1258,0,1,-6,6,847,1264,207,137,-3,2,204,139,40,100,-305
10958,Feb 22 2004,World Cup qualifier in the Cayman Islands,Cayman Islands,Cuba,1105,1536,1,2,-5,5,1100,1541,177,71,-2,0,175,71,40,100,-331
10959,Feb 24 2004,Friendly in Spain,Faroe Islands,Luxembourg,1229,1086,4,2,9,-9,1238,1077,146,180,1,-2,147,178,20,0,143
10960,Feb 28 2004,World Cup qualifier in Aruba,Aruba,Suriname,952,1261,1,2,-9,9,943,1270,194,132,-1,4,193,136,40,100,-209
10961,Feb 28 2004,World Cup qualifier in Grenada,Grenada,Guyana,1243,1129,5,0,18,-18,1261,1111,136,173,5,-1,141,172,40,100,214
10962,Feb 29 2004,World Cup qualifier in Bermuda,Bermuda,Montserrat,1245,527,13,0,1,-1,1246,526,146,228,0,0,146,228,20,0,718
10963,Feb 29 2004,COSAFA Cup in Lesotho,Lesotho,Botswana,1172,1228,0,0,-3,3,1169,1231,160,149,-1,0,159,149,40,100,44
10964,Feb 29 2004,Friendly in Nicaragua,Nicaragua,Haiti,956,1470,1,1,8,-8,964,1462,189,86,1,-1,190,85,20,100,-414
10965,Mar 2 2004,Friendly in Trinidad and Tobago,Trinidad and Tobago,Guyana,1425,1111,1,0,2,-2,1427,1109,100,172,0,0,100,172,20,100,414
10966,Mar 10 2004,Friendly in Mexico,Mexico,Ecuador,1842,1716,2,1,4,-4,1846,1712,12,36,0,0,12,36,20,100,226
10967,Mar 10 2004,Friendly in Venezuela,Venezuela,Honduras,1639,1647,2,1,7,-7,1646,1640,50,53,1,-1,51,52,20,100,92
10968,Mar 12 2004,Friendly in Barbados,Barbados,Dominica,1370,1069,2,1,2,-2,1372,1067,113,180,1,0,114,180,20,100,401
10969,Mar 13 2004,Friendly in the United States,United States,Haiti,1828,1462,1,1,-9,9,1819,1471,19,83,-1,1,18,84,20,100,466
10970,Mar 14 2004,World Cup qualifier in Guyana,Guyana,Grenada,1109,1261,1,3,-26,26,1083,1287,178,125,-3,8,175,133,40,100,-52
10971,Mar 16 2004,Friendly in Cuba,Cuba,Panama,1541,1401,1,1,-6,6,1535,1407,71,106,0,0,71,106,20,100,240
10972,Mar 17 2004,Friendly in China,China,Myanmar,1599,1148,2,0,1,-1,1600,1147,58,167,0,0,58,167,20,100,551
10973,Mar 17 2004,Friendly in Malaysia,Malaysia,Indonesia,1220,1337,0,0,0,0,1220,1337,153,126,0,0,153,126,20,100,-17
10974,Mar 17 2004,Friendly in Yemen,Yemen,Turkmenistan,1158,1449,1,2,-5,5,1153,1454,166,85,-1,4,165,89,20,100,-191
10975,Mar 18 2004,Friendly in Cuba,Cuba,Panama,1535,1407,3,0,7,-7,1542,1400,69,106,1,0,70,106,20,100,228
10976,Mar 19 2004,World Cup qualifier in the Dominican Republic,Dominican Republic,Anguilla,1104,536,0,0,-19,19,1085,555,176,227,-2,0,174,227,40,0,568
10977,Mar 20 2004,Friendly in Saint Kitts and Nevis,Saint Kitts and Nevis,British Virgin Islands,1359,847,4,0,1,-1,1360,846,117,204,0,0,117,204,20,100,612
10978,Mar 21 2004,Friendly in Bahrain,Bahrain,Jordan,1576,1585,0,0,-3,3,1573,1588,66,57,0,3,66,60,20,100,91
10979,Mar 21 2004,World Cup qualifier in the Dominican Republic,Dominican Republic,Anguilla,1085,555,6,0,2,-2,1087,553,174,227,0,0,174,227,20,0,530
10980,Mar 21 2004,World Cup qualifier in Montserrat,Montserrat,Bermuda,526,1246,0,7,-2,2,524,1248,228,146,0,0,228,146,30,100,-620
10981,Mar 21 2004,Friendly in Saint Kitts and Nevis,Saint Kitts and Nevis,Antigua and Barbuda,1360,1130,2,3,-17,17,1343,1147,131,164,-7,3,124,167,20,100,330
10982,Mar 21 2004,Friendly in St Vincent & Grenadines,St Vincent & Grenadines,Saint Lucia,1269,1264,1,1,-3,3,1266,1267,142,137,-2,2,140,139,20,100,105
10983,Mar 23 2004,Friendly in Bahrain,Bahrain,Jordan,1573,1588,0,2,-19,19,1554,1607,68,54,-1,3,67,57,20,100,85
10984,Mar 23 2004,Friendly in Lebanon,Lebanon,Syria,1353,1359,0,1,-13,13,1340,1372,131,111,-6,3,125,114,20,100,94
10985,Mar 26 2004,World Cup qualifier in the Bahamas,Bahamas,Dominica,851,1067,1,1,6,-6,857,1061,200,180,1,0,201,180,20,0,-216
10986,Mar 26 2004,Friendly in Italy,Libya,Qatar,1422,1522,1,0,13,-13,1435,1509,92,77,5,-1,97,76,20,0,-100
10987,Mar 26 2004,Friendly in Syria,Syria,Palestine,1372,1259,1,1,-5,5,1367,1264,118,142,-2,0,116,142,20,100,213
10988,Mar 27 2004,World Cup qualifier in Cuba,Cuba,Cayman Islands,1542,1100,3,0,3,-3,1545,1097,70,173,0,0,70,173,20,0,442
10989,Mar 27 2004,World Cup qualifier in Suriname,Suriname,Aruba,1270,943,8,1,7,-7,1277,936,135,195,1,-1,136,194,40,100,427
10990,Mar 28 2004,World Cup qualifier in the Bahamas,Bahamas,Dominica,857,1061,1,3,-21,21,836,1082,207,172,-3,4,204,176,40,100,-104
10991,Mar 28 2004,World Cup qualifier in Saint Lucia,Saint Lucia,British Virgin Islands,1267,846,9,0,5,-5,1272,841,137,202,1,1,138,203,40,100,521
10992,Mar 30 2004,World Cup qualifier in Argentina,Argentina,Ecuador,2017,1712,1,0,4,-4,2021,1708,2,36,0,0,2,36,30,0,305
10993,Mar 30 2004,Friendly in England,Australia,South Africa,1825,1577,1,0,4,-4,1829,1573,17,63,0,1,17,64,20,0,248
10994,Mar 30 2004,World Cup qualifier in Bolivia,Bolivia,Chile,1588,1635,0,2,-35,35,1553,1670,73,39,-6,7,67,46,40,100,53
10995,Mar 30 2004,Friendly in Israel,Israel,Lithuania,1655,1425,2,1,3,-3,1658,1422,50,102,-1,0,49,102,20,100,330
10996,Mar 31 2004,Friendly in Albania,Albania,Iceland,1529,1590,2,1,9,-9,1538,1581,72,66,0,-3,72,63,20,100,39
10997,Mar 31 2004,Friendly in Bermuda,Bermuda,Nicaragua,1248,964,3,0,3,-3,1251,961,142,190,2,0,144,190,20,100,384
10998,Mar 31 2004,Friendly in Bulgaria,Bulgaria,Russia,1755,1781,2,2,-2,2,1753,1783,27,23,1,1,28,24,20,100,74
10999,Mar 31 2004,Friendly in Croatia,Croatia,Turkey,1817,1831,2,2,-2,2,1815,1833,17,14,1,1,18,15,20,100,86
11000,Mar 31 2004,Friendly in Egypt,Egypt,Trinidad and Tobago,1673,1427,2,1,2,-2,1675,1425,45,101,0,0,45,101,20,100,346
11001,Mar 31 2004,Friendly in El Salvador,El Salvador,Guatemala,1505,1546,0,3,-20,20,1485,1566,87,61,-5,4,82,65,20,100,59
11002,Mar 31 2004,Friendly in Estonia,Estonia,Northern Ireland,1400,1460,0,1,-11,11,1389,1471,118,82,-6,2,112,84,20,100,40
11003,Mar 31 2004,Friendly in Germany,Germany,Belgium,1893,1795,3,0,8,-8,1901,1787,9,23,1,-1,10,22,20,100,198
11004,Mar 31 2004,Friendly in Greece,Greece,Switzerland,1803,1717,1,0,5,-5,1808,1712,18,38,1,-2,19,36,20,100,186
11005,Mar 31 2004,World Cup qualifier in Hong Kong,Hong Kong,China,1224,1600,0,1,-7,7,1217,1607,154,55,-2,2,152,57,40,100,-276
11006,Mar 31 2004,Friendly in Hungary,Hungary,Wales,1551,1634,1,2,-10,10,1541,1644,74,48,-3,3,71,51,20,100,17
11007,Mar 31 2004,World Cup qualifier in India,India,Oman,1170,1542,1,5,-13,13,1157,1555,168,63,-5,4,163,67,40,100,-272
11008,Mar 31 2004,World Cup qualifier in Qatar,Iraq,Palestine,1610,1264,1,1,-15,15,1595,1279,64,128,-4,7,60,135,40,0,346
11009,Mar 31 2004,Friendly in Ireland,Ireland,Czechia,1835,1984,2,1,11,-11,1846,1973,12,6,1,0,13,6,20,100,-49
11010,Mar 31 2004,Friendly in Jamaica,Jamaica,Honduras,1621,1640,2,2,-2,2,1619,1642,55,51,0,1,55,52,20,100,81
11011,Mar 31 2004,World Cup qualifier in Jordan,Jordan,Qatar,1607,1509,1,0,10,-10,1617,1499,55,84,1,-4,56,80,40,100,198
11012,Mar 31 2004,World Cup qualifier in Kyrgyzstan,Kyrgyzstan,Syria,1160,1367,1,1,6,-6,1166,1361,157,120,3,-2,160,118,40,100,-107
11013,Mar 31 2004,World Cup qualifier in Laos,Laos,Iran,891,1724,0,7,-1,1,890,1725,197,31,0,1,197,32,20,100,-733
11014,Mar 31 2004,Friendly in Luxembourg,Luxembourg,Bosnia and Herzegovina,1077,1588,1,2,-2,2,1075,1590,179,61,0,0,179,61,20,100,-411
11015,Mar 31 2004,Friendly in Macedonia,Macedonia,Ukraine,1488,1654,1,0,12,-12,1500,1642,76,54,3,-2,79,52,20,100,-66
11016,Mar 31 2004,World Cup qualifier in Malaysia,Malaysia,Kuwait,1220,1450,0,2,-19,19,1201,1469,157,79,-2,7,155,86,40,100,-130
11017,Mar 31 2004,World Cup qualifier in the Maldives,Maldives,South Korea,941,1705,0,0,19,-19,960,1686,189,47,2,-5,191,42,40,100,-664
11018,Mar 31 2004,Friendly in Malta,Malta,Finland,1268,1685,1,2,-3,3,1265,1688,143,39,-2,2,141,41,20,100,-317
11019,Mar 31 2004,Friendly in the United States,Mexico,Costa Rica,1846,1734,2,0,10,-10,1856,1724,12,34,0,-1,12,33,20,0,112
11020,Mar 31 2004,Friendly in Moldova,Moldova,Azerbaijan,1395,1343,2,1,6,-6,1401,1337,101,127,5,-2,106,125,20,100,152
11021,Mar 31 2004,Friendly in Morocco,Morocco,Angola,1686,1464,3,1,4,-4,1690,1460,38,91,2,-3,40,88,20,100,322
11022,Mar 31 2004,Friendly in the Netherlands,Netherlands,France,1996,2061,0,0,-1,1,1995,2062,4,1,0,0,4,1,20,100,35
11023,Mar 31 2004,World Cup qualifier in North Korea,North Korea,United Arab Emirates,1417,1457,0,0,-3,3,1414,1460,105,88,0,0,105,88,30,100,60
11024,Mar 31 2004,World Cup qualifier in the Netherlands Antilles,Netherlands Antilles,Antigua and Barbuda,1163,1147,3,0,24,-24,1187,1123,154,173,3,-3,157,170,40,100,116
11025,Mar 31 2004,World Cup qualifier in Paraguay,Paraguay,Brazil,1792,1989,0,0,5,-5,1797,1984,18,5,2,0,20,5,20,0,-197
11026,Mar 31 2004,World Cup qualifier in Peru,Peru,Colombia,1688,1705,0,2,-37,37,1651,1742,59,25,-9,6,50,31,40,100,83
11027,Mar 31 2004,Friendly in Poland,Poland,United States,1756,1819,0,1,-11,11,1745,1830,33,14,-3,2,30,16,20,100,37
11028,Mar 31 2004,Friendly in Portugal,Portugal,Italy,1917,1923,1,2,-13,13,1904,1936,9,8,0,0,9,8,20,100,94
11029,Mar 31 2004,Friendly in Scotland,Scotland,Romania,1663,1833,1,2,-8,8,1655,1841,50,13,-1,1,49,14,20,100,-70
11030,Mar 31 2004,Friendly in Serbia and Montenegro,Serbia and Montenegro,Norway,1735,1772,0,1,-12,12,1723,1784,37,20,-3,3,34,23,20,100,63
11031,Mar 31 2004,World Cup qualifier in Singapore,Singapore,Japan,1162,1790,1,2,-2,2,1160,1792,163,19,-1,2,162,21,40,100,-528
11032,Mar 31 2004,Friendly in Slovakia,Slovakia,Austria,1668,1675,1,1,-3,3,1665,1678,47,42,0,1,47,43,20,100,93
11033,Mar 31 2004,Friendly in Slovenia,Slovenia,Latvia,1653,1515,0,1,-16,16,1637,1531,57,71,-3,2,54,73,20,100,238
11034,Mar 31 2004,Friendly in Spain,Spain,Denmark,2008,1907,2,0,7,-7,2015,1900,3,12,0,-1,3,11,20,100,201
11035,Mar 31 2004,World Cup qualifier in Sri Lanka,Sri Lanka,Saudi Arabia,957,1692,0,1,-1,1,956,1693,193,38,-1,1,192,39,20,100,-635
11036,Mar 31 2004,World Cup qualifier in Saint Kitts and Nevis,Saint Kitts and Nevis,US Virgin Islands,1343,670,7,0,1,-1,1344,669,125,220,-1,0,124,220,20,0,673
11037,Mar 31 2004,Friendly in Sweden,Sweden,England,1756,1957,1,0,13,-13,1769,1944,27,7,0,0,27,7,20,100,-101
11038,Mar 31 2004,World Cup qualifier in Taiwan,Taiwan,Uzbekistan,1044,1503,0,1,-4,4,1040,1507,186,74,0,2,186,76,40,100,-359
11039,Mar 31 2004,World Cup qualifier in Tajikistan,Tajikistan,Bahrain,1440,1554,0,0,1,-1,1441,1553,96,70,0,-2,96,68,30,100,-14
11040,Mar 31 2004,Friendly in Tunisia,Tunisia,Ivory Coast,1700,1579,0,2,-23,23,1677,1602,49,55,-5,4,44,59,20,100,221
11041,Mar 31 2004,World Cup qualifier in Turkmenistan,Turkmenistan,Indonesia,1454,1337,3,1,13,-13,1467,1324,85,126,2,0,87,126,40,100,217
11042,Mar 31 2004,World Cup qualifier in Uruguay,Uruguay,Venezuela,1840,1646,0,3,-59,59,1781,1705,39,24,-13,14,26,38,40,100,294
11043,Mar 31 2004,World Cup qualifier in Vietnam,Vietnam,Lebanon,1297,1340,0,2,-35,35,1262,1375,152,103,-10,11,142,114,40,100,57
11044,Mar 31 2004,World Cup qualifier in Yemen,Yemen,Thailand,1153,1429,0,3,-19,19,1134,1448,171,91,-3,4,168,95,40,100,-176
11045,Apr 2 2004,Friendly in Bermuda,Bermuda,Nicaragua,1251,961,2,1,2,-2,1253,959,142,192,1,-1,143,191,20,100,390
11046,Apr 3 2004,Friendly in Vanuatu,Vanuatu,Solomon Islands,1207,1250,1,2,-12,12,1195,1262,156,139,-1,3,155,142,20,100,57
11047,Apr 6 2004,Friendly in Vanuatu,Vanuatu,Solomon Islands,1195,1262,1,2,-11,11,1184,1273,161,134,-3,4,158,138,20,100,33
11048,Apr 7 2004,Friendly in Honduras,Honduras,Panama,1642,1400,0,0,-8,8,1634,1408,56,105,-2,1,54,106,20,100,342
11049,Apr 11 2004,Friendly in Mozambique,Mozambique,Swaziland,1250,1193,2,0,9,-9,1259,1184,142,159,2,-2,144,157,20,100,157
11050,Apr 14 2004,Friendly in Spain,Andorra,China,1051,1607,0,0,9,-9,1060,1598,180,61,1,-2,181,59,20,0,-556
11051,Apr 18 2004,COSAFA Cup in Mozambique,Mozambique,Madagascar,1259,1266,2,0,22,-22,1281,1244,124,152,10,-6,134,146,40,100,93
11052,Apr 19 2004,Friendly in Sudan,Sudan,Syria,1372,1361,1,2,-13,13,1359,1374,121,112,-3,3,118,115,20,100,111
11053,Apr 21 2004,Friendly in Sudan,Sudan,Syria,1359,1374,0,0,-2,2,1357,1376,120,113,-1,1,119,114,20,100,85
11054,Apr 25 2004,Friendly in Hungary,Hungary,Japan,1541,1792,3,2,14,-14,1555,1778,63,31,4,-5,67,26,20,100,-151
11055,Apr 27 2004,Friendly in the Netherlands Antilles,Netherlands Antilles,Dominican Republic,1187,1087,3,1,7,-7,1194,1080,155,178,0,-2,155,176,20,100,200
11056,Apr 28 2004,Friendly in Armenia,Armenia,Turkmenistan,1454,1467,1,0,8,-8,1462,1459,85,93,3,-3,88,90,20,100,87
11057,Apr 28 2004,Friendly in Austria,Austria,Luxembourg,1678,1075,4,1,1,-1,1679,1074,43,179,0,0,43,179,20,0,603
11058,Apr 28 2004,Friendly in Belarus,Belarus,Lithuania,1563,1422,1,0,4,-4,1567,1418,64,106,1,-2,65,104,20,100,241
11059,Apr 28 2004,Friendly in Belgium,Belgium,Turkey,1787,1833,2,3,-12,12,1775,1845,31,15,-5,0,26,15,20,100,54
11060,Apr 28 2004,Friendly in Bosnia and Herzegovina,Bosnia and Herzegovina,Finland,1590,1688,1,0,10,-10,1600,1678,59,47,1,-3,60,44,20,100,2
11061,Apr 28 2004,Friendly in Bulgaria,Bulgaria,Cameroon,1753,1746,3,0,12,-12,1765,1734,28,33,0,-2,28,31,20,100,107
11062,Apr 28 2004,Friendly in Chile,Chile,Peru,1670,1651,1,1,-3,3,1667,1654,46,46,0,2,46,48,20,100,119
11063,Apr 28 2004,Friendly in France,China,Algeria,1598,1502,1,0,7,-7,1605,1495,57,83,1,-3,58,80,20,0,96
11064,Apr 28 2004,Friendly in the United States,Colombia,El Salvador,1742,1485,2,0,6,-6,1748,1479,27,82,2,0,29,82,20,0,257
11065,Apr 28 2004,Friendly in Czechia,Czechia,Japan,1973,1778,0,1,-17,17,1956,1795,6,16,0,5,6,21,20,100,295
11066,Apr 28 2004,Friendly in Denmark,Denmark,Scotland,1900,1655,1,0,2,-2,1902,1653,7,49,2,0,9,49,20,100,345
11067,Apr 28 2004,Friendly in the United States,Ecuador,Honduras,1708,1634,1,1,-2,2,1706,1636,37,52,0,1,37,53,20,0,74
11068,Apr 28 2004,Friendly in Estonia,Estonia,Albania,1389,1538,1,1,1,-1,1390,1537,110,72,1,0,111,72,20,100,-49
11069,Apr 28 2004,Friendly in Ghana,Ghana,Angola,1453,1460,1,1,-3,3,1450,1463,94,86,-1,1,93,87,20,100,93
11070,Apr 28 2004,Friendly in Hungary,Hungary,Brazil,1555,1984,1,4,-5,5,1550,1989,73,5,-3,0,70,5,20,100,-329
11071,Apr 28 2004,Friendly in Israel,Israel,Moldova,1658,1401,1,1,-8,8,1650,1409,52,107,-2,0,50,107,20,100,357
11072,Apr 28 2004,Friendly in Italy,Italy,Spain,1936,2015,1,1,-1,1,1935,2016,8,3,0,0,8,3,20,100,21
11073,Apr 28 2004,Friendly in France,Ivory Coast,Guinea,1602,1529,4,2,12,-12,1614,1517,56,76,1,-1,57,75,20,0,73
11074,Apr 28 2004,Friendly in Jamaica,Jamaica,Venezuela,1619,1705,2,1,10,-10,1629,1695,55,38,0,0,55,38,20,100,14
11075,Apr 28 2004,Friendly in Kazakhstan,Kazakhstan,Azerbaijan,1397,1337,2,3,-14,14,1383,1351,114,117,-2,4,112,121,20,100,160
11076,Apr 28 2004,Friendly in Latvia,Latvia,Iceland,1531,1581,0,0,-1,1,1530,1582,73,63,0,0,73,63,20,100,50
11077,Apr 28 2004,Friendly in Macedonia,Macedonia,Croatia,1500,1815,0,1,-4,4,1496,1819,79,18,0,0,79,18,20,100,-215
11078,Apr 28 2004,Friendly in Morocco,Morocco,Argentina,1690,2021,0,1,-4,4,1686,2025,40,2,0,0,40,2,20,100,-231
11079,Apr 28 2004,Friendly in Namibia,Namibia,Botswana,1161,1231,0,0,-1,1,1160,1232,161,149,0,0,161,149,20,100,30
11080,Apr 28 2004,Friendly in the Netherlands,Netherlands,Greece,1995,1808,4,0,6,-6,2001,1802,4,19,0,0,4,19,20,100,287
11081,Apr 28 2004,Friendly in Norway,Norway,Russia,1784,1783,3,2,7,-7,1791,1776,22,27,0,-2,22,25,20,100,101
11082,Apr 28 2004,Friendly in Northern Ireland,Northern Ireland,Serbia and Montenegro,1471,1723,1,1,4,-4,1475,1719,82,34,1,0,83,34,20,100,-152
11083,Apr 28 2004,Friendly in Panama,Panama,Bermuda,1408,1253,4,1,7,-7,1415,1246,104,146,1,-1,105,145,20,100,255
11084,Apr 28 2004,Friendly in Poland,Poland,Ireland,1745,1846,0,0,0,0,1745,1846,30,15,0,-1,30,14,20,100,-1
11085,Apr 28 2004,Friendly in Portugal,Portugal,Sweden,1904,1769,2,2,-6,6,1898,1775,11,25,-1,1,10,26,20,100,235
11086,Apr 28 2004,Friendly in Romania,Romania,Germany,1841,1901,5,1,17,-17,1858,1884,10,12,2,-1,12,11,20,100,40
11087,Apr 28 2004,Friendly in San Marino,San Marino,Liechtenstein,944,1073,1,0,11,-11,955,1062,193,180,0,0,193,180,20,100,-29
11088,Apr 28 2004,Friendly in South Korea,South Korea,Paraguay,1686,1797,0,0,0,0,1686,1797,38,20,2,0,40,20,20,100,-11
11089,Apr 28 2004,Friendly in Switzerland,Switzerland,Slovenia,1712,1637,2,1,5,-5,1717,1632,34,55,1,-1,35,54,20,100,175
11090,Apr 28 2004,Friendly in Tunisia,Tunisia,Mali,1677,1588,1,0,5,-5,1682,1583,40,62,2,0,42,62,20,100,189
11091,Apr 28 2004,Friendly in Ukraine,Ukraine,Slovakia,1642,1665,1,1,-2,2,1640,1667,52,45,0,1,52,46,20,100,77
11092,Apr 28 2004,Friendly in the United States,United States,Mexico,1830,1856,1,0,8,-8,1838,1848,16,14,0,-1,16,13,20,100,74
11093,Apr 30 2004,Friendly tournament in Nigeria,Libya,Jordan,1435,1617,1,0,22,-22,1457,1595,86,64,6,-4,92,60,30,0,-182
11094,Apr 30 2004,Friendly in Nicaragua,Nicaragua,Bermuda,959,1246,2,0,22,-22,981,1224,189,153,1,-4,190,149,20,100,-187
11095,May 1 2004,Friendly in Guatemala,Guatemala,Panama,1566,1415,1,2,-16,16,1550,1431,72,93,-3,6,69,99,20,100,251
11096,May 1 2004,Friendly in Zambia,Zambia,Zimbabwe,1449,1494,1,1,-2,2,1447,1496,97,77,-1,2,96,79,20,100,55
11097,May 2 2004,Friendly in Nicaragua,Nicaragua,Bermuda,981,1224,2,0,21,-21,1002,1203,188,157,1,-4,189,153,20,100,-143
11098,May 5 2004,Friendly in New Zealand,Cook Islands,Samoa,703,703,0,0,0,0,703,703,214,214,0,0,214,214,20,0,0
11099,May 5 2004,Friendly in Guatemala,Guatemala,Haiti,1550,1471,1,0,5,-5,1555,1466,63,87,3,-1,66,86,20,100,179
11100,May 8 2004,Friendly in Grenada,Grenada,St Vincent & Grenadines,1287,1266,1,1,-3,3,1284,1269,134,141,-1,0,133,141,20,100,121
11101,May 9 2004,COSAFA Cup in Angola,Angola,Namibia,1463,1160,2,1,4,-4,1467,1156,85,165,1,-2,86,163,30,0,303
11102,May 10 2004,WC & Oce Cup q in Samoa,Papua New Guinea,Vanuatu,1030,1184,1,1,8,-8,1038,1176,187,159,0,-1,187,158,40,0,-154
11103,May 10 2004,WC & Oce Cup q in Samoa,Samoa,Eastern Samoa,703,382,4,0,6,-6,709,376,210,231,2,0,212,231,40,100,421
11104,May 10 2004,WC & Oce Cup q in the Solomon Islands,Solomon Islands,Tonga,1273,706,6,0,2,-2,1275,704,139,216,0,-2,139,214,20,0,567
11105,May 10 2004,WC & Oce Cup q in the Solomon Islands,Tahiti,Cook Islands,1287,703,2,0,2,-2,1289,701,132,216,0,-1,132,215,30,0,584
11106,May 12 2004,Friendly in the United States,El Salvador,Haiti,1479,1466,3,3,0,0,1479,1466,82,87,0,0,82,87,20,0,13
11107,May 12 2004,WC & Oce Cup q in Samoa,Fiji,Papua New Guinea,1398,1038,4,2,7,-7,1405,1031,108,187,0,0,108,187,40,0,360
11108,May 12 2004,WC & Oce Cup q in the Solomon Islands,New Caledonia,Tahiti,1187,1289,0,0,6,-6,1193,1283,156,134,0,-1,156,133,40,0,-102
11109,May 12 2004,WC & Oce Cup q in the Solomon Islands,Solomon Islands,Cook Islands,1275,701,5,0,2,-2,1277,699,135,217,2,-1,137,216,30,0,574
11110,May 12 2004,WC & Oce Cup q in Samoa,Vanuatu,Eastern Samoa,1176,376,9,1,1,-1,1177,375,158,231,0,0,158,231,30,0,800
11111,May 15 2004,WC & Oce Cup q in Samoa,Fiji,Eastern Samoa,1405,375,11,0,0,0,1405,375,108,231,0,0,108,231,20,0,1030
11112,May 15 2004,WC & Oce Cup q in Samoa,Samoa,Vanuatu,709,1177,0,3,-8,8,701,1185,216,154,-2,2,214,156,40,100,-368
11113,May 15 2004,WC & Oce Cup q in the Solomon Islands,Solomon Islands,New Caledonia,1277,1193,2,0,15,-15,1292,1178,127,160,5,-2,132,158,40,100,184
11114,May 15 2004,WC & Oce Cup q in the Solomon Islands,Tonga,Cook Islands,704,699,2,1,20,-20,724,679,210,220,2,-2,212,218,40,0,5
11115,May 16 2004,Friendly in Zimbabwe,Zimbabwe,Zambia,1496,1447,0,0,-4,4,1492,1451,83,90,-2,3,81,93,20,100,149
11116,May 17 2004,WC & Oce Cup q in the Solomon Islands,New Caledonia,Cook Islands,1178,679,8,0,5,-5,1183,674,158,220,0,-1,158,219,40,0,499
11117,May 17 2004,WC & Oce Cup q in Samoa,Papua New Guinea,Eastern Samoa,1031,375,10,0,2,-2,1033,373,187,231,0,0,187,231,30,0,656
11118,May 17 2004,WC & Oce Cup q in Samoa,Samoa,Fiji,701,1405,0,4,-2,2,699,1407,216,108,-1,0,215,108,30,100,-604
11119,May 17 2004,WC & Oce Cup q in the Solomon Islands,Tahiti,Tonga,1283,724,2,0,2,-2,1285,722,132,212,1,0,133,212,30,0,559
11120,May 19 2004,Friendly in Cyprus,Cyprus,Jordan,1474,1595,0,0,1,-1,1475,1594,82,62,1,-1,83,61,20,100,-21
11121,May 19 2004,WC & Oce Cup q in the Solomon Islands,New Caledonia,Tonga,1183,722,8,0,6,-6,1189,716,156,212,1,0,157,212,40,0,461
11122,May 19 2004,WC & Oce Cup q in Samoa,Samoa,Papua New Guinea,699,1033,1,4,-14,14,685,1047,217,185,-1,1,216,186,40,100,-234
11123,May 19 2004,WC & Oce Cup q in the Solomon Islands,Solomon Islands,Tahiti,1292,1285,1,1,-6,6,1286,1291,134,131,-1,1,133,132,40,100,107
11124,May 19 2004,WC & Oce Cup q in Samoa,Vanuatu,Fiji,1185,1407,3,0,55,-55,1240,1352,136,132,10,-12,146,120,40,0,-222
11125,May 20 2004,Friendly in Benin,Benin,Togo,1302,1430,0,1,-9,9,1293,1439,132,98,-1,1,131,99,20,100,-28
11126,May 20 2004,Friendly in Cuba,Cuba,Grenada,1545,1284,2,2,-8,8,1537,1292,71,130,0,2,71,132,20,100,361
11127,May 20 2004,Friendly in France,France,Brazil,2062,1989,0,0,-5,5,2057,1994,1,5,0,0,1,5,20,100,173
11128,May 21 2004,Friendly in Australia,Australia,Turkey,1829,1845,1,3,-19,19,1810,1864,19,9,-1,3,18,12,20,100,84
11129,May 22 2004,Friendly in Sudan,Sudan,Uganda,1357,1421,2,1,9,-9,1366,1412,114,109,2,-3,116,106,20,100,36
11130,May 22 2004,Friendly in Zambia,Zambia,Malawi,1451,1322,0,2,-24,24,1427,1346,109,123,-8,2,101,125,20,100,229
11131,May 23 2004,Friendly in the Dem Rep of the Congo,DR Congo,Angola,1441,1467,1,3,-18,18,1423,1485,108,78,-6,4,102,82,20,100,74
11132,May 23 2004,Friendly in Saint Kitts and Nevis,Saint Kitts and Nevis,St Vincent & Grenadines,1344,1269,3,2,5,-5,1349,1264,118,143,4,-1,122,142,20,100,175
11133,May 23 2004,Friendly in Togo,Togo,Benin,1439,1293,1,1,-6,6,1433,1299,98,129,0,1,98,130,20,100,246
11134,May 23 2004,Friendly in England,Trinidad and Tobago,Iraq,1425,1595,2,0,22,-22,1447,1573,90,66,6,-3,96,63,20,0,-170
11135,May 24 2004,Friendly in Australia,Australia,Turkey,1810,1864,0,1,-11,11,1799,1875,20,12,-1,0,19,12,20,100,46
11136,May 24 2004,Friendly in Egypt,Egypt,Zimbabwe,1675,1492,2,0,5,-5,1680,1487,41,81,2,0,43,81,20,100,283
11137,May 25 2004,Friendly in Austria,Austria,Russia,1679,1776,0,0,0,0,1679,1776,44,25,0,0,44,25,20,100,3
11138,May 25 2004,Friendly in Sudan,Sudan,Zambia,1366,1427,0,2,-17,17,1349,1444,126,93,-5,4,121,97,20,100,39
11139,May 26 2004,Friendly in Benin,Benin,Burkina Faso,1299,1394,1,0,10,-10,1309,1384,128,111,1,-1,129,110,20,100,5
11140,May 26 2004,Friendly in Lebanon,Lebanon,Bahrain,1375,1553,2,2,2,-2,1377,1551,112,70,1,-1,113,69,20,100,-78
11141,May 26 2004,Friendly in Mozambique,Mozambique,Botswana,1281,1232,0,0,-4,4,1277,1236,139,149,-2,0,137,149,20,100,149
11142,May 27 2004,Friendly in Estonia,Estonia,Scotland,1390,1653,0,1,-6,6,1384,1659,109,47,0,1,109,48,20,100,-163
11143,May 27 2004,Friendly in Georgia,Georgia,Israel,1501,1650,0,1,-9,9,1492,1659,83,46,-3,2,80,48,20,100,-49
11144,May 27 2004,Friendly in Germany,Germany,Malta,1884,1265,7,0,1,-1,1885,1264,11,141,0,0,11,141,20,0,619
11145,May 27 2004,Friendly in Ireland,Ireland,Romania,1846,1858,1,0,8,-8,1854,1850,11,15,2,-1,13,14,20,100,88
11146,May 27 2004,Friendly in Norway,Norway,Wales,1791,1644,0,0,-6,6,1785,1650,22,51,0,0,22,51,20,100,247
11147,May 28 2004,Friendly in Azerbaijan,Azerbaijan,Uzbekistan,1351,1507,3,1,17,-17,1368,1490,112,84,4,-4,116,80,20,100,-56
11148,May 28 2004,Friendly in Finland,Finland,Sweden,1678,1775,1,3,-15,15,1663,1790,49,18,-2,4,47,22,20,100,3
11149,May 28 2004,Friendly in France,France,Andorra,2057,1060,4,0,0,0,2057,1060,1,181,0,0,1,181,20,0,997
11150,May 28 2004,Friendly in Mali,Mali,Morocco,1583,1686,0,0,0,0,1583,1686,61,40,0,0,61,40,20,100,-3
11151,May 28 2004,Friendly in Rwanda,Rwanda,Uganda,1359,1412,1,1,-1,1,1358,1413,119,106,-1,0,118,106,20,100,47
11152,May 29 2004,WC q & Oce Cup in Australia,Australia,New Zealand,1799,1529,1,0,5,-5,1804,1524,19,74,0,0,19,74,30,0,270
11153,May 29 2004,Friendly in Croatia,Croatia,Slovakia,1819,1667,1,0,4,-4,1823,1663,15,47,1,-1,16,46,20,100,252
11154,May 29 2004,Friendly in Egypt,Egypt,Gabon,1680,1353,2,0,2,-2,1682,1351,41,119,1,0,42,119,20,100,427
11155,May 29 2004,WC q & Oce Cup in Australia,Fiji,Tahiti,1352,1291,0,0,-4,4,1348,1295,128,133,-4,0,124,133,20,100,161
11156,May 29 2004,Friendly in France,Guinea,Senegal,1517,1717,1,1,5,-5,1522,1712,75,37,0,-1,75,36,20,0,-200
11157,May 29 2004,Friendly in the Netherlands,Netherlands,Belgium,2001,1775,0,1,-17,17,1984,1792,6,19,-1,4,5,23,20,100,326
11158,May 29 2004,Friendly tournament in England,Nigeria,Ireland,1782,1854,3,0,32,-32,1814,1822,12,21,6,-4,18,17,30,0,-72
11159,May 29 2004,Friendly in Poland,Poland,Greece,1745,1802,1,0,9,-9,1754,1793,28,26,1,-4,29,22,20,100,43
11160,May 29 2004,Friendly in Portugal,Portugal,Luxembourg,1898,1074,3,0,0,0,1898,1074,10,179,0,0,10,179,20,0,824
11161,May 29 2004,WC q & Oce Cup in Australia,Solomon Islands,Vanuatu,1286,1240,1,0,22,-22,1308,1218,126,156,4,-5,130,151,50,0,46
11162,May 30 2004,Friendly in Algeria,Algeria,Jordan,1495,1594,1,1,0,0,1495,1594,78,60,0,0,78,60,20,100,1
11163,May 30 2004,Friendly in Barbados,Barbados,Northern Ireland,1372,1475,1,1,0,0,1372,1475,115,84,0,0,115,84,20,100,-3
11164,May 30 2004,Friendly in Burkina Faso,Burkina Faso,Libya,1384,1457,3,2,9,-9,1393,1448,109,96,0,-2,109,94,20,100,27
11165,May 30 2004,Friendly in Estonia,Estonia,Denmark,1384,1902,2,2,8,-8,1392,1894,111,11,-1,-1,110,10,20,100,-418
11166,May 30 2004,Friendly tournament in England,Japan,Iceland,1795,1582,3,2,7,-7,1802,1575,19,62,1,0,20,62,30,0,213
11167,May 30 2004,Friendly in Scotland,Scotland,Trinidad and Tobago,1659,1447,4,1,5,-5,1664,1442,44,98,2,-1,46,97,20,100,312
11168,May 30 2004,Friendly in St Vincent & Grenadines,St Vincent & Grenadines,Martinique,1264,1429,2,0,18,-18,1282,1411,129,111,6,-5,135,106,20,100,-65
11169,May 30 2004,Friendly in Tunisia,Tunisia,Italy,1682,1935,0,4,-11,11,1671,1946,46,6,-2,1,44,7,20,100,-153
11170,May 30 2004,Friendly in Wales,Wales,Canada,1650,1603,1,0,6,-6,1656,1597,49,60,1,-1,50,59,20,100,147
11171,May 31 2004,WC q & Oce Cup in Australia,Australia,Tahiti,1804,1295,9,0,4,-4,1808,1291,19,133,0,0,19,133,30,0,509
11172,May 31 2004,WC q & Oce Cup in Australia,Fiji,Vanuatu,1348,1218,1,0,16,-16,1364,1202,112,157,6,-3,118,154,50,0,130
11173,May 31 2004,Friendly in Mozambique,Mozambique,Swaziland,1277,1184,1,1,-5,5,1272,1189,142,156,-2,1,140,157,20,100,193
11174,May 31 2004,WC q & Oce Cup in Australia,New Zealand,Solomon Islands,1524,1308,3,0,20,-20,1544,1288,68,138,3,-4,71,134,50,0,216
11175,May 31 2004,Friendly tournament in England,Nigeria,Jamaica,1814,1629,2,0,12,-12,1826,1617,14,55,2,0,16,55,30,0,185
11176,May 31 2004,Friendly in Oman,Oman,Maldives,1555,960,3,0,1,-1,1556,959,68,191,-1,0,67,191,20,0,595
11177,May 31 2004,Friendly in Qatar,Qatar,Turkmenistan,1499,1459,5,0,12,-12,1511,1447,76,100,0,-5,76,95,20,100,140
11178,May 31 2004,Friendly in the United Arab Emirates,United Arab Emirates,Bahrain,1460,1551,2,3,-10,10,1450,1561,93,63,-2,3,91,66,20,100,9
11179,Jun 1 2004,World Cup qualifier in Bolivia,Bolivia,Paraguay,1553,1797,2,1,28,-28,1581,1769,55,31,7,-5,62,26,40,100,-144
11180,Jun 1 2004,Friendly in China,China,Hungary,1605,1550,2,1,6,-6,1611,1544,57,70,0,0,57,70,20,100,155
11181,Jun 1 2004,Friendly tournament in England,England,Japan,1944,1802,1,1,-9,9,1935,1811,8,18,0,1,8,19,30,100,242
11182,Jun 1 2004,Friendly in Kuwait,Kuwait,Syria,1469,1376,0,1,-15,15,1454,1391,92,108,-3,3,89,111,20,100,193
11183,Jun 1 2004,Friendly in Switzerland,Netherlands,Faroe Islands,1984,1238,3,0,0,0,1984,1238,5,146,0,0,5,146,20,0,746
11184,Jun 1 2004,World Cup qualifier in Uruguay,Uruguay,Peru,1781,1654,1,3,-47,47,1734,1701,34,25,-4,13,30,38,40,100,227
11185,Jun 1 2004,World Cup qualifier in Venezuela,Venezuela,Chile,1695,1667,0,1,-27,27,1668,1694,54,33,-8,6,46,39,40,100,128
11186,Jun 2 2004,WC q & Oce Cup in Australia,Australia,Fiji,1808,1364,6,1,4,-4,1812,1360,18,118,1,0,19,118,30,0,444
11187,Jun 2 2004,World Cup qualifier in Brazil,Brazil,Argentina,1994,2025,3,1,24,-24,2018,2001,0,6,2,-2,2,4,40,100,69
11188,Jun 2 2004,Friendly in Czechia,Czechia,Bulgaria,1956,1765,3,1,5,-5,1961,1760,6,27,0,0,6,27,20,100,291
11189,Jun 2 2004,World Cup qualifier in Ecuador,Ecuador,Colombia,1706,1748,2,1,17,-17,1723,1731,31,33,3,-2,34,31,30,0,-42
11190,Jun 2 2004,Friendly in Grenada,Grenada,Saint Lucia,1292,1272,2,0,10,-10,1302,1262,132,144,0,-2,132,142,20,100,120
11191,Jun 2 2004,Friendly tournament in England,Ireland,Jamaica,1822,1617,1,0,7,-7,1829,1610,14,59,2,-2,16,57,30,0,205
11192,Jun 2 2004,WC q & Oce Cup in Australia,Solomon Islands,Tahiti,1288,1291,4,0,47,-47,1335,1244,118,157,8,-12,126,145,50,0,-3
11193,Jun 2 2004,Friendly in South Korea,South Korea,Turkey,1686,1875,0,1,-7,7,1679,1882,45,12,-2,0,43,12,20,100,-89
11194,Jun 2 2004,Friendly in Saint Kitts and Nevis,Saint Kitts and Nevis,Northern Ireland,1349,1475,0,2,-14,14,1335,1489,131,76,-5,4,126,80,20,100,-26
11195,Jun 2 2004,Friendly in Switzerland,Switzerland,Germany,1717,1885,0,2,-12,12,1705,1897,39,9,-2,1,37,10,20,100,-68
11196,Jun 2 2004,Friendly in the United States,United States,Honduras,1838,1636,4,0,6,-6,1844,1630,15,55,0,-1,15,54,20,100,302
11197,Jun 2 2004,WC q & Oce Cup in Australia,Vanuatu,New Zealand,1202,1544,4,2,66,-66,1268,1478,126,98,14,-14,140,84,50,0,-342
11198,Jun 3 2004,Friendly in Indonesia,Indonesia,India,1324,1157,1,1,-6,6,1318,1163,130,160,-1,1,129,161,20,100,267
11199,Jun 3 2004,Friendly in Kuwait,Kuwait,Syria,1454,1391,1,2,-14,14,1440,1405,107,105,-9,3,98,108,20,100,163
11200,Jun 3 2004,Friendly in Liechtenstein,Liechtenstein,Greece,1062,1793,0,2,-1,1,1061,1794,180,21,0,0,180,21,20,100,-631
11201,Jun 3 2004,Friendly in Oman,Oman,Maldives,1556,959,4,1,1,-1,1557,958,68,191,0,0,68,191,20,0,597
11202,Jun 4 2004,WC q & Oce Cup in Australia,Australia,Vanuatu,1812,1268,3,0,2,-2,1814,1266,19,140,0,0,19,140,30,0,544
11203,Jun 4 2004,Friendly in Costa Rica,Costa Rica,Nicaragua,1724,1002,5,1,0,0,1724,1002,33,189,0,0,33,189,20,100,822
11204,Jun 4 2004,WC q & Oce Cup in Australia,New Zealand,Tahiti,1478,1244,10,0,27,-27,1505,1217,68,157,8,-6,76,151,50,0,234
11205,Jun 4 2004,WC q & Oce Cup in Australia,Solomon Islands,Fiji,1335,1360,2,1,27,-27,1362,1333,110,136,8,-9,118,127,50,0,-25
11206,Jun 5 2004,World Cup & African Cup qual in Algeria,Algeria,Angola,1495,1485,0,0,-6,6,1489,1491,84,75,-3,4,81,79,40,100,110
11207,Jun 5 2004,World Cup & African Cup qual in Burkina Faso,Burkina Faso,Ghana,1393,1450,1,0,18,-18,1411,1432,102,106,4,-8,106,98,40,100,43
11208,Jun 5 2004,Friendly in Denmark,Denmark,Croatia,1894,1823,1,2,-15,15,1879,1838,11,16,0,1,11,17,20,100,171
11209,Jun 5 2004,World Cup qualifier in Ecuador,Ecuador,Bolivia,1723,1581,3,2,8,-8,1731,1573,28,64,3,-1,31,63,40,100,242
11210,Jun 5 2004,Friendly tournament in England,England,Iceland,1935,1575,6,1,4,-4,1939,1571,8,67,0,-2,8,65,20,0,360
11211,Jun 5 2004,World Cup & African Cup qual in Gabon,Gabon,Zimbabwe,1351,1487,1,1,2,-2,1353,1485,122,84,-1,-1,121,83,30,100,-36
11212,Jun 5 2004,World Cup & African Cup qual in Malawi,Malawi,Morocco,1346,1686,1,1,12,-12,1358,1674,113,47,6,-3,119,44,40,100,-240
11213,Jun 5 2004,Friendly in the Netherlands,Netherlands,Ireland,1984,1829,0,1,-16,16,1968,1845,5,14,0,1,5,15,20,100,255
11214,Jun 5 2004,World Cup & African Cup qual in Nigeria,Nigeria,Rwanda,1826,1358,2,0,2,-2,1828,1356,19,121,-1,-1,18,120,20,0,468
11215,Jun 5 2004,Friendly in Portugal,Portugal,Lithuania,1898,1418,4,1,1,-1,1899,1417,9,103,0,0,9,103,20,100,580
11216,Jun 5 2004,Friendly in Qatar,Qatar,Kyrgyzstan,1511,1166,0,0,-9,9,1502,1175,77,158,-1,1,76,159,20,100,445
11217,Jun 5 2004,World Cup & African Cup qual in Senegal,Senegal,Congo,1712,1398,2,0,5,-5,1717,1393,36,111,0,-1,36,110,40,100,414
11218,Jun 5 2004,World Cup & African Cup qual in South Africa,South Africa,Cape Verde,1573,1347,2,1,5,-5,1578,1342,60,126,2,-1,62,125,40,100,326
11219,Jun 5 2004,Friendly in South Korea,South Korea,Turkey,1679,1882,2,1,13,-13,1692,1869,39,12,2,0,41,12,20,100,-103
11220,Jun 5 2004,Friendly in Spain,Spain,Andorra,2016,1060,4,0,0,0,2016,1060,3,181,0,0,3,181,20,0,956
11221,Jun 5 2004,Friendly in Sweden,Sweden,Poland,1790,1754,3,1,9,-9,1799,1745,19,28,2,0,21,28,20,100,136
11222,Jun 5 2004,World Cup & African Cup qual in Tunisia,Tunisia,Botswana,1671,1236,4,1,3,-3,1674,1233,43,148,1,0,44,148,20,0,435
11223,Jun 5 2004,World Cup & African Cup qual in Zambia,Zambia,Togo,1444,1433,1,0,14,-14,1458,1419,83,105,6,-3,89,102,40,100,111
11224,Jun 6 2004,World Cup qualifier in Argentina,Argentina,Paraguay,2001,1769,0,0,-15,15,1986,1784,4,24,0,1,4,25,40,100,332
11225,Jun 6 2004,WC q & Oce Cup in Australia,Australia,Solomon Islands,1814,1362,2,2,-23,23,1791,1385,27,106,-4,6,23,112,50,100,552
11226,Jun 6 2004,World Cup & African Cup qual in Cameroon,Cameroon,Benin,1734,1309,2,1,2,-2,1736,1307,31,132,-1,-1,30,131,20,0,425
11227,Jun 6 2004,World Cup qualifier in Chile,Chile,Brazil,1694,2018,1,1,11,-11,1705,2007,33,4,3,-1,36,3,30,0,-324
11228,Jun 6 2004,World Cup qualifier in Colombia,Colombia,Uruguay,1731,1734,5,0,29,-29,1760,1705,23,43,4,-7,27,36,40,100,97
11229,Jun 6 2004,Friendly in Czechia,Czechia,Estonia,1961,1392,2,0,1,-1,1962,1391,6,111,0,0,6,111,20,0,569
11230,Jun 6 2004,Friendly in France,France,Ukraine,2057,1640,1,0,1,-1,2058,1639,1,52,0,0,1,52,20,100,517
11231,Jun 6 2004,Friendly in Germany,Germany,Hungary,1897,1544,0,2,-28,28,1869,1572,12,58,-1,6,11,64,20,100,453
11232,Jun 6 2004,World Cup & African Cup qual in Ivory Coast,Ivory Coast,Libya,1614,1448,2,0,11,-11,1625,1437,55,102,0,-5,55,97,40,100,266
11233,Jun 6 2004,Friendly in Latvia,Latvia,Azerbaijan,1530,1368,2,2,-6,6,1524,1374,75,116,-1,0,74,116,20,100,262
11234,Jun 6 2004,World Cup & African Cup qual in Liberia,Liberia,Mali,1421,1583,1,0,24,-24,1445,1559,87,75,7,-7,94,68,40,100,-62
11235,Jun 6 2004,WC q & Oce Cup in Australia,New Zealand,Fiji,1505,1333,2,0,20,-20,1525,1313,71,131,2,-2,73,129,50,0,172
11236,Jun 6 2004,World Cup qualifier in Peru,Peru,Venezuela,1701,1668,0,0,-7,7,1694,1675,42,42,-2,2,40,44,40,100,133
11237,Jun 6 2004,World Cup & African Cup qual in Sudan,Sudan,Egypt,1349,1682,0,3,-15,15,1334,1697,130,36,-4,3,126,39,40,100,-233
11238,Jun 6 2004,Friendly in Switzerland,Switzerland,Liechtenstein,1705,1061,1,0,0,0,1705,1061,35,180,1,0,36,180,20,0,644
11239,Jun 6 2004,WC q & Oce Cup in Australia,Tahiti,Vanuatu,1217,1266,2,1,29,-29,1246,1237,137,156,7,-8,144,148,50,0,-49
11240,Jun 6 2004,Friendly in Trinidad and Tobago,Trinidad and Tobago,Northern Ireland,1442,1489,0,3,-20,20,1422,1509,107,71,-6,5,101,76,20,100,53
11241,Jun 6 2004,World Cup & African Cup qual in Uganda,Uganda,DR Congo,1413,1423,1,0,15,-15,1428,1408,95,116,5,-8,100,108,30,0,-10
11242,Jun 9 2004,World Cup qualifier in Bahrain,Bahrain,Kyrgyzstan,1561,1175,5,0,5,-5,1566,1170,67,159,0,0,67,159,40,100,486
11243,Jun 9 2004,World Cup qualifier in China,China,Malaysia,1611,1201,4,0,4,-4,1615,1197,58,155,-1,0,57,155,40,100,510
11244,Jun 9 2004,World Cup qualifier in Indonesia,Indonesia,Sri Lanka,1318,956,1,0,3,-3,1321,953,126,194,1,-1,127,193,30,0,362
11245,Jun 9 2004,World Cup qualifier in Iran,Iran,Jordan,1725,1594,0,1,-32,32,1693,1626,52,50,-10,5,42,55,40,100,231
11246,Jun 9 2004,World Cup qualifier in Jordan,Iraq,Taiwan,1573,1040,6,1,4,-4,1577,1036,62,187,0,0,62,187,40,0,533
11247,Jun 9 2004,World Cup qualifier in Japan,Japan,India,1811,1163,7,0,1,-1,1812,1162,19,161,0,0,19,161,20,0,648
11248,Jun 9 2004,World Cup qualifier in Kuwait,Kuwait,Hong Kong,1440,1217,4,0,10,-10,1450,1207,90,154,3,-1,93,153,40,100,323
11249,Jun 9 2004,World Cup qualifier in Lebanon,Lebanon,Maldives,1377,958,3,0,3,-3,1380,955,113,191,1,0,114,191,20,0,419
11250,Jun 9 2004,World Cup qualifier in Oman,Oman,Singapore,1557,1160,7,0,5,-5,1562,1155,67,164,1,-1,68,163,40,100,497
11251,Jun 9 2004,World Cup qualifier in Qatar,Qatar,Laos,1502,890,5,0,1,-1,1503,889,77,197,0,0,77,197,20,0,612
11252,Jun 9 2004,World Cup qualifier in Saudi Arabia,Saudi Arabia,Turkmenistan,1693,1447,3,0,8,-8,1701,1439,35,97,3,-2,38,95,40,100,346
11253,Jun 9 2004,World Cup qualifier in South Korea,South Korea,Vietnam,1692,1262,2,0,3,-3,1695,1259,38,143,2,-1,40,142,30,0,430
11254,Jun 9 2004,World Cup qualifier in Syria,Syria,Tajikistan,1405,1441,3,1,25,-25,1430,1416,89,113,10,-9,99,104,30,0,-36
11255,Jun 9 2004,World Cup qualifier in Thailand,Thailand,North Korea,1448,1414,1,4,-48,48,1400,1462,126,70,-17,17,109,87,40,100,134
11256,Jun 9 2004,World Cup qualifier in the United Arab Emirates,United Arab Emirates,Yemen,1450,1134,3,0,6,-6,1456,1128,91,170,0,-1,91,169,40,100,416
11257,Jun 9 2004,World Cup qualifier in Uzbekistan,Uzbekistan,Palestine,1490,1279,3,0,10,-10,1500,1269,75,142,3,-3,78,139,40,100,311
11258,Jun 10 2004,World Cup qualifier in Syria,Syria,Tajikistan,1430,1416,2,1,14,-14,1444,1402,91,112,4,-4,95,108,30,0,14
11259,Jun 11 2004,Friendly in Estonia,Estonia,Macedonia,1391,1496,2,4,-15,15,1376,1511,119,73,-4,3,115,76,20,100,-5
11260,Jun 12 2004,Friendly in Burkina Faso,Burkina Faso,Benin,1411,1307,4,2,7,-7,1418,1300,102,133,1,-1,103,132,20,100,204
11261,Jun 12 2004,World Cup qualifier in Cuba,Cuba,Costa Rica,1537,1724,2,2,5,-5,1542,1719,71,32,0,0,71,32,20,0,-187
11262,Jun 12 2004,World Cup qualifier in the United States,Haiti,Jamaica,1466,1610,1,1,8,-8,1474,1602,86,58,0,0,86,58,40,0,-144
11263,Jun 12 2004,World Cup qualifier in the Netherlands Antilles,Netherlands Antilles,Honduras,1194,1630,1,2,-5,5,1189,1635,156,52,0,1,156,53,40,100,-336
11264,Jun 12 2004,European Championship in Portugal,Portugal,Greece,1899,1794,1,2,-38,38,1861,1832,15,15,-3,3,12,18,50,100,205
11265,Jun 12 2004,European Championship in Portugal,Spain,Russia,2016,1776,1,0,10,-10,2026,1766,2,26,0,0,2,26,50,0,240
11266,Jun 12 2004,World Cup qualifier in Suriname,Suriname,Guatemala,1277,1555,1,1,9,-9,1286,1546,132,70,2,0,134,70,40,100,-178
11267,Jun 13 2004,World Cup qualifier in Barbados,Barbados,Saint Kitts and Nevis,1372,1335,0,2,-41,41,1331,1376,133,105,-8,10,125,115,40,100,137
11268,Jun 13 2004,World Cup qualifier in Canada,Canada,Belize,1597,1131,4,0,3,-3,1600,1128,58,168,1,0,59,168,40,100,566
11269,Jun 13 2004,Friendly in Cape Verde,Cape Verde,Senegal,1342,1717,1,3,-5,5,1337,1722,122,30,1,2,123,32,20,100,-275
11270,Jun 13 2004,European Championship in Portugal,Croatia,Switzerland,1838,1705,0,0,-9,9,1829,1714,19,35,-1,0,18,35,30,100,233
11271,Jun 13 2004,World Cup qualifier in the Dominican Republic,Dominican Republic,Trinidad and Tobago,1080,1422,0,2,-12,12,1068,1434,182,97,-3,2,179,99,40,100,-242
11272,Jun 13 2004,World Cup qualifier in El Salvador,El Salvador,Bermuda,1479,1203,2,1,4,-4,1483,1199,84,154,0,0,84,154,40,100,376
11273,Jun 13 2004,European Championship in Portugal,France,England,2058,1939,2,1,17,-17,2075,1922,1,8,0,0,1,8,50,0,119
11274,Jun 13 2004,COSAFA Cup in Mozambique,Mozambique,Malawi,1272,1358,2,0,29,-29,1301,1329,124,133,7,-7,131,126,40,100,14
11275,Jun 13 2004,World Cup qualifier in Nicaragua,Nicaragua,St Vincent & Grenadines,1002,1282,2,2,10,-10,1012,1272,187,141,1,-3,188,138,30,0,-280
11276,Jun 13 2004,World Cup qualifier in Panama,Panama,Saint Lucia,1431,1262,4,0,13,-13,1444,1249,91,145,4,-2,95,143,40,100,269
11277,Jun 13 2004,World Cup qualifier in the United States,United States,Grenada,1844,1302,3,0,2,-2,1846,1300,14,133,1,-1,15,132,30,0,542
11278,Jun 14 2004,European Championship in Portugal,Denmark,Italy,1879,1946,0,0,5,-5,1884,1941,9,7,0,0,9,7,50,0,-67
11279,Jun 14 2004,Friendly in Ghana,Ghana,Togo,1432,1419,0,0,-3,3,1429,1422,100,102,0,0,100,102,20,100,113
11280,Jun 14 2004,European Championship in Portugal,Sweden,Bulgaria,1799,1760,5,0,44,-44,1843,1716,13,41,4,-7,17,34,50,0,39
11281,Jun 15 2004,European Championship in Portugal,Czechia,Latvia,1962,1524,2,1,4,-4,1966,1520,4,76,1,-1,5,75,50,0,438
11282,Jun 15 2004,European Championship in Portugal,Germany,Netherlands,1869,1968,1,1,7,-7,1876,1961,10,7,0,-1,10,6,50,0,-99
11283,Jun 16 2004,World Cup qualifier in Canada,Canada,Belize,1600,1128,4,0,3,-3,1603,1125,57,170,1,-1,58,169,30,0,472
11284,Jun 16 2004,European Championship in Portugal,Greece,Spain,1832,2026,1,1,13,-13,1845,2013,14,2,2,0,16,2,50,0,-194
11285,Jun 16 2004,European Championship in Portugal,Portugal,Russia,1861,1766,2,0,18,-18,1879,1748,8,28,2,-1,10,27,50,100,195
11286,Jun 17 2004,European Championship in Portugal,Croatia,France,1829,2075,2,2,15,-15,1844,2060,17,1,1,0,18,1,50,0,-246
11287,Jun 17 2004,European Championship in Portugal,England,Switzerland,1922,1714,3,0,20,-20,1942,1694,6,47,1,-6,7,41,50,0,208
11288,Jun 17 2004,West Asian Championship in Iran,Iran,Lebanon,1693,1380,4,0,6,-6,1699,1374,34,119,4,-3,38,116,40,100,413
11289,Jun 17 2004,West Asian Championship in Iran,Jordan,Palestine,1626,1269,1,1,-15,15,1611,1284,59,133,-2,3,57,136,40,0,357
11290,Jun 18 2004,European Championship in Portugal,Denmark,Bulgaria,1884,1716,2,0,21,-21,1905,1695,9,44,0,-5,9,39,50,0,168
11291,Jun 18 2004,European Championship in Portugal,Italy,Sweden,1941,1843,1,1,-7,7,1934,1850,8,7,0,6,8,13,50,0,98
11292,Jun 18 2004,World Cup & African Cup qual in Libya,Libya,Cameroon,1437,1736,0,0,10,-10,1447,1726,90,31,4,-1,94,30,30,0,-299
11293,Jun 19 2004,World Cup & African Cup qual in Botswana,Botswana,Malawi,1233,1329,2,0,30,-30,1263,1299,133,140,8,-7,141,133,40,100,4
11294,Jun 19 2004,World Cup & African Cup qual in Cape Verde,Cape Verde,Uganda,1337,1428,1,0,19,-19,1356,1409,115,109,4,-4,119,105,30,0,-91
11295,Jun 19 2004,European Championship in Portugal,Czechia,Netherlands,1966,1961,3,2,25,-25,1991,1936,3,8,1,-1,4,7,50,0,5
11296,Jun 19 2004,European Championship in Portugal,Germany,Latvia,1876,1520,0,0,-19,19,1857,1539,13,69,-1,3,12,72,50,0,356
11297,Jun 19 2004,World Cup qualifier in Honduras,Honduras,Netherlands Antilles,1635,1189,4,0,3,-3,1638,1186,53,160,0,-2,53,158,20,0,446
11298,Jun 19 2004,West Asian Championship in Iran,Iraq,Palestine,1577,1284,2,1,6,-6,1583,1278,60,138,1,-1,61,137,40,0,293
11299,Jun 19 2004,World Cup & African Cup qual in Mali,Mali,Zambia,1559,1458,1,1,-10,10,1549,1468,69,84,0,3,69,87,40,100,201
11300,Jun 19 2004,World Cup qualifier in the United States,Mexico,Dominica,1848,1082,10,0,1,-1,1849,1081,15,175,0,0,15,175,20,0,766
11301,Jun 19 2004,World Cup & African Cup qual in Rwanda,Rwanda,Gabon,1356,1353,3,1,21,-21,1377,1332,111,128,4,-4,115,124,40,100,103
11302,Jun 19 2004,World Cup qualifier in Saint Kitts and Nevis,Saint Kitts and Nevis,Barbados,1376,1331,3,2,12,-12,1388,1319,108,129,3,-2,111,127,40,100,145
11303,Jun 19 2004,West Asian Championship in Iran,Syria,Lebanon,1444,1374,3,1,24,-24,1468,1350,78,124,9,-4,87,120,40,0,70
11304,Jun 20 2004,World Cup & African Cup qual in Angola,Angola,Nigeria,1491,1828,1,0,32,-32,1523,1796,71,22,5,-1,76,21,40,100,-237
11305,Jun 20 2004,World Cup & African Cup qual in Benin,Benin,Sudan,1300,1334,1,1,-4,4,1296,1338,137,123,-3,0,134,123,40,100,66
11306,Jun 20 2004,World Cup qualifier in Bermuda,Bermuda,El Salvador,1199,1483,2,2,10,-10,1209,1473,152,86,1,-1,153,85,30,0,-284
11307,Jun 20 2004,World Cup & African Cup qual in Congo,Congo,Liberia,1393,1445,3,0,30,-30,1423,1415,92,112,9,-8,101,104,30,0,-52
11308,Jun 20 2004,World Cup qualifier in Costa Rica,Costa Rica,Cuba,1719,1542,1,1,-13,13,1706,1555,32,65,0,3,32,68,40,100,277
11309,Jun 20 2004,World Cup & African Cup qual in the Dem Rep of the Congo,DR Congo,Burkina Faso,1408,1418,3,2,15,-15,1423,1403,95,114,6,-6,101,108,30,0,-10
11310,Jun 20 2004,World Cup & African Cup qual in Egypt,Egypt,Ivory Coast,1697,1625,1,2,-29,29,1668,1654,52,47,-7,4,45,51,40,100,172
11311,Jun 20 2004,World Cup & African Cup qual in Ghana,Ghana,South Africa,1429,1578,3,0,40,-40,1469,1538,74,84,13,-11,87,73,40,100,-49
11312,Jun 20 2004,World Cup qualifier in Grenada,Grenada,United States,1300,1846,2,3,-3,3,1297,1849,135,14,-2,1,133,15,40,100,-446
11313,Jun 20 2004,World Cup qualifier in Guatemala,Guatemala,Suriname,1546,1286,3,1,7,-7,1553,1279,68,139,1,-2,69,137,40,100,360
11314,Jun 20 2004,World Cup & African Cup qual in Guinea,Guinea,Tunisia,1522,1674,2,1,23,-23,1545,1651,67,59,4,-7,71,52,40,100,-52
11315,Jun 20 2004,World Cup qualifier in Jamaica,Jamaica,Haiti,1602,1474,3,0,15,-15,1617,1459,53,100,3,-7,56,93,40,100,228
11316,Jun 20 2004,European Championship in Portugal,Portugal,Spain,1879,2013,1,0,27,-27,1906,1986,8,6,1,-2,9,4,40,0,-134
11317,Jun 20 2004,European Championship in Portugal,Russia,Greece,1748,1845,2,1,32,-32,1780,1813,25,21,1,-2,26,19,50,0,-97
11318,Jun 20 2004,World Cup qualifier in Saint Lucia,Saint Lucia,Panama,1249,1444,0,3,-26,26,1223,1470,158,75,-7,11,151,86,40,100,-95
11319,Jun 20 2004,World Cup qualifier in St Vincent & Grenadines,St Vincent & Grenadines,Nicaragua,1272,1012,4,1,8,-8,1280,1004,133,190,3,-1,136,189,40,100,360
11320,Jun 20 2004,World Cup & African Cup qual in Togo,Togo,Senegal,1422,1722,3,1,46,-46,1468,1676,75,53,13,-11,88,42,40,100,-200
11321,Jun 20 2004,World Cup qualifier in Trinidad and Tobago,Trinidad and Tobago,Dominican Republic,1434,1068,4,0,5,-5,1439,1063,99,179,0,0,99,179,40,100,466
11322,Jun 20 2004,World Cup & African Cup qual in Zimbabwe,Zimbabwe,Algeria,1485,1489,1,1,-5,5,1480,1494,83,80,0,1,83,81,40,100,96
11323,Jun 21 2004,European Championship in Portugal,England,Croatia,1942,1844,4,2,27,-27,1969,1817,6,18,0,0,6,18,50,0,98
11324,Jun 21 2004,European Championship in Portugal,France,Switzerland,2060,1694,3,1,8,-8,2068,1686,1,41,0,-1,1,40,50,0,366
11325,Jun 21 2004,West Asian Championship in Iran,Iran,Syria,1699,1468,7,1,11,-11,1710,1457,28,100,4,-6,32,94,40,100,331
11326,Jun 21 2004,West Asian Championship in Iran,Jordan,Iraq,1611,1583,2,0,28,-28,1639,1555,48,73,5,-6,53,67,40,0,28
11327,Jun 22 2004,European Championship in Portugal,Denmark,Sweden,1905,1850,2,2,-4,4,1901,1854,10,13,0,0,10,13,20,100,155
11328,Jun 22 2004,European Championship in Portugal,Italy,Bulgaria,1934,1695,2,1,10,-10,1944,1685,6,43,1,-3,7,40,50,0,239
11329,Jun 23 2004,European Championship in Portugal,Czechia,Germany,1991,1857,2,1,16,-16,2007,1841,1,22,1,-5,2,17,50,0,134
11330,Jun 23 2004,West Asian Championship in Iran,Iran,Iraq,1710,1555,2,1,7,-7,1717,1548,32,73,0,-3,32,70,40,100,255
11331,Jun 23 2004,West Asian Championship in Iran,Jordan,Syria,1639,1457,1,1,-10,10,1629,1467,59,86,-3,4,56,90,30,100,282
11332,Jun 23 2004,European Championship in Portugal,Netherlands,Latvia,1936,1539,3,0,8,-8,1944,1531,6,76,1,-2,7,74,50,0,397
11333,Jun 24 2004,European Championship in Portugal,Portugal,England,1906,1969,2,2,-3,3,1903,1972,9,6,0,0,9,6,50,100,37
11334,Jun 25 2004,European Championship in Portugal,Greece,France,1813,2068,1,0,41,-41,1854,2027,5,1,7,0,12,1,50,0,-255
11335,Jun 25 2004,West Asian Championship in Iran,Iran,Syria,1717,1467,4,1,8,-8,1725,1459,30,94,1,-2,31,92,40,100,350
11336,Jun 25 2004,West Asian Championship in Iran,Jordan,Iraq,1629,1548,3,1,23,-23,1652,1525,48,78,4,-4,52,74,40,0,81
11337,Jun 25 2004,Friendly in Mozambique,Mozambique,Ghana,1301,1469,0,1,-8,8,1293,1477,138,81,-4,3,134,84,20,100,-68
11338,Jun 26 2004,European Championship in Portugal,Netherlands,Sweden,1944,1854,0,0,-6,6,1938,1860,9,12,-1,0,8,12,50,0,90
11339,Jun 27 2004,Friendly in the United States,Colombia,Argentina,1760,1986,2,0,24,-24,1784,1962,23,8,2,-2,25,6,20,0,-226
11340,Jun 27 2004,European Championship in Portugal,Czechia,Denmark,2007,1901,3,0,31,-31,2038,1870,0,10,1,0,1,10,50,0,106
11341,Jun 27 2004,World Cup qualifier in Mexico,Mexico,Dominica,1849,1081,8,0,1,-1,1850,1080,13,175,1,0,14,175,20,0,768
11342,Jun 27 2004,COSAFA Cup in Swaziland,Swaziland,Zimbabwe,1189,1480,0,5,-20,20,1169,1500,162,77,-3,3,159,80,40,100,-191
11343,Jun 30 2004,Friendly in the United States,Argentina,Peru,1962,1694,2,1,4,-4,1966,1690,6,38,0,0,6,38,20,0,268
11344,Jun 30 2004,European Championship in Portugal,Portugal,Netherlands,1903,1938,2,1,20,-20,1923,1918,7,10,1,-1,8,9,50,100,65
11345,Jul 1 2004,European Championship in Portugal,Greece,Czechia,1854,2038,1,0,37,-37,1891,2001,7,5,3,-2,10,3,50,0,-184
11346,Jul 3 2004,World Cup & African Cup qual in Botswana,Botswana,Morocco,1263,1674,0,1,-6,6,1257,1680,143,40,-1,2,142,42,40,100,-311
11347,Jul 3 2004,World Cup & African Cup qual in Cape Verde,Cape Verde,DR Congo,1356,1423,1,1,-2,2,1354,1425,117,101,1,0,118,101,40,100,33
11348,Jul 3 2004,Friendly in China,China,Lebanon,1615,1350,6,0,5,-5,1620,1345,56,124,1,-2,57,122,20,100,365
11349,Jul 3 2004,World Cup & African Cup qual in Gabon,Gabon,Angola,1332,1523,2,2,5,-5,1337,1518,122,78,1,-1,123,77,20,0,-191
11350,Jul 3 2004,World Cup & African Cup qual in Malawi,Malawi,Guinea,1299,1545,1,1,8,-8,1307,1537,130,72,0,-1,130,71,40,100,-146
11351,Jul 3 2004,World Cup & African Cup qual in Nigeria,Nigeria,Algeria,1796,1494,1,0,4,-4,1800,1490,21,84,0,-1,21,83,30,0,302
11352,Jul 3 2004,World Cup & African Cup qual in Rwanda,Rwanda,Zimbabwe,1377,1500,0,2,-28,28,1349,1528,123,68,-4,6,119,74,40,100,-23
11353,Jul 3 2004,World Cup & African Cup qual in Senegal,Senegal,Zambia,1676,1468,1,0,6,-6,1682,1462,40,92,1,-2,41,90,40,100,308
11354,Jul 3 2004,World Cup & African Cup qual in South Africa,South Africa,Burkina Faso,1538,1403,2,0,12,-12,1550,1391,67,112,2,-2,69,110,40,100,235
11355,Jul 3 2004,World Cup & African Cup qual in Sudan,Sudan,Libya,1338,1447,0,1,-19,19,1319,1466,129,80,-3,9,126,89,40,100,-9
11356,Jul 3 2004,World Cup & African Cup qual in Uganda,Uganda,Ghana,1409,1477,1,1,-2,2,1407,1479,108,84,-1,0,107,84,40,100,32
11357,Jul 4 2004,World Cup & African Cup qual in Benin,Benin,Egypt,1296,1668,3,3,13,-13,1309,1655,125,55,4,-5,129,50,40,100,-272
11358,Jul 4 2004,World Cup & African Cup qual in Cameroon,Cameroon,Ivory Coast,1726,1654,2,0,16,-16,1742,1638,28,57,1,-3,29,54,40,100,172
11359,Jul 4 2004,World Cup & African Cup qual in Congo,Congo,Mali,1423,1549,1,0,21,-21,1444,1528,96,76,3,-3,99,73,40,100,-26
11360,Jul 4 2004,World Cup & African Cup qual in Liberia,Liberia,Togo,1415,1468,0,0,-3,3,1412,1471,104,86,0,1,104,87,40,100,47
11361,Jul 4 2004,European Championship in Portugal,Portugal,Greece,1923,1891,0,1,-34,34,1889,1925,12,6,-2,2,10,8,50,100,132
11362,Jul 5 2004,Friendly in Thailand,Thailand,Bahrain,1400,1566,0,2,-12,12,1388,1578,111,57,-1,4,110,61,20,100,-66
11363,Jul 6 2004,Copa América in Peru,Colombia,Venezuela,1784,1675,1,0,17,-17,1801,1658,17,52,4,-4,21,48,50,0,109
11364,Jul 6 2004,Friendly in Malawi,Malawi,Swaziland,1307,1169,1,2,-16,16,1291,1185,137,157,-3,1,134,158,20,100,238
11365,Jul 6 2004,Copa América in Peru,Peru,Bolivia,1690,1573,2,2,-14,14,1676,1587,48,60,-5,1,43,61,50,100,217
11366,Jul 7 2004,Copa América in Peru,Argentina,Ecuador,1966,1731,6,1,21,-21,1987,1710,2,36,2,-3,4,33,50,0,235
11367,Jul 7 2004,Copa América in Peru,Mexico,Uruguay,1850,1705,2,2,-10,10,1840,1715,22,30,-4,2,18,32,50,0,145
11368,Jul 8 2004,Copa América in Peru,Brazil,Chile,2007,1705,1,0,7,-7,2014,1698,2,35,0,0,2,35,50,0,302
11369,Jul 8 2004,Friendly in Malawi,Malawi,Swaziland,1291,1185,1,1,-5,5,1286,1190,134,154,0,2,134,156,20,100,206
11370,Jul 8 2004,Copa América in Peru,Paraguay,Costa Rica,1784,1706,1,0,19,-19,1803,1687,16,40,5,-3,21,37,50,0,78
11371,Jul 8 2004,Friendly in Thailand,Thailand,Jordan,1388,1652,0,0,4,-4,1392,1648,108,53,1,-1,109,52,20,100,-164
11372,Jul 9 2004,Copa América in Peru,Colombia,Bolivia,1801,1587,1,0,11,-11,1812,1576,20,63,1,-1,21,62,50,0,214
11373,Jul 9 2004,Friendly tournament in Japan,Japan,Slovakia,1812,1663,3,1,9,-9,1821,1654,18,53,1,-4,19,49,20,0,149
11374,Jul 9 2004,Copa América in Peru,Peru,Venezuela,1676,1658,3,1,25,-25,1701,1633,25,62,9,-7,34,55,50,100,118
11375,Jul 10 2004,Friendly in China,China,United Arab Emirates,1620,1456,2,2,-6,6,1614,1462,59,84,-1,6,58,90,20,100,264
11376,Jul 10 2004,Copa América in Peru,Mexico,Argentina,1840,1987,1,0,35,-35,1875,1952,4,8,7,-2,11,6,50,0,-147
11377,Jul 10 2004,Friendly in South Korea,South Korea,Bahrain,1695,1578,2,0,7,-7,1702,1571,29,65,4,-2,33,63,20,100,217
11378,Jul 10 2004,Friendly in Thailand,Thailand,Trinidad and Tobago,1392,1439,3,2,8,-8,1400,1431,109,102,0,-1,109,101,20,100,53
11379,Jul 10 2004,Copa América in Peru,Uruguay,Ecuador,1715,1710,2,1,25,-25,1740,1685,28,45,2,-6,30,39,50,0,5
11380,Jul 11 2004,Copa América in Peru,Brazil,Costa Rica,2014,1687,4,1,12,-12,2026,1675,2,49,0,-6,2,43,50,0,327
11381,Jul 11 2004,Copa América in Peru,Chile,Paraguay,1698,1803,1,1,7,-7,1705,1796,30,24,3,-1,33,23,50,0,-105
11382,Jul 11 2004,Friendly tournament in Japan,Serbia and Montenegro,Slovakia,1719,1654,2,0,18,-18,1737,1636,30,59,1,-5,31,54,30,0,65
11383,Jul 11 2004,Friendly in the United States,United States,Poland,1849,1745,1,1,-5,5,1844,1750,18,28,-1,0,17,28,20,100,204
11384,Jul 12 2004,Copa América in Peru,Bolivia,Venezuela,1576,1633,1,1,4,-4,1580,1629,61,57,0,-1,61,56,50,0,-57
11385,Jul 12 2004,Friendly in Malaysia,Malaysia,Singapore,1197,1155,2,0,9,-9,1206,1146,155,169,0,-3,155,166,20,100,142
11386,Jul 12 2004,Copa América in Peru,Peru,Colombia,1701,1812,2,2,1,-1,1702,1811,33,21,1,0,34,21,40,100,-11
11387,Jul 13 2004,Copa América in Peru,Argentina,Uruguay,1952,1740,4,2,17,-17,1969,1723,6,34,0,-2,6,32,50,0,212
11388,Jul 13 2004,Friendly tournament in Japan,Japan,Serbia and Montenegro,1821,1737,1,0,8,-8,1829,1729,19,29,0,1,19,30,20,0,84
11389,Jul 13 2004,Copa América in Peru,Mexico,Ecuador,1875,1685,2,1,13,-13,1888,1672,11,48,0,-5,11,43,50,0,190
11390,Jul 14 2004,Copa América in Peru,Costa Rica,Chile,1675,1705,2,1,27,-27,1702,1678,24,51,9,-9,33,42,50,0,-30
11391,Jul 14 2004,Copa América in Peru,Paraguay,Brazil,1796,2026,2,1,39,-39,1835,1987,15,4,4,-1,19,3,50,0,-230
11392,Jul 14 2004,Friendly in South Korea,South Korea,Trinidad and Tobago,1702,1431,1,1,-8,8,1694,1439,38,99,-2,1,36,100,20,100,371
11393,Jul 17 2004,Asian Cup in China,China,Bahrain,1614,1571,2,2,-10,10,1604,1581,58,59,0,2,58,61,50,100,143
11394,Jul 17 2004,Copa América in Peru,Colombia,Costa Rica,1811,1702,2,0,26,-26,1837,1676,16,51,3,-9,19,42,50,0,109
11395,Jul 17 2004,Copa América in Peru,Peru,Argentina,1702,1969,0,1,-14,14,1688,1983,37,4,-2,1,35,5,50,100,-167
11396,Jul 18 2004,COSAFA Cup in Angola,Angola,Botswana,1518,1257,1,1,-16,16,1502,1273,81,138,-2,2,79,140,40,100,361
11397,Jul 18 2004,Copa América in Peru,Brazil,Mexico,1987,1888,4,0,34,-34,2021,1854,1,17,1,-3,2,14,50,0,99
11398,Jul 18 2004,Friendly in the United States,Guatemala,El Salvador,1553,1473,1,0,8,-8,1561,1465,66,92,1,-3,67,89,20,0,80
11399,Jul 18 2004,Asian Cup in China,Indonesia,Qatar,1321,1503,2,1,37,-37,1358,1466,112,94,6,-7,118,87,50,0,-182
11400,Jul 18 2004,Asian Cup in China,Saudi Arabia,Turkmenistan,1701,1439,2,2,-16,16,1685,1455,39,94,-3,3,36,97,40,100,362
11401,Jul 18 2004,Copa América in Peru,Uruguay,Paraguay,1723,1835,3,1,49,-49,1772,1786,24,30,4,-5,28,25,50,0,-112
11402,Jul 18 2004,Asian Cup in China,Uzbekistan,Iraq,1500,1525,1,0,27,-27,1527,1498,69,85,6,-5,75,80,50,0,-25
11403,Jul 19 2004,Asian Cup in China,Jordan,South Korea,1648,1694,0,0,3,-3,1651,1691,48,33,1,0,49,33,40,0,-46
11404,Jul 19 2004,Asian Cup in China,Kuwait,United Arab Emirates,1450,1462,3,1,39,-39,1489,1423,67,114,16,-12,83,102,50,0,-12
11405,Jul 20 2004,Copa América in Peru,Argentina,Colombia,1983,1837,3,0,26,-26,2009,1811,1,23,2,-2,3,21,50,0,146
11406,Jul 20 2004,Asian Cup in China,Iran,Thailand,1725,1400,3,0,12,-12,1737,1388,30,111,1,-1,31,110,50,0,325
11407,Jul 20 2004,Asian Cup in China,Japan,Oman,1829,1562,1,0,9,-9,1838,1553,18,70,1,-2,19,68,50,0,267
11408,Jul 21 2004,Asian Cup in China,Bahrain,Qatar,1581,1466,1,1,-8,8,1573,1474,63,84,-1,2,62,86,30,100,215
11409,Jul 21 2004,Copa América in Peru,Brazil,Uruguay,2021,1772,1,1,-15,15,2006,1787,4,22,-1,3,3,25,40,100,349
11410,Jul 21 2004,Asian Cup in China,China,Indonesia,1604,1358,5,0,12,-12,1616,1346,58,126,0,-4,58,122,30,0,246
11411,Jul 22 2004,Asian Cup in China,Iraq,Turkmenistan,1498,1455,3,2,22,-22,1520,1433,74,103,3,-3,77,100,50,0,43
11412,Jul 22 2004,Asian Cup in China,Uzbekistan,Saudi Arabia,1527,1685,1,0,36,-36,1563,1649,57,64,9,-14,66,50,50,0,-158
11413,Jul 23 2004,Asian Cup in China,Jordan,Kuwait,1651,1489,2,0,21,-21,1672,1468,36,93,6,-5,42,88,50,0,162
11414,Jul 23 2004,Friendly in Panama,Panama,Guatemala,1470,1561,1,1,0,0,1470,1561,86,67,1,0,87,67,20,100,9
11415,Jul 23 2004,Asian Cup in China,South Korea,United Arab Emirates,1691,1423,2,0,13,-13,1704,1410,33,108,0,-3,33,105,50,0,268
11416,Jul 24 2004,Asian Cup in China,Iran,Oman,1737,1553,2,2,-12,12,1725,1565,33,63,-1,3,32,66,50,0,184
11417,Jul 24 2004,Asian Cup in China,Japan,Thailand,1838,1388,4,1,6,-6,1844,1382,15,116,2,-3,17,113,50,0,450
11418,Jul 24 2004,Copa América in Peru,Uruguay,Colombia,1787,1811,2,1,27,-27,1814,1784,17,33,4,-6,21,27,50,0,-24
11419,Jul 25 2004,Copa América in Peru,Argentina,Brazil,2009,2006,2,2,0,0,2009,2006,2,3,0,0,2,3,20,0,3
11420,Jul 25 2004,Asian Cup in China,Bahrain,Indonesia,1573,1346,3,1,16,-16,1589,1330,60,126,1,-2,61,124,50,0,227
11421,Jul 25 2004,Asian Cup in China,China,Qatar,1616,1474,1,0,10,-10,1626,1464,56,95,1,-5,57,90,50,100,242
11422,Jul 26 2004,Asian Cup in China,Iraq,Saudi Arabia,1520,1649,2,1,34,-34,1554,1615,63,66,7,-8,70,58,50,0,-129
11423,Jul 26 2004,Asian Cup in China,Uzbekistan,Turkmenistan,1563,1433,1,0,16,-16,1579,1417,59,102,4,-1,63,101,50,0,130
11424,Jul 27 2004,Asian Cup in China,Jordan,United Arab Emirates,1672,1410,0,0,-16,16,1656,1426,50,95,-4,5,46,100,40,100,362
11425,Jul 27 2004,Asian Cup in China,South Korea,Kuwait,1704,1468,4,0,19,-19,1723,1449,33,107,0,-10,33,97,50,0,236
11426,Jul 28 2004,Friendly in Honduras,Honduras,Panama,1638,1470,0,0,-6,6,1632,1476,55,82,-2,2,53,84,20,100,268
11427,Jul 28 2004,Asian Cup in China,Iran,Japan,1725,1844,0,0,8,-8,1733,1836,30,21,1,-2,31,19,50,0,-119
11428,Jul 28 2004,Asian Cup in China,Oman,Thailand,1565,1382,2,0,19,-19,1584,1363,57,121,5,-4,62,117,50,0,183
11429,Jul 30 2004,Asian Cup in China,Bahrain,Uzbekistan,1589,1579,2,2,-1,1,1588,1580,61,62,0,1,61,63,40,0,10
11430,Jul 30 2004,Asian Cup in China,China,Iraq,1626,1554,3,0,24,-24,1650,1530,44,78,6,-4,50,74,50,100,172
11431,Jul 31 2004,Asian Cup in China,Iran,South Korea,1733,1723,4,3,24,-24,1757,1699,27,33,2,0,29,33,50,0,10
11432,Jul 31 2004,Asian Cup in China,Japan,Jordan,1836,1656,1,1,-12,12,1824,1668,19,40,0,3,19,43,50,0,180
11433,Jul 31 2004,COSAFA Cup in Zambia,Zambia,Mauritius,1462,1349,3,1,14,-14,1476,1335,78,127,6,-4,84,123,40,100,213
11434,Aug 3 2004,Asian Cup in China,China,Iran,1650,1757,1,1,1,-1,1651,1756,48,29,1,0,49,29,50,100,-7
11435,Aug 3 2004,Friendly in El Salvador,El Salvador,Honduras,1465,1632,0,4,-15,15,1450,1647,103,48,-7,3,96,51,20,100,-67
11436,Aug 3 2004,Asian Cup in China,Japan,Bahrain,1824,1588,4,3,10,-10,1834,1578,19,67,0,-3,19,64,50,0,236
11437,Aug 6 2004,Friendly in the United States,Guatemala,El Salvador,1561,1450,2,0,10,-10,1571,1440,62,100,3,-2,65,98,20,0,111
11438,Aug 6 2004,Asian Cup in China,Iran,Bahrain,1756,1578,4,2,20,-20,1776,1558,29,72,0,-4,29,68,50,0,178
11439,Aug 7 2004,Asian Cup in China,China,Japan,1651,1834,1,3,-29,29,1622,1863,63,7,-7,6,56,13,50,100,-83
11440,Aug 7 2004,Friendly in Uganda,Uganda,Kenya,1407,1459,1,1,-1,1,1406,1460,107,92,0,0,107,92,20,100,48
11441,Aug 11 2004,Friendly in Guatemala,Guatemala,Trinidad and Tobago,1571,1439,4,1,7,-7,1578,1432,63,99,1,0,64,99,20,100,232
11442,Aug 14 2004,Friendly in Uganda,Uganda,Rwanda,1406,1349,1,2,-14,14,1392,1363,109,115,-1,2,108,117,20,100,157
11443,Aug 17 2004,Friendly in Algeria,Algeria,Burkina Faso,1490,1391,2,2,-5,5,1485,1396,82,107,0,1,82,108,20,100,199
11444,Aug 18 2004,Friendly in Austria,Austria,Germany,1679,1841,1,3,-12,12,1667,1853,47,13,-4,3,43,16,20,100,-62
11445,Aug 18 2004,World Cup qualifier in Canada,Canada,Guatemala,1603,1578,0,2,-40,40,1563,1618,77,52,-9,6,68,58,40,100,125
11446,Aug 18 2004,World Cup qualifier in Costa Rica,Costa Rica,Honduras,1676,1647,2,5,-47,47,1629,1694,65,18,-12,16,53,34,40,100,129
11447,Aug 18 2004,Friendly in Croatia,Croatia,Israel,1817,1659,1,0,4,-4,1821,1655,20,46,0,0,20,46,20,100,258
11448,Aug 18 2004,Friendly in Cyprus,Cyprus,Albania,1475,1537,2,1,9,-9,1484,1528,78,81,4,-5,82,76,20,100,38
11449,Aug 18 2004,Friendly in Czechia,Czechia,Greece,2001,1925,0,0,-5,5,1996,1930,4,6,0,1,4,7,20,100,176
11450,Aug 18 2004,World Cup qualifier in El Salvador,El Salvador,Panama,1440,1476,2,1,16,-16,1456,1460,90,98,4,-7,94,91,40,100,64
11451,Aug 18 2004,Friendly in England,England,Ukraine,1972,1639,3,0,3,-3,1975,1636,6,51,0,0,6,51,20,100,433
11452,Aug 18 2004,Friendly in the Faroe Islands,Faroe Islands,Malta,1238,1264,3,2,8,-8,1246,1256,142,141,2,0,144,141,20,100,74
11453,Aug 18 2004,Friendly in France,France,Bosnia and Herzegovina,2027,1600,1,1,-9,9,2018,1609,1,60,0,0,1,60,20,100,527
11454,Aug 18 2004,Friendly in Haiti,Haiti,Brazil,1459,2006,0,6,-3,3,1456,2009,95,3,-1,0,94,3,20,100,-447
11455,Aug 18 2004,Friendly in Iceland,Iceland,Italy,1571,1944,2,0,25,-25,1596,1919,58,9,4,-1,62,8,20,100,-273
11456,Aug 18 2004,Friendly in Ireland,Ireland,Bulgaria,1845,1685,1,1,-6,6,1839,1691,19,34,-1,1,18,35,20,100,260
11457,Aug 18 2004,Friendly in France,Ivory Coast,Senegal,1638,1682,2,1,11,-11,1649,1671,44,45,4,-4,48,41,20,0,-44
11458,Aug 18 2004,World Cup qualifier in Jamaica,Jamaica,United States,1617,1844,1,1,7,-7,1624,1837,55,20,1,-1,56,19,40,100,-127
11459,Aug 18 2004,Friendly in Japan,Japan,Argentina,1863,2009,1,2,-9,9,1854,2018,15,0,-1,1,14,1,20,100,-46
11460,Aug 18 2004,Friendly in Jordan,Jordan,Azerbaijan,1668,1374,1,1,-8,8,1660,1382,45,111,-1,2,44,113,20,100,394
11461,Aug 18 2004,Friendly in Kenya,Kenya,Uganda,1460,1392,4,1,10,-10,1470,1382,82,117,5,-4,87,113,20,100,168
11462,Aug 18 2004,Friendly in Latvia,Latvia,Wales,1531,1656,0,2,-14,14,1517,1670,83,37,-5,5,78,42,20,100,-25
11463,Aug 18 2004,World Cup qualifier in Liechtenstein,Liechtenstein,Estonia,1061,1376,1,2,-9,9,1052,1385,184,106,-2,4,182,110,40,100,-215
11464,Aug 18 2004,World Cup qualifier in Macedonia,Macedonia,Armenia,1511,1462,3,0,21,-21,1532,1441,68,108,5,-9,73,99,40,100,149
11465,Aug 18 2004,Friendly in France,Mali,DR Congo,1528,1425,3,0,12,-12,1540,1413,67,107,4,-3,71,104,20,0,103
11466,Aug 18 2004,Friendly in Moldova,Moldova,Georgia,1409,1492,1,0,10,-10,1419,1482,96,85,5,-2,101,83,20,100,17
11467,Aug 18 2004,Friendly in Norway,Norway,Belgium,1785,1792,2,2,-3,3,1782,1795,28,23,-1,0,27,23,20,100,93
11468,Aug 18 2004,Friendly in Poland,Poland,Denmark,1750,1870,1,5,-18,18,1732,1888,32,11,-1,0,31,11,20,100,-20
11469,Aug 18 2004,World Cup qualifier in Romania,Romania,Finland,1850,1663,2,1,6,-6,1856,1657,10,45,3,0,13,45,40,100,287
11470,Aug 18 2004,Friendly in Russia,Russia,Lithuania,1780,1417,4,3,1,-1,1781,1416,28,104,0,-1,28,103,20,100,463
11471,Aug 18 2004,Friendly in Scotland,Scotland,Hungary,1664,1572,0,3,-26,26,1638,1598,54,57,-5,4,49,61,20,100,192
11472,Aug 18 2004,World Cup qualifier in Slovakia,Slovakia,Luxembourg,1636,1074,3,1,1,-1,1637,1073,47,178,3,0,50,178,20,0,562
11473,Aug 18 2004,Friendly in Slovenia,Slovenia,Serbia and Montenegro,1632,1729,1,1,0,0,1632,1729,50,32,2,0,52,32,20,100,3
11474,Aug 18 2004,Friendly in Spain,Spain,Venezuela,1986,1629,3,2,1,-1,1987,1628,5,53,0,1,5,54,20,100,457
11475,Aug 18 2004,World Cup qualifier in St Vincent & Grenadines,St Vincent & Grenadines,Trinidad and Tobago,1280,1432,0,2,-26,26,1254,1458,148,87,-6,6,142,93,40,100,-52
11476,Aug 18 2004,Friendly in Sweden,Sweden,Netherlands,1860,1918,2,2,-1,1,1859,1919,10,7,2,1,12,8,20,100,42
11477,Aug 18 2004,Friendly in Switzerland,Switzerland,Northern Ireland,1686,1509,0,0,-7,7,1679,1516,41,79,-3,0,38,79,20,100,277
11478,Aug 18 2004,Friendly in Tunisia,Tunisia,South Africa,1651,1550,0,2,-23,23,1628,1573,59,64,-5,3,54,67,20,100,201
11479,Aug 18 2004,Friendly in Turkey,Turkey,Belarus,1869,1567,1,2,-18,18,1851,1585,22,59,-5,4,17,63,20,100,402
11480,Aug 18 2004,Friendly in Zimbabwe,Zimbabwe,Botswana,1528,1273,2,0,3,-3,1531,1270,73,138,1,1,74,139,20,100,355
11481,Aug 19 2004,Friendly in Thailand,Thailand,Malaysia,1363,1206,1,2,-16,16,1347,1222,123,149,-3,3,120,152,20,100,257
11482,Aug 20 2004,Friendly tournament in Vietnam,Vietnam,Myanmar,1259,1147,5,0,14,-14,1273,1133,138,169,1,-2,139,167,20,0,112
11483,Aug 22 2004,Friendly tournament in Vietnam,India,Myanmar,1162,1133,2,1,14,-14,1176,1119,157,175,2,-4,159,171,30,0,29
11484,Aug 22 2004,Friendly in Zimbabwe,Zimbabwe,Uganda,1531,1382,2,0,6,-6,1537,1376,70,117,2,-2,72,115,20,100,249
11485,Aug 24 2004,Friendly tournament in Vietnam,Vietnam,India,1273,1176,2,1,7,-7,1280,1169,133,161,3,-1,136,160,20,0,97
11486,Aug 26 2004,Friendly in Bahrain,Bahrain,Kuwait,1558,1449,0,0,-5,5,1553,1454,71,95,-1,1,70,96,20,100,209
11487,Aug 26 2004,Friendly in Yemen,Yemen,Syria,1128,1459,1,2,-4,4,1124,1463,169,88,-1,2,168,90,20,100,-231
11488,Aug 28 2004,Friendly in Yemen,Yemen,Syria,1124,1463,2,1,16,-16,1140,1447,166,104,1,-7,167,97,20,100,-239
11489,Aug 28 2004,Friendly in Zambia,Zambia,Rwanda,1476,1363,2,1,5,-5,1481,1358,83,117,1,0,84,117,20,100,213
11490,Aug 31 2004,Friendly in Jordan,Jordan,Lebanon,1660,1345,2,2,-8,8,1652,1353,50,117,-3,2,47,119,20,100,415
11491,Aug 31 2004,Friendly in the Maldives,Maldives,Oman,955,1584,0,1,-1,1,954,1585,193,62,-1,1,192,63,20,0,-629
11492,Sep 1 2004,Friendly in Saudi Arabia,Saudi Arabia,Kuwait,1615,1454,1,1,-6,6,1609,1460,59,87,0,4,59,91,20,100,261
11493,Sep 2 2004,Friendly in Bahrain,Bahrain,Palestine,1553,1278,1,0,2,-2,1555,1276,68,138,1,0,69,138,20,100,375
11494,Sep 3 2004,World Cup & African Cup qual in Libya,Libya,Benin,1466,1309,4,1,13,-13,1479,1296,82,135,3,-3,85,132,40,100,257
11495,Sep 3 2004,Friendly in the Maldives,Maldives,Oman,954,1585,1,2,-1,1,953,1586,192,63,0,0,192,63,20,0,-631
11496,Sep 3 2004,Friendly in the Netherlands,Netherlands,Liechtenstein,1919,1052,3,0,0,0,1919,1052,8,182,0,0,8,182,20,0,867
11497,Sep 3 2004,Friendly in Spain,Spain,Scotland,1987,1638,1,1,-9,9,1978,1647,5,49,0,0,5,49,20,100,449
11498,Sep 4 2004,World Cup qualifier in Albania,Albania,Greece,1528,1930,2,1,34,-34,1562,1896,62,13,7,-3,69,10,40,100,-302
11499,Sep 4 2004,World Cup qualifier in Austria,Austria,England,1667,1975,2,2,11,-11,1678,1964,31,6,6,0,37,6,30,0,-308
11500,Sep 4 2004,World Cup qualifier in Azerbaijan,Azerbaijan,Wales,1382,1670,1,1,10,-10,1392,1660,105,46,4,-2,109,44,30,0,-288
11501,Sep 4 2004,World Cup qualifier in Belgium,Belgium,Lithuania,1795,1416,1,1,-18,18,1777,1434,29,97,-3,3,26,100,40,100,479
11502,Sep 4 2004,World Cup & African Cup qual in Burkina Faso,Burkina Faso,Uganda,1396,1376,2,0,20,-20,1416,1356,98,119,5,-2,103,117,40,100,120
11503,Sep 4 2004,World Cup qualifier in Canada,Canada,Honduras,1563,1694,1,1,2,-2,1565,1692,68,36,0,-1,68,35,40,100,-31
11504,Sep 4 2004,World Cup qualifier in Croatia,Croatia,Hungary,1821,1598,3,0,9,-9,1830,1589,20,61,0,0,20,61,40,100,323
11505,Sep 4 2004,World Cup qualifier in Denmark,Denmark,Ukraine,1888,1636,1,1,-15,15,1873,1651,11,45,0,3,11,48,40,100,352
11506,Sep 4 2004,World Cup qualifier in Estonia,Estonia,Luxembourg,1385,1073,4,0,6,-6,1391,1067,110,178,0,0,110,178,40,100,412
11507,Sep 4 2004,World Cup qualifier in Finland,Finland,Andorra,1657,1060,3,0,1,-1,1658,1059,46,180,-1,0,45,180,20,0,597
11508,Sep 4 2004,World Cup qualifier in France,France,Israel,2018,1655,0,0,-17,17,2001,1672,5,35,-2,5,3,40,40,100,463
11509,Sep 4 2004,World Cup qualifier in Iceland,Iceland,Bulgaria,1596,1691,1,3,-30,30,1566,1721,72,31,-5,2,67,33,40,100,5
11510,Sep 4 2004,World Cup qualifier in Ireland,Ireland,Cyprus,1839,1484,3,0,5,-5,1844,1479,16,90,1,-4,17,86,40,100,455
11511,Sep 4 2004,World Cup qualifier in Italy,Italy,Norway,1919,1782,2,1,8,-8,1927,1774,6,29,1,-1,7,28,40,100,237
11512,Sep 4 2004,World Cup qualifier in Jamaica,Jamaica,Panama,1624,1460,1,2,-33,33,1591,1493,64,71,-4,10,60,81,40,100,264
11513,Sep 4 2004,World Cup & African Cup qual in Kenya,Kenya,Malawi,1470,1286,3,2,7,-7,1477,1279,90,138,-1,-2,89,136,40,100,284
11514,Sep 4 2004,World Cup qualifier in Latvia,Latvia,Portugal,1517,1889,0,2,-10,10,1507,1899,78,8,0,1,78,9,40,100,-272
11515,Sep 4 2004,World Cup qualifier in Malta,Malta,Sweden,1256,1859,0,7,-5,5,1251,1864,145,12,-2,0,143,12,40,100,-503
11516,Sep 4 2004,World Cup & African Cup qual in Morocco,Morocco,Tunisia,1680,1628,1,1,-8,8,1672,1636,43,52,-3,1,40,53,40,100,152
11517,Sep 4 2004,World Cup qualifier in Northern Ireland,Northern Ireland,Poland,1516,1732,0,3,-24,24,1492,1756,85,29,-3,1,82,30,40,100,-116
11518,Sep 4 2004,World Cup qualifier in Peru,Peru,Argentina,1688,2018,1,3,-13,13,1675,2031,42,1,-3,0,39,1,40,100,-230
11519,Sep 4 2004,World Cup qualifier in Romania,Romania,Macedonia,1856,1532,2,1,3,-3,1859,1529,13,78,0,-2,13,76,20,0,324
11520,Sep 4 2004,World Cup qualifier in Russia,Russia,Slovakia,1781,1637,1,1,-12,12,1769,1649,30,48,-1,1,29,49,40,100,244
11521,Sep 4 2004,World Cup qualifier in San Marino,San Marino,Serbia and Montenegro,955,1729,0,3,-1,1,954,1730,191,32,0,0,191,32,20,100,-674
11522,Sep 4 2004,Friendly in Singapore,Singapore,Indonesia,1146,1330,2,0,19,-19,1165,1311,159,132,3,-4,162,128,20,100,-84
11523,Sep 4 2004,World Cup qualifier in Slovenia,Slovenia,Moldova,1632,1419,3,0,10,-10,1642,1409,52,111,0,-5,52,106,40,100,313
11524,Sep 4 2004,World Cup qualifier in Saint Kitts and Nevis,Saint Kitts and Nevis,Trinidad and Tobago,1388,1458,1,2,-22,22,1366,1480,119,77,-5,8,114,85,40,100,30
11525,Sep 4 2004,World Cup qualifier in Switzerland,Switzerland,Faroe Islands,1679,1246,6,0,4,-4,1683,1242,34,148,2,-2,36,146,40,100,533
11526,Sep 4 2004,World Cup qualifier in Turkey,Turkey,Georgia,1851,1482,1,1,-17,17,1834,1499,21,77,-2,3,19,80,40,100,469
11527,Sep 4 2004,World Cup qualifier in the United States,United States,El Salvador,1837,1456,2,0,4,-4,1841,1452,17,96,1,-1,18,95,40,100,481
11528,Sep 4 2004,World Cup & African Cup qual in Zambia,Zambia,Liberia,1481,1412,1,0,11,-11,1492,1401,80,111,2,-3,82,108,40,100,169
11529,Sep 5 2004,World Cup & African Cup qual in Algeria,Algeria,Gabon,1485,1337,0,3,-56,56,1429,1393,116,96,-16,13,100,109,40,100,248
11530,Sep 5 2004,World Cup & African Cup qual in Angola,Angola,Rwanda,1502,1358,1,0,8,-8,1510,1350,77,122,1,-3,78,119,40,100,244
11531,Sep 5 2004,World Cup qualifier in Brazil,Brazil,Bolivia,2009,1580,3,1,3,-3,2012,1577,2,66,0,-1,2,65,40,100,529
11532,Sep 5 2004,World Cup qualifier in Chile,Chile,Colombia,1678,1784,0,0,0,0,1678,1784,37,25,0,0,37,25,20,100,-6
11533,Sep 5 2004,World Cup & African Cup qual in the Dem Rep of the Congo,DR Congo,South Africa,1413,1573,1,0,23,-23,1436,1550,92,76,6,-5,98,71,40,100,-60
11534,Sep 5 2004,World Cup & African Cup qual in Egypt,Egypt,Cameroon,1655,1742,3,2,19,-19,1674,1723,34,33,6,-1,40,32,30,0,-87
11535,Sep 5 2004,World Cup & African Cup qual in Ghana,Ghana,Cape Verde,1479,1354,2,0,13,-13,1492,1341,78,126,4,-4,82,122,40,100,225
11536,Sep 5 2004,World Cup qualifier in Guatemala,Guatemala,Costa Rica,1618,1629,2,1,15,-15,1633,1614,51,60,3,-3,54,57,30,0,-11
11537,Sep 5 2004,World Cup & African Cup qual in Guinea,Guinea,Botswana,1537,1270,4,0,8,-8,1545,1262,71,140,1,0,72,140,40,100,367
11538,Sep 5 2004,World Cup & African Cup qual in Ivory Coast,Ivory Coast,Sudan,1649,1319,5,0,6,-6,1655,1313,45,127,2,-1,47,126,40,100,430
11539,Sep 5 2004,World Cup & African Cup qual in Mali,Mali,Senegal,1540,1671,2,2,2,-2,1542,1669,74,43,-1,0,73,43,40,100,-31
11540,Sep 5 2004,World Cup qualifier in Paraguay,Paraguay,Venezuela,1786,1628,1,0,7,-7,1793,1621,22,57,1,-1,23,56,40,100,258
11541,Sep 5 2004,World Cup & African Cup qual in Togo,Togo,Congo,1471,1444,2,0,19,-19,1490,1425,80,106,5,-4,85,102,40,100,127
11542,Sep 5 2004,World Cup qualifier in Uruguay,Uruguay,Ecuador,1814,1672,1,0,8,-8,1822,1664,21,48,0,-4,21,44,40,100,242
11543,Sep 5 2004,World Cup & African Cup qual in Zimbabwe,Zimbabwe,Nigeria,1537,1800,0,3,-20,20,1517,1820,81,22,-4,0,77,22,40,100,-163
11544,Sep 8 2004,World Cup qualifier in Andorra,Andorra,Romania,1059,1859,1,5,-1,1,1058,1860,182,13,-1,0,181,13,20,100,-700
11545,Sep 8 2004,World Cup qualifier in Armenia,Armenia,Finland,1441,1658,0,2,-20,20,1421,1678,103,30,-3,8,100,38,40,100,-117
11546,Sep 8 2004,World Cup qualifier in Austria,Austria,Azerbaijan,1678,1392,2,0,6,-6,1684,1386,35,108,1,1,36,109,40,100,386
11547,Sep 8 2004,World Cup qualifier in Bosnia and Herzegovina,Bosnia and Herzegovina,Spain,1609,1978,1,1,13,-13,1622,1965,58,7,0,-1,58,6,40,100,-269
11548,Sep 8 2004,World Cup qualifier in Costa Rica,Costa Rica,Canada,1614,1565,1,0,12,-12,1626,1553,53,69,2,-1,55,68,40,100,149
11549,Sep 8 2004,World Cup qualifier in El Salvador,El Salvador,Jamaica,1452,1591,0,3,-31,31,1421,1622,106,56,-6,2,100,58,40,100,-39
11550,Sep 8 2004,World Cup qualifier in the Faroe Islands,Faroe Islands,France,1242,2001,0,2,-1,1,1241,2002,146,3,0,0,146,3,20,100,-659
11551,Sep 8 2004,World Cup qualifier in Georgia,Georgia,Albania,1499,1562,2,0,27,-27,1526,1535,72,80,4,-6,76,74,30,0,-63
11552,Sep 8 2004,Friendly in Germany,Germany,Brazil,1853,2012,1,1,2,-2,1855,2010,16,2,0,0,16,2,20,100,-59
11553,Sep 8 2004,World Cup qualifier in Greece,Greece,Turkey,1896,1834,0,0,-9,9,1887,1843,10,15,0,2,10,17,40,100,162
11554,Sep 8 2004,World Cup qualifier in Honduras,Honduras,Guatemala,1692,1633,2,2,-9,9,1683,1642,39,48,-2,3,37,51,40,100,159
11555,Sep 8 2004,World Cup qualifier in Hong Kong,Hong Kong,Kuwait,1207,1460,0,2,-18,18,1189,1478,157,82,-1,5,156,87,40,100,-153
11556,Sep 8 2004,World Cup qualifier in Hungary,Hungary,Iceland,1589,1566,3,2,13,-13,1602,1553,61,70,0,-2,61,68,40,100,123
11557,Sep 8 2004,World Cup qualifier in India,India,Japan,1169,1854,0,4,-2,2,1167,1856,162,16,-1,-1,161,15,30,100,-585
11558,Sep 8 2004,World Cup qualifier in Israel,Israel,Cyprus,1672,1479,2,1,6,-6,1678,1473,35,93,3,-3,38,90,40,100,293
11559,Sep 8 2004,World Cup qualifier in Jordan,Jordan,Iran,1652,1776,0,2,-28,28,1624,1804,64,19,-8,4,56,23,40,100,-24
11560,Sep 8 2004,World Cup qualifier in Kazakhstan,Kazakhstan,Ukraine,1383,1651,1,2,-11,11,1372,1662,115,43,-1,3,114,46,40,100,-168
11561,Sep 8 2004,World Cup qualifier in Kyrgyzstan,Kyrgyzstan,Bahrain,1170,1555,1,2,-6,6,1164,1561,165,63,-3,3,162,66,40,100,-285
11562,Sep 8 2004,World Cup qualifier in Laos,Laos,Qatar,889,1464,1,6,-5,5,884,1469,197,96,0,-3,197,93,40,100,-475
11563,Sep 8 2004,World Cup qualifier in Lithuania,Lithuania,San Marino,1434,954,4,0,3,-3,1437,951,93,193,3,-1,96,192,30,0,480
11564,Sep 8 2004,World Cup qualifier in Luxembourg,Luxembourg,Latvia,1067,1507,3,4,-5,5,1062,1512,180,79,-1,0,179,79,40,100,-340
11565,Sep 8 2004,World Cup qualifier in Malaysia,Malaysia,China,1222,1622,0,1,-6,6,1216,1628,152,53,0,1,152,54,40,100,-300
11566,Sep 8 2004,World Cup qualifier in the Maldives,Maldives,Lebanon,953,1353,2,5,-11,11,942,1364,194,116,-1,1,193,117,40,100,-300
11567,Sep 8 2004,World Cup qualifier in Moldova,Moldova,Italy,1409,1927,0,1,-3,3,1406,1930,102,9,2,-1,104,8,40,100,-418
11568,Sep 8 2004,World Cup qualifier in the Netherlands,Netherlands,Czechia,1919,1996,2,0,28,-28,1947,1968,6,6,1,-1,7,5,40,100,23
11569,Sep 8 2004,World Cup qualifier in North Korea,North Korea,Thailand,1462,1347,4,1,16,-16,1478,1331,83,125,4,-2,87,123,40,100,215
11570,Sep 8 2004,World Cup qualifier in Norway,Norway,Belarus,1774,1585,1,1,-14,14,1760,1599,30,61,-1,1,29,62,40,100,289
11571,Sep 8 2004,World Cup qualifier in Panama,Panama,United States,1493,1841,1,1,12,-12,1505,1829,81,22,0,-2,81,20,40,100,-248
11572,Sep 8 2004,World Cup qualifier in Poland,Poland,England,1756,1964,1,2,-14,14,1742,1978,30,2,0,2,30,4,40,100,-108
11573,Sep 8 2004,World Cup qualifier in Portugal,Portugal,Estonia,1899,1391,4,0,2,-2,1901,1389,9,105,0,3,9,108,20,0,508
11574,Sep 8 2004,World Cup qualifier in Scotland,Scotland,Slovenia,1647,1642,0,0,-6,6,1641,1648,53,46,-1,3,52,49,40,100,105
11575,Sep 8 2004,World Cup qualifier in Singapore,Singapore,Oman,1165,1586,0,2,-8,8,1157,1594,164,64,-1,-1,163,63,40,100,-321
11576,Sep 8 2004,World Cup qualifier in Slovakia,Slovakia,Liechtenstein,1649,1052,7,0,2,-2,1651,1050,46,184,2,-1,48,183,30,0,597
11577,Sep 8 2004,World Cup qualifier in Sri Lanka,Sri Lanka,Indonesia,953,1311,2,2,13,-13,966,1298,190,130,1,-1,191,129,40,100,-258
11578,Sep 8 2004,World Cup qualifier in Sweden,Sweden,Croatia,1864,1830,0,1,-27,27,1837,1857,26,8,-7,6,19,14,40,100,134
11579,Sep 8 2004,World Cup qualifier in Switzerland,Switzerland,Ireland,1683,1844,1,1,3,-3,1686,1841,34,19,1,-1,35,18,30,100,-61
11580,Sep 8 2004,World Cup qualifier in Taiwan,Taiwan,Iraq,1036,1530,1,4,-7,7,1029,1537,187,72,0,1,187,73,40,100,-394
11581,Sep 8 2004,World Cup qualifier in Tajikistan,Tajikistan,Syria,1402,1447,0,1,-23,23,1379,1470,117,86,-5,5,112,91,40,100,55
11582,Sep 8 2004,World Cup qualifier in Trinidad and Tobago,Trinidad and Tobago,Mexico,1480,1854,1,3,-10,10,1470,1864,96,10,-5,2,91,12,40,100,-274
11583,Sep 8 2004,World Cup qualifier in Turkmenistan,Turkmenistan,Saudi Arabia,1417,1609,0,1,-15,15,1402,1624,107,54,-2,2,105,56,40,100,-92
11584,Sep 8 2004,World Cup qualifier in Qatar,Uzbekistan,Palestine,1580,1276,3,0,10,-10,1590,1266,64,140,0,-1,64,139,40,0,304
11585,Sep 8 2004,World Cup qualifier in Vietnam,Vietnam,South Korea,1280,1699,1,2,-5,5,1275,1704,141,34,-3,0,138,34,40,100,-319
11586,Sep 8 2004,World Cup qualifier in Wales,Wales,Northern Ireland,1660,1492,2,2,-13,13,1647,1505,55,80,-5,1,50,81,40,100,268
11587,Sep 8 2004,World Cup qualifier in Yemen,Yemen,United Arab Emirates,1140,1426,3,1,45,-45,1185,1381,151,121,8,-10,159,111,40,100,-186
11588,Sep 10 2004,World Cup qualifier in St Vincent & Grenadines,St Vincent & Grenadines,Saint Kitts and Nevis,1254,1366,1,0,21,-21,1275,1345,135,125,3,-5,138,120,40,100,-12
11589,Sep 19 2004,COSAFA Cup in Mozambique,Mozambique,Angola,1293,1510,0,1,-14,14,1279,1524,135,76,-1,2,134,78,40,100,-117
11590,Sep 25 2004,Friendly in the British Virgin Islands,British Virgin Islands,US Virgin Islands,841,669,2,1,3,-3,844,666,203,220,0,0,203,220,20,100,272
11591,Sep 29 2004,Friendly in Lebanon,Kuwait,Syria,1478,1470,1,1,0,0,1478,1470,87,91,0,0,87,91,20,0,8
11592,Sep 30 2004,Friendly in Botswana,Botswana,Zambia,1262,1492,1,0,14,-14,1276,1478,133,89,4,-3,137,86,20,100,-130
11593,Oct 2 2004,Friendly in Gabon,Gabon,Benin,1393,1296,2,0,7,-7,1400,1289,107,132,0,0,107,132,20,100,197
11594,Oct 2 2004,Friendly in the United States,Guatemala,Jamaica,1642,1622,2,2,-1,1,1641,1623,51,58,0,0,51,58,20,0,20
11595,Oct 3 2004,Friendly in Lebanon,Lebanon,Kuwait,1364,1478,1,3,-14,14,1350,1492,118,80,-1,3,117,83,20,100,-14
11596,Oct 6 2004,Friendly in Lebanon,Lebanon,Kuwait,1350,1492,1,1,1,-1,1351,1491,117,85,0,-1,117,84,20,100,-42
11597,Oct 6 2004,World Cup qualifier in Mexico,Mexico,St Vincent & Grenadines,1864,1275,7,0,2,-2,1866,1273,12,141,0,-1,12,140,30,0,589
11598,Oct 6 2004,Friendly in Saudi Arabia,Saudi Arabia,Syria,1624,1470,2,2,-6,6,1618,1476,64,89,-4,1,60,90,20,100,254
11599,Oct 7 2004,Friendly in Oman,Oman,Iraq,1594,1537,1,0,6,-6,1600,1531,61,75,1,-1,62,74,20,100,157
11600,Oct 8 2004,World Cup & African Cup qual in Libya,Libya,Egypt,1479,1674,2,1,25,-25,1504,1649,80,54,3,-6,83,48,40,100,-95
11601,Oct 8 2004,Friendly in Qatar,Qatar,Syria,1469,1476,1,2,-13,13,1456,1489,93,84,0,3,93,87,20,100,93
11602,Oct 8 2004,Friendly in Singapore,Singapore,United Arab Emirates,1157,1381,1,2,-7,7,1150,1388,169,107,-3,2,166,109,20,100,-124
11603,Oct 8 2004,Friendly in Thailand,Thailand,Jordan,1331,1624,2,3,-5,5,1326,1629,123,52,0,2,123,54,20,100,-193
11604,Oct 9 2004,World Cup qualifier in Albania,Albania,Denmark,1535,1873,0,2,-12,12,1523,1885,83,7,-5,2,78,9,40,100,-238
11605,Oct 9 2004,World Cup qualifier in Argentina,Argentina,Uruguay,2031,1822,4,2,9,-9,2040,1813,1,21,0,0,1,21,40,100,309
11606,Oct 9 2004,World Cup qualifier in Austria,Austria,Poland,1684,1742,1,3,-34,34,1650,1776,62,26,-13,2,49,28,40,100,42
11607,Oct 9 2004,World Cup qualifier in Azerbaijan,Azerbaijan,Northern Ireland,1386,1505,0,0,1,-1,1387,1504,108,81,1,0,109,81,20,100,-19
11608,Oct 9 2004,World Cup qualifier in Belarus,Belarus,Moldova,1599,1406,4,0,12,-12,1611,1394,55,108,4,-2,59,106,40,100,293
11609,Oct 9 2004,World Cup qualifier in Bolivia,Bolivia,Peru,1577,1675,1,0,20,-20,1597,1655,61,53,2,-6,63,47,40,100,2
11610,Oct 9 2004,World Cup qualifier in Bosnia and Herzegovina,Bosnia and Herzegovina,Serbia and Montenegro,1622,1730,0,0,0,0,1622,1730,52,33,3,-1,55,32,20,100,-8
11611,Oct 9 2004,World Cup & African Cup qual in Botswana,Botswana,Kenya,1276,1477,2,1,26,-26,1302,1451,121,98,8,-4,129,94,40,100,-101
11612,Oct 9 2004,World Cup & African Cup qual in Cape Verde,Cape Verde,Burkina Faso,1341,1416,1,0,19,-19,1360,1397,111,108,5,-3,116,105,40,100,25
11613,Oct 9 2004,World Cup qualifier in Colombia,Colombia,Paraguay,1784,1793,1,1,-5,5,1779,1798,26,24,0,0,26,24,40,100,91
11614,Oct 9 2004,World Cup qualifier in Costa Rica,Costa Rica,Guatemala,1626,1641,5,0,30,-30,1656,1611,36,67,10,-8,46,59,40,100,85
11615,Oct 9 2004,World Cup qualifier in Croatia,Croatia,Bulgaria,1857,1721,2,2,-12,12,1845,1733,24,29,-5,2,19,31,40,100,236
11616,Oct 9 2004,World Cup qualifier in Cyprus,Cyprus,Faroe Islands,1473,1241,2,2,-15,15,1458,1256,91,140,0,3,91,143,40,100,332
11617,Oct 9 2004,World Cup qualifier in Czechia,Czechia,Romania,1968,1860,1,0,9,-9,1977,1851,5,19,0,-3,5,16,40,100,208
11618,Oct 9 2004,World Cup qualifier in El Salvador,El Salvador,United States,1421,1829,0,2,-9,9,1412,1838,104,20,-2,0,102,20,40,100,-308
11619,Oct 9 2004,World Cup qualifier in England,England,Wales,1978,1647,2,0,5,-5,1983,1642,4,52,0,-1,4,51,40,100,431
11620,Oct 9 2004,World Cup qualifier in Finland,Finland,Armenia,1678,1421,3,1,7,-7,1685,1414,34,102,2,-1,36,101,40,100,357
11621,Oct 9 2004,World Cup qualifier in France,France,Ireland,2002,1841,0,0,-13,13,1989,1854,3,12,0,3,3,15,40,100,261
11622,Oct 9 2004,World Cup & African Cup qual in Gabon,Gabon,Nigeria,1400,1820,1,1,15,-15,1415,1805,93,22,7,0,100,22,40,100,-320
11623,Oct 9 2004,World Cup qualifier in Honduras,Honduras,Canada,1683,1553,1,1,-12,12,1671,1565,45,64,-4,2,41,66,40,100,230
11624,Oct 9 2004,Friendly in Iran,Iran,Germany,1804,1855,0,2,-17,17,1787,1872,27,8,-2,4,25,12,20,100,49
11625,Oct 9 2004,World Cup qualifier in Israel,Israel,Switzerland,1678,1686,2,2,-5,5,1673,1691,40,35,-1,0,39,35,40,100,92
11626,Oct 9 2004,World Cup qualifier in Liechtenstein,Liechtenstein,Portugal,1050,1901,2,2,19,-19,1069,1882,173,11,5,-1,178,10,40,100,-751
11627,Oct 9 2004,World Cup qualifier in Luxembourg,Luxembourg,Russia,1062,1769,0,4,-2,2,1060,1771,181,30,-1,-1,180,29,30,100,-607
11628,Oct 9 2004,World Cup qualifier in Macedonia,Macedonia,Netherlands,1529,1947,2,2,14,-14,1543,1933,67,7,4,0,71,7,40,100,-318
11629,Oct 9 2004,World Cup & African Cup qual in Malawi,Malawi,Tunisia,1279,1636,2,2,13,-13,1292,1623,132,55,1,-1,133,54,40,100,-257
11630,Oct 9 2004,World Cup qualifier in Malta,Malta,Iceland,1251,1553,0,0,10,-10,1261,1543,141,74,1,-3,142,71,40,100,-202
11631,Oct 9 2004,World Cup qualifier in Panama,Panama,Jamaica,1505,1623,1,1,1,-1,1506,1622,79,53,1,2,80,55,20,100,-18
11632,Oct 9 2004,World Cup & African Cup qual in Rwanda,Rwanda,Algeria,1350,1429,1,1,-1,1,1349,1430,120,98,-1,0,119,98,20,100,21
11633,Oct 9 2004,World Cup qualifier in Scotland,Scotland,Norway,1641,1760,0,1,-19,19,1622,1779,59,23,-4,3,55,26,40,100,-19
11634,Oct 9 2004,World Cup qualifier in Slovakia,Slovakia,Latvia,1651,1512,4,1,14,-14,1665,1498,41,86,3,-3,44,83,40,100,239
11635,Oct 9 2004,World Cup qualifier in Slovenia,Slovenia,Italy,1648,1930,1,0,30,-30,1678,1900,25,8,12,0,37,8,40,100,-182
11636,Oct 9 2004,Oceania Nations Cup in the Solomon Islands,Solomon Islands,Australia,1385,1791,1,5,-14,14,1371,1805,115,19,-2,3,113,22,50,100,-306
11637,Oct 9 2004,World Cup qualifier in Spain,Spain,Belgium,1965,1777,2,0,10,-10,1975,1767,6,33,0,-3,6,30,40,100,288
11638,Oct 9 2004,World Cup qualifier in Sri Lanka,Sri Lanka,Turkmenistan,966,1402,2,2,15,-15,981,1387,191,113,0,-4,191,109,40,100,-336
11639,Oct 9 2004,World Cup & African Cup qual in Sudan,Sudan,Cameroon,1313,1723,1,1,14,-14,1327,1709,120,34,3,-1,123,33,40,100,-310
11640,Oct 9 2004,World Cup qualifier in Sweden,Sweden,Hungary,1837,1602,3,0,9,-9,1846,1593,15,67,2,-3,17,64,40,100,335
11641,Oct 9 2004,World Cup qualifier in Turkey,Turkey,Kazakhstan,1843,1372,4,0,3,-3,1846,1369,17,114,0,0,17,114,40,100,571
11642,Oct 9 2004,World Cup qualifier in Ukraine,Ukraine,Greece,1662,1887,1,1,7,-7,1669,1880,39,12,3,-1,42,11,40,100,-125
11643,Oct 9 2004,World Cup qualifier in Venezuela,Venezuela,Brazil,1621,2010,2,5,-11,11,1610,2021,63,2,-2,0,61,2,40,100,-289
11644,Oct 10 2004,World Cup & African Cup qual in Angola,Angola,Zimbabwe,1524,1517,1,0,14,-14,1538,1503,69,87,4,-4,73,83,40,100,107
11645,Oct 10 2004,World Cup & African Cup qual in Benin,Benin,Ivory Coast,1289,1655,0,1,-7,7,1282,1662,134,43,0,2,134,45,40,100,-266
11646,Oct 10 2004,World Cup & African Cup qual in Congo,Congo,Zambia,1425,1478,2,3,-23,23,1402,1501,107,80,-4,4,103,84,40,100,47
11647,Oct 10 2004,World Cup qualifier in Ecuador,Ecuador,Chile,1664,1678,2,0,23,-23,1687,1655,29,57,8,-10,37,47,30,0,-14
11648,Oct 10 2004,World Cup & African Cup qual in Ghana,Ghana,DR Congo,1492,1436,0,0,-8,8,1484,1444,94,95,-5,1,89,96,40,100,156
11649,Oct 10 2004,World Cup & African Cup qual in Guinea,Guinea,Morocco,1545,1672,1,1,2,-2,1547,1670,70,44,0,-2,70,42,40,100,-27
11650,Oct 10 2004,World Cup & African Cup qual in Liberia,Liberia,Senegal,1401,1669,0,3,-19,19,1382,1688,116,30,-6,6,110,36,40,100,-168
11651,Oct 10 2004,World Cup qualifier in St Vincent & Grenadines,St Vincent & Grenadines,Mexico,1273,1866,0,1,-2,2,1271,1868,140,13,0,0,140,13,30,100,-493
11652,Oct 10 2004,World Cup & African Cup qual in Togo,Togo,Mali,1490,1542,1,0,17,-17,1507,1525,72,79,7,-3,79,76,30,0,-52
11653,Oct 10 2004,World Cup qualifier in Trinidad and Tobago,Trinidad and Tobago,Saint Kitts and Nevis,1470,1345,5,1,16,-16,1486,1329,86,123,2,-1,88,122,40,100,225
11654,Oct 10 2004,World Cup & African Cup qual in Uganda,Uganda,South Africa,1356,1550,0,1,-15,15,1341,1565,123,63,-3,3,120,66,40,100,-94
11655,Oct 12 2004,Oceania Nations Cup in Australia,Australia,Solomon Islands,1805,1371,6,0,5,-5,1810,1366,20,115,1,-1,21,114,30,0,434
11656,Oct 12 2004,World Cup qualifier in Bolivia,Bolivia,Uruguay,1597,1813,0,0,6,-6,1603,1807,61,23,1,-1,62,22,20,0,-216
11657,Oct 12 2004,World Cup qualifier in Indonesia,Indonesia,Saudi Arabia,1298,1618,1,3,-13,13,1285,1631,136,46,-3,6,133,52,40,100,-220
11658,Oct 13 2004,World Cup qualifier in Andorra,Andorra,Macedonia,1058,1543,1,0,36,-36,1094,1507,168,87,7,-8,175,79,40,100,-385
11659,Oct 13 2004,World Cup qualifier in Armenia,Armenia,Czechia,1414,1977,0,3,-5,5,1409,1982,104,5,-2,0,102,5,40,100,-463
11660,Oct 13 2004,World Cup qualifier in Azerbaijan,Azerbaijan,England,1387,1983,0,1,-2,2,1385,1985,108,4,0,0,108,4,30,100,-496
11661,Oct 13 2004,World Cup qualifier in Brazil,Brazil,Colombia,2021,1779,0,0,-15,15,2006,1794,2,26,0,0,2,26,40,100,342
11662,Oct 13 2004,World Cup qualifier in Bulgaria,Bulgaria,Malta,1733,1261,4,1,3,-3,1736,1258,31,140,0,1,31,141,30,0,472
11663,Oct 13 2004,World Cup qualifier in Canada,Canada,Costa Rica,1565,1656,1,3,-31,31,1534,1687,78,28,-6,9,72,37,40,100,9
11664,Oct 13 2004,World Cup qualifier in Chile,Chile,Argentina,1655,2040,0,0,14,-14,1669,2026,39,1,4,0,43,1,40,100,-285
11665,Oct 13 2004,World Cup qualifier in Cyprus,Cyprus,France,1458,1989,0,2,-5,5,1453,1994,95,3,-2,0,93,3,40,100,-431
11666,Oct 13 2004,World Cup qualifier in Denmark,Denmark,Turkey,1885,1846,1,1,-8,8,1877,1854,13,17,-2,0,11,17,40,100,139
11667,Oct 13 2004,World Cup qualifier in Guatemala,Guatemala,Honduras,1611,1671,1,0,18,-18,1629,1653,47,55,6,-7,53,48,30,0,-60
11668,Oct 13 2004,World Cup qualifier in Hong Kong,Hong Kong,Malaysia,1189,1216,2,0,24,-24,1213,1192,150,158,3,-3,153,155,30,0,-27
11669,Oct 13 2004,World Cup qualifier in Iceland,Iceland,Sweden,1543,1846,1,4,-17,17,1526,1863,75,13,-2,2,73,15,40,100,-203
11670,Oct 13 2004,World Cup qualifier in Ireland,Ireland,Faroe Islands,1854,1256,2,0,1,-1,1855,1255,17,141,-1,1,16,142,20,0,598
11671,Oct 13 2004,World Cup qualifier in Italy,Italy,Belarus,1900,1611,4,3,4,-4,1904,1607,8,61,0,-1,8,60,40,100,389
11672,Oct 13 2004,World Cup qualifier in Jamaica,Jamaica,El Salvador,1622,1412,0,0,-14,14,1608,1426,62,97,-3,2,59,99,40,100,310
11673,Oct 13 2004,World Cup qualifier in Kazakhstan,Kazakhstan,Albania,1369,1523,0,1,-17,17,1352,1540,123,62,-5,8,118,70,40,100,-54
11674,Oct 13 2004,World Cup qualifier in Kuwait,Kuwait,China,1491,1628,1,0,22,-22,1513,1606,70,70,8,-8,78,62,40,100,-37
11675,Oct 13 2004,World Cup qualifier in Laos,Laos,Jordan,884,1629,2,3,-1,1,883,1630,197,51,0,1,197,52,30,100,-645
11676,Oct 13 2004,World Cup qualifier in Latvia,Latvia,Estonia,1498,1389,2,2,-11,11,1487,1400,87,104,-1,1,86,105,40,100,209
11677,Oct 13 2004,World Cup qualifier in Lebanon,Lebanon,South Korea,1351,1704,1,1,12,-12,1363,1692,111,34,3,0,114,34,30,0,-353
11678,Oct 13 2004,World Cup qualifier in Lithuania,Lithuania,Spain,1437,1975,0,0,17,-17,1454,1958,87,6,5,0,92,6,40,100,-438
11679,Oct 13 2004,World Cup qualifier in Luxembourg,Luxembourg,Liechtenstein,1060,1069,0,4,-47,47,1013,1116,194,166,-7,6,187,172,40,100,91
11680,Oct 13 2004,World Cup qualifier in the Maldives,Maldives,Vietnam,942,1275,3,0,55,-55,997,1220,187,163,3,-12,190,151,40,100,-233
11681,Oct 13 2004,World Cup qualifier in Mexico,Mexico,Trinidad and Tobago,1868,1486,3,0,4,-4,1872,1482,11,90,1,-1,12,89,40,100,482
11682,Oct 13 2004,World Cup qualifier in Moldova,Moldova,Scotland,1394,1622,1,1,7,-7,1401,1615,103,58,1,-1,104,57,40,100,-128
11683,Oct 13 2004,World Cup qualifier in the Netherlands,Netherlands,Finland,1933,1685,3,1,7,-7,1940,1678,7,42,0,-2,7,40,40,100,348
11684,Oct 13 2004,World Cup qualifier in North Korea,North Korea,Yemen,1478,1185,2,1,4,-4,1482,1181,88,159,1,0,89,159,40,100,393
11685,Oct 13 2004,World Cup qualifier in Norway,Norway,Slovenia,1779,1678,3,0,17,-17,1796,1661,22,55,2,-8,24,47,40,100,201
11686,Oct 13 2004,World Cup qualifier in Northern Ireland,Northern Ireland,Austria,1504,1650,3,3,3,-3,1507,1647,77,51,2,-1,79,50,40,100,-46
11687,Oct 13 2004,World Cup qualifier in Oman,Oman,Japan,1600,1856,0,1,-12,12,1588,1868,67,14,-2,0,65,14,40,100,-156
11688,Oct 13 2004,World Cup qualifier in Paraguay,Paraguay,Peru,1798,1655,1,1,-12,12,1786,1667,32,41,-4,3,28,44,40,100,243
11689,Oct 13 2004,World Cup qualifier in Portugal,Portugal,Russia,1882,1771,7,1,19,-19,1901,1752,8,31,1,-1,9,30,40,100,211
11690,Oct 13 2004,World Cup qualifier in Qatar,Qatar,Iran,1456,1787,2,3,-8,8,1448,1795,100,25,-4,0,96,25,40,100,-231
11691,Oct 13 2004,World Cup qualifier in Serbia and Montenegro,Serbia and Montenegro,San Marino,1730,951,5,0,1,-1,1731,950,32,194,0,-1,32,193,30,0,779
11692,Oct 13 2004,World Cup qualifier in Singapore,Singapore,India,1150,1167,2,0,23,-23,1173,1144,154,173,6,-6,160,167,40,100,83
11693,Oct 13 2004,World Cup qualifier in Saint Kitts and Nevis,Saint Kitts and Nevis,St Vincent & Grenadines,1329,1271,0,3,-50,50,1279,1321,150,108,-14,16,136,124,40,100,158
11694,Oct 13 2004,World Cup qualifier in Syria,Syria,Bahrain,1489,1561,2,2,-2,2,1487,1563,85,66,1,1,86,67,40,100,28
11695,Oct 13 2004,World Cup qualifier in Tajikistan,Tajikistan,Kyrgyzstan,1379,1164,2,1,6,-6,1385,1158,105,162,3,0,108,162,40,100,315
11696,Oct 13 2004,World Cup qualifier in Thailand,Thailand,United Arab Emirates,1326,1388,3,0,31,-31,1357,1357,108,125,8,-9,116,116,30,0,-62
11697,Oct 13 2004,World Cup qualifier in Ukraine,Ukraine,Georgia,1669,1526,2,0,12,-12,1681,1514,35,77,4,-1,39,76,40,100,243
11698,Oct 13 2004,World Cup qualifier in the United States,United States,Panama,1838,1506,6,0,7,-7,1845,1499,18,90,1,-5,19,85,40,100,432
11699,Oct 13 2004,World Cup qualifier in Jordan,Uzbekistan,Iraq,1590,1531,2,1,17,-17,1607,1514,55,78,5,-2,60,76,40,0,59
11700,Oct 13 2004,World Cup qualifier in Wales,Wales,Poland,1642,1776,2,3,-18,18,1624,1794,57,24,-3,2,54,26,40,100,-34
11701,Oct 14 2004,World Cup qualifier in Taiwan,Taiwan,Palestine,1029,1266,0,1,-12,12,1017,1278,186,138,0,1,186,139,40,100,-137
11702,Oct 14 2004,World Cup qualifier in Venezuela,Venezuela,Ecuador,1610,1687,3,1,28,-28,1638,1659,44,57,7,-10,51,47,40,100,23
11703,Oct 17 2004,Friendly in Saint Lucia,Saint Lucia,Grenada,1223,1297,3,1,14,-14,1237,1283,144,135,3,-2,147,133,20,100,26
11704,Oct 19 2004,Friendly in Suriname,Suriname,French Guiana,1279,1120,1,2,-16,16,1263,1136,144,166,-4,2,140,168,20,100,259
11705,Oct 20 2004,Friendly tournament in Libya,Jordan,Ecuador,1630,1659,3,0,28,-28,1658,1631,41,57,6,-5,47,52,30,0,-29
11706,Oct 20 2004,Friendly tournament in Libya,Libya,Nigeria,1504,1805,2,1,23,-23,1527,1782,64,33,9,-5,73,28,30,100,-201
11707,Oct 22 2004,Friendly tournament in Libya,Ecuador,Nigeria,1631,1782,2,2,6,-6,1637,1776,52,28,0,0,52,28,30,0,-151
11708,Oct 22 2004,Friendly tournament in Libya,Libya,Jordan,1527,1658,1,0,16,-16,1543,1642,67,53,3,-3,70,50,30,100,-31
11709,Oct 24 2004,COSAFA Cup in Zimbabwe,Zimbabwe,Zambia,1503,1501,0,0,-6,6,1497,1507,87,76,-2,4,85,80,40,100,102
11710,Oct 27 2004,Friendly in the United States,Mexico,Ecuador,1872,1637,2,1,4,-4,1876,1633,12,52,0,0,12,52,20,0,235
11711,Oct 31 2004,CONCACAF Ch & Car Cup q in Saint Kitts and Nevis,Saint Kitts and Nevis,Montserrat,1279,524,6,1,1,-1,1280,523,136,228,0,0,136,228,20,0,755
11712,Nov 1 2004,Friendly in Singapore,Singapore,Malaysia,1173,1192,1,2,-12,12,1161,1204,162,155,-1,0,161,155,20,100,81
11713,Nov 1 2004,Friendly tournament in the United Arab Emirates,Yemen,Zambia,1181,1507,2,2,11,-11,1192,1496,153,90,3,-5,156,85,30,0,-326
11714,Nov 2 2004,CONCACAF Ch & Car Cup q in Saint Kitts and Nevis,Antigua and Barbuda,Montserrat,1123,523,5,4,1,-1,1124,522,170,228,0,0,170,228,20,0,600
11715,Nov 2 2004,CONCACAF Ch & Car Cup q in Saint Kitts and Nevis,Saint Kitts and Nevis,Saint Lucia,1280,1237,1,1,-8,8,1272,1245,142,143,-3,2,139,145,40,100,143
11716,Nov 4 2004,CONCACAF Ch & Car Cup q in Saint Kitts and Nevis,Saint Kitts and Nevis,Antigua and Barbuda,1272,1124,2,0,12,-12,1284,1112,127,174,6,-2,133,172,40,100,248
11717,Nov 5 2004,Friendly in Kuwait,Kuwait,India,1513,1144,2,3,-19,19,1494,1163,91,155,-6,6,85,161,20,100,469
11718,Nov 6 2004,CONCACAF Ch & Car Cup q in Saint Kitts and Nevis,Saint Lucia,Antigua and Barbuda,1245,1112,2,1,13,-13,1258,1099,137,174,4,-1,141,173,40,0,133
11719,Nov 10 2004,CONCACAF Ch & Car Cup q in Martinique,French Guiana,Guadeloupe,1136,1365,1,0,32,-32,1168,1333,154,131,7,-9,161,122,40,0,-229
11720,Nov 10 2004,Friendly in Kuwait,Kuwait,Kyrgyzstan,1494,1158,3,0,3,-3,1497,1155,81,167,2,-2,83,165,20,100,436
11721,Nov 10 2004,CONCACAF Ch & Car Cup q in Martinique,Martinique,Dominica,1411,1080,5,1,6,-6,1417,1074,99,181,1,-2,100,179,40,100,431
11722,Nov 10 2004,Friendly in the United States,Mexico,Guatemala,1876,1629,2,0,6,-6,1882,1623,8,56,2,-1,10,55,20,0,247
11723,Nov 11 2004,Friendly in the United States,Haiti,Honduras,1456,1653,1,1,5,-5,1461,1648,91,49,0,-1,91,48,20,0,-197
11724,Nov 11 2004,Friendly in the United Arab Emirates,United Arab Emirates,Jordan,1357,1642,4,0,28,-28,1385,1614,101,66,7,-8,108,58,20,100,-185
11725,Nov 12 2004,CONCACAF Ch & Car Cup q in Martinique,Guadeloupe,Dominica,1333,1074,7,0,17,-17,1350,1057,114,183,4,-2,118,181,40,0,259
11726,Nov 12 2004,CONCACAF Ch & Car Cup q in Martinique,Martinique,French Guiana,1417,1168,0,0,-15,15,1402,1183,104,159,-2,1,102,160,40,100,349
11727,Nov 13 2004,Friendly in the United States,Guatemala,Bolivia,1623,1603,1,0,9,-9,1632,1594,50,63,2,0,52,63,20,0,20
11728,Nov 13 2004,World Cup qualifier in the United States,Mexico,Saint Kitts and Nevis,1882,1284,5,0,2,-2,1884,1282,10,133,0,0,10,133,30,0,598
11729,Nov 13 2004,Friendly in St Vincent & Grenadines,St Vincent & Grenadines,Grenada,1321,1283,6,2,12,-12,1333,1271,122,144,1,-5,123,139,20,100,138
11730,Nov 14 2004,CONCACAF Ch & Car Cup q in Martinique,French Guiana,Dominica,1183,1057,4,0,24,-24,1207,1033,150,189,5,-4,155,185,40,0,126
11731,Nov 14 2004,CONCACAF Ch & Car Cup q in Martinique,Martinique,Guadeloupe,1402,1350,0,0,-8,8,1394,1358,110,114,-4,2,106,116,40,100,152
11732,Nov 16 2004,Friendly in England,Australia,Norway,1810,1796,2,2,0,0,1810,1796,21,23,0,0,21,23,20,0,14
11733,Nov 16 2004,World Cup qualifier in Qatar,Iraq,Palestine,1514,1278,4,1,14,-14,1528,1264,71,141,3,-2,74,139,40,0,236
11734,Nov 16 2004,Friendly in Ireland,Ireland,Croatia,1855,1845,1,0,7,-7,1862,1838,16,21,0,-1,16,20,20,100,110
11735,Nov 17 2004,World Cup qualifier in Argentina,Argentina,Venezuela,2026,1638,3,2,2,-2,2028,1636,1,52,0,-1,1,51,20,0,388
11736,Nov 17 2004,World Cup qualifier in Armenia,Armenia,Romania,1409,1851,1,1,15,-15,1424,1836,97,18,2,0,99,18,40,100,-342
11737,Nov 17 2004,Friendly in Azerbaijan,Azerbaijan,Bulgaria,1385,1736,0,0,6,-6,1391,1730,108,33,0,-1,108,32,20,100,-251
11738,Nov 17 2004,World Cup qualifier in Bahrain,Bahrain,Tajikistan,1563,1385,4,0,13,-13,1576,1372,65,114,1,-3,66,111,40,100,278
11739,Nov 17 2004,World Cup qualifier in Belgium,Belgium,Serbia and Montenegro,1767,1731,0,2,-41,41,1726,1772,37,24,-4,4,33,28,40,100,136
11740,Nov 17 2004,World Cup qualifier in China,China,Hong Kong,1606,1213,7,0,5,-5,1611,1208,52,155,5,-1,57,154,40,100,493
11741,Nov 17 2004,World Cup qualifier in Colombia,Colombia,Bolivia,1794,1594,1,0,6,-6,1800,1588,21,63,2,0,23,63,40,100,300
11742,Nov 17 2004,World Cup qualifier in Cyprus,Cyprus,Israel,1453,1673,1,2,-13,13,1440,1686,101,38,-4,1,97,39,40,100,-120
11743,Nov 17 2004,World Cup qualifier in Ecuador,Ecuador,Brazil,1633,2006,1,0,33,-33,1666,1973,35,8,8,-3,43,5,40,100,-273
11744,Nov 17 2004,Friendly in France,France,Poland,1994,1794,0,0,-7,7,1987,1801,3,19,0,3,3,22,20,100,300
11745,Nov 17 2004,World Cup qualifier in Georgia,Georgia,Denmark,1514,1877,2,2,13,-13,1527,1864,70,18,4,-3,74,15,40,100,-263
11746,Nov 17 2004,Friendly in Germany,Germany,Cameroon,1872,1709,3,0,6,-6,1878,1703,11,35,1,-1,12,34,20,100,263
11747,Nov 17 2004,World Cup qualifier in Greece,Greece,Kazakhstan,1880,1352,3,1,2,-2,1882,1350,11,116,0,1,11,117,30,0,528
11748,Nov 17 2004,World Cup qualifier in Guatemala,Guatemala,Canada,1632,1534,0,1,-30,30,1602,1564,72,63,-10,5,62,68,40,100,198
11749,Nov 17 2004,World Cup qualifier in Honduras,Honduras,Costa Rica,1648,1687,0,0,-3,3,1645,1690,52,39,-2,-1,50,38,30,100,61
11750,Nov 17 2004,World Cup qualifier in Indonesia,Indonesia,Turkmenistan,1285,1387,3,1,30,-30,1315,1357,122,123,5,-8,127,115,40,100,-2
11751,Nov 17 2004,World Cup qualifier in Iran,Iran,Laos,1795,883,7,0,0,0,1795,883,28,197,-2,0,26,197,20,0,912
11752,Nov 17 2004,Friendly in Italy,Italy,Finland,1904,1678,1,0,3,-3,1907,1675,8,43,0,-2,8,41,20,100,326
11753,Nov 17 2004,World Cup qualifier in Japan,Japan,Singapore,1868,1161,1,0,0,0,1868,1161,14,165,0,-1,14,164,20,0,707
11754,Nov 17 2004,World Cup & African Cup qual in Kenya,Kenya,Guinea,1451,1547,2,1,20,-20,1471,1527,86,79,4,-5,90,74,40,100,4
11755,Nov 17 2004,World Cup qualifier in Kuwait,Kuwait,Malaysia,1497,1204,6,1,8,-8,1505,1196,81,158,1,-1,82,157,40,100,393
11756,Nov 17 2004,World Cup qualifier in Lebanon,Lebanon,Vietnam,1363,1220,0,0,-12,12,1351,1232,118,147,-2,2,116,149,40,100,243
11757,Nov 17 2004,World Cup qualifier in Liechtenstein,Liechtenstein,Latvia,1116,1487,1,3,-10,10,1106,1497,171,82,0,2,171,84,40,100,-271
11758,Nov 17 2004,World Cup qualifier in Luxembourg,Luxembourg,Portugal,1013,1901,0,5,-1,1,1012,1902,187,9,0,0,187,9,30,100,-788
11759,Nov 17 2004,World Cup qualifier in Macedonia,Macedonia,Czechia,1507,1982,0,2,-6,6,1501,1988,87,-1,-4,3,83,2,40,100,-375
11760,Nov 17 2004,World Cup qualifier in Malta,Malta,Hungary,1258,1593,0,2,-12,12,1246,1605,147,56,-3,4,144,60,40,100,-235
11761,Nov 17 2004,World Cup qualifier in Mexico,Mexico,Saint Kitts and Nevis,1884,1282,8,0,2,-2,1886,1280,10,137,0,-2,10,135,30,0,602
11762,Nov 17 2004,Friendly in Morocco,Morocco,Burkina Faso,1670,1397,4,0,4,-4,1674,1393,43,109,-1,-2,42,107,20,100,373
11763,Nov 17 2004,World Cup qualifier in Spain,Netherlands,Andorra,1940,1094,3,0,1,-1,1941,1093,7,175,0,0,7,175,40,0,846
11764,Nov 17 2004,World Cup qualifier in Oman,Oman,India,1588,1163,0,0,-18,18,1570,1181,69,162,-2,0,67,162,40,100,525
11765,Nov 17 2004,World Cup qualifier in Panama,Panama,El Salvador,1499,1426,3,0,19,-19,1518,1407,76,103,3,-2,79,101,40,100,173
11766,Nov 17 2004,World Cup qualifier in Peru,Peru,Chile,1667,1669,2,1,15,-15,1682,1654,37,52,3,-5,40,47,30,0,-2
11767,Nov 17 2004,World Cup qualifier in Qatar,Qatar,Jordan,1448,1614,2,0,36,-36,1484,1578,80,72,8,-7,88,65,40,100,-66
11768,Nov 17 2004,World Cup qualifier in Russia,Russia,Estonia,1752,1400,4,0,5,-5,1757,1395,28,106,1,-1,29,105,40,100,452
11769,Nov 17 2004,World Cup qualifier in San Marino,San Marino,Lithuania,950,1454,0,1,-4,4,946,1458,193,94,0,-1,193,93,40,100,-404
11770,Nov 17 2004,World Cup qualifier in Saudi Arabia,Saudi Arabia,Sri Lanka,1631,981,3,0,1,-1,1632,980,51,192,1,0,52,192,20,0,650
11771,Nov 17 2004,Friendly in Scotland,Scotland,Sweden,1615,1863,1,4,-10,10,1605,1873,63,11,-3,2,60,13,20,100,-148
11772,Nov 17 2004,Friendly in France,Senegal,Algeria,1688,1430,2,1,4,-4,1692,1426,36,98,0,0,36,98,20,0,258
11773,Nov 17 2004,Friendly in Slovakia,Slovakia,Slovenia,1665,1661,0,0,-3,3,1662,1664,46,42,-1,2,45,44,20,100,104
11774,Nov 17 2004,Friendly tournament in South Africa,South Africa,Nigeria,1565,1776,2,1,20,-20,1585,1756,62,32,2,-2,64,30,30,100,-111
11775,Nov 17 2004,World Cup qualifier in South Korea,South Korea,Maldives,1692,997,2,0,1,-1,1693,996,36,190,-1,0,35,190,20,0,695
11776,Nov 17 2004,Friendly in Spain,Spain,England,1958,1985,1,0,8,-8,1966,1977,6,4,0,0,6,4,20,100,73
11777,Nov 17 2004,World Cup qualifier in Syria,Syria,Kyrgyzstan,1487,1155,0,1,-37,37,1450,1192,104,151,-9,7,95,158,40,100,432
11778,Nov 17 2004,World Cup qualifier in Thailand,Thailand,Yemen,1357,1192,1,1,-13,13,1344,1205,123,155,-3,1,120,156,40,100,265
11779,Nov 17 2004,World Cup qualifier in Trinidad and Tobago,Trinidad and Tobago,St Vincent & Grenadines,1482,1333,2,1,8,-8,1490,1325,85,125,2,-1,87,124,40,100,249
11780,Nov 17 2004,World Cup qualifier in Turkey,Turkey,Ukraine,1854,1681,0,3,-58,58,1796,1739,31,24,-7,7,24,31,40,100,273
11781,Nov 17 2004,World Cup qualifier in the United Arab Emirates,United Arab Emirates,North Korea,1385,1482,1,0,20,-20,1405,1462,96,93,6,-2,102,91,40,100,3
11782,Nov 17 2004,World Cup qualifier in Uruguay,Uruguay,Paraguay,1807,1786,1,0,13,-13,1820,1773,18,27,2,0,20,27,40,100,121
11783,Nov 17 2004,World Cup qualifier in the United States,United States,Jamaica,1845,1608,1,1,-15,15,1830,1623,19,49,0,5,19,54,40,100,337
11784,Nov 17 2004,World Cup qualifier in Uzbekistan,Uzbekistan,Taiwan,1607,1017,6,1,1,-1,1608,1016,56,186,2,0,58,186,20,0,590
11785,Nov 20 2004,Friendly in Grenada,Grenada,St Vincent & Grenadines,1271,1325,3,2,9,-9,1280,1316,132,128,3,-2,135,126,20,100,46
11786,Nov 20 2004,COSAFA Cup in Zambia,Zambia,Angola,1496,1538,0,0,-3,3,1493,1541,86,70,0,1,86,71,40,100,58
11787,Nov 22 2004,Friendly in the United Arab Emirates,United Arab Emirates,Belarus,1405,1607,2,3,-7,7,1398,1614,106,55,-2,2,104,57,20,100,-102
11788,Nov 24 2004,CONCACAF Ch & Car Cup q in St Vincent & Grenadines,Bermuda,Cayman Islands,1209,1097,2,1,14,-14,1223,1083,151,176,1,-1,152,175,40,0,112
11789,Nov 24 2004,CONCACAF Ch & Car Cup q in Trinidad and Tobago,Grenada,Suriname,1280,1263,2,2,-1,1,1279,1264,137,138,-1,1,136,139,30,0,17
11790,Nov 24 2004,CONCACAF Ch & Car Cup q in Jamaica,Haiti,US Virgin Islands,1461,666,11,0,1,-1,1462,665,90,220,1,0,91,220,20,0,795
11791,Nov 24 2004,CONCACAF Ch & Car Cup q in Jamaica,Jamaica,Saint Martin,1623,1050,12,0,2,-2,1625,1048,52,184,1,-1,53,183,20,0,573
11792,Nov 24 2004,CONCACAF Ch & Car Cup q in St Vincent & Grenadines,St Vincent & Grenadines,British Virgin Islands,1316,844,1,1,-19,19,1297,863,136,199,-5,2,131,201,40,100,572
11793,Nov 24 2004,CONCACAF Ch & Car Cup q in Trinidad and Tobago,Trinidad and Tobago,Puerto Rico,1490,876,5,0,1,-1,1491,875,87,198,0,0,87,198,20,0,614
11794,Nov 26 2004,CONCACAF Ch & Car Cup q in St Vincent & Grenadines,Cayman Islands,British Virgin Islands,1083,863,1,0,9,-9,1092,854,175,201,0,0,175,201,40,0,220
11795,Nov 26 2004,CONCACAF Ch & Car Cup q in Jamaica,Haiti,Saint Martin,1462,1048,2,0,5,-5,1467,1043,91,185,0,-1,91,184,40,0,414
11796,Nov 26 2004,CONCACAF Ch & Car Cup q in Jamaica,Jamaica,US Virgin Islands,1625,665,11,1,0,0,1625,665,53,220,0,0,53,220,20,0,960
11797,Nov 26 2004,CONCACAF Ch & Car Cup q in Trinidad and Tobago,Puerto Rico,Suriname,875,1264,1,1,16,-16,891,1248,196,147,1,-4,197,143,40,0,-389
11798,Nov 26 2004,CONCACAF Ch & Car Cup q in St Vincent & Grenadines,St Vincent & Grenadines,Bermuda,1297,1223,3,3,-9,9,1288,1232,133,146,-1,3,132,149,40,100,174
11799,Nov 26 2004,CONCACAF Ch & Car Cup q in Trinidad and Tobago,Trinidad and Tobago,Grenada,1491,1279,2,0,9,-9,1500,1270,81,140,3,-2,84,138,40,100,312
11800,Nov 27 2004,Friendly tournament in Singapore,Singapore,Myanmar,1161,1119,1,0,9,-9,1170,1110,162,170,1,0,163,170,20,0,42
11801,Nov 27 2004,Friendly in the United Arab Emirates,United Arab Emirates,Kuwait,1398,1505,0,1,-10,10,1388,1515,112,78,-4,2,108,80,20,100,-7
11802,Nov 28 2004,CONCACAF Ch & Car Cup q in St Vincent & Grenadines,British Virgin Islands,Bermuda,854,1232,2,0,54,-54,908,1178,191,175,5,-13,196,162,40,0,-378
11803,Nov 28 2004,CONCACAF Ch & Car Cup q in Trinidad and Tobago,Grenada,Puerto Rico,1270,891,5,2,7,-7,1277,884,136,199,1,-1,137,198,40,0,379
11804,Nov 28 2004,CONCACAF Ch & Car Cup q in Jamaica,Jamaica,Haiti,1625,1467,3,1,11,-11,1636,1456,49,95,2,-2,51,93,40,100,258
11805,Nov 28 2004,CONCACAF Ch & Car Cup q in Jamaica,Saint Martin,US Virgin Islands,1043,665,0,0,-16,16,1027,681,186,216,-1,2,185,218,40,0,378
11806,Nov 28 2004,CONCACAF Ch & Car Cup q in St Vincent & Grenadines,St Vincent & Grenadines,Cayman Islands,1288,1092,4,0,12,-12,1300,1080,128,177,2,-1,130,176,40,100,296
11807,Nov 28 2004,CONCACAF Ch & Car Cup q in Trinidad and Tobago,Trinidad and Tobago,Suriname,1500,1248,1,0,5,-5,1505,1243,82,149,1,-3,83,146,40,100,352
11808,Nov 29 2004,Friendly in Egypt,Egypt,Bulgaria,1649,1730,1,1,-1,1,1648,1731,48,32,0,0,48,32,20,100,19
11809,Nov 30 2004,Friendly tournament in Singapore,Singapore,Hong Kong,1170,1208,0,0,-3,3,1167,1211,165,153,-1,0,164,153,30,100,62
11810,Nov 30 2004,King's Cup in Thailand,Slovakia,Hungary,1662,1605,1,0,13,-13,1675,1592,37,64,4,-2,41,62,30,0,57
11811,Nov 30 2004,King's Cup in Thailand,Thailand,Estonia,1344,1395,0,0,-2,2,1342,1397,120,104,0,0,120,104,30,100,49
11812,Dec 1 2004,Friendly tournament in Bahrain,Bahrain,Finland,1576,1675,1,2,-15,15,1561,1690,70,35,-2,3,68,38,30,100,1
11813,Dec 1 2004,Friendly tournament in Bahrain,Oman,Latvia,1570,1497,3,2,12,-12,1582,1485,63,91,2,-3,65,88,30,0,73
11814,Dec 1 2004,Friendly in Qatar,Qatar,Lebanon,1484,1351,4,1,7,-7,1491,1344,86,122,1,-3,87,119,20,100,233
11815,Dec 2 2004,Friendly tournament in Singapore,Hong Kong,Myanmar,1211,1110,2,2,-4,4,1207,1114,153,170,0,0,153,170,30,0,101
11816,Dec 2 2004,King's Cup in Thailand,Hungary,Estonia,1592,1397,5,0,15,-15,1607,1382,58,112,2,-4,60,108,30,0,195
11817,Dec 2 2004,King's Cup in Thailand,Thailand,Slovakia,1342,1675,1,1,9,-9,1351,1666,112,44,4,-1,116,43,30,100,-233
11818,Dec 3 2004,Friendly tournament in Bahrain,Bahrain,Latvia,1561,1485,2,2,-7,7,1554,1492,70,86,-1,1,69,87,30,100,176
11819,Dec 3 2004,Friendly tournament in Bahrain,Finland,Oman,1690,1582,0,0,-5,5,1685,1587,42,63,-2,1,40,64,20,100,208
11820,Dec 3 2004,Friendly in the United Arab Emirates,Iraq,Yemen,1528,1205,3,1,4,-4,1532,1201,73,155,0,0,73,155,20,0,323
11821,Dec 3 2004,Friendly in the United Arab Emirates,United Arab Emirates,Kuwait,1388,1515,1,1,1,-1,1389,1514,107,80,0,0,107,80,20,100,-27
11822,Dec 5 2004,Friendly in Qatar,Qatar,Yemen,1491,1201,3,0,3,-3,1494,1198,84,155,2,0,86,155,20,100,390
11823,Dec 6 2004,Friendly in Kuwait,Kuwait,Tajikistan,1514,1372,3,0,7,-7,1521,1365,78,113,1,-1,79,112,20,100,242
11824,Dec 7 2004,Southeast Asian Champ in Vietnam,Indonesia,Laos,1315,883,6,0,7,-7,1322,876,122,199,2,0,124,199,40,0,432
11825,Dec 7 2004,Southeast Asian Champ in Vietnam,Vietnam,Singapore,1232,1167,1,1,-9,9,1223,1176,153,162,-2,1,151,163,40,100,165
11826,Dec 8 2004,Southeast Asian Champ in Malaysia,Malaysia,East Timor,1196,686,5,0,2,-2,1198,684,154,217,1,-1,155,216,20,0,510
11827,Dec 8 2004,Southeast Asian Champ in Malaysia,Myanmar,Philippines,1114,683,1,0,3,-3,1117,680,170,219,0,-1,170,218,40,0,431
11828,Dec 9 2004,Southeast Asian Champ in Vietnam,Indonesia,Singapore,1322,1176,0,0,-8,8,1314,1184,128,159,-2,2,126,161,40,0,146
11829,Dec 9 2004,Southeast Asian Champ in Vietnam,Vietnam,Cambodia,1223,866,9,1,6,-6,1229,860,147,201,2,0,149,201,40,100,457
11830,Dec 10 2004,Southeast Asian Champ in Malaysia,Malaysia,Philippines,1198,680,4,1,2,-2,1200,678,155,218,0,0,155,218,20,0,518
11831,Dec 10 2004,Southeast Asian Champ in Malaysia,Myanmar,Thailand,1117,1351,1,1,12,-12,1129,1339,168,126,1,-5,169,121,40,0,-234
11832,Dec 10 2004,Gulf Cup in Qatar,Oman,Iraq,1587,1532,3,1,25,-25,1612,1507,52,87,6,-7,58,80,40,0,55
11833,Dec 10 2004,Gulf Cup in Qatar,Qatar,United Arab Emirates,1494,1389,2,2,-11,11,1483,1400,92,101,-3,3,89,104,40,100,205
11834,Dec 11 2004,Gulf Cup in Qatar,Bahrain,Yemen,1554,1198,1,1,-15,15,1539,1213,77,148,-4,4,73,152,40,0,356
11835,Dec 11 2004,CECAFA Cup in Ethiopia,Ethiopia,Burundi,1281,1253,2,1,13,-13,1294,1240,130,150,2,-4,132,146,40,100,128
11836,Dec 11 2004,Gulf Cup in Qatar,Kuwait,Saudi Arabia,1521,1632,2,1,26,-26,1547,1606,60,69,9,-8,69,61,40,0,-111
11837,Dec 11 2004,Southeast Asian Champ in Vietnam,Laos,Cambodia,876,860,2,1,19,-19,895,841,197,205,1,-2,198,203,40,0,16
11838,Dec 11 2004,CECAFA Cup in Ethiopia,Rwanda,Zanzibar,1349,1154,4,2,15,-15,1364,1139,109,170,4,-2,113,168,40,0,195
11839,Dec 11 2004,Southeast Asian Champ in Vietnam,Vietnam,Indonesia,1229,1314,0,3,-37,37,1192,1351,163,108,-7,9,156,117,40,100,15
11840,Dec 12 2004,CONCACAF Ch & Car Cup q in the British Virgin Islands,British Virgin Islands,Trinidad and Tobago,908,1505,0,4,-4,4,904,1509,196,77,0,3,196,80,40,100,-497
11841,Dec 12 2004,CONCACAF Ch & Car Cup q in Cuba,Cuba,Martinique,1555,1394,2,0,11,-11,1566,1383,66,109,1,-2,67,107,40,100,261
11842,Dec 12 2004,CONCACAF Ch & Car Cup q in the United States,Haiti,Saint Kitts and Nevis,1456,1280,1,0,11,-11,1467,1269,87,141,3,-3,90,138,40,0,176
11843,Dec 12 2004,CECAFA Cup in Ethiopia,Kenya,Sudan,1471,1327,2,2,-8,8,1463,1335,92,122,-1,1,91,123,40,0,144
11844,Dec 12 2004,Southeast Asian Champ in Malaysia,Malaysia,Myanmar,1200,1129,0,1,-29,29,1171,1158,171,161,-8,4,163,165,40,100,171
11845,Dec 12 2004,CONCACAF Ch & Car Cup q in Saint Lucia,Saint Lucia,Jamaica,1258,1636,1,1,13,-13,1271,1623,134,55,3,-2,137,53,40,100,-278
11846,Dec 12 2004,CONCACAF Ch & Car Cup q in St Vincent & Grenadines,St Vincent & Grenadines,Grenada,1300,1277,3,1,20,-20,1320,1257,120,143,5,-3,125,140,40,100,123
11847,Dec 12 2004,Southeast Asian Champ in Malaysia,Thailand,East Timor,1339,684,8,0,2,-2,1341,682,122,216,0,0,122,216,30,0,655
11848,Dec 12 2004,CECAFA Cup in Ethiopia,Uganda,Somalia,1341,1059,2,0,10,-10,1351,1049,113,184,4,-2,117,182,40,0,282
11849,Dec 13 2004,CECAFA Cup in Ethiopia,Burundi,Rwanda,1240,1364,3,1,40,-40,1280,1324,124,135,11,-11,135,124,40,0,-124
11850,Dec 13 2004,Southeast Asian Champ in Vietnam,Indonesia,Cambodia,1351,841,8,0,5,-5,1356,836,115,203,1,0,116,203,40,0,510
11851,Dec 13 2004,Gulf Cup in Qatar,Oman,United Arab Emirates,1612,1400,2,1,9,-9,1621,1391,55,106,1,-1,56,105,40,0,212
11852,Dec 13 2004,Gulf Cup in Qatar,Qatar,Iraq,1483,1507,3,3,-4,4,1479,1511,89,79,0,1,89,80,40,100,76
11853,Dec 13 2004,Southeast Asian Champ in Vietnam,Singapore,Laos,1184,895,6,2,12,-12,1196,883,148,200,6,-1,154,199,40,0,289
11854,Dec 13 2004,CECAFA Cup in Ethiopia,Zanzibar,Tanzania,1139,1224,4,2,37,-37,1176,1187,157,169,6,-10,163,159,40,0,-85
11855,Dec 14 2004,Gulf Cup in Qatar,Bahrain,Kuwait,1539,1547,1,1,0,0,1539,1547,73,69,0,0,73,69,20,0,-8
11856,Dec 14 2004,CECAFA Cup in Ethiopia,Kenya,Somalia,1463,1049,1,0,3,-3,1466,1046,91,184,0,-1,91,183,30,0,414
11857,Dec 14 2004,Southeast Asian Champ in Malaysia,Malaysia,Thailand,1171,1341,2,1,24,-24,1195,1317,146,133,9,-6,155,127,40,100,-70
11858,Dec 14 2004,Southeast Asian Champ in Malaysia,Philippines,East Timor,678,682,2,1,20,-20,698,662,212,224,3,-4,215,220,40,0,-4
11859,Dec 14 2004,Gulf Cup in Qatar,Saudi Arabia,Yemen,1606,1213,2,0,6,-6,1612,1207,55,151,3,0,58,151,40,0,393
11860,Dec 14 2004,CECAFA Cup in Ethiopia,Sudan,Uganda,1335,1351,2,1,21,-21,1356,1330,110,127,6,-5,116,122,40,0,-16
11861,Dec 15 2004,CECAFA Cup in Ethiopia,Burundi,Tanzania,1280,1187,2,0,22,-22,1302,1165,125,170,5,-5,130,165,40,0,93
11862,Dec 15 2004,CECAFA Cup in Ethiopia,Ethiopia,Rwanda,1294,1324,0,0,-4,4,1290,1328,136,123,-2,0,134,123,40,100,70
11863,Dec 15 2004,Friendly in Lesotho,Lesotho,Botswana,1169,1302,1,1,1,-1,1170,1301,163,132,1,-1,164,131,20,100,-33
11864,Dec 15 2004,Southeast Asian Champ in Vietnam,Singapore,Cambodia,1196,836,3,0,8,-8,1204,828,154,207,0,-2,154,205,40,0,360
11865,Dec 15 2004,CONCACAF Ch & Car Cup q in Saint Kitts and Nevis,Saint Kitts and Nevis,Haiti,1269,1467,0,2,-22,22,1247,1489,145,86,-3,2,142,88,40,100,-98
11866,Dec 15 2004,Southeast Asian Champ in Vietnam,Vietnam,Laos,1192,883,3,0,6,-6,1198,877,154,199,1,0,155,199,40,100,409
11867,Dec 16 2004,Gulf Cup in Qatar,Iraq,United Arab Emirates,1511,1391,1,1,-7,7,1504,1398,86,103,-3,1,83,104,40,0,120
11868,Dec 16 2004,Friendly in Japan,Japan,Germany,1868,1878,0,3,-22,22,1846,1900,18,8,-2,2,16,10,20,100,90
11869,Dec 16 2004,Southeast Asian Champ in Malaysia,Myanmar,East Timor,1158,662,3,1,3,-3,1161,659,166,220,0,0,166,220,40,0,496
11870,Dec 16 2004,Gulf Cup in Qatar,Qatar,Oman,1479,1621,2,1,22,-22,1501,1599,78,70,6,-7,84,63,40,100,-42
11871,Dec 16 2004,Southeast Asian Champ in Malaysia,Thailand,Philippines,1317,698,3,1,2,-2,1319,696,125,215,1,0,126,215,40,0,619
11872,Dec 17 2004,Gulf Cup in Qatar,Bahrain,Saudi Arabia,1539,1612,3,0,42,-42,1581,1570,57,77,8,-10,65,67,40,0,-73
11873,Dec 17 2004,CECAFA Cup in Ethiopia,Burundi,Zanzibar,1302,1176,2,1,13,-13,1315,1163,126,165,2,-1,128,164,40,0,126
11874,Dec 17 2004,CECAFA Cup in Ethiopia,Ethiopia,Tanzania,1290,1165,2,0,13,-13,1303,1152,128,171,3,-3,131,168,40,100,225
11875,Dec 17 2004,Gulf Cup in Qatar,Kuwait,Yemen,1547,1207,3,0,9,-9,1556,1198,71,157,-1,-3,70,154,40,0,340
11876,Dec 18 2004,Friendly in Iran,Iran,Panama,1795,1518,1,0,2,-2,1797,1516,22,79,2,0,24,79,20,100,377
11877,Dec 18 2004,CECAFA Cup in Ethiopia,Kenya,Uganda,1466,1330,1,1,-7,7,1459,1337,93,120,-1,1,92,121,40,0,136
11878,Dec 18 2004,Friendly in the Maldives,Maldives,Sri Lanka,996,980,0,0,-3,3,993,983,190,190,0,1,190,191,20,100,116
11879,Dec 18 2004,CECAFA Cup in Ethiopia,Sudan,Somalia,1356,1046,4,0,11,-11,1367,1035,106,183,5,0,111,183,40,0,310
11880,Dec 19 2004,CECAFA Cup in Ethiopia,Ethiopia,Zanzibar,1303,1163,3,0,14,-14,1317,1149,125,170,3,-3,128,167,40,100,240
11881,Dec 19 2004,CONCACAF Ch & Car Cup q in Grenada,Grenada,St Vincent & Grenadines,1257,1320,0,1,-22,22,1235,1342,156,120,-8,2,148,122,40,100,37
11882,Dec 19 2004,CONCACAF Ch & Car Cup q in Jamaica,Jamaica,Saint Lucia,1623,1271,2,1,3,-3,1626,1268,51,138,1,0,52,138,30,0,352
11883,Dec 19 2004,CECAFA Cup in Ethiopia,Rwanda,Tanzania,1328,1152,5,1,20,-20,1348,1132,117,170,3,-1,120,169,40,0,176
11884,Dec 19 2004,Friendly in South Korea,South Korea,Germany,1693,1900,3,1,19,-19,1712,1881,33,14,1,-2,34,12,20,100,-107
11885,Dec 19 2004,CONCACAF Ch & Car Cup q in Trinidad and Tobago,Trinidad and Tobago,British Virgin Islands,1509,904,2,0,1,-1,1510,903,80,196,0,0,80,196,20,0,605
11886,Dec 20 2004,Gulf Cup in Qatar,Oman,Bahrain,1599,1581,3,2,19,-19,1618,1562,50,73,6,-4,56,69,40,0,18
11887,Dec 20 2004,Gulf Cup in Qatar,Qatar,Kuwait,1501,1556,2,0,26,-26,1527,1530,64,76,10,-3,74,73,30,0,-55
11888,Dec 21 2004,CONCACAF Ch & Car Cup q in Martinique,Martinique,Cuba,1383,1566,0,2,-23,23,1360,1589,119,59,-6,4,113,63,40,100,-83
11889,Dec 21 2004,Friendly in Thailand,Thailand,Germany,1319,1881,1,5,-2,2,1317,1883,128,10,-1,1,127,11,20,100,-462
11890,Dec 21 2004,Friendly in Venezuela,Venezuela,Guatemala,1636,1602,0,1,-14,14,1622,1616,57,52,-3,5,54,57,20,100,134
11891,Dec 22 2004,CECAFA Cup in Ethiopia,Burundi,Sudan,1315,1367,2,1,23,-23,1338,1344,117,130,6,-10,123,120,40,0,-52
11892,Dec 22 2004,CECAFA Cup in Ethiopia,Ethiopia,Kenya,1317,1459,2,2,2,-2,1319,1457,127,94,0,-1,127,93,30,100,-42
11893,Dec 23 2004,Gulf Cup in Qatar,Bahrain,Kuwait,1562,1530,3,1,27,-27,1589,1503,57,95,6,-11,63,84,40,0,32
11894,Dec 24 2004,Gulf Cup in Qatar,Qatar,Oman,1527,1618,1,1,-1,1,1526,1619,77,56,-2,0,75,56,40,100,9
11895,Dec 25 2004,CECAFA Cup in Ethiopia,Ethiopia,Burundi,1319,1338,3,0,27,-27,1346,1311,115,137,6,-7,121,130,40,100,81
11896,Dec 25 2004,CECAFA Cup in Ethiopia,Sudan,Kenya,1344,1457,2,1,26,-26,1370,1431,100,101,10,-4,110,97,40,0,-113
11897,Dec 28 2004,Southeast Asian Champ in Indonesia,Indonesia,Malaysia,1356,1195,1,2,-33,33,1323,1228,133,142,-8,7,125,149,40,100,261
11898,Dec 29 2004,Southeast Asian Champ in Malaysia,Singapore,Myanmar,1204,1161,4,3,18,-18,1222,1143,148,172,3,-4,151,168,40,0,43
11899,Jan 2 2005,Southeast Asian Champ in Singapore,Singapore,Myanmar,1222,1143,4,2,16,-16,1238,1127,141,170,5,-1,146,169,40,100,179
11900,Jan 3 2005,Southeast Asian Champ in Malaysia,Malaysia,Indonesia,1228,1323,1,4,-36,36,1192,1359,162,105,-6,10,156,115,40,100,5
11901,Jan 8 2005,Friendly in Egypt,Egypt,Uganda,1648,1337,3,0,3,-3,1651,1334,48,124,0,0,48,124,20,100,411
11902,Jan 8 2005,Southeast Asian Champ in Indonesia,Indonesia,Singapore,1359,1238,1,3,-47,47,1312,1285,143,124,-14,11,129,135,40,100,221
11903,Jan 8 2005,CONCACAF Ch & Car Cup q in Jamaica,Jamaica,French Guiana,1626,1207,5,0,4,-4,1630,1203,51,154,0,-1,51,153,40,100,519
11904,Jan 9 2005,CONCACAF Ch & Car Cup q in Haiti,Haiti,Cuba,1489,1589,0,1,-20,20,1469,1609,91,57,-1,3,90,60,40,100,0
11905,Jan 9 2005,CONCACAF Ch & Car Cup q in Trinidad and Tobago,Trinidad and Tobago,St Vincent & Grenadines,1510,1342,3,1,11,-11,1521,1331,78,126,1,-2,79,124,40,100,268
11906,Jan 12 2005,Friendly in Antigua and Barbuda,Antigua and Barbuda,Trinidad and Tobago,1099,1521,2,1,17,-17,1116,1504,169,85,2,-3,171,82,20,100,-322
11907,Jan 12 2005,Friendly in Costa Rica,Costa Rica,Haiti,1690,1469,3,3,-7,7,1683,1476,42,90,-2,0,40,90,20,100,321
11908,Jan 15 2005,Friendly in the United States,Colombia,South Korea,1800,1712,2,1,8,-8,1808,1704,21,34,1,0,22,34,20,0,88
11909,Jan 15 2005,CONCACAF Ch & Car Cup q in French Guiana,French Guiana,Jamaica,1203,1630,0,0,15,-15,1218,1615,149,63,2,-6,151,57,40,100,-327
11910,Jan 15 2005,Southeast Asian Champ in Singapore,Malaysia,Myanmar,1192,1127,2,1,16,-16,1208,1111,150,173,3,-2,153,171,40,0,65
11911,Jan 16 2005,CONCACAF Ch & Car Cup q in Cuba,Cuba,Haiti,1609,1476,1,1,-12,12,1597,1488,66,86,-3,2,63,88,40,100,233
11912,Jan 16 2005,Southeast Asian Champ in Singapore,Singapore,Indonesia,1285,1312,2,1,16,-16,1301,1296,127,139,4,-5,131,134,30,0,-27
11913,Jan 16 2005,CONCACAF Ch & Car Cup q in St Vincent & Grenadines,St Vincent & Grenadines,Trinidad and Tobago,1331,1504,1,0,24,-24,1355,1480,110,98,7,-8,117,90,40,100,-73
11914,Jan 17 2005,Friendly in the United States,Colombia,Guatemala,1808,1616,1,1,-5,5,1803,1621,22,54,0,1,22,55,20,0,192
11915,Jan 19 2005,Friendly in the United States,Paraguay,South Korea,1773,1704,1,1,-2,2,1771,1706,29,34,-1,0,28,34,20,0,69
11916,Jan 21 2005,Friendly in Trinidad and Tobago,Trinidad and Tobago,Azerbaijan,1480,1391,1,0,5,-5,1485,1386,88,106,1,0,89,106,20,100,189
11917,Jan 22 2005,Friendly in Kuwait,Kuwait,Norway,1503,1796,1,1,5,-5,1508,1791,77,27,3,-1,80,26,20,100,-193
11918,Jan 22 2005,Friendly in the United States,South Korea,Sweden,1706,1873,1,1,4,-4,1710,1869,34,13,0,0,34,13,20,0,-167
11919,Jan 23 2005,Friendly in Barbados,Barbados,Grenada,1319,1235,3,0,9,-9,1328,1226,124,149,1,0,125,149,20,100,184
11920,Jan 23 2005,Friendly in the United States,Paraguay,Guatemala,1771,1621,2,1,6,-6,1777,1615,26,57,1,-1,27,56,20,0,150
11921,Jan 23 2005,Friendly in Trinidad and Tobago,Trinidad and Tobago,Azerbaijan,1485,1386,2,0,7,-7,1492,1379,85,110,2,-2,87,108,20,100,199
11922,Jan 25 2005,Friendly in Bahrain,Bahrain,Norway,1589,1791,0,1,-7,7,1582,1798,68,22,-2,2,66,24,20,100,-102
11923,Jan 25 2005,Friendly in Saudi Arabia,Saudi Arabia,Tajikistan,1570,1365,3,0,5,-5,1575,1360,68,112,0,0,68,112,20,100,305
11924,Jan 26 2005,Friendly in Ecuador,Ecuador,Panama,1666,1516,2,0,6,-6,1672,1510,43,81,0,-1,43,80,20,100,250
11925,Jan 26 2005,Friendly in Kuwait,Kuwait,Syria,1508,1450,3,2,6,-6,1514,1444,78,94,1,0,79,94,20,100,158
11926,Jan 26 2005,Friendly in the United States,Mexico,Sweden,1886,1869,0,0,0,0,1886,1869,10,13,0,0,10,13,20,0,17
11927,Jan 28 2005,Friendly in Jordan,Jordan,Norway,1578,1798,0,0,3,-3,1581,1795,67,28,0,-2,67,26,20,100,-120
11928,Jan 29 2005,Friendly in Ecuador,Ecuador,Panama,1672,1510,2,0,5,-5,1677,1505,41,84,1,-2,42,82,20,100,262
11929,Jan 29 2005,Friendly in Japan,Japan,Kazakhstan,1846,1350,4,0,1,-1,1847,1349,16,118,0,0,16,118,20,100,596
11930,Jan 29 2005,Friendly in Saudi Arabia,Saudi Arabia,Turkmenistan,1575,1357,1,0,3,-3,1578,1354,68,118,0,-1,68,117,20,100,318
11931,Jan 30 2005,Friendly in Barbados,Barbados,St Vincent & Grenadines,1328,1355,3,1,12,-12,1340,1343,121,128,2,-6,123,122,20,100,73
11932,Feb 1 2005,Friendly in Trinidad and Tobago,Trinidad and Tobago,Haiti,1492,1488,1,0,7,-7,1499,1481,83,91,2,-1,85,90,20,100,104
11933,Feb 2 2005,Friendly in Qatar,Bahrain,Lebanon,1582,1344,2,1,4,-4,1586,1340,64,123,1,-1,65,122,20,0,238
11934,Feb 2 2005,Friendly in Turkey,Hungary,Saudi Arabia,1607,1578,0,0,-1,1,1606,1579,61,68,0,0,61,68,20,0,29
11935,Feb 2 2005,Friendly in Iran,Iran,Bosnia and Herzegovina,1797,1622,2,1,3,-3,1800,1619,24,55,0,-1,24,54,20,100,275
11936,Feb 2 2005,Friendly in Japan,Japan,Syria,1847,1444,3,0,2,-2,1849,1442,16,96,0,-1,16,95,20,100,503
11937,Feb 2 2005,Friendly in China,Kuwait,North Korea,1514,1462,0,0,-1,1,1513,1463,79,91,0,0,79,91,20,0,52
11938,Feb 3 2005,CEMAC Cup in Gabon,Gabon,Central African Republic,1415,1238,4,0,13,-13,1428,1225,96,151,2,-2,98,149,40,100,277
11939,Feb 3 2005,Friendly in Trinidad and Tobago,Trinidad and Tobago,Haiti,1499,1481,2,1,7,-7,1506,1474,79,90,3,0,82,90,20,100,118
11940,Feb 4 2005,Friendly in South Korea,South Korea,Egypt,1710,1651,0,1,-14,14,1696,1665,36,42,-1,3,35,45,20,100,159
11941,Feb 6 2005,Friendly in Barbados,Barbados,Antigua and Barbuda,1340,1116,3,2,3,-3,1343,1113,120,170,1,0,121,170,20,100,324
11942,Feb 6 2005,CEMAC Cup in Gabon,Congo,Central African Republic,1402,1225,1,0,11,-11,1413,1214,100,155,1,-3,101,152,40,0,177
11943,Feb 6 2005,Friendly in Trinidad and Tobago,Trinidad and Tobago,Haiti,1506,1474,0,1,-14,14,1492,1488,92,88,-5,1,87,89,20,100,132
11944,Feb 8 2005,CEMAC Cup in Gabon,Chad,Equatorial Guinea,1298,1080,0,0,-11,11,1287,1091,137,174,-2,1,135,175,30,100,318
11945,Feb 8 2005,Friendly tournament in Cyprus,Cyprus,Austria,1440,1647,1,1,4,-4,1444,1643,94,51,1,-1,95,50,30,100,-107
11946,Feb 8 2005,Friendly in France,DR Congo,Ivory Coast,1444,1662,2,2,6,-6,1450,1656,94,47,0,0,94,47,20,0,-218
11947,Feb 8 2005,Friendly tournament in Cyprus,Finland,Latvia,1685,1492,2,1,7,-7,1692,1485,33,91,3,-2,36,89,30,0,193
11948,Feb 8 2005,CEMAC Cup in Gabon,Gabon,Congo,1428,1413,1,0,14,-14,1442,1399,94,105,2,-2,96,103,30,0,15
11949,Feb 9 2005,World Cup qualifier in Albania,Albania,Ukraine,1540,1739,0,2,-22,22,1518,1761,84,27,-6,2,78,29,40,100,-99
11950,Feb 9 2005,Friendly in Algeria,Algeria,Burkina Faso,1426,1393,3,0,11,-11,1437,1382,95,105,2,0,97,105,20,100,133
11951,Feb 9 2005,Friendly tournament in Cyprus,Austria,Latvia,1643,1485,1,1,-6,6,1637,1491,52,83,-1,3,51,86,20,100,258
11952,Feb 9 2005,Friendly in Azerbaijan,Azerbaijan,Moldova,1379,1401,0,0,-2,2,1377,1403,110,102,-1,0,109,102,20,100,78
11953,Feb 9 2005,World Cup qualifier in Bahrain,Bahrain,Iran,1586,1800,0,0,6,-6,1592,1794,63,26,1,-1,64,25,40,100,-114
11954,Feb 9 2005,Friendly in Bulgaria,Bulgaria,Serbia and Montenegro,1731,1772,0,0,-2,2,1729,1774,32,28,0,0,32,28,20,100,59
11955,Feb 9 2005,Friendly in France,Cameroon,Senegal,1703,1692,1,0,10,-10,1713,1682,32,44,1,-4,33,40,20,0,11
11956,Feb 9 2005,Friendly in Chile,Chile,Ecuador,1654,1677,3,0,14,-14,1668,1663,42,50,3,-4,45,46,20,100,77
11957,Feb 9 2005,World Cup qualifier in Costa Rica,Costa Rica,Mexico,1683,1886,1,2,-14,14,1669,1900,48,8,-4,1,44,9,40,100,-103
11958,Feb 9 2005,Friendly tournament in Cyprus,Cyprus,Finland,1444,1692,1,2,-9,9,1435,1701,101,36,-3,0,98,36,30,100,-148
11959,Feb 9 2005,Friendly in Egypt,Egypt,Belgium,1665,1726,4,0,17,-17,1682,1709,35,35,5,-1,40,34,20,100,39
11960,Feb 9 2005,Friendly in England,England,Netherlands,1977,1941,0,0,-4,4,1973,1945,6,7,-1,0,5,7,20,100,136
11961,Feb 9 2005,Friendly in France,France,Sweden,1987,1869,1,1,-6,6,1981,1875,3,13,0,0,3,13,20,100,218
11962,Feb 9 2005,Friendly in Georgia,Georgia,Lithuania,1527,1458,1,0,5,-5,1532,1453,71,92,1,0,72,92,20,100,169
11963,Feb 9 2005,Friendly in Germany,Germany,Argentina,1883,2028,2,2,1,-1,1884,2027,13,1,-1,0,12,1,20,100,-45
11964,Feb 9 2005,World Cup qualifier in Greece,Greece,Denmark,1882,1864,2,1,13,-13,1895,1851,8,16,2,-1,10,15,40,100,118
11965,Feb 9 2005,Friendly in France,Guinea,Mali,1527,1525,2,2,0,0,1527,1525,73,75,0,1,73,76,20,0,2
11966,Feb 9 2005,Friendly tournament in Hong Kong,Hong Kong,Brazil,1207,1973,1,7,-1,1,1206,1974,154,3,0,1,154,4,20,0,-766
11967,Feb 9 2005,Friendly in Ireland,Ireland,Portugal,1862,1902,1,0,8,-8,1870,1894,13,13,1,-2,14,11,20,100,60
11968,Feb 9 2005,Friendly in Israel,Israel,Croatia,1686,1838,3,3,1,-1,1687,1837,37,19,1,-1,38,18,20,100,-52
11969,Feb 9 2005,Friendly in Italy,Italy,Russia,1907,1757,2,0,6,-6,1913,1751,8,33,0,-2,8,31,20,100,250
11970,Feb 9 2005,World Cup qualifier in Japan,Japan,North Korea,1849,1463,2,1,2,-2,1851,1461,14,91,1,0,15,91,20,0,386
11971,Feb 9 2005,World Cup qualifier in Macedonia,Macedonia,Andorra,1501,1093,0,0,-18,18,1483,1111,96,168,-6,3,90,171,40,100,508
11972,Feb 9 2005,Friendly in Malta,Malta,Norway,1246,1795,0,3,-2,2,1244,1797,145,20,-1,3,144,23,20,100,-449
11973,Feb 9 2005,World Cup & African Cup qual in Morocco,Morocco,Kenya,1674,1431,5,1,9,-9,1683,1422,35,102,4,-2,39,100,40,100,343
11974,Feb 9 2005,Friendly in Northern Ireland,Northern Ireland,Canada,1507,1564,0,1,-11,11,1496,1575,88,69,-4,0,84,69,20,100,43
11975,Feb 9 2005,World Cup qualifier in Panama,Panama,Guatemala,1505,1615,0,0,1,-1,1506,1614,78,60,2,-2,80,58,40,100,-10
11976,Feb 9 2005,Friendly in Poland,Poland,Belarus,1801,1614,1,3,-25,25,1776,1639,31,42,-4,8,27,50,20,100,287
11977,Feb 9 2005,Friendly in Cyprus,Romania,Slovakia,1836,1666,2,2,-5,5,1831,1671,20,42,-1,1,19,43,20,0,170
11978,Feb 9 2005,Friendly in Slovenia,Slovenia,Czechia,1664,1988,0,3,-8,8,1656,1996,48,2,-1,0,47,2,20,100,-224
11979,Feb 9 2005,Friendly in South Africa,South Africa,Australia,1585,1810,1,1,3,-3,1588,1807,64,21,1,0,65,21,20,100,-125
11980,Feb 9 2005,World Cup qualifier in South Korea,South Korea,Kuwait,1696,1513,2,0,10,-10,1706,1503,35,85,0,-3,35,82,40,100,283
11981,Feb 9 2005,World Cup qualifier in Spain,Spain,San Marino,1966,946,5,0,0,0,1966,946,6,193,0,0,6,193,20,0,1020
11982,Feb 9 2005,World Cup qualifier in Trinidad and Tobago,Trinidad and Tobago,United States,1492,1830,1,2,-8,8,1484,1838,89,15,-1,2,88,17,40,100,-238
11983,Feb 9 2005,Friendly in the United Arab Emirates,United Arab Emirates,Switzerland,1398,1691,1,2,-5,5,1393,1696,104,36,0,1,104,37,20,100,-193
11984,Feb 9 2005,World Cup qualifier in Uzbekistan,Uzbekistan,Saudi Arabia,1608,1579,1,1,-7,7,1601,1586,62,66,-1,1,61,67,40,100,129
11985,Feb 9 2005,Friendly in Venezuela,Venezuela,Estonia,1622,1382,3,0,4,-4,1626,1378,53,108,0,-1,53,107,20,100,340
11986,Feb 9 2005,Friendly in Wales,Wales,Hungary,1624,1606,2,0,10,-10,1634,1596,53,65,-1,-2,52,63,20,100,118
11987,Feb 10 2005,CEMAC Cup in Gabon,Gabon,Chad,1442,1287,2,3,-33,33,1409,1320,105,117,-5,9,100,126,40,100,255
11988,Feb 12 2005,CEMAC Cup in Gabon,Gabon,Congo,1409,1399,2,1,14,-14,1423,1385,98,105,1,-1,99,104,40,100,110
11989,Feb 13 2005,Friendly in Barbados,Barbados,Guyana,1343,1083,3,3,-8,8,1335,1091,125,174,-2,1,123,175,20,100,360
11990,Feb 13 2005,Friendly in the United States,Guatemala,Haiti,1614,1488,2,1,7,-7,1621,1481,52,93,3,-3,55,90,20,0,126
11991,Feb 16 2005,Friendly in Costa Rica,Costa Rica,Ecuador,1669,1663,1,2,-13,13,1656,1676,48,40,-2,3,46,43,20,100,106
11992,Feb 19 2005,N Am Ch q & UNCAF Cup in Guatemala,Guatemala,Belize,1621,1125,2,0,2,-2,1623,1123,53,169,1,0,54,169,20,0,496
11993,Feb 19 2005,N Am Ch q & UNCAF Cup in Guatemala,Honduras,Nicaragua,1645,1004,5,1,2,-2,1647,1002,49,189,0,0,49,189,40,0,641
11994,Feb 19 2005,N Am Ch q & UNCAF Cup in Guatemala,Panama,El Salvador,1506,1407,1,0,14,-14,1520,1393,76,103,2,-1,78,102,40,0,99
11995,Feb 20 2005,CONCACAF Ch q & Car Cup in Barbados,Barbados,Cuba,1335,1597,0,3,-20,20,1315,1617,133,56,-5,3,128,59,40,100,-162
11996,Feb 20 2005,CONCACAF Ch q & Car Cup in Barbados,Jamaica,Trinidad and Tobago,1615,1484,2,1,13,-13,1628,1471,48,93,5,-3,53,90,40,0,131
11997,Feb 21 2005,N Am Ch q & UNCAF Cup in Guatemala,Costa Rica,El Salvador,1656,1393,2,1,7,-7,1663,1386,46,104,0,-1,46,103,40,0,263
11998,Feb 21 2005,N Am Ch q & UNCAF Cup in Guatemala,Guatemala,Nicaragua,1623,1002,4,0,1,-1,1624,1001,55,189,0,0,55,189,20,0,621
11999,Feb 21 2005,N Am Ch q & UNCAF Cup in Guatemala,Honduras,Belize,1647,1123,4,0,4,-4,1651,1119,49,169,0,0,49,169,40,0,524
12000,Feb 22 2005,CONCACAF Ch q & Car Cup in Barbados,Barbados,Jamaica,1315,1628,0,1,-9,9,1306,1637,134,49,-3,2,131,51,40,100,-213
12001,Feb 22 2005,CONCACAF Ch q & Car Cup in Barbados,Cuba,Trinidad and Tobago,1617,1471,2,1,12,-12,1629,1459,49,92,5,-1,54,91,40,0,146
12002,Feb 23 2005,Friendly in Congo,Congo,Angola,1385,1541,0,2,-13,13,1372,1554,114,69,-5,1,109,70,20,100,-56
12003,Feb 23 2005,N Am Ch q & UNCAF Cup in Guatemala,Costa Rica,Panama,1663,1520,1,0,12,-12,1675,1508,42,80,2,-1,44,79,40,0,143
12004,Feb 23 2005,N Am Ch q & UNCAF Cup in Guatemala,Guatemala,Honduras,1624,1651,1,1,-4,4,1620,1655,58,49,-1,0,57,49,40,100,73
12005,Feb 23 2005,Friendly in Mexico,Mexico,Colombia,1900,1803,1,1,-5,5,1895,1808,9,20,0,1,9,21,20,100,197
12006,Feb 23 2005,N Am Ch q & UNCAF Cup in Guatemala,Nicaragua,Belize,1001,1119,1,0,27,-27,1028,1092,181,179,4,-5,185,174,40,0,-118
12007,Feb 24 2005,CONCACAF Ch q & Car Cup in Barbados,Barbados,Trinidad and Tobago,1306,1459,2,3,-17,17,1289,1476,139,89,-4,1,135,90,40,100,-53
12008,Feb 24 2005,CONCACAF Ch q & Car Cup in Barbados,Jamaica,Cuba,1637,1629,1,0,20,-20,1657,1609,43,66,4,-6,47,60,40,0,8
12009,Feb 25 2005,UNCAF Nations Cup in Guatemala,Guatemala,Costa Rica,1620,1675,0,4,-42,42,1578,1717,80,22,-12,11,68,33,40,100,45
12010,Feb 25 2005,UNCAF Nations Cup in Guatemala,Honduras,Panama,1655,1508,1,0,12,-12,1667,1496,44,87,3,-4,47,83,40,0,147
12011,Feb 26 2005,Friendly in Botswana,Botswana,Zambia,1301,1493,0,0,3,-3,1304,1490,131,87,0,-1,131,86,20,100,-92
12012,Feb 26 2005,COSAFA Cup in Mauritius,Mauritius,Madagascar,1335,1244,2,0,15,-15,1350,1229,111,150,6,-3,117,147,40,100,191
12013,Feb 26 2005,COSAFA Cup in Mauritius,South Africa,Seychelles,1588,1051,3,0,3,-3,1591,1048,64,182,0,-1,64,181,40,0,537
12014,Feb 27 2005,UNCAF Nations Cup in Guatemala,Costa Rica,Honduras,1717,1667,1,1,-3,3,1714,1670,33,45,0,1,33,46,40,0,50
12015,Feb 27 2005,UNCAF Nations Cup in Guatemala,Guatemala,Panama,1578,1496,3,0,18,-18,1596,1478,58,95,5,-6,63,89,40,100,182
12016,Feb 27 2005,Friendly in Malawi,Malawi,Zimbabwe,1292,1497,2,1,13,-13,1305,1484,128,88,3,-3,131,85,20,100,-105
12017,Feb 27 2005,COSAFA Cup in Mauritius,Mauritius,South Africa,1350,1591,0,1,-12,12,1338,1603,129,58,-6,3,123,61,40,100,-141
12018,Mar 5 2005,East Asian Championship qual in Taiwan,Hong Kong,Mongolia,1206,754,6,0,6,-6,1212,748,152,210,1,0,153,210,40,0,452
12019,Mar 5 2005,East Asian Championship qual in Taiwan,Taiwan,Guam,1016,562,9,0,4,-4,1020,558,187,226,0,0,187,226,40,100,554
12020,Mar 7 2005,East Asian Championship qual in Taiwan,Hong Kong,Guam,1212,558,15,0,3,-3,1215,555,151,226,1,0,152,226,40,0,654
12021,Mar 7 2005,East Asian Championship qual in Taiwan,North Korea,Mongolia,1461,748,6,0,1,-1,1462,747,91,210,0,0,91,210,20,0,713
12022,Mar 9 2005,Friendly in the United States,Argentina,Mexico,2027,1895,1,1,-4,4,2023,1899,1,9,0,0,1,9,20,0,132
12023,Mar 9 2005,East Asian Championship qual in Taiwan,Mongolia,Guam,747,555,4,1,17,-17,764,538,208,228,1,-1,209,227,40,0,192
12024,Mar 9 2005,East Asian Championship qual in Taiwan,Taiwan,North Korea,1020,1462,0,2,-7,7,1013,1469,187,91,0,0,187,91,40,100,-342
12025,Mar 9 2005,Friendly in the United States,United States,Colombia,1838,1808,3,0,11,-11,1849,1797,17,23,0,-1,17,22,20,100,130
12026,Mar 11 2005,East Asian Championship qual in Taiwan,North Korea,Guam,1469,538,21,0,1,-1,1470,537,91,227,0,0,91,227,30,0,931
12027,Mar 11 2005,East Asian Championship qual in Taiwan,Taiwan,Hong Kong,1013,1215,0,5,-29,29,984,1244,193,136,-3,8,190,144,40,100,-102
12028,Mar 12 2005,Friendly in Kenya,Kenya,Rwanda,1422,1348,1,1,-5,5,1417,1353,100,115,0,2,100,117,20,100,174
12029,Mar 12 2005,Friendly in Kuwait,Kuwait,Finland,1503,1701,0,1,-7,7,1496,1708,81,35,0,1,81,36,20,100,-98
12030,Mar 12 2005,Friendly in Sudan,Sudan,Ethiopia,1370,1346,3,1,10,-10,1380,1336,102,126,4,-3,106,123,20,100,124
12031,Mar 13 2005,East Asian Championship qual in Taiwan,North Korea,Hong Kong,1470,1244,2,0,13,-13,1483,1231,83,150,4,-3,87,147,40,0,226
12032,Mar 13 2005,East Asian Championship qual in Taiwan,Taiwan,Mongolia,984,764,0,0,-15,15,969,779,194,207,-2,1,192,208,40,100,320
12033,Mar 14 2005,Friendly in Saudi Arabia,Saudi Arabia,Egypt,1586,1682,0,1,-10,10,1576,1692,69,37,-1,2,68,39,20,100,4
12034,Mar 16 2005,Friendly in Zimbabwe,Zimbabwe,Botswana,1484,1304,1,1,-7,7,1477,1311,95,126,-5,3,90,129,20,100,280
12035,Mar 18 2005,Friendly in the United Arab Emirates,Kuwait,Armenia,1496,1424,3,1,12,-12,1508,1412,77,102,2,-2,79,100,20,0,72
12036,Mar 18 2005,Friendly in Saudi Arabia,Saudi Arabia,Finland,1576,1708,1,4,-16,16,1560,1724,70,30,-1,3,69,33,20,100,-32
12037,Mar 19 2005,Friendly in Gabon,Gabon,Congo,1423,1372,0,0,-4,4,1419,1376,98,110,0,0,98,110,20,100,151
12038,Mar 19 2005,Friendly in Lesotho,Lesotho,Namibia,1170,1156,1,2,-13,13,1157,1169,165,162,-1,1,164,163,20,100,114
12039,Mar 19 2005,Friendly in the United States,United States,Honduras,1849,1670,1,0,3,-3,1852,1667,13,48,2,-1,15,47,20,100,279
12040,Mar 20 2005,Friendly in the United Arab Emirates,South Korea,Burkina Faso,1706,1382,1,0,3,-3,1709,1379,35,108,1,-2,36,106,20,0,324
12041,Mar 23 2005,Friendly in Kenya,Kenya,Ghana,1417,1484,2,2,-1,1,1416,1485,99,85,0,0,99,85,20,100,33
12042,Mar 25 2005,World Cup qualifier in Iran,Iran,Japan,1794,1851,2,1,18,-18,1812,1833,17,20,4,-2,21,18,40,100,43
12043,Mar 25 2005,World Cup qualifier in Kuwait,Kuwait,Uzbekistan,1508,1601,2,1,20,-20,1528,1581,67,72,6,-5,73,67,40,100,7
12044,Mar 25 2005,World Cup qualifier in North Korea,North Korea,Bahrain,1483,1592,1,2,-19,19,1464,1611,96,51,-5,7,91,58,40,100,-9
12045,Mar 25 2005,World Cup qualifier in Saudi Arabia,Saudi Arabia,South Korea,1560,1709,2,0,34,-34,1594,1675,61,52,4,-8,65,44,40,100,-49
12046,Mar 26 2005,World Cup qualifier in Armenia,Armenia,Andorra,1412,1111,2,1,4,-4,1416,1107,98,172,1,-1,99,171,40,100,401
12047,Mar 26 2005,Friendly in Australia,Australia,Iraq,1807,1504,2,1,2,-2,1809,1502,20,83,1,-1,21,82,20,100,403
12048,Mar 26 2005,World Cup qualifier in Belgium,Belgium,Bosnia and Herzegovina,1709,1619,4,1,18,-18,1727,1601,28,66,4,-5,32,61,40,100,190
12049,Mar 26 2005,World Cup qualifier in Bolivia,Bolivia,Argentina,1588,2023,1,2,-5,5,1583,2028,66,1,0,0,66,1,40,100,-335
12050,Mar 26 2005,World Cup qualifier in Bulgaria,Bulgaria,Sweden,1729,1875,0,3,-30,30,1699,1905,42,7,-5,3,37,10,40,100,-46
12051,Mar 26 2005,World Cup & African Cup qual in Burkina Faso,Burkina Faso,Cape Verde,1379,1360,1,2,-27,27,1352,1387,128,94,-11,9,117,103,40,100,119
12052,Mar 26 2005,World Cup qualifier in Chile,Chile,Uruguay,1668,1820,1,1,3,-3,1671,1817,48,18,-1,1,47,19,40,100,-52
12053,Mar 26 2005,World Cup qualifier in Costa Rica,Costa Rica,Panama,1714,1478,2,1,5,-5,1719,1473,34,90,0,-1,34,89,40,100,336
12054,Mar 26 2005,World Cup qualifier in Croatia,Croatia,Iceland,1837,1526,4,0,6,-6,1843,1520,17,79,0,-2,17,77,40,100,411
12055,Mar 26 2005,Friendly in Cyprus,Cyprus,Jordan,1435,1581,2,1,11,-11,1446,1570,93,71,2,-2,95,69,20,100,-46
12056,Mar 26 2005,World Cup qualifier in Czechia,Czechia,Finland,1996,1724,4,3,4,-4,2000,1720,2,33,0,0,2,33,40,100,372
12057,Mar 26 2005,World Cup qualifier in Denmark,Denmark,Kazakhstan,1851,1349,3,0,2,-2,1853,1347,14,120,1,-1,15,119,20,0,502
12058,Mar 26 2005,World Cup qualifier in England,England,Northern Ireland,1973,1496,4,0,3,-3,1976,1493,1,84,2,-1,3,83,30,0,477
12059,Mar 26 2005,World Cup qualifier in Estonia,Estonia,Slovakia,1378,1671,1,2,-10,10,1368,1681,111,41,-2,2,109,43,40,100,-193
12060,Mar 26 2005,World Cup qualifier in France,France,Switzerland,1981,1696,0,0,-16,16,1965,1712,11,35,-4,1,7,36,40,100,385
12061,Mar 26 2005,World Cup qualifier in Georgia,Georgia,Greece,1532,1895,1,3,-11,11,1521,1906,80,8,-4,1,76,9,40,100,-263
12062,Mar 26 2005,World Cup qualifier in Guatemala,Guatemala,Trinidad and Tobago,1596,1476,5,1,16,-16,1612,1460,49,92,7,-1,56,91,40,100,220
12063,Mar 26 2005,World Cup qualifier in Israel,Israel,Ireland,1687,1870,1,1,5,-5,1692,1865,37,14,1,0,38,14,20,0,-183
12064,Mar 26 2005,World Cup qualifier in Italy,Italy,Scotland,1913,1605,2,0,5,-5,1918,1600,8,63,0,-1,8,62,40,100,408
12065,Mar 26 2005,World Cup & African Cup qual in Kenya,Kenya,Botswana,1416,1311,1,0,9,-9,1425,1302,97,133,1,-2,98,131,40,100,205
12066,Mar 26 2005,World Cup qualifier in Liechtenstein,Liechtenstein,Russia,1106,1751,1,2,-2,2,1104,1753,172,31,0,0,172,31,40,100,-545
12067,Mar 26 2005,World Cup & African Cup qual in Morocco,Morocco,Guinea,1683,1527,1,0,7,-7,1690,1520,40,80,0,-3,40,77,40,100,256
12068,Mar 26 2005,World Cup & African Cup qual in Nigeria,Nigeria,Gabon,1756,1419,2,0,4,-4,1760,1415,30,102,0,-2,30,100,20,0,337
12069,Mar 26 2005,World Cup qualifier in Poland,Poland,Azerbaijan,1776,1377,8,0,5,-5,1781,1372,25,107,1,1,26,108,40,100,499
12070,Mar 26 2005,Friendly in Portugal,Portugal,Canada,1894,1575,4,1,3,-3,1897,1572,13,67,-1,1,12,68,20,100,419
12071,Mar 26 2005,World Cup qualifier in Romania,Romania,Netherlands,1831,1945,0,2,-29,29,1802,1974,25,1,-3,3,22,4,40,100,-14
12072,Mar 26 2005,World Cup & African Cup qual in Senegal,Senegal,Liberia,1682,1382,6,1,7,-7,1689,1375,41,110,0,-3,41,107,40,100,400
12073,Mar 26 2005,Friendly in Slovenia,Slovenia,Germany,1656,1884,0,1,-6,6,1650,1890,53,14,-2,-1,51,13,20,100,-128
12074,Mar 26 2005,World Cup & African Cup qual in South Africa,South Africa,Uganda,1603,1334,2,1,4,-4,1607,1330,58,124,2,0,60,124,20,0,269
12075,Mar 26 2005,Friendly in Spain,Spain,China,1966,1611,3,0,2,-2,1968,1609,6,58,0,0,6,58,20,100,455
12076,Mar 26 2005,World Cup & African Cup qual in Tunisia,Tunisia,Malawi,1623,1305,7,0,7,-7,1630,1298,51,134,2,-1,53,133,40,100,418
12077,Mar 26 2005,World Cup qualifier in Turkey,Turkey,Albania,1796,1518,2,0,6,-6,1802,1512,19,79,3,0,22,79,40,100,378
12078,Mar 26 2005,World Cup qualifier in Venezuela,Venezuela,Colombia,1626,1797,0,0,4,-4,1630,1793,52,27,1,-2,53,25,40,100,-71
12079,Mar 26 2005,World Cup qualifier in Wales,Wales,Austria,1634,1637,0,2,-38,38,1596,1675,73,38,-10,7,63,45,40,100,97
12080,Mar 26 2005,World Cup & African Cup qual in Zambia,Zambia,Congo,1490,1376,2,0,14,-14,1504,1362,78,112,3,-1,81,111,40,100,214
12081,Mar 27 2005,World Cup & African Cup qual in Algeria,Algeria,Rwanda,1437,1353,1,0,10,-10,1447,1343,91,122,3,-3,94,119,40,100,184
12082,Mar 27 2005,World Cup qualifier in Brazil,Brazil,Peru,1974,1682,1,0,4,-4,1978,1678,2,46,1,-2,3,44,40,100,392
12083,Mar 27 2005,World Cup & African Cup qual in Cameroon,Cameroon,Sudan,1713,1380,2,1,3,-3,1716,1377,35,107,0,-1,35,106,20,0,333
12084,Mar 27 2005,World Cup & African Cup qual in the Dem Rep of the Congo,DR Congo,Ghana,1450,1485,1,1,-4,4,1446,1489,96,87,-1,-1,95,86,40,100,65
12085,Mar 27 2005,World Cup qualifier in Ecuador,Ecuador,Paraguay,1676,1777,5,2,35,-35,1711,1742,30,35,7,-4,37,31,40,100,-1
12086,Mar 27 2005,World Cup & African Cup qual in Egypt,Egypt,Libya,1692,1543,4,1,13,-13,1705,1530,38,71,0,0,38,71,40,100,249
12087,Mar 27 2005,World Cup & African Cup qual in Ivory Coast,Ivory Coast,Benin,1656,1282,3,0,4,-4,1660,1278,48,138,1,-1,49,137,20,0,374
12088,Mar 27 2005,World Cup & African Cup qual in Mali,Mali,Togo,1525,1507,1,2,-27,27,1498,1534,92,60,-9,10,83,70,40,100,118
12089,Mar 27 2005,World Cup qualifier in Mexico,Mexico,United States,1899,1852,2,1,12,-12,1911,1840,7,18,2,-1,9,17,40,100,147
12090,Mar 27 2005,World Cup & African Cup qual in Zimbabwe,Zimbabwe,Angola,1477,1554,2,0,28,-28,1505,1526,72,76,8,-3,80,73,40,100,23
12091,Mar 29 2005,Friendly in Australia,Australia,Indonesia,1809,1296,3,0,1,-1,1810,1295,21,134,0,0,21,134,20,100,613
12092,Mar 29 2005,World Cup qualifier in Bolivia,Bolivia,Venezuela,1583,1630,3,1,25,-25,1608,1605,50,69,8,-8,58,61,40,100,53
12093,Mar 29 2005,Friendly in Ireland,Ireland,China,1865,1609,1,0,2,-2,1867,1607,14,60,0,-1,14,59,20,100,356
12094,Mar 30 2005,World Cup qualifier in Andorra,Andorra,Czechia,1107,2000,0,4,-1,1,1106,2001,171,2,0,0,171,2,30,100,-793
12095,Mar 30 2005,World Cup qualifier in Argentina,Argentina,Colombia,2028,1793,1,0,5,-5,2033,1788,1,23,0,1,1,24,40,100,335
12096,Mar 30 2005,World Cup qualifier in Austria,Austria,Wales,1675,1596,1,0,11,-11,1686,1585,43,68,1,-2,44,66,40,100,179
12097,Mar 30 2005,World Cup qualifier in Bosnia and Herzegovina,Bosnia and Herzegovina,Lithuania,1601,1453,1,1,-12,12,1589,1465,68,90,-3,1,65,91,40,100,248
12098,Mar 30 2005,World Cup qualifier in Croatia,Croatia,Malta,1843,1244,3,0,1,-1,1844,1243,16,144,0,0,16,144,20,0,599
12099,Mar 30 2005,World Cup qualifier in England,England,Azerbaijan,1976,1372,2,0,1,-1,1977,1371,2,110,1,-1,3,109,20,0,604
12100,Mar 30 2005,World Cup qualifier in Estonia,Estonia,Russia,1368,1753,1,1,14,-14,1382,1739,101,32,4,-1,105,31,40,100,-285
12101,Mar 30 2005,World Cup qualifier in Georgia,Georgia,Turkey,1521,1802,2,5,-18,18,1503,1820,86,18,-5,2,81,20,40,100,-181
12102,Mar 30 2005,World Cup qualifier in Greece,Greece,Albania,1906,1512,2,0,3,-3,1909,1509,6,77,2,1,8,78,20,0,394
12103,Mar 30 2005,World Cup qualifier in Hungary,Hungary,Bulgaria,1596,1699,1,1,0,0,1596,1699,62,41,1,-1,63,40,20,100,-3
12104,Mar 30 2005,World Cup qualifier in Israel,Israel,France,1692,1965,1,1,9,-9,1701,1956,38,7,1,0,39,7,40,100,-173
12105,Mar 30 2005,Friendly in Italy,Italy,Iceland,1918,1520,0,0,-9,9,1909,1529,8,67,0,5,8,72,20,100,498
12106,Mar 30 2005,World Cup qualifier in Japan,Japan,Bahrain,1833,1611,1,0,5,-5,1838,1606,16,62,1,-3,17,59,40,100,322
12107,Mar 30 2005,World Cup qualifier in Kuwait,Kuwait,Saudi Arabia,1528,1594,0,0,-2,2,1526,1596,74,60,-1,3,73,63,40,100,34
12108,Mar 30 2005,World Cup qualifier in Latvia,Latvia,Luxembourg,1491,1012,4,0,3,-3,1494,1009,83,189,1,-1,84,188,30,0,479
12109,Mar 30 2005,World Cup qualifier in Macedonia,Macedonia,Romania,1483,1802,1,2,-9,9,1474,1811,91,22,-2,0,89,22,40,100,-219
12110,Mar 30 2005,World Cup qualifier in Moldova,Moldova,Norway,1403,1797,0,0,14,-14,1417,1783,97,28,2,-2,99,26,40,100,-294
12111,Mar 30 2005,World Cup qualifier in the Netherlands,Netherlands,Armenia,1974,1416,2,0,1,-1,1975,1415,3,101,1,-1,4,100,20,0,558
12112,Mar 30 2005,World Cup qualifier in North Korea,North Korea,Iran,1464,1812,0,2,-12,12,1452,1824,94,18,-2,1,92,19,40,100,-248
12113,Mar 30 2005,World Cup qualifier in Panama,Panama,Mexico,1473,1911,1,1,15,-15,1488,1896,85,13,2,-2,87,11,40,100,-338
12114,Mar 30 2005,World Cup qualifier in Paraguay,Paraguay,Chile,1742,1671,2,1,11,-11,1753,1660,29,49,1,-1,30,48,40,100,171
12115,Mar 30 2005,World Cup qualifier in Peru,Peru,Ecuador,1678,1711,2,2,-4,4,1674,1715,48,35,-2,1,46,36,40,100,67
12116,Mar 30 2005,World Cup qualifier in Poland,Poland,Northern Ireland,1781,1493,1,0,4,-4,1785,1489,24,86,1,-1,25,85,40,100,388
12117,Mar 30 2005,World Cup qualifier in San Marino,San Marino,Belgium,946,1727,1,2,-1,1,945,1728,193,32,0,0,193,32,30,100,-681
12118,Mar 30 2005,World Cup qualifier in Serbia and Montenegro,Serbia and Montenegro,Spain,1774,1968,0,0,5,-5,1779,1963,29,6,-1,0,28,6,20,0,-194
12119,Mar 30 2005,World Cup qualifier in Slovakia,Slovakia,Portugal,1681,1897,1,1,6,-6,1687,1891,43,12,0,0,43,12,20,0,-216
12120,Mar 30 2005,World Cup qualifier in Slovenia,Slovenia,Belarus,1650,1639,1,1,-6,6,1644,1645,53,50,-1,1,52,51,40,100,111
12121,Mar 30 2005,World Cup qualifier in South Korea,South Korea,Uzbekistan,1675,1581,2,1,10,-10,1685,1571,45,69,0,-1,45,68,40,100,194
12122,Mar 30 2005,World Cup qualifier in Switzerland,Switzerland,Cyprus,1712,1446,1,0,4,-4,1716,1442,32,97,2,-1,34,96,20,0,266
12123,Mar 30 2005,World Cup qualifier in Trinidad and Tobago,Trinidad and Tobago,Costa Rica,1460,1719,0,0,9,-9,1469,1710,89,40,1,-3,90,37,30,0,-259
12124,Mar 30 2005,World Cup qualifier in Ukraine,Ukraine,Denmark,1761,1853,1,0,20,-20,1781,1833,26,21,1,-3,27,18,40,100,8
12125,Mar 30 2005,World Cup qualifier in Uruguay,Uruguay,Brazil,1817,1978,1,1,3,-3,1820,1975,21,5,-1,-1,20,4,30,100,-61
12126,Mar 30 2005,World Cup qualifier in the United States,United States,Guatemala,1840,1612,2,0,8,-8,1848,1604,13,67,2,-6,15,61,40,100,328
12127,Apr 9 2005,Islamic Games in Saudi Arabia,Algeria,Palestine,1447,1264,3,0,18,-18,1465,1246,88,144,3,-2,91,142,40,0,183
12128,Apr 9 2005,Islamic Games in Saudi Arabia,Mali,Syria,1498,1442,0,0,-3,3,1495,1445,83,96,0,0,83,96,40,0,56
12129,Apr 9 2005,Islamic Games in Saudi Arabia,Morocco,Pakistan,1690,851,2,0,0,0,1690,851,41,202,0,0,41,202,20,0,839
12130,Apr 9 2005,Islamic Games in Saudi Arabia,Saudi Arabia,Yemen,1596,1198,4,0,4,-4,1600,1194,61,157,1,-1,62,156,40,100,498
12131,Apr 10 2005,Islamic Games in Saudi Arabia,Iran,Tajikistan,1824,1360,9,0,6,-6,1830,1354,19,116,0,-2,19,114,40,0,464
12132,Apr 10 2005,Islamic Games in Saudi Arabia,Oman,Sudan,1619,1377,4,1,14,-14,1633,1363,52,113,1,-3,53,110,40,0,242
12133,Apr 11 2005,Islamic Games in Saudi Arabia,Algeria,Yemen,1465,1194,1,0,7,-7,1472,1187,89,162,1,-3,90,159,40,0,271
12134,Apr 11 2005,Islamic Games in Saudi Arabia,Malaysia,Morocco,1208,1690,0,0,18,-18,1226,1672,144,51,5,-5,149,46,40,0,-482
12135,Apr 11 2005,Islamic Games in Saudi Arabia,Mali,Chad,1495,1320,4,1,19,-19,1514,1301,73,137,5,-6,78,131,40,0,175
12136,Apr 11 2005,Islamic Games in Saudi Arabia,Saudi Arabia,Palestine,1600,1246,3,0,5,-5,1605,1241,58,148,2,-3,60,145,40,100,454
12137,Apr 12 2005,Islamic Games in Saudi Arabia,Iran,Sudan,1830,1363,4,0,5,-5,1835,1358,17,114,1,-2,18,112,40,0,467
12138,Apr 12 2005,Islamic Games in Saudi Arabia,Oman,Tajikistan,1633,1354,3,0,12,-12,1645,1342,49,126,2,-6,51,120,40,0,279
12139,Apr 13 2005,Islamic Games in Saudi Arabia,Malaysia,Pakistan,1226,851,2,0,6,-6,1232,845,143,202,3,0,146,202,40,0,375
12140,Apr 13 2005,Islamic Games in Saudi Arabia,Saudi Arabia,Algeria,1605,1472,5,0,17,-17,1622,1455,50,96,5,-3,55,93,40,100,233
12141,Apr 13 2005,Islamic Games in Saudi Arabia,Syria,Chad,1445,1301,2,0,18,-18,1463,1283,88,139,4,-4,92,135,40,0,144
12142,Apr 13 2005,Islamic Games in Saudi Arabia,Yemen,Palestine,1187,1241,3,1,35,-35,1222,1206,143,165,8,-10,151,155,40,0,-54
12143,Apr 14 2005,Islamic Games in Saudi Arabia,Iran,Oman,1835,1645,0,0,-10,10,1825,1655,20,51,-1,0,19,51,30,100,290
12144,Apr 14 2005,Islamic Games in Saudi Arabia,Sudan,Tajikistan,1358,1342,4,0,36,-36,1394,1306,92,138,10,-9,102,129,40,0,16
12145,Apr 15 2005,Islamic Games in Saudi Arabia,Morocco,Mali,1672,1514,1,0,11,-11,1683,1503,44,84,1,-3,45,81,40,0,158
12146,Apr 15 2005,Islamic Games in Saudi Arabia,Syria,Malaysia,1463,1232,3,1,13,-13,1476,1219,86,156,3,-5,89,151,40,0,231
12147,Apr 16 2005,Islamic Games in Saudi Arabia,Iran,Algeria,1825,1455,2,0,6,-6,1831,1449,19,97,0,-2,19,95,40,0,370
12148,Apr 16 2005,COSAFA Cup in Namibia,Namibia,Botswana,1169,1302,1,1,2,-2,1171,1300,163,132,0,-1,163,131,40,100,-33
12149,Apr 16 2005,Islamic Games in Saudi Arabia,Saudi Arabia,Oman,1622,1655,2,1,16,-16,1638,1639,53,55,1,-2,54,53,30,0,-33
12150,Apr 16 2005,COSAFA Cup in Namibia,Zimbabwe,Mozambique,1505,1279,3,0,15,-15,1520,1264,75,142,2,-3,77,139,40,0,226
12151,Apr 17 2005,COSAFA Cup in Namibia,Zimbabwe,Botswana,1520,1300,2,0,13,-13,1533,1287,65,137,6,-3,71,134,40,0,220
12152,Apr 18 2005,Islamic Games in Saudi Arabia,Iran,Morocco,1831,1683,1,1,-8,8,1823,1691,19,37,0,4,19,41,40,0,148
12153,Apr 18 2005,Islamic Games in Saudi Arabia,Saudi Arabia,Syria,1638,1476,4,0,14,-14,1652,1462,48,95,3,-3,51,92,40,100,262
12154,Apr 19 2005,Islamic Games in Saudi Arabia,Iran,Syria,1823,1462,0,0,-16,16,1807,1478,27,86,-4,3,23,89,40,0,361
12155,Apr 20 2005,Friendly in Estonia,Estonia,Norway,1382,1783,1,2,-3,3,1379,1786,106,24,0,1,106,25,20,100,-301
12156,Apr 20 2005,Friendly in the United States,Jamaica,Guatemala,1657,1604,1,0,8,-8,1665,1596,48,64,1,-1,49,63,20,0,53
12157,Apr 20 2005,Islamic Games in Saudi Arabia,Saudi Arabia,Morocco,1652,1691,1,0,17,-17,1669,1674,43,49,4,-4,47,45,30,0,-39
12158,Apr 27 2005,Friendly in Brazil,Brazil,Guatemala,1975,1596,3,0,2,-2,1977,1594,2,65,1,-1,3,64,20,100,479
12159,Apr 27 2005,Friendly in the United States,Mexico,Poland,1896,1785,1,1,-3,3,1893,1788,11,22,0,2,11,24,20,0,111
12160,May 4 2005,Friendly in the United States,Ecuador,Paraguay,1715,1753,1,0,11,-11,1726,1742,30,30,3,0,33,30,20,0,-38
12161,May 21 2005,Baltic Cup in Lithuania,Lithuania,Latvia,1465,1494,2,0,18,-18,1483,1476,82,96,5,-6,87,90,30,100,71
12162,May 22 2005,Friendly tournament in Japan,Japan,Peru,1838,1674,0,1,-25,25,1813,1699,23,35,-3,5,20,40,30,100,264
12163,May 23 2005,Friendly in Sudan,Sudan,Chad,1394,1283,4,1,8,-8,1402,1275,102,139,0,-2,102,137,20,100,211
12164,May 24 2005,Friendly in Norway,Norway,Costa Rica,1786,1710,1,0,5,-5,1791,1705,22,37,2,0,24,37,20,100,176
12165,May 24 2005,Friendly tournament in Japan,Peru,United Arab Emirates,1699,1393,0,0,-11,11,1688,1404,44,101,-2,1,42,102,30,0,306
12166,May 25 2005,Friendly in Trinidad and Tobago,Trinidad and Tobago,Bermuda,1469,1178,4,0,4,-4,1473,1174,92,162,0,0,92,162,20,100,391
12167,May 25 2005,Friendly in Venezuela,Venezuela,Panama,1605,1488,1,1,-6,6,1599,1494,63,82,-1,2,62,84,20,100,217
12168,May 26 2005,Friendly in Sudan,Sudan,Chad,1402,1275,1,1,-6,6,1396,1281,103,133,0,2,103,135,20,100,227
12169,May 27 2005,Friendly tournament in Gibraltar,Gibraltar,Monaco,1078,903,4,0,10,-10,1088,893,176,198,1,-1,177,197,20,0,175
12170,May 27 2005,Friendly tournament in Japan,Japan,United Arab Emirates,1813,1404,0,1,-28,28,1785,1432,32,94,-6,4,26,98,30,100,509
12171,May 27 2005,Friendly in Kuwait,Kuwait,Egypt,1526,1705,0,1,-8,8,1518,1713,80,37,-3,0,77,37,20,100,-79
12172,May 27 2005,Friendly in Libya,Libya,Malawi,1530,1298,1,1,-7,7,1523,1305,78,129,-3,1,75,130,20,100,332
12173,May 27 2005,Friendly in Saudi Arabia,Saudi Arabia,Bahrain,1669,1606,1,1,-4,4,1665,1610,49,52,-1,4,48,56,20,100,163
12174,May 27 2005,Friendly in Trinidad and Tobago,Trinidad and Tobago,Bermuda,1473,1174,1,0,2,-2,1475,1172,90,162,1,0,91,162,20,100,399
12175,May 27 2005,Friendly in Tunisia,Tunisia,Angola,1630,1526,4,1,8,-8,1638,1518,55,80,0,-3,55,77,20,100,204
12176,May 28 2005,Friendly in the United States,United States,England,1848,1977,1,2,-9,9,1839,1986,17,3,-1,0,16,3,20,100,-29
12177,May 29 2005,Friendly in Hong Kong,Hong Kong,Macao,1231,831,8,1,2,-2,1233,829,146,204,0,0,146,204,20,100,500
12178,May 29 2005,Friendly in Iran,Iran,Azerbaijan,1807,1371,2,1,1,-1,1808,1370,22,109,0,0,22,109,20,100,536
12179,May 29 2005,Friendly in Poland,Poland,Albania,1788,1509,1,0,2,-2,1790,1507,24,79,0,0,24,79,20,100,379
12180,May 29 2005,Friendly in Togo,Togo,Burkina Faso,1534,1352,1,0,3,-3,1537,1349,70,115,0,0,70,115,20,100,282
12181,May 31 2005,Friendly in the United States,England,Colombia,1986,1788,3,2,5,-5,1991,1783,3,27,0,-1,3,26,20,0,198
12182,May 31 2005,Friendly in France,France,Hungary,1956,1596,2,1,1,-1,1957,1595,7,63,0,0,7,63,20,100,460
12183,Jun 1 2005,Friendly in Lesotho,Lesotho,Swaziland,1157,1190,3,4,-12,12,1145,1202,168,154,-2,2,166,156,20,100,67
12184,Jun 1 2005,Friendly in South Africa,Zambia,Gabon,1504,1415,1,0,7,-7,1511,1408,78,103,1,-1,79,102,20,0,89
12185,Jun 2 2005,Friendly in Finland,Finland,Denmark,1720,1833,0,1,-10,10,1710,1843,40,15,-3,1,37,16,20,100,-13
12186,Jun 3 2005,World Cup qualifier in Bahrain,Bahrain,Japan,1610,1785,0,1,-16,16,1594,1801,70,21,-7,2,63,23,40,100,-75
12187,Jun 3 2005,World Cup qualifier in Iran,Iran,North Korea,1808,1452,1,0,3,-3,1811,1449,18,95,2,-1,20,94,30,0,356
12188,Jun 3 2005,World Cup & African Cup qual in Libya,Libya,Ivory Coast,1523,1660,0,0,2,-2,1525,1658,73,52,1,-1,74,51,30,100,-37
12189,Jun 3 2005,World Cup qualifier in Saudi Arabia,Saudi Arabia,Kuwait,1665,1518,3,0,14,-14,1679,1504,44,83,2,-3,46,80,40,100,247
12190,Jun 3 2005,World Cup qualifier in Uzbekistan,Uzbekistan,South Korea,1571,1685,1,1,1,-1,1572,1684,66,45,1,0,67,45,30,100,-14
12191,Jun 4 2005,World Cup qualifier in Albania,Albania,Georgia,1507,1503,3,2,14,-14,1521,1489,71,89,4,-4,75,85,40,100,104
12192,Jun 4 2005,World Cup qualifier in Armenia,Armenia,Macedonia,1415,1474,1,2,-22,22,1393,1496,105,76,-2,8,103,84,40,100,41
12193,Jun 4 2005,World Cup qualifier in Azerbaijan,Azerbaijan,Poland,1370,1790,0,3,-10,10,1360,1800,113,23,-2,1,111,24,40,100,-320
12194,Jun 4 2005,World Cup qualifier in Belarus,Belarus,Slovenia,1645,1644,1,1,-6,6,1639,1650,56,51,-2,1,54,52,40,100,101
12195,Jun 4 2005,World Cup & African Cup qual in Benin,Benin,Cameroon,1278,1716,1,4,-9,9,1269,1725,138,34,-1,0,137,34,40,100,-338
12196,Jun 4 2005,World Cup & African Cup qual in Botswana,Botswana,Tunisia,1287,1638,1,3,-11,11,1276,1649,136,51,-1,2,135,53,40,100,-251
12197,Jun 4 2005,World Cup qualifier in Bulgaria,Bulgaria,Croatia,1699,1844,1,3,-26,26,1673,1870,54,13,-7,1,47,14,40,100,-45
12198,Jun 4 2005,World Cup & African Cup qual in Cape Verde,Cape Verde,South Africa,1387,1607,1,2,-13,13,1374,1620,112,54,-4,2,108,56,40,100,-120
12199,Jun 4 2005,World Cup qualifier in Chile,Chile,Bolivia,1660,1608,3,1,18,-18,1678,1590,38,71,6,-7,44,64,40,100,152
12200,Jun 4 2005,World Cup qualifier in Colombia,Colombia,Peru,1783,1688,5,0,20,-20,1803,1668,18,54,4,-6,22,48,40,100,195
12201,Jun 4 2005,World Cup qualifier in Czechia,Czechia,Andorra,2001,1106,8,1,0,0,2001,1106,0,171,1,0,1,171,20,0,895
12202,Jun 4 2005,World Cup qualifier in Ecuador,Ecuador,Argentina,1726,2033,2,0,46,-46,1772,1987,23,5,5,-2,28,3,40,100,-207
12203,Jun 4 2005,World Cup qualifier in Estonia,Estonia,Liechtenstein,1379,1104,2,0,6,-6,1385,1098,104,174,1,-1,105,173,40,100,375
12204,Jun 4 2005,World Cup qualifier in the Faroe Islands,Faroe Islands,Switzerland,1255,1716,1,3,-7,7,1248,1723,140,36,0,-1,140,35,40,100,-361
12205,Jun 4 2005,World Cup qualifier in Guatemala,Guatemala,Mexico,1594,1893,0,2,-14,14,1580,1907,69,9,-3,1,66,10,40,100,-199
12206,Jun 4 2005,Friendly in the United States,Honduras,Jamaica,1667,1665,0,0,0,0,1667,1665,50,51,-1,-1,49,50,20,0,2
12207,Jun 4 2005,World Cup qualifier in Iceland,Iceland,Hungary,1529,1595,2,3,-22,22,1507,1617,86,52,-7,5,79,57,40,100,34
12208,Jun 4 2005,World Cup qualifier in Ireland,Ireland,Israel,1867,1701,2,2,-13,13,1854,1714,16,33,-1,3,15,36,40,100,266
12209,Jun 4 2005,World Cup & African Cup qual in Morocco,Morocco,Malawi,1674,1305,4,1,4,-4,1678,1301,41,132,3,-1,44,131,20,0,369
12210,Jun 4 2005,World Cup qualifier in the Netherlands,Netherlands,Romania,1975,1811,2,0,11,-11,1986,1800,3,28,1,-4,4,24,40,100,264
12211,Jun 4 2005,World Cup qualifier in Norway,Norway,Italy,1791,1909,0,0,1,-1,1792,1908,28,10,-2,-1,26,9,20,100,-18
12212,Jun 4 2005,Friendly in Northern Ireland,Northern Ireland,Germany,1489,1890,1,4,-5,5,1484,1895,89,13,-2,0,87,13,20,100,-301
12213,Jun 4 2005,World Cup qualifier in Portugal,Portugal,Slovakia,1891,1687,2,0,9,-9,1900,1678,12,45,0,-1,12,44,40,100,304
12214,Jun 4 2005,World Cup qualifier in Russia,Russia,Latvia,1739,1476,2,0,7,-7,1746,1469,31,94,0,-2,31,92,40,100,363
12215,Jun 4 2005,World Cup qualifier in San Marino,San Marino,Bosnia and Herzegovina,945,1589,1,3,-3,3,942,1592,193,61,0,2,193,63,40,100,-544
12216,Jun 4 2005,World Cup qualifier in Scotland,Scotland,Moldova,1600,1417,2,0,10,-10,1610,1407,56,102,2,-1,58,101,40,100,283
12217,Jun 4 2005,World Cup qualifier in Serbia and Montenegro,Serbia and Montenegro,Belgium,1779,1728,0,0,-8,8,1771,1736,30,34,-1,-1,29,33,40,100,151
12218,Jun 4 2005,Friendly in Singapore,Singapore,Malaysia,1301,1219,2,0,8,-8,1309,1211,125,157,3,-3,128,154,20,100,182
12219,Jun 4 2005,World Cup qualifier in Spain,Spain,Lithuania,1963,1483,1,0,1,-1,1964,1482,6,89,0,-1,6,88,20,0,480
12220,Jun 4 2005,World Cup qualifier in Sweden,Sweden,Malta,1905,1243,6,0,1,-1,1906,1242,12,145,-1,-1,11,144,20,0,662
12221,Jun 4 2005,World Cup qualifier in Trinidad and Tobago,Trinidad and Tobago,Panama,1475,1494,2,0,23,-23,1498,1471,75,98,8,-7,83,91,40,100,81
12222,Jun 4 2005,World Cup qualifier in Turkey,Turkey,Greece,1820,1909,0,0,-1,1,1819,1910,18,8,0,0,18,8,40,100,11
12223,Jun 4 2005,World Cup qualifier in Ukraine,Ukraine,Kazakhstan,1781,1347,2,0,3,-3,1784,1344,27,117,0,0,27,117,30,0,434
12224,Jun 4 2005,World Cup qualifier in the United States,United States,Costa Rica,1839,1705,3,0,14,-14,1853,1691,15,40,1,-1,16,39,40,100,234
12225,Jun 4 2005,World Cup qualifier in Venezuela,Venezuela,Uruguay,1599,1820,1,1,7,-7,1606,1813,61,20,0,-1,61,19,40,100,-121
12226,Jun 5 2005,World Cup & African Cup qual in Angola,Angola,Algeria,1518,1449,2,1,11,-11,1529,1438,69,100,4,-3,73,97,40,100,169
12227,Jun 5 2005,World Cup qualifier in Brazil,Brazil,Paraguay,1977,1742,4,1,9,-9,1986,1733,3,34,1,-1,4,33,40,100,335
12228,Jun 5 2005,World Cup & African Cup qual in Congo,Congo,Senegal,1362,1689,0,0,11,-11,1373,1678,106,46,2,-3,108,43,30,0,-327
12229,Jun 5 2005,World Cup & African Cup qual in the Dem Rep of the Congo,DR Congo,Uganda,1446,1330,4,0,17,-17,1463,1313,90,127,3,-2,93,125,40,100,216
12230,Jun 5 2005,World Cup & African Cup qual in Egypt,Egypt,Sudan,1713,1396,6,1,7,-7,1720,1389,35,104,1,-1,36,103,40,100,417
12231,Jun 5 2005,World Cup & African Cup qual in Ghana,Ghana,Burkina Faso,1489,1349,2,1,8,-8,1497,1341,81,123,2,-4,83,119,40,100,240
12232,Jun 5 2005,World Cup & African Cup qual in Guinea,Guinea,Kenya,1520,1425,1,0,10,-10,1530,1415,68,99,4,0,72,99,40,100,195
12233,Jun 5 2005,World Cup & African Cup qual in Mali,Mali,Liberia,1503,1375,4,1,15,-15,1518,1360,75,113,3,-3,78,110,40,100,228
12234,Jun 5 2005,World Cup & African Cup qual in Rwanda,Rwanda,Nigeria,1343,1760,1,1,14,-14,1357,1746,110,30,4,0,114,30,40,100,-317
12235,Jun 5 2005,World Cup & African Cup qual in Togo,Togo,Zambia,1537,1511,4,1,23,-23,1560,1488,70,94,0,-8,70,86,40,100,126
12236,Jun 5 2005,World Cup & African Cup qual in Zimbabwe,Zimbabwe,Gabon,1533,1408,1,0,9,-9,1542,1399,71,102,0,-1,71,101,40,100,225
12237,Jun 7 2005,World Cup qualifier in Peru,Peru,Uruguay,1668,1813,0,0,3,-3,1671,1810,48,21,0,-1,48,20,40,100,-45
12238,Jun 8 2005,World Cup qualifier in Argentina,Argentina,Brazil,1987,1986,3,1,22,-22,2009,1964,-1,6,2,-1,1,5,30,0,1
12239,Jun 8 2005,World Cup qualifier in Belarus,Belarus,Scotland,1639,1610,0,0,-7,7,1632,1617,56,56,-1,1,55,57,40,100,129
12240,Jun 8 2005,World Cup qualifier in Chile,Chile,Venezuela,1678,1606,2,1,11,-11,1689,1595,41,63,1,-1,42,62,40,100,172
12241,Jun 8 2005,World Cup qualifier in Colombia,Colombia,Ecuador,1803,1772,3,0,22,-22,1825,1750,16,32,3,-2,19,30,40,100,131
12242,Jun 8 2005,World Cup qualifier in Costa Rica,Costa Rica,Guatemala,1691,1580,3,2,9,-9,1700,1571,39,68,0,-1,39,67,40,100,211
12243,Jun 8 2005,World Cup qualifier in Czechia,Czechia,Macedonia,2001,1496,6,1,2,-2,2003,1494,5,82,-2,1,3,83,20,0,505
12244,Jun 8 2005,World Cup qualifier in Denmark,Denmark,Albania,1843,1521,3,1,5,-5,1848,1516,17,79,0,-1,17,78,40,100,422
12245,Jun 8 2005,World Cup qualifier in Estonia,Estonia,Portugal,1385,1900,0,1,-3,3,1382,1903,105,8,0,2,105,10,30,100,-415
12246,Jun 8 2005,World Cup qualifier in the Faroe Islands,Faroe Islands,Ireland,1248,1854,0,2,-3,3,1245,1857,144,17,-2,-1,142,16,40,100,-506
12247,Jun 8 2005,World Cup qualifier in Finland,Finland,Netherlands,1710,1986,0,4,-20,20,1690,2006,44,0,-3,2,41,2,40,100,-176
12248,Jun 8 2005,Friendly in Germany,Germany,Russia,1895,1746,2,2,-6,6,1889,1752,11,28,1,1,12,29,20,100,249
12249,Jun 8 2005,World Cup qualifier in Greece,Greece,Ukraine,1910,1784,0,1,-31,31,1879,1815,18,15,-5,6,13,21,40,100,226
12250,Jun 8 2005,World Cup qualifier in Iceland,Iceland,Malta,1507,1242,4,1,8,-8,1515,1234,81,146,-1,-1,80,145,40,100,365
12251,Jun 8 2005,World Cup qualifier in Iran,Iran,Bahrain,1811,1594,1,0,6,-6,1817,1588,21,64,-1,-1,20,63,40,100,317
12252,Jun 8 2005,Friendly in Canada,Italy,Serbia and Montenegro,1908,1771,1,1,-4,4,1904,1775,9,27,0,1,9,28,20,0,137
12253,Jun 8 2005,World Cup qualifier in Thailand,Japan,North Korea,1801,1449,2,0,7,-7,1808,1442,25,95,-1,0,24,95,40,0,352
12254,Jun 8 2005,Friendly in Jordan,Jordan,Iraq,1570,1502,0,1,-14,14,1556,1516,69,75,0,3,69,78,20,100,168
12255,Jun 8 2005,World Cup qualifier in Kazakhstan,Kazakhstan,Turkey,1344,1819,0,6,-9,9,1335,1828,127,18,-5,0,122,18,40,100,-375
12256,Jun 8 2005,World Cup qualifier in Kuwait,Kuwait,South Korea,1504,1684,0,4,-29,29,1475,1713,100,35,-10,3,90,38,40,100,-80
12257,Jun 8 2005,World Cup qualifier in Latvia,Latvia,Liechtenstein,1469,1098,1,0,2,-2,1471,1096,90,173,1,0,91,173,20,0,371
12258,Jun 8 2005,World Cup qualifier in Luxembourg,Luxembourg,Slovakia,1009,1678,0,4,-3,3,1006,1681,188,45,0,-1,188,44,40,100,-569
12259,Jun 8 2005,Friendly in Malaysia,Malaysia,Singapore,1211,1309,1,2,-10,10,1201,1319,158,120,-2,4,156,124,20,100,2
12260,Jun 8 2005,World Cup qualifier in Mexico,Mexico,Trinidad and Tobago,1907,1498,2,0,3,-3,1910,1495,6,82,2,0,8,82,20,0,409
12261,Jun 8 2005,World Cup qualifier in Panama,Panama,United States,1471,1853,0,3,-12,12,1459,1865,95,14,-2,1,93,15,40,100,-282
12262,Jun 8 2005,World Cup qualifier in Paraguay,Paraguay,Bolivia,1733,1590,4,1,14,-14,1747,1576,29,66,2,-1,31,65,40,100,243
12263,Jun 8 2005,World Cup qualifier in Romania,Romania,Armenia,1800,1393,3,0,4,-4,1804,1389,28,102,-2,0,26,102,40,100,507
12264,Jun 8 2005,World Cup qualifier in Saudi Arabia,Saudi Arabia,Uzbekistan,1679,1572,3,0,16,-16,1695,1556,38,71,2,-2,40,69,40,100,207
12265,Jun 8 2005,World Cup qualifier in Spain,Spain,Bosnia and Herzegovina,1964,1592,1,1,-18,18,1946,1610,8,55,-1,4,7,59,40,100,472
12266,Jun 8 2005,Friendly in Sweden,Sweden,Norway,1906,1792,2,3,-15,15,1891,1807,11,24,0,1,11,25,20,100,214
12267,Jun 9 2005,Friendly in England,Australia,New Zealand,1810,1525,1,0,3,-3,1813,1522,22,77,0,-1,22,76,20,0,285
12268,Jun 11 2005,Friendly in the United States,Ecuador,Italy,1750,1904,1,1,4,-4,1754,1900,28,11,1,-1,29,10,20,0,-154
12269,Jun 11 2005,COSAFA Cup in Zambia,Malawi,Lesotho,1301,1145,2,1,12,-12,1313,1133,121,168,5,-1,126,167,40,0,156
12270,Jun 11 2005,World Cup & African Cup qual in Tunisia,Tunisia,Guinea,1649,1530,2,0,13,-13,1662,1517,49,82,2,-5,51,77,40,100,219
12271,Jun 11 2005,COSAFA Cup in Zambia,Zambia,Swaziland,1488,1202,3,0,7,-7,1495,1195,79,159,3,-2,82,157,40,100,386
12272,Jun 12 2005,Friendly in France,Mali,Algeria,1518,1438,3,0,14,-14,1532,1424,68,99,4,-1,72,98,20,0,80
12273,Jun 12 2005,Friendly in Pakistan,Pakistan,India,845,1181,1,1,6,-6,851,1175,202,161,0,0,202,161,20,100,-236
12274,Jun 12 2005,Friendly tournament in Sierra Leone,Sierra Leone,Gambia,1320,1349,1,0,12,-12,1332,1337,123,124,0,-4,123,120,30,100,71
12275,Jun 12 2005,COSAFA Cup in Zambia,Zambia,Malawi,1495,1313,2,1,7,-7,1502,1306,80,134,1,-4,81,130,40,100,282
12276,Jun 15 2005,Confederations Cup in Germany,Argentina,Tunisia,2009,1662,2,1,6,-6,2015,1656,1,53,0,-1,1,52,50,0,347
12277,Jun 15 2005,Confederations Cup in Germany,Germany,Australia,1889,1813,4,3,13,-13,1902,1800,8,30,2,-4,10,26,50,100,176
12278,Jun 16 2005,Confederations Cup in Germany,Brazil,Greece,1964,1879,3,0,33,-33,1997,1846,3,21,1,-4,4,17,50,0,85
12279,Jun 16 2005,Confederations Cup in Germany,Mexico,Japan,1910,1808,2,1,18,-18,1928,1790,8,31,0,-4,8,27,50,0,102
12280,Jun 16 2005,Friendly in Pakistan,Pakistan,India,851,1175,0,1,-4,4,847,1179,202,161,0,0,202,161,20,100,-224
12281,Jun 18 2005,Confederations Cup in Germany,Argentina,Australia,2015,1800,4,2,17,-17,2032,1783,1,29,0,-2,1,27,50,0,215
12282,Jun 18 2005,World Cup & African Cup qual in Burkina Faso,Burkina Faso,DR Congo,1341,1463,2,0,32,-32,1373,1431,97,102,10,-5,107,97,40,100,-22
12283,Jun 18 2005,World Cup & African Cup qual in Gabon,Gabon,Rwanda,1399,1357,3,0,21,-21,1420,1336,99,126,1,-6,100,120,40,100,142
12284,Jun 18 2005,Confederations Cup in Germany,Germany,Tunisia,1902,1656,3,0,11,-11,1913,1645,8,54,1,-1,9,53,50,100,346
12285,Jun 18 2005,World Cup & African Cup qual in Kenya,Kenya,Morocco,1415,1678,0,0,9,-9,1424,1669,97,49,1,-2,98,47,40,100,-163
12286,Jun 18 2005,World Cup & African Cup qual in Malawi,Malawi,Botswana,1306,1276,1,3,-41,41,1265,1317,146,117,-8,9,138,126,40,100,130
12287,Jun 18 2005,World Cup & African Cup qual in Nigeria,Nigeria,Angola,1746,1529,1,1,-14,14,1732,1543,34,71,-1,1,33,72,40,100,317
12288,Jun 18 2005,Friendly in Pakistan,Pakistan,India,847,1179,3,0,28,-28,875,1151,198,167,2,-3,200,164,20,100,-232
12289,Jun 18 2005,World Cup & African Cup qual in Senegal,Senegal,Togo,1678,1560,2,2,-11,11,1667,1571,51,66,-3,1,48,67,40,100,218
12290,Jun 18 2005,World Cup & African Cup qual in South Africa,South Africa,Ghana,1620,1497,0,2,-47,47,1573,1544,74,60,-9,11,65,71,40,100,223
12291,Jun 18 2005,World Cup & African Cup qual in Uganda,Uganda,Cape Verde,1313,1374,1,0,18,-18,1331,1356,122,121,2,-7,124,114,30,0,-61
12292,Jun 18 2005,World Cup & African Cup qual in Zambia,Zambia,Mali,1502,1532,2,1,16,-16,1518,1516,73,86,4,-7,77,79,30,0,-30
12293,Jun 19 2005,World Cup & African Cup qual in Algeria,Algeria,Zimbabwe,1424,1542,2,2,1,-1,1425,1541,98,73,0,0,98,73,20,100,-18
12294,Jun 19 2005,World Cup & African Cup qual in Cameroon,Cameroon,Libya,1725,1525,1,0,6,-6,1731,1519,34,77,0,-1,34,76,40,100,300
12295,Jun 19 2005,Friendly in China,China,Costa Rica,1607,1700,2,2,0,0,1607,1700,60,37,0,1,60,38,20,100,7
12296,Jun 19 2005,World Cup & African Cup qual in Ivory Coast,Ivory Coast,Egypt,1658,1720,2,0,27,-27,1685,1693,37,44,7,-4,44,40,40,100,38
12297,Jun 19 2005,Confederations Cup in Germany,Japan,Greece,1790,1846,1,0,29,-29,1819,1817,12,23,7,-3,19,20,50,0,-56
12298,Jun 19 2005,World Cup & African Cup qual in Liberia,Liberia,Congo,1360,1373,0,2,-37,37,1323,1410,138,95,-14,6,124,101,40,100,87
12299,Jun 19 2005,Confederations Cup in Germany,Mexico,Brazil,1928,1997,1,0,30,-30,1958,1967,4,6,2,-1,6,5,50,0,-69
12300,Jun 21 2005,Confederations Cup in Germany,Germany,Argentina,1913,2032,2,2,1,-1,1914,2031,9,1,0,0,9,1,20,100,-19
12301,Jun 21 2005,Confederations Cup in Germany,Tunisia,Australia,1645,1783,2,0,52,-52,1697,1731,25,39,14,-6,39,33,50,0,-138
12302,Jun 22 2005,Confederations Cup in Germany,Brazil,Japan,1967,1819,2,2,-10,10,1957,1829,5,15,0,2,5,17,50,0,148
12303,Jun 22 2005,Friendly in China,China,Costa Rica,1607,1700,2,0,15,-15,1622,1685,52,50,4,-6,56,44,20,100,7
12304,Jun 22 2005,Confederations Cup in Germany,Greece,Mexico,1817,1958,0,0,10,-10,1827,1948,18,8,1,-1,19,7,50,0,-141
12305,Jun 25 2005,Confederations Cup in Germany,Germany,Brazil,1914,1957,2,3,-29,29,1885,1986,15,5,-3,0,12,5,50,100,57
12306,Jun 26 2005,Confederations Cup in Germany,Argentina,Mexico,2031,1948,1,1,-6,6,2025,1954,1,7,0,0,1,7,50,0,83
12307,Jun 26 2005,Friendly in Mozambique,Mozambique,Lesotho,1264,1133,1,0,4,-4,1268,1129,135,169,2,-1,137,168,20,100,231
12308,Jun 29 2005,Confederations Cup in Germany,Brazil,Argentina,1986,2025,4,1,49,-49,2035,1976,-3,9,4,-4,1,5,50,0,-39
12309,Jun 29 2005,Confederations Cup in Germany,Germany,Mexico,1885,1954,4,3,23,-23,1908,1931,6,9,3,-1,9,8,50,100,31
12310,Jul 1 2005,Friendly in Botswana,Botswana,DR Congo,1317,1431,0,0,0,0,1317,1431,126,97,0,0,126,97,20,100,-14
12311,Jul 2 2005,Friendly in Canada,Canada,Honduras,1572,1667,1,2,-10,10,1562,1677,70,44,-2,3,68,47,20,100,5
12312,Jul 6 2005,CONCACAF Championship in the United States,Honduras,Trinidad and Tobago,1677,1495,1,1,-12,12,1665,1507,55,83,-4,0,51,83,50,0,182
12313,Jul 6 2005,CONCACAF Championship in the United States,Panama,Colombia,1459,1825,1,0,45,-45,1504,1780,76,32,8,-6,84,26,50,0,-366
12314,Jul 7 2005,CONCACAF Championship in the United States,Costa Rica,Canada,1685,1562,1,0,17,-17,1702,1545,32,72,6,-2,38,70,50,0,123
12315,Jul 7 2005,CONCACAF Championship in the United States,United States,Cuba,1865,1609,4,1,10,-10,1875,1599,12,60,1,0,13,60,30,0,256
12316,Jul 8 2005,CONCACAF Championship in the United States,Jamaica,Guatemala,1665,1571,4,3,18,-18,1683,1553,41,72,5,-3,46,69,50,0,94
12317,Jul 8 2005,CONCACAF Championship in the United States,South Africa,Mexico,1573,1931,2,1,44,-44,1617,1887,49,16,8,-4,57,12,50,0,-358
12318,Jul 9 2005,CONCACAF Championship in the United States,Costa Rica,Cuba,1702,1599,3,1,27,-27,1729,1572,32,69,3,-4,35,65,50,0,103
12319,Jul 9 2005,CONCACAF Championship in the United States,United States,Canada,1875,1545,2,0,6,-6,1881,1539,13,76,0,-3,13,73,30,0,330
12320,Jul 10 2005,CONCACAF Championship in the United States,Honduras,Colombia,1665,1780,2,1,33,-33,1698,1747,26,32,13,-3,39,29,50,0,-115
12321,Jul 10 2005,CONCACAF Championship in the United States,Jamaica,South Africa,1683,1617,3,3,-5,5,1678,1622,50,55,-2,1,48,56,50,0,66
12322,Jul 10 2005,CONCACAF Championship in the United States,Mexico,Guatemala,1887,1553,4,0,12,-12,1899,1541,10,73,1,-2,11,71,50,0,334
12323,Jul 10 2005,CONCACAF Championship in the United States,Panama,Trinidad and Tobago,1504,1507,2,2,0,0,1504,1507,84,83,0,0,84,83,20,0,-3
12324,Jul 12 2005,CONCACAF Championship in the United States,Canada,Cuba,1539,1572,2,1,27,-27,1566,1545,59,73,7,-4,66,69,50,0,-33
12325,Jul 12 2005,CONCACAF Championship in the United States,Colombia,Trinidad and Tobago,1747,1507,2,0,15,-15,1762,1492,25,85,2,-1,27,84,50,0,240
12326,Jul 12 2005,CONCACAF Championship in the United States,Honduras,Panama,1698,1504,1,0,12,-12,1710,1492,39,84,0,0,39,84,50,0,194
12327,Jul 12 2005,CONCACAF Championship in the United States,United States,Costa Rica,1881,1729,0,0,-16,16,1865,1745,15,27,-1,4,14,31,50,100,252
12328,Jul 13 2005,CONCACAF Championship in the United States,Guatemala,South Africa,1541,1622,1,1,6,-6,1547,1616,66,62,3,-3,69,59,50,0,-81
12329,Jul 13 2005,CONCACAF Championship in the United States,Mexico,Jamaica,1899,1678,1,0,11,-11,1910,1667,5,54,3,-3,8,51,50,0,221
12330,Jul 16 2005,CONCACAF Championship in the United States,Honduras,Costa Rica,1710,1745,3,2,28,-28,1738,1717,23,43,8,-6,31,37,50,0,-35
12331,Jul 16 2005,CONCACAF Championship in the United States,United States,Jamaica,1865,1667,3,1,11,-11,1876,1656,12,53,1,-1,13,52,30,0,198
12332,Jul 17 2005,CONCACAF Championship in the United States,Colombia,Mexico,1762,1910,2,1,35,-35,1797,1875,25,18,1,-5,26,13,50,0,-148
12333,Jul 17 2005,CONCACAF Championship in the United States,Panama,South Africa,1492,1616,1,1,9,-9,1501,1607,82,61,1,-1,83,60,50,0,-124
12334,Jul 21 2005,CONCACAF Championship in the United States,Panama,Colombia,1501,1797,3,2,42,-42,1543,1755,61,28,11,-1,72,27,50,0,-296
12335,Jul 21 2005,CONCACAF Championship in the United States,United States,Honduras,1876,1738,2,1,10,-10,1886,1728,12,39,0,-4,12,35,50,100,238
12336,Jul 24 2005,CONCACAF Championship in the United States,United States,Panama,1886,1543,0,0,-21,21,1865,1564,16,62,-2,5,14,67,50,100,443
12337,Jul 29 2005,Friendly tournament in Switzerland,Egypt,Qatar,1693,1526,5,0,17,-17,1710,1509,38,91,2,-8,40,83,30,0,167
12338,Jul 29 2005,Friendly tournament in Switzerland,Kuwait,United Arab Emirates,1475,1432,1,1,-2,2,1473,1434,91,96,0,0,91,96,30,0,43
12339,Jul 31 2005,Friendly tournament in Switzerland,Egypt,United Arab Emirates,1710,1434,0,0,-10,10,1700,1444,40,94,0,1,40,95,30,0,276
12340,Jul 31 2005,East Asian Championship in South Korea,North Korea,Japan,1442,1829,1,0,36,-36,1478,1793,86,33,4,-8,90,25,40,0,-387
12341,Jul 31 2005,Friendly tournament in Switzerland,Qatar,Kuwait,1509,1473,1,0,13,-13,1522,1460,67,95,8,-2,75,93,30,0,36
12342,Jul 31 2005,East Asian Championship in South Korea,South Korea,China,1713,1622,1,1,-10,10,1703,1632,39,54,0,1,39,55,40,100,191
12343,Aug 3 2005,Friendly in Bahrain,Bahrain,Turkmenistan,1588,1354,5,0,5,-5,1593,1349,62,114,0,0,62,114,20,100,334
12344,Aug 3 2005,East Asian Championship in South Korea,China,Japan,1632,1793,2,2,9,-9,1641,1784,53,25,1,0,54,25,40,0,-161
12345,Aug 4 2005,East Asian Championship in South Korea,South Korea,North Korea,1703,1478,0,0,-15,15,1688,1493,49,80,-5,5,44,85,40,100,325
12346,Aug 7 2005,Friendly in Bahrain,Bahrain,Iraq,1593,1516,2,2,-5,5,1588,1521,62,74,0,3,62,77,20,100,177
12347,Aug 7 2005,East Asian Championship in South Korea,China,North Korea,1641,1493,2,0,18,-18,1659,1475,50,97,2,-6,52,91,40,0,148
12348,Aug 7 2005,East Asian Championship in South Korea,South Korea,Japan,1688,1784,0,1,-20,20,1668,1804,56,21,-6,2,50,23,40,100,4
12349,Aug 9 2005,Friendly in South Africa,Angola,Botswana,1543,1317,0,0,-6,6,1537,1323,75,122,-1,2,74,124,20,0,226
12350,Aug 10 2005,Friendly in South Africa,Angola,Botswana,1537,1323,0,0,-5,5,1532,1328,74,124,0,0,74,124,20,0,214
12351,Aug 12 2005,Friendly in Fiji,Fiji,India,1313,1151,1,0,4,-4,1317,1147,126,166,1,-1,127,165,20,100,262
12352,Aug 13 2005,Friendly in Cyprus,Cyprus,Iraq,1442,1521,2,1,9,-9,1451,1512,92,89,2,-6,94,83,20,100,21
12353,Aug 13 2005,COSAFA Cup in South Africa,South Africa,Zambia,1607,1518,2,2,-10,10,1597,1528,60,69,0,5,60,74,40,100,189
12354,Aug 13 2005,COSAFA Cup in South Africa,Zimbabwe,Angola,1541,1532,2,1,19,-19,1560,1513,63,90,5,-8,68,82,40,0,9
12355,Aug 14 2005,Friendly in Fiji,Fiji,India,1317,1147,2,1,3,-3,1320,1144,125,167,1,-1,126,166,20,100,270
12356,Aug 14 2005,Friendly in South Korea,South Korea,North Korea,1668,1475,3,0,5,-5,1673,1470,44,93,3,-1,47,92,20,100,293
12357,Aug 14 2005,COSAFA Cup in South Africa,Zimbabwe,Zambia,1560,1528,1,0,18,-18,1578,1510,60,92,4,-9,64,83,40,0,32
12358,Aug 15 2005,Friendly tournament in Ukraine,Poland,Serbia and Montenegro,1800,1775,3,2,14,-14,1814,1761,15,26,5,0,20,26,30,0,25
12359,Aug 15 2005,Friendly tournament in Ukraine,Ukraine,Israel,1815,1714,0,0,-8,8,1807,1722,24,36,-2,1,22,37,30,100,201
12360,Aug 16 2005,Friendly in France,DR Congo,Guinea,1431,1517,3,1,19,-19,1450,1498,95,89,1,-6,96,83,20,0,-86
12361,Aug 17 2005,Friendly in Albania,Albania,Azerbaijan,1516,1360,2,1,4,-4,1520,1356,77,114,0,-2,77,112,20,100,256
12362,Aug 17 2005,Friendly in Portugal,Angola,Cape Verde,1513,1356,2,1,6,-6,1519,1350,76,113,2,0,78,113,20,0,157
12363,Aug 17 2005,Friendly in Austria,Austria,Scotland,1686,1617,2,2,-5,5,1681,1622,46,55,-1,1,45,56,20,100,169
12364,Aug 17 2005,World Cup qualifier in Bahrain,Bahrain,North Korea,1588,1470,2,3,-31,31,1557,1501,76,76,-7,8,69,84,40,100,218
12365,Aug 17 2005,Friendly in Belgium,Belgium,Greece,1736,1827,2,0,15,-15,1751,1812,27,22,2,-2,29,20,20,100,9
12366,Aug 17 2005,Friendly in Bulgaria,Bulgaria,Turkey,1673,1828,3,1,17,-17,1690,1811,39,25,4,-4,43,21,20,100,-55
12367,Aug 17 2005,Friendly in Croatia,Croatia,Brazil,1870,2035,1,1,2,-2,1872,2033,13,1,0,0,13,1,20,100,-65
12368,Aug 17 2005,Friendly in Denmark,Denmark,England,1848,1991,4,1,20,-20,1868,1971,12,6,2,-1,14,5,20,100,-43
12369,Aug 17 2005,Friendly in Ecuador,Ecuador,Venezuela,1754,1595,3,1,6,-6,1760,1589,24,59,2,1,26,60,20,100,259
12370,Aug 17 2005,Friendly in Estonia,Estonia,Bosnia and Herzegovina,1382,1610,1,0,14,-14,1396,1596,102,59,2,0,104,59,20,100,-128
12371,Aug 17 2005,World Cup qualifier in the Faroe Islands,Faroe Islands,Cyprus,1245,1451,0,3,-25,25,1220,1476,158,90,-8,2,150,92,40,100,-106
12372,Aug 17 2005,Friendly in France,France,Ivory Coast,1957,1685,3,0,4,-4,1961,1681,6,45,0,0,6,45,20,100,372
12373,Aug 17 2005,Friendly in England,Ghana,Senegal,1544,1667,0,0,3,-3,1547,1664,71,45,1,3,72,48,20,0,-123
12374,Aug 17 2005,World Cup qualifier in Guatemala,Guatemala,Panama,1547,1564,2,1,15,-15,1562,1549,65,74,3,-3,68,71,40,100,83
12375,Aug 17 2005,Friendly in Hungary,Hungary,Argentina,1617,1976,1,2,-4,4,1613,1980,59,3,-1,1,58,4,20,100,-259
12376,Aug 17 2005,Friendly in Iceland,Iceland,South Africa,1515,1597,4,1,17,-17,1532,1580,69,66,5,-3,74,63,20,100,18
12377,Aug 17 2005,Friendly in Ireland,Ireland,Italy,1857,1900,1,2,-12,12,1845,1912,17,8,-1,1,16,9,20,100,57
12378,Aug 17 2005,World Cup qualifier in Japan,Japan,Iran,1804,1817,2,1,15,-15,1819,1802,12,29,6,-5,18,24,40,100,87
12379,Aug 17 2005,Friendly in Jordan,Jordan,Armenia,1556,1389,0,0,-6,6,1550,1395,71,107,-1,-2,70,105,20,100,267
12380,Aug 17 2005,World Cup qualifier in Kazakhstan,Kazakhstan,Georgia,1335,1489,1,2,-17,17,1318,1506,133,80,-6,3,127,83,40,100,-54
12381,Aug 17 2005,World Cup qualifier in Latvia,Latvia,Russia,1471,1752,1,1,10,-10,1481,1742,85,35,3,-3,88,32,30,0,-281
12382,Aug 17 2005,Friendly in Libya,Libya,Nigeria,1519,1732,0,1,-7,7,1512,1739,84,34,-4,-1,80,33,20,100,-113
12383,Aug 17 2005,World Cup qualifier in Liechtenstein,Liechtenstein,Slovakia,1096,1681,0,0,18,-18,1114,1663,165,52,4,-3,169,49,40,100,-485
12384,Aug 17 2005,Friendly in Lithuania,Lithuania,Belarus,1482,1632,1,0,11,-11,1493,1621,84,58,2,-1,86,57,20,100,-50
12385,Aug 17 2005,World Cup qualifier in Macedonia,Macedonia,Finland,1494,1690,0,3,-26,26,1468,1716,102,34,-9,4,93,38,40,100,-96
12386,Aug 17 2005,Friendly in Malta,Malta,Northern Ireland,1234,1484,1,1,4,-4,1238,1480,141,93,2,-3,143,90,20,100,-150
12387,Aug 17 2005,World Cup qualifier in Mexico,Mexico,Costa Rica,1875,1717,2,0,11,-11,1886,1706,12,42,0,-2,12,40,40,100,258
12388,Aug 17 2005,Friendly in the Netherlands,Netherlands,Germany,2006,1908,2,2,-5,5,2001,1913,2,8,0,0,2,8,20,100,198
12389,Aug 17 2005,Friendly in Norway,Norway,Switzerland,1807,1723,0,2,-22,22,1785,1745,28,26,-3,5,25,31,20,100,184
12390,Aug 17 2005,Friendly in Paraguay,Paraguay,El Salvador,1747,1386,3,0,2,-2,1749,1384,30,107,0,-1,30,106,20,100,461
12391,Aug 17 2005,Friendly in Peru,Peru,Chile,1671,1689,3,1,12,-12,1683,1677,39,51,5,-4,44,47,20,100,82
12392,Aug 17 2005,Friendly tournament in Ukraine,Poland,Israel,1814,1722,3,2,11,-11,1825,1711,14,41,3,-2,17,39,30,0,92
12393,Aug 17 2005,Friendly in Portugal,Portugal,Egypt,1903,1700,2,0,4,-4,1907,1696,11,45,-1,-3,10,42,20,100,303
12394,Aug 17 2005,World Cup qualifier in Romania,Romania,Andorra,1804,1106,2,0,1,-1,1805,1105,20,173,2,-1,22,172,20,0,698
12395,Aug 17 2005,World Cup qualifier in South Korea,South Korea,Saudi Arabia,1673,1695,0,1,-24,24,1649,1719,61,33,-7,4,54,37,40,100,78
12396,Aug 17 2005,Friendly in Spain,Spain,Uruguay,1946,1810,2,0,6,-6,1952,1804,7,25,0,-2,7,23,20,100,236
12397,Aug 17 2005,World Cup & African Cup qual in Sudan,Sudan,Benin,1389,1269,1,0,9,-9,1398,1260,103,142,0,-3,103,139,40,100,220
12398,Aug 17 2005,Friendly in Sweden,Sweden,Czechia,1891,2003,2,1,10,-10,1901,1993,11,3,0,0,11,3,20,100,-12
12399,Aug 17 2005,Friendly in France,Togo,Morocco,1571,1669,1,0,13,-13,1584,1656,56,52,5,-1,61,51,20,0,-98
12400,Aug 17 2005,World Cup & African Cup qual in Tunisia,Tunisia,Kenya,1697,1424,1,0,4,-4,1701,1420,42,99,-1,0,41,99,40,100,373
12401,Aug 17 2005,Friendly tournament in Ukraine,Ukraine,Serbia and Montenegro,1807,1761,2,1,9,-9,1816,1752,16,30,3,-2,19,28,20,0,46
12402,Aug 17 2005,World Cup qualifier in the United States,United States,Trinidad and Tobago,1865,1492,1,0,2,-2,1867,1490,16,89,-1,-2,15,87,20,0,373
12403,Aug 17 2005,World Cup qualifier in Uzbekistan,Uzbekistan,Kuwait,1556,1460,3,2,10,-10,1566,1450,63,97,3,-2,66,95,40,100,196
12404,Aug 17 2005,Friendly in Wales,Wales,Slovenia,1585,1650,0,0,-1,1,1584,1651,59,52,2,1,61,53,20,100,35
12405,Aug 24 2005,Friendly in Iran,Iran,Libya,1802,1512,4,0,4,-4,1806,1508,20,84,2,-2,22,82,20,100,390
12406,Aug 28 2005,Friendly in Zimbabwe,Zimbabwe,Mozambique,1578,1268,0,0,-8,8,1570,1276,66,134,-1,1,65,135,20,100,410
12407,Sep 2 2005,World Cup & African Cup qual in Libya,Libya,Sudan,1508,1398,0,0,-11,11,1497,1409,88,101,-3,1,85,102,40,100,210
12408,Sep 3 2005,World Cup qualifier in Albania,Albania,Kazakhstan,1520,1318,2,1,6,-6,1526,1312,71,129,3,-1,74,128,40,100,302
12409,Sep 3 2005,World Cup qualifier in Andorra,Andorra,Finland,1105,1716,0,0,18,-18,1123,1698,166,44,3,-3,169,41,40,100,-511
12410,Sep 3 2005,World Cup qualifier in Armenia,Armenia,Netherlands,1395,2001,0,1,-2,2,1393,2003,107,2,-1,0,106,2,30,100,-506
12411,Sep 3 2005,World Cup qualifier in Australia,Australia,Solomon Islands,1731,1366,7,0,6,-6,1737,1360,32,109,1,0,33,109,40,100,465
12412,Sep 3 2005,World Cup qualifier in Bolivia,Bolivia,Ecuador,1576,1760,1,2,-15,15,1561,1775,68,28,-2,-1,66,27,40,100,-84
12413,Sep 3 2005,World Cup qualifier in Bosnia and Herzegovina,Bosnia and Herzegovina,Belgium,1596,1751,1,0,23,-23,1619,1728,57,43,1,-7,58,36,40,100,-55
12414,Sep 3 2005,World Cup & African Cup qual in Burkina Faso,Burkina Faso,South Africa,1373,1580,3,1,39,-39,1412,1541,96,81,6,-9,102,72,40,100,-107
12415,Sep 3 2005,World Cup qualifier in Estonia,Estonia,Latvia,1396,1481,2,1,19,-19,1415,1462,98,98,3,-5,101,93,30,0,-85
12416,Sep 3 2005,World Cup qualifier in France,France,Faroe Islands,1961,1220,3,0,1,-1,1962,1219,2,150,2,0,4,150,30,0,741
12417,Sep 3 2005,World Cup qualifier in Georgia,Georgia,Ukraine,1506,1816,1,1,11,-11,1517,1805,78,27,2,-4,80,23,30,0,-310
12418,Sep 3 2005,World Cup qualifier in Hungary,Hungary,Malta,1613,1238,4,0,5,-5,1618,1233,60,145,-1,-1,59,144,40,100,475
12419,Sep 3 2005,World Cup qualifier in Iceland,Iceland,Croatia,1532,1872,1,3,-12,12,1520,1884,82,13,-4,0,78,13,40,100,-240
12420,Sep 3 2005,World Cup & African Cup qual in Kenya,Kenya,Tunisia,1420,1701,0,2,-16,16,1404,1717,109,39,-5,1,104,40,40,100,-181
12421,Sep 3 2005,World Cup & African Cup qual in Mali,Mali,Congo,1516,1410,2,0,14,-14,1530,1396,67,109,6,-4,73,105,40,100,206
12422,Sep 3 2005,World Cup qualifier in Moldova,Moldova,Belarus,1407,1621,2,0,40,-40,1447,1581,91,65,6,-4,97,61,40,100,-114
12423,Sep 3 2005,World Cup & African Cup qual in Morocco,Morocco,Botswana,1656,1328,1,0,3,-3,1659,1325,47,123,2,0,49,123,20,0,328
12424,Sep 3 2005,World Cup qualifier in Northern Ireland,Northern Ireland,Azerbaijan,1480,1356,2,0,13,-13,1493,1343,82,116,4,-2,86,114,40,100,224
12425,Sep 3 2005,World Cup qualifier in Panama,Panama,Costa Rica,1549,1706,1,3,-25,25,1524,1731,79,28,-4,6,75,34,40,100,-57
12426,Sep 3 2005,World Cup qualifier in Paraguay,Paraguay,Argentina,1749,1980,1,0,27,-27,1776,1953,22,8,4,-2,26,6,40,100,-131
12427,Sep 3 2005,World Cup qualifier in Poland,Poland,Austria,1825,1681,3,2,8,-8,1833,1673,19,51,-1,-3,18,48,40,100,244
12428,Sep 3 2005,World Cup qualifier in Portugal,Portugal,Luxembourg,1907,1006,6,0,0,0,1907,1006,8,188,1,0,9,188,20,0,901
12429,Sep 3 2005,World Cup qualifier in Romania,Romania,Czechia,1805,1993,2,0,37,-37,1842,1956,11,7,6,-2,17,5,40,100,-88
12430,Sep 3 2005,World Cup qualifier in Russia,Russia,Liechtenstein,1742,1114,2,0,1,-1,1743,1113,28,171,2,-1,30,170,20,0,628
12431,Sep 3 2005,World Cup qualifier in Scotland,Scotland,Italy,1622,1912,1,1,10,-10,1632,1902,56,11,0,-1,56,10,30,0,-290
12432,Sep 3 2005,World Cup qualifier in Serbia and Montenegro,Serbia and Montenegro,Lithuania,1752,1493,2,0,7,-7,1759,1486,28,90,0,-2,28,88,40,100,359
12433,Sep 3 2005,Friendly in Slovakia,Slovakia,Germany,1663,1913,2,0,21,-21,1684,1892,37,14,6,-3,43,11,20,100,-150
12434,Sep 3 2005,World Cup qualifier in Slovenia,Slovenia,Norway,1651,1785,2,3,-18,18,1633,1803,57,25,-2,0,55,25,40,100,-34
12435,Sep 3 2005,Friendly in Spain,Spain,Canada,1952,1566,2,1,1,-1,1953,1565,5,64,1,1,6,65,20,100,486
12436,Sep 3 2005,World Cup qualifier in Sweden,Sweden,Bulgaria,1901,1690,3,0,10,-10,1911,1680,5,49,3,-3,8,46,40,100,311
12437,Sep 3 2005,World Cup qualifier in Switzerland,Switzerland,Israel,1745,1711,1,1,-7,7,1738,1718,33,39,-1,0,32,39,40,100,134
12438,Sep 3 2005,World Cup qualifier in Trinidad and Tobago,Trinidad and Tobago,Guatemala,1490,1562,3,2,18,-18,1508,1544,77,72,5,-2,82,70,30,0,-72
12439,Sep 3 2005,World Cup qualifier in Turkey,Turkey,Denmark,1811,1868,2,2,-2,2,1809,1870,21,14,0,0,21,14,30,100,43
12440,Sep 3 2005,World Cup qualifier in the United States,United States,Mexico,1867,1886,2,0,23,-23,1890,1863,9,18,3,-3,12,15,40,100,81
12441,Sep 3 2005,World Cup qualifier in Uzbekistan,Uzbekistan,Bahrain,1566,1557,1,0,14,-14,1580,1543,58,73,4,-2,62,71,40,100,109
12442,Sep 3 2005,World Cup qualifier in Venezuela,Venezuela,Peru,1589,1683,4,1,34,-34,1623,1649,54,60,3,-8,57,52,40,100,6
12443,Sep 3 2005,World Cup qualifier in Wales,Wales,England,1584,1971,0,1,-6,6,1578,1977,65,1,-2,2,63,3,40,100,-287
12444,Sep 3 2005,World Cup & African Cup qual in Zambia,Zambia,Senegal,1510,1664,0,1,-17,17,1493,1681,91,40,-5,4,86,44,40,100,-54
12445,Sep 4 2005,World Cup & African Cup qual in Algeria,Algeria,Nigeria,1425,1739,2,5,-16,16,1409,1755,103,27,-2,2,101,29,40,100,-214
12446,Sep 4 2005,World Cup & African Cup qual in Angola,Angola,Gabon,1519,1420,3,0,17,-17,1536,1403,67,108,6,-4,73,104,40,100,199
12447,Sep 4 2005,World Cup qualifier in Brazil,Brazil,Chile,2033,1677,5,0,5,-5,2038,1672,1,47,0,0,1,47,20,0,356
12448,Sep 4 2005,World Cup & African Cup qual in the Dem Rep of the Congo,DR Congo,Cape Verde,1450,1350,2,1,10,-10,1460,1340,93,118,1,-3,94,115,40,100,200
12449,Sep 4 2005,World Cup & African Cup qual in Egypt,Egypt,Benin,1696,1260,4,1,3,-3,1699,1257,40,137,1,1,41,138,20,0,436
12450,Sep 4 2005,World Cup & African Cup qual in Ghana,Ghana,Uganda,1547,1331,2,0,8,-8,1555,1323,66,124,1,-1,67,123,40,100,316
12451,Sep 4 2005,World Cup & African Cup qual in Guinea,Guinea,Malawi,1498,1265,3,1,8,-8,1506,1257,82,138,1,0,83,138,40,100,333
12452,Sep 4 2005,World Cup & African Cup qual in Ivory Coast,Ivory Coast,Cameroon,1681,1731,2,3,-23,23,1658,1754,56,26,-6,4,50,30,40,100,50
12453,Sep 4 2005,World Cup & African Cup qual in Togo,Togo,Liberia,1584,1323,3,0,8,-8,1592,1315,60,130,0,-3,60,127,40,100,361
12454,Sep 4 2005,World Cup qualifier in Uruguay,Uruguay,Colombia,1804,1755,3,2,12,-12,1816,1743,16,33,4,-2,20,31,40,100,149
12455,Sep 4 2005,World Cup & African Cup qual in Zimbabwe,Zimbabwe,Rwanda,1570,1336,3,1,8,-8,1578,1328,62,123,1,-2,63,121,40,100,334
12456,Sep 6 2005,World Cup qualifier in the Solomon Islands,Solomon Islands,Australia,1360,1737,1,2,-7,7,1353,1744,113,28,-2,3,111,31,40,100,-277
12457,Sep 7 2005,World Cup qualifier in Azerbaijan,Azerbaijan,Austria,1343,1673,0,0,12,-12,1355,1661,109,50,2,-2,111,48,40,100,-230
12458,Sep 7 2005,World Cup qualifier in Belarus,Belarus,Italy,1581,1902,1,4,-15,15,1566,1917,67,8,-3,1,64,9,40,100,-221
12459,Sep 7 2005,World Cup qualifier in Belgium,Belgium,San Marino,1728,942,8,0,1,-1,1729,941,36,193,0,0,36,193,20,0,786
12460,Sep 7 2005,World Cup qualifier in Bulgaria,Bulgaria,Iceland,1680,1520,3,2,7,-7,1687,1513,41,81,2,-1,43,80,40,100,260
12461,Sep 7 2005,World Cup qualifier in Costa Rica,Costa Rica,Trinidad and Tobago,1731,1508,2,0,8,-8,1739,1500,35,88,0,-3,35,85,40,100,323
12462,Sep 7 2005,World Cup qualifier in Cyprus,Cyprus,Switzerland,1476,1738,1,3,-17,17,1459,1755,95,24,-2,5,93,29,40,100,-162
12463,Sep 7 2005,World Cup qualifier in Czechia,Czechia,Armenia,1956,1393,4,1,2,-2,1958,1391,3,106,1,0,4,106,30,0,563
12464,Sep 7 2005,World Cup qualifier in Denmark,Denmark,Georgia,1870,1517,6,1,5,-5,1875,1512,12,82,1,-1,13,81,20,0,353
12465,Sep 7 2005,World Cup qualifier in the Faroe Islands,Faroe Islands,Israel,1219,1718,0,2,-5,5,1214,1723,154,35,-2,2,152,37,40,100,-399
12466,Sep 7 2005,World Cup qualifier in Finland,Finland,Macedonia,1698,1468,5,1,10,-10,1708,1458,40,96,1,-2,41,94,40,100,330
12467,Sep 7 2005,Friendly in Germany,Germany,South Africa,1892,1541,4,2,2,-2,1894,1539,11,72,0,0,11,72,20,100,451
12468,Sep 7 2005,World Cup qualifier in Guatemala,Guatemala,United States,1544,1890,0,0,12,-12,1556,1878,64,12,3,0,67,12,40,100,-246
12469,Sep 7 2005,World Cup qualifier in Hungary,Hungary,Sweden,1618,1911,0,1,-10,10,1608,1921,59,8,0,0,59,8,40,100,-193
12470,Sep 7 2005,World Cup qualifier in Ireland,Ireland,France,1845,1962,0,1,-19,19,1826,1981,22,2,-3,1,19,3,40,100,-17
12471,Sep 7 2005,Friendly in Japan,Japan,Honduras,1819,1728,5,4,5,-5,1824,1723,21,38,-1,-1,20,37,20,100,191
12472,Sep 7 2005,World Cup qualifier in Kazakhstan,Kazakhstan,Greece,1312,1812,1,2,-4,4,1308,1816,130,21,-1,0,129,21,40,100,-400
12473,Sep 7 2005,World Cup qualifier in Latvia,Latvia,Slovakia,1462,1684,1,1,7,-7,1469,1677,87,47,3,-2,90,45,40,100,-122
12474,Sep 7 2005,World Cup qualifier in Liechtenstein,Liechtenstein,Luxembourg,1113,1006,3,0,16,-16,1129,990,166,190,2,-1,168,189,40,100,207
12475,Sep 7 2005,World Cup qualifier in Lithuania,Lithuania,Bosnia and Herzegovina,1486,1619,0,1,-18,18,1468,1637,94,56,-3,1,91,57,40,100,-33
12476,Sep 7 2005,World Cup qualifier in Malta,Malta,Croatia,1233,1884,1,1,18,-18,1251,1866,136,17,4,-2,140,15,40,100,-551
12477,Sep 7 2005,World Cup qualifier in Mexico,Mexico,Panama,1863,1524,5,0,6,-6,1869,1518,13,82,1,-3,14,79,40,100,439
12478,Sep 7 2005,World Cup qualifier in Moldova,Moldova,Slovenia,1447,1633,1,2,-15,15,1432,1648,99,55,-1,0,98,55,40,100,-86
12479,Sep 7 2005,World Cup qualifier in the Netherlands,Netherlands,Andorra,2003,1123,4,0,0,0,2003,1123,2,171,0,-1,2,170,20,0,880
12480,Sep 7 2005,World Cup qualifier in Norway,Norway,Scotland,1803,1632,1,2,-33,33,1770,1665,31,38,-3,9,28,47,40,100,271
12481,Sep 7 2005,World Cup qualifier in Northern Ireland,Northern Ireland,England,1493,1977,1,0,36,-36,1529,1941,64,9,11,-3,75,6,40,100,-384
12482,Sep 7 2005,World Cup qualifier in Poland,Poland,Wales,1833,1578,1,0,5,-5,1838,1573,16,63,1,0,17,63,40,100,355
12483,Sep 7 2005,World Cup qualifier in Russia,Russia,Portugal,1743,1907,0,0,4,-4,1747,1903,32,11,0,-1,32,10,20,0,-164
12484,Sep 7 2005,World Cup qualifier in Spain,Spain,Serbia and Montenegro,1953,1759,1,1,-14,14,1939,1773,8,26,-1,1,7,27,40,100,294
12485,Sep 7 2005,World Cup qualifier in Ukraine,Ukraine,Turkey,1805,1809,0,1,-25,25,1780,1834,24,14,0,4,24,18,40,100,96
12486,Sep 23 2005,Friendly in the United Arab Emirates,United Arab Emirates,Benin,1444,1257,0,0,-7,7,1437,1264,97,138,0,0,97,138,20,100,287
12487,Sep 24 2005,Friendly tournament in Mozambique,Malawi,Zimbabwe,1257,1578,2,0,39,-39,1296,1539,125,80,7,-9,132,71,30,0,-321
12488,Sep 25 2005,Friendly tournament in Mozambique,Mozambique,Zimbabwe,1276,1539,3,2,22,-22,1298,1517,128,87,4,-8,132,79,30,100,-163
12489,Sep 25 2005,Friendly in Zambia,Zambia,DR Congo,1493,1460,2,2,-4,4,1489,1464,87,92,0,0,87,92,20,100,133
12490,Sep 27 2005,Friendly in the Dem Rep of the Congo,DR Congo,Zambia,1464,1489,0,0,-2,2,1462,1491,92,87,0,0,92,87,20,100,75
12491,Sep 30 2005,Friendly in Guyana,Guyana,Dominica,1091,1033,3,0,10,-10,1101,1023,173,188,1,-2,174,186,20,100,158
12492,Oct 1 2005,Friendly in the United States,Jamaica,Guatemala,1656,1556,2,1,7,-7,1663,1549,44,70,4,-2,48,68,20,0,100
12493,Oct 1 2005,World Cup & African Cup qual in Liberia,Liberia,Zambia,1315,1491,0,5,-31,31,1284,1522,143,65,-8,11,135,76,40,100,-76
12494,Oct 2 2005,Friendly in Guyana,Guyana,Dominica,1101,1023,3,0,9,-9,1110,1014,172,186,1,0,173,186,20,100,178
12495,Oct 7 2005,Friendly in Poland,Poland,Iceland,1838,1513,3,2,2,-2,1840,1511,17,85,0,-2,17,83,20,100,425
12496,Oct 8 2005,World Cup qualifier in Belgium,Belgium,Spain,1729,1939,0,2,-21,21,1708,1960,42,1,-3,3,39,4,40,100,-110
12497,Oct 8 2005,World Cup qualifier in Bosnia and Herzegovina,Bosnia and Herzegovina,San Marino,1637,941,3,0,1,-1,1638,940,55,193,1,0,56,193,20,0,696
12498,Oct 8 2005,World Cup & African Cup qual in Botswana,Botswana,Guinea,1325,1506,1,2,-15,15,1310,1521,136,72,-7,6,129,78,40,100,-81
12499,Oct 8 2005,World Cup qualifier in Bulgaria,Bulgaria,Hungary,1687,1608,2,0,16,-16,1703,1592,41,65,1,-3,42,62,40,100,179
12500,Oct 8 2005,World Cup & African Cup qual in Cameroon,Cameroon,Egypt,1754,1699,1,1,-8,8,1746,1707,35,40,-2,1,33,41,40,100,155
12501,Oct 8 2005,World Cup & African Cup qual in Cape Verde,Cape Verde,Ghana,1340,1555,0,4,-26,26,1314,1581,137,60,-11,3,126,63,40,100,-115
12502,Oct 8 2005,World Cup qualifier in Colombia,Colombia,Chile,1743,1672,1,1,-9,9,1734,1681,36,44,-1,1,35,45,40,100,171
12503,Oct 8 2005,World Cup & African Cup qual in Congo,Congo,Togo,1396,1592,2,3,-15,15,1381,1607,107,56,-1,2,106,58,40,100,-96
12504,Oct 8 2005,World Cup qualifier in Costa Rica,Costa Rica,United States,1739,1878,3,0,39,-39,1778,1839,17,24,9,-6,26,18,40,100,-39
12505,Oct 8 2005,World Cup qualifier in Croatia,Croatia,Sweden,1866,1921,1,0,17,-17,1883,1904,11,10,2,-1,13,9,30,0,-55
12506,Oct 8 2005,World Cup qualifier in Cyprus,Cyprus,Ireland,1459,1826,0,1,-7,7,1452,1833,95,19,-1,0,94,19,40,100,-267
12507,Oct 8 2005,World Cup qualifier in Czechia,Czechia,Netherlands,1958,2003,0,2,-35,35,1923,2038,10,0,-3,1,7,1,40,100,55
12508,Oct 8 2005,World Cup qualifier in Denmark,Denmark,Greece,1875,1816,1,0,11,-11,1886,1805,9,25,2,-2,11,23,40,100,159
12509,Oct 8 2005,World Cup qualifier in Ecuador,Ecuador,Uruguay,1775,1816,0,0,-3,3,1772,1819,30,19,-2,1,28,20,30,100,59
12510,Oct 8 2005,World Cup qualifier in England,England,Austria,1941,1661,1,0,4,-4,1945,1657,6,53,0,-2,6,51,40,100,380
12511,Oct 8 2005,World Cup qualifier in Finland,Finland,Romania,1708,1842,0,1,-18,18,1690,1860,47,14,-3,1,44,15,40,100,-34
12512,Oct 8 2005,World Cup & African Cup qual in Gabon,Gabon,Algeria,1403,1409,0,0,-5,5,1398,1414,100,97,2,2,102,99,40,100,94
12513,Oct 8 2005,World Cup qualifier in Georgia,Georgia,Kazakhstan,1512,1308,0,0,-14,14,1498,1322,89,114,-4,7,85,121,40,100,304
12514,Oct 8 2005,World Cup qualifier in Israel,Israel,Faroe Islands,1723,1214,2,1,1,-1,1724,1213,35,154,1,-1,36,153,20,0,509
12515,Oct 8 2005,World Cup qualifier in Italy,Italy,Slovenia,1917,1648,1,0,4,-4,1921,1644,7,53,1,1,8,54,20,0,269
12516,Oct 8 2005,Friendly in Latvia,Latvia,Japan,1469,1824,2,2,6,-6,1475,1818,90,22,0,-1,90,21,20,100,-255
12517,Oct 8 2005,World Cup qualifier in Lithuania,Lithuania,Serbia and Montenegro,1468,1773,0,2,-14,14,1454,1787,95,23,-2,2,93,25,40,100,-205
12518,Oct 8 2005,World Cup & African Cup qual in Malawi,Malawi,Kenya,1296,1404,3,0,36,-36,1332,1368,106,113,13,-5,119,108,40,100,-8
12519,Oct 8 2005,World Cup qualifier in Mexico,Mexico,Guatemala,1869,1549,5,2,6,-6,1875,1543,14,74,0,-3,14,71,40,100,420
12520,Oct 8 2005,World Cup & African Cup qual in Nigeria,Nigeria,Zimbabwe,1755,1517,5,1,9,-9,1764,1508,31,84,-1,-2,30,82,40,100,338
12521,Oct 8 2005,World Cup qualifier in Norway,Norway,Moldova,1770,1432,1,0,3,-3,1773,1429,26,98,1,0,27,98,20,0,338
12522,Oct 8 2005,World Cup qualifier in Northern Ireland,Northern Ireland,Wales,1529,1573,2,3,-23,23,1506,1596,92,58,-9,2,83,60,40,100,56
12523,Oct 8 2005,World Cup qualifier in Panama,Panama,Trinidad and Tobago,1518,1500,0,1,-27,27,1491,1527,95,62,-8,12,87,74,40,100,118
12524,Oct 8 2005,World Cup qualifier in Portugal,Portugal,Liechtenstein,1903,1129,2,1,0,0,1903,1129,10,168,0,0,10,168,20,0,774
12525,Oct 8 2005,World Cup qualifier in Russia,Russia,Luxembourg,1747,990,5,1,1,-1,1748,989,32,189,0,0,32,189,30,0,757
12526,Oct 8 2005,World Cup & African Cup qual in Rwanda,Rwanda,Angola,1328,1536,0,1,-14,14,1314,1550,131,64,-5,4,126,68,40,100,-108
12527,Oct 8 2005,World Cup qualifier in Scotland,Scotland,Belarus,1665,1566,0,1,-30,30,1635,1596,67,57,-10,3,57,60,40,100,199
12528,Oct 8 2005,World Cup & African Cup qual in Senegal,Senegal,Mali,1681,1530,3,0,13,-13,1694,1517,42,85,1,-6,43,79,40,100,251
12529,Oct 8 2005,World Cup qualifier in Slovakia,Slovakia,Estonia,1677,1415,1,0,4,-4,1681,1411,45,103,0,-2,45,101,20,0,262
12530,Oct 8 2005,World Cup & African Cup qual in South Africa,South Africa,DR Congo,1539,1462,2,2,-9,9,1530,1471,75,90,-2,1,73,91,40,100,177
12531,Oct 8 2005,World Cup & African Cup qual in Sudan,Sudan,Ivory Coast,1409,1658,1,3,-18,18,1391,1676,105,42,-2,5,103,47,40,100,-149
12532,Oct 8 2005,World Cup qualifier in Switzerland,Switzerland,France,1755,1981,1,1,7,-7,1762,1974,33,3,-2,0,31,3,40,100,-126
12533,Oct 8 2005,World Cup & African Cup qual in Tunisia,Tunisia,Morocco,1717,1659,2,2,-9,9,1708,1668,38,46,1,2,39,48,40,100,158
12534,Oct 8 2005,Friendly in Turkey,Turkey,Germany,1834,1894,2,1,9,-9,1843,1885,14,13,2,-1,16,12,20,100,40
12535,Oct 8 2005,World Cup & African Cup qual in Uganda,Uganda,Burkina Faso,1323,1412,2,2,-1,1,1322,1413,119,100,2,0,121,100,40,100,11
12536,Oct 8 2005,World Cup qualifier in Ukraine,Ukraine,Albania,1780,1526,2,2,-15,15,1765,1541,34,69,-5,3,29,72,40,100,354
12537,Oct 8 2005,World Cup qualifier in Uzbekistan,Uzbekistan,Bahrain,1580,1543,1,1,-8,8,1572,1551,67,64,-3,3,64,67,40,100,137
12538,Oct 8 2005,World Cup qualifier in Venezuela,Venezuela,Paraguay,1623,1776,0,1,-17,17,1606,1793,60,23,-1,1,59,24,40,100,-53
12539,Oct 9 2005,World Cup qualifier in Argentina,Argentina,Peru,1953,1649,2,0,5,-5,1958,1644,5,54,0,-1,5,53,40,100,404
12540,Oct 9 2005,Friendly in England,Australia,Jamaica,1744,1663,5,0,15,-15,1759,1648,30,55,2,-3,32,52,20,0,81
12541,Oct 9 2005,World Cup & African Cup qual in Benin,Benin,Libya,1264,1497,1,0,27,-27,1291,1470,129,96,5,-5,134,91,40,100,-133
12542,Oct 9 2005,World Cup qualifier in Bolivia,Bolivia,Brazil,1561,2038,1,1,16,-16,1577,2022,62,3,2,-1,64,2,40,100,-377
12543,Oct 11 2005,Friendly in Cambodia,Cambodia,Singapore,828,1319,0,2,-3,3,825,1322,207,118,-1,3,206,121,20,100,-391
12544,Oct 11 2005,Friendly in Qatar,Qatar,Iraq,1522,1512,0,0,-3,3,1519,1515,81,80,-3,0,78,80,20,100,110
12545,Oct 11 2005,Friendly in the United Arab Emirates,United Arab Emirates,Oman,1437,1639,2,2,3,-3,1440,1636,97,57,0,-1,97,56,20,100,-102
12546,Oct 12 2005,World Cup qualifier in Albania,Albania,Turkey,1541,1843,0,1,-10,10,1531,1853,74,14,-1,1,73,15,40,100,-202
12547,Oct 12 2005,World Cup qualifier in Andorra,Andorra,Armenia,1123,1391,0,3,-19,19,1104,1410,176,101,-3,1,173,102,40,100,-168
12548,Oct 12 2005,World Cup qualifier in Austria,Austria,Northern Ireland,1657,1506,2,0,11,-11,1668,1495,46,85,2,-1,48,84,40,100,251
12549,Oct 12 2005,World Cup qualifier in Bahrain,Bahrain,Uzbekistan,1551,1572,0,0,-4,4,1547,1576,75,65,-4,0,71,65,40,100,79
12550,Oct 12 2005,World Cup qualifier in Belarus,Belarus,Norway,1596,1773,0,1,-16,16,1580,1789,68,21,-4,3,64,24,40,100,-77
12551,Oct 12 2005,World Cup qualifier in Brazil,Brazil,Venezuela,2022,1606,3,0,3,-3,2025,1603,0,57,1,1,1,58,20,0,416
12552,Oct 12 2005,World Cup qualifier in Chile,Chile,Ecuador,1681,1772,0,0,-1,1,1680,1773,45,26,0,1,45,27,40,100,9
12553,Oct 12 2005,World Cup qualifier in England,England,Poland,1945,1840,2,1,9,-9,1954,1831,4,21,1,-2,5,19,40,100,205
12554,Oct 12 2005,World Cup qualifier in Finland,Finland,Czechia,1690,1923,0,3,-22,22,1668,1945,52,5,-4,1,48,6,40,100,-133
12555,Oct 12 2005,World Cup qualifier in France,France,Cyprus,1974,1452,4,0,2,-2,1976,1450,3,96,0,-1,3,95,20,0,522
12556,Oct 12 2005,Friendly in Germany,Germany,China,1885,1659,1,0,3,-3,1888,1656,12,57,0,-4,12,53,20,100,326
12557,Oct 12 2005,World Cup qualifier in Greece,Greece,Georgia,1805,1498,1,0,4,-4,1809,1494,19,85,2,0,21,85,30,0,307
12558,Oct 12 2005,World Cup qualifier in Guatemala,Guatemala,Costa Rica,1543,1778,3,1,41,-41,1584,1737,53,44,9,-9,62,35,40,100,-135
12559,Oct 12 2005,World Cup qualifier in Hungary,Hungary,Croatia,1592,1883,0,0,10,-10,1602,1873,58,13,2,0,60,13,30,0,-291
12560,Oct 12 2005,World Cup qualifier in Ireland,Ireland,Switzerland,1833,1762,0,0,-9,9,1824,1771,21,25,-1,3,20,28,40,100,171
12561,Oct 12 2005,World Cup qualifier in Italy,Italy,Moldova,1921,1429,2,1,1,-1,1922,1428,8,98,0,0,8,98,20,0,492
12562,Oct 12 2005,World Cup qualifier in Kazakhstan,Kazakhstan,Denmark,1322,1886,1,2,-3,3,1319,1889,127,11,-3,0,124,11,40,100,-464
12563,Oct 12 2005,World Cup qualifier in Lithuania,Lithuania,Belgium,1454,1708,1,1,8,-8,1462,1700,93,43,0,-2,93,41,40,100,-154
12564,Oct 12 2005,World Cup qualifier in Luxembourg,Luxembourg,Estonia,989,1411,0,2,-8,8,981,1419,193,97,-2,2,191,99,40,100,-322
12565,Oct 12 2005,World Cup qualifier in Malta,Malta,Bulgaria,1251,1703,1,1,15,-15,1266,1688,140,44,0,-1,140,43,40,100,-352
12566,Oct 12 2005,World Cup qualifier in the Netherlands,Netherlands,Macedonia,2038,1458,0,0,-19,19,2019,1477,3,86,-1,3,2,89,40,0,580
12567,Oct 12 2005,World Cup qualifier in Paraguay,Paraguay,Colombia,1793,1734,0,1,-29,29,1764,1763,34,27,-5,4,29,31,40,100,159
12568,Oct 12 2005,World Cup qualifier in Peru,Peru,Bolivia,1644,1577,4,1,19,-19,1663,1558,51,72,1,-4,52,68,40,100,167
12569,Oct 12 2005,World Cup qualifier in Portugal,Portugal,Latvia,1903,1475,3,0,3,-3,1906,1472,10,91,0,-1,10,90,20,0,428
12570,Oct 12 2005,World Cup qualifier in San Marino,San Marino,Spain,940,1960,0,6,0,0,940,1960,193,4,0,0,193,4,20,0,-1020
12571,Oct 12 2005,World Cup qualifier in Serbia and Montenegro,Serbia and Montenegro,Bosnia and Herzegovina,1787,1638,1,0,8,-8,1795,1630,21,57,2,-1,23,56,40,100,249
12572,Oct 12 2005,World Cup qualifier in Slovakia,Slovakia,Russia,1681,1748,0,0,-2,2,1679,1750,47,33,-1,0,46,33,40,100,33
12573,Oct 12 2005,World Cup qualifier in Slovenia,Slovenia,Scotland,1644,1635,0,3,-46,46,1598,1681,69,31,-8,13,61,44,40,100,109
12574,Oct 12 2005,Friendly in South Korea,South Korea,Iran,1649,1806,2,0,17,-17,1666,1789,51,26,0,-2,51,24,20,100,-57
12575,Oct 12 2005,World Cup qualifier in Sweden,Sweden,Iceland,1904,1511,3,1,3,-3,1907,1508,9,81,0,0,9,81,20,0,393
12576,Oct 12 2005,World Cup qualifier in Trinidad and Tobago,Trinidad and Tobago,Mexico,1527,1875,2,1,32,-32,1559,1843,60,18,7,-2,67,16,40,100,-248
12577,Oct 12 2005,Friendly in Ukraine,Ukraine,Japan,1765,1818,1,0,9,-9,1774,1809,23,21,3,0,26,21,20,100,47
12578,Oct 12 2005,World Cup qualifier in Uruguay,Uruguay,Argentina,1819,1958,1,0,22,-22,1841,1936,16,9,2,-2,18,7,40,100,-39
12579,Oct 12 2005,World Cup qualifier in the United States,United States,Panama,1839,1491,2,0,4,-4,1843,1487,14,86,2,0,16,86,20,0,348
12580,Oct 12 2005,World Cup qualifier in Wales,Wales,Azerbaijan,1596,1355,2,0,7,-7,1603,1348,56,115,2,-2,58,113,40,100,341
12581,Oct 23 2005,Friendly in Madagascar,Madagascar,Mauritius,1229,1338,2,0,15,-15,1244,1323,140,124,3,-4,143,120,20,100,-9
12582,Oct 25 2005,Friendly in Oman,Oman,Syria,1636,1478,0,0,-6,6,1630,1484,55,86,0,1,55,87,20,100,258
12583,Oct 26 2005,Friendly in Mexico,Mexico,Uruguay,1843,1841,3,1,11,-11,1854,1830,14,20,1,-1,15,19,20,100,102
12584,Oct 27 2005,Friendly in Bahrain,Bahrain,Panama,1547,1487,5,0,11,-11,1558,1476,65,92,3,-3,68,89,20,100,160
12585,Oct 30 2005,Friendly in Puerto Rico,Puerto Rico,Guadeloupe,884,1358,1,3,-3,3,881,1361,198,108,0,1,198,109,20,100,-374
12586,Nov 2 2005,Friendly tournament in Northern Cyprus,Northern Cyprus,Kosovo,1451,1378,1,0,8,-8,1459,1370,94,107,0,0,94,107,20,0,73
12587,Nov 6 2005,Friendly in Zanzibar,Zanzibar,Tanzania,1149,1132,0,1,-13,13,1136,1145,170,161,-3,3,167,164,20,100,117
12588,Nov 9 2005,Friendly in Martinique,France,Costa Rica,1976,1737,3,2,4,-4,1980,1733,3,35,0,0,3,35,20,0,239
12589,Nov 9 2005,Friendly tournament in Tajikistan,Tajikistan,Afghanistan,1306,817,4,0,2,-2,1308,815,129,207,1,0,130,207,20,0,489
12590,Nov 9 2005,Friendly in Tanzania,Tanzania,Zanzibar,1145,1136,1,0,7,-7,1152,1129,164,167,0,0,164,167,20,100,109
12591,Nov 11 2005,Friendly in France,DR Congo,Tunisia,1471,1708,2,2,6,-6,1477,1702,85,41,3,-1,88,40,20,0,-237
12592,Nov 11 2005,Friendly tournament in Iran,Paraguay,Togo,1764,1607,4,2,13,-13,1777,1594,23,65,3,-4,26,61,30,0,157
12593,Nov 12 2005,Friendly in Belarus,Belarus,Latvia,1580,1472,3,1,7,-7,1587,1465,60,93,2,-1,62,92,20,100,208
12594,Nov 12 2005,Friendly in Bulgaria,Bulgaria,Georgia,1688,1494,6,2,6,-6,1694,1488,43,85,0,0,43,85,20,100,294
12595,Nov 12 2005,Friendly in Switzerland,England,Argentina,1954,1936,3,2,9,-9,1963,1927,5,9,0,-1,5,8,20,0,18
12596,Nov 12 2005,Friendly in Finland,Finland,Estonia,1668,1419,2,2,-8,8,1660,1427,56,99,-4,0,52,99,20,100,349
12597,Nov 12 2005,Friendly in France,France,Germany,1980,1888,0,0,-5,5,1975,1893,3,10,0,1,3,11,20,100,192
12598,Nov 12 2005,Friendly in France,Ivory Coast,Romania,1676,1860,2,1,15,-15,1691,1845,41,16,3,-1,44,15,20,0,-184
12599,Nov 12 2005,Friendly in Liechtenstein,Liechtenstein,Macedonia,1129,1477,1,2,-4,4,1125,1481,171,86,-2,1,169,87,20,100,-248
12600,Nov 12 2005,Friendly in the Netherlands,Netherlands,Italy,2019,1922,1,3,-23,23,1996,1945,2,6,0,1,2,7,20,100,197
12601,Nov 12 2005,World Cup qualifier in Norway,Norway,Czechia,1789,1945,0,1,-17,17,1772,1962,34,6,-5,0,29,6,40,100,-56
12602,Nov 12 2005,Friendly in Portugal,Portugal,Croatia,1906,1873,2,0,10,-10,1916,1863,8,13,1,0,9,13,20,100,133
12603,Nov 12 2005,Friendly in Scotland,Scotland,United States,1681,1843,1,1,2,-2,1683,1841,46,15,-1,1,45,16,20,100,-62
12604,Nov 12 2005,Friendly tournament in South Africa,South Africa,Senegal,1530,1694,2,3,-12,12,1518,1706,82,38,-4,2,78,40,30,100,-64
12605,Nov 12 2005,Friendly in South Korea,South Korea,Sweden,1666,1907,2,2,4,-4,1670,1903,45,11,3,-1,48,10,20,100,-141
12606,Nov 12 2005,World Cup qualifier in Spain,Spain,Slovakia,1960,1679,5,1,8,-8,1968,1671,4,48,0,-1,4,47,40,100,381
12607,Nov 12 2005,World Cup qualifier in Switzerland,Switzerland,Turkey,1771,1853,2,0,28,-28,1799,1825,17,22,6,-3,23,19,30,0,-82
12608,Nov 12 2005,World Cup qualifier in Trinidad and Tobago,Trinidad and Tobago,Bahrain,1559,1558,1,1,-6,6,1553,1564,71,66,-2,1,69,67,40,100,101
12609,Nov 12 2005,Friendly in the United Arab Emirates,United Arab Emirates,Brazil,1440,2025,0,8,-3,3,1437,2028,97,1,0,0,97,1,20,100,-485
12610,Nov 12 2005,World Cup qualifier in Uruguay,Uruguay,Australia,1830,1759,1,0,11,-11,1841,1748,13,34,3,-1,16,33,40,100,171
12611,Nov 13 2005,Friendly in China,China,Serbia and Montenegro,1656,1795,0,2,-13,13,1643,1808,55,22,-1,1,54,23,20,100,-39
12612,Nov 13 2005,Friendly tournament in Iran,Iran,Togo,1789,1594,2,0,7,-7,1796,1587,25,61,0,0,25,61,20,0,195
12613,Nov 13 2005,Friendly in Spain,Poland,Ecuador,1831,1773,3,0,15,-15,1846,1758,12,34,3,-3,15,31,20,0,58
12614,Nov 14 2005,Friendly in Saudi Arabia,Saudi Arabia,Ghana,1719,1581,1,3,-24,24,1695,1605,46,50,-4,7,42,57,20,100,238
12615,Nov 15 2005,Friendly in France,Cameroon,Morocco,1746,1668,0,0,-2,2,1744,1670,34,47,0,1,34,48,20,0,78
12616,Nov 15 2005,Friendly in Northern Ireland,Northern Ireland,Portugal,1495,1916,1,1,7,-7,1502,1909,82,9,1,0,83,9,20,100,-321
12617,Nov 16 2005,World Cup qualifier in Australia,Australia,Uruguay,1748,1841,1,0,20,-20,1768,1821,23,23,5,-3,28,20,40,100,7
12618,Nov 16 2005,World Cup qualifier in Bahrain,Bahrain,Trinidad and Tobago,1564,1553,0,1,-26,26,1538,1579,77,61,-5,4,72,65,40,100,111
12619,Nov 16 2005,Friendly in the United States,Bulgaria,Mexico,1694,1854,3,0,25,-25,1719,1829,33,22,5,-4,38,18,20,0,-160
12620,Nov 16 2005,Friendly in Cyprus,Cyprus,Wales,1450,1603,1,0,12,-12,1462,1591,89,64,3,-3,92,61,20,100,-53
12621,Nov 16 2005,World Cup qualifier in Czechia,Czechia,Norway,1962,1772,1,0,6,-6,1968,1766,2,30,2,-1,4,29,40,100,290
12622,Nov 16 2005,Friendly in Egypt,Egypt,Tunisia,1707,1702,1,2,-13,13,1694,1715,50,38,-6,1,44,39,20,100,105
12623,Nov 16 2005,Friendly in Georgia,Georgia,Jordan,1488,1550,3,2,9,-9,1497,1541,85,72,0,-1,85,71,20,100,38
12624,Nov 16 2005,Friendly in Greece,Greece,Hungary,1809,1602,2,1,3,-3,1812,1599,21,58,0,1,21,59,20,100,307
12625,Nov 16 2005,Friendly in Switzerland,Italy,Ivory Coast,1945,1691,1,1,-6,6,1939,1697,7,40,0,2,7,42,20,0,254
12626,Nov 16 2005,Friendly in Japan,Japan,Angola,1809,1550,1,0,2,-2,1811,1548,23,68,-1,1,22,69,20,100,359
12627,Nov 16 2005,Friendly in France,Libya,DR Congo,1470,1477,2,1,10,-10,1480,1467,85,91,3,-1,88,90,20,0,-7
12628,Nov 16 2005,Friendly in Luxembourg,Luxembourg,Canada,981,1565,0,1,-1,1,980,1566,191,68,0,-1,191,67,20,0,-584
12629,Nov 16 2005,Friendly in Poland,Poland,Estonia,1846,1427,3,1,1,-1,1847,1426,15,99,0,0,15,99,20,100,519
12630,Nov 16 2005,Friendly in Qatar,Qatar,Argentina,1519,1927,0,3,-5,5,1514,1932,83,8,-3,0,80,8,20,100,-308
12631,Nov 16 2005,Friendly in Romania,Romania,Nigeria,1845,1764,3,0,9,-9,1854,1755,12,35,2,-3,14,32,20,100,181
12632,Nov 16 2005,World Cup qualifier in Slovakia,Slovakia,Spain,1671,1968,1,1,10,-10,1681,1958,47,8,0,-2,47,6,30,0,-297
12633,Nov 16 2005,Friendly in South Korea,South Korea,Serbia and Montenegro,1670,1808,2,0,17,-17,1687,1791,42,25,3,-1,45,24,20,100,-38
12634,Nov 16 2005,Friendly in Syria,Syria,United Arab Emirates,1484,1437,0,3,-24,24,1460,1461,104,91,-9,3,95,94,20,100,147
12635,Nov 16 2005,World Cup qualifier in Turkey,Turkey,Switzerland,1825,1799,4,2,20,-20,1845,1779,13,26,3,-1,16,25,40,100,126
12636,Nov 18 2005,Amilcar Cabral Cup in Guinea,Guinea,Guinea-Bissau,1521,1224,2,2,-16,16,1505,1240,88,142,-6,3,82,145,40,100,397
12637,Nov 20 2005,Amilcar Cabral Cup in Guinea,Guinea-Bissau,Sierra Leone,1240,1332,1,1,5,-5,1245,1327,141,120,2,-1,143,119,40,0,-92
12638,Nov 22 2005,Amilcar Cabral Cup in Guinea,Guinea,Sierra Leone,1505,1327,1,0,7,-7,1512,1320,78,125,2,-3,80,122,40,100,278
12639,Nov 24 2005,Friendly in Sudan,Sudan,Ethiopia,1391,1336,1,5,-27,27,1364,1363,112,101,-4,8,108,109,20,100,155
12640,Nov 26 2005,Friendly in Kuwait,Kuwait,Iraq,1450,1515,0,0,-1,1,1449,1516,97,78,0,0,97,78,20,100,35
12641,Nov 26 2005,CECAFA Cup in Rwanda,Rwanda,Zanzibar,1314,1129,0,1,-34,34,1280,1163,148,159,-11,4,137,163,40,100,285
12642,Nov 27 2005,CECAFA Cup in Rwanda,Ethiopia,Uganda,1363,1322,0,0,-2,2,1361,1324,109,118,0,1,109,119,30,0,41
12643,Nov 27 2005,CECAFA Cup in Rwanda,Somalia,Djibouti,1035,872,2,1,11,-11,1046,861,183,201,0,0,183,201,40,0,163
12644,Nov 28 2005,CECAFA Cup in Rwanda,Tanzania,Burundi,1152,1311,2,1,29,-29,1181,1282,159,143,3,-8,162,135,40,0,-159
12645,Nov 28 2005,CECAFA Cup in Rwanda,Zanzibar,Eritrea,1163,1145,3,0,33,-33,1196,1112,151,174,6,-4,157,170,40,0,18
12646,Nov 29 2005,CECAFA Cup in Rwanda,Sudan,Somalia,1364,1046,4,1,10,-10,1374,1036,104,183,2,0,106,183,40,0,318
12647,Nov 30 2005,CECAFA Cup in Rwanda,Rwanda,Eritrea,1280,1112,3,2,7,-7,1287,1105,131,174,3,-2,134,172,40,100,268
12648,Nov 30 2005,CECAFA Cup in Rwanda,Uganda,Djibouti,1324,861,6,1,5,-5,1329,856,119,201,0,0,119,201,40,0,463
12649,Nov 30 2005,CECAFA Cup in Rwanda,Zanzibar,Burundi,1196,1282,2,1,25,-25,1221,1257,143,145,7,-5,150,140,40,0,-86
12650,Dec 1 2005,CECAFA Cup in Rwanda,Ethiopia,Sudan,1361,1374,3,1,31,-31,1392,1343,99,122,5,-8,104,114,40,0,-13
12651,Dec 1 2005,West Asian Games in Qatar,Iraq,Palestine,1516,1206,4,0,11,-11,1527,1195,70,159,4,-2,74,157,40,0,310
12652,Dec 1 2005,CECAFA Cup in Rwanda,Uganda,Somalia,1329,1036,7,0,14,-14,1343,1022,109,187,5,-2,114,185,40,0,293
12653,Dec 2 2005,CECAFA Cup in Rwanda,Burundi,Eritrea,1257,1105,0,0,-8,8,1249,1113,140,166,0,3,140,169,40,0,152
12654,Dec 2 2005,CECAFA Cup in Rwanda,Tanzania,Zanzibar,1181,1221,1,1,2,-2,1183,1219,162,150,0,0,162,150,30,0,-40
12655,Dec 2 2005,Friendly in the United Arab Emirates,United Arab Emirates,Libya,1461,1480,1,1,-2,2,1459,1482,96,84,-1,2,95,86,20,100,81
12656,Dec 3 2005,CECAFA Cup in Rwanda,Ethiopia,Djibouti,1392,856,6,0,4,-4,1396,852,104,203,0,-1,104,202,40,0,536
12657,Dec 3 2005,West Asian Games in Qatar,Saudi Arabia,Palestine,1695,1195,2,0,3,-3,1698,1192,41,159,1,-1,42,158,40,0,500
12658,Dec 3 2005,West Asian Games in Qatar,Syria,Oman,1460,1630,3,1,44,-44,1504,1586,72,71,11,-8,83,63,40,0,-170
12659,Dec 3 2005,CECAFA Cup in Rwanda,Uganda,Sudan,1343,1343,3,0,35,-35,1378,1308,100,140,7,-13,107,127,40,0,0
12660,Dec 4 2005,West Asian Games in Qatar,Bahrain,Syria,1538,1504,2,2,-2,2,1536,1506,72,83,0,0,72,83,40,0,34
12661,Dec 4 2005,CECAFA Cup in Rwanda,Rwanda,Burundi,1287,1249,2,0,19,-19,1306,1230,126,154,4,-7,130,147,40,100,138
12662,Dec 4 2005,CECAFA Cup in Rwanda,Tanzania,Eritrea,1183,1113,1,0,16,-16,1199,1097,150,179,6,-5,156,174,40,0,70
12663,Dec 5 2005,CECAFA Cup in Rwanda,Ethiopia,Somalia,1396,1022,3,1,6,-6,1402,1016,102,185,1,0,103,185,40,0,374
12664,Dec 5 2005,West Asian Games in Qatar,Iraq,Saudi Arabia,1527,1698,5,1,55,-55,1582,1643,56,64,9,-11,65,53,40,0,-171
12665,Dec 5 2005,CECAFA Cup in Rwanda,Sudan,Djibouti,1308,852,4,0,5,-5,1313,847,125,202,1,0,126,202,40,0,456
12666,Dec 6 2005,West Asian Games in Qatar,Bahrain,Oman,1536,1586,2,2,3,-3,1539,1583,73,65,0,-1,73,64,40,0,-50
12667,Dec 6 2005,CECAFA Cup in Rwanda,Rwanda,Tanzania,1306,1199,3,1,14,-14,1320,1185,112,168,9,-6,121,162,40,100,207
12668,Dec 7 2005,South Asian Championship in Pakistan,Maldives,Afghanistan,993,815,9,1,25,-25,1018,790,182,207,3,0,185,207,40,0,178
12669,Dec 7 2005,South Asian Championship in Pakistan,Pakistan,Sri Lanka,875,983,1,0,20,-20,895,963,194,195,3,-3,197,192,30,0,-108
12670,Dec 8 2005,South Asian Championship in Pakistan,Bangladesh,Bhutan,1012,587,3,0,6,-6,1018,581,182,223,3,0,185,223,40,0,425
12671,Dec 8 2005,CECAFA Cup in Rwanda,Ethiopia,Zanzibar,1402,1219,4,0,19,-19,1421,1200,97,160,3,-5,100,155,40,0,183
12672,Dec 8 2005,South Asian Championship in Pakistan,India,Nepal,1144,853,2,1,6,-6,1150,847,166,201,0,0,166,201,40,0,291
12673,Dec 8 2005,West Asian Games in Qatar,Iraq,Saudi Arabia,1582,1643,2,0,35,-35,1617,1608,45,59,10,-3,55,56,40,0,-61
12674,Dec 8 2005,CECAFA Cup in Rwanda,Rwanda,Uganda,1320,1378,1,0,18,-18,1338,1360,113,113,4,-3,117,110,40,100,42
12675,Dec 9 2005,South Asian Championship in Pakistan,Maldives,Sri Lanka,1018,963,2,0,25,-25,1043,938,181,194,2,-1,183,193,40,0,55
12676,Dec 9 2005,South Asian Championship in Pakistan,Pakistan,Afghanistan,895,790,1,0,9,-9,904,781,195,207,1,0,196,207,40,100,205
12677,Dec 10 2005,South Asian Championship in Pakistan,Bangladesh,Nepal,1018,847,2,0,16,-16,1034,831,182,205,2,-2,184,203,40,0,171
12678,Dec 10 2005,South Asian Championship in Pakistan,India,Bhutan,1150,581,3,0,3,-3,1153,578,164,225,1,-1,165,224,40,0,569
12679,Dec 10 2005,West Asian Games in Qatar,Iraq,Syria,1617,1506,2,2,-6,6,1611,1512,55,77,0,3,55,80,40,0,111
12680,Dec 10 2005,CECAFA Cup in Rwanda,Rwanda,Ethiopia,1338,1421,0,1,-21,21,1317,1442,131,96,-7,2,124,98,40,100,17
12681,Dec 10 2005,CECAFA Cup in Rwanda,Uganda,Zanzibar,1360,1200,0,0,-9,9,1351,1209,114,153,-2,1,112,154,40,0,160
12682,Dec 11 2005,South Asian Championship in Pakistan,Afghanistan,Sri Lanka,781,938,2,1,28,-28,809,910,207,197,0,-2,207,195,40,0,-157
12683,Dec 11 2005,Friendly in the Dem Rep of the Congo,DR Congo,Zambia,1467,1522,1,1,-1,1,1466,1523,91,75,0,0,91,75,20,100,45
12684,Dec 11 2005,South Asian Championship in Pakistan,Pakistan,Maldives,904,1043,0,0,2,-2,906,1041,196,183,0,0,196,183,30,100,-39
12685,Dec 12 2005,South Asian Championship in Pakistan,Bangladesh,India,1034,1153,1,1,7,-7,1041,1146,182,167,1,-1,183,166,40,0,-119
12686,Dec 12 2005,South Asian Championship in Pakistan,Nepal,Bhutan,831,578,3,1,11,-11,842,567,201,224,1,0,202,224,40,0,253
12687,Dec 14 2005,South Asian Championship in Pakistan,India,Maldives,1146,1041,1,0,14,-14,1160,1027,164,187,1,-2,165,185,40,0,105
12688,Dec 14 2005,Friendly in the United States,Mexico,Hungary,1829,1599,2,0,6,-6,1835,1593,18,61,0,-1,18,60,20,0,230
12689,Dec 14 2005,South Asian Championship in Pakistan,Pakistan,Bangladesh,906,1041,0,1,-18,18,888,1059,200,177,-2,3,198,180,40,100,-35
12690,Dec 14 2005,Friendly in Zambia,Zambia,DR Congo,1523,1466,4,1,10,-10,1533,1456,73,101,1,-5,74,96,20,100,157
12691,Dec 16 2005,Friendly in Mauritius,Mauritius,Réunion,1323,1276,1,1,-4,4,1319,1280,125,137,-3,0,122,137,20,100,147
12692,Dec 17 2005,South Asian Championship in Pakistan,India,Bangladesh,1160,1059,2,0,22,-22,1182,1037,161,186,2,-3,163,183,40,0,101
12693,Dec 18 2005,Friendly in the United States,Hungary,Antigua and Barbuda,1593,1113,3,0,2,-2,1595,1111,60,169,0,0,60,169,20,0,480
12694,Dec 18 2005,Friendly in Réunion,Réunion,Mauritius,1280,1319,1,2,-12,12,1268,1331,137,116,0,3,137,119,20,100,61
12695,Dec 22 2005,Asian Cup qualifier in Bangladesh,Bangladesh,Pakistan,1037,888,0,0,-12,12,1025,900,189,196,-3,1,186,197,40,100,249
12696,Dec 24 2005,King's Cup in Thailand,Thailand,Latvia,1317,1465,1,1,2,-2,1319,1463,122,91,1,0,123,91,30,100,-48
12697,Dec 26 2005,King's Cup in Thailand,Latvia,North Korea,1463,1501,1,1,2,-2,1465,1499,91,85,0,0,91,85,30,0,-38
12698,Dec 26 2005,Asian Cup qualifier in Pakistan,Pakistan,Bangladesh,900,1025,0,1,-19,19,881,1044,199,180,-1,3,198,183,40,100,-25
12699,Dec 27 2005,Friendly tournament in Egypt,Egypt,Uganda,1694,1351,2,0,3,-3,1697,1348,41,114,1,-1,42,113,30,100,443
12700,Dec 27 2005,Friendly tournament in Egypt,Senegal,Ecuador,1706,1758,2,1,17,-17,1723,1741,34,37,3,-3,37,34,30,0,-52
12701,Dec 28 2005,King's Cup in Thailand,Thailand,North Korea,1319,1499,0,2,-17,17,1302,1516,137,73,-7,6,130,79,30,100,-80
12702,Dec 29 2005,Friendly tournament in Egypt,Egypt,Senegal,1697,1723,4,2,18,-18,1715,1705,34,45,4,-4,38,41,30,100,74
12703,Dec 29 2005,Friendly tournament in Egypt,Uganda,Ecuador,1348,1741,2,1,27,-27,1375,1714,101,46,6,-6,107,40,30,0,-393
12704,Dec 30 2005,King's Cup in Thailand,Latvia,North Korea,1465,1516,2,1,17,-17,1482,1499,83,91,4,-6,87,85,30,0,-51
12705,Dec 31 2005,Friendly in Zimbabwe,Zimbabwe,Zambia,1508,1533,1,1,-2,2,1506,1535,84,74,-1,0,83,74,20,100,75
12706,Jan 2 2006,Friendly in Qatar,Qatar,Libya,1514,1482,2,0,10,-10,1524,1472,73,95,3,-4,76,91,20,100,132
12707,Jan 5 2006,Friendly in Egypt,Egypt,Zimbabwe,1715,1506,2,0,4,-4,1719,1502,36,83,1,0,37,83,20,100,309
12708,Jan 7 2006,Friendly in France,Guinea,Togo,1512,1587,1,0,12,-12,1524,1575,72,72,4,-5,76,67,20,0,-75
12709,Jan 9 2006,Friendly in Morocco,Morocco,DR Congo,1670,1456,3,0,5,-5,1675,1451,48,96,0,0,48,96,20,100,314
12710,Jan 11 2006,Friendly in Tunisia,Togo,Ghana,1575,1605,1,0,11,-11,1586,1594,59,63,4,-3,63,60,20,0,-30
12711,Jan 12 2006,Friendly in Tunisia,Tunisia,Libya,1715,1472,1,0,2,-2,1717,1470,39,91,0,0,39,91,20,100,343
12712,Jan 14 2006,Friendly in Egypt,Egypt,South Africa,1719,1518,1,2,-17,17,1702,1535,43,69,-3,5,40,74,20,100,301
12713,Jan 14 2006,Friendly in Morocco,Morocco,Zimbabwe,1675,1502,1,0,3,-3,1678,1499,48,85,0,-1,48,84,20,100,273
12714,Jan 14 2006,Friendly in Senegal,Senegal,DR Congo,1705,1451,0,0,-8,8,1697,1459,43,92,-1,2,42,94,20,100,354
12715,Jan 15 2006,Friendly in Tunisia,Tunisia,Ghana,1717,1594,2,0,7,-7,1724,1587,32,62,3,-1,35,61,20,100,223
12716,Jan 17 2006,Friendly in the United Arab Emirates,Ivory Coast,Jordan,1697,1541,2,0,9,-9,1706,1532,38,78,2,-3,40,75,20,0,156
12717,Jan 17 2006,Friendly in Morocco,Morocco,Angola,1678,1548,2,2,-6,6,1672,1554,48,70,0,0,48,70,20,100,230
12718,Jan 18 2006,Friendly in Saudi Arabia,Saudi Arabia,Sweden,1608,1903,1,1,5,-5,1613,1898,54,10,1,0,55,10,20,100,-195
12719,Jan 18 2006,Friendly in the United Arab Emirates,United Arab Emirates,South Korea,1459,1687,1,0,14,-14,1473,1673,88,50,3,-3,91,47,20,100,-128
12720,Jan 20 2006,African Nations Cup in Egypt,Egypt,Libya,1702,1470,3,0,11,-11,1713,1459,39,96,1,-2,40,94,30,0,232
12721,Jan 21 2006,African Nations Cup in Egypt,Cameroon,Angola,1744,1554,3,1,19,-19,1763,1535,27,72,3,-1,30,71,50,0,190
12722,Jan 21 2006,African Nations Cup in Egypt,DR Congo,Togo,1459,1586,2,0,51,-51,1510,1535,70,79,12,-8,82,71,50,0,-127
12723,Jan 21 2006,Friendly tournament in Saudi Arabia,Greece,South Korea,1812,1673,1,1,-6,6,1806,1679,23,47,-1,0,22,47,20,100,239
12724,Jan 21 2006,African Nations Cup in Egypt,Ivory Coast,Morocco,1706,1672,1,0,23,-23,1729,1649,29,54,6,-3,35,51,50,0,34
12725,Jan 21 2006,Friendly tournament in Saudi Arabia,Saudi Arabia,Finland,1613,1660,1,1,-2,2,1611,1662,55,49,0,1,55,50,20,100,53
12726,Jan 22 2006,African Nations Cup in Egypt,Guinea,South Africa,1524,1535,2,0,39,-39,1563,1496,59,103,9,-16,68,87,50,0,-11
12727,Jan 22 2006,African Nations Cup in Egypt,Tunisia,Zambia,1724,1535,4,1,22,-22,1746,1513,32,87,2,-8,34,79,50,0,189
12728,Jan 22 2006,Friendly in the United States,United States,Canada,1841,1566,0,0,-8,8,1833,1574,19,67,-1,0,18,67,20,100,375
12729,Jan 23 2006,Friendly in the United Arab Emirates,Jordan,Sweden,1532,1898,0,0,8,-8,1540,1890,68,12,3,-1,71,11,20,0,-366
12730,Jan 23 2006,African Nations Cup in Egypt,Nigeria,Ghana,1755,1587,1,0,14,-14,1769,1573,24,73,4,-6,28,67,50,0,168
12731,Jan 23 2006,African Nations Cup in Egypt,Senegal,Zimbabwe,1697,1499,2,0,18,-18,1715,1481,37,92,3,-4,40,88,50,0,198
12732,Jan 24 2006,African Nations Cup in Egypt,Egypt,Morocco,1713,1649,0,0,-11,11,1702,1660,42,51,0,0,42,51,50,100,164
12733,Jan 24 2006,African Nations Cup in Egypt,Ivory Coast,Libya,1729,1459,2,1,9,-9,1738,1450,34,97,1,-1,35,96,50,0,270
12734,Jan 25 2006,African Nations Cup in Egypt,Angola,DR Congo,1535,1510,0,0,-2,2,1533,1512,73,79,0,1,73,80,50,0,25
12735,Jan 25 2006,African Nations Cup in Egypt,Cameroon,Togo,1763,1535,2,0,16,-16,1779,1519,19,81,6,-4,25,77,50,0,228
12736,Jan 25 2006,Friendly in Ecuador,Ecuador,Honduras,1714,1723,1,0,7,-7,1721,1716,35,42,3,-2,38,40,20,100,91
12737,Jan 25 2006,Friendly in the United States,Mexico,Norway,1835,1766,2,1,8,-8,1843,1758,17,34,0,-2,17,32,20,0,69
12738,Jan 25 2006,Friendly tournament in Saudi Arabia,Saudi Arabia,Greece,1611,1806,1,1,4,-4,1615,1802,55,22,0,0,55,22,30,100,-95
12739,Jan 25 2006,Friendly tournament in Saudi Arabia,South Korea,Finland,1679,1662,1,0,14,-14,1693,1648,41,52,3,-1,44,51,30,0,17
12740,Jan 26 2006,African Nations Cup in Egypt,Guinea,Zambia,1563,1513,2,1,21,-21,1584,1492,56,91,6,-6,62,85,50,0,50
12741,Jan 26 2006,African Nations Cup in Egypt,Tunisia,South Africa,1746,1496,2,0,14,-14,1760,1482,30,86,2,0,32,86,50,0,250
12742,Jan 27 2006,African Nations Cup in Egypt,Ghana,Senegal,1573,1715,1,0,35,-35,1608,1680,44,51,12,-5,56,46,50,0,-142
12743,Jan 27 2006,African Nations Cup in Egypt,Nigeria,Zimbabwe,1769,1481,2,0,12,-12,1781,1469,21,96,4,-4,25,92,50,0,288
12744,Jan 27 2006,Friendly in Northern Cyprus,Northern Cyprus,Kyrgyzstan,1459,1192,3,2,2,-2,1461,1190,95,160,0,-1,95,159,20,100,367
12745,Jan 27 2006,Friendly in Saudi Arabia,Saudi Arabia,Lebanon,1615,1340,1,2,-18,18,1597,1358,63,108,-4,4,59,112,20,100,375
12746,Jan 28 2006,African Nations Cup in Egypt,Egypt,Ivory Coast,1702,1738,3,1,31,-31,1733,1707,29,47,6,-6,35,41,50,100,64
12747,Jan 28 2006,African Nations Cup in Egypt,Libya,Morocco,1450,1660,0,0,14,-14,1464,1646,90,54,3,-2,93,52,50,0,-210
12748,Jan 29 2006,African Nations Cup in Egypt,Angola,Togo,1533,1519,3,2,24,-24,1557,1495,67,91,3,-7,70,84,50,0,14
12749,Jan 29 2006,African Nations Cup in Egypt,Cameroon,DR Congo,1779,1512,2,0,13,-13,1792,1499,22,83,2,-2,24,81,50,0,267
12750,Jan 29 2006,Friendly tournament in Hong Kong,South Korea,Croatia,1693,1863,2,0,33,-33,1726,1830,31,23,6,-5,37,18,30,0,-170
12751,Jan 29 2006,Friendly in the United States,United States,Norway,1833,1758,5,0,11,-11,1844,1747,14,35,2,-1,16,34,20,100,175
12752,Jan 30 2006,Friendly in Bahrain,Bahrain,Syria,1539,1512,1,1,-4,4,1535,1516,73,78,0,0,73,78,20,100,127
12753,Jan 30 2006,African Nations Cup in Egypt,Guinea,Tunisia,1584,1760,3,0,64,-64,1648,1696,37,54,13,-11,50,43,50,0,-176
12754,Jan 30 2006,African Nations Cup in Egypt,Zambia,South Africa,1492,1482,1,0,24,-24,1516,1458,71,106,7,-10,78,96,50,0,10
12755,Jan 31 2006,African Nations Cup in Egypt,Nigeria,Senegal,1781,1680,2,1,18,-18,1799,1662,20,52,3,-3,23,49,50,0,101
12756,Jan 31 2006,African Nations Cup in Egypt,Zimbabwe,Ghana,1469,1608,2,1,35,-35,1504,1573,71,79,10,-11,81,68,50,0,-139
12757,Feb 1 2006,Friendly tournament in Hong Kong,Hong Kong,Croatia,1233,1830,0,4,-3,3,1230,1833,146,18,0,0,146,18,30,100,-497
12758,Feb 1 2006,Friendly in Thailand,Thailand,Jordan,1302,1540,0,0,4,-4,1306,1536,130,72,0,0,130,72,20,100,-138
12759,Feb 3 2006,African Nations Cup in Egypt,Egypt,DR Congo,1733,1499,4,1,11,-11,1744,1488,34,89,0,-3,34,86,30,0,234
12760,Feb 3 2006,Friendly in Kuwait,Kuwait,Singapore,1449,1322,2,2,-6,6,1443,1328,97,120,0,0,97,120,20,100,227
12761,Feb 3 2006,African Nations Cup in Egypt,Senegal,Guinea,1662,1648,3,2,24,-24,1686,1624,39,60,5,-5,44,55,50,0,14
12762,Feb 4 2006,African Nations Cup in Egypt,Cameroon,Ivory Coast,1792,1707,1,1,-6,6,1786,1713,27,41,-1,0,26,41,50,0,85
12763,Feb 4 2006,African Nations Cup in Egypt,Nigeria,Tunisia,1799,1696,1,1,-7,7,1792,1703,25,41,-1,1,24,42,50,0,103
12764,Feb 6 2006,Friendly in Qatar,Oman,Singapore,1583,1328,1,0,4,-4,1587,1324,60,120,2,0,62,120,20,0,255
12765,Feb 7 2006,African Nations Cup in Egypt,Egypt,Senegal,1744,1686,2,1,14,-14,1758,1672,30,50,2,-3,32,47,50,100,158
12766,Feb 7 2006,African Nations Cup in Egypt,Ivory Coast,Nigeria,1713,1792,1,0,31,-31,1744,1761,29,38,6,-7,35,31,50,0,-79
12767,Feb 7 2006,Friendly in Kuwait,Kuwait,Jordan,1443,1536,2,1,10,-10,1453,1526,97,76,0,-2,97,74,20,100,7
12768,Feb 7 2006,Friendly in Syria,Syria,Palestine,1516,1192,3,0,3,-3,1519,1189,76,160,1,-1,77,159,20,100,424
12769,Feb 9 2006,African Nations Cup in Egypt,Nigeria,Senegal,1761,1672,1,0,19,-19,1780,1653,21,51,5,-2,26,49,50,0,89
12770,Feb 10 2006,African Nations Cup in Egypt,Egypt,Ivory Coast,1758,1744,0,0,-8,8,1750,1752,34,29,-1,3,33,32,50,100,114
12771,Feb 10 2006,Friendly in the United States,United States,Japan,1844,1811,3,2,6,-6,1850,1805,12,21,2,0,14,21,20,100,133
12772,Feb 11 2006,Friendly in the United States,Costa Rica,South Korea,1733,1726,1,0,10,-10,1743,1716,36,43,0,-3,36,40,20,0,7
12773,Feb 12 2006,Friendly in China,China,Honduras,1643,1716,0,1,-11,11,1632,1727,53,34,0,3,53,37,20,100,27
12774,Feb 13 2006,Friendly in Oman,Oman,Iraq,1587,1611,1,0,8,-8,1595,1603,58,56,2,0,60,56,20,100,76
12775,Feb 14 2006,Friendly in Jordan,Jordan,Kazakhstan,1526,1319,2,0,4,-4,1530,1315,74,125,0,-1,74,124,20,100,307
12776,Feb 14 2006,Friendly in Qatar,Qatar,Tajikistan,1524,1308,2,0,4,-4,1528,1304,75,132,0,-2,75,130,20,100,316
12777,Feb 14 2006,Friendly in Saudi Arabia,Saudi Arabia,Syria,1597,1519,1,1,-5,5,1592,1524,63,75,-2,1,61,76,20,100,178
12778,Feb 15 2006,Friendly in Hong Kong,Hong Kong,Singapore,1230,1324,1,1,0,0,1230,1324,146,120,0,0,146,120,20,100,6
12779,Feb 15 2006,Friendly in the United States,South Korea,Mexico,1716,1843,1,0,14,-14,1730,1829,33,19,4,-1,37,18,20,0,-127
12780,Feb 16 2006,Friendly in Bahrain,Bahrain,Palestine,1535,1189,0,2,-28,28,1507,1217,88,143,-8,8,80,151,20,100,446
12781,Feb 16 2006,Friendly in Thailand,Thailand,Iraq,1306,1603,4,3,15,-15,1321,1588,113,68,8,-6,121,62,20,100,-197
12782,Feb 18 2006,Friendly in Hong Kong,Hong Kong,India,1230,1182,2,2,-4,4,1226,1186,148,159,-1,2,147,161,20,100,148
12783,Feb 18 2006,Friendly in Japan,Japan,Finland,1805,1648,2,0,6,-6,1811,1642,21,54,0,-2,21,52,20,100,257
12784,Feb 18 2006,Friendly in Bahrain,Palestine,Pakistan,1217,881,3,0,4,-4,1221,877,149,200,1,-1,150,199,20,0,336
12785,Feb 19 2006,Friendly in New Zealand,New Zealand,Malaysia,1522,1201,1,0,2,-2,1524,1199,74,156,1,0,75,156,20,100,421
12786,Feb 19 2006,Friendly in the United States,United States,Guatemala,1850,1584,4,0,4,-4,1854,1580,12,64,1,0,13,64,20,100,366
12787,Feb 22 2006,Asian Cup qualifier in Bahrain,Bahrain,Australia,1507,1768,1,3,-17,17,1490,1785,92,22,-6,4,86,26,40,100,-161
12788,Feb 22 2006,Asian Cup qualifier in China,China,Palestine,1632,1221,2,0,3,-3,1635,1218,53,146,0,2,53,148,20,0,411
12789,Feb 22 2006,Asian Cup qualifier in Hong Kong,Hong Kong,Qatar,1226,1528,0,3,-17,17,1209,1545,159,66,-6,4,153,70,40,100,-202
12790,Feb 22 2006,Asian Cup qualifier in Iran,Iran,Taiwan,1796,969,4,0,0,0,1796,969,23,191,0,0,23,191,20,0,827
12791,Feb 22 2006,Asian Cup qualifier in Japan,Japan,India,1811,1186,6,0,1,-1,1812,1185,21,163,0,-1,21,162,20,0,625
12792,Feb 22 2006,Asian Cup qualifier in Jordan,Jordan,Pakistan,1530,877,3,0,1,-1,1531,876,73,201,0,-1,73,200,20,0,653
12793,Feb 22 2006,Asian Cup qualifier in Lebanon,Lebanon,Kuwait,1358,1453,1,1,0,0,1358,1453,114,97,-1,0,113,97,20,100,5
12794,Feb 22 2006,Asian Cup qualifier in Singapore,Singapore,Iraq,1324,1588,2,0,43,-43,1367,1545,100,78,10,-8,110,70,40,100,-164
12795,Feb 22 2006,Asian Cup qualifier in Syria,Syria,South Korea,1524,1730,1,2,-14,14,1510,1744,81,35,-3,1,78,36,40,100,-106
12796,Feb 22 2006,Asian Cup qualifier in the United Arab Emirates,United Arab Emirates,Oman,1473,1595,1,0,21,-21,1494,1574,79,72,6,-7,85,65,40,100,-22
12797,Feb 22 2006,Asian Cup qualifier in Uzbekistan,Uzbekistan,Bangladesh,1576,1044,5,0,2,-2,1578,1042,62,183,2,0,64,183,20,0,532
12798,Feb 22 2006,Asian Cup qualifier in Yemen,Yemen,Saudi Arabia,1222,1592,0,4,-13,13,1209,1605,157,52,-4,4,153,56,40,100,-270
12799,Feb 23 2006,Friendly in New Zealand,New Zealand,Malaysia,1524,1199,2,1,2,-2,1526,1197,75,158,0,-1,75,157,20,100,425
12800,Feb 24 2006,Friendly in Guyana,Guyana,Antigua and Barbuda,1110,1111,2,1,7,-7,1117,1104,167,173,2,-2,169,171,20,100,99
12801,Feb 24 2006,Friendly in Cyprus,Kazakhstan,North Korea,1315,1499,0,0,5,-5,1320,1494,119,86,3,-2,122,84,20,0,-184
12802,Feb 25 2006,Friendly in Saint Kitts and Nevis,Saint Kitts and Nevis,Saint Martin,1247,1027,6,1,5,-5,1252,1022,140,187,0,-1,140,186,20,100,320
12803,Feb 26 2006,Friendly in Benin,Benin,Equatorial Guinea,1291,1091,0,1,-17,17,1274,1108,139,166,-3,5,136,171,20,100,300
12804,Feb 26 2006,Friendly in Guyana,Guyana,Antigua and Barbuda,1117,1104,4,1,12,-12,1129,1092,165,179,2,-4,167,175,20,100,113
12805,Feb 28 2006,Friendly in France,Algeria,Burkina Faso,1414,1413,0,0,0,0,1414,1413,101,102,0,0,101,102,20,0,1
12806,Feb 28 2006,Friendly in Azerbaijan,Azerbaijan,Ukraine,1348,1774,0,0,7,-7,1355,1767,112,30,2,0,114,30,20,100,-326
12807,Feb 28 2006,Friendly in Germany,Bosnia and Herzegovina,Japan,1630,1812,2,2,5,-5,1635,1807,50,23,2,-1,52,22,20,0,-182
12808,Feb 28 2006,Friendly tournament in Cyprus,Cyprus,Slovenia,1462,1598,0,1,-13,13,1449,1611,101,54,-4,2,97,56,30,100,-36
12809,Feb 28 2006,Friendly tournament in Cyprus,Finland,Kazakhstan,1642,1320,0,0,-11,11,1631,1331,56,118,-2,2,54,120,30,0,322
12810,Feb 28 2006,Friendly tournament in Cyprus,Greece,Belarus,1802,1587,1,0,7,-7,1809,1580,20,63,1,-1,21,62,30,0,215
12811,Feb 28 2006,Friendly tournament in Cyprus,Romania,Armenia,1854,1410,2,0,3,-3,1857,1407,13,103,0,0,13,103,30,0,444
12812,Feb 28 2006,Friendly in England,Trinidad and Tobago,Iceland,1579,1508,2,0,12,-12,1591,1496,57,85,3,-3,60,82,20,0,71
12813,Mar 1 2006,Friendly in Albania,Albania,Lithuania,1531,1462,1,2,-15,15,1516,1477,77,87,-2,3,75,90,20,100,169
12814,Mar 1 2006,Friendly in Austria,Austria,Canada,1668,1574,0,2,-23,23,1645,1597,55,53,-4,6,51,59,20,100,194
12815,Mar 1 2006,Asian Cup qualifier in Bangladesh,Bangladesh,Hong Kong,1042,1209,0,1,-16,16,1026,1225,187,147,-2,3,185,150,40,100,-67
12816,Mar 1 2006,Friendly tournament in Cyprus,Belarus,Finland,1580,1631,2,2,2,-2,1582,1629,66,52,-2,1,64,53,30,0,-51
12817,Mar 1 2006,Friendly in Switzerland,Croatia,Argentina,1833,1932,3,2,13,-13,1846,1919,13,8,2,0,15,8,20,0,-99
12818,Mar 1 2006,Friendly tournament in Cyprus,Cyprus,Armenia,1449,1407,2,0,14,-14,1463,1393,91,105,3,-1,94,104,30,100,142
12819,Mar 1 2006,Friendly in England,England,Uruguay,1963,1821,2,1,4,-4,1967,1817,1,20,2,0,3,20,20,100,242
12820,Mar 1 2006,Friendly in France,France,Slovakia,1975,1681,1,2,-18,18,1957,1699,9,41,-3,2,6,43,20,100,394
12821,Mar 1 2006,Friendly tournament in Cyprus,Greece,Kazakhstan,1809,1331,2,0,3,-3,1812,1328,21,122,0,-1,21,121,30,0,478
12822,Mar 1 2006,Asian Cup qualifier in India,India,Yemen,1185,1209,0,3,-43,43,1142,1252,170,125,-4,14,166,139,40,100,76
12823,Mar 1 2006,Friendly in Iran,Iran,Costa Rica,1796,1743,3,2,6,-6,1802,1737,23,35,0,1,23,36,20,100,153
12824,Mar 1 2006,Asian Cup qualifier in the United Arab Emirates,Iraq,China,1545,1635,2,1,25,-25,1570,1610,62,58,4,-3,66,55,40,0,-90
12825,Mar 1 2006,Friendly in Ireland,Ireland,Sweden,1824,1890,3,0,16,-16,1840,1874,15,13,2,-1,17,12,20,100,34
12826,Mar 1 2006,Friendly in Israel,Israel,Denmark,1724,1889,0,2,-12,12,1712,1901,43,8,-2,2,41,10,20,100,-65
12827,Mar 1 2006,Friendly in Italy,Italy,Germany,1939,1893,4,1,11,-11,1950,1882,7,12,0,-1,7,11,20,100,146
12828,Mar 1 2006,Asian Cup qualifier in Kuwait,Kuwait,Bahrain,1453,1490,0,0,-4,4,1449,1494,98,84,-1,1,97,85,40,100,63
12829,Mar 1 2006,Friendly in Luxembourg,Luxembourg,Belgium,980,1700,0,2,-1,1,979,1701,190,41,0,1,190,42,20,100,-620
12830,Mar 1 2006,Friendly in Macedonia,Macedonia,Bulgaria,1481,1719,0,1,-6,6,1475,1725,95,37,-3,2,92,39,20,100,-138
12831,Mar 1 2006,Friendly tournament in Malta,Malta,Georgia,1266,1497,0,2,-14,14,1252,1511,139,75,0,3,139,78,30,100,-131
12832,Mar 1 2006,Friendly in the United States,Mexico,Ghana,1829,1573,1,0,4,-4,1833,1569,20,67,-1,0,19,67,20,0,256
12833,Mar 1 2006,Friendly in the Netherlands,Netherlands,Ecuador,1996,1721,1,0,2,-2,1998,1719,2,40,0,0,2,40,20,100,375
12834,Mar 1 2006,Friendly in Northern Ireland,Northern Ireland,Estonia,1502,1426,1,0,5,-5,1507,1421,80,100,0,0,80,100,20,100,176
12835,Mar 1 2006,Asian Cup qualifier in Oman,Oman,Jordan,1574,1531,3,0,21,-21,1595,1510,55,85,5,-6,60,79,40,100,143
12836,Mar 1 2006,Asian Cup qualifier in Pakistan,Pakistan,United Arab Emirates,876,1494,1,4,-3,3,873,1497,200,80,0,2,200,82,30,100,-518
12837,Mar 1 2006,Asian Cup qualifier in Jordan,Palestine,Singapore,1218,1367,1,0,28,-28,1246,1339,136,124,6,-7,142,117,40,0,-149
12838,Mar 1 2006,Friendly in Germany,Portugal,Saudi Arabia,1909,1605,3,0,5,-5,1914,1600,9,59,0,-1,9,58,20,0,304
12839,Mar 1 2006,Asian Cup qualifier in Qatar,Qatar,Uzbekistan,1545,1578,2,1,16,-16,1561,1562,68,72,1,-4,69,68,30,0,-33
12840,Mar 1 2006,Friendly tournament in Cyprus,Romania,Slovenia,1857,1611,2,0,9,-9,1866,1602,13,58,0,-1,13,57,30,0,246
12841,Mar 1 2006,Friendly in Russia,Russia,Brazil,1750,2028,0,1,-5,5,1745,2033,37,1,-2,0,35,1,20,100,-178
12842,Mar 1 2006,Friendly in Scotland,Scotland,Switzerland,1683,1779,1,3,-15,15,1668,1794,48,22,-2,3,46,25,20,100,4
12843,Mar 1 2006,Friendly in Senegal,Senegal,Norway,1653,1747,2,1,10,-10,1663,1737,45,37,2,-1,47,36,20,100,6
12844,Mar 1 2006,Friendly in South Korea,South Korea,Angola,1744,1557,1,0,3,-3,1747,1554,32,73,2,-2,34,71,20,100,287
12845,Mar 1 2006,Friendly in Spain,Spain,Ivory Coast,1958,1752,3,2,3,-3,1961,1749,4,34,1,-1,5,33,20,100,306
12846,Mar 1 2006,Asian Cup qualifier in Taiwan,Taiwan,Syria,969,1510,0,4,-5,5,964,1515,191,76,0,1,191,77,40,100,-441
12847,Mar 1 2006,Friendly in Tunisia,Tunisia,Serbia and Montenegro,1703,1791,0,1,-10,10,1693,1801,46,24,-2,0,44,24,20,100,12
12848,Mar 1 2006,Friendly in Turkey,Turkey,Czechia,1845,1968,2,2,1,-1,1846,1967,14,2,1,1,15,3,20,100,-23
12849,Mar 1 2006,Friendly in Germany,United States,Poland,1854,1847,1,0,10,-10,1864,1837,14,21,0,-3,14,18,20,0,7
12850,Mar 1 2006,Friendly in Venezuela,Venezuela,Colombia,1603,1763,1,1,2,-2,1605,1761,54,31,2,0,56,31,20,100,-60
12851,Mar 1 2006,Friendly in Wales,Wales,Paraguay,1591,1777,0,0,2,-2,1593,1775,64,29,-2,0,62,29,20,100,-86
12852,Mar 4 2006,CEMAC Cup in Equatorial Guinea,Equatorial Guinea,Congo,1108,1381,2,1,29,-29,1137,1352,163,122,4,-8,167,114,40,100,-173
12853,Mar 6 2006,CEMAC Cup in Equatorial Guinea,Equatorial Guinea,Chad,1137,1281,1,1,3,-3,1140,1278,167,135,0,0,167,135,40,100,-44
12854,Mar 8 2006,CEMAC Cup in Equatorial Guinea,Chad,Congo,1278,1352,0,0,4,-4,1282,1348,135,116,0,-1,135,115,40,0,-74
12855,Mar 8 2006,CEMAC Cup in Equatorial Guinea,Central African Republic,Gabon,1214,1398,2,2,10,-10,1224,1388,149,105,2,-1,151,104,40,0,-184
12856,Mar 11 2006,CEMAC Cup in Equatorial Guinea,Equatorial Guinea,Gabon,1140,1388,0,0,8,-8,1148,1380,165,106,1,-1,166,105,40,100,-148
12857,Mar 14 2006,CEMAC Cup in Equatorial Guinea,Chad,Gabon,1282,1380,2,2,5,-5,1287,1375,133,105,1,0,134,105,40,0,-98
12858,Mar 15 2006,Friendly in Saudi Arabia,Saudi Arabia,Iraq,1600,1570,2,2,-4,4,1596,1574,60,66,-1,0,59,66,20,100,130
12859,Mar 22 2006,Friendly in Albania,Albania,Georgia,1516,1511,0,0,-3,3,1513,1514,81,76,-3,1,78,77,20,100,105
12860,Mar 22 2006,Friendly in Germany,Germany,United States,1882,1864,4,1,12,-12,1894,1852,11,14,0,0,11,14,20,100,118
12861,Mar 26 2006,Friendly in Thailand,Thailand,Philippines,1321,696,5,0,1,-1,1322,695,122,215,0,0,122,215,20,0,625
12862,Mar 28 2006,Friendly in Saudi Arabia,Saudi Arabia,Poland,1596,1837,1,2,-6,6,1590,1843,67,16,-4,1,63,17,20,100,-141
12863,Mar 29 2006,Friendly in Equatorial Guinea,Equatorial Guinea,Benin,1148,1274,2,0,16,-16,1164,1258,164,140,1,-2,165,138,20,100,-26
12864,Mar 29 2006,Friendly in the United States,Mexico,Paraguay,1833,1775,2,1,8,-8,1841,1767,17,29,1,0,18,29,20,0,58
12865,Mar 30 2006,Friendly in Japan,Japan,Ecuador,1807,1719,1,0,5,-5,1812,1714,20,40,1,0,21,40,20,100,188
12866,Apr 1 2006,Asian Challenge Cup in Bangladesh,Bangladesh,Cambodia,1026,825,2,1,6,-6,1032,819,181,206,2,0,183,206,40,100,301
12867,Apr 1 2006,Asian Challenge Cup in Bangladesh,Palestine,Guam,1246,537,11,0,2,-2,1248,535,142,227,0,0,142,227,40,0,709
12868,Apr 1 2006,Asian Challenge Cup in Bangladesh,Taiwan,Philippines,964,695,1,0,7,-7,971,688,191,215,0,0,191,215,40,0,269
12869,Apr 1 2006,Friendly in Tanzania,Tanzania,Zanzibar,1185,1209,2,2,-2,2,1183,1211,162,155,0,0,162,155,20,100,76
12870,Apr 2 2006,Asian Challenge Cup in Bangladesh,Nepal,Bhutan,842,567,2,0,10,-10,852,557,200,226,1,-1,201,225,40,0,275
12871,Apr 2 2006,Asian Challenge Cup in Bangladesh,Pakistan,Kyrgyzstan,873,1190,1,0,34,-34,907,1156,192,171,4,-6,196,165,40,0,-317
12872,Apr 2 2006,Asian Challenge Cup in Bangladesh,Sri Lanka,Brunei,910,732,1,0,11,-11,921,721,195,211,0,0,195,211,40,0,178
12873,Apr 2 2006,Asian Challenge Cup in Bangladesh,Tajikistan,Macao,1304,829,4,0,5,-5,1309,824,128,206,1,-1,129,205,40,0,475
12874,Apr 3 2006,Asian Challenge Cup in Bangladesh,Afghanistan,Taiwan,809,971,2,2,9,-9,818,962,205,191,1,0,206,191,40,0,-162
12875,Apr 3 2006,Asian Challenge Cup in Bangladesh,Bangladesh,Guam,1032,535,3,0,2,-2,1034,533,183,227,0,0,183,227,20,0,497
12876,Apr 3 2006,Asian Challenge Cup in Bangladesh,Palestine,Cambodia,1248,819,4,0,6,-6,1254,813,136,208,3,-1,139,207,40,0,429
12877,Apr 4 2006,Asian Challenge Cup in Bangladesh,Brunei,Nepal,721,852,2,1,27,-27,748,825,211,207,0,-3,211,204,40,0,-131
12878,Apr 4 2006,Asian Challenge Cup in Bangladesh,Kyrgyzstan,Macao,1156,824,1,0,5,-5,1161,819,165,205,0,0,165,205,40,0,332
12879,Apr 4 2006,Asian Challenge Cup in Bangladesh,Sri Lanka,Bhutan,921,557,1,0,4,-4,925,553,195,225,0,0,195,225,40,0,364
12880,Apr 4 2006,Asian Challenge Cup in Bangladesh,Tajikistan,Pakistan,1309,907,2,0,5,-5,1314,902,123,198,3,-1,126,197,40,0,402
12881,Apr 5 2006,Asian Challenge Cup in Bangladesh,Afghanistan,Philippines,818,688,1,1,-7,7,811,695,206,215,0,0,206,215,40,0,130
12882,Apr 5 2006,Asian Challenge Cup in Bangladesh,Bangladesh,Palestine,1034,1254,1,1,7,-7,1041,1247,183,145,0,-3,183,142,40,100,-120
12883,Apr 5 2006,Asian Challenge Cup in Bangladesh,Cambodia,Guam,813,533,0,0,-13,13,800,546,207,227,0,0,207,227,40,0,280
12884,Apr 6 2006,Asian Challenge Cup in Bangladesh,Bhutan,Brunei,553,748,0,0,10,-10,563,738,225,211,0,0,225,211,40,0,-195
12885,Apr 6 2006,Asian Challenge Cup in Bangladesh,Cambodia,Guam,800,546,3,0,13,-13,813,533,205,227,1,0,206,227,40,0,254
12886,Apr 6 2006,Asian Challenge Cup in Bangladesh,Kyrgyzstan,Tajikistan,1161,1314,1,0,28,-28,1189,1286,153,142,6,-8,159,134,40,0,-153
12887,Apr 6 2006,Asian Challenge Cup in Bangladesh,Macao,Pakistan,819,902,2,2,5,-5,824,897,205,197,0,0,205,197,40,0,-83
12888,Apr 6 2006,Asian Challenge Cup in Bangladesh,Nepal,Sri Lanka,825,925,1,1,6,-6,831,919,202,195,1,0,203,195,40,0,-100
12889,Apr 7 2006,Asian Challenge Cup in Bangladesh,Kyrgyzstan,Macao,1189,824,2,0,7,-7,1196,817,157,205,1,0,158,205,40,0,365
12890,Apr 8 2006,Asian Challenge Cup in Bangladesh,Sri Lanka,Taiwan,919,962,3,0,39,-39,958,923,187,199,4,-4,191,195,40,0,-43
12891,Apr 9 2006,Asian Challenge Cup in Bangladesh,Kyrgyzstan,Palestine,1196,1247,1,0,23,-23,1219,1224,146,158,6,-8,152,150,40,0,-51
12892,Apr 10 2006,Asian Challenge Cup in Bangladesh,Bangladesh,Tajikistan,1041,1286,1,6,-24,24,1017,1310,189,122,-3,6,186,128,40,100,-145
12893,Apr 11 2006,Friendly in the United States,United States,Jamaica,1852,1648,1,1,-7,7,1845,1655,18,49,-2,0,16,49,20,100,304
12894,Apr 12 2006,Friendly in Azerbaijan,Azerbaijan,Turkey,1355,1846,1,1,8,-8,1363,1838,106,24,3,-5,109,19,20,100,-391
12895,Apr 12 2006,Asian Challenge Cup in Bangladesh,Nepal,Sri Lanka,831,958,1,1,7,-7,838,951,201,191,1,0,202,191,40,0,-127
12896,Apr 13 2006,Asian Challenge Cup in Bangladesh,Tajikistan,Kyrgyzstan,1310,1219,2,0,22,-22,1332,1197,110,162,9,-5,119,157,40,0,91
12897,Apr 14 2006,Friendly in Lesotho,Lesotho,Swaziland,1129,1195,5,0,18,-18,1147,1177,166,165,1,-3,167,162,20,100,34
12898,Apr 16 2006,Friendly in Lesotho,Lesotho,Swaziland,1147,1177,2,2,-2,2,1145,1179,167,162,0,0,167,162,20,100,70
12899,Apr 16 2006,Asian Challenge Cup in Bangladesh,Tajikistan,Sri Lanka,1332,951,4,0,8,-8,1340,943,115,191,2,0,117,191,40,0,381
12900,Apr 22 2006,Friendly in France,Kosovo,Monaco,1370,893,7,1,3,-3,1373,890,107,198,0,0,107,198,20,0,477
12901,Apr 25 2006,Friendly in Chile,Chile,New Zealand,1680,1526,4,1,7,-7,1687,1519,45,73,0,0,45,73,20,100,254
12902,Apr 27 2006,Friendly in Chile,Chile,New Zealand,1687,1519,1,0,4,-4,1691,1515,45,77,0,-2,45,75,20,100,268
12903,Apr 29 2006,COSAFA Cup in Lesotho,Angola,Mauritius,1554,1331,5,1,16,-16,1570,1315,63,131,4,-5,67,126,40,0,223
12904,Apr 29 2006,COSAFA Cup in Lesotho,Lesotho,Mozambique,1145,1298,0,0,3,-3,1148,1295,167,131,0,0,167,131,40,100,-53
12905,Apr 30 2006,COSAFA Cup in Lesotho,Lesotho,Angola,1148,1570,1,3,-8,8,1140,1578,169,65,-1,1,168,66,40,100,-322
12906,Apr 30 2006,COSAFA Cup in Lesotho,Mauritius,Mozambique,1315,1295,0,0,-1,1,1314,1296,126,131,0,0,126,131,20,0,20
12907,May 2 2006,Friendly in Poland,Poland,Lithuania,1843,1477,0,1,-19,19,1824,1496,22,76,-3,7,19,83,20,100,466
12908,May 2 2006,Friendly in the United Arab Emirates,United Arab Emirates,Syria,1497,1515,2,1,8,-8,1505,1507,80,83,1,-4,81,79,20,100,82
12909,May 5 2006,Friendly in the United States,Mexico,Venezuela,1841,1605,1,0,4,-4,1845,1601,14,58,1,-1,15,57,20,0,236
12910,May 9 2006,Friendly tournament in Japan,Japan,Bulgaria,1812,1725,1,2,-22,22,1790,1747,29,29,-4,5,25,34,30,100,187
12911,May 10 2006,Friendly in Lesotho,Lesotho,South Africa,1140,1458,0,0,6,-6,1146,1452,166,96,1,0,167,96,20,100,-218
12912,May 10 2006,Friendly in Trinidad and Tobago,Trinidad and Tobago,Peru,1591,1663,1,1,-1,1,1590,1664,62,47,0,0,62,47,20,100,28
12913,May 11 2006,Friendly in the Netherlands,Belgium,Saudi Arabia,1701,1590,2,1,7,-7,1708,1583,42,64,0,-1,42,63,20,0,111
12914,May 11 2006,Friendly tournament in Japan,Scotland,Bulgaria,1668,1747,5,1,34,-34,1702,1713,40,46,3,-6,43,40,30,0,-79
12915,May 12 2006,Friendly in Mexico,Mexico,DR Congo,1845,1488,2,1,1,-1,1846,1487,13,88,1,0,14,88,20,100,457
12916,May 13 2006,Friendly tournament in Japan,Japan,Scotland,1790,1702,0,0,-7,7,1783,1709,29,41,-2,1,27,42,30,100,188
12917,May 14 2006,Friendly in Botswana,Botswana,Zambia,1310,1516,0,0,3,-3,1313,1513,127,78,1,-2,128,76,20,100,-106
12918,May 14 2006,Friendly in Poland,Poland,Faroe Islands,1824,1213,4,0,1,-1,1825,1212,19,154,0,0,19,154,20,0,611
12919,May 14 2006,Friendly in the Netherlands,Saudi Arabia,Togo,1583,1495,1,0,8,-8,1591,1487,61,89,1,-2,62,87,20,0,88
12920,May 18 2006,Friendly in Moldova,Moldova,Azerbaijan,1428,1363,0,0,-4,4,1424,1367,99,109,0,0,99,109,20,100,165
12921,May 20 2006,COSAFA Cup in Botswana,Botswana,Madagascar,1313,1244,2,0,16,-16,1329,1228,114,150,7,-3,121,147,40,100,169
12922,May 20 2006,Friendly tournament in Guadeloupe,Guadeloupe,Saint Lucia,1361,1268,2,1,7,-7,1368,1261,106,138,2,-1,108,137,20,0,93
12923,May 20 2006,Friendly in Slovakia,Slovakia,Belgium,1699,1708,1,1,-3,3,1696,1711,44,41,0,1,44,42,20,100,91
12924,May 20 2006,COSAFA Cup in Botswana,South Africa,Swaziland,1452,1179,1,0,7,-7,1459,1172,96,162,0,0,96,162,40,0,273
12925,May 21 2006,COSAFA Cup in Botswana,Botswana,South Africa,1329,1459,0,0,2,-2,1331,1457,121,96,0,0,121,96,40,100,-30
12926,May 21 2006,COSAFA Cup in Botswana,Swaziland,Madagascar,1172,1228,2,0,35,-35,1207,1193,148,171,7,-12,155,159,40,0,-56
12927,May 21 2006,Friendly in the United States,Uruguay,Northern Ireland,1817,1507,1,0,3,-3,1820,1504,20,83,0,-2,20,81,20,0,310
12928,May 23 2006,Friendly in Austria,Austria,Croatia,1645,1846,1,4,-13,13,1632,1859,53,14,-1,0,52,14,20,100,-101
12929,May 23 2006,Friendly in South Korea,South Korea,Senegal,1747,1663,1,1,-5,5,1742,1668,36,46,-1,1,35,47,20,100,184
12930,May 23 2006,Friendly in the United States,United States,Morocco,1845,1646,0,1,-17,17,1828,1663,20,48,-2,1,18,49,20,100,299
12931,May 24 2006,Friendly in Belgium,Belgium,Turkey,1711,1838,3,3,1,-1,1712,1837,40,15,1,1,41,16,20,100,-27
12932,May 24 2006,Friendly in the United States,Colombia,Ecuador,1761,1714,1,1,-1,1,1760,1715,31,39,0,0,31,39,20,0,47
12933,May 24 2006,Friendly in Hungary,Hungary,New Zealand,1595,1515,2,0,8,-8,1603,1507,53,82,3,-4,56,78,20,100,180
12934,May 24 2006,Friendly in Ireland,Ireland,Chile,1840,1691,0,1,-16,16,1824,1707,24,42,-4,2,20,44,20,100,249
12935,May 24 2006,Friendly in Norway,Norway,Paraguay,1737,1767,2,2,-2,2,1735,1769,38,29,-1,0,37,29,20,100,70
12936,May 24 2006,Friendly in the United States,Uruguay,Romania,1820,1866,2,0,17,-17,1837,1849,12,15,4,-1,16,14,20,0,-46
12937,May 25 2006,Friendly in Australia,Australia,Greece,1785,1812,1,0,8,-8,1793,1804,24,21,1,0,25,21,20,100,73
12938,May 25 2006,Friendly in Sweden,Sweden,Finland,1874,1629,0,0,-8,8,1866,1637,12,49,0,2,12,51,20,100,345
12939,May 26 2006,Friendly in Austria,Czechia,Saudi Arabia,1967,1591,2,0,3,-3,1970,1588,3,64,0,-1,3,63,20,0,376
12940,May 26 2006,Friendly in Germany,Ghana,Turkey,1569,1837,1,1,6,-6,1575,1831,66,20,1,-2,67,18,20,0,-268
12941,May 26 2006,Friendly in the United States,Romania,Northern Ireland,1849,1504,2,0,4,-4,1853,1500,14,83,0,-1,14,82,20,0,345
12942,May 26 2006,Friendly in South Korea,South Korea,Bosnia and Herzegovina,1742,1635,2,0,7,-7,1749,1628,31,54,2,-1,33,53,20,100,207
12943,May 26 2006,Friendly in the United States,United States,Venezuela,1828,1601,2,0,4,-4,1832,1597,16,58,1,0,17,58,20,100,327
12944,May 27 2006,Friendly in the United States,Colombia,Romania,1760,1853,0,0,3,-3,1763,1850,31,14,0,0,31,14,20,0,-93
12945,May 27 2006,Friendly in Denmark,Denmark,Paraguay,1901,1769,1,1,-6,6,1895,1775,10,29,0,0,10,29,20,100,232
12946,May 27 2006,Friendly in France,France,Mexico,1957,1846,1,0,5,-5,1962,1841,4,15,1,0,5,15,20,100,211
12947,May 27 2006,Friendly in Germany,Germany,Luxembourg,1894,979,7,0,0,0,1894,979,11,190,0,0,11,190,20,0,915
12948,May 27 2006,Friendly in the Netherlands,Netherlands,Cameroon,1998,1786,1,0,3,-3,2001,1783,2,26,0,0,2,26,20,100,312
12949,May 27 2006,Friendly in Germany,New Zealand,Georgia,1507,1514,3,1,15,-15,1522,1499,68,90,5,-8,73,82,20,0,-7
12950,May 27 2006,Friendly in Portugal,Portugal,Cape Verde,1914,1314,4,1,1,-1,1915,1313,9,129,0,-1,9,128,20,0,600
12951,May 27 2006,Friendly in Serbia and Montenegro,Serbia and Montenegro,Uruguay,1801,1837,1,1,-2,2,1799,1839,23,16,0,0,23,16,20,100,64
12952,May 27 2006,Friendly in Spain,Spain,Russia,1961,1745,0,0,-7,7,1954,1752,7,31,-1,2,6,33,20,100,316
12953,May 27 2006,Friendly in Switzerland,Switzerland,Ivory Coast,1794,1749,1,1,-4,4,1790,1753,26,31,-1,1,25,32,20,100,145
12954,May 27 2006,Friendly in Austria,Wales,Trinidad and Tobago,1593,1590,2,1,10,-10,1603,1580,51,66,5,-2,56,64,20,0,3
12955,May 28 2006,Friendly in Croatia,Croatia,Iran,1859,1802,2,2,-4,4,1855,1806,13,20,0,1,13,21,20,100,157
12956,May 28 2006,Friendly in Germany,Estonia,Turkey,1421,1831,1,1,8,-8,1429,1823,98,22,1,-2,99,20,20,0,-410
12957,May 28 2006,Friendly in Spain,Macedonia,Ecuador,1475,1715,2,1,16,-16,1491,1699,82,49,5,-5,87,44,20,0,-240
12958,May 28 2006,Friendly in France,Mali,Morocco,1517,1663,1,0,14,-14,1531,1649,72,51,1,-1,73,50,20,0,-146
12959,May 28 2006,Friendly in Ukraine,Ukraine,Costa Rica,1767,1737,4,0,12,-12,1779,1725,28,40,1,-2,29,38,20,100,130
12960,May 28 2006,Friendly in the United States,United States,Latvia,1832,1482,1,0,1,-1,1833,1481,17,91,0,-1,17,90,20,100,450
12961,May 29 2006,Friendly in England,Ghana,Jamaica,1575,1655,4,1,21,-21,1596,1634,55,53,6,-2,61,51,20,0,-80
12962,May 29 2006,Mini World Cup in Germany,Northern Cyprus,Greenland,1461,982,1,0,2,-2,1463,980,93,189,1,0,94,189,30,0,479
12963,May 30 2006,Friendly in Italy,Argentina,Angola,1919,1578,2,0,4,-4,1923,1574,8,65,0,1,8,66,20,0,341
12964,May 30 2006,Friendly in France,Chile,Ivory Coast,1707,1753,1,1,1,-1,1708,1752,43,32,0,0,43,32,20,0,-46
12965,May 30 2006,Friendly in Czechia,Czechia,Costa Rica,1970,1725,1,0,2,-2,1972,1723,3,38,0,0,3,38,20,100,345
12966,May 30 2006,Friendly in England,England,Hungary,1967,1603,3,1,2,-2,1969,1601,4,60,0,-2,4,58,20,100,464
12967,May 30 2006,Friendly in Germany,Germany,Japan,1894,1783,2,2,-5,5,1889,1788,11,26,0,0,11,26,20,100,211
12968,May 30 2006,Mini World Cup in Germany,Northern Cyprus,Zanzibar,1463,1211,3,1,11,-11,1474,1200,92,156,1,-1,93,155,40,0,252
12969,May 30 2006,Friendly in Poland,Poland,Colombia,1825,1763,1,2,-14,14,1811,1777,22,29,-2,1,20,30,20,100,162
12970,May 30 2006,Friendly tournament in Tunisia,Tunisia,Belarus,1693,1582,3,0,12,-12,1705,1570,42,72,2,-4,44,68,20,0,111
12971,May 30 2006,Friendly tournament in Tunisia,Uruguay,Libya,1839,1464,2,1,3,-3,1842,1461,14,97,1,-2,15,95,30,0,375
12972,May 31 2006,Friendly in Estonia,Estonia,New Zealand,1429,1522,1,1,0,0,1429,1522,99,74,0,0,99,74,20,100,7
12973,May 31 2006,Friendly in France,France,Denmark,1962,1895,2,0,8,-8,1970,1887,3,12,1,-1,4,11,20,100,167
12974,May 31 2006,Mini World Cup in Germany,Gibraltar,Tibet,1088,676,5,0,7,-7,1095,669,173,220,2,-1,175,219,40,0,412
12975,May 31 2006,Friendly in Iran,Iran,Bosnia and Herzegovina,1806,1628,5,2,6,-6,1812,1622,19,55,1,-1,20,54,20,100,278
12976,May 31 2006,Friendly in Austria,Paraguay,Georgia,1775,1499,1,0,3,-3,1778,1496,29,82,1,0,30,82,20,0,276
12977,May 31 2006,Friendly in Singapore,Singapore,Malaysia,1339,1197,0,0,-6,6,1333,1203,120,155,-1,1,119,156,20,100,242
12978,May 31 2006,Friendly in Slovenia,Slovenia,Trinidad and Tobago,1602,1580,3,1,10,-10,1612,1570,53,70,2,-3,55,67,20,100,122
12979,May 31 2006,Friendly in Switzerland,Switzerland,Italy,1790,1950,1,1,2,-2,1792,1948,25,7,0,0,25,7,20,100,-60
12980,May 31 2006,Friendly in Germany,Turkey,Saudi Arabia,1823,1588,1,0,4,-4,1827,1584,17,63,1,0,18,63,20,0,235
12981,May 31 2006,Mini World Cup in Germany,Zanzibar,Greenland,1200,980,4,2,13,-13,1213,967,151,191,2,-1,153,190,40,0,220
12982,Jun 1 2006,Friendly in the Netherlands,Netherlands,Mexico,2001,1841,2,1,4,-4,2005,1837,2,16,0,0,2,16,20,100,260
12983,Jun 1 2006,Mini World Cup in Germany,Northern Cyprus,Gibraltar,1474,1095,2,0,6,-6,1480,1089,91,179,1,-2,92,177,40,0,379
12984,Jun 1 2006,Friendly in Norway,Norway,South Korea,1735,1749,0,0,-2,2,1733,1751,36,33,0,1,36,34,20,100,86
12985,Jun 2 2006,Friendly tournament in Tunisia,Belarus,Libya,1570,1461,1,1,-5,5,1565,1466,69,93,-1,1,68,94,20,100,209
12986,Jun 2 2006,Friendly in Germany,Germany,Colombia,1889,1777,3,0,8,-8,1897,1769,10,31,0,0,10,31,20,100,212
12987,Jun 2 2006,Friendly in Switzerland,Italy,Ukraine,1948,1779,0,0,-5,5,1943,1784,7,25,0,2,7,27,20,0,169
12988,Jun 2 2006,Friendly in Liechtenstein,Liechtenstein,Togo,1125,1487,0,1,-4,4,1121,1491,170,86,0,1,170,87,20,100,-262
12989,Jun 2 2006,Friendly in Sweden,Sweden,Chile,1866,1708,1,1,-6,6,1860,1714,12,35,0,4,12,39,20,100,258
12990,Jun 2 2006,Friendly tournament in Tunisia,Tunisia,Uruguay,1705,1842,0,0,2,-2,1707,1840,44,15,0,0,44,15,30,100,-37
12991,Jun 2 2006,Friendly in the Netherlands,Turkey,Angola,1827,1574,3,2,4,-4,1831,1570,18,67,0,-1,18,66,20,0,253
12992,Jun 3 2006,Friendly in Czechia,Czechia,Trinidad and Tobago,1972,1570,3,0,2,-2,1974,1568,3,68,0,-1,3,67,20,100,502
12993,Jun 3 2006,Friendly in England,England,Jamaica,1969,1634,6,0,3,-3,1972,1631,3,53,1,-1,4,52,20,100,435
12994,Jun 3 2006,Friendly in Macao,Macao,Hong Kong,817,1225,0,0,7,-7,824,1218,205,154,0,-3,205,151,20,100,-308
12995,Jun 3 2006,Friendly in Malaysia,Malaysia,Singapore,1203,1333,0,0,1,-1,1204,1332,156,119,0,0,156,119,20,100,-30
12996,Jun 3 2006,Mini World Cup in Germany,Northern Cyprus,Zanzibar,1480,1213,0,0,-13,13,1467,1226,94,141,-1,6,93,147,40,0,267
12997,Jun 3 2006,Friendly in Germany,Poland,Croatia,1811,1855,1,0,11,-11,1822,1844,19,15,1,-1,20,14,20,0,-44
12998,Jun 3 2006,Friendly in France,Portugal,Luxembourg,1915,979,3,0,0,0,1915,979,9,189,0,0,9,189,20,0,936
12999,Jun 3 2006,Friendly in Spain,Spain,Egypt,1954,1750,2,0,4,-4,1958,1746,6,35,0,0,6,35,20,100,304
13000,Jun 3 2006,Friendly in Switzerland,Switzerland,China,1792,1610,4,1,6,-6,1798,1604,23,56,1,0,24,56,20,100,282
13001,Jun 4 2006,Friendly in Algeria,Algeria,Sudan,1414,1313,1,0,5,-5,1419,1308,101,130,0,-1,101,129,20,100,201
13002,Jun 4 2006,Friendly in Switzerland,Brazil,New Zealand,2033,1522,4,0,2,-2,2035,1520,1,74,0,0,1,74,20,0,511
13003,Jun 4 2006,Friendly in Spain,Colombia,Morocco,1769,1649,2,0,10,-10,1779,1639,29,49,1,0,30,49,20,0,120
13004,Jun 4 2006,Friendly in Scotland,Ghana,South Korea,1596,1751,3,1,21,-21,1617,1730,49,38,6,-2,55,36,20,0,-155
13005,Jun 4 2006,Friendly in France,Ivory Coast,Slovenia,1752,1612,3,0,11,-11,1763,1601,32,61,0,-3,32,58,20,0,140
13006,Jun 4 2006,Friendly in Germany,Japan,Malta,1788,1252,1,0,1,-1,1789,1251,26,143,0,-2,26,141,20,0,536
13007,Jun 4 2006,Friendly in Germany,Macedonia,Turkey,1491,1831,1,0,18,-18,1509,1813,69,22,9,-2,78,20,20,0,-340
13008,Jun 4 2006,Friendly in the Netherlands,Netherlands,Australia,2005,1793,1,1,-7,7,1998,1800,2,21,0,2,2,23,20,100,312
13009,Jun 5 2006,Friendly in Switzerland,Ukraine,Libya,1784,1466,3,0,5,-5,1789,1461,25,96,1,-1,26,95,20,0,318
13010,Jun 5 2006,Friendly in Germany,United States,Angola,1833,1570,1,0,4,-4,1837,1566,15,68,1,-1,16,67,20,0,263
13011,Jun 7 2006,Friendly in Germany,Australia,Liechtenstein,1800,1121,3,1,1,-1,1801,1120,23,170,0,0,23,170,20,0,679
13012,Jun 7 2006,Friendly in France,France,China,1970,1604,3,1,2,-2,1972,1602,3,58,1,-1,4,57,20,100,466
13013,Jun 7 2006,Friendly in Switzerland,Spain,Croatia,1958,1844,2,1,7,-7,1965,1837,6,16,0,-1,6,15,20,0,114
13014,Jun 8 2006,Friendly in Luxembourg,Luxembourg,Ukraine,979,1789,0,3,-1,1,978,1790,189,26,0,0,189,26,20,100,-710
13015,Jun 9 2006,World Cup in Germany,Ecuador,Poland,1699,1822,2,0,60,-60,1759,1762,21,45,12,-13,33,32,60,0,-123
13016,Jun 9 2006,World Cup in Germany,Germany,Costa Rica,1897,1723,4,2,15,-15,1912,1708,10,50,0,-6,10,44,60,100,274
13017,Jun 10 2006,World Cup in Germany,Argentina,Ivory Coast,1923,1763,2,1,17,-17,1940,1746,8,37,0,-3,8,34,60,0,160
13018,Jun 10 2006,World Cup in Germany,England,Paraguay,1972,1778,1,0,15,-15,1987,1763,2,30,1,0,3,30,60,0,194
13019,Jun 10 2006,World Cup in Germany,Sweden,Trinidad and Tobago,1860,1568,0,0,-21,21,1839,1589,16,60,-2,3,14,63,60,0,292
13020,Jun 11 2006,World Cup in Germany,Mexico,Iran,1837,1812,3,1,42,-42,1879,1770,9,38,3,-9,12,29,60,0,25
13021,Jun 11 2006,World Cup in Germany,Netherlands,Serbia and Montenegro,1998,1799,1,0,14,-14,2012,1785,2,27,0,-2,2,25,60,0,199
13022,Jun 11 2006,World Cup in Germany,Portugal,Angola,1915,1566,1,0,7,-7,1922,1559,9,73,0,-3,9,70,60,0,349
13023,Jun 12 2006,World Cup in Germany,Australia,Japan,1801,1789,3,1,43,-43,1844,1746,7,42,7,-9,14,33,60,0,12
13024,Jun 12 2006,World Cup in Germany,Czechia,United States,1974,1837,3,0,33,-33,2007,1804,2,24,1,-4,3,20,60,0,137
13025,Jun 12 2006,World Cup in Germany,Italy,Ghana,1943,1617,2,0,12,-12,1955,1605,7,55,0,0,7,55,60,0,326
13026,Jun 13 2006,World Cup in Germany,Brazil,Croatia,2035,1837,1,0,15,-15,2050,1822,1,19,0,-1,1,18,60,0,198
13027,Jun 13 2006,World Cup in Germany,France,Switzerland,1972,1798,0,0,-14,14,1958,1812,7,18,-1,2,6,20,60,0,174
13028,Jun 13 2006,World Cup in Germany,South Korea,Togo,1730,1491,2,1,12,-12,1742,1479,35,94,1,-3,36,91,60,0,239
13029,Jun 14 2006,World Cup in Germany,Germany,Poland,1912,1762,1,0,12,-12,1924,1750,8,34,1,-2,9,32,40,0,150
13030,Jun 14 2006,World Cup in Germany,Saudi Arabia,Tunisia,1584,1707,2,2,10,-10,1594,1697,62,45,1,0,63,45,60,0,-123
13031,Jun 14 2006,World Cup in Germany,Spain,Ukraine,1965,1790,4,0,30,-30,1995,1760,3,35,1,-6,4,29,60,0,175
13032,Jun 15 2006,World Cup in Germany,Ecuador,Costa Rica,1759,1708,3,0,45,-45,1804,1663,12,52,9,-4,21,48,60,0,51
13033,Jun 15 2006,World Cup in Germany,England,Trinidad and Tobago,1987,1589,2,0,8,-8,1995,1581,3,64,1,0,4,64,60,0,398
13034,Jun 15 2006,World Cup in Germany,Sweden,Paraguay,1839,1763,1,0,24,-24,1863,1739,10,44,3,-8,13,36,60,0,76
13035,Jun 16 2006,World Cup in Germany,Angola,Mexico,1559,1879,0,0,22,-22,1581,1857,58,14,6,-1,64,13,60,0,-320
13036,Jun 16 2006,World Cup in Germany,Argentina,Serbia and Montenegro,1940,1785,6,0,37,-37,1977,1748,4,38,2,-7,6,31,60,0,155
13037,Jun 16 2006,World Cup in Germany,Netherlands,Ivory Coast,2012,1746,2,1,11,-11,2023,1735,2,40,0,-4,2,36,60,0,266
13038,Jun 17 2006,World Cup in Germany,Ghana,Czechia,1605,2007,2,0,82,-82,1687,1925,37,15,9,-6,46,9,60,0,-402
13039,Jun 17 2006,World Cup in Germany,Italy,United States,1955,1804,1,1,-12,12,1943,1816,8,17,0,2,8,19,40,100,251
13040,Jun 17 2006,World Cup in Germany,Portugal,Iran,1922,1770,2,0,26,-26,1948,1744,4,39,3,-6,7,33,60,0,152
13041,Jun 18 2006,World Cup in Germany,Brazil,Australia,2050,1844,2,0,21,-21,2071,1823,1,19,0,-2,1,17,60,0,206
13042,Jun 18 2006,World Cup in Germany,Croatia,Japan,1822,1746,0,0,-6,6,1816,1752,18,27,0,2,18,29,60,0,76
13043,Jun 18 2006,World Cup in Germany,France,South Korea,1958,1742,1,1,-17,17,1941,1759,10,22,-2,6,8,28,60,0,216
13044,Jun 19 2006,World Cup in Germany,Spain,Tunisia,1995,1697,3,1,14,-14,2009,1683,3,48,0,-2,3,46,60,0,298
13045,Jun 19 2006,World Cup in Germany,Switzerland,Togo,1812,1479,2,0,12,-12,1824,1467,11,93,5,-1,16,92,60,0,333
13046,Jun 19 2006,World Cup in Germany,Ukraine,Saudi Arabia,1760,1594,4,0,31,-31,1791,1563,21,73,3,-5,24,68,60,0,166
13047,Jun 20 2006,World Cup in Germany,England,Sweden,1995,1863,2,2,-11,11,1984,1874,4,12,0,0,4,12,60,0,132
13048,Jun 20 2006,World Cup in Germany,Germany,Ecuador,1924,1804,3,0,23,-23,1947,1781,4,28,3,-3,7,25,40,0,120
13049,Jun 20 2006,World Cup in Germany,Paraguay,Trinidad and Tobago,1739,1581,2,0,26,-26,1765,1555,23,79,6,-8,29,71,60,0,158
13050,Jun 20 2006,World Cup in Germany,Poland,Costa Rica,1750,1663,2,1,23,-23,1773,1640,25,49,3,0,28,49,60,0,87
13051,Jun 21 2006,World Cup in Germany,Angola,Iran,1581,1744,1,1,13,-13,1594,1731,63,37,0,-1,63,36,60,0,-163
13052,Jun 21 2006,World Cup in Germany,Argentina,Netherlands,1977,2023,0,0,4,-4,1981,2019,5,2,0,0,5,2,60,0,-46
13053,Jun 21 2006,World Cup in Germany,Ivory Coast,Serbia and Montenegro,1735,1748,3,2,31,-31,1766,1717,22,43,7,-5,29,38,60,0,-13
13054,Jun 21 2006,World Cup in Germany,Portugal,Mexico,1948,1857,2,1,22,-22,1970,1835,6,17,0,-2,6,15,60,0,91
13055,Jun 22 2006,World Cup in Germany,Australia,Croatia,1823,1816,2,2,-1,1,1822,1817,18,19,0,0,18,19,50,0,7
13056,Jun 22 2006,World Cup in Germany,Brazil,Japan,2071,1752,4,1,14,-14,2085,1738,1,36,0,-2,1,34,60,0,319
13057,Jun 22 2006,World Cup in Germany,Ghana,United States,1687,1816,2,1,41,-41,1728,1775,29,35,8,-8,37,27,60,0,-129
13058,Jun 22 2006,World Cup in Germany,Italy,Czechia,1943,1925,2,0,43,-43,1986,1882,0,12,4,-1,4,11,60,0,18
13059,Jun 23 2006,World Cup in Germany,France,Togo,1941,1467,2,0,6,-6,1947,1461,7,96,1,-2,8,94,60,0,474
13060,Jun 23 2006,World Cup in Germany,Spain,Saudi Arabia,2009,1563,1,0,4,-4,2013,1559,3,71,0,-2,3,69,50,0,446
13061,Jun 23 2006,World Cup in Germany,Switzerland,South Korea,1824,1759,2,0,37,-37,1861,1722,10,45,3,-7,13,38,60,0,65
13062,Jun 23 2006,World Cup in Germany,Ukraine,Tunisia,1791,1683,1,0,21,-21,1812,1662,20,50,1,-2,21,48,60,0,108
13063,Jun 24 2006,World Cup in Germany,Argentina,Mexico,1981,1835,2,1,18,-18,1999,1817,2,20,2,-2,4,18,60,0,146
13064,Jun 24 2006,World Cup in Germany,Germany,Sweden,1947,1874,2,0,24,-24,1971,1850,6,14,1,-1,7,13,40,0,73
13065,Jun 24 2006,Friendly tournament in Mozambique,Malawi,Zimbabwe,1332,1504,1,1,7,-7,1339,1497,117,83,1,-1,118,82,30,0,-172
13066,Jun 24 2006,Friendly tournament in Mozambique,Mozambique,Swaziland,1296,1207,4,0,14,-14,1310,1193,127,161,2,-3,129,158,20,0,89
13067,Jun 25 2006,World Cup in Germany,England,Ecuador,1984,1781,1,0,14,-14,1998,1767,4,32,1,-4,5,28,60,0,203
13068,Jun 25 2006,Friendly tournament in Mozambique,Mozambique,Malawi,1310,1339,1,2,-18,18,1292,1357,135,108,-3,5,132,113,30,100,71
13069,Jun 25 2006,World Cup in Germany,Portugal,Netherlands,1970,2019,1,0,34,-34,2004,1985,-2,12,5,-5,3,7,60,0,-49
13070,Jun 25 2006,Friendly tournament in Mozambique,Zimbabwe,Swaziland,1497,1193,2,1,4,-4,1501,1189,80,160,1,-1,81,159,30,0,304
13071,Jun 26 2006,World Cup in Germany,Italy,Australia,1986,1822,1,0,17,-17,2003,1805,2,25,2,-4,4,21,60,0,164
13072,Jun 26 2006,World Cup in Germany,Switzerland,Ukraine,1861,1812,0,0,-4,4,1857,1816,12,17,0,2,12,19,20,100,149
13073,Jun 26 2006,Friendly tournament in the Seychelles,Tanzania,Mauritius,1183,1314,2,1,20,-20,1203,1294,150,135,6,-4,156,131,30,0,-131
13074,Jun 27 2006,World Cup in Germany,Brazil,Ghana,2085,1728,3,0,12,-12,2097,1716,1,42,0,-3,1,39,60,0,357
13075,Jun 27 2006,World Cup in Germany,France,Spain,1947,2013,3,1,53,-53,2000,1960,-1,16,5,-7,4,9,60,0,-66
13076,Jun 28 2006,Friendly tournament in the Seychelles,Seychelles,Mauritius,1048,1294,2,1,21,-21,1069,1273,177,139,2,-4,179,135,30,100,-146
13077,Jun 30 2006,World Cup in Germany,Germany,Argentina,1971,1999,1,1,-6,6,1965,2005,8,1,0,2,8,3,60,100,72
13078,Jun 30 2006,World Cup in Germany,Italy,Ukraine,2003,1816,3,0,27,-27,2030,1789,1,25,1,-3,2,22,60,0,187
13079,Jun 30 2006,Friendly tournament in the Seychelles,Seychelles,Tanzania,1069,1203,2,1,16,-16,1085,1187,177,166,1,-5,178,161,30,100,-34
13080,Jul 1 2006,World Cup in Germany,England,Portugal,1998,2004,0,0,1,-1,1999,2003,6,6,0,-1,6,5,60,0,-6
13081,Jul 1 2006,World Cup in Germany,France,Brazil,2000,2097,1,0,38,-38,2038,2059,-1,1,3,0,2,1,60,0,-97
13082,Jul 2 2006,Friendly in Kazakhstan,Kazakhstan,Tajikistan,1328,1340,4,1,13,-13,1341,1327,114,126,4,-4,118,122,20,100,88
13083,Jul 4 2006,World Cup in Germany,Germany,Italy,1965,2030,0,2,-50,50,1915,2080,10,-1,-1,2,9,1,60,100,35
13084,Jul 5 2006,World Cup in Germany,France,Portugal,2038,2003,1,0,27,-27,2065,1976,1,9,1,-2,2,7,60,0,35
13085,Jul 5 2006,Friendly in Kazakhstan,Kazakhstan,Kyrgyzstan,1341,1197,1,0,4,-4,1345,1193,116,157,1,0,117,157,20,100,244
13086,Jul 6 2006,Friendly tournament in Malawi,Malawi,Botswana,1357,1331,2,1,10,-10,1367,1321,107,125,3,-2,110,123,30,100,126
13087,Jul 8 2006,World Cup in Germany,Germany,Portugal,1915,1976,3,1,40,-40,1955,1936,7,11,1,-2,8,9,60,100,39
13088,Jul 8 2006,Friendly tournament in Malawi,Malawi,Botswana,1367,1321,0,0,-6,6,1361,1327,112,119,-1,2,111,121,30,100,146
13089,Jul 9 2006,World Cup in Germany,France,Italy,2065,2080,1,1,1,-1,2066,2079,2,1,0,0,2,1,30,0,-15
13090,Jul 15 2006,Friendly in Syria,Syria,Iraq,1507,1574,1,3,-16,16,1491,1590,95,63,-8,1,87,64,20,100,33
13091,Jul 15 2006,Friendly in Zambia,Zambia,Zimbabwe,1513,1501,0,0,-3,3,1510,1504,77,79,-1,1,76,80,20,100,112
13092,Jul 17 2006,Friendly in Ethiopia,Ethiopia,Yemen,1442,1252,1,0,3,-3,1445,1249,98,143,0,-2,98,141,20,100,290
13093,Jul 21 2006,Friendly in Jordan,Jordan,Iraq,1510,1590,2,1,9,-9,1519,1581,74,64,1,0,75,64,20,100,20
13094,Jul 22 2006,COSAFA Cup in Namibia,Namibia,Seychelles,1171,1085,1,1,-10,10,1161,1095,166,172,-1,3,165,175,40,100,186
13095,Jul 22 2006,COSAFA Cup in Namibia,Zambia,Malawi,1510,1361,3,1,18,-18,1528,1343,71,123,3,-6,74,117,40,0,149
13096,Jul 23 2006,COSAFA Cup in Namibia,Namibia,Malawi,1161,1343,3,2,25,-25,1186,1318,159,133,3,-8,162,125,40,100,-82
13097,Jul 23 2006,COSAFA Cup in Namibia,Zambia,Seychelles,1528,1095,2,0,5,-5,1533,1090,72,179,1,-2,73,177,40,0,433
13098,Jul 25 2006,Friendly in Syria,Syria,Iraq,1491,1581,1,2,-10,10,1481,1591,89,64,-1,0,88,64,20,100,10
13099,Jul 26 2006,Friendly in Rwanda,Rwanda,Uganda,1317,1375,1,1,-1,1,1316,1376,126,105,0,0,126,105,20,100,42
13100,Jul 28 2006,Friendly in Guyana,Guyana,Saint Lucia,1129,1261,3,2,11,-11,1140,1250,169,143,0,-3,169,140,20,100,-32
13101,Jul 30 2006,Friendly in Guyana,Guyana,Saint Lucia,1140,1250,2,0,15,-15,1155,1235,163,150,3,-5,166,145,20,100,-10
13102,Jul 30 2006,Friendly in Jordan,Jordan,Syria,1519,1481,3,0,11,-11,1530,1470,74,94,1,-3,75,91,20,100,138
13103,Jul 30 2006,Friendly in Tanzania,Tanzania,Rwanda,1187,1316,1,0,11,-11,1198,1305,151,132,5,-3,156,129,20,100,-29
13104,Aug 5 2006,Friendly in Syria,Syria,Libya,1470,1461,2,1,7,-7,1477,1454,89,98,1,-2,90,96,20,100,109
13105,Aug 5 2006,Friendly in Uganda,Uganda,Botswana,1376,1327,0,0,-4,4,1372,1331,109,120,-2,0,107,120,20,100,149
13106,Aug 8 2006,Friendly in Iran,Iran,United Arab Emirates,1731,1505,1,0,3,-3,1734,1502,33,81,1,-1,34,80,20,100,326
13107,Aug 9 2006,Friendly in Japan,Japan,Trinidad and Tobago,1738,1555,2,0,5,-5,1743,1550,33,71,0,0,33,71,20,100,283
13108,Aug 9 2006,Friendly in Jordan,Jordan,Iraq,1530,1591,0,1,-11,11,1519,1602,77,50,-1,7,76,57,20,100,39
13109,Aug 9 2006,Friendly in Macao,Macao,Taiwan,824,923,0,1,-10,10,814,933,205,193,0,1,205,194,20,100,1
13110,Aug 9 2006,Friendly in Saudi Arabia,Saudi Arabia,Bahrain,1559,1494,1,0,6,-6,1565,1488,63,87,3,-1,66,86,20,100,165
13111,Aug 11 2006,Friendly in Ethiopia,Ethiopia,Kenya,1445,1368,1,0,5,-5,1450,1363,96,112,1,-2,97,110,20,100,177
13112,Aug 12 2006,Friendly in Hong Kong,Hong Kong,Singapore,1218,1332,1,2,-10,10,1208,1342,157,117,-3,1,154,118,20,100,-14
13113,Aug 13 2006,Friendly in Ethiopia,Ethiopia,Kenya,1450,1363,1,0,5,-5,1455,1358,95,112,1,-1,96,111,20,100,187
13114,Aug 15 2006,Friendly in France,Gabon,Algeria,1375,1419,2,0,17,-17,1392,1402,103,103,1,-1,104,102,20,0,-44
13115,Aug 15 2006,Friendly in England,Ghana,Togo,1716,1461,2,0,6,-6,1722,1455,35,96,2,-1,37,95,20,0,255
13116,Aug 15 2006,Friendly in Iceland,Iceland,Spain,1496,1960,0,0,8,-8,1504,1952,76,9,3,-1,79,8,20,100,-364
13117,Aug 15 2006,Friendly in Slovakia,Slovakia,Malta,1696,1251,3,0,1,-1,1697,1250,45,139,0,0,45,139,20,100,545
13118,Aug 15 2006,Friendly in Slovenia,Slovenia,Israel,1601,1712,1,1,0,0,1601,1712,59,42,0,0,59,42,20,100,-11
13119,Aug 15 2006,Friendly in Ukraine,Ukraine,Azerbaijan,1789,1367,6,0,2,-2,1791,1365,22,109,0,0,22,109,20,100,522
13120,Aug 15 2006,Friendly in Wales,Wales,Bulgaria,1603,1713,0,0,0,0,1603,1713,56,41,0,0,56,41,20,100,-10
13121,Aug 16 2006,Asian Cup qualifier in Australia,Australia,Kuwait,1805,1449,2,0,4,-4,1809,1445,18,98,1,0,19,98,40,100,456
13122,Aug 16 2006,Friendly in Austria,Austria,Hungary,1632,1601,1,2,-14,14,1618,1615,58,53,-3,3,55,56,20,100,131
13123,Aug 16 2006,Asian Cup qualifier in Bangladesh,Bangladesh,Qatar,1017,1561,1,4,-5,5,1012,1566,190,65,-2,2,188,67,40,100,-444
13124,Aug 16 2006,Friendly in Belarus,Belarus,Andorra,1565,1104,3,0,1,-1,1566,1103,68,174,-1,-1,67,173,20,100,561
13125,Aug 16 2006,European Championship qual in Belgium,Belgium,Kazakhstan,1712,1345,0,0,-17,17,1695,1362,48,104,-3,6,45,110,40,100,467
13126,Aug 16 2006,Friendly in Bosnia and Herzegovina,Bosnia and Herzegovina,France,1622,2066,1,2,-2,2,1620,2068,53,0,1,1,54,1,20,100,-344
13127,Aug 16 2006,Friendly in France,Cameroon,Guinea,1783,1624,1,1,-4,4,1779,1628,27,50,-2,2,25,52,20,0,159
13128,Aug 16 2006,Friendly in Chile,Chile,Colombia,1714,1779,1,2,-11,11,1703,1790,46,21,-3,2,43,23,20,100,35
13129,Aug 16 2006,Asian Cup qualifier in China,China,Singapore,1602,1342,1,0,4,-4,1606,1338,57,118,0,0,57,118,20,0,260
13130,Aug 16 2006,Friendly in Czechia,Czechia,Serbia,1882,1717,1,3,-25,25,1857,1742,13,27,-1,6,12,33,20,100,265
13131,Aug 16 2006,Friendly in Denmark,Denmark,Poland,1887,1773,2,0,7,-7,1894,1766,10,29,0,-1,10,28,20,100,214
13132,Aug 16 2006,Friendly in Egypt,Egypt,Uruguay,1746,1840,0,2,-15,15,1731,1855,38,11,-3,2,35,13,20,100,6
13133,Aug 16 2006,Friendly in England,England,Greece,1999,1804,4,0,6,-6,2005,1798,3,21,1,0,4,21,20,100,295
13134,Aug 16 2006,European Championship qual in Estonia,Estonia,Macedonia,1429,1509,0,1,-21,21,1408,1530,103,72,-2,3,101,75,40,100,20
13135,Aug 16 2006,European Championship qual in the Faroe Islands,Faroe Islands,Georgia,1212,1496,0,6,-22,22,1190,1518,165,73,-6,5,159,78,40,100,-184
13136,Aug 16 2006,Friendly in Finland,Finland,Northern Ireland,1637,1500,1,2,-16,16,1621,1516,55,76,-2,3,53,79,20,100,237
13137,Aug 16 2006,Friendly in Germany,Germany,Sweden,1955,1850,3,0,8,-8,1963,1842,7,19,0,-3,7,16,20,100,205
13138,Aug 16 2006,Friendly in the United States,Guatemala,Haiti,1580,1481,1,1,-3,3,1577,1484,65,92,0,-2,65,90,20,0,99
13139,Aug 16 2006,Asian Cup qualifier in India,India,Saudi Arabia,1142,1565,0,3,-9,9,1133,1574,169,66,0,0,169,66,40,100,-323
13140,Aug 16 2006,Asian Cup qualifier in Iran,Iran,Syria,1734,1477,1,1,-15,15,1719,1492,44,82,-5,4,39,86,40,100,357
13141,Aug 16 2006,Friendly in Ireland,Ireland,Netherlands,1824,1985,0,4,-15,15,1809,2000,22,6,-3,0,19,6,20,100,-61
13142,Aug 16 2006,Friendly in Italy,Italy,Croatia,2079,1817,0,2,-27,27,2052,1844,5,13,-2,2,3,15,20,100,362
13143,Aug 16 2006,Asian Cup qualifier in Japan,Japan,Yemen,1743,1249,2,0,2,-2,1745,1247,31,140,1,0,32,140,20,0,494
13144,Aug 16 2006,Asian Cup qualifier in Jordan,Jordan,United Arab Emirates,1519,1502,1,2,-26,26,1493,1528,94,71,-9,5,85,76,40,100,117
13145,Aug 16 2006,Friendly in Libya,Libya,Uganda,1454,1372,3,2,5,-5,1459,1367,93,109,2,-1,95,108,20,100,182
13146,Aug 16 2006,Friendly in Liechtenstein,Liechtenstein,Switzerland,1120,1857,0,3,-1,1,1119,1858,170,10,0,1,170,11,20,100,-637
13147,Aug 16 2006,Friendly in Luxembourg,Luxembourg,Turkey,978,1813,0,1,0,0,978,1813,189,17,0,1,189,18,20,0,-835
13148,Aug 16 2006,Friendly in France,Mali,Tunisia,1531,1662,1,0,14,-14,1545,1648,68,46,3,1,71,47,20,0,-131
13149,Aug 16 2006,Friendly in Moldova,Moldova,Lithuania,1424,1496,3,2,9,-9,1433,1487,98,93,1,-5,99,88,20,100,28
13150,Aug 16 2006,Friendly in Morocco,Morocco,Burkina Faso,1639,1413,1,0,3,-3,1642,1410,46,99,2,1,48,100,20,100,326
13151,Aug 16 2006,Friendly in Namibia,Namibia,South Africa,1186,1457,0,1,-5,5,1181,1462,164,92,-1,1,163,93,20,100,-171
13152,Aug 16 2006,Friendly in Norway,Norway,Brazil,1733,2059,1,1,6,-6,1739,2053,33,1,1,1,34,2,20,100,-226
13153,Aug 16 2006,Asian Cup qualifier in Pakistan,Pakistan,Oman,897,1595,1,4,-2,2,895,1597,197,61,0,1,197,62,30,100,-598
13154,Aug 16 2006,Friendly in Peru,Peru,Panama,1664,1476,0,2,-25,25,1639,1501,53,75,-3,8,50,83,20,100,288
13155,Aug 16 2006,Friendly in Romania,Romania,Cyprus,1850,1463,2,0,2,-2,1852,1461,15,95,-1,-1,14,94,20,100,487
13156,Aug 16 2006,Friendly in Russia,Russia,Latvia,1752,1481,1,0,2,-2,1754,1479,29,94,1,-3,30,91,20,100,371
13157,Aug 16 2006,Friendly in San Marino,San Marino,Albania,940,1513,0,3,-2,2,938,1515,192,83,0,-3,192,80,20,100,-473
13158,Aug 16 2006,Friendly in France,Senegal,Ivory Coast,1668,1766,1,0,13,-13,1681,1753,46,33,0,-2,46,31,20,0,-98
13159,Aug 16 2006,Asian Cup qualifier in Taiwan,Taiwan,South Korea,933,1722,0,3,-1,1,932,1723,194,37,0,0,194,37,20,100,-689
13160,Aug 16 2006,Asian Cup qualifier in Uzbekistan,Uzbekistan,Hong Kong,1562,1208,2,2,-17,17,1545,1225,74,144,-3,5,71,149,40,100,454
13161,Aug 16 2006,Friendly in Venezuela,Venezuela,Honduras,1597,1727,0,0,1,-1,1598,1726,61,36,0,0,61,36,20,100,-30
13162,Aug 17 2006,Asian Cup qualifier in Jordan,Iraq,Palestine,1602,1224,3,0,7,-7,1609,1217,55,154,2,-2,57,152,40,0,378
13163,Aug 19 2006,COSAFA Cup in Zambia,Zambia,Botswana,1533,1331,1,0,6,-6,1539,1325,74,122,0,-1,74,121,40,100,302
13164,Aug 23 2006,Merdeka Tournament in Malaysia,Malaysia,Indonesia,1204,1295,1,1,0,0,1204,1295,154,130,0,0,154,130,20,100,9
13165,Aug 25 2006,Merdeka Tournament in Malaysia,Indonesia,Myanmar,1295,1111,0,0,-7,7,1288,1118,134,171,-2,0,132,171,20,100,284
13166,Aug 26 2006,Friendly in Swaziland,Swaziland,Lesotho,1189,1146,3,1,9,-9,1198,1137,152,168,4,0,156,168,20,100,143
13167,Aug 26 2006,Friendly in Tanzania,Tanzania,Zanzibar,1198,1226,1,0,8,-8,1206,1218,153,153,1,-3,154,150,20,100,72
13168,Aug 26 2006,Friendly in Yemen,Yemen,Libya,1247,1459,0,1,-7,7,1240,1466,146,91,-3,2,143,93,20,100,-112
13169,Aug 27 2006,Friendly in Antigua and Barbuda,Antigua and Barbuda,St Vincent & Grenadines,1092,1343,1,0,14,-14,1106,1329,169,121,3,-2,172,119,20,100,-151
13170,Aug 27 2006,Merdeka Tournament in Malaysia,Malaysia,Myanmar,1204,1118,1,2,-22,22,1182,1140,169,165,-7,3,162,168,30,100,186
13171,Aug 27 2006,Friendly in Saudi Arabia,Saudi Arabia,United Arab Emirates,1574,1528,1,0,6,-6,1580,1522,64,76,1,0,65,76,20,100,146
13172,Aug 29 2006,Merdeka Tournament in Malaysia,Myanmar,Indonesia,1140,1288,2,1,21,-21,1161,1267,164,140,2,-4,166,136,30,0,-148
13173,Aug 29 2006,Friendly in Togo,Togo,Niger,1455,1308,1,1,-6,6,1449,1314,98,125,-1,1,97,126,20,100,247
13174,Aug 29 2006,Friendly in Uganda,Uganda,Burkina Faso,1367,1410,0,0,-2,2,1365,1412,108,100,0,0,108,100,20,100,57
13175,Aug 29 2006,Friendly in Yemen,Yemen,Libya,1240,1466,1,1,3,-3,1243,1463,141,93,1,0,142,93,20,100,-126
13176,Sep 1 2006,Friendly in Denmark,Denmark,Portugal,1894,1936,4,2,13,-13,1907,1923,10,9,0,0,10,9,20,100,58
13177,Sep 1 2006,Friendly in Oman,Oman,Syria,1597,1492,3,0,8,-8,1605,1484,56,92,3,-3,59,89,20,100,205
13178,Sep 2 2006,Friendly tournament in Switzerland,Austria,Costa Rica,1618,1640,2,2,1,-1,1619,1639,55,51,0,-1,55,50,20,0,-22
13179,Sep 2 2006,CONCACAF Ch & Car Cup q in Cuba,Bahamas,Cayman Islands,836,1080,3,1,48,-48,884,1032,195,185,4,-3,199,182,40,0,-244
13180,Sep 2 2006,Friendly in Bahrain,Bahrain,Jordan,1488,1493,0,2,-19,19,1469,1512,96,77,-5,4,91,81,20,100,95
13181,Sep 2 2006,Friendly tournament in Barbados,Barbados,Guyana,1289,1155,0,1,-24,24,1265,1179,141,163,-5,2,136,165,30,100,234
13182,Sep 2 2006,European Championship qual in Belarus,Belarus,Albania,1566,1515,2,2,-8,8,1558,1523,69,74,-1,3,68,77,40,100,151
13183,Sep 2 2006,CONCACAF Ch & Car Cup q in Cuba,Cuba,Turks and Caicos Islands,1545,765,6,0,1,-1,1546,764,75,209,-2,0,73,209,30,0,780
13184,Sep 2 2006,European Championship qual in Czechia,Czechia,Wales,1857,1603,2,1,5,-5,1862,1598,10,60,1,0,11,60,40,100,354
13185,Sep 2 2006,African Nations Cup qualifier in Egypt,Egypt,Burundi,1731,1230,4,1,2,-2,1733,1228,33,148,1,-1,34,147,20,0,501
13186,Sep 2 2006,European Championship qual in England,England,Andorra,2005,1103,5,0,0,0,2005,1103,4,176,0,-1,4,175,20,0,902
13187,Sep 2 2006,European Championship qual in Estonia,Estonia,Israel,1408,1712,0,1,-9,9,1399,1721,103,37,-1,2,102,39,40,100,-204
13188,Sep 2 2006,African Nations Cup qualifier in Gabon,Gabon,Madagascar,1392,1193,4,0,11,-11,1403,1182,96,167,4,-5,100,162,40,100,299
13189,Sep 2 2006,European Championship qual in Georgia,Georgia,France,1518,2068,0,3,-5,5,1513,2073,82,1,-2,0,80,1,40,100,-450
13190,Sep 2 2006,European Championship qual in Germany,Germany,Ireland,1963,1809,1,0,8,-8,1971,1801,7,23,0,-2,7,21,40,100,254
13191,Sep 2 2006,European Championship qual in Hungary,Hungary,Norway,1615,1739,1,4,-33,33,1582,1772,72,20,-8,7,64,27,40,100,-24
13192,Sep 2 2006,European Championship qual in Italy,Italy,Lithuania,2052,1487,1,1,-19,19,2033,1506,3,77,0,5,3,82,40,0,565
13193,Sep 2 2006,African Nations Cup qualifier in Kenya,Kenya,Eritrea,1358,1097,1,2,-36,36,1322,1133,128,163,-8,6,120,169,40,100,361
13194,Sep 2 2006,European Championship qual in Latvia,Latvia,Sweden,1479,1842,0,1,-7,7,1472,1849,87,12,2,2,89,14,40,100,-263
13195,Sep 2 2006,European Championship qual in Luxembourg,Luxembourg,Netherlands,978,2000,0,1,0,0,978,2000,189,6,0,0,189,6,20,0,-1022
13196,Sep 2 2006,European Championship qual in Malta,Malta,Bosnia and Herzegovina,1250,1620,2,5,-12,12,1238,1632,147,50,-4,2,143,52,40,100,-270
13197,Sep 2 2006,African Nations Cup qualifier in Mauritania,Mauritania,Botswana,1153,1325,4,0,45,-45,1198,1280,142,143,13,-11,155,132,40,100,-72
13198,Sep 2 2006,European Championship qual in Moldova,Moldova,Greece,1433,1798,0,1,-7,7,1426,1805,99,19,0,1,99,20,40,100,-265
13199,Sep 2 2006,African Nations Cup qualifier in Morocco,Morocco,Malawi,1642,1318,2,0,5,-5,1647,1313,50,123,-1,1,49,124,40,100,424
13200,Sep 2 2006,African Nations Cup qualifier in Nigeria,Nigeria,Niger,1780,1314,2,0,2,-2,1782,1312,24,126,0,0,24,126,20,0,466
13201,Sep 2 2006,European Championship qual in Northern Ireland,Northern Ireland,Iceland,1516,1504,0,3,-46,46,1470,1550,101,61,-11,10,90,71,40,100,112
13202,Sep 2 2006,European Championship qual in Poland,Poland,Finland,1766,1621,1,3,-48,48,1718,1669,52,41,-12,6,40,47,40,100,245
13203,Sep 2 2006,European Championship qual in Romania,Romania,Bulgaria,1852,1713,2,2,-12,12,1840,1725,18,32,-2,4,16,36,40,100,239
13204,Sep 2 2006,European Championship qual in Scotland,Scotland,Faroe Islands,1709,1190,6,0,2,-2,1711,1188,42,161,0,-1,42,160,20,0,519
13205,Sep 2 2006,African Nations Cup qualifier in Senegal,Senegal,Mozambique,1681,1292,2,0,3,-3,1684,1289,46,128,0,1,46,129,20,0,389
13206,Sep 2 2006,European Championship qual in Serbia,Serbia,Azerbaijan,1742,1365,1,0,2,-2,1744,1363,33,110,0,-1,33,109,20,0,377
13207,Sep 2 2006,European Championship qual in Slovakia,Slovakia,Cyprus,1697,1461,6,1,10,-10,1707,1451,42,95,1,0,43,95,40,100,336
13208,Sep 2 2006,African Nations Cup qualifier in South Africa,South Africa,Congo,1462,1348,0,0,-11,11,1451,1359,96,108,-1,4,95,112,40,100,214
13209,Sep 2 2006,Asian Cup qualifier in South Korea,South Korea,Iran,1723,1719,1,1,-6,6,1717,1725,45,33,-4,3,41,36,40,100,104
13210,Sep 2 2006,European Championship qual in Spain,Spain,Liechtenstein,1952,1119,4,0,0,0,1952,1119,8,173,0,-1,8,172,20,0,833
13211,Sep 2 2006,Friendly tournament in Switzerland,Switzerland,Venezuela,1858,1598,1,0,3,-3,1861,1595,13,62,-1,0,12,62,30,100,360
13212,Sep 2 2006,African Nations Cup qualifier in Tanzania,Tanzania,Burkina Faso,1206,1412,2,1,26,-26,1232,1386,138,108,8,-4,146,104,40,100,-106
13213,Sep 2 2006,Friendly in Thailand,Thailand,Uzbekistan,1322,1545,0,1,-7,7,1315,1552,124,69,-1,1,123,70,20,100,-123
13214,Sep 2 2006,African Nations Cup qualifier in Uganda,Uganda,Lesotho,1365,1137,3,0,9,-9,1374,1128,104,173,2,-2,106,171,40,100,328
13215,Sep 3 2006,Friendly in Antigua and Barbuda,Antigua and Barbuda,Dominica,1106,1014,1,0,5,-5,1111,1009,173,189,0,-1,173,188,20,100,192
13216,Sep 3 2006,Friendly in England,Brazil,Argentina,2053,2005,3,0,15,-15,2068,1990,2,8,0,-2,2,6,20,0,48
13217,Sep 3 2006,African Nations Cup qualifier in Chad,Chad,Zambia,1287,1539,0,2,-18,18,1269,1557,134,65,-2,5,132,70,40,100,-152
13218,Sep 3 2006,African Nations Cup qualifier in the Dem Rep of the Congo,DR Congo,Namibia,1487,1181,3,2,4,-4,1491,1177,86,168,0,-2,86,166,30,0,306
13219,Sep 3 2006,African Nations Cup qualifier in Equatorial Guinea,Equatorial Guinea,Liberia,1164,1284,2,1,21,-21,1185,1263,157,141,5,-5,162,136,40,100,-20
13220,Sep 3 2006,African Nations Cup qualifier in Ethiopia,Ethiopia,Libya,1455,1463,1,0,15,-15,1470,1448,86,101,4,-4,90,97,30,0,-8
13221,Sep 3 2006,African Nations Cup qualifier in The Gambia,Gambia,Cape Verde,1337,1313,2,0,20,-20,1357,1293,111,132,3,-4,114,128,40,100,124
13222,Sep 3 2006,African Nations Cup qualifier in Guinea,Guinea,Algeria,1628,1402,0,0,-15,15,1613,1417,56,99,-1,1,55,100,40,100,326
13223,Sep 3 2006,African Nations Cup qualifier in Mauritius,Mauritius,Tunisia,1273,1648,0,0,13,-13,1286,1635,127,54,3,-3,130,51,40,100,-275
13224,Sep 3 2006,African Nations Cup qualifier in Rwanda,Rwanda,Cameroon,1305,1779,0,3,-7,7,1298,1786,126,23,1,1,127,24,40,100,-374
13225,Sep 3 2006,Asian Cup qualifier in Saudi Arabia,Saudi Arabia,Japan,1580,1745,1,0,24,-24,1604,1721,53,44,6,-6,59,38,40,100,-65
13226,Sep 3 2006,African Nations Cup qualifier in Sierra Leone,Sierra Leone,Mali,1320,1545,0,0,7,-7,1327,1538,117,76,2,-1,119,75,40,100,-125
13227,Sep 3 2006,African Nations Cup qualifier in Sudan,Sudan,Seychelles,1308,1090,3,0,10,-10,1318,1080,119,179,4,-1,123,178,40,100,318
13228,Sep 3 2006,African Nations Cup qualifier in Swaziland,Swaziland,Angola,1198,1594,0,2,-9,9,1189,1603,161,57,-3,3,158,60,40,100,-296
13229,Sep 3 2006,African Nations Cup qualifier in Togo,Togo,Benin,1449,1258,2,1,6,-6,1455,1252,91,137,3,0,94,137,40,100,291
13230,Sep 4 2006,Friendly in Canada,Canada,Jamaica,1597,1631,1,0,8,-8,1605,1623,53,53,5,0,58,53,20,100,66
13231,Sep 4 2006,CONCACAF Ch & Car Cup q in Cuba,Cuba,Bahamas,1546,884,6,0,1,-1,1547,883,74,199,0,0,74,199,20,0,662
13232,Sep 4 2006,CONCACAF Ch & Car Cup q in Cuba,Turks and Caicos Islands,Cayman Islands,764,1032,2,0,49,-49,813,983,203,194,3,-6,206,188,40,0,-268
13233,Sep 5 2006,Friendly in England,Brazil,Wales,2068,1598,2,0,2,-2,2070,1596,2,63,0,0,2,63,20,0,470
13234,Sep 6 2006,European Championship qual in Albania,Albania,Romania,1523,1840,0,2,-13,13,1510,1853,85,12,-4,2,81,14,40,100,-217
13235,Sep 6 2006,European Championship qual in Armenia,Armenia,Belgium,1393,1695,0,1,-10,10,1383,1705,105,41,-1,2,104,43,40,100,-202
13236,Sep 6 2006,European Championship qual in Azerbaijan,Azerbaijan,Kazakhstan,1363,1362,1,1,-6,6,1357,1368,117,106,-4,2,113,108,40,100,101
13237,Sep 6 2006,CONCACAF Ch & Car Cup q in Cuba,Bahamas,Turks and Caicos Islands,883,813,3,2,16,-16,899,797,195,210,2,-2,197,208,40,0,70
13238,Sep 6 2006,European Championship qual in Bosnia and Herzegovina,Bosnia and Herzegovina,Hungary,1632,1582,1,3,-42,42,1590,1624,76,39,-12,13,64,52,40,100,150
13239,Sep 6 2006,European Championship qual in Bulgaria,Bulgaria,Slovenia,1725,1601,3,0,15,-15,1740,1586,33,68,1,-3,34,65,40,100,224
13240,Sep 6 2006,CONCACAF Ch & Car Cup q in Cuba,Cuba,Cayman Islands,1547,983,7,0,2,-2,1549,981,70,190,2,-1,72,189,20,0,564
13241,Sep 6 2006,Friendly in the United States,Ecuador,Peru,1767,1639,1,1,-4,4,1763,1643,28,49,0,0,28,49,20,0,128
13242,Sep 6 2006,European Championship qual in Finland,Finland,Portugal,1669,1923,1,1,8,-8,1677,1915,45,11,1,-1,46,10,40,100,-154
13243,Sep 6 2006,European Championship qual in France,France,Italy,2073,2033,3,1,19,-19,2092,2014,1,3,0,0,1,3,40,100,140
13244,Sep 6 2006,Friendly in Guatemala,Guatemala,Panama,1577,1501,1,2,-15,15,1562,1516,68,74,-1,5,67,79,20,100,176
13245,Sep 6 2006,CONCACAF Ch & Car Cup q in the Netherlands Antilles,Guyana,Suriname,1179,1243,5,0,47,-47,1226,1196,135,173,15,-16,150,157,40,0,-64
13246,Sep 6 2006,Friendly in Honduras,Honduras,El Salvador,1726,1384,2,0,2,-2,1728,1382,38,105,-2,0,36,105,20,100,442
13247,Sep 6 2006,Asian Cup qualifier in Hong Kong,Hong Kong,Uzbekistan,1225,1552,0,0,11,-11,1236,1541,137,75,6,-2,143,73,30,0,-327
13248,Sep 6 2006,European Championship qual in Iceland,Iceland,Denmark,1550,1907,0,2,-11,11,1539,1918,76,6,-2,2,74,8,40,100,-257
13249,Sep 6 2006,Asian Cup qualifier in the United Arab Emirates,Iraq,Palestine,1609,1217,2,2,-16,16,1593,1233,70,139,-7,7,63,146,40,0,392
13250,Sep 6 2006,European Championship qual in the Netherlands,Israel,Andorra,1721,1103,4,1,2,-2,1723,1101,40,175,-1,0,39,175,40,0,618
13251,Sep 6 2006,Asian Cup qualifier in Kuwait,Kuwait,Australia,1445,1809,2,0,49,-49,1494,1760,72,39,13,-10,85,29,40,100,-264
13252,Sep 6 2006,European Championship qual in Lithuania,Lithuania,Scotland,1506,1711,1,2,-14,14,1492,1725,92,32,-5,5,87,37,40,100,-105
13253,Sep 6 2006,Friendly in Luxembourg,Luxembourg,Latvia,978,1472,0,0,8,-8,986,1464,187,99,1,-5,188,94,20,100,-394
13254,Sep 6 2006,European Championship qual in Macedonia,Macedonia,England,1530,2005,0,1,-4,4,1526,2009,76,4,0,0,76,4,40,100,-375
13255,Sep 6 2006,European Championship qual in the Netherlands,Netherlands,Belarus,2000,1558,3,0,3,-3,2003,1555,5,72,0,-2,5,70,20,0,442
13256,Sep 6 2006,European Championship qual in Norway,Norway,Moldova,1772,1426,2,0,4,-4,1776,1422,23,99,2,0,25,99,20,0,346
13257,Sep 6 2006,CONCACAF Ch & Car Cup q in the Netherlands Antilles,Netherlands Antilles,Grenada,1186,1226,1,1,-3,3,1183,1229,165,148,-2,0,163,148,30,100,60
13258,Sep 6 2006,European Championship qual in Northern Ireland,Northern Ireland,Spain,1470,1952,3,2,36,-36,1506,1916,76,10,7,-1,83,9,40,100,-382
13259,Sep 6 2006,Asian Cup qualifier in Oman,Oman,Pakistan,1605,895,5,0,1,-1,1606,894,56,199,1,-1,57,198,20,0,710
13260,Sep 6 2006,European Championship qual in Poland,Poland,Serbia,1718,1744,1,1,-4,4,1714,1748,44,32,-2,0,42,32,40,100,74
13261,Sep 6 2006,Asian Cup qualifier in Qatar,Qatar,Bangladesh,1566,1012,3,0,2,-2,1568,1010,65,186,1,0,66,186,30,0,554
13262,Sep 6 2006,European Championship qual in Russia,Russia,Croatia,1754,1844,0,0,-1,1,1753,1845,30,17,0,-1,30,16,40,100,10
13263,Sep 6 2006,European Championship qual in San Marino,San Marino,Germany,938,1971,0,13,-1,1,937,1972,192,7,0,0,192,7,40,100,-933
13264,Sep 6 2006,Asian Cup qualifier in Saudi Arabia,Saudi Arabia,India,1604,1133,7,1,3,-3,1607,1130,52,171,4,-1,56,170,20,0,471
13265,Sep 6 2006,Asian Cup qualifier in Singapore,Singapore,China,1338,1606,0,0,9,-9,1347,1597,117,65,0,-4,117,61,40,100,-168
13266,Sep 6 2006,European Championship qual in Slovakia,Slovakia,Czechia,1707,1862,0,3,-30,30,1677,1892,49,11,-3,0,46,11,40,100,-55
13267,Sep 6 2006,Asian Cup qualifier in South Korea,South Korea,Taiwan,1717,932,8,0,1,-1,1718,931,41,194,0,0,41,194,20,0,785
13268,Sep 6 2006,European Championship qual in Sweden,Sweden,Liechtenstein,1849,1119,3,1,1,-1,1850,1118,16,172,-1,0,15,172,30,0,730
13269,Sep 6 2006,Friendly tournament in Switzerland,Switzerland,Costa Rica,1861,1639,2,0,6,-6,1867,1633,12,53,0,-2,12,51,30,100,322
13270,Sep 6 2006,Asian Cup qualifier in Syria,Syria,Iran,1484,1725,0,2,-18,18,1466,1743,99,31,-6,2,93,33,40,100,-141
13271,Sep 6 2006,European Championship qual in Germany,Turkey,Malta,1813,1238,2,0,2,-2,1815,1236,18,143,0,0,18,143,30,0,575
13272,Sep 6 2006,Asian Cup qualifier in the United Arab Emirates,United Arab Emirates,Jordan,1522,1512,0,0,-6,6,1516,1518,80,75,-1,3,79,78,40,100,110
13273,Sep 6 2006,European Championship qual in Ukraine,Ukraine,Georgia,1791,1513,3,2,4,-4,1795,1509,20,84,1,-2,21,82,40,100,378
13274,Sep 6 2006,Friendly tournament in Switzerland,Venezuela,Austria,1595,1619,1,0,16,-16,1611,1603,46,64,9,-5,55,59,30,0,-24
13275,Sep 6 2006,Asian Cup qualifier in Yemen,Yemen,Japan,1243,1721,0,1,-4,4,1239,1725,141,36,0,1,141,37,40,100,-378
13276,Sep 8 2006,CONCACAF Ch & Car Cup q in the Netherlands Antilles,Netherlands Antilles,Guyana,1183,1226,0,5,-47,47,1136,1273,173,114,-5,18,168,132,40,100,57
13277,Sep 8 2006,CONCACAF Ch & Car Cup q in the Netherlands Antilles,Suriname,Grenada,1196,1229,1,0,22,-22,1218,1207,145,162,6,-7,151,155,40,0,-33
13278,Sep 10 2006,Friendly in Barbados,Barbados,St Vincent & Grenadines,1265,1329,1,1,-1,1,1264,1330,136,118,0,0,136,118,20,100,36
13279,Sep 10 2006,CONCACAF Ch & Car Cup q in the Netherlands Antilles,Guyana,Grenada,1273,1207,1,0,16,-16,1289,1191,126,161,3,-3,129,158,40,0,66
13280,Sep 10 2006,CONCACAF Ch & Car Cup q in the Netherlands Antilles,Netherlands Antilles,Suriname,1136,1218,0,1,-21,21,1115,1239,176,133,-4,9,172,142,40,100,18
13281,Sep 15 2006,Friendly in Haiti,Haiti,Dominican Republic,1484,1063,3,1,1,-1,1485,1062,89,179,0,0,89,179,20,100,521
13282,Sep 17 2006,Friendly in Dominica,Dominica,Barbados,1009,1264,0,5,-12,12,997,1276,187,130,0,3,187,133,20,100,-155
13283,Sep 17 2006,Friendly in Haiti,Haiti,Dominican Republic,1485,1062,2,1,1,-1,1486,1061,87,179,1,0,88,179,20,100,523
13284,Sep 17 2006,COSAFA Cup in Zimbabwe,Zimbabwe,Angola,1504,1603,1,2,-20,20,1484,1623,94,47,-5,6,89,53,40,100,1
13285,Sep 20 2006,CONCACAF Ch & Car Cup q in Antigua and Barbuda,Antigua and Barbuda,Anguilla,1111,553,5,3,1,-1,1112,552,173,226,0,0,173,226,20,0,558
13286,Sep 20 2006,CONCACAF Ch & Car Cup q in Antigua and Barbuda,Barbados,Saint Kitts and Nevis,1276,1252,1,1,-1,1,1275,1253,133,138,0,0,133,138,20,0,24
13287,Sep 20 2006,CONCACAF Ch & Car Cup q in Guadeloupe,Guadeloupe,Saint Martin,1368,1022,1,0,3,-3,1371,1019,108,184,0,0,108,184,40,100,446
13288,Sep 20 2006,CONCACAF Ch & Car Cup q in Guadeloupe,Martinique,Dominica,1360,997,4,0,8,-8,1368,989,108,187,1,0,109,187,40,0,363
13289,Sep 22 2006,CONCACAF Ch & Car Cup q in Antigua and Barbuda,Antigua and Barbuda,Barbados,1112,1275,1,3,-25,25,1087,1300,181,121,-4,6,177,127,40,100,-63
13290,Sep 22 2006,CONCACAF Ch & Car Cup q in Guadeloupe,Guadeloupe,Dominica,1371,989,1,0,2,-2,1373,987,106,187,1,0,107,187,20,0,382
13291,Sep 22 2006,CONCACAF Ch & Car Cup q in Guadeloupe,Martinique,Saint Martin,1368,1019,1,0,5,-5,1373,1014,105,186,2,-1,107,185,40,0,349
13292,Sep 22 2006,CONCACAF Ch & Car Cup q in Antigua and Barbuda,Saint Kitts and Nevis,Anguilla,1253,552,6,1,1,-1,1254,551,138,226,0,0,138,226,20,0,701
13293,Sep 24 2006,CONCACAF Ch & Car Cup q in Antigua and Barbuda,Antigua and Barbuda,Saint Kitts and Nevis,1087,1254,1,0,24,-24,1111,1230,169,160,4,-11,173,149,40,100,-67
13294,Sep 24 2006,CONCACAF Ch & Car Cup q in Antigua and Barbuda,Barbados,Anguilla,1300,551,7,1,1,-1,1301,550,127,226,0,0,127,226,20,0,749
13295,Sep 24 2006,CONCACAF Ch & Car Cup q in Guadeloupe,Dominica,Saint Martin,987,1014,0,0,2,-2,989,1012,187,185,0,0,187,185,40,0,-27
13296,Sep 24 2006,CONCACAF Ch & Car Cup q in Guadeloupe,Guadeloupe,Martinique,1373,1373,4,0,27,-27,1400,1346,97,127,5,-10,102,117,40,100,100
13297,Sep 27 2006,CONCACAF Ch & Car Cup q in Jamaica,Haiti,St Vincent & Grenadines,1486,1330,4,0,22,-22,1508,1308,78,134,5,-8,83,126,40,0,156
13298,Sep 27 2006,CONCACAF Ch & Car Cup q in Jamaica,Jamaica,Saint Lucia,1623,1235,4,0,4,-4,1627,1231,51,150,1,-2,52,148,20,0,388
13299,Sep 27 2006,CONCACAF Ch & Car Cup q in the US Virgin Islands,US Virgin Islands,Bermuda,681,1172,0,6,-8,8,673,1180,219,164,-1,1,218,165,40,100,-391
13300,Sep 27 2006,Friendly in Venezuela,Venezuela,Uruguay,1611,1855,1,0,14,-14,1625,1841,50,19,3,-3,53,16,20,100,-144
13301,Sep 29 2006,CONCACAF Ch & Car Cup q in the US Virgin Islands,Bermuda,Dominican Republic,1180,1061,3,1,20,-20,1200,1041,145,183,10,-2,155,181,40,0,119
13302,Sep 29 2006,CONCACAF Ch & Car Cup q in Jamaica,Haiti,Saint Lucia,1508,1231,7,1,14,-14,1522,1217,71,158,6,-5,77,153,40,0,277
13303,Sep 29 2006,CONCACAF Ch & Car Cup q in Jamaica,Jamaica,St Vincent & Grenadines,1627,1308,1,2,-37,37,1590,1345,74,110,-11,8,63,118,40,100,419
13304,Sep 30 2006,Friendly in Tanzania,Tanzania,Kenya,1232,1322,0,0,0,0,1232,1322,147,121,0,0,147,121,20,100,10
13305,Oct 1 2006,CONCACAF Ch & Car Cup q in Jamaica,Jamaica,Haiti,1590,1522,2,0,17,-17,1607,1505,49,91,7,-7,56,84,40,100,168
13306,Oct 1 2006,Friendly in Libya,Libya,Sudan,1448,1318,1,0,4,-4,1452,1314,94,125,2,-1,96,124,20,100,230
13307,Oct 1 2006,CONCACAF Ch & Car Cup q in Jamaica,St Vincent & Grenadines,Saint Lucia,1345,1217,8,0,31,-31,1376,1186,96,171,11,-9,107,162,40,0,128
13308,Oct 1 2006,CONCACAF Ch & Car Cup q in the US Virgin Islands,US Virgin Islands,Dominican Republic,673,1041,1,6,-14,14,659,1055,220,177,-1,2,219,179,40,100,-268
13309,Oct 3 2006,Friendly in Botswana,Botswana,Lesotho,1280,1128,1,0,4,-4,1284,1124,133,170,0,0,133,170,20,100,252
13310,Oct 4 2006,Friendly in Ethiopia,Ethiopia,Swaziland,1470,1189,2,0,3,-3,1473,1186,90,163,0,-2,90,161,20,100,381
13311,Oct 4 2006,Friendly tournament in Jordan,Iran,Iraq,1743,1593,2,0,13,-13,1756,1580,27,67,3,-2,30,65,30,0,150
13312,Oct 4 2006,Friendly in Japan,Japan,Ghana,1725,1722,0,1,-13,13,1712,1735,47,30,-5,5,42,35,20,100,103
13313,Oct 6 2006,Friendly tournament in Jordan,Jordan,Iran,1518,1756,0,0,6,-6,1524,1750,76,34,1,-2,77,32,20,0,-238
13314,Oct 6 2006,Friendly in Liechtenstein,Liechtenstein,Austria,1118,1603,1,2,-2,2,1116,1605,171,58,0,1,171,59,20,100,-385
13315,Oct 7 2006,African Nations Cup qualifier in Algeria,Algeria,Gambia,1417,1357,1,0,11,-11,1428,1346,98,121,1,-4,99,117,40,100,160
13316,Oct 7 2006,European Championship qual in Armenia,Armenia,Finland,1383,1677,0,0,10,-10,1393,1667,105,46,0,0,105,46,30,0,-294
13317,Oct 7 2006,Friendly in Australia,Australia,Paraguay,1760,1765,1,1,-3,3,1757,1768,31,23,-1,2,30,25,20,100,95
13318,Oct 7 2006,African Nations Cup qualifier in Botswana,Botswana,Egypt,1284,1733,0,0,15,-15,1299,1718,125,44,4,-4,129,40,40,100,-349
13319,Oct 7 2006,European Championship qual in Bulgaria,Bulgaria,Netherlands,1740,2003,1,1,9,-9,1749,1994,32,3,1,1,33,4,40,100,-163
13320,Oct 7 2006,African Nations Cup qualifier in Burkina Faso,Burkina Faso,Senegal,1386,1684,1,0,30,-30,1416,1654,98,49,3,-2,101,47,40,100,-198
13321,Oct 7 2006,African Nations Cup qualifier in Cameroon,Cameroon,Equatorial Guinea,1786,1185,3,0,1,-1,1787,1184,19,163,2,0,21,163,20,0,601
13322,Oct 7 2006,African Nations Cup qualifier in Cape Verde,Cape Verde,Guinea,1293,1613,1,0,31,-31,1324,1582,115,71,7,-8,122,63,40,100,-220
13323,Oct 7 2006,Pacific Cup in Chile,Chile,Peru,1703,1643,3,2,9,-9,1712,1634,42,51,1,-1,43,50,30,100,160
13324,Oct 7 2006,European Championship qual in Croatia,Croatia,Andorra,1845,1101,7,0,1,-1,1846,1100,15,177,0,-1,15,176,20,0,744
13325,Oct 7 2006,European Championship qual in Cyprus,Cyprus,Ireland,1451,1801,5,2,57,-57,1508,1744,67,50,15,-15,82,35,40,100,-250
13326,Oct 7 2006,European Championship qual in Czechia,Czechia,San Marino,1892,937,7,0,0,0,1892,937,9,192,1,0,10,192,20,0,955
13327,Oct 7 2006,European Championship qual in Denmark,Denmark,Northern Ireland,1918,1506,0,0,-18,18,1900,1524,10,69,-1,7,9,76,40,100,512
13328,Oct 7 2006,European Championship qual in England,England,Macedonia,2009,1526,0,0,-19,19,1990,1545,6,70,-1,3,5,73,40,100,583
13329,Oct 7 2006,African Nations Cup qualifier in Eritrea,Eritrea,Swaziland,1133,1186,0,0,-3,3,1130,1189,168,159,0,1,168,160,40,100,47
13330,Oct 7 2006,European Championship qual in the Faroe Islands,Faroe Islands,Lithuania,1188,1492,0,1,-9,9,1179,1501,172,85,-6,1,166,86,40,100,-204
13331,Oct 7 2006,Friendly in Germany,Germany,Georgia,1972,1509,2,0,1,-1,1973,1508,7,82,0,0,7,82,20,100,563
13332,Oct 7 2006,European Championship qual in Greece,Greece,Norway,1805,1776,1,0,13,-13,1818,1763,17,27,1,-1,18,26,40,100,129
13333,Oct 7 2006,Friendly in the United States,Honduras,Guatemala,1728,1562,3,2,6,-6,1734,1556,37,71,0,-2,37,69,20,0,166
13334,Oct 7 2006,European Championship qual in Hungary,Hungary,Turkey,1624,1815,0,1,-15,15,1609,1830,55,16,-1,1,54,17,40,100,-91
13335,Oct 7 2006,European Championship qual in Italy,Italy,Ukraine,2014,1795,2,0,8,-8,2022,1787,3,21,0,0,3,21,40,100,319
13336,Oct 7 2006,European Championship qual in Kazakhstan,Kazakhstan,Poland,1368,1714,0,1,-8,8,1360,1722,110,37,0,2,110,39,40,100,-246
13337,Oct 7 2006,European Championship qual in Latvia,Latvia,Iceland,1464,1539,4,0,35,-35,1499,1504,80,96,7,-11,87,85,40,100,25
13338,Oct 7 2006,African Nations Cup qualifier in Malawi,Malawi,Zimbabwe,1313,1484,1,0,24,-24,1337,1460,113,99,6,-5,119,94,40,100,-71
13339,Oct 7 2006,European Championship qual in Moldova,Moldova,Bosnia and Herzegovina,1422,1590,2,2,4,-4,1426,1586,101,61,-1,1,100,62,20,0,-168
13340,Oct 7 2006,African Nations Cup qualifier in Namibia,Namibia,Ethiopia,1177,1473,1,0,30,-30,1207,1443,142,106,12,-8,154,98,40,100,-196
13341,Oct 7 2006,Friendly in Panama,Panama,El Salvador,1516,1382,1,0,4,-4,1520,1378,77,106,1,0,78,106,20,100,234
13342,Oct 7 2006,European Championship qual in Portugal,Portugal,Azerbaijan,1915,1357,3,0,2,-2,1917,1355,6,113,2,0,8,113,30,0,558
13343,Oct 7 2006,European Championship qual in Romania,Romania,Belarus,1853,1555,3,1,6,-6,1859,1549,15,72,-1,-1,14,71,40,100,398
13344,Oct 7 2006,European Championship qual in Russia,Russia,Israel,1753,1723,1,1,-7,7,1746,1730,38,37,-4,1,34,38,40,100,130
13345,Oct 7 2006,European Championship qual in Scotland,Scotland,France,1725,2092,1,0,33,-33,1758,2059,20,3,9,-1,29,2,40,100,-267
13346,Oct 7 2006,European Championship qual in Serbia,Serbia,Belgium,1748,1705,1,0,12,-12,1760,1693,23,47,5,-2,28,45,40,100,143
13347,Oct 7 2006,African Nations Cup qualifier in the Seychelles,Seychelles,Mauritius,1080,1286,2,1,26,-26,1106,1260,170,142,4,-5,174,137,40,100,-106
13348,Oct 7 2006,European Championship qual in Slovenia,Slovenia,Luxembourg,1586,986,2,0,1,-1,1587,985,58,188,3,0,61,188,20,0,600
13349,Oct 7 2006,European Championship qual in Sweden,Sweden,Spain,1850,1916,2,0,27,-27,1877,1889,10,13,2,-2,12,11,30,0,-66
13350,Oct 7 2006,Friendly in Trinidad and Tobago,Trinidad and Tobago,St Vincent & Grenadines,1550,1376,5,0,7,-7,1557,1369,63,111,4,-2,67,109,20,100,274
13351,Oct 7 2006,African Nations Cup qualifier in Tunisia,Tunisia,Sudan,1635,1314,1,0,3,-3,1638,1311,48,130,1,-3,49,127,20,0,321
13352,Oct 7 2006,European Championship qual in Wales,Wales,Slovakia,1596,1677,1,5,-40,40,1556,1717,76,38,-7,4,69,42,40,100,19
13353,Oct 8 2006,African Nations Cup qualifier in Angola,Angola,Kenya,1623,1322,3,1,5,-5,1628,1317,51,123,1,0,52,123,20,0,301
13354,Oct 8 2006,African Nations Cup qualifier in Benin,Benin,Sierra Leone,1252,1327,2,0,28,-28,1280,1299,128,136,5,-8,133,128,40,100,25
13355,Oct 8 2006,African Nations Cup qualifier in Burundi,Burundi,Mauritania,1228,1198,3,1,19,-19,1247,1179,129,174,10,-9,139,165,40,100,130
13356,Oct 8 2006,African Nations Cup qualifier in Congo,Congo,Chad,1359,1269,3,1,15,-15,1374,1254,105,143,3,-5,108,138,40,100,190
13357,Oct 8 2006,African Nations Cup qualifier in Ivory Coast,Ivory Coast,Gabon,1753,1403,5,0,6,-6,1759,1397,27,106,2,-2,29,104,40,100,450
13358,Oct 8 2006,Friendly in Jamaica,Jamaica,Canada,1607,1605,2,1,7,-7,1614,1598,53,60,1,-1,54,59,20,100,102
13359,Oct 8 2006,African Nations Cup qualifier in Lesotho,Lesotho,Nigeria,1124,1782,0,1,-2,2,1122,1784,170,23,0,0,170,23,40,100,-558
13360,Oct 8 2006,African Nations Cup qualifier in Liberia,Liberia,Rwanda,1263,1298,3,2,16,-16,1279,1282,132,132,2,-1,134,131,40,100,65
13361,Oct 8 2006,African Nations Cup qualifier in Libya,Libya,DR Congo,1452,1491,1,1,-3,3,1449,1494,96,86,0,2,96,88,30,100,61
13362,Oct 8 2006,African Nations Cup qualifier in Mali,Mali,Togo,1538,1455,1,0,10,-10,1548,1445,69,99,3,-2,72,97,40,100,183
13363,Oct 8 2006,African Nations Cup qualifier in Mozambique,Mozambique,Tanzania,1289,1232,0,0,-8,8,1281,1240,133,137,-1,5,132,142,40,100,157
13364,Oct 8 2006,African Nations Cup qualifier in Niger,Niger,Uganda,1312,1374,0,0,-2,2,1310,1376,126,107,0,0,126,107,30,100,38
13365,Oct 8 2006,Friendly in South Korea,South Korea,Ghana,1718,1735,1,3,-19,19,1699,1754,48,28,-4,4,44,32,20,100,83
13366,Oct 8 2006,African Nations Cup qualifier in Zambia,Zambia,South Africa,1557,1451,0,1,-31,31,1526,1482,83,85,-8,6,75,91,40,100,206
13367,Oct 10 2006,Friendly in Sweden,Brazil,Ecuador,2070,1763,2,1,3,-3,2073,1760,1,28,0,-1,1,27,20,0,307
13368,Oct 10 2006,Friendly in the United States,Honduras,Guatemala,1734,1556,2,1,5,-5,1739,1551,37,70,0,-1,37,69,20,0,178
13369,Oct 11 2006,European Championship qual in Andorra,Andorra,Macedonia,1100,1545,0,3,-8,8,1092,1553,176,67,0,3,176,70,40,100,-345
13370,Oct 11 2006,Asian Cup qualifier in Australia,Australia,Bahrain,1757,1469,2,0,6,-6,1763,1463,23,96,4,-2,27,94,40,100,388
13371,Oct 11 2006,Friendly in Austria,Austria,Switzerland,1605,1867,2,1,14,-14,1619,1853,48,17,5,-2,53,15,20,100,-162
13372,Oct 11 2006,Asian Cup qualifier in Bangladesh,Bangladesh,Uzbekistan,1010,1541,0,4,-6,6,1004,1547,186,74,0,0,186,74,40,100,-431
13373,Oct 11 2006,European Championship qual in Belarus,Belarus,Slovenia,1549,1587,4,2,25,-25,1574,1562,56,73,7,-6,63,67,30,0,-38
13374,Oct 11 2006,European Championship qual in Belgium,Belgium,Azerbaijan,1693,1355,3,0,5,-5,1698,1350,41,113,2,0,43,113,40,100,438
13375,Oct 11 2006,European Championship qual in Bosnia and Herzegovina,Bosnia and Herzegovina,Greece,1586,1818,0,4,-24,24,1562,1842,72,14,-5,2,67,16,40,100,-132
13376,Oct 11 2006,Asian Cup qualifier in Jordan,China,Palestine,1597,1233,2,0,7,-7,1604,1226,56,150,2,-1,58,149,40,0,364
13377,Oct 11 2006,European Championship qual in Croatia,Croatia,England,1846,1990,2,0,34,-34,1880,1956,11,9,2,-2,13,7,40,100,-44
13378,Oct 11 2006,European Championship qual in France,France,Faroe Islands,2059,1179,5,0,0,0,2059,1179,2,165,0,0,2,165,20,0,880
13379,Oct 11 2006,European Championship qual in Georgia,Georgia,Italy,1508,2022,1,3,-5,5,1503,2027,84,3,-1,0,83,3,40,100,-414
13380,Oct 11 2006,European Championship qual in Iceland,Iceland,Sweden,1504,1877,1,2,-7,7,1497,1884,85,12,0,0,85,12,40,100,-273
13381,Oct 11 2006,Asian Cup qualifier in India,India,Japan,1130,1712,0,3,-4,4,1126,1716,170,42,-1,0,169,42,40,100,-482
13382,Oct 11 2006,Asian Cup qualifier in the United Arab Emirates,Iraq,Singapore,1580,1347,4,2,12,-12,1592,1335,56,122,4,-3,60,119,40,0,233
13383,Oct 11 2006,European Championship qual in Ireland,Ireland,Czechia,1744,1892,1,1,3,-3,1747,1889,34,12,1,-1,35,11,40,100,-48
13384,Oct 11 2006,European Championship qual in Kazakhstan,Kazakhstan,Finland,1360,1667,0,2,-14,14,1346,1681,119,46,-4,0,115,46,40,100,-207
13385,Oct 11 2006,Friendly in Kuwait,Kuwait,Lithuania,1494,1501,1,0,7,-7,1501,1494,80,86,4,0,84,86,20,100,93
13386,Oct 11 2006,European Championship qual in Liechtenstein,Liechtenstein,Denmark,1116,1900,0,4,-1,1,1115,1901,171,7,0,1,171,8,20,100,-684
13387,Oct 11 2006,European Championship qual in Luxembourg,Luxembourg,Bulgaria,985,1749,0,1,-1,1,984,1750,188,32,0,1,188,33,30,100,-664
13388,Oct 11 2006,European Championship qual in Malta,Malta,Hungary,1236,1609,2,1,33,-33,1269,1576,124,69,11,-7,135,62,40,100,-273
13389,Oct 11 2006,European Championship qual in the Netherlands,Netherlands,Albania,1994,1510,2,1,1,-1,1995,1509,4,79,0,1,4,80,20,0,484
13390,Oct 11 2006,European Championship qual in Northern Ireland,Northern Ireland,Latvia,1524,1499,1,0,13,-13,1537,1486,74,93,1,-3,75,90,40,100,125
13391,Oct 11 2006,Asian Cup qualifier in Oman,Oman,United Arab Emirates,1606,1516,2,1,10,-10,1616,1506,53,82,2,-1,55,81,40,100,190
13392,Oct 11 2006,Asian Cup qualifier in Pakistan,Pakistan,Jordan,894,1524,0,3,-3,3,891,1527,198,76,0,0,198,76,40,100,-530
13393,Oct 11 2006,Pacific Cup in Peru,Peru,Chile,1634,1712,0,1,-16,16,1618,1728,58,38,-4,2,54,40,30,100,22
13394,Oct 11 2006,European Championship qual in Poland,Poland,Portugal,1722,1917,2,1,25,-25,1747,1892,31,12,4,-2,35,10,40,100,-95
13395,Oct 11 2006,Asian Cup qualifier in Qatar,Qatar,Hong Kong,1568,1236,2,0,5,-5,1573,1231,65,148,0,-1,65,147,40,100,432
13396,Oct 11 2006,European Championship qual in Russia,Russia,Estonia,1746,1399,2,0,4,-4,1750,1395,31,105,2,-1,33,104,20,0,347
13397,Oct 11 2006,Asian Cup qualifier in Saudi Arabia,Saudi Arabia,Yemen,1607,1239,5,0,5,-5,1612,1234,58,149,-1,-3,57,146,40,100,468
13398,Oct 11 2006,European Championship qual in Serbia,Serbia,Armenia,1760,1393,3,0,4,-4,1764,1389,25,105,1,0,26,105,20,0,367
13399,Oct 11 2006,European Championship qual in Slovakia,Slovakia,Germany,1717,1973,1,4,-20,20,1697,1993,47,3,-3,2,44,5,40,100,-156
13400,Oct 11 2006,Asian Cup qualifier in South Korea,South Korea,Syria,1699,1466,1,1,-15,15,1684,1481,46,90,-1,2,45,92,40,100,333
13401,Oct 11 2006,Friendly in Spain,Spain,Argentina,1889,1990,2,1,10,-10,1899,1980,7,7,2,-1,9,6,20,100,-1
13402,Oct 11 2006,Asian Cup qualifier in Taiwan,Taiwan,Iran,931,1750,0,2,-1,1,930,1751,194,31,0,1,194,32,30,100,-719
13403,Oct 11 2006,Friendly in Trinidad and Tobago,Trinidad and Tobago,Panama,1557,1520,2,1,6,-6,1563,1514,65,80,1,-1,66,79,20,100,137
13404,Oct 11 2006,European Championship qual in Germany,Turkey,Moldova,1830,1426,5,0,7,-7,1837,1419,19,100,-1,0,18,100,40,0,404
13405,Oct 11 2006,European Championship qual in Ukraine,Ukraine,Scotland,1787,1758,2,0,19,-19,1806,1739,19,44,1,-7,20,37,40,100,129
13406,Oct 11 2006,European Championship qual in Wales,Wales,Cyprus,1556,1508,3,1,18,-18,1574,1490,58,96,5,-7,63,89,40,100,148
13407,Oct 17 2006,Friendly in Haiti,Haiti,Cuba,1505,1549,0,0,-2,2,1503,1551,82,70,0,1,82,71,20,100,56
13408,Oct 18 2006,Friendly in Uruguay,Uruguay,Venezuela,1841,1625,4,0,5,-5,1846,1620,15,52,1,0,16,52,20,100,316
13409,Oct 19 2006,Friendly in Haiti,Haiti,Cuba,1503,1551,0,1,-11,11,1492,1562,94,63,-6,4,88,67,20,100,52
13410,Oct 21 2006,COSAFA Cup in Zambia,Zambia,Angola,1526,1628,2,0,30,-30,1556,1598,65,65,6,-7,71,58,40,100,-2
13411,Oct 22 2006,Friendly in St Vincent & Grenadines,St Vincent & Grenadines,Martinique,1369,1346,1,1,-3,3,1366,1349,110,113,0,1,110,114,20,100,123
13412,Nov 1 2006,Friendly tournament in St Vincent & Grenadines,St Vincent & Grenadines,Grenada,1366,1191,4,1,9,-9,1375,1182,106,166,2,-4,108,162,20,0,175
13413,Nov 3 2006,Friendly tournament in St Vincent & Grenadines,Antigua and Barbuda,Grenada,1111,1182,1,1,3,-3,1114,1179,173,166,0,-2,173,164,30,0,-71
13414,Nov 5 2006,Friendly in Barbados,Barbados,Grenada,1301,1179,2,2,-6,6,1295,1185,131,158,-2,3,129,161,20,100,222
13415,Nov 5 2006,Friendly tournament in St Vincent & Grenadines,St Vincent & Grenadines,Antigua and Barbuda,1375,1114,2,2,-12,12,1363,1126,112,165,-2,4,110,169,30,100,361
13416,Nov 8 2006,CONCACAF Ch & Car Cup q in Martinique,Cuba,Haiti,1562,1492,2,1,16,-16,1578,1476,57,96,5,-4,62,92,40,0,70
13417,Nov 8 2006,CONCACAF Ch & Car Cup q in Martinique,Martinique,Suriname,1349,1239,1,0,9,-9,1358,1230,108,150,3,-3,111,147,40,100,210
13418,Nov 8 2006,Friendly in Oman,Oman,Bahrain,1616,1463,1,1,-6,6,1610,1469,58,92,-2,1,56,93,20,100,253
13419,Nov 8 2006,Friendly in Saudi Arabia,Saudi Arabia,Jordan,1612,1527,2,1,5,-5,1617,1522,52,77,2,0,54,77,20,100,185
13420,Nov 9 2006,Friendly in the United Arab Emirates,Kuwait,Taiwan,1501,930,10,0,2,-2,1503,928,81,194,1,0,82,194,20,0,571
13421,Nov 10 2006,CONCACAF Ch & Car Cup q in Martinique,Cuba,Suriname,1578,1230,3,1,7,-7,1585,1223,60,153,1,-3,61,150,40,0,348
13422,Nov 10 2006,CONCACAF Ch & Car Cup q in Martinique,Martinique,Haiti,1358,1476,1,0,21,-21,1379,1455,101,98,5,-3,106,95,40,100,-18
13423,Nov 11 2006,Friendly in Singapore,Singapore,Indonesia,1335,1267,1,2,-14,14,1321,1281,123,127,-2,5,121,132,20,100,168
13424,Nov 12 2006,Southeast Asian Champ qual in the Philippines,Brunei,East Timor,738,659,3,2,16,-16,754,643,211,221,0,-1,211,220,40,0,79
13425,Nov 12 2006,CONCACAF Ch & Car Cup q in Martinique,Haiti,Suriname,1455,1223,1,1,-12,12,1443,1235,99,140,-2,5,97,145,40,0,232
13426,Nov 12 2006,CONCACAF Ch & Car Cup q in Martinique,Martinique,Cuba,1379,1585,0,0,6,-6,1385,1579,106,63,0,-1,106,62,40,100,-106
13427,Nov 12 2006,Southeast Asian Champ qual in the Philippines,Philippines,Laos,695,877,1,2,-15,15,680,892,217,195,-1,3,216,198,40,100,-82
13428,Nov 14 2006,Friendly in England,Australia,Ghana,1763,1754,1,1,0,0,1763,1754,27,31,0,0,27,31,20,0,9
13429,Nov 14 2006,Southeast Asian Champ qual in the Philippines,Cambodia,Laos,813,892,2,2,4,-4,817,888,204,202,1,-2,205,200,40,0,-79
13430,Nov 14 2006,Friendly in France,Mali,Congo,1548,1374,1,0,5,-5,1553,1369,70,111,2,-1,72,110,20,0,174
13431,Nov 14 2006,Southeast Asian Champ qual in the Philippines,Philippines,East Timor,680,643,7,0,28,-28,708,615,210,222,3,-1,213,221,40,100,137
13432,Nov 14 2006,Friendly in Wales,Wales,Liechtenstein,1574,1115,4,0,1,-1,1575,1114,64,174,0,-1,64,173,20,100,559
13433,Nov 15 2006,Friendly in Austria,Austria,Trinidad and Tobago,1619,1563,4,1,10,-10,1629,1553,50,77,1,-5,51,72,20,100,156
13434,Nov 15 2006,Asian Cup qualifier in Bahrain,Bahrain,Kuwait,1469,1503,2,1,16,-16,1485,1487,88,94,2,-6,90,88,30,0,-34
13435,Nov 15 2006,European Championship qual in Belgium,Belgium,Poland,1698,1747,0,1,-23,23,1675,1770,47,19,-2,8,45,27,40,100,51
13436,Nov 15 2006,Friendly in Bolivia,Bolivia,El Salvador,1558,1378,5,1,6,-6,1564,1372,62,111,4,-2,66,109,20,100,280
13437,Nov 15 2006,Friendly in Botswana,Botswana,Swaziland,1299,1189,1,0,5,-5,1304,1184,127,164,0,-3,127,161,20,100,210
13438,Nov 15 2006,Friendly in France,Burkina Faso,Algeria,1416,1428,2,1,10,-10,1426,1418,97,103,2,-2,99,101,20,0,-12
13439,Nov 15 2006,Friendly in Chile,Chile,Paraguay,1728,1768,3,2,8,-8,1736,1760,38,39,1,-7,39,32,20,100,60
13440,Nov 15 2006,Asian Cup qualifier in China,China,Iraq,1604,1592,1,1,-6,6,1598,1598,55,52,1,4,56,56,40,100,112
13441,Nov 15 2006,European Championship qual in Cyprus,Cyprus,Germany,1490,1993,1,1,16,-16,1506,1977,78,7,5,-1,83,6,40,100,-403
13442,Nov 15 2006,Friendly in Czechia,Czechia,Denmark,1889,1901,1,1,-2,2,1887,1903,11,8,0,0,11,8,20,100,88
13443,Nov 15 2006,Friendly tournament in England,Egypt,South Africa,1718,1482,1,0,6,-6,1724,1476,41,94,0,-2,41,92,30,0,236
13444,Nov 15 2006,Friendly in Estonia,Estonia,Belarus,1395,1574,2,1,12,-12,1407,1562,100,69,2,-2,102,67,20,100,-79
13445,Nov 15 2006,European Championship qual in Finland,Finland,Armenia,1681,1389,1,0,4,-4,1685,1385,42,105,2,0,44,105,40,100,392
13446,Nov 15 2006,Friendly in France,France,Greece,2059,1842,1,0,3,-3,2062,1839,2,17,0,0,2,17,20,100,317
13447,Nov 15 2006,Friendly in Georgia,Georgia,Uruguay,1503,1846,2,0,24,-24,1527,1822,74,20,4,-2,78,18,20,100,-243
13448,Nov 15 2006,Asian Cup qualifier in Hong Kong,Hong Kong,Bangladesh,1231,1004,2,0,8,-8,1239,996,143,186,2,0,145,186,40,100,327
13449,Nov 15 2006,Friendly in Hungary,Hungary,Canada,1576,1598,1,0,8,-8,1584,1590,57,60,3,-1,60,59,20,100,78
13450,Nov 15 2006,Asian Cup qualifier in Iran,Iran,South Korea,1751,1684,2,0,17,-17,1768,1667,24,47,4,-1,28,46,40,100,167
13451,Nov 15 2006,European Championship qual in Ireland,Ireland,San Marino,1747,937,5,0,0,0,1747,937,35,192,0,0,35,192,20,0,810
13452,Nov 15 2006,European Championship qual in Israel,Israel,Croatia,1730,1880,3,4,-17,17,1713,1897,45,5,-3,4,42,9,40,100,-50
13453,Nov 15 2006,Friendly in Italy,Italy,Turkey,2027,1837,1,1,-7,7,2020,1844,3,14,0,2,3,16,20,100,290
13454,Nov 15 2006,Friendly in France,Ivory Coast,Sweden,1759,1884,1,0,13,-13,1772,1871,20,16,5,-2,25,14,20,0,-125
13455,Nov 15 2006,Friendly in Jamaica,Jamaica,Peru,1614,1618,1,1,-3,3,1611,1621,53,53,1,0,54,53,20,100,96
13456,Nov 15 2006,Asian Cup qualifier in Japan,Japan,Saudi Arabia,1716,1617,3,1,14,-14,1730,1603,38,56,2,-1,40,55,40,100,199
13457,Nov 15 2006,Asian Cup qualifier in Jordan,Jordan,Oman,1522,1610,3,0,34,-34,1556,1576,63,70,7,-7,70,63,40,100,12
13458,Nov 15 2006,Friendly in Luxembourg,Luxembourg,Togo,984,1445,0,0,8,-8,992,1437,186,100,1,-2,187,98,20,100,-361
13459,Nov 15 2006,European Championship qual in Macedonia,Macedonia,Russia,1553,1750,0,2,-22,22,1531,1772,82,17,-5,8,77,25,40,100,-97
13460,Nov 15 2006,Friendly in Malta,Malta,Lithuania,1269,1494,1,4,-11,11,1258,1505,140,83,-2,1,138,84,20,100,-125
13461,Nov 15 2006,Friendly in Morocco,Morocco,Gabon,1647,1397,6,0,5,-5,1652,1392,48,105,0,-1,48,104,20,100,350
13462,Nov 15 2006,Friendly in the Netherlands,Netherlands,England,1995,1956,1,1,-4,4,1991,1960,4,7,0,0,4,7,20,100,139
13463,Nov 15 2006,European Championship qual in Portugal,Portugal,Kazakhstan,1892,1346,3,0,2,-2,1894,1344,10,118,0,-1,10,117,30,0,546
13464,Nov 15 2006,Friendly in Serbia,Serbia,Norway,1764,1763,1,1,-3,3,1761,1766,36,31,-5,-2,31,29,20,100,101
13465,Nov 15 2006,Friendly in Slovakia,Slovakia,Bulgaria,1697,1750,3,1,13,-13,1710,1737,42,43,1,-5,43,38,20,100,47
13466,Nov 15 2006,Friendly in Spain,Spain,Romania,1899,1859,0,1,-14,14,1885,1873,15,12,-3,1,12,13,20,100,140
13467,Nov 15 2006,Friendly in Switzerland,Switzerland,Brazil,1853,2073,1,2,-7,7,1846,2080,15,1,0,0,15,1,20,100,-120
13468,Nov 15 2006,Asian Cup qualifier in Syria,Syria,Taiwan,1481,928,3,0,2,-2,1483,926,91,196,0,-1,91,195,30,0,553
13469,Nov 15 2006,Friendly in Tunisia,Tunisia,Libya,1638,1449,2,0,5,-5,1643,1444,49,95,0,0,49,95,20,100,289
13470,Nov 15 2006,Asian Cup qualifier in the United Arab Emirates,United Arab Emirates,Pakistan,1506,891,3,2,1,-1,1507,890,83,198,-1,0,82,198,20,0,615
13471,Nov 15 2006,Asian Cup qualifier in Uzbekistan,Uzbekistan,Qatar,1547,1573,2,0,24,-24,1571,1549,55,82,10,-8,65,74,30,0,-26
13472,Nov 15 2006,Friendly in Venezuela,Venezuela,Guatemala,1620,1551,2,1,5,-5,1625,1546,53,76,-1,-1,52,75,20,100,169
13473,Nov 15 2006,Asian Cup qualifier in Yemen,Yemen,India,1234,1126,2,1,9,-9,1243,1117,140,173,3,-2,143,171,40,100,208
13474,Nov 15 2006,Friendly in Zimbabwe,Zimbabwe,Namibia,1460,1207,3,2,2,-2,1462,1205,94,154,0,0,94,154,20,100,353
13475,Nov 16 2006,Southeast Asian Champ qual in the Philippines,Brunei,Cambodia,754,817,1,1,4,-4,758,813,209,207,1,-1,210,206,40,0,-63
13476,Nov 16 2006,Southeast Asian Champ qual in the Philippines,Laos,East Timor,888,615,3,2,7,-7,895,608,196,221,2,0,198,221,40,0,273
13477,Nov 18 2006,Southeast Asian Champ qual in the Philippines,Laos,Brunei,895,758,4,1,22,-22,917,736,194,212,2,-1,196,211,40,0,137
13478,Nov 18 2006,Southeast Asian Champ qual in the Philippines,Philippines,Cambodia,708,813,1,0,20,-20,728,793,211,210,1,-2,212,208,40,100,-5
13479,Nov 18 2006,Friendly in Tanzania,Tanzania,Angola,1240,1598,1,1,6,-6,1246,1592,138,60,3,-2,141,58,20,100,-258
13480,Nov 19 2006,CONCACAF Ch & Car Cup q in Barbados,Barbados,Bahamas,1295,899,2,1,2,-2,1297,897,129,198,0,0,129,198,20,0,396
13481,Nov 19 2006,Friendly in Panama,Panama,Peru,1514,1621,1,2,-10,10,1504,1631,88,49,-4,2,84,51,20,100,-7
13482,Nov 19 2006,CONCACAF Ch & Car Cup q in Barbados,St Vincent & Grenadines,Bermuda,1363,1200,3,0,20,-20,1383,1180,103,173,4,-9,107,164,40,0,163
13483,Nov 20 2006,Southeast Asian Champ qual in the Philippines,Cambodia,East Timor,793,608,4,1,18,-18,811,590,204,223,2,-1,206,222,40,0,185
13484,Nov 20 2006,Southeast Asian Champ qual in the Philippines,Philippines,Brunei,728,736,4,1,26,-26,754,710,210,215,1,-2,211,213,40,100,92
13485,Nov 21 2006,CONCACAF Ch & Car Cup q in Barbados,Barbados,St Vincent & Grenadines,1297,1383,3,0,34,-34,1331,1349,109,121,10,-7,119,114,40,100,14
13486,Nov 21 2006,CONCACAF Ch & Car Cup q in Barbados,Bermuda,Bahamas,1180,897,4,0,12,-12,1192,885,150,202,7,-2,157,200,40,0,283
13487,Nov 21 2006,ELF Cup in Northern Cyprus,Northern Cyprus,Tibet,1467,669,10,0,1,-1,1468,668,93,218,0,0,93,218,20,0,798
13488,Nov 23 2006,CONCACAF Ch & Car Cup q in Barbados,Barbados,Bermuda,1331,1192,1,1,-12,12,1319,1204,127,153,-4,2,123,155,40,100,239
13489,Nov 23 2006,CONCACAF Ch & Car Cup q in Barbados,St Vincent & Grenadines,Bahamas,1349,885,3,2,3,-3,1352,882,112,200,1,0,113,200,40,0,464
13490,Nov 24 2006,CONCACAF Ch & Car Cup q in Guyana,Guadeloupe,Dominican Republic,1400,1055,3,0,8,-8,1408,1047,101,181,1,-1,102,180,40,0,345
13491,Nov 24 2006,CONCACAF Ch & Car Cup q in Guyana,Guyana,Antigua and Barbuda,1289,1126,6,0,15,-15,1304,1111,126,177,2,-4,128,173,40,100,263
13492,Nov 25 2006,CECAFA Cup in Ethiopia,Ethiopia,Tanzania,1443,1246,1,2,-34,34,1409,1280,106,127,-5,7,101,134,40,100,297
13493,Nov 26 2006,CECAFA Cup in Ethiopia,Burundi,Zambia,1247,1556,3,2,34,-34,1281,1522,123,86,9,-8,132,78,40,0,-309
13494,Nov 26 2006,CONCACAF Ch & Car Cup q in Guyana,Dominican Republic,Antigua and Barbuda,1047,1111,2,0,35,-35,1082,1076,176,185,2,-6,178,179,40,0,-64
13495,Nov 26 2006,CONCACAF Ch & Car Cup q in Guyana,Guyana,Guadeloupe,1304,1408,3,2,20,-20,1324,1388,112,106,8,-2,120,104,40,100,-4
13496,Nov 26 2006,CECAFA Cup in Ethiopia,Malawi,Djibouti,1337,847,3,0,4,-4,1341,843,118,202,0,0,118,202,40,0,490
13497,Nov 27 2006,CECAFA Cup in Ethiopia,Rwanda,Somalia,1282,1016,3,0,12,-12,1294,1004,131,186,0,-1,131,185,40,0,266
13498,Nov 27 2006,CECAFA Cup in Ethiopia,Uganda,Sudan,1376,1311,2,1,16,-16,1392,1295,99,133,4,-3,103,130,40,0,65
13499,Nov 28 2006,CECAFA Cup in Ethiopia,Ethiopia,Djibouti,1409,843,4,0,2,-2,1411,841,101,202,0,0,101,202,30,0,566
13500,Nov 28 2006,CONCACAF Ch & Car Cup q in Guyana,Guadeloupe,Antigua and Barbuda,1388,1076,3,1,9,-9,1397,1067,101,179,2,0,103,179,40,0,312
13501,Nov 28 2006,CONCACAF Ch & Car Cup q in Guyana,Guyana,Dominican Republic,1324,1082,4,0,9,-9,1333,1073,116,178,2,0,118,178,40,100,342
13502,Nov 28 2006,CECAFA Cup in Ethiopia,Tanzania,Malawi,1280,1341,2,1,23,-23,1303,1318,123,130,6,-6,129,124,40,0,-61
13503,Nov 29 2006,CECAFA Cup in Ethiopia,Burundi,Zanzibar,1281,1218,0,0,-4,4,1277,1222,141,151,-4,0,137,151,20,100,163
13504,Nov 29 2006,Friendly in El Salvador,El Salvador,Panama,1372,1504,0,0,1,-1,1373,1503,107,84,1,0,108,84,20,100,-32
13505,Nov 30 2006,CECAFA Cup in Ethiopia,Sudan,Somalia,1295,1004,3,0,11,-11,1306,993,125,187,3,-1,128,186,40,0,291
13506,Nov 30 2006,CECAFA Cup in Ethiopia,Uganda,Rwanda,1392,1294,1,0,15,-15,1407,1279,100,138,2,-3,102,135,40,0,98
13507,Dec 1 2006,CECAFA Cup in Ethiopia,Ethiopia,Malawi,1411,1318,1,0,10,-10,1421,1308,97,130,2,-3,99,127,40,100,193
13508,Dec 1 2006,CECAFA Cup in Ethiopia,Tanzania,Djibouti,1303,841,3,0,5,-5,1308,836,124,204,3,-1,127,203,40,0,462
13509,Dec 2 2006,CECAFA Cup in Ethiopia,Zambia,Zanzibar,1522,1222,4,0,11,-11,1533,1211,74,155,2,-2,76,153,40,0,300
13510,Dec 3 2006,CECAFA Cup in Ethiopia,Rwanda,Sudan,1279,1306,0,0,2,-2,1281,1304,129,129,3,0,132,129,40,0,-27
13511,Dec 3 2006,CECAFA Cup in Ethiopia,Uganda,Somalia,1407,993,2,0,5,-5,1412,988,102,190,0,-2,102,188,40,0,414
13512,Dec 5 2006,CECAFA Cup in Ethiopia,Ethiopia,Zambia,1421,1533,0,1,-19,19,1402,1552,107,70,-4,3,103,73,40,100,-12
13513,Dec 5 2006,CECAFA Cup in Ethiopia,Rwanda,Tanzania,1281,1308,2,1,22,-22,1303,1286,128,137,2,-5,130,132,40,0,-27
13514,Dec 6 2006,CECAFA Cup in Ethiopia,Malawi,Uganda,1308,1412,0,0,6,-6,1314,1406,127,103,0,-1,127,102,40,0,-104
13515,Dec 6 2006,CECAFA Cup in Ethiopia,Sudan,Burundi,1304,1277,1,0,18,-18,1322,1259,114,141,7,-2,121,139,40,0,27
13516,Dec 6 2006,Friendly in the United Arab Emirates,United Arab Emirates,Poland,1507,1770,2,5,-10,10,1497,1780,87,21,-3,3,84,24,20,100,-163
13517,Dec 8 2006,CECAFA Cup in Ethiopia,Sudan,Uganda,1322,1406,2,2,5,-5,1327,1401,117,104,2,-1,119,103,40,0,-84
13518,Dec 8 2006,CECAFA Cup in Ethiopia,Zambia,Rwanda,1552,1303,1,0,8,-8,1560,1295,67,132,3,-1,70,131,40,0,249
13519,Dec 9 2006,Friendly in Tanzania,Tanzania,DR Congo,1286,1494,2,0,20,-20,1306,1474,126,98,3,-6,129,92,20,100,-108
13520,Dec 10 2006,CECAFA Cup in Ethiopia,Rwanda,Uganda,1295,1401,0,0,6,-6,1301,1395,130,105,1,-1,131,104,40,0,-106
13521,Dec 10 2006,CECAFA Cup in Ethiopia,Sudan,Zambia,1327,1560,0,0,12,-12,1339,1548,117,78,1,-4,118,74,40,0,-233
13522,Dec 10 2006,Friendly in the United Arab Emirates,United Arab Emirates,Slovakia,1497,1710,1,2,-7,7,1490,1717,88,41,-2,1,86,42,20,100,-113
13523,Dec 14 2006,Arab Nations Cup qualifier in Yemen,Yemen,Comoros,1243,827,2,0,3,-3,1246,824,140,204,2,0,142,204,20,0,416
13524,Dec 15 2006,Friendly in Réunion,Réunion,Mayotte,1268,1216,3,1,9,-9,1277,1207,137,154,0,-1,137,153,20,100,152
13525,Dec 17 2006,Arab Nations Cup qualifier in Yemen,Comoros,Djibouti,824,836,4,2,31,-31,855,805,200,211,2,-4,202,207,40,0,-12
13526,Dec 20 2006,Arab Nations Cup qualifier in Yemen,Yemen,Djibouti,1246,805,4,1,3,-3,1249,802,142,207,0,0,142,207,20,0,441
13527,Dec 21 2006,Arab Nations Cup qualifier in Lebanon,Lebanon,Mauritania,1358,1179,0,0,-13,13,1345,1192,123,151,-6,7,117,158,40,100,279
13528,Dec 21 2006,Arab Nations Cup qualifier in Lebanon,Sudan,Somalia,1339,988,6,1,9,-9,1348,979,112,190,3,-1,115,189,40,0,351
13529,Dec 24 2006,King's Cup in Thailand,Kazakhstan,Singapore,1344,1321,0,0,-1,1,1343,1322,118,122,0,0,118,122,20,0,23
13530,Dec 24 2006,Arab Nations Cup qualifier in Lebanon,Lebanon,Somalia,1345,979,4,0,5,-5,1350,974,111,189,3,0,114,189,40,100,466
13531,Dec 24 2006,Arab Nations Cup qualifier in Lebanon,Sudan,Mauritania,1348,1192,2,0,17,-17,1365,1175,107,174,4,-8,111,166,40,0,156
13532,Dec 24 2006,King's Cup in Thailand,Thailand,Vietnam,1315,1198,2,1,7,-7,1322,1191,118,158,4,-1,122,157,20,0,117
13533,Dec 26 2006,King's Cup in Thailand,Thailand,Singapore,1322,1322,2,0,16,-16,1338,1306,114,134,4,-6,118,128,30,100,100
13534,Dec 26 2006,King's Cup in Thailand,Vietnam,Kazakhstan,1191,1343,2,1,21,-21,1212,1322,147,126,5,-4,152,122,30,0,-152
13535,Dec 27 2006,Arab Nations Cup qualifier in Lebanon,Lebanon,Sudan,1350,1365,0,0,-5,5,1345,1370,120,109,-3,1,117,110,40,100,85
13536,Dec 27 2006,Arab Nations Cup qualifier in Lebanon,Mauritania,Somalia,1175,974,8,2,20,-20,1195,954,148,191,9,-1,157,190,40,0,201
13537,Dec 28 2006,Friendly in Martinique,Martinique,St Vincent & Grenadines,1385,1352,2,2,-4,4,1381,1356,108,111,-1,1,107,112,20,100,133
13538,Dec 28 2006,King's Cup in Thailand,Thailand,Kazakhstan,1338,1322,2,2,-5,5,1333,1327,118,118,0,2,118,120,30,100,116
13539,Dec 28 2006,King's Cup in Thailand,Vietnam,Singapore,1212,1306,3,2,19,-19,1231,1287,144,136,4,-4,148,132,30,0,-94
13540,Dec 30 2006,Friendly in Martinique,Martinique,St Vincent & Grenadines,1381,1356,1,1,-3,3,1378,1359,107,112,0,0,107,112,20,100,125
13541,Dec 30 2006,King's Cup in Thailand,Thailand,Vietnam,1333,1231,3,1,11,-11,1344,1220,118,154,0,-3,118,151,20,0,102
13542,Jan 6 2007,Friendly in Martinique,Martinique,Guadeloupe,1378,1397,3,0,13,-13,1391,1384,103,111,2,-4,105,107,20,100,81
13543,Jan 7 2007,CONCACAF Ch & Car Cup q in Trinidad and Tobago,Haiti,Bermuda,1443,1204,2,0,12,-12,1455,1192,94,160,1,-2,95,158,40,0,239
13544,Jan 7 2007,Friendly in Singapore,Singapore,Philippines,1287,754,4,1,1,-1,1288,753,132,211,0,0,132,211,20,100,633
13545,Jan 7 2007,Friendly in Yemen,Yemen,Eritrea,1249,1130,4,1,8,-8,1257,1122,140,168,1,0,141,168,20,100,219
13546,Jan 8 2007,Friendly in Saudi Arabia,Saudi Arabia,Gambia,1603,1346,3,0,4,-4,1607,1342,55,120,0,-2,55,118,20,100,357
13547,Jan 9 2007,CONCACAF Ch & Car Cup q in Trinidad and Tobago,Haiti,Bermuda,1455,1192,3,0,13,-13,1468,1179,91,172,2,-7,93,165,40,0,263
13548,Jan 11 2007,Friendly in Costa Rica,Costa Rica,Nicaragua,1633,1028,2,0,1,-1,1634,1027,50,182,0,0,50,182,20,0,605
13549,Jan 11 2007,Friendly in Saudi Arabia,Saudi Arabia,Syria,1607,1483,2,1,4,-4,1611,1479,53,90,1,0,54,90,20,100,224
13550,Jan 12 2007,Friendly in the United Arab Emirates,Bahrain,Yemen,1485,1257,4,0,8,-8,1493,1249,83,143,3,-1,86,142,20,0,228
13551,Jan 12 2007,CONCACAF Ch q & Car Cup in Trinidad and Tobago,Haiti,Martinique,1468,1391,1,0,16,-16,1484,1375,85,109,4,-2,89,107,40,0,77
13552,Jan 12 2007,Southeast Asian Champ in Thailand,Malaysia,Philippines,1182,753,4,0,6,-6,1188,747,155,211,4,0,159,211,40,0,429
13553,Jan 12 2007,Southeast Asian Champ in Thailand,Thailand,Myanmar,1344,1161,1,1,-13,13,1331,1174,123,167,-3,0,120,167,40,100,283
13554,Jan 12 2007,CONCACAF Ch q & Car Cup in Trinidad and Tobago,Trinidad and Tobago,Barbados,1553,1319,1,1,-15,15,1538,1334,79,112,-4,6,75,118,40,100,334
13555,Jan 12 2007,Friendly in the United Arab Emirates,United Arab Emirates,Iran,1490,1768,0,2,-8,8,1482,1776,94,22,-4,3,90,25,20,100,-178
13556,Jan 13 2007,Southeast Asian Champ in Singapore,Indonesia,Laos,1281,917,3,1,7,-7,1288,910,131,196,1,0,132,196,40,0,364
13557,Jan 13 2007,Friendly in Qatar,Qatar,Oman,1549,1576,1,1,-2,2,1547,1578,74,63,-1,0,73,63,20,100,73
13558,Jan 13 2007,Southeast Asian Champ in Singapore,Singapore,Vietnam,1288,1220,0,0,-9,9,1279,1229,138,147,-3,2,135,149,40,100,168
13559,Jan 14 2007,Friendly in the United States,Armenia,Panama,1385,1503,1,1,3,-3,1388,1500,107,83,-1,0,106,83,20,0,-118
13560,Jan 14 2007,CONCACAF Ch q & Car Cup in Trinidad and Tobago,Guadeloupe,Cuba,1384,1579,2,1,30,-30,1414,1549,96,80,5,-9,101,71,40,0,-195
13561,Jan 14 2007,Southeast Asian Champ in Thailand,Malaysia,Myanmar,1188,1174,0,0,-1,1,1187,1175,159,167,0,0,159,167,30,0,14
13562,Jan 14 2007,CONCACAF Ch q & Car Cup in Trinidad and Tobago,St Vincent & Grenadines,Guyana,1359,1333,2,0,28,-28,1387,1305,102,137,5,-9,107,128,40,0,26
13563,Jan 14 2007,Southeast Asian Champ in Thailand,Thailand,Philippines,1331,747,4,0,1,-1,1332,746,118,211,1,0,119,211,20,0,584
13564,Jan 14 2007,Friendly in Venezuela,Venezuela,Sweden,1625,1871,2,0,21,-21,1646,1850,45,14,4,0,49,14,20,100,-146
13565,Jan 15 2007,CONCACAF Ch q & Car Cup in Trinidad and Tobago,Haiti,Barbados,1484,1334,2,0,18,-18,1502,1316,77,130,6,-6,83,124,40,0,150
13566,Jan 15 2007,Southeast Asian Champ in Singapore,Indonesia,Vietnam,1288,1229,1,1,-3,3,1285,1232,134,147,-1,1,133,148,30,0,59
13567,Jan 15 2007,Southeast Asian Champ in Singapore,Singapore,Laos,1279,910,11,0,7,-7,1286,903,129,196,3,0,132,196,40,100,469
13568,Jan 15 2007,CONCACAF Ch q & Car Cup in Trinidad and Tobago,Trinidad and Tobago,Martinique,1538,1375,5,1,14,-14,1552,1361,67,116,4,-4,71,112,40,100,263
13569,Jan 16 2007,CONCACAF Ch q & Car Cup in Trinidad and Tobago,Cuba,St Vincent & Grenadines,1549,1387,3,0,20,-20,1569,1367,58,115,7,-4,65,111,40,0,162
13570,Jan 16 2007,CONCACAF Ch q & Car Cup in Trinidad and Tobago,Guyana,Guadeloupe,1305,1414,4,3,26,-26,1331,1388,110,109,9,-4,119,105,40,0,-109
13571,Jan 16 2007,Southeast Asian Champ in Thailand,Myanmar,Philippines,1175,746,0,0,-17,17,1158,763,167,209,0,1,167,210,40,0,429
13572,Jan 16 2007,Southeast Asian Champ in Thailand,Thailand,Malaysia,1332,1187,1,0,8,-8,1340,1179,118,169,0,-5,118,164,40,100,245
13573,Jan 17 2007,Gulf Cup in the United Arab Emirates,Kuwait,Yemen,1487,1249,1,1,-12,12,1475,1261,94,134,-3,4,91,138,40,0,238
13574,Jan 17 2007,CONCACAF Ch q & Car Cup in Trinidad and Tobago,Martinique,Barbados,1361,1316,3,2,17,-17,1378,1299,102,135,5,-5,107,130,40,0,45
13575,Jan 17 2007,Southeast Asian Champ in Singapore,Singapore,Indonesia,1286,1285,2,2,-6,6,1280,1291,136,131,-2,1,134,132,40,100,101
13576,Jan 17 2007,CONCACAF Ch q & Car Cup in Trinidad and Tobago,Trinidad and Tobago,Haiti,1552,1502,3,1,18,-18,1570,1484,58,93,7,-5,65,88,40,100,150
13577,Jan 17 2007,Gulf Cup in the United Arab Emirates,United Arab Emirates,Oman,1482,1578,1,2,-20,20,1462,1598,98,50,-4,6,94,56,40,100,4
13578,Jan 17 2007,Southeast Asian Champ in Singapore,Vietnam,Laos,1232,903,9,0,13,-13,1245,890,140,198,4,-1,144,197,40,0,329
13579,Jan 18 2007,CONCACAF Ch q & Car Cup in Trinidad and Tobago,Cuba,Guyana,1569,1331,0,0,-12,12,1557,1343,74,115,-4,2,70,117,40,0,238
13580,Jan 18 2007,Friendly in Ecuador,Ecuador,Sweden,1760,1850,2,1,10,-10,1770,1840,26,18,3,-2,29,16,20,100,10
13581,Jan 18 2007,CONCACAF Ch q & Car Cup in Trinidad and Tobago,Guadeloupe,St Vincent & Grenadines,1388,1367,1,0,19,-19,1407,1348,97,118,4,-3,101,115,40,0,21
13582,Jan 18 2007,Gulf Cup in the United Arab Emirates,Iraq,Qatar,1598,1547,1,0,17,-17,1615,1530,54,80,1,-3,55,77,40,0,51
13583,Jan 18 2007,Gulf Cup in the United Arab Emirates,Saudi Arabia,Bahrain,1611,1493,2,1,13,-13,1624,1480,54,90,0,-2,54,88,40,0,118
13584,Jan 20 2007,Caribbean Cup in Trinidad and Tobago,Haiti,Guadeloupe,1484,1407,3,1,23,-23,1507,1384,75,111,6,-5,81,106,40,0,77
13585,Jan 20 2007,Gulf Cup in the United Arab Emirates,Oman,Kuwait,1598,1475,2,1,13,-13,1611,1462,55,97,1,-3,56,94,40,0,123
13586,Jan 20 2007,Caribbean Cup in Trinidad and Tobago,Trinidad and Tobago,Cuba,1570,1557,3,1,21,-21,1591,1536,55,80,5,-5,60,75,40,100,113
13587,Jan 20 2007,Gulf Cup in the United Arab Emirates,United Arab Emirates,Yemen,1462,1261,2,1,6,-6,1468,1255,90,144,2,-3,92,141,40,100,301
13588,Jan 21 2007,Gulf Cup in the United Arab Emirates,Bahrain,Iraq,1480,1615,1,1,7,-7,1487,1608,86,59,1,-2,87,57,40,0,-135
13589,Jan 21 2007,Friendly in Ecuador,Ecuador,Sweden,1770,1840,1,1,-1,1,1769,1841,29,16,0,0,29,16,20,100,30
13590,Jan 21 2007,Gulf Cup in the United Arab Emirates,Qatar,Saudi Arabia,1530,1624,1,1,5,-5,1535,1619,75,54,1,0,76,54,40,0,-94
13591,Jan 23 2007,Caribbean Cup in Trinidad and Tobago,Cuba,Guadeloupe,1536,1384,2,1,12,-12,1548,1372,69,112,3,-3,72,109,40,0,152
13592,Jan 23 2007,Southeast Asian Champ in Malaysia,Malaysia,Singapore,1179,1280,1,1,0,0,1179,1280,164,134,0,0,164,134,20,100,-1
13593,Jan 23 2007,Gulf Cup in the United Arab Emirates,Oman,Yemen,1611,1255,2,1,5,-5,1616,1250,55,143,0,-1,55,142,40,0,356
13594,Jan 23 2007,Caribbean Cup in Trinidad and Tobago,Trinidad and Tobago,Haiti,1591,1507,1,2,-30,30,1561,1537,78,69,-9,6,69,75,40,100,184
13595,Jan 23 2007,Gulf Cup in the United Arab Emirates,United Arab Emirates,Kuwait,1468,1462,3,2,14,-14,1482,1448,86,96,3,-1,89,95,40,100,106
13596,Jan 24 2007,Gulf Cup in the United Arab Emirates,Bahrain,Qatar,1487,1535,2,1,23,-23,1510,1512,75,83,6,-3,81,80,40,0,-48
13597,Jan 24 2007,Gulf Cup in the United Arab Emirates,Saudi Arabia,Iraq,1619,1608,1,0,19,-19,1638,1589,48,63,3,-3,51,60,40,0,11
13598,Jan 24 2007,Southeast Asian Champ in Vietnam,Vietnam,Thailand,1245,1340,0,2,-30,30,1215,1370,162,101,-9,9,153,110,40,100,5
13599,Jan 24 2007,Friendly in Zanzibar,Zanzibar,Northern Cyprus,1211,1468,2,1,14,-14,1225,1454,147,95,3,-1,150,94,20,100,-157
13600,Jan 27 2007,Gulf Cup in the United Arab Emirates,Oman,Bahrain,1616,1510,1,0,14,-14,1630,1496,51,93,2,-6,53,87,40,0,106
13601,Jan 27 2007,Southeast Asian Champ in Singapore,Singapore,Malaysia,1280,1179,1,1,-10,10,1270,1189,140,152,-3,6,137,158,40,100,201
13602,Jan 27 2007,Gulf Cup in the United Arab Emirates,United Arab Emirates,Saudi Arabia,1482,1638,1,0,23,-23,1505,1615,77,59,6,-4,83,55,40,100,-56
13603,Jan 28 2007,Southeast Asian Champ in Thailand,Thailand,Vietnam,1370,1215,0,0,-13,13,1357,1228,114,145,-2,4,112,149,40,100,255
13604,Jan 30 2007,Gulf Cup in the United Arab Emirates,United Arab Emirates,Oman,1505,1630,1,0,21,-21,1526,1609,75,59,4,-3,79,56,40,100,-25
13605,Jan 31 2007,Friendly in Panama,Panama,Trinidad and Tobago,1500,1561,2,1,9,-9,1509,1552,79,73,3,-2,82,71,20,100,39
13606,Jan 31 2007,Southeast Asian Champ in Singapore,Singapore,Thailand,1270,1357,2,1,19,-19,1289,1338,129,126,4,-7,133,119,30,0,-87
13607,Feb 3 2007,Friendly in Spain,Poland,Estonia,1780,1407,4,0,4,-4,1784,1403,22,101,1,0,23,101,20,0,373
13608,Feb 4 2007,Friendly in Costa Rica,Costa Rica,Trinidad and Tobago,1634,1552,4,0,10,-10,1644,1542,49,77,1,-3,50,74,20,100,182
13609,Feb 4 2007,Southeast Asian Champ in Thailand,Thailand,Singapore,1338,1289,1,1,-8,8,1330,1297,119,131,0,1,119,132,40,100,149
13610,Feb 6 2007,Friendly in Botswana,Botswana,Namibia,1304,1205,1,0,5,-5,1309,1200,126,155,1,0,127,155,20,100,199
13611,Feb 6 2007,Friendly tournament in Cyprus,Bulgaria,Latvia,1737,1486,2,0,9,-9,1746,1477,34,91,2,-1,36,90,30,0,251
13612,Feb 6 2007,Friendly tournament in Cyprus,Cyprus,Hungary,1506,1584,2,1,14,-14,1520,1570,76,67,4,-3,80,64,30,100,22
13613,Feb 6 2007,Friendly in England,Denmark,Australia,1903,1763,3,1,9,-9,1912,1754,10,37,-1,-3,9,34,20,0,140
13614,Feb 6 2007,Friendly in England,Ghana,Nigeria,1754,1784,4,1,19,-19,1773,1765,20,39,7,-8,27,31,20,0,-30
13615,Feb 6 2007,Friendly in France,Ivory Coast,Guinea,1772,1582,1,0,5,-5,1777,1577,21,60,3,1,24,61,20,0,190
13616,Feb 6 2007,Friendly in France,Mali,Lithuania,1553,1505,3,1,13,-13,1566,1492,60,91,5,-3,65,88,20,0,48
13617,Feb 6 2007,Friendly in Northern Ireland,Northern Ireland,Wales,1537,1575,0,0,-2,2,1535,1577,77,59,-1,2,76,61,20,100,62
13618,Feb 6 2007,Friendly in England,Portugal,Brazil,1894,2080,2,0,22,-22,1916,2058,6,3,2,-1,8,2,20,0,-186
13619,Feb 6 2007,Friendly in England,South Korea,Greece,1667,1839,1,0,15,-15,1682,1824,44,17,1,0,45,17,20,0,-172
13620,Feb 7 2007,Friendly in Albania,Albania,Macedonia,1509,1531,0,1,-12,12,1497,1543,85,71,-1,3,84,74,20,100,78
13621,Feb 7 2007,Friendly in Algeria,Algeria,Libya,1418,1444,2,1,8,-8,1426,1436,96,98,2,-1,98,97,20,100,74
13622,Feb 7 2007,Friendly in Andorra,Andorra,Armenia,1092,1388,0,0,5,-5,1097,1383,175,105,0,0,175,105,20,100,-196
13623,Feb 7 2007,Friendly in Belgium,Belgium,Czechia,1675,1887,0,2,-10,10,1665,1897,46,13,0,-1,46,12,20,100,-112
13624,Feb 7 2007,Friendly in China,China,Kazakhstan,1598,1327,2,1,2,-2,1600,1325,57,122,0,-1,57,121,20,100,371
13625,Feb 7 2007,Friendly in Colombia,Colombia,Uruguay,1790,1822,1,3,-18,18,1772,1840,31,10,-5,4,26,14,20,100,68
13626,Feb 7 2007,Friendly in Croatia,Croatia,Norway,1897,1766,2,1,4,-4,1901,1762,10,34,0,-2,10,32,20,100,231
13627,Feb 7 2007,Friendly tournament in Cyprus,Cyprus,Bulgaria,1520,1746,0,3,-17,17,1503,1763,86,26,-3,5,83,31,30,100,-126
13628,Feb 7 2007,Friendly in Egypt,Egypt,Sweden,1724,1841,2,0,16,-16,1740,1825,35,18,3,-1,38,17,20,100,-17
13629,Feb 7 2007,Friendly in England,England,Spain,1960,1885,0,1,-15,15,1945,1900,7,10,0,1,7,11,20,100,175
13630,Feb 7 2007,Friendly in France,France,Argentina,2062,1980,0,1,-15,15,2047,1995,3,5,-1,0,2,5,20,100,182
13631,Feb 7 2007,Friendly in Georgia,Georgia,Turkey,1527,1844,1,0,16,-16,1543,1828,70,17,4,-1,74,16,20,100,-217
13632,Feb 7 2007,Friendly in Germany,Germany,Switzerland,1977,1846,3,1,6,-6,1983,1840,6,14,0,0,6,14,20,100,231
13633,Feb 7 2007,Friendly tournament in Cyprus,Hungary,Latvia,1570,1477,2,0,17,-17,1587,1460,58,96,3,-3,61,93,30,0,93
13634,Feb 7 2007,Friendly in Iran,Iran,Belarus,1776,1562,2,2,-7,7,1769,1569,29,61,-2,3,27,64,20,100,314
13635,Feb 7 2007,Friendly in Israel,Israel,Ukraine,1713,1806,1,1,0,0,1713,1806,43,18,0,1,43,19,20,100,7
13636,Feb 7 2007,Friendly in Luxembourg,Luxembourg,Gambia,992,1342,2,1,16,-16,1008,1326,184,122,1,-2,185,120,20,100,-250
13637,Feb 7 2007,Friendly in Malta,Malta,Austria,1258,1629,1,1,7,-7,1265,1622,136,53,2,0,138,53,20,100,-271
13638,Feb 7 2007,Friendly in Morocco,Morocco,Tunisia,1652,1643,1,1,-3,3,1649,1646,48,47,0,2,48,49,20,100,109
13639,Feb 7 2007,Friendly in the Netherlands,Netherlands,Russia,1991,1772,4,1,5,-5,1996,1767,4,30,0,-1,4,29,20,100,319
13640,Feb 7 2007,Friendly in New Zealand,New Zealand,Tahiti,1520,1246,0,0,-8,8,1512,1254,80,139,0,2,80,141,20,100,374
13641,Feb 7 2007,Friendly in Spain,Poland,Slovakia,1784,1717,2,2,-2,2,1782,1719,21,42,1,0,22,42,20,0,67
13642,Feb 7 2007,Friendly in Romania,Romania,Moldova,1873,1419,2,0,1,-1,1874,1418,13,101,0,-1,13,100,20,100,554
13643,Feb 7 2007,European Championship qual in San Marino,San Marino,Ireland,937,1747,1,2,-1,1,936,1748,192,37,0,-1,192,36,40,100,-710
13644,Feb 7 2007,Friendly in France,Senegal,Benin,1654,1280,2,1,2,-2,1656,1278,47,137,0,-1,47,136,20,0,374
13645,Feb 7 2007,Friendly in Slovenia,Slovenia,Estonia,1562,1403,1,0,4,-4,1566,1399,63,103,2,-1,65,102,20,100,259
13646,Feb 7 2007,Friendly in Togo,Togo,Cameroon,1437,1787,2,2,6,-6,1443,1781,95,24,1,-1,96,23,20,100,-250
13647,Feb 7 2007,Friendly in the United States,United States,Mexico,1775,1817,2,0,13,-13,1788,1804,16,21,5,-1,21,20,20,100,58
13648,Feb 7 2007,Friendly in Uzbekistan,Uzbekistan,Azerbaijan,1571,1350,0,0,-7,7,1564,1357,71,111,-4,1,67,112,20,100,321
13649,Feb 7 2007,Friendly in Venezuela,Venezuela,Chile,1646,1736,0,1,-10,10,1636,1746,53,35,-2,2,51,37,20,100,10
13650,Feb 8 2007,N Am Ch q & UNCAF Cup in El Salvador,El Salvador,Belize,1373,1092,2,1,4,-4,1377,1088,107,178,0,-1,107,177,40,100,381
13651,Feb 8 2007,N Am Ch q & UNCAF Cup in El Salvador,Guatemala,Nicaragua,1546,1027,1,0,2,-2,1548,1025,69,184,2,-1,71,183,40,0,519
13652,Feb 9 2007,Friendly in China,China,Kazakhstan,1600,1325,1,0,2,-2,1602,1323,57,123,0,-1,57,122,20,100,375
13653,Feb 9 2007,N Am Ch q & UNCAF Cup in El Salvador,Costa Rica,Honduras,1644,1739,3,1,38,-38,1682,1701,40,47,5,-4,45,43,40,0,-95
13654,Feb 9 2007,Friendly in New Zealand,New Zealand,Tahiti,1512,1254,0,0,-8,8,1504,1262,84,137,-2,2,82,139,20,100,358
13655,Feb 10 2007,N Am Ch q & UNCAF Cup in El Salvador,El Salvador,Nicaragua,1377,1025,2,1,3,-3,1380,1022,105,183,1,0,106,183,30,0,352
13656,Feb 10 2007,N Am Ch q & UNCAF Cup in El Salvador,Guatemala,Belize,1548,1088,1,0,3,-3,1551,1085,71,177,0,0,71,177,40,0,460
13657,Feb 11 2007,N Am Ch q & UNCAF Cup in El Salvador,Honduras,Panama,1701,1509,1,1,-10,10,1691,1519,43,79,0,1,43,80,30,100,292
13658,Feb 12 2007,N Am Ch q & UNCAF Cup in El Salvador,El Salvador,Guatemala,1380,1551,0,0,4,-4,1384,1547,104,75,1,-2,105,73,40,100,-71
13659,Feb 12 2007,N Am Ch q & UNCAF Cup in El Salvador,Nicaragua,Belize,1022,1085,4,2,35,-35,1057,1050,175,183,4,-3,179,180,40,0,-63
13660,Feb 13 2007,Friendly in Lesotho,Lesotho,Swaziland,1122,1184,0,1,-11,11,1111,1195,176,150,-4,6,172,156,20,100,38
13661,Feb 13 2007,N Am Ch q & UNCAF Cup in El Salvador,Panama,Costa Rica,1519,1682,1,0,29,-29,1548,1653,62,51,9,-3,71,48,40,0,-163
13662,Feb 15 2007,N Am Ch q & UNCAF Cup in El Salvador,Honduras,Nicaragua,1691,1057,9,1,2,-2,1693,1055,43,179,0,0,43,179,30,0,634
13663,Feb 16 2007,UNCAF Nations Cup in El Salvador,El Salvador,Costa Rica,1384,1653,0,2,-16,16,1368,1669,117,44,-6,2,111,46,40,100,-169
13664,Feb 16 2007,UNCAF Nations Cup in El Salvador,Panama,Guatemala,1548,1547,2,0,30,-30,1578,1517,53,86,9,-6,62,80,40,0,1
13665,Feb 18 2007,UNCAF Nations Cup in El Salvador,Costa Rica,Panama,1669,1578,1,1,-5,5,1664,1583,48,62,-1,0,47,62,20,100,191
13666,Feb 18 2007,UNCAF Nations Cup in El Salvador,El Salvador,Guatemala,1368,1517,0,1,-17,17,1351,1534,115,78,-2,1,113,79,40,100,-49
13667,Feb 22 2007,Friendly in Benin,Benin,Chad,1278,1254,0,1,-13,13,1265,1267,140,132,-2,5,138,137,20,100,124
13668,Feb 28 2007,Friendly in the United States,Mexico,Venezuela,1804,1636,3,1,8,-8,1812,1628,18,53,1,-1,19,52,20,0,168
13669,Mar 5 2007,CEMAC Cup in Chad,Congo,Equatorial Guinea,1369,1184,2,1,10,-10,1379,1174,102,169,4,-3,106,166,40,0,185
13670,Mar 6 2007,CEMAC Cup in Chad,Chad,Central African Republic,1267,1224,3,2,12,-12,1279,1212,133,154,2,-1,135,153,40,100,143
13671,Mar 7 2007,Friendly tournament in Kazakhstan,Azerbaijan,Uzbekistan,1357,1564,1,0,23,-23,1380,1541,101,84,5,-8,106,76,30,0,-207
13672,Mar 7 2007,CEMAC Cup in Chad,Congo,Gabon,1379,1392,2,2,1,-1,1380,1391,106,104,0,0,106,104,30,0,-13
13673,Mar 7 2007,Friendly tournament in Kazakhstan,Kazakhstan,Kyrgyzstan,1323,1193,2,0,9,-9,1332,1184,114,166,4,-4,118,162,30,100,230
13674,Mar 9 2007,CEMAC Cup in Chad,Equatorial Guinea,Gabon,1174,1391,1,1,11,-11,1185,1380,156,106,5,-1,161,105,40,0,-217
13675,Mar 9 2007,Friendly tournament in Kazakhstan,Kazakhstan,Azerbaijan,1332,1380,1,0,13,-13,1345,1367,114,116,2,-5,116,111,30,100,52
13676,Mar 9 2007,Friendly tournament in Kazakhstan,Uzbekistan,Kyrgyzstan,1541,1184,6,0,7,-7,1548,1177,66,170,5,-4,71,166,30,0,357
13677,Mar 11 2007,Friendly tournament in Kazakhstan,Azerbaijan,Kyrgyzstan,1367,1177,1,0,8,-8,1375,1169,105,166,3,0,108,166,30,0,190
13678,Mar 11 2007,CEMAC Cup in Chad,Chad,Gabon,1279,1380,1,2,-20,20,1259,1400,147,99,-6,3,141,102,40,100,-1
13679,Mar 11 2007,Friendly tournament in Kazakhstan,Kazakhstan,Uzbekistan,1345,1548,1,1,4,-4,1349,1544,112,75,2,-2,114,73,30,100,-103
13680,Mar 12 2007,CEMAC Cup in Chad,Congo,Central African Republic,1380,1212,4,1,19,-19,1399,1193,100,161,3,-4,103,157,40,0,168
13681,Mar 13 2007,Friendly in South Africa,South Africa,Swaziland,1476,1195,1,1,-8,8,1468,1203,92,153,-1,1,91,154,20,100,381
13682,Mar 15 2007,CEMAC Cup in Chad,Chad,Central African Republic,1259,1193,1,0,11,-11,1270,1182,133,167,4,-5,137,162,40,100,166
13683,Mar 16 2007,CEMAC Cup in Chad,Congo,Gabon,1399,1400,1,0,20,-20,1419,1380,97,110,3,-4,100,106,40,0,-1
13684,Mar 18 2007,Friendly in Swaziland,Swaziland,Lesotho,1203,1111,0,1,-15,15,1188,1126,162,164,-4,4,158,168,20,100,192
13685,Mar 20 2007,Friendly in Libya,Libya,Mauritania,1436,1195,0,0,-8,8,1428,1203,97,153,0,1,97,154,20,100,341
13686,Mar 21 2007,Friendly in Mauritius,Mauritius,Ivory Coast,1260,1777,0,3,-3,3,1257,1780,143,24,-1,0,142,24,20,100,-417
13687,Mar 22 2007,Friendly in the United States,Switzerland,Jamaica,1840,1611,2,0,6,-6,1846,1605,14,57,0,-1,14,56,20,0,229
13688,Mar 24 2007,European Championship qual in Albania,Albania,Slovenia,1497,1566,0,0,-2,2,1495,1568,88,68,-2,-1,86,67,40,100,31
13689,Mar 24 2007,African Nations Cup qualifier in Algeria,Algeria,Cape Verde,1426,1324,2,0,14,-14,1440,1310,98,128,0,-3,98,125,40,100,202
13690,Mar 24 2007,Friendly in Austria,Austria,Ghana,1622,1773,1,1,1,-1,1623,1772,55,29,-1,-2,54,27,20,100,-51
13691,Mar 24 2007,Friendly in Sweden,Brazil,Chile,2058,1746,4,0,5,-5,2063,1741,1,35,0,1,1,36,20,0,312
13692,Mar 24 2007,African Nations Cup qualifier in Burkina Faso,Burkina Faso,Mozambique,1426,1281,1,1,-12,12,1414,1293,104,132,-3,1,101,133,40,100,245
13693,Mar 24 2007,African Nations Cup qualifier in Cameroon,Cameroon,Liberia,1781,1279,3,1,2,-2,1783,1277,21,137,1,-1,22,136,20,0,502
13694,Mar 24 2007,African Nations Cup qualifier in Chad,Chad,South Africa,1270,1468,0,3,-25,25,1245,1493,151,85,-7,3,144,88,40,100,-98
13695,Mar 24 2007,Friendly in China,China,Australia,1602,1754,0,2,-13,13,1589,1767,67,27,-5,4,62,31,20,100,-52
13696,Mar 24 2007,Friendly in Costa Rica,Costa Rica,New Zealand,1664,1504,4,0,7,-7,1671,1497,45,84,1,-1,46,83,20,100,260
13697,Mar 24 2007,European Championship qual in Croatia,Croatia,Macedonia,1901,1543,2,1,3,-3,1904,1540,10,78,0,-2,10,76,30,0,358
13698,Mar 24 2007,European Championship qual in Cyprus,Cyprus,Slovakia,1503,1719,1,3,-20,20,1483,1739,97,35,-7,3,90,38,40,100,-116
13699,Mar 24 2007,European Championship qual in Czechia,Czechia,Germany,1897,1983,1,2,-21,21,1876,2004,14,2,-1,2,13,4,40,100,14
13700,Mar 24 2007,European Championship qual in Estonia,Estonia,Russia,1399,1767,0,2,-11,11,1388,1778,107,21,-2,4,105,25,40,100,-268
13701,Mar 24 2007,European Championship qual in the Faroe Islands,Faroe Islands,Ukraine,1179,1806,0,2,-3,3,1176,1809,168,18,-2,1,166,19,40,100,-527
13702,Mar 24 2007,African Nations Cup qualifier in The Gambia,Gambia,Guinea,1326,1577,0,2,-18,18,1308,1595,135,55,-7,4,128,59,40,100,-151
13703,Mar 24 2007,European Championship qual in Greece,Greece,Turkey,1824,1828,1,4,-44,44,1780,1872,28,12,-5,2,23,14,40,100,96
13704,Mar 24 2007,Friendly in Guadeloupe,Guadeloupe,Trinidad and Tobago,1372,1542,2,2,2,-2,1374,1540,110,76,0,0,110,76,20,100,-70
13705,Mar 24 2007,Friendly in the United States,Haiti,Panama,1537,1583,3,0,20,-20,1557,1563,65,78,6,-8,71,70,20,0,-46
13706,Mar 24 2007,Friendly in the United States,Honduras,El Salvador,1693,1351,2,0,4,-4,1697,1347,45,121,-1,-4,44,117,20,0,342
13707,Mar 24 2007,European Championship qual in Ireland,Ireland,Wales,1748,1577,1,0,7,-7,1755,1570,32,69,2,-3,34,66,40,100,271
13708,Mar 24 2007,European Championship qual in Israel,Israel,England,1713,1945,0,0,7,-7,1720,1938,42,7,0,0,42,7,40,100,-132
13709,Mar 24 2007,Friendly in Japan,Japan,Peru,1730,1631,2,0,7,-7,1737,1624,38,55,1,-2,39,53,20,100,199
13710,Mar 24 2007,European Championship qual in Kazakhstan,Kazakhstan,Serbia,1349,1761,2,1,34,-34,1383,1727,98,49,8,-8,106,41,40,100,-312
13711,Mar 24 2007,European Championship qual in Liechtenstein,Liechtenstein,Northern Ireland,1114,1535,1,4,-10,10,1104,1545,174,70,-1,4,173,74,40,100,-321
13712,Mar 24 2007,European Championship qual in Lithuania,Lithuania,France,1492,2047,0,1,-3,3,1489,2050,90,2,-1,0,89,2,40,100,-455
13713,Mar 24 2007,European Championship qual in Luxembourg,Luxembourg,Belarus,1008,1569,1,2,-3,3,1005,1572,187,65,-1,0,186,65,40,100,-461
13714,Mar 24 2007,European Championship qual in Moldova,Moldova,Malta,1418,1265,1,1,-12,12,1406,1277,103,134,-1,2,102,136,40,100,253
13715,Mar 24 2007,Friendly in Montenegro,Montenegro,Hungary,1700,1587,2,1,5,-5,1705,1582,43,64,0,0,43,64,20,100,213
13716,Mar 24 2007,European Championship qual in the Netherlands,Netherlands,Romania,1996,1874,0,0,-11,11,1985,1885,8,11,-2,1,6,12,40,100,222
13717,Mar 24 2007,African Nations Cup qualifier in Nigeria,Nigeria,Uganda,1765,1395,1,0,3,-3,1768,1392,30,104,0,0,30,104,30,0,370
13718,Mar 24 2007,European Championship qual in Norway,Norway,Bosnia and Herzegovina,1762,1562,1,2,-34,34,1728,1596,48,47,-8,11,40,58,40,100,300
13719,Mar 24 2007,European Championship qual in Poland,Poland,Azerbaijan,1782,1375,5,0,4,-4,1786,1371,20,116,1,-4,21,112,20,0,407
13720,Mar 24 2007,European Championship qual in Portugal,Portugal,Belgium,1916,1665,4,0,9,-9,1925,1656,8,52,0,-3,8,49,40,100,351
13721,Mar 24 2007,Friendly in Qatar,Qatar,Iran,1512,1769,0,1,-6,6,1506,1775,83,25,-1,1,82,26,20,100,-157
13722,Mar 24 2007,European Championship qual in Scotland,Scotland,Georgia,1739,1543,2,1,6,-6,1745,1537,31,84,4,-5,35,79,40,100,296
13723,Mar 24 2007,African Nations Cup qualifier in Senegal,Senegal,Tanzania,1656,1306,4,0,5,-5,1661,1301,48,130,0,-1,48,129,40,100,450
13724,Mar 24 2007,African Nations Cup qualifier in the Seychelles,Seychelles,Tunisia,1106,1646,0,3,-5,5,1101,1651,177,50,-2,0,175,50,40,100,-440
13725,Mar 24 2007,Friendly in South Korea,South Korea,Uruguay,1682,1840,0,2,-13,13,1669,1853,49,15,-2,0,47,15,20,100,-58
13726,Mar 24 2007,European Championship qual in Spain,Spain,Denmark,1900,1912,2,1,15,-15,1915,1897,7,13,2,-2,9,11,40,100,88
13727,Mar 24 2007,Friendly in Sri Lanka,Sri Lanka,Malaysia,943,1189,1,4,-11,11,932,1200,197,156,-3,0,194,156,20,100,-146
13728,Mar 24 2007,Friendly in Taiwan,Taiwan,Uzbekistan,926,1544,0,1,-1,1,925,1545,197,75,-1,-1,196,74,20,0,-618
13729,Mar 24 2007,African Nations Cup qualifier in Togo,Togo,Sierra Leone,1443,1299,3,1,12,-12,1455,1287,94,140,1,-5,95,135,40,100,244
13730,Mar 24 2007,Friendly in Venezuela,Venezuela,Cuba,1628,1548,3,1,8,-8,1636,1540,52,81,0,-5,52,76,20,100,180
13731,Mar 25 2007,African Nations Cup qualifier in Angola,Angola,Eritrea,1592,1122,6,1,3,-3,1595,1119,58,170,1,0,59,170,20,0,470
13732,Mar 25 2007,Friendly in Barbados,Barbados,Guatemala,1299,1534,0,0,4,-4,1303,1530,125,80,3,0,128,80,20,100,-135
13733,Mar 25 2007,Friendly in Bermuda,Bermuda,Canada,1179,1590,0,3,-5,5,1174,1595,167,57,-1,2,166,59,20,100,-311
13734,Mar 25 2007,African Nations Cup qualifier in Botswana,Botswana,Burundi,1309,1259,1,0,12,-12,1321,1247,119,143,4,-1,123,142,40,100,150
13735,Mar 25 2007,Friendly in the United States,Colombia,Switzerland,1772,1846,3,1,18,-18,1790,1828,15,16,6,0,21,16,20,0,-74
13736,Mar 25 2007,African Nations Cup qualifier in Congo,Congo,Zambia,1419,1548,0,0,2,-2,1421,1546,100,73,0,0,100,73,40,100,-29
13737,Mar 25 2007,African Nations Cup qualifier in Egypt,Egypt,Mauritania,1740,1203,3,0,2,-2,1742,1201,35,157,1,-1,36,156,20,0,537
13738,Mar 25 2007,African Nations Cup qualifier in Equatorial Guinea,Equatorial Guinea,Rwanda,1185,1301,3,1,31,-31,1216,1270,147,149,7,-10,154,139,40,100,-16
13739,Mar 25 2007,African Nations Cup qualifier in Kenya,Kenya,Swaziland,1317,1188,2,0,13,-13,1330,1175,117,171,3,-6,120,165,40,100,229
13740,Mar 25 2007,African Nations Cup qualifier in Lesotho,Lesotho,Niger,1126,1310,3,1,37,-37,1163,1273,167,151,1,-13,168,138,40,100,-84
13741,Mar 25 2007,African Nations Cup qualifier in Libya,Libya,Namibia,1428,1200,2,1,5,-5,1433,1195,99,160,0,-2,99,158,40,100,328
13742,Mar 25 2007,African Nations Cup qualifier in Madagascar,Madagascar,Ivory Coast,1182,1780,0,3,-4,4,1178,1784,163,23,0,0,163,23,40,100,-498
13743,Mar 25 2007,African Nations Cup qualifier in Mali,Mali,Benin,1566,1265,1,1,-16,16,1550,1281,76,129,-4,5,72,134,40,100,401
13744,Mar 25 2007,African Nations Cup qualifier in Mauritius,Mauritius,Sudan,1257,1370,1,2,-19,19,1238,1389,150,97,-4,8,146,105,40,100,-13
13745,Mar 25 2007,Friendly in Mexico,Mexico,Paraguay,1812,1760,2,1,6,-6,1818,1754,18,35,0,-1,18,34,20,100,152
13746,Mar 25 2007,East Asian Championship qual in the Northern Marianas,Northern Mariana Islands,Guam,636,533,2,3,-31,31,605,564,221,224,0,2,221,226,40,100,203
13747,Mar 25 2007,Friendly in the United States,United States,Ecuador,1788,1769,3,1,10,-10,1798,1759,20,35,0,-3,20,32,20,100,119
13748,Mar 25 2007,African Nations Cup qualifier in Zimbabwe,Zimbabwe,Morocco,1462,1649,1,1,5,-5,1467,1644,93,51,0,0,93,51,20,0,-187
13749,Mar 26 2007,Friendly in Jamaica,Jamaica,Panama,1605,1563,1,1,-4,4,1601,1567,57,67,0,1,57,68,20,100,142
13750,Mar 26 2007,Friendly in Sri Lanka,Sri Lanka,Malaysia,932,1200,2,1,14,-14,946,1186,190,161,2,-2,192,159,20,100,-168
13751,Mar 27 2007,Friendly in Sweden,Brazil,Ghana,2063,1772,1,0,3,-3,2066,1769,1,28,0,0,1,28,20,0,291
13752,Mar 27 2007,Friendly in Macao,China,Uzbekistan,1589,1545,3,1,13,-13,1602,1532,52,84,5,-5,57,79,20,0,44
13753,Mar 27 2007,Friendly in the United States,Honduras,El Salvador,1697,1347,2,0,4,-4,1701,1343,44,119,0,-1,44,118,20,0,350
13754,Mar 28 2007,European Championship qual in Azerbaijan,Azerbaijan,Finland,1371,1685,1,0,31,-31,1402,1654,91,53,11,-4,102,49,40,100,-214
13755,Mar 28 2007,European Championship qual in Bulgaria,Bulgaria,Albania,1763,1495,0,0,-16,16,1747,1511,33,78,-1,4,32,82,40,100,368
13756,Mar 28 2007,Friendly in Chile,Chile,Costa Rica,1741,1671,1,1,-5,5,1736,1676,39,44,-1,1,38,45,20,100,170
13757,Mar 28 2007,Friendly in Colombia,Colombia,Paraguay,1790,1754,2,0,9,-9,1799,1745,17,34,2,0,19,34,20,100,136
13758,Mar 28 2007,European Championship qual in Czechia,Czechia,Cyprus,1876,1483,1,0,2,-2,1878,1481,13,90,0,0,13,90,20,0,393
13759,Mar 28 2007,European Championship qual in Spain,England,Andorra,1938,1097,3,0,1,-1,1939,1096,7,176,0,0,7,176,40,0,841
13760,Mar 28 2007,Friendly in France,France,Austria,2050,1623,1,0,1,-1,2051,1622,2,54,0,0,2,54,20,100,527
13761,Mar 28 2007,European Championship qual in Georgia,Georgia,Faroe Islands,1537,1176,3,1,4,-4,1541,1172,72,168,3,-2,75,166,40,100,461
13762,Mar 28 2007,Friendly in Germany,Germany,Denmark,2004,1897,0,1,-15,15,1989,1912,8,9,-2,1,6,10,20,100,207
13763,Mar 28 2007,European Championship qual in Hungary,Hungary,Moldova,1582,1406,2,0,10,-10,1592,1396,62,106,1,-2,63,104,40,100,276
13764,Mar 28 2007,European Championship qual in Ireland,Ireland,Slovakia,1755,1739,1,0,14,-14,1769,1725,23,46,5,-4,28,42,30,0,16
13765,Mar 28 2007,European Championship qual in Israel,Israel,Estonia,1720,1388,4,0,6,-6,1726,1382,40,110,1,-2,41,108,40,100,432
13766,Mar 28 2007,European Championship qual in Italy,Italy,Scotland,2020,1745,2,0,6,-6,2026,1739,3,37,0,-1,3,36,40,100,375
13767,Mar 28 2007,European Championship qual in Liechtenstein,Liechtenstein,Latvia,1104,1460,1,0,33,-33,1137,1427,167,104,3,-5,170,99,40,100,-256
13768,Mar 28 2007,European Championship qual in Malta,Malta,Greece,1277,1780,0,1,-4,4,1273,1784,139,21,-2,2,137,23,40,100,-403
13769,Mar 28 2007,Friendly in the United States,Mexico,Ecuador,1818,1759,4,2,12,-12,1830,1747,14,32,2,0,16,32,20,0,59
13770,Mar 28 2007,European Championship qual in Germany,Norway,Turkey,1728,1872,2,2,8,-8,1736,1864,36,14,2,0,38,14,40,0,-144
13771,Mar 28 2007,European Championship qual in Northern Ireland,Northern Ireland,Sweden,1545,1825,2,1,30,-30,1575,1795,56,23,9,-3,65,20,40,100,-180
13772,Mar 28 2007,European Championship qual in Poland,Poland,Armenia,1786,1383,1,0,2,-2,1788,1381,22,111,0,-2,22,109,20,0,403
13773,Mar 28 2007,European Championship qual in Romania,Romania,Luxembourg,1885,1005,3,0,0,0,1885,1005,12,186,0,0,12,186,20,0,880
13774,Mar 28 2007,European Championship qual in Serbia,Serbia,Portugal,1727,1925,1,1,5,-5,1732,1920,39,8,1,0,40,8,20,0,-198
13775,Mar 28 2007,European Championship qual in Slovenia,Slovenia,Netherlands,1568,1985,0,1,-6,6,1562,1991,73,4,-3,1,70,5,40,100,-317
13776,Mar 28 2007,Friendly in South Africa,South Africa,Bolivia,1493,1564,0,1,-11,11,1482,1575,90,61,-1,4,89,65,20,100,29
13777,Mar 28 2007,European Championship qual in Spain,Spain,Iceland,1915,1497,1,0,2,-2,1917,1495,9,87,0,-2,9,85,20,0,418
13778,Mar 28 2007,European Championship qual in Ukraine,Ukraine,Lithuania,1809,1489,1,0,3,-3,1812,1486,17,87,1,1,18,88,20,0,320
13779,Mar 28 2007,Friendly in the United States,United States,Guatemala,1798,1530,0,0,-8,8,1790,1538,22,78,-1,1,21,79,20,100,368
13780,Mar 28 2007,Friendly in Venezuela,Venezuela,New Zealand,1636,1497,5,0,8,-8,1644,1489,50,91,1,-4,51,87,20,100,239
13781,Mar 28 2007,European Championship qual in Wales,Wales,San Marino,1570,936,3,0,1,-1,1571,935,70,195,-2,-1,68,194,20,0,634
13782,Apr 1 2007,East Asian Championship qual in Guam,Guam,Northern Mariana Islands,564,605,9,0,42,-42,606,563,216,231,5,-5,221,226,30,0,-41
13783,Apr 4 2007,Friendly in Angola,Angola,Congo,1595,1421,0,0,-7,7,1588,1428,68,98,-4,1,64,99,20,100,274
13784,Apr 17 2007,Friendly in El Salvador,El Salvador,Haiti,1343,1557,0,1,-7,7,1336,1564,120,69,-1,1,119,70,20,100,-114
13785,Apr 18 2007,Friendly in Argentina,Argentina,Chile,1995,1736,0,0,-8,8,1987,1744,8,32,-2,3,6,35,20,100,359
13786,Apr 19 2007,Friendly in Honduras,Honduras,Haiti,1701,1564,1,3,-24,24,1677,1588,44,58,0,6,44,64,20,100,237
13787,Apr 24 2007,Friendly in the Seychelles,Seychelles,Réunion,1101,1277,2,0,18,-18,1119,1259,167,145,4,-5,171,140,20,100,-76
13788,Apr 26 2007,Friendly in Mauritius,Mauritius,Réunion,1238,1259,1,1,-2,2,1236,1261,148,140,-1,0,147,140,20,100,79
13789,Apr 28 2007,COSAFA Cup in Mozambique,Mozambique,Seychelles,1293,1119,2,0,10,-10,1303,1109,125,177,3,-3,128,174,40,100,274
13790,Apr 28 2007,COSAFA Cup in Mozambique,Zimbabwe,Madagascar,1467,1178,1,0,6,-6,1473,1172,93,167,0,-2,93,165,40,0,289
13791,Apr 29 2007,African Nations Cup qualifier in the Dem Rep of the Congo,DR Congo,Ethiopia,1474,1402,2,0,16,-16,1490,1386,82,110,5,-4,87,106,40,100,172
13792,Apr 29 2007,COSAFA Cup in Mozambique,Madagascar,Seychelles,1172,1109,5,0,33,-33,1205,1076,147,180,9,-3,156,177,40,0,63
13793,Apr 29 2007,COSAFA Cup in Mozambique,Mozambique,Zimbabwe,1303,1473,0,0,4,-4,1307,1469,128,93,0,0,128,93,40,100,-70
13794,May 9 2007,Friendly in Chile,Chile,Cuba,1744,1540,3,0,5,-5,1749,1535,29,82,3,-3,32,79,20,100,304
13795,May 9 2007,Friendly in Panama,Panama,Colombia,1567,1799,0,4,-12,12,1555,1811,74,19,-2,0,72,19,20,100,-132
13796,May 16 2007,Friendly in Chile,Chile,Cuba,1749,1535,2,0,4,-4,1753,1531,32,81,0,-1,32,80,20,100,314
13797,May 16 2007,Friendly in Thailand,Thailand,China,1330,1602,1,0,15,-15,1345,1587,114,73,3,-8,117,65,20,100,-172
13798,May 17 2007,Friendly in Guadeloupe,Guadeloupe,Dominica,1374,989,2,0,2,-2,1376,987,112,188,0,0,112,188,20,100,485
13799,May 20 2007,Friendly in Guadeloupe,Guadeloupe,Dominica,1376,987,1,1,-9,9,1367,996,114,186,-1,1,113,187,20,100,489
13800,May 21 2007,Friendly in Eritrea,Eritrea,Sudan,1119,1389,1,0,15,-15,1134,1374,171,117,0,-6,171,111,20,100,-170
13801,May 23 2007,Friendly in the United States,Ecuador,Ireland,1747,1769,1,1,1,-1,1748,1768,33,30,0,-1,33,29,20,0,-22
13802,May 23 2007,Friendly in Haiti,Haiti,Chile,1588,1753,0,0,2,-2,1590,1751,61,32,1,0,62,32,20,100,-65
13803,May 25 2007,Friendly in Venezuela,Venezuela,Honduras,1644,1677,2,1,8,-8,1652,1669,49,46,1,-1,50,45,20,100,67
13804,May 25 2007,Friendly in Zimbabwe,Zimbabwe,Lesotho,1469,1163,1,1,-8,8,1461,1171,93,166,0,1,93,167,20,100,406
13805,May 26 2007,Friendly in the United States,Bolivia,Ireland,1575,1768,1,1,5,-5,1580,1763,66,33,0,-2,66,31,20,0,-193
13806,May 26 2007,Friendly in Eritrea,Eritrea,Sudan,1134,1374,1,1,4,-4,1138,1370,169,113,1,-1,170,112,20,100,-140
13807,May 26 2007,COSAFA Cup in Swaziland,Malawi,South Africa,1314,1482,0,0,9,-9,1323,1473,121,94,2,-2,123,92,40,0,-168
13808,May 26 2007,Friendly in Namibia,Namibia,Zambia,1195,1546,1,2,-4,4,1191,1550,158,72,0,1,158,73,20,100,-251
13809,May 26 2007,COSAFA Cup in Swaziland,Swaziland,Mauritius,1175,1236,0,0,-2,2,1173,1238,166,145,-1,1,165,146,30,100,39
13810,May 26 2007,Friendly in Uganda,Uganda,Tanzania,1392,1301,1,1,-5,5,1387,1306,104,128,0,1,104,129,20,100,191
13811,May 26 2007,Friendly in Wales,Wales,New Zealand,1571,1489,2,2,-5,5,1566,1494,69,84,0,2,69,86,20,100,182
13812,May 27 2007,Friendly in Botswana,Botswana,Libya,1321,1433,0,0,0,0,1321,1433,122,98,1,0,123,98,20,100,-12
13813,May 27 2007,Friendly in Kenya,Kenya,Nigeria,1330,1768,0,1,-3,3,1327,1771,121,27,0,1,121,28,20,100,-338
13814,May 27 2007,Friendly in Rwanda,Rwanda,Burundi,1270,1247,1,0,7,-7,1277,1240,132,146,3,-2,135,144,20,100,123
13815,May 27 2007,COSAFA Cup in Swaziland,South Africa,Mauritius,1473,1238,2,0,12,-12,1485,1226,88,154,2,-4,90,150,40,0,235
13816,May 27 2007,COSAFA Cup in Swaziland,Swaziland,Malawi,1173,1323,1,0,23,-23,1196,1300,151,137,7,-7,158,130,40,100,-50
13817,May 28 2007,Friendly in Congo,Congo,DR Congo,1428,1490,2,1,9,-9,1437,1481,97,92,1,-2,98,90,20,100,38
13818,May 28 2007,Friendly tournament in Trinidad and Tobago,Trinidad and Tobago,Haiti,1540,1590,1,0,13,-13,1553,1577,70,70,3,-4,73,66,30,100,50
13819,May 29 2007,Friendly in Zimbabwe,Zimbabwe,Burkina Faso,1461,1414,1,1,-4,4,1457,1418,93,101,0,0,93,101,20,100,147
13820,May 30 2007,Friendly in Austria,Austria,Scotland,1622,1739,0,1,-10,10,1612,1749,56,29,-1,4,55,33,20,100,-17
13821,May 30 2007,Friendly tournament in Trinidad and Tobago,Haiti,St Vincent & Grenadines,1577,1348,3,0,11,-11,1588,1337,60,122,3,-3,63,119,30,0,229
13822,Jun 1 2007,Friendly in England,England,Brazil,1939,2066,1,1,1,-1,1940,2065,7,1,0,0,7,1,20,100,-27
13823,Jun 1 2007,African Nations Cup qualifier in Ethiopia,Ethiopia,DR Congo,1386,1481,1,0,20,-20,1406,1461,99,94,3,-2,102,92,40,100,5
13824,Jun 1 2007,Friendly in Indonesia,Indonesia,Hong Kong,1291,1239,3,0,10,-10,1301,1229,128,151,2,-3,130,148,20,100,152
13825,Jun 1 2007,Friendly tournament in Japan,Japan,Montenegro,1737,1705,2,0,14,-14,1751,1691,26,43,6,0,32,43,20,0,32
13826,Jun 1 2007,Friendly in Venezuela,Venezuela,Canada,1652,1595,2,2,-4,4,1648,1599,52,57,-1,1,51,58,20,100,157
13827,Jun 2 2007,European Championship qual in Albania,Albania,Luxembourg,1511,1005,2,0,2,-2,1513,1003,82,186,0,0,82,186,20,0,506
13828,Jun 2 2007,Friendly in Australia,Australia,Uruguay,1767,1853,1,2,-10,10,1757,1863,34,13,-2,1,32,14,20,100,14
13829,Jun 2 2007,Friendly in Austria,Austria,Paraguay,1612,1745,0,0,1,-1,1613,1744,57,35,-1,1,56,36,20,100,-33
13830,Jun 2 2007,European Championship qual in Azerbaijan,Azerbaijan,Poland,1402,1788,1,3,-10,10,1392,1798,109,20,-3,1,106,21,40,100,-286
13831,Jun 2 2007,European Championship qual in Belarus,Belarus,Bulgaria,1572,1747,0,2,-24,24,1548,1771,80,18,-6,9,74,27,40,100,-75
13832,Jun 2 2007,European Championship qual in Belgium,Belgium,Portugal,1656,1920,1,2,-11,11,1645,1931,54,8,-3,0,51,8,40,100,-164
13833,Jun 2 2007,European Championship qual in Bosnia and Herzegovina,Bosnia and Herzegovina,Turkey,1596,1864,3,2,29,-29,1625,1835,45,18,7,-2,52,16,40,100,-168
13834,Jun 2 2007,African Nations Cup qualifier in Cape Verde,Cape Verde,Algeria,1310,1440,2,2,2,-2,1312,1438,127,97,-1,0,126,97,40,100,-30
13835,Jun 2 2007,Friendly in Costa Rica,Costa Rica,Chile,1676,1751,2,0,14,-14,1690,1737,44,50,0,-9,44,41,20,100,25
13836,Jun 2 2007,European Championship qual in Denmark,Denmark,Sweden,1912,1795,3,3,-11,11,1901,1806,12,18,-1,1,11,19,40,100,217
13837,Jun 2 2007,African Nations Cup qualifier in Eritrea,Eritrea,Angola,1138,1588,1,1,15,-15,1153,1573,172,73,-1,-5,171,68,40,100,-350
13838,Jun 2 2007,European Championship qual in Estonia,Estonia,Croatia,1382,1904,0,1,-3,3,1379,1907,111,9,-2,1,109,10,40,100,-422
13839,Jun 2 2007,European Championship qual in the Faroe Islands,Faroe Islands,Italy,1172,2026,1,2,-1,1,1171,2027,166,3,0,0,166,3,40,100,-754
13840,Jun 2 2007,European Championship qual in Finland,Finland,Serbia,1654,1732,0,2,-32,32,1622,1764,59,18,-5,11,54,29,40,100,22
13841,Jun 2 2007,European Championship qual in France,France,Ukraine,2051,1812,2,0,7,-7,2058,1805,2,22,0,-2,2,20,40,100,339
13842,Jun 2 2007,European Championship qual in Germany,Germany,San Marino,1989,935,6,0,0,0,1989,935,5,194,0,0,5,194,20,0,1054
13843,Jun 2 2007,European Championship qual in Greece,Greece,Hungary,1784,1592,2,0,9,-9,1793,1583,23,65,0,-2,23,63,40,100,292
13844,Jun 2 2007,Friendly in Honduras,Honduras,Trinidad and Tobago,1669,1553,3,1,7,-7,1676,1546,45,77,0,-2,45,75,20,100,216
13845,Jun 2 2007,European Championship qual in Iceland,Iceland,Liechtenstein,1495,1137,1,1,-17,17,1478,1154,97,169,-6,1,91,170,40,100,458
13846,Jun 2 2007,European Championship qual in Kazakhstan,Kazakhstan,Armenia,1383,1381,1,2,-26,26,1357,1407,120,96,-7,6,113,102,40,100,102
13847,Jun 2 2007,European Championship qual in Latvia,Latvia,Spain,1427,1917,0,2,-6,6,1421,1923,96,9,2,0,98,9,40,100,-390
13848,Jun 2 2007,European Championship qual in Lithuania,Lithuania,Georgia,1486,1541,1,0,17,-17,1503,1524,80,86,4,-5,84,81,30,0,-55
13849,Jun 2 2007,European Championship qual in Macedonia,Macedonia,Israel,1540,1726,1,2,-15,15,1525,1741,83,35,-3,3,80,38,40,100,-86
13850,Jun 2 2007,Friendly in Mexico,Mexico,Iran,1830,1775,4,0,11,-11,1841,1764,14,31,1,-2,15,29,20,100,155
13851,Jun 2 2007,African Nations Cup qualifier in Morocco,Morocco,Zimbabwe,1644,1457,2,0,10,-10,1654,1447,42,99,5,-3,47,96,40,100,287
13852,Jun 2 2007,African Nations Cup qualifier in Namibia,Namibia,Libya,1191,1433,1,0,28,-28,1219,1405,145,109,7,-5,152,104,40,100,-142
13853,Jun 2 2007,European Championship qual in Norway,Norway,Malta,1736,1273,4,0,3,-3,1739,1270,39,139,0,-1,39,138,40,100,563
13854,Jun 2 2007,European Championship qual in Russia,Russia,Andorra,1778,1096,4,0,1,-1,1779,1095,26,175,0,0,26,175,20,0,682
13855,Jun 2 2007,African Nations Cup qualifier in Rwanda,Rwanda,Equatorial Guinea,1277,1216,2,0,17,-17,1294,1199,131,162,2,-4,133,158,40,100,161
13856,Jun 2 2007,European Championship qual in Slovenia,Slovenia,Romania,1562,1885,1,2,-9,9,1553,1894,74,12,-2,0,72,12,40,100,-223
13857,Jun 2 2007,African Nations Cup qualifier in South Africa,South Africa,Chad,1485,1245,4,0,9,-9,1494,1236,83,148,3,-3,86,145,40,100,340
13858,Jun 2 2007,Friendly in South Korea,South Korea,Netherlands,1669,1991,0,2,-7,7,1662,1998,47,4,-1,0,46,4,20,100,-222
13859,Jun 2 2007,African Nations Cup qualifier in Sudan,Sudan,Mauritius,1370,1226,3,0,14,-14,1384,1212,102,158,5,-4,107,154,40,100,244
13860,Jun 2 2007,Friendly in Switzerland,Switzerland,Argentina,1828,1987,1,1,2,-2,1830,1985,17,6,0,0,17,6,20,100,-59
13861,Jun 2 2007,African Nations Cup qualifier in Tanzania,Tanzania,Senegal,1306,1661,1,1,13,-13,1319,1648,122,51,3,-2,125,49,40,100,-255
13862,Jun 2 2007,African Nations Cup qualifier in Tunisia,Tunisia,Seychelles,1651,1076,4,0,2,-2,1653,1074,46,177,2,0,48,177,30,0,575
13863,Jun 2 2007,African Nations Cup qualifier in Uganda,Uganda,Nigeria,1387,1771,2,1,33,-33,1420,1738,95,52,5,-12,100,40,40,100,-284
13864,Jun 2 2007,Friendly in the United States,United States,China,1790,1587,4,1,5,-5,1795,1582,23,63,-1,1,22,64,20,100,303
13865,Jun 2 2007,European Championship qual in Wales,Wales,Czechia,1566,1878,0,0,11,-11,1577,1867,63,13,3,0,66,13,30,0,-312
13866,Jun 2 2007,African Nations Cup qualifier in Zambia,Zambia,Congo,1550,1437,3,0,16,-16,1566,1421,64,98,5,0,69,98,40,100,213
13867,Jun 3 2007,African Nations Cup qualifier in Benin,Benin,Mali,1281,1550,0,0,9,-9,1290,1541,133,77,1,-2,134,75,40,100,-169
13868,Jun 3 2007,African Nations Cup qualifier in Rwanda,Burundi,Botswana,1240,1321,1,0,25,-25,1265,1296,135,141,4,-9,139,132,40,0,-81
13869,Jun 3 2007,Friendly tournament in Japan,Colombia,Montenegro,1811,1691,1,0,10,-10,1821,1681,18,45,0,-1,18,44,30,0,120
13870,Jun 3 2007,African Nations Cup qualifier in Guinea,Guinea,Gambia,1595,1308,2,2,-16,16,1579,1324,70,121,-5,3,65,124,40,100,387
13871,Jun 3 2007,African Nations Cup qualifier in Ivory Coast,Ivory Coast,Madagascar,1784,1205,5,0,2,-2,1786,1203,26,158,-1,-1,25,157,30,0,579
13872,Jun 3 2007,African Nations Cup qualifier in Liberia,Liberia,Cameroon,1277,1783,1,2,-4,4,1273,1787,136,23,0,1,136,24,40,100,-406
13873,Jun 3 2007,African Nations Cup qualifier in Mauritania,Mauritania,Egypt,1201,1742,1,1,17,-17,1218,1725,149,45,4,-4,153,41,40,100,-441
13874,Jun 3 2007,African Nations Cup qualifier in Mozambique,Mozambique,Burkina Faso,1307,1418,3,1,31,-31,1338,1387,110,111,9,-5,119,106,40,100,-11
13875,Jun 3 2007,African Nations Cup qualifier in Niger,Niger,Lesotho,1273,1171,2,0,14,-14,1287,1157,133,172,2,-3,135,169,40,100,202
13876,Jun 3 2007,Friendly in Spain,Peru,Ecuador,1624,1748,2,1,13,-13,1637,1735,51,45,1,-5,52,40,20,0,-124
13877,Jun 3 2007,African Nations Cup qualifier in Sierra Leone,Sierra Leone,Togo,1287,1455,0,1,-16,16,1271,1471,140,91,-3,1,137,92,40,100,-68
13878,Jun 3 2007,African Nations Cup qualifier in Swaziland,Swaziland,Kenya,1196,1327,0,0,2,-2,1198,1325,159,125,0,-2,159,123,40,100,-31
13879,Jun 5 2007,Friendly in Spain,Argentina,Algeria,1985,1438,4,3,1,-1,1986,1437,6,97,0,0,6,97,20,0,547
13880,Jun 5 2007,Friendly in Germany,Brazil,Turkey,2065,1835,0,0,-6,6,2059,1841,1,14,0,1,1,15,20,0,230
13881,Jun 5 2007,Friendly in Jamaica,Jamaica,Chile,1601,1737,0,1,-9,9,1592,1746,60,33,-1,3,59,36,20,100,-36
13882,Jun 5 2007,Friendly tournament in Japan,Japan,Colombia,1751,1821,0,0,-1,1,1750,1822,35,18,-1,0,34,18,20,100,30
13883,Jun 5 2007,Friendly in Kuwait,Kuwait,Portugal,1448,1931,1,1,8,-8,1456,1923,93,8,1,0,94,8,20,100,-383
13884,Jun 5 2007,Friendly in Mexico,Mexico,Paraguay,1841,1744,0,1,-15,15,1826,1759,19,29,-2,3,17,32,20,100,197
13885,Jun 6 2007,European Championship qual in Andorra,Andorra,Israel,1095,1741,0,2,-2,2,1093,1743,175,41,0,-2,175,39,30,100,-546
13886,Jun 6 2007,European Championship qual in Armenia,Armenia,Poland,1407,1798,1,0,34,-34,1441,1764,93,35,4,-7,97,28,40,100,-291
13887,Jun 6 2007,European Championship qual in Bosnia and Herzegovina,Bosnia and Herzegovina,Malta,1625,1270,1,0,3,-3,1628,1267,53,138,0,0,53,138,30,0,355
13888,Jun 6 2007,European Championship qual in Bulgaria,Bulgaria,Belarus,1771,1548,2,1,5,-5,1776,1543,25,75,1,-1,26,74,40,100,323
13889,Jun 6 2007,CONCACAF Championship in the United States,Canada,Costa Rica,1599,1690,2,1,31,-31,1630,1659,46,49,6,-3,52,46,50,0,-91
13890,Jun 6 2007,European Championship qual in Croatia,Croatia,Russia,1907,1779,0,0,-12,12,1895,1791,14,20,-2,3,12,23,40,100,228
13891,Jun 6 2007,Friendly in Spain,Ecuador,Peru,1735,1637,2,0,11,-11,1746,1626,34,56,3,-2,37,54,20,0,98
13892,Jun 6 2007,European Championship qual in Estonia,Estonia,England,1379,1940,0,3,-5,5,1374,1945,113,7,-2,0,111,7,40,100,-461
13893,Jun 6 2007,European Championship qual in the Faroe Islands,Faroe Islands,Scotland,1171,1749,0,2,-4,4,1167,1753,168,33,-1,1,167,34,40,100,-478
13894,Jun 6 2007,European Championship qual in Finland,Finland,Belgium,1622,1645,2,0,23,-23,1645,1622,48,59,3,-4,51,55,40,100,77
13895,Jun 6 2007,European Championship qual in France,France,Georgia,2058,1524,1,0,1,-1,2059,1523,0,81,1,0,1,81,20,0,534
13896,Jun 6 2007,European Championship qual in Germany,Germany,Slovakia,1989,1725,2,1,4,-4,1993,1721,5,43,0,-1,5,42,20,0,264
13897,Jun 6 2007,European Championship qual in Greece,Greece,Moldova,1793,1396,2,1,2,-2,1795,1394,19,106,2,-1,21,105,20,0,397
13898,Jun 6 2007,CONCACAF Championship in the United States,Guadeloupe,Haiti,1367,1588,1,1,14,-14,1381,1574,104,71,4,-5,108,66,50,0,-221
13899,Jun 6 2007,European Championship qual in Kazakhstan,Kazakhstan,Azerbaijan,1357,1392,1,1,-4,4,1353,1396,113,103,0,1,113,104,40,100,65
13900,Jun 6 2007,European Championship qual in Latvia,Latvia,Denmark,1421,1901,0,2,-6,6,1415,1907,104,9,-3,1,101,10,40,100,-380
13901,Jun 6 2007,European Championship qual in Liechtenstein,Liechtenstein,Spain,1154,1923,0,2,-1,1,1153,1924,170,8,0,0,170,8,20,100,-669
13902,Jun 6 2007,European Championship qual in Lithuania,Lithuania,Italy,1503,2027,0,2,-5,5,1498,2032,84,3,0,0,84,3,40,100,-424
13903,Jun 6 2007,European Championship qual in Luxembourg,Luxembourg,Albania,1003,1513,0,3,-6,6,997,1519,186,82,0,0,186,82,40,100,-410
13904,Jun 6 2007,European Championship qual in Norway,Norway,Hungary,1739,1583,4,0,14,-14,1753,1569,30,74,4,-6,34,68,40,100,256
13905,Jun 6 2007,European Championship qual in Romania,Romania,Slovenia,1894,1553,2,0,4,-4,1898,1549,10,72,1,0,11,72,20,0,341
13906,Jun 6 2007,European Championship qual in Sweden,Sweden,Iceland,1806,1478,5,0,6,-6,1812,1472,19,91,0,0,19,91,40,100,428
13907,Jun 6 2007,Friendly in Thailand,Thailand,Netherlands,1345,1998,1,3,-1,1,1344,1999,118,4,-1,0,117,4,20,0,-653
13908,Jun 7 2007,CONCACAF Championship in the United States,El Salvador,Trinidad and Tobago,1336,1546,2,1,39,-39,1375,1507,101,91,10,-9,111,82,50,0,-210
13909,Jun 7 2007,CONCACAF Championship in the United States,United States,Guatemala,1795,1538,1,0,6,-6,1801,1532,21,74,0,1,21,75,30,0,257
13910,Jun 8 2007,Friendly in Jordan,Jordan,Iraq,1556,1589,1,1,-2,2,1554,1591,72,60,-1,0,71,60,20,100,67
13911,Jun 8 2007,CONCACAF Championship in the United States,Mexico,Cuba,1826,1531,2,1,8,-8,1834,1523,15,81,1,-2,16,79,50,0,295
13912,Jun 8 2007,CONCACAF Championship in the United States,Panama,Honduras,1555,1676,3,2,33,-33,1588,1643,51,58,10,-7,61,51,50,0,-121
13913,Jun 9 2007,Friendly in Burkina Faso,Burkina Faso,Mali,1387,1541,0,1,-8,8,1379,1549,112,70,-3,2,109,72,20,100,-54
13914,Jun 9 2007,CONCACAF Championship in the United States,Costa Rica,Haiti,1659,1574,1,1,-6,6,1653,1580,47,59,-1,4,46,63,50,0,85
13915,Jun 9 2007,CONCACAF Championship in the United States,Guadeloupe,Canada,1381,1630,2,1,40,-40,1421,1590,90,68,9,-8,99,60,50,0,-249
13916,Jun 9 2007,CONCACAF Championship in the United States,Guatemala,El Salvador,1532,1375,1,0,14,-14,1546,1361,73,115,1,-2,74,113,50,0,157
13917,Jun 9 2007,Friendly in Tanzania,Tanzania,Zambia,1319,1566,1,1,4,-4,1323,1562,124,70,1,0,125,70,20,100,-147
13918,Jun 9 2007,CONCACAF Championship in the United States,United States,Trinidad and Tobago,1801,1507,2,0,7,-7,1808,1500,19,84,1,-1,20,83,30,0,294
13919,Jun 10 2007,CONCACAF Championship in the United States,Cuba,Panama,1523,1588,2,2,5,-5,1528,1583,75,61,2,0,77,61,50,0,-65
13920,Jun 10 2007,CONCACAF Championship in the United States,Honduras,Mexico,1643,1834,2,1,38,-38,1681,1796,35,26,8,-5,43,21,50,0,-191
13921,Jun 10 2007,Friendly in Hong Kong,Hong Kong,Macao,1229,814,2,1,1,-1,1230,813,146,205,1,0,147,205,20,100,515
13922,Jun 10 2007,Friendly in Kenya,Kenya,Rwanda,1325,1294,2,0,10,-10,1335,1284,121,137,1,-2,122,135,20,100,131
13923,Jun 10 2007,Friendly in Malawi,Malawi,Senegal,1300,1648,2,3,-4,4,1296,1652,132,50,-1,-1,131,49,20,100,-248
13924,Jun 11 2007,CONCACAF Championship in the United States,Canada,Haiti,1590,1580,2,0,36,-36,1626,1544,46,85,7,-11,53,74,50,0,10
13925,Jun 11 2007,CONCACAF Championship in the United States,Costa Rica,Guadeloupe,1653,1421,1,0,10,-10,1663,1411,43,105,2,-3,45,102,50,0,232
13926,Jun 12 2007,CONCACAF Championship in the United States,Guatemala,Trinidad and Tobago,1546,1500,1,1,-3,3,1543,1503,75,83,-1,0,74,83,40,0,46
13927,Jun 12 2007,Friendly in Jordan,Jordan,Iraq,1554,1591,0,0,-2,2,1552,1593,70,58,0,1,70,59,20,100,63
13928,Jun 12 2007,Friendly in Kuwait,Kuwait,Egypt,1456,1725,1,1,5,-5,1461,1720,92,43,1,-1,93,42,20,100,-169
13929,Jun 12 2007,Friendly in Réunion,Réunion,Gabon,1261,1380,0,3,-17,17,1244,1397,145,102,-2,3,143,105,20,100,-19
13930,Jun 12 2007,CONCACAF Championship in the United States,United States,El Salvador,1808,1361,4,0,4,-4,1812,1357,17,113,1,0,18,113,30,0,447
13931,Jun 13 2007,CONCACAF Championship in the United States,Honduras,Cuba,1681,1528,5,0,29,-29,1710,1499,43,89,0,-6,43,83,50,0,153
13932,Jun 13 2007,CONCACAF Championship in the United States,Mexico,Panama,1796,1583,1,0,11,-11,1807,1572,19,73,1,-6,20,67,50,0,213
13933,Jun 15 2007,Friendly in Turkey,Kosovo,Saudi Arabia,1373,1615,1,0,16,-16,1389,1599,104,60,4,-2,108,58,20,0,-242
13934,Jun 16 2007,African Nations Cup qualifier in Algeria,Algeria,Guinea,1437,1579,0,2,-26,26,1411,1605,104,53,-3,5,101,58,40,100,-42
13935,Jun 16 2007,African Nations Cup qualifier in Botswana,Botswana,Mauritania,1296,1218,2,1,11,-11,1307,1207,123,157,4,-2,127,155,40,100,178
13936,Jun 16 2007,African Nations Cup qualifier in Burkina Faso,Burkina Faso,Tanzania,1379,1323,0,1,-28,28,1351,1351,120,105,-5,10,115,115,40,100,156
13937,Jun 16 2007,CONCACAF Championship in the United States,Canada,Guatemala,1626,1543,3,0,33,-33,1659,1510,43,86,5,-6,48,80,50,0,83
13938,Jun 16 2007,African Nations Cup qualifier in Cape Verde,Cape Verde,Gambia,1312,1324,0,0,-5,5,1307,1329,127,122,0,1,127,123,40,100,88
13939,Jun 16 2007,African Nations Cup qualifier in Eritrea,Eritrea,Kenya,1153,1335,1,0,25,-25,1178,1310,160,130,5,-4,165,126,40,100,-82
13940,Jun 16 2007,West Asian Championship in Jordan,Iran,Iraq,1764,1593,0,0,-9,9,1755,1602,38,59,-5,0,33,59,40,0,171
13941,Jun 16 2007,African Nations Cup qualifier in Malawi,Malawi,Morocco,1296,1654,0,1,-7,7,1289,1661,135,47,-2,0,133,47,40,100,-258
13942,Jun 16 2007,African Nations Cup qualifier in Namibia,Namibia,DR Congo,1219,1461,1,1,8,-8,1227,1453,148,97,2,-2,150,95,40,100,-142
13943,Jun 16 2007,African Nations Cup qualifier in the Seychelles,Seychelles,Sudan,1074,1384,0,2,-14,14,1060,1398,181,101,-2,4,179,105,40,100,-210
13944,Jun 16 2007,West Asian Championship in Jordan,Syria,Lebanon,1479,1345,1,0,13,-13,1492,1332,88,127,1,-5,89,122,40,0,134
13945,Jun 16 2007,African Nations Cup qualifier in Tunisia,Tunisia,Mauritius,1653,1212,2,0,3,-3,1656,1209,50,153,-1,1,49,154,30,0,441
13946,Jun 16 2007,CONCACAF Championship in the United States,United States,Panama,1812,1572,2,1,6,-6,1818,1566,18,69,0,-1,18,68,30,0,240
13947,Jun 16 2007,African Nations Cup qualifier in Zambia,Zambia,Chad,1562,1236,1,1,-17,17,1545,1253,75,137,-3,4,72,141,40,100,426
13948,Jun 17 2007,African Nations Cup qualifier in Angola,Angola,Swaziland,1573,1198,3,0,4,-4,1577,1194,62,157,2,1,64,158,20,0,375
13949,Jun 17 2007,African Nations Cup qualifier in Benin,Benin,Togo,1290,1471,4,1,43,-43,1333,1428,112,104,10,-6,122,98,40,100,-81
13950,Jun 17 2007,African Nations Cup qualifier in Cameroon,Cameroon,Rwanda,1787,1284,2,1,1,-1,1788,1283,24,133,0,1,24,134,20,0,503
13951,Jun 17 2007,African Nations Cup qualifier in Congo,Congo,South Africa,1421,1494,1,1,-2,2,1419,1496,104,84,-3,1,101,85,40,100,27
13952,Jun 17 2007,CONCACAF Championship in the United States,Guadeloupe,Honduras,1411,1710,2,1,42,-42,1453,1668,87,45,7,-1,94,44,50,0,-299
13953,Jun 17 2007,African Nations Cup qualifier in Liberia,Liberia,Equatorial Guinea,1273,1199,0,0,-9,9,1264,1208,140,152,-2,3,138,155,40,100,174
13954,Jun 17 2007,African Nations Cup qualifier in Libya,Libya,Ethiopia,1405,1406,3,1,22,-22,1427,1384,94,115,5,-6,99,109,40,100,99
13955,Jun 17 2007,East Asian Championship qual in Macao,Macao,Mongolia,813,779,0,0,-7,7,806,786,209,210,-2,0,207,210,40,100,134
13956,Jun 17 2007,African Nations Cup qualifier in Madagascar,Madagascar,Gabon,1203,1397,0,2,-22,22,1181,1419,171,96,-7,5,164,101,40,100,-94
13957,Jun 17 2007,African Nations Cup qualifier in Mali,Mali,Sierra Leone,1549,1271,6,0,9,-9,1558,1262,68,141,1,-2,69,139,40,100,378
13958,Jun 17 2007,CONCACAF Championship in the United States,Mexico,Costa Rica,1807,1663,1,0,15,-15,1822,1648,14,53,3,-4,17,49,50,0,144
13959,Jun 17 2007,African Nations Cup qualifier in Mozambique,Mozambique,Senegal,1338,1652,0,0,11,-11,1349,1641,114,54,3,-2,117,52,30,0,-314
13960,Jun 17 2007,African Nations Cup qualifier in Niger,Niger,Nigeria,1287,1738,1,3,-7,7,1280,1745,136,38,-1,1,135,39,40,100,-351
13961,Jun 17 2007,East Asian Championship qual in Macao,Taiwan,Guam,925,606,10,0,14,-14,939,592,190,223,3,-1,193,222,40,0,319
13962,Jun 18 2007,West Asian Championship in Jordan,Iraq,Palestine,1602,1226,1,0,4,-4,1606,1222,57,153,1,-1,58,152,40,0,376
13963,Jun 18 2007,West Asian Championship in Jordan,Jordan,Syria,1552,1492,0,1,-29,29,1523,1521,84,69,-7,10,77,79,40,100,160
13964,Jun 18 2007,Friendly in Malaysia,Malaysia,Cambodia,1186,811,6,0,3,-3,1189,808,158,207,1,-1,159,206,20,100,475
13965,Jun 19 2007,East Asian Championship qual in Macao,Hong Kong,Taiwan,1230,939,1,1,-14,14,1216,953,159,191,-6,1,153,192,40,0,291
13966,Jun 19 2007,African Nations Cup qualifier in Lesotho,Lesotho,Uganda,1157,1420,0,0,9,-9,1166,1411,168,106,1,-3,169,103,40,100,-163
13967,Jun 19 2007,East Asian Championship qual in Macao,North Korea,Mongolia,1494,786,7,0,2,-2,1496,784,84,210,2,0,86,210,40,0,708
13968,Jun 20 2007,Copa Paz del Chaco in Bolivia,Bolivia,Paraguay,1580,1759,0,0,3,-3,1583,1756,61,35,1,-2,62,33,30,100,-79
13969,Jun 20 2007,West Asian Championship in Jordan,Iran,Palestine,1755,1222,2,0,3,-3,1758,1219,29,151,2,0,31,151,40,0,533
13970,Jun 20 2007,West Asian Championship in Jordan,Jordan,Lebanon,1523,1332,3,0,11,-11,1534,1321,71,127,3,-2,74,125,40,100,291
13971,Jun 21 2007,East Asian Championship qual in Macao,Hong Kong,Guam,1216,592,15,1,3,-3,1219,589,149,224,2,-1,151,223,30,0,624
13972,Jun 21 2007,Friendly in Indonesia,Indonesia,Jamaica,1301,1592,2,1,15,-15,1316,1577,123,65,4,-2,127,63,20,100,-191
13973,Jun 21 2007,East Asian Championship qual in Macao,Macao,North Korea,806,1496,1,7,-3,3,803,1499,207,82,0,2,207,84,40,100,-590
13974,Jun 21 2007,Friendly in Malaysia,Malaysia,United Arab Emirates,1189,1526,1,3,-6,6,1183,1532,165,74,-3,1,162,75,20,100,-237
13975,Jun 21 2007,CONCACAF Championship in the United States,Mexico,Guadeloupe,1822,1453,1,0,5,-5,1827,1448,17,96,0,-1,17,95,50,0,369
13976,Jun 21 2007,CONCACAF Championship in the United States,United States,Canada,1818,1659,2,1,9,-9,1827,1650,15,49,2,-1,17,48,30,0,159
13977,Jun 22 2007,West Asian Championship in Jordan,Iraq,Syria,1606,1521,3,0,27,-27,1633,1494,48,97,5,-9,53,88,40,0,85
13978,Jun 22 2007,West Asian Championship in Jordan,Jordan,Iran,1534,1758,0,1,-13,13,1521,1771,82,23,-4,4,78,27,40,100,-124
13979,Jun 23 2007,Friendly in Colombia,Colombia,Ecuador,1822,1746,3,1,8,-8,1830,1738,13,43,3,-3,16,40,20,100,176
13980,Jun 23 2007,East Asian Championship qual in Macao,Mongolia,Guam,784,589,5,2,17,-17,801,572,208,225,1,-1,209,224,40,0,195
13981,Jun 24 2007,Friendly in Indonesia,Indonesia,Oman,1316,1609,0,1,-5,5,1311,1614,129,56,-1,1,128,57,20,100,-193
13982,Jun 24 2007,West Asian Championship in Jordan,Iran,Iraq,1771,1633,2,1,12,-12,1783,1621,25,59,1,-3,26,56,40,0,138
13983,Jun 24 2007,East Asian Championship qual in Macao,Macao,Taiwan,803,953,2,7,-34,34,769,987,213,186,-3,3,210,189,40,100,-50
13984,Jun 24 2007,East Asian Championship qual in Macao,North Korea,Hong Kong,1499,1219,1,0,7,-7,1506,1212,95,155,-6,-2,89,153,40,0,280
13985,Jun 24 2007,Friendly in Singapore,Saudi Arabia,United Arab Emirates,1599,1532,2,0,12,-12,1611,1520,58,82,1,-4,59,78,20,0,67
13986,Jun 24 2007,Friendly tournament in Singapore,Singapore,North Korea,1297,1506,2,1,20,-20,1317,1486,122,95,5,-6,127,89,30,100,-109
13987,Jun 24 2007,CONCACAF Championship in the United States,United States,Mexico,1827,1827,2,1,18,-18,1845,1809,12,22,3,-2,15,20,50,100,100
13988,Jun 24 2007,Friendly in Vietnam,Vietnam,Jamaica,1228,1577,3,0,28,-28,1256,1549,134,75,7,-6,141,69,20,100,-249
13989,Jun 25 2007,Friendly in Qatar,Qatar,Turkmenistan,1506,1349,1,0,4,-4,1510,1345,79,119,1,-1,80,118,20,100,257
13990,Jun 26 2007,Copa América in Venezuela,Peru,Uruguay,1626,1863,3,0,70,-70,1696,1793,32,30,11,-8,43,22,50,0,-237
13991,Jun 26 2007,Copa América in Venezuela,Venezuela,Bolivia,1648,1583,2,2,-11,11,1637,1594,57,61,-4,0,53,61,50,100,165
13992,Jun 27 2007,Friendly in Malaysia,Bahrain,United Arab Emirates,1496,1520,2,2,1,-1,1497,1519,85,78,0,0,85,78,20,0,-24
13993,Jun 27 2007,Copa América in Venezuela,Chile,Ecuador,1746,1738,3,2,24,-24,1770,1714,19,44,9,-2,28,42,50,0,8
13994,Jun 27 2007,Copa América in Venezuela,Mexico,Brazil,1809,2059,2,0,61,-61,1870,1998,7,7,6,-3,13,4,50,0,-250
13995,Jun 27 2007,Friendly tournament in Singapore,Singapore,Saudi Arabia,1317,1611,1,2,-7,7,1310,1618,129,55,-1,2,128,57,30,100,-194
13996,Jun 28 2007,Copa América in Venezuela,Argentina,United States,1986,1845,4,1,27,-27,2013,1818,0,19,3,-2,3,17,50,0,141
13997,Jun 28 2007,Friendly in Malaysia,Malaysia,Jamaica,1183,1549,0,2,-5,5,1178,1554,166,69,-2,0,164,69,20,100,-266
13998,Jun 28 2007,Friendly tournament in Singapore,North Korea,Oman,1486,1614,2,2,5,-5,1491,1609,89,60,0,-1,89,59,30,0,-128
13999,Jun 28 2007,Copa América in Venezuela,Paraguay,Colombia,1756,1830,5,0,60,-60,1816,1770,2,39,16,-11,18,28,50,0,-74
14000,Jun 29 2007,Friendly in South Korea,South Korea,Iraq,1662,1621,3,0,11,-11,1673,1610,44,60,1,-2,45,58,20,100,141
14001,Jun 30 2007,Friendly in Singapore,Singapore,Australia,1310,1757,0,3,-4,4,1306,1761,134,34,-3,0,131,34,20,100,-347
14002,Jun 30 2007,Friendly in Thailand,Thailand,Qatar,1344,1510,1,1,2,-2,1346,1508,117,82,1,-1,118,81,20,100,-66
14003,Jun 30 2007,Copa América in Venezuela,Uruguay,Bolivia,1793,1594,1,0,12,-12,1805,1582,18,61,2,0,20,61,50,0,199
14004,Jun 30 2007,Copa América in Venezuela,Venezuela,Peru,1637,1696,2,0,33,-33,1670,1663,37,51,8,-4,45,47,50,100,41
14005,Jun 30 2007,Friendly in Vietnam,Vietnam,Bahrain,1256,1497,5,3,21,-21,1277,1476,131,95,5,-5,136,90,20,100,-141
14006,Jul 1 2007,Copa América in Venezuela,Brazil,Chile,1998,1770,3,0,19,-19,2017,1751,1,44,2,-8,3,36,50,0,228
14007,Jul 1 2007,Copa América in Venezuela,Mexico,Ecuador,1870,1714,2,1,14,-14,1884,1700,13,42,0,0,13,42,50,0,156
14008,Jul 1 2007,Friendly tournament in Singapore,Oman,Saudi Arabia,1609,1618,1,1,0,0,1609,1618,59,56,0,0,59,56,20,0,-9
14009,Jul 1 2007,Friendly in Singapore,United Arab Emirates,North Korea,1519,1491,1,0,9,-9,1528,1482,72,88,3,0,75,88,20,0,28
14010,Jul 2 2007,Copa América in Venezuela,Argentina,Colombia,2013,1770,4,2,15,-15,2028,1755,2,38,1,-5,3,33,50,0,243
14011,Jul 2 2007,Friendly in Iran,Iran,Jamaica,1783,1554,8,1,6,-6,1789,1548,20,73,3,-2,23,71,20,100,329
14012,Jul 2 2007,Copa América in Venezuela,Paraguay,United States,1816,1818,3,1,38,-38,1854,1780,12,35,3,-9,15,26,50,0,-2
14013,Jul 2 2007,Friendly in Thailand,Thailand,Qatar,1346,1508,2,0,18,-18,1364,1490,106,93,6,-6,112,87,20,100,-62
14014,Jul 2 2007,Friendly in South Korea,Uzbekistan,Iraq,1532,1610,2,0,18,-18,1550,1592,64,62,5,-2,69,60,20,0,-78
14015,Jul 3 2007,Copa América in Venezuela,Bolivia,Peru,1582,1663,2,2,6,-6,1588,1657,61,49,0,-1,61,48,50,0,-81
14016,Jul 3 2007,Copa América in Venezuela,Venezuela,Uruguay,1670,1805,0,0,3,-3,1673,1802,43,21,1,-1,44,20,50,100,-35
14017,Jul 4 2007,Copa América in Venezuela,Brazil,Ecuador,2017,1700,1,0,7,-7,2024,1693,4,42,0,0,4,42,50,0,317
14018,Jul 4 2007,Copa América in Venezuela,Chile,Mexico,1751,1884,0,0,9,-9,1760,1875,30,13,3,0,33,13,50,0,-133
14019,Jul 4 2007,Island Games in Greece,Gibraltar,Bermuda,1089,1174,2,0,37,-37,1126,1137,168,176,4,-5,172,171,40,0,-85
14020,Jul 4 2007,Friendly in Singapore,North Korea,Saudi Arabia,1482,1618,1,1,4,-4,1486,1614,88,56,0,0,88,56,20,0,-136
14021,Jul 5 2007,Copa América in Venezuela,Argentina,Paraguay,2028,1854,1,0,13,-13,2041,1841,1,15,1,0,2,15,50,0,174
14022,Jul 5 2007,Copa América in Venezuela,Colombia,United States,1755,1780,1,0,27,-27,1782,1753,18,42,8,-8,26,34,50,0,-25
14023,Jul 5 2007,Friendly in South Korea,South Korea,Uzbekistan,1673,1550,2,1,4,-4,1677,1546,44,73,0,-2,44,71,20,100,223
14024,Jul 6 2007,Friendly tournament in Malawi,Malawi,Namibia,1289,1227,1,2,-22,22,1267,1249,139,139,-3,5,136,144,30,100,162
14025,Jul 7 2007,Copa América in Venezuela,Brazil,Chile,2024,1760,6,1,18,-18,2042,1742,0,45,2,-6,2,39,50,0,264
14026,Jul 7 2007,Asian Cup in Thailand,Thailand,Iraq,1364,1592,1,1,9,-9,1373,1583,112,62,0,-1,112,61,30,0,-228
14027,Jul 7 2007,Copa América in Venezuela,Venezuela,Uruguay,1673,1802,1,4,-40,40,1633,1842,61,10,-8,5,53,15,50,100,-29
14028,Jul 8 2007,Copa América in Venezuela,Argentina,Peru,2041,1657,4,0,9,-9,2050,1648,1,51,1,-2,2,49,50,0,384
14029,Jul 8 2007,Asian Cup in Thailand,Australia,Oman,1761,1609,1,1,-10,10,1751,1619,38,54,-3,2,35,56,50,0,152
14030,Jul 8 2007,Copa América in Venezuela,Mexico,Paraguay,1875,1841,6,0,48,-48,1923,1793,5,26,4,-5,9,21,50,0,34
14031,Jul 8 2007,Asian Cup in Vietnam,Vietnam,United Arab Emirates,1277,1528,2,0,53,-53,1330,1475,111,105,12,-15,123,90,50,100,-151
14032,Jul 9 2007,Asian Cup in Vietnam,Japan,Qatar,1750,1490,1,1,-16,16,1734,1506,42,74,-3,6,39,80,40,100,360
14033,Jul 10 2007,Copa América in Venezuela,Brazil,Uruguay,2042,1842,2,2,-13,13,2029,1855,5,15,-1,0,4,15,50,0,200
14034,Jul 10 2007,Asian Cup in Indonesia,Indonesia,Bahrain,1311,1476,2,1,30,-30,1341,1446,114,103,7,-7,121,96,50,100,-65
14035,Jul 10 2007,Asian Cup in Malaysia,Malaysia,China,1178,1582,1,5,-14,14,1164,1596,172,58,-4,2,168,60,50,100,-304
14036,Jul 11 2007,Copa América in Venezuela,Argentina,Mexico,2050,1923,3,0,28,-28,2078,1895,0,15,1,-3,1,12,50,0,127
14037,Jul 11 2007,Asian Cup in Malaysia,Iran,Uzbekistan,1789,1546,2,1,10,-10,1799,1536,17,77,3,-3,20,74,50,0,243
14038,Jul 11 2007,Asian Cup in Indonesia,Saudi Arabia,South Korea,1614,1677,1,1,4,-4,1618,1673,57,44,0,0,57,44,40,0,-63
14039,Jul 12 2007,Asian Cup in Thailand,Thailand,Oman,1373,1619,2,0,52,-52,1425,1567,88,76,12,-10,100,66,50,100,-146
14040,Jul 12 2007,Asian Cup in Vietnam,Vietnam,Qatar,1330,1506,1,1,5,-5,1335,1501,122,82,1,-1,123,81,20,0,-176
14041,Jul 13 2007,Asian Cup in Thailand,Iraq,Australia,1583,1751,3,1,54,-54,1637,1697,45,47,8,-6,53,41,50,0,-168
14042,Jul 13 2007,Asian Cup in Vietnam,Japan,United Arab Emirates,1734,1475,3,1,14,-14,1748,1461,31,91,4,-1,35,90,50,0,259
14043,Jul 13 2007,Friendly in the Solomon Islands,Solomon Islands,Papua New Guinea,1353,1047,2,1,2,-2,1355,1045,114,183,0,0,114,183,20,100,406
14044,Jul 14 2007,Asian Cup in Indonesia,Indonesia,Saudi Arabia,1341,1618,1,2,-13,13,1328,1631,129,53,-4,2,125,55,50,100,-177
14045,Jul 14 2007,Asian Cup in Malaysia,Malaysia,Uzbekistan,1164,1536,0,5,-17,17,1147,1553,172,64,-2,5,170,69,50,100,-272
14046,Jul 14 2007,Copa América in Venezuela,Mexico,Uruguay,1895,1855,3,1,33,-33,1928,1822,4,19,4,-2,8,17,50,0,40
14047,Jul 15 2007,Asian Cup in Indonesia,Bahrain,South Korea,1446,1673,2,1,39,-39,1485,1634,80,62,8,-9,88,53,50,0,-227
14048,Jul 15 2007,Copa América in Venezuela,Brazil,Argentina,2029,2078,3,0,50,-50,2079,2028,-2,7,3,-3,1,4,50,0,-49
14049,Jul 15 2007,Asian Cup in Malaysia,China,Iran,1596,1799,2,2,13,-13,1609,1786,58,28,1,-4,59,24,50,0,-203
14050,Jul 16 2007,Asian Cup in Thailand,Iraq,Oman,1637,1567,0,0,-5,5,1632,1572,56,64,-2,1,54,65,20,100,170
14051,Jul 16 2007,Asian Cup in Thailand,Thailand,Australia,1425,1697,0,4,-25,25,1400,1722,110,37,-5,2,105,39,50,100,-172
14052,Jul 16 2007,Asian Cup in Vietnam,United Arab Emirates,Qatar,1461,1501,2,1,28,-28,1489,1473,81,99,5,-9,86,90,50,0,-40
14053,Jul 16 2007,Asian Cup in Vietnam,Vietnam,Japan,1335,1748,1,4,-12,12,1323,1760,130,29,-4,3,126,32,50,100,-313
14054,Jul 17 2007,Friendly in New Caledonia,New Caledonia,Vanuatu,1189,1237,5,3,13,-13,1202,1224,157,153,1,-3,158,150,20,100,52
14055,Jul 18 2007,Asian Cup in Indonesia,Indonesia,South Korea,1328,1634,0,1,-12,12,1316,1646,132,50,-4,1,128,51,50,100,-206
14056,Jul 18 2007,Asian Cup in Malaysia,Malaysia,Iran,1147,1786,0,2,-3,3,1144,1789,170,22,0,1,170,23,40,100,-539
14057,Jul 18 2007,Asian Cup in Indonesia,Saudi Arabia,Bahrain,1631,1485,4,0,28,-28,1659,1457,37,96,9,-4,46,92,50,0,146
14058,Jul 18 2007,Asian Cup in Malaysia,Uzbekistan,China,1553,1609,3,0,51,-51,1604,1558,51,77,9,-9,60,68,50,0,-56
14059,Jul 19 2007,Friendly in Madagascar,Madagascar,Mayotte,1181,1207,2,2,-2,2,1179,1209,163,152,0,2,163,154,20,100,74
14060,Jul 19 2007,Friendly in New Caledonia,New Caledonia,Vanuatu,1202,1224,0,2,-18,18,1184,1242,164,144,-3,3,161,147,20,100,78
14061,Jul 21 2007,Asian Cup in Vietnam,Australia,Japan,1722,1760,1,1,3,-3,1725,1757,39,32,0,0,39,32,50,0,-38
14062,Jul 21 2007,Friendly in Botswana,Botswana,Zambia,1307,1545,0,0,4,-4,1311,1541,128,76,1,-2,129,74,20,100,-138
14063,Jul 21 2007,Asian Cup in Thailand,Iraq,Vietnam,1632,1323,2,0,11,-11,1643,1312,51,131,2,-3,53,128,50,0,309
14064,Jul 22 2007,Asian Cup in Malaysia,Iran,South Korea,1789,1646,0,0,-10,10,1779,1656,29,43,-3,4,26,47,50,0,143
14065,Jul 22 2007,Asian Cup in Indonesia,Saudi Arabia,Uzbekistan,1659,1604,2,1,21,-21,1680,1583,42,62,2,-1,44,61,50,0,55
14066,Jul 25 2007,Asian Cup in Malaysia,Iraq,South Korea,1643,1656,0,0,1,-1,1644,1655,53,49,0,-1,53,48,30,0,-13
14067,Jul 25 2007,Asian Cup in Vietnam,Saudi Arabia,Japan,1680,1757,3,2,30,-30,1710,1727,40,44,2,-6,42,38,50,0,-77
14068,Jul 28 2007,COSAFA Cup in Botswana,Angola,Lesotho,1577,1166,2,0,5,-5,1582,1161,62,167,0,0,62,167,40,0,411
14069,Jul 28 2007,COSAFA Cup in Botswana,Botswana,Namibia,1311,1249,1,0,11,-11,1322,1238,121,150,4,-3,125,147,40,100,162
14070,Jul 28 2007,Asian Cup in Indonesia,Japan,South Korea,1727,1655,0,0,-5,5,1722,1660,40,46,-1,1,39,47,20,100,172
14071,Jul 29 2007,COSAFA Cup in Botswana,Botswana,Angola,1322,1582,0,0,9,-9,1331,1573,121,66,2,-2,123,64,40,100,-160
14072,Jul 29 2007,Asian Cup in Indonesia,Iraq,Saudi Arabia,1644,1710,1,0,30,-30,1674,1680,37,46,8,-2,45,44,50,0,-66
14073,Jul 29 2007,Friendly in Madagascar,Madagascar,DR Congo,1179,1453,0,0,5,-5,1184,1448,159,94,2,0,161,94,20,100,-174
14074,Jul 29 2007,COSAFA Cup in Botswana,Namibia,Lesotho,1238,1161,3,2,16,-16,1254,1145,137,171,5,-2,142,169,40,0,77
14075,Aug 10 2007,Indian Ocean Games in Madagascar,Comoros,Réunion,855,1244,1,1,12,-12,867,1232,203,150,0,-2,203,148,30,0,-389
14076,Aug 10 2007,Indian Ocean Games in Madagascar,Seychelles,Mayotte,1060,1209,2,1,21,-21,1081,1188,175,162,2,-4,177,158,30,0,-149
14077,Aug 12 2007,Indian Ocean Games in Madagascar,Madagascar,Réunion,1184,1232,0,0,-2,2,1182,1234,163,148,-1,0,162,148,30,100,52
14078,Aug 12 2007,Indian Ocean Games in Madagascar,Mayotte,Mauritius,1188,1209,1,0,16,-16,1204,1193,154,162,2,-4,156,158,30,0,-21
14079,Aug 14 2007,Indian Ocean Games in Madagascar,Madagascar,Comoros,1182,867,3,0,4,-4,1186,863,156,203,3,0,159,203,30,100,415
14080,Aug 14 2007,Indian Ocean Games in Madagascar,Mauritius,Seychelles,1193,1081,3,0,18,-18,1211,1063,150,181,4,-2,154,179,30,0,112
14081,Aug 16 2007,Indian Ocean Games in Madagascar,Madagascar,Mayotte,1186,1204,4,0,22,-22,1208,1182,149,167,5,-5,154,162,30,100,82
14082,Aug 16 2007,Indian Ocean Games in Madagascar,Réunion,Mauritius,1234,1211,1,0,14,-14,1248,1197,142,160,3,-3,145,157,30,0,23
14083,Aug 17 2007,Nehru Gold Cup in India,India,Cambodia,1117,808,6,0,7,-7,1124,801,173,208,0,-1,173,207,40,100,409
14084,Aug 18 2007,Indian Ocean Games in Madagascar,Madagascar,Réunion,1208,1248,0,0,-3,3,1205,1251,158,143,-2,1,156,144,30,100,60
14085,Aug 18 2007,Indian Ocean Games in Madagascar,Mauritius,Mayotte,1197,1182,1,1,-1,1,1196,1183,157,162,0,0,157,162,30,0,15
14086,Aug 18 2007,Nehru Gold Cup in India,Syria,Bangladesh,1494,996,2,0,3,-3,1497,993,82,189,1,-1,83,188,40,0,498
14087,Aug 19 2007,Nehru Gold Cup in India,Kyrgyzstan,Cambodia,1169,801,4,3,4,-4,1173,797,165,209,0,-1,165,208,40,0,368
14088,Aug 20 2007,Nehru Gold Cup in India,India,Bangladesh,1124,993,1,0,8,-8,1132,985,169,190,2,-1,171,189,40,100,231
14089,Aug 20 2007,Friendly in Mozambique,Mozambique,Zimbabwe,1349,1447,0,0,0,0,1349,1447,118,96,0,0,118,96,20,100,2
14090,Aug 20 2007,Merdeka Tournament in Malaysia,Myanmar,Lesotho,1158,1145,1,0,14,-14,1172,1131,165,175,1,-3,166,172,30,0,13
14091,Aug 21 2007,Friendly in France,Benin,Gabon,1333,1419,2,2,2,-2,1335,1417,122,102,0,-1,122,101,20,0,-86
14092,Aug 21 2007,Friendly in England,Ghana,Senegal,1769,1641,1,1,-4,4,1765,1645,28,52,0,1,28,53,20,0,128
14093,Aug 21 2007,Nehru Gold Cup in India,Syria,Kyrgyzstan,1497,1173,4,1,9,-9,1506,1164,77,169,3,-2,80,167,40,0,324
14094,Aug 22 2007,Friendly in Albania,Albania,Malta,1519,1267,3,0,4,-4,1523,1263,74,142,2,-3,76,139,20,100,352
14095,Aug 22 2007,European Championship qual in Armenia,Armenia,Portugal,1441,1923,1,1,16,-16,1457,1907,89,10,4,0,93,10,40,100,-382
14096,Aug 22 2007,Friendly in Austria,Austria,Czechia,1613,1867,1,1,4,-4,1617,1863,58,14,0,0,58,14,20,100,-154
14097,Aug 22 2007,Nehru Gold Cup in India,Bangladesh,Cambodia,985,797,1,1,-10,10,975,807,191,204,-1,2,190,206,30,100,288
14098,Aug 22 2007,Friendly in Belarus,Belarus,Israel,1543,1743,2,1,13,-13,1556,1730,67,40,3,-2,70,38,20,100,-100
14099,Aug 22 2007,European Championship qual in Belgium,Belgium,Serbia,1622,1764,3,2,22,-22,1644,1742,53,39,2,-5,55,34,40,100,-42
14100,Aug 22 2007,Friendly in Bosnia and Herzegovina,Bosnia and Herzegovina,Croatia,1628,1895,3,5,-8,8,1620,1903,58,11,-1,1,57,12,20,100,-167
14101,Aug 22 2007,Friendly in France,Brazil,Algeria,2079,1411,2,0,1,-1,2080,1410,1,103,0,0,1,103,20,0,668
14102,Aug 22 2007,Friendly in Bulgaria,Bulgaria,Wales,1776,1577,0,1,-17,17,1759,1594,35,60,-4,1,31,61,20,100,299
14103,Aug 22 2007,Friendly in the United States,Colombia,Mexico,1782,1928,1,0,14,-14,1796,1914,15,10,5,-1,20,9,20,0,-146
14104,Aug 22 2007,Friendly in Costa Rica,Costa Rica,Peru,1648,1648,1,1,-3,3,1645,1651,53,47,-1,2,52,49,20,100,100
14105,Aug 22 2007,Friendly in Denmark,Denmark,Ireland,1907,1763,0,4,-30,30,1877,1793,15,11,-2,10,13,21,20,100,244
14106,Aug 22 2007,Friendly in the Dem Rep of the Congo,DR Congo,Angola,1448,1573,3,1,16,-16,1464,1557,88,74,3,-5,91,69,20,100,-25
14107,Aug 22 2007,Friendly in Ecuador,Ecuador,Bolivia,1693,1588,1,0,5,-5,1698,1583,42,64,0,-2,42,62,20,100,205
14108,Aug 22 2007,Friendly in France,Egypt,Ivory Coast,1720,1786,0,0,2,-2,1722,1784,39,26,1,-1,40,25,20,0,-66
14109,Aug 22 2007,Friendly in El Salvador,El Salvador,Honduras,1357,1668,2,0,23,-23,1380,1645,109,58,2,-6,111,52,20,100,-211
14110,Aug 22 2007,Friendly in England,England,Germany,1945,1993,1,2,-11,11,1934,2004,7,4,0,1,7,5,20,100,52
14111,Aug 22 2007,European Championship qual in Estonia,Estonia,Andorra,1374,1093,2,1,4,-4,1378,1089,112,176,0,0,112,176,40,100,381
14112,Aug 22 2007,European Championship qual in Finland,Finland,Kazakhstan,1645,1353,2,1,4,-4,1649,1349,47,117,3,-1,50,116,40,100,392
14113,Aug 22 2007,Friendly in Greece,Greece,Spain,1795,1924,2,3,-9,9,1786,1933,28,7,-4,1,24,8,20,100,-29
14114,Aug 22 2007,Friendly in Hungary,Hungary,Italy,1569,2032,3,1,27,-27,1596,2005,54,5,6,-1,60,4,20,100,-363
14115,Aug 22 2007,Friendly in Iceland,Iceland,Canada,1472,1650,1,1,2,-2,1474,1648,88,52,1,-1,89,51,20,100,-78
14116,Aug 22 2007,Friendly in Japan,Japan,Cameroon,1722,1788,2,0,14,-14,1736,1774,35,31,2,-4,37,27,20,100,34
14117,Aug 22 2007,Friendly in Latvia,Latvia,Moldova,1415,1394,1,2,-13,13,1402,1407,112,100,-5,4,107,104,20,100,121
14118,Aug 22 2007,Merdeka Tournament in Malaysia,Lesotho,Laos,1131,890,3,1,9,-9,1140,881,168,204,2,-3,170,201,30,0,241
14119,Aug 22 2007,Friendly in Lithuania,Lithuania,Turkmenistan,1498,1345,2,1,4,-4,1502,1341,81,121,1,-1,82,120,20,100,253
14120,Aug 22 2007,Friendly in Luxembourg,Luxembourg,Georgia,997,1523,0,0,8,-8,1005,1515,186,80,0,-2,186,78,20,100,-426
14121,Aug 22 2007,Friendly in Macedonia,Macedonia,Nigeria,1525,1745,0,0,3,-3,1528,1742,73,33,1,1,74,34,20,100,-120
14122,Aug 22 2007,Friendly in France,Mali,Burkina Faso,1558,1351,3,2,5,-5,1563,1346,66,120,1,-2,67,118,20,0,207
14123,Aug 22 2007,Friendly in Montenegro,Montenegro,Slovenia,1681,1549,1,1,-6,6,1675,1555,45,72,-1,-1,44,71,20,100,232
14124,Aug 22 2007,Friendly in Norway,Norway,Argentina,1753,2028,2,1,15,-15,1768,2013,24,2,4,1,28,3,20,100,-175
14125,Aug 22 2007,European Championship qual in Northern Ireland,Northern Ireland,Liechtenstein,1575,1153,3,1,3,-3,1578,1150,65,168,-1,0,64,168,40,100,522
14126,Aug 22 2007,Friendly in Panama,Panama,Guatemala,1566,1510,2,1,6,-6,1572,1504,63,81,2,-1,65,80,20,100,156
14127,Aug 22 2007,Friendly in Paraguay,Paraguay,Venezuela,1793,1633,1,1,-6,6,1787,1639,23,57,-1,-1,22,56,20,100,260
14128,Aug 22 2007,Friendly in Romania,Romania,Turkey,1898,1841,2,0,9,-9,1907,1832,8,17,2,-1,10,16,20,100,157
14129,Aug 22 2007,Friendly in Russia,Russia,Poland,1791,1764,2,2,-4,4,1787,1768,22,27,0,1,22,28,20,100,127
14130,Aug 22 2007,European Championship qual in San Marino,San Marino,Cyprus,935,1481,0,1,-3,3,932,1484,195,88,0,0,195,88,40,100,-446
14131,Aug 22 2007,Friendly in Scotland,Scotland,South Africa,1753,1496,1,0,2,-2,1755,1494,32,84,0,0,32,84,20,100,357
14132,Aug 22 2007,Friendly in Slovakia,Slovakia,France,1721,2059,0,1,-4,4,1717,2063,42,2,-1,0,41,2,20,100,-238
14133,Aug 22 2007,Friendly in Sudan,Sudan,Libya,1398,1427,1,0,8,-8,1406,1419,106,99,0,0,106,99,20,100,71
14134,Aug 22 2007,Friendly in Sweden,Sweden,United States,1812,1753,1,0,6,-6,1818,1747,18,34,0,-1,18,33,20,100,159
14135,Aug 22 2007,Friendly in Switzerland,Switzerland,Netherlands,1830,1999,2,1,12,-12,1842,1987,14,7,1,-1,15,6,20,100,-69
14136,Aug 22 2007,Friendly in Tajikistan,Tajikistan,Azerbaijan,1327,1396,2,3,-11,11,1316,1407,129,101,-2,3,127,104,20,100,31
14137,Aug 22 2007,Friendly in Togo,Togo,Zambia,1428,1541,3,1,16,-16,1444,1525,98,76,0,-1,98,75,20,100,-13
14138,Aug 22 2007,Friendly in Tunisia,Tunisia,Guinea,1656,1605,1,1,-4,4,1652,1609,47,59,1,0,48,59,20,100,151
14139,Aug 22 2007,Friendly in Ukraine,Ukraine,Uzbekistan,1805,1583,2,1,3,-3,1808,1580,19,65,0,-2,19,63,20,100,322
14140,Aug 23 2007,Nehru Gold Cup in India,India,Syria,1132,1506,2,3,-7,7,1125,1513,174,79,-1,0,173,79,40,100,-274
14141,Aug 24 2007,Nehru Gold Cup in India,Kyrgyzstan,Bangladesh,1164,975,3,0,18,-18,1182,957,159,192,4,-1,163,191,40,0,189
14142,Aug 25 2007,South Pacific Games in Samoa,Fiji,Tuvalu,1320,755,16,0,5,-5,1325,750,124,212,1,0,125,212,40,0,565
14143,Aug 25 2007,Merdeka Tournament in Malaysia,Myanmar,Laos,1172,881,1,0,5,-5,1177,876,166,203,0,-1,166,202,30,0,291
14144,Aug 25 2007,W Cup & Oce Cup q & S Pac G in Samoa,New Caledonia,Tahiti,1184,1262,1,0,24,-24,1208,1238,147,154,7,-7,154,147,40,0,-78
14145,Aug 25 2007,W Cup & Oce Cup q & S Pac G in Samoa,Samoa,Vanuatu,685,1242,0,4,-5,5,680,1247,217,143,0,2,217,145,40,100,-457
14146,Aug 25 2007,W Cup & Oce Cup q & S Pac G in Samoa,Solomon Islands,Eastern Samoa,1355,373,12,1,0,0,1355,373,114,232,0,0,114,232,20,0,982
14147,Aug 25 2007,Nehru Gold Cup in India,Syria,Cambodia,1513,807,5,1,1,-1,1514,806,79,206,0,0,79,206,20,0,706
14148,Aug 26 2007,Nehru Gold Cup in India,India,Kyrgyzstan,1125,1182,3,0,31,-31,1156,1151,161,173,6,-5,167,168,30,0,-57
14149,Aug 27 2007,W Cup & Oce Cup q & S Pac G in Samoa,Fiji,Cook Islands,1325,674,4,0,2,-2,1327,672,125,218,0,0,125,218,40,0,651
14150,Aug 27 2007,South Pacific Games in Samoa,New Caledonia,Tuvalu,1208,750,1,0,3,-3,1211,747,154,212,0,0,154,212,40,0,458
14151,Aug 27 2007,W Cup & Oce Cup q & S Pac G in Samoa,Samoa,Eastern Samoa,680,373,7,0,8,-8,688,365,217,232,0,0,217,232,40,100,407
14152,Aug 27 2007,W Cup & Oce Cup q & S Pac G in Samoa,Solomon Islands,Tonga,1355,716,4,0,2,-2,1357,714,114,213,0,0,114,213,40,0,639
14153,Aug 29 2007,Nehru Gold Cup in India,India,Syria,1156,1514,1,0,33,-33,1189,1481,153,97,7,-9,160,88,40,100,-258
14154,Aug 29 2007,W Cup & Oce Cup q & S Pac G in Samoa,New Caledonia,Cook Islands,1211,672,3,0,3,-3,1214,669,152,218,1,0,153,218,40,0,539
14155,Aug 29 2007,W Cup & Oce Cup q & S Pac G in Samoa,Samoa,Tonga,688,714,2,1,16,-16,704,698,213,221,2,-4,215,217,30,0,-26
14156,Aug 29 2007,South Pacific Games in Samoa,Tahiti,Tuvalu,1238,747,1,1,-18,18,1220,765,153,210,-3,1,150,211,40,0,491
14157,Aug 29 2007,W Cup & Oce Cup q & S Pac G in Samoa,Vanuatu,Eastern Samoa,1247,365,15,0,1,-1,1248,364,145,232,0,0,145,232,30,0,882
14158,Sep 1 2007,South Pacific Games in Samoa,Cook Islands,Tuvalu,669,765,4,1,44,-44,713,721,208,213,5,-1,213,212,40,0,-96
14159,Sep 1 2007,W Cup & Oce Cup q & S Pac G in Samoa,Fiji,Tahiti,1327,1220,4,0,26,-26,1353,1194,107,166,9,-8,116,158,40,0,107
14160,Sep 1 2007,W Cup & Oce Cup q & S Pac G in Samoa,Solomon Islands,Vanuatu,1357,1248,2,0,21,-21,1378,1227,110,151,2,-3,112,148,40,0,109
14161,Sep 1 2007,Friendly in Tanzania,Tanzania,Uganda,1351,1411,1,0,9,-9,1360,1402,115,110,0,-4,115,106,20,100,40
14162,Sep 1 2007,W Cup & Oce Cup q & S Pac G in Samoa,Tonga,Eastern Samoa,698,364,4,0,10,-10,708,354,213,232,2,0,215,232,40,0,334
14163,Sep 3 2007,W Cup & Oce Cup q & S Pac G in Samoa,Fiji,New Caledonia,1353,1214,1,1,-8,8,1345,1222,122,148,-3,2,119,150,40,0,139
14164,Sep 3 2007,W Cup & Oce Cup q & S Pac G in Samoa,Samoa,Solomon Islands,704,1378,0,3,-2,2,702,1380,217,110,0,1,217,111,30,100,-574
14165,Sep 3 2007,W Cup & Oce Cup q & S Pac G in Samoa,Tahiti,Cook Islands,1194,713,1,0,2,-2,1196,711,156,213,1,0,157,213,30,0,481
14166,Sep 3 2007,W Cup & Oce Cup q & S Pac G in Samoa,Vanuatu,Tonga,1227,708,4,1,3,-3,1230,705,146,215,1,0,147,215,30,0,519
14167,Sep 5 2007,W Cup & Oce Cup q & S Pac G in Samoa,Fiji,Vanuatu,1345,1230,3,0,24,-24,1369,1206,109,163,5,-8,114,155,40,0,115
14168,Sep 5 2007,W Cup & Oce Cup q & S Pac G in Samoa,New Caledonia,Solomon Islands,1222,1380,3,2,29,-29,1251,1351,136,121,7,-5,143,116,40,0,-158
14169,Sep 7 2007,Friendly tournament in Austria,Austria,Japan,1617,1736,0,0,1,-1,1618,1735,58,35,0,1,58,36,20,100,-19
14170,Sep 7 2007,Friendly in Bahrain,Bahrain,Jordan,1457,1521,1,3,-17,17,1440,1538,103,71,-5,3,98,74,20,100,36
14171,Sep 7 2007,South Pacific Games in Samoa,New Caledonia,Fiji,1251,1369,1,0,27,-27,1278,1342,129,124,7,-5,136,119,40,0,-118
14172,Sep 7 2007,Friendly tournament in Austria,Switzerland,Chile,1842,1742,2,1,11,-11,1853,1731,15,40,0,-3,15,37,30,0,100
14173,Sep 7 2007,W Cup & Oce Cup q & S Pac G in Samoa,Vanuatu,Solomon Islands,1206,1351,2,0,42,-42,1248,1309,137,144,9,-14,146,130,40,0,-145
14174,Sep 8 2007,European Championship qual in Belarus,Belarus,Romania,1556,1907,1,3,-11,11,1545,1918,72,6,-1,2,71,8,40,100,-251
14175,Sep 8 2007,European Championship qual in Croatia,Croatia,Estonia,1903,1378,2,0,2,-2,1905,1376,10,112,1,0,11,112,30,0,525
14176,Sep 8 2007,Friendly in Cyprus,Cyprus,Armenia,1484,1457,3,1,10,-10,1494,1447,79,97,4,-2,83,95,20,100,127
14177,Sep 8 2007,African Nations Cup qualifier in the Dem Rep of the Congo,DR Congo,Libya,1464,1419,1,1,-8,8,1456,1427,93,101,-1,-1,92,100,40,100,145
14178,Sep 8 2007,Friendly in Ecuador,Ecuador,El Salvador,1698,1380,5,1,3,-3,1701,1377,42,111,0,0,42,111,20,100,418
14179,Sep 8 2007,European Championship qual in England,England,Israel,1934,1730,3,0,10,-10,1944,1720,7,42,0,-2,7,40,40,100,304
14180,Sep 8 2007,African Nations Cup qualifier in Ethiopia,Ethiopia,Namibia,1384,1254,2,3,-32,32,1352,1286,118,128,-4,7,114,135,40,100,230
14181,Sep 8 2007,African Nations Cup qualifier in Gabon,Gabon,Ivory Coast,1417,1784,0,0,13,-13,1430,1771,97,35,2,-5,99,30,40,100,-267
14182,Sep 8 2007,European Championship qual in Georgia,Georgia,Ukraine,1515,1808,1,1,10,-10,1525,1798,72,19,3,0,75,19,30,0,-293
14183,Sep 8 2007,Friendly in France,Ghana,Morocco,1765,1661,2,0,11,-11,1776,1650,22,56,4,-5,26,51,20,0,104
14184,Sep 8 2007,European Championship qual in Hungary,Hungary,Bosnia and Herzegovina,1596,1620,1,0,16,-16,1612,1604,56,63,2,-3,58,60,30,0,-24
14185,Sep 8 2007,European Championship qual in Iceland,Iceland,Spain,1474,1933,1,1,16,-16,1490,1917,83,10,3,-1,86,9,40,100,-359
14186,Sep 8 2007,European Championship qual in Italy,Italy,France,2005,2063,0,0,-2,2,2003,2065,6,2,-1,0,5,2,30,100,42
14187,Sep 8 2007,Friendly in Kazakhstan,Kazakhstan,Tajikistan,1349,1316,1,1,-4,4,1345,1320,115,128,0,-1,115,127,20,100,133
14188,Sep 8 2007,African Nations Cup qualifier in Kenya,Kenya,Angola,1310,1557,2,1,28,-28,1338,1529,111,79,9,-5,120,74,40,100,-147
14189,Sep 8 2007,European Championship qual in Latvia,Latvia,Northern Ireland,1402,1578,1,0,24,-24,1426,1554,96,74,5,-5,101,69,40,100,-76
14190,Sep 8 2007,European Championship qual in Luxembourg,Luxembourg,Slovenia,1005,1555,0,3,-5,5,1000,1560,186,63,0,4,186,67,40,100,-450
14191,Sep 8 2007,European Championship qual in Malta,Malta,Turkey,1263,1832,2,2,17,-17,1280,1815,132,20,4,-2,136,18,40,100,-469
14192,Sep 8 2007,European Championship qual in Moldova,Moldova,Norway,1407,1768,0,1,-7,7,1400,1775,111,28,-4,0,107,28,40,100,-261
14193,Sep 8 2007,European Championship qual in the Netherlands,Netherlands,Bulgaria,1987,1759,2,0,8,-8,1995,1751,6,33,0,-1,6,32,40,100,328
14194,Sep 8 2007,African Nations Cup qualifier in Nigeria,Nigeria,Lesotho,1742,1140,2,0,1,-1,1743,1139,34,171,0,0,34,171,20,0,602
14195,Sep 8 2007,Friendly in Peru,Peru,Colombia,1651,1796,2,2,1,-1,1652,1795,47,20,1,0,48,20,20,100,-45
14196,Sep 8 2007,European Championship qual in Portugal,Portugal,Poland,1907,1768,2,2,-12,12,1895,1780,14,20,-2,4,12,24,40,100,239
14197,Sep 8 2007,European Championship qual in Russia,Russia,Macedonia,1787,1528,3,0,8,-8,1795,1520,18,81,2,-3,20,78,40,100,359
14198,Sep 8 2007,African Nations Cup qualifier in Rwanda,Rwanda,Liberia,1283,1264,4,0,25,-25,1308,1239,128,155,3,-8,131,147,40,100,119
14199,Sep 8 2007,European Championship qual in San Marino,San Marino,Czechia,932,1863,0,3,-1,1,931,1864,195,14,0,0,195,14,40,100,-831
14200,Sep 8 2007,European Championship qual in Scotland,Scotland,Lithuania,1755,1502,3,1,7,-7,1762,1495,30,83,1,-1,31,82,40,100,353
14201,Sep 8 2007,African Nations Cup qualifier in Senegal,Senegal,Burkina Faso,1645,1346,5,1,7,-7,1652,1339,44,121,4,-2,48,119,40,100,399
14202,Sep 8 2007,European Championship qual in Serbia,Serbia,Finland,1742,1649,0,0,-10,10,1732,1659,38,44,-2,3,36,47,40,100,193
14203,Sep 8 2007,European Championship qual in Slovakia,Slovakia,Ireland,1717,1793,2,2,-1,1,1716,1794,41,23,0,-1,41,22,20,100,24
14204,Sep 8 2007,European Championship qual in Sweden,Sweden,Denmark,1818,1877,0,0,-2,2,1816,1879,16,13,1,0,17,13,30,100,41
14205,Sep 8 2007,African Nations Cup qualifier in Tanzania,Tanzania,Mozambique,1360,1349,0,1,-26,26,1334,1375,132,111,-9,2,123,113,40,100,111
14206,Sep 8 2007,African Nations Cup qualifier in Uganda,Uganda,Niger,1402,1280,3,1,13,-13,1415,1267,100,141,3,-3,103,138,40,100,222
14207,Sep 8 2007,Friendly in Venezuela,Venezuela,Paraguay,1639,1787,3,2,11,-11,1650,1776,46,30,5,-4,51,26,20,100,-48
14208,Sep 8 2007,European Championship qual in Wales,Wales,Germany,1594,2004,0,2,-9,9,1585,2013,61,1,0,2,61,3,40,100,-310
14209,Sep 9 2007,African Nations Cup qualifier in Burundi,Burundi,Egypt,1265,1722,0,0,15,-15,1280,1707,132,43,4,-2,136,41,40,100,-357
14210,Sep 9 2007,African Nations Cup qualifier in Chad,Chad,Congo,1253,1419,1,1,4,-4,1257,1415,140,104,1,-1,141,103,20,0,-166
14211,Sep 9 2007,Friendly tournament in the United States,Costa Rica,Honduras,1645,1645,0,0,0,0,1645,1645,52,52,1,1,53,53,20,0,0
14212,Sep 9 2007,African Nations Cup qualifier in Equatorial Guinea,Equatorial Guinea,Cameroon,1208,1774,1,0,37,-37,1245,1737,138,39,8,-5,146,34,40,100,-466
14213,Sep 9 2007,African Nations Cup qualifier in The Gambia,Gambia,Algeria,1329,1410,2,1,19,-19,1348,1391,105,112,10,-4,115,108,40,100,19
14214,Sep 9 2007,African Nations Cup qualifier in Guinea,Guinea,Cape Verde,1609,1307,4,0,7,-7,1616,1300,57,136,1,-2,58,134,40,100,402
14215,Sep 9 2007,African Nations Cup qualifier in Mauritius,Mauritius,Seychelles,1196,1063,1,1,-12,12,1184,1075,167,175,-5,2,162,177,40,100,233
14216,Sep 9 2007,Friendly in Mexico,Mexico,Panama,1914,1572,1,0,1,-1,1915,1571,10,66,0,-1,10,65,20,100,442
14217,Sep 9 2007,African Nations Cup qualifier in South Africa,South Africa,Zambia,1494,1525,1,3,-36,36,1458,1561,99,59,-8,8,91,67,40,100,69
14218,Sep 9 2007,African Nations Cup qualifier in Sudan,Sudan,Tunisia,1406,1652,3,2,28,-28,1434,1624,92,64,7,-8,99,56,40,100,-146
14219,Sep 9 2007,African Nations Cup qualifier in Swaziland,Swaziland,Eritrea,1194,1178,0,0,-6,6,1188,1184,159,159,0,3,159,162,40,100,116
14220,Sep 9 2007,Friendly in the United States,United States,Brazil,1747,2080,2,4,-6,6,1741,2086,33,1,0,0,33,1,20,100,-233
14221,Sep 9 2007,African Nations Cup qualifier in Zimbabwe,Zimbabwe,Malawi,1447,1267,3,1,10,-10,1457,1257,89,144,3,-3,92,141,40,100,280
14222,Sep 11 2007,Friendly in Australia,Australia,Argentina,1725,2013,0,1,-5,5,1720,2018,38,3,0,0,38,3,20,100,-188
14223,Sep 11 2007,Friendly tournament in Austria,Austria,Chile,1618,1731,0,2,-22,22,1596,1753,63,27,-3,5,60,32,30,100,-13
14224,Sep 11 2007,Friendly tournament in Austria,Japan,Switzerland,1735,1853,4,3,20,-20,1755,1833,27,15,4,0,31,15,30,0,-118
14225,Sep 11 2007,Friendly in Saudi Arabia,Saudi Arabia,Ghana,1680,1776,5,0,20,-20,1700,1756,43,34,0,-4,43,30,20,100,4
14226,Sep 12 2007,European Championship qual in Albania,Albania,Netherlands,1523,1995,0,1,-4,4,1519,1999,77,6,0,0,77,6,40,100,-372
14227,Sep 12 2007,European Championship qual in Andorra,Andorra,Croatia,1089,1905,0,6,-1,1,1088,1906,176,11,0,0,176,11,20,100,-716
14228,Sep 12 2007,Friendly in Azerbaijan,Azerbaijan,Georgia,1407,1525,1,1,1,-1,1408,1524,107,76,-1,0,106,76,20,100,-18
14229,Sep 12 2007,European Championship qual in Bosnia and Herzegovina,Bosnia and Herzegovina,Moldova,1604,1400,0,1,-34,34,1570,1434,73,92,-7,7,66,99,40,100,304
14230,Sep 12 2007,Friendly in the United States,Brazil,Mexico,2086,1915,3,1,8,-8,2094,1907,1,10,0,0,1,10,20,0,171
14231,Sep 12 2007,European Championship qual in Bulgaria,Bulgaria,Luxembourg,1751,1000,3,0,1,-1,1752,999,33,186,0,0,33,186,30,0,751
14232,Sep 12 2007,Friendly in Canada,Canada,Costa Rica,1648,1645,1,1,-3,3,1645,1648,54,51,-1,1,53,52,20,100,103
14233,Sep 12 2007,Friendly in Colombia,Colombia,Paraguay,1795,1776,1,0,7,-7,1802,1769,18,32,1,-3,19,29,20,100,119
14234,Sep 12 2007,European Championship qual in Cyprus,Cyprus,San Marino,1494,931,3,0,2,-2,1496,929,85,195,-1,0,84,195,30,0,563
14235,Sep 12 2007,European Championship qual in Czechia,Czechia,Ireland,1864,1794,1,0,11,-11,1875,1783,14,24,0,-1,14,23,40,100,170
14236,Sep 12 2007,European Championship qual in Denmark,Denmark,Liechtenstein,1879,1150,4,0,1,-1,1880,1149,13,169,0,0,13,169,20,0,729
14237,Sep 12 2007,European Championship qual in England,England,Russia,1944,1795,3,0,13,-13,1957,1782,7,28,0,-4,7,24,40,100,249
14238,Sep 12 2007,European Championship qual in Finland,Finland,Poland,1659,1780,0,0,1,-1,1660,1779,45,26,1,-1,46,25,20,100,-21
14239,Sep 12 2007,European Championship qual in France,France,Scotland,2065,1762,0,1,-36,36,2029,1798,2,11,0,9,2,20,40,100,403
14240,Sep 12 2007,Friendly in Germany,Germany,Romania,2013,1918,3,1,7,-7,2020,1911,2,10,1,-1,3,9,20,100,195
14241,Sep 12 2007,Friendly in Honduras,Honduras,Ecuador,1645,1701,2,1,9,-9,1654,1692,45,42,4,0,49,42,20,100,44
14242,Sep 12 2007,European Championship qual in Iceland,Iceland,Northern Ireland,1490,1554,2,1,18,-18,1508,1536,71,76,7,-3,78,73,30,0,-64
14243,Sep 12 2007,European Championship qual in Kazakhstan,Kazakhstan,Belgium,1345,1644,2,2,10,-10,1355,1634,112,57,2,-1,114,56,30,0,-299
14244,Sep 12 2007,European Championship qual in Lithuania,Lithuania,Faroe Islands,1495,1167,2,1,3,-3,1498,1164,84,167,-1,0,83,167,20,0,328
14245,Sep 12 2007,European Championship qual in Macedonia,Macedonia,Estonia,1520,1376,1,1,-12,12,1508,1388,78,108,0,2,78,110,40,100,244
14246,Sep 12 2007,Friendly in Malta,Malta,Armenia,1280,1447,0,1,-8,8,1272,1455,140,92,-2,2,138,94,20,100,-67
14247,Sep 12 2007,Friendly in Montenegro,Montenegro,Sweden,1675,1816,1,2,-9,9,1666,1825,44,15,0,1,44,16,20,100,-41
14248,Sep 12 2007,European Championship qual in Norway,Norway,Greece,1775,1786,2,2,-5,5,1770,1791,29,19,-1,2,28,21,40,100,89
14249,Sep 12 2007,Friendly in Peru,Peru,Bolivia,1652,1583,2,0,8,-8,1660,1575,44,64,2,-1,46,63,20,100,169
14250,Sep 12 2007,European Championship qual in Portugal,Portugal,Serbia,1895,1732,1,1,-13,13,1882,1745,12,31,0,3,12,34,40,100,263
14251,Sep 12 2007,Friendly in Singapore,Singapore,United Arab Emirates,1306,1489,1,1,2,-2,1308,1487,130,86,1,0,131,86,20,100,-83
14252,Sep 12 2007,European Championship qual in Slovakia,Slovakia,Wales,1716,1585,2,5,-55,55,1661,1640,50,49,-5,6,45,55,40,100,231
14253,Sep 12 2007,European Championship qual in Slovenia,Slovenia,Belarus,1560,1545,1,0,14,-14,1574,1531,60,76,4,-2,64,74,30,0,15
14254,Sep 12 2007,Friendly in South Africa,South Africa,Uruguay,1458,1822,0,0,6,-6,1464,1816,89,20,1,-2,90,18,20,100,-264
14255,Sep 12 2007,European Championship qual in Spain,Spain,Latvia,1917,1426,2,0,2,-2,1919,1424,7,104,1,-1,8,103,20,0,491
14256,Sep 12 2007,European Championship qual in Turkey,Turkey,Hungary,1815,1612,3,0,10,-10,1825,1602,14,60,2,-1,16,59,40,100,303
14257,Sep 12 2007,European Championship qual in Ukraine,Ukraine,Italy,1798,2003,1,2,-14,14,1784,2017,25,5,-3,0,22,5,40,100,-105
14258,Sep 12 2007,Friendly in Venezuela,Venezuela,Panama,1650,1571,1,1,-5,5,1645,1576,56,59,-3,3,53,62,20,100,179
14259,Sep 17 2007,Friendly in Qatar,Qatar,Oman,1473,1572,1,1,0,0,1473,1572,89,65,0,0,89,65,20,100,1
14260,Sep 23 2007,Friendly in the United Arab Emirates,United Arab Emirates,Lebanon,1487,1321,1,1,-6,6,1481,1327,88,126,-1,0,87,126,20,100,266
14261,Sep 29 2007,COSAFA Cup in South Africa,South Africa,Botswana,1464,1331,1,0,8,-8,1472,1323,90,127,0,-1,90,126,40,100,233
14262,Sep 29 2007,COSAFA Cup in South Africa,Zambia,Mozambique,1561,1375,3,0,18,-18,1579,1357,56,113,6,0,62,113,40,0,186
14263,Oct 2 2007,Friendly in Oman,Oman,Maldives,1572,1027,1,0,0,0,1572,1027,66,184,0,0,66,184,20,100,645
14264,Oct 3 2007,Friendly in Thailand,Thailand,United Arab Emirates,1400,1481,1,1,-1,1,1399,1482,107,87,0,0,107,87,20,100,19
14265,Oct 4 2007,Friendly in Bahrain,Bahrain,Singapore,1440,1308,3,1,6,-6,1446,1302,96,135,1,-2,97,133,20,100,232
14266,Oct 8 2007,World Cup qualifier in Bangladesh,Bangladesh,Tajikistan,957,1320,1,1,13,-13,970,1307,189,135,1,-4,190,131,40,100,-263
14267,Oct 8 2007,World Cup qualifier in Lebanon,Lebanon,India,1327,1189,4,1,14,-14,1341,1175,113,174,6,-8,119,166,40,100,238
14268,Oct 8 2007,World Cup qualifier in Oman,Oman,Nepal,1572,838,2,0,0,0,1572,838,66,204,0,0,66,204,20,0,734
14269,Oct 8 2007,World Cup qualifier in Qatar,Singapore,Palestine,1302,1219,4,0,29,-29,1331,1190,119,162,7,-5,126,157,40,0,83
14270,Oct 8 2007,World Cup qualifier in Syria,Syria,Afghanistan,1481,811,3,0,1,-1,1482,810,88,205,0,0,88,205,20,0,670
14271,Oct 8 2007,World Cup qualifier in Thailand,Thailand,Macao,1399,769,6,1,1,-1,1400,768,107,210,0,0,107,210,20,0,630
14272,Oct 8 2007,World Cup qualifier in Vietnam,Vietnam,United Arab Emirates,1312,1482,0,1,-16,16,1296,1498,139,79,-5,4,134,83,40,100,-70
14273,Oct 8 2007,World Cup qualifier in Yemen,Yemen,Maldives,1250,1027,3,0,9,-9,1259,1018,138,184,3,0,141,184,40,100,323
14274,Oct 11 2007,World Cup qualifier in Cambodia,Cambodia,Turkmenistan,806,1341,0,1,-3,3,803,1344,206,115,0,2,206,117,40,100,-435
14275,Oct 12 2007,African Nations Cup qualifier in Sierra Leone,Sierra Leone,Benin,1262,1335,0,2,-32,32,1230,1367,158,102,-9,11,149,113,40,100,27
14276,Oct 12 2007,African Nations Cup qualifier in Togo,Togo,Mali,1444,1563,0,2,-28,28,1416,1591,108,54,-5,7,103,61,40,100,-19
14277,Oct 13 2007,World Cup qualifier in Argentina,Argentina,Chile,2018,1753,2,0,7,-7,2025,1746,2,34,1,-1,3,33,40,100,365
14278,Oct 13 2007,European Championship qual in Armenia,Armenia,Serbia,1455,1745,0,0,10,-10,1465,1735,88,40,3,-3,91,37,30,0,-290
14279,Oct 13 2007,European Championship qual in Azerbaijan,Azerbaijan,Portugal,1408,1882,0,2,-6,6,1402,1888,106,12,0,0,106,12,40,100,-374
14280,Oct 13 2007,European Championship qual in Belarus,Belarus,Luxembourg,1531,999,0,1,-39,39,1492,1038,96,182,-11,2,85,184,40,100,632
14281,Oct 13 2007,European Championship qual in Belgium,Belgium,Finland,1634,1660,0,0,-4,4,1630,1664,54,44,1,1,55,45,40,100,74
14282,Oct 13 2007,European Championship qual in Croatia,Croatia,Israel,1906,1720,1,0,6,-6,1912,1714,9,40,1,-1,10,39,40,100,286
14283,Oct 13 2007,European Championship qual in Cyprus,Cyprus,Wales,1496,1640,3,1,34,-34,1530,1606,63,63,11,-4,74,59,40,100,-44
14284,Oct 13 2007,European Championship qual in Denmark,Denmark,Spain,1880,1919,1,3,-35,35,1845,1954,15,8,-1,0,14,8,40,100,61
14285,Oct 13 2007,World Cup qualifier in Ecuador,Ecuador,Venezuela,1692,1645,0,1,-28,28,1664,1673,48,33,-3,10,45,43,40,100,147
14286,Oct 13 2007,African Nations Cup qualifier in Egypt,Egypt,Botswana,1707,1323,1,0,2,-2,1709,1321,40,127,0,0,40,127,20,0,384
14287,Oct 13 2007,Friendly in El Salvador,El Salvador,Costa Rica,1377,1648,2,2,5,-5,1382,1643,110,56,1,-2,111,54,20,100,-171
14288,Oct 13 2007,European Championship qual in England,England,Estonia,1957,1388,3,0,1,-1,1958,1387,7,110,0,0,7,110,20,0,569
14289,Oct 13 2007,European Championship qual in the Faroe Islands,Faroe Islands,France,1164,2029,0,6,-1,1,1163,2030,167,2,0,0,167,2,20,100,-765
14290,Oct 13 2007,European Championship qual in Greece,Greece,Bosnia and Herzegovina,1791,1570,3,2,5,-5,1796,1565,21,66,0,1,21,67,40,100,321
14291,Oct 13 2007,European Championship qual in Hungary,Hungary,Malta,1602,1272,2,0,5,-5,1607,1267,57,136,1,1,58,137,40,100,430
14292,Oct 13 2007,European Championship qual in Iceland,Iceland,Latvia,1508,1424,2,4,-45,45,1463,1469,106,78,-14,12,92,90,40,100,184
14293,Oct 13 2007,European Championship qual in Ireland,Ireland,Germany,1783,2020,0,0,8,-8,1791,2012,21,7,1,-2,22,5,40,100,-137
14294,Oct 13 2007,European Championship qual in Italy,Italy,Georgia,2017,1524,2,0,2,-2,2019,1522,3,78,1,-1,4,77,20,0,493
14295,Oct 13 2007,European Championship qual in Liechtenstein,Liechtenstein,Sweden,1149,1825,0,3,-2,2,1147,1827,169,16,0,0,169,16,30,100,-576
14296,Oct 13 2007,African Nations Cup qualifier in Mauritania,Mauritania,Burundi,1207,1280,2,1,18,-18,1225,1262,148,142,3,-3,151,139,30,0,-73
14297,Oct 13 2007,European Championship qual in Moldova,Moldova,Turkey,1434,1825,1,1,14,-14,1448,1811,96,22,1,-3,97,19,40,100,-291
14298,Oct 13 2007,World Cup qualifier in Peru,Peru,Paraguay,1660,1769,0,0,1,-1,1661,1768,50,27,-2,1,48,28,40,100,-9
14299,Oct 13 2007,European Championship qual in Poland,Poland,Kazakhstan,1779,1355,3,1,3,-3,1782,1352,21,115,2,0,23,115,40,100,524
14300,Oct 13 2007,European Championship qual in Romania,Romania,Netherlands,1911,1999,1,0,19,-19,1930,1980,9,6,0,0,9,6,30,0,-88
14301,Oct 13 2007,European Championship qual in Scotland,Scotland,Ukraine,1798,1784,3,1,20,-20,1818,1764,16,36,2,-7,18,29,40,100,114
14302,Oct 13 2007,European Championship qual in Slovakia,Slovakia,San Marino,1661,929,7,0,1,-1,1662,928,49,195,-2,0,47,195,20,0,732
14303,Oct 13 2007,European Championship qual in Slovenia,Slovenia,Albania,1574,1519,0,0,-8,8,1566,1527,66,75,0,1,66,76,40,100,155
14304,Oct 13 2007,Friendly in Switzerland,Switzerland,Austria,1833,1596,3,1,4,-4,1837,1592,15,60,0,0,15,60,20,100,337
14305,Oct 13 2007,World Cup qualifier in Uruguay,Uruguay,Bolivia,1816,1575,5,0,10,-10,1826,1565,16,69,1,-2,17,67,40,100,341
14306,Oct 13 2007,World Cup qualifier in Uzbekistan,Uzbekistan,Taiwan,1580,987,9,0,2,-2,1582,985,62,188,0,0,62,188,20,0,593
14307,Oct 14 2007,World Cup qualifier in Colombia,Colombia,Brazil,1802,2094,0,0,10,-10,1812,2084,18,1,1,0,19,1,30,0,-292
14308,Oct 14 2007,Friendly in Honduras,Honduras,Panama,1654,1576,1,0,5,-5,1659,1571,52,66,-1,-1,51,65,20,100,178
14309,Oct 14 2007,World Cup & African Cup qual in Madagascar,Madagascar,Comoros,1205,863,6,2,5,-5,1210,858,155,203,0,0,155,203,20,0,342
14310,Oct 14 2007,Friendly in Mexico,Mexico,Nigeria,1907,1743,2,2,-6,6,1901,1749,11,32,0,1,11,33,20,100,264
14311,Oct 14 2007,Friendly in France,Senegal,Guinea,1652,1616,3,1,13,-13,1665,1603,39,61,6,-2,45,59,20,0,36
14312,Oct 15 2007,World Cup qualifier in Macao,Macao,Thailand,768,1400,1,7,-4,4,764,1404,210,105,0,1,210,106,40,100,-532
14313,Oct 16 2007,Friendly in Bahrain,Bahrain,Libya,1446,1427,2,0,10,-10,1456,1417,91,102,4,0,95,102,20,100,119
14314,Oct 16 2007,Friendly in Croatia,Croatia,Slovakia,1912,1662,3,0,4,-4,1916,1658,10,54,0,-3,10,51,20,100,350
14315,Oct 16 2007,Friendly in Qatar,Qatar,Iraq,1473,1674,3,2,13,-13,1486,1661,84,52,2,-5,86,47,20,100,-101
14316,Oct 16 2007,World Cup qualifier in Venezuela,Venezuela,Argentina,1673,2025,0,2,-11,11,1662,2036,49,1,-3,1,46,2,40,100,-252
14317,Oct 17 2007,European Championship qual in Albania,Albania,Bulgaria,1527,1752,1,1,7,-7,1534,1745,76,40,0,-4,76,36,40,100,-125
14318,Oct 17 2007,Friendly in Austria,Austria,Ivory Coast,1592,1771,3,2,12,-12,1604,1759,58,36,1,-5,59,31,20,100,-79
14319,Oct 17 2007,European Championship qual in Azerbaijan,Azerbaijan,Serbia,1402,1735,1,6,-17,17,1385,1752,111,31,-2,3,109,34,40,100,-233
14320,Oct 17 2007,European Championship qual in Belgium,Belgium,Armenia,1630,1465,3,0,13,-13,1643,1452,53,103,1,-6,54,97,40,100,265
14321,Oct 17 2007,World Cup qualifier in Bolivia,Bolivia,Colombia,1565,1812,0,0,8,-8,1573,1804,61,21,3,-1,64,20,40,100,-147
14322,Oct 17 2007,European Championship qual in Bosnia and Herzegovina,Bosnia and Herzegovina,Norway,1565,1770,0,2,-21,21,1544,1791,81,15,-7,6,74,21,40,100,-105
14323,Oct 17 2007,World Cup qualifier in Brazil,Brazil,Ecuador,2084,1664,5,0,4,-4,2088,1660,1,50,0,-3,1,47,40,100,520
14324,Oct 17 2007,World Cup qualifier in Chile,Chile,Peru,1746,1661,2,0,15,-15,1761,1646,26,57,4,-5,30,52,40,100,185
14325,Oct 17 2007,Friendly in Costa Rica,Costa Rica,Haiti,1643,1544,1,1,-5,5,1638,1549,56,71,-1,0,55,71,20,100,199
14326,Oct 17 2007,European Championship qual in Denmark,Denmark,Latvia,1845,1469,3,1,4,-4,1849,1465,14,90,0,0,14,90,40,100,476
14327,Oct 17 2007,Friendly in El Salvador,El Salvador,Trinidad and Tobago,1382,1503,0,0,1,-1,1383,1502,109,82,1,-1,110,81,20,100,-21
14328,Oct 17 2007,Friendly in Estonia,Estonia,Montenegro,1387,1666,0,1,-5,5,1382,1671,112,42,-1,0,111,42,20,100,-179
14329,Oct 17 2007,WC q & Oce Cup in Fiji,Fiji,New Zealand,1342,1494,0,2,-32,32,1310,1526,136,72,-8,6,128,78,50,100,-52
14330,Oct 17 2007,Friendly in Finland,Finland,Spain,1664,1954,0,0,5,-5,1669,1949,42,6,1,1,43,7,20,100,-190
14331,Oct 17 2007,European Championship qual in France,France,Lithuania,2030,1498,2,0,2,-2,2032,1496,3,84,0,-1,3,83,30,0,532
14332,Oct 17 2007,European Championship qual in Georgia,Georgia,Scotland,1522,1818,2,0,45,-45,1567,1773,57,36,10,-9,67,27,40,100,-196
14333,Oct 17 2007,European Championship qual in Germany,Germany,Czechia,2012,1875,0,3,-56,56,1956,1931,7,5,-1,4,6,9,40,100,237
14334,Oct 17 2007,Friendly in the United States,Guatemala,Mexico,1504,1901,3,2,18,-18,1522,1883,79,15,0,-2,79,13,20,0,-397
14335,Oct 17 2007,European Championship qual in Ireland,Ireland,Cyprus,1791,1530,1,1,-16,16,1775,1546,30,72,-4,1,26,73,40,100,361
14336,Oct 17 2007,Friendly in Israel,Israel,Belarus,1714,1492,2,1,3,-3,1717,1489,39,83,0,1,39,84,20,100,322
14337,Oct 17 2007,Friendly in Italy,Italy,South Africa,2019,1472,2,0,1,-1,2020,1471,4,89,0,0,4,89,20,0,547
14338,Oct 17 2007,Afro-Asian Cup in Japan,Japan,Egypt,1755,1709,4,1,26,-26,1781,1683,17,42,7,-1,24,41,50,100,146
14339,Oct 17 2007,European Championship qual in Kazakhstan,Kazakhstan,Portugal,1352,1888,1,2,-3,3,1349,1891,117,12,-1,0,116,12,40,100,-436
14340,Oct 17 2007,European Championship qual in Liechtenstein,Liechtenstein,Iceland,1147,1463,3,0,54,-54,1201,1409,143,118,13,-13,156,105,40,100,-216
14341,Oct 17 2007,European Championship qual in Luxembourg,Luxembourg,Romania,1038,1930,0,2,-1,1,1037,1931,184,9,0,0,184,9,40,100,-792
14342,Oct 17 2007,European Championship qual in Macedonia,Macedonia,Andorra,1508,1088,3,0,3,-3,1511,1085,82,176,-2,0,80,176,20,0,420
14343,Oct 17 2007,European Championship qual in Malta,Malta,Moldova,1267,1448,2,3,-15,15,1252,1463,147,84,-5,7,142,91,40,100,-81
14344,Oct 17 2007,Friendly in Morocco,Morocco,Namibia,1650,1286,2,0,2,-2,1652,1284,50,135,1,0,51,135,20,100,464
14345,Oct 17 2007,European Championship qual in the Netherlands,Netherlands,Slovenia,1980,1566,2,0,3,-3,1983,1563,4,70,1,-2,5,68,20,0,414
14346,Oct 17 2007,World Cup qualifier in Paraguay,Paraguay,Uruguay,1768,1826,1,0,18,-18,1786,1808,16,19,6,-1,22,18,40,100,42
14347,Oct 17 2007,Friendly in Poland,Poland,Hungary,1782,1607,0,1,-17,17,1765,1624,33,57,-5,0,28,57,20,100,275
14348,Oct 17 2007,European Championship qual in Russia,Russia,England,1782,1958,2,1,24,-24,1806,1934,15,9,4,-1,19,8,40,100,-76
14349,Oct 17 2007,European Championship qual in San Marino,San Marino,Wales,928,1606,1,2,-1,1,927,1607,197,58,-1,0,196,58,20,100,-578
14350,Oct 17 2007,World Cup & African Cup qual in Sierra Leone,Sierra Leone,Guinea-Bissau,1230,1245,1,0,15,-15,1245,1230,141,153,4,-4,145,149,40,100,85
14351,Oct 17 2007,European Championship qual in Sweden,Sweden,Northern Ireland,1827,1536,1,1,-16,16,1811,1552,18,67,-1,3,17,70,40,100,391
14352,Oct 17 2007,Friendly in Switzerland,Switzerland,United States,1837,1741,0,1,-15,15,1822,1756,15,29,0,3,15,32,20,100,196
14353,Oct 17 2007,European Championship qual in Turkey,Turkey,Greece,1811,1796,0,1,-26,26,1785,1822,26,9,-3,6,23,15,40,100,115
14354,Oct 17 2007,Friendly in the United Arab Emirates,United Arab Emirates,Tunisia,1498,1624,0,1,-9,9,1489,1633,86,56,-2,0,84,56,20,100,-26
14355,Oct 17 2007,European Championship qual in Ukraine,Ukraine,Faroe Islands,1764,1163,5,0,1,-1,1765,1162,27,169,1,-1,28,168,20,0,601
14356,Oct 18 2007,World Cup qualifier in Kyrgyzstan,Kyrgyzstan,Jordan,1151,1538,2,0,50,-50,1201,1488,143,95,13,-10,156,85,40,100,-287
14357,Oct 21 2007,World Cup qualifier in Bahrain,Bahrain,Malaysia,1456,1144,4,1,6,-6,1462,1138,90,172,2,-1,92,171,40,100,412
14358,Oct 21 2007,World Cup qualifier in China,China,Myanmar,1558,1177,7,0,5,-5,1563,1172,67,169,1,-1,68,168,20,0,381
14359,Oct 21 2007,World Cup qualifier in Indonesia,Hong Kong,East Timor,1212,590,3,2,1,-1,1213,589,154,222,0,0,154,222,20,0,622
14360,Oct 21 2007,World Cup qualifier in Mongolia,Mongolia,North Korea,801,1486,1,4,-2,2,799,1488,208,86,0,0,208,86,30,100,-585
14361,Oct 21 2007,World Cup qualifier in Sri Lanka,Sri Lanka,Qatar,946,1486,0,1,-3,3,943,1489,193,80,0,3,193,83,40,100,-440
14362,Oct 22 2007,World Cup qualifier in Pakistan,Pakistan,Iraq,890,1661,0,7,-2,2,888,1663,200,44,-1,1,199,45,40,100,-671
14363,Oct 24 2007,COSAFA Cup in South Africa,South Africa,Zambia,1471,1579,0,0,0,0,1471,1579,89,63,0,0,89,63,20,100,-8
14364,Oct 26 2007,World Cup qualifier in Tajikistan,Syria,Afghanistan,1482,810,2,1,1,-1,1483,809,88,205,0,0,88,205,30,0,672
14365,Oct 28 2007,World Cup qualifier in Malaysia,China,Myanmar,1563,1172,4,0,7,-7,1570,1165,66,168,1,0,67,168,40,0,391
14366,Oct 28 2007,World Cup qualifier in Hong Kong,Hong Kong,East Timor,1213,589,8,1,1,-1,1214,588,154,222,0,0,154,222,20,0,624
14367,Oct 28 2007,World Cup qualifier in Syria,Iraq,Pakistan,1663,888,0,0,-20,20,1643,908,61,195,-8,2,53,197,40,0,775
14368,Oct 28 2007,World Cup qualifier in Jordan,Jordan,Kyrgyzstan,1488,1201,2,0,6,-6,1494,1195,82,160,2,-2,84,158,40,100,387
14369,Oct 28 2007,World Cup qualifier in Malaysia,Malaysia,Bahrain,1138,1462,0,0,11,-11,1149,1451,169,102,1,-5,170,97,30,0,-324
14370,Oct 28 2007,World Cup qualifier in the Maldives,Maldives,Yemen,1018,1259,2,0,42,-42,1060,1217,175,167,5,-14,180,153,40,100,-141
14371,Oct 28 2007,World Cup qualifier in Nepal,Nepal,Oman,838,1572,0,2,-2,2,836,1574,204,63,0,1,204,64,40,100,-634
14372,Oct 28 2007,World Cup qualifier in North Korea,North Korea,Mongolia,1488,799,5,1,1,-1,1489,798,86,208,0,0,86,208,20,0,689
14373,Oct 28 2007,World Cup qualifier in Qatar,Qatar,Sri Lanka,1489,943,5,0,2,-2,1491,941,87,193,-2,0,85,193,20,0,546
14374,Oct 28 2007,World Cup qualifier in Taiwan,Taiwan,Uzbekistan,985,1582,0,2,-3,3,982,1585,188,62,0,0,188,62,40,100,-497
14375,Oct 28 2007,World Cup qualifier in Tajikistan,Tajikistan,Bangladesh,1307,970,5,0,6,-6,1313,964,125,192,3,-1,128,191,40,100,437
14376,Oct 28 2007,World Cup qualifier in Turkmenistan,Turkmenistan,Cambodia,1344,803,4,1,2,-2,1346,801,118,208,0,-1,118,207,30,0,541
14377,Oct 28 2007,World Cup qualifier in the United Arab Emirates,United Arab Emirates,Vietnam,1489,1296,5,0,12,-12,1501,1284,79,134,2,0,81,134,40,100,293
14378,Oct 30 2007,World Cup qualifier in India,India,Lebanon,1175,1341,2,2,4,-4,1179,1337,167,124,0,-2,167,122,20,0,-166
14379,Oct 31 2007,Friendly tournament in India,Bhutan,Tibet,563,668,2,2,4,-4,567,664,224,219,1,0,225,219,30,0,-105
14380,Nov 2 2007,Friendly tournament in India,Bhutan,Tibet,567,664,3,0,33,-33,600,631,217,221,4,-1,221,220,30,0,-97
14381,Nov 2 2007,Friendly in Saudi Arabia,Saudi Arabia,Namibia,1700,1284,1,0,1,-1,1701,1283,40,136,0,-1,40,135,20,100,516
14382,Nov 9 2007,World Cup qualifier in Indonesia,Indonesia,Syria,1316,1483,1,4,-28,28,1288,1511,139,70,-6,9,133,79,40,100,-67
14383,Nov 9 2007,Friendly in Saudi Arabia,Saudi Arabia,Estonia,1701,1382,2,0,2,-2,1703,1380,40,111,0,0,40,111,20,100,419
14384,Nov 9 2007,World Cup qualifier in Singapore,Singapore,Tajikistan,1331,1313,2,0,20,-20,1351,1293,107,136,9,-4,116,132,40,100,118
14385,Nov 9 2007,World Cup qualifier in Yemen,Yemen,Thailand,1217,1404,1,1,5,-5,1222,1399,151,106,1,0,152,106,20,0,-187
14386,Nov 10 2007,World Cup qualifier in Hong Kong,Hong Kong,Turkmenistan,1214,1346,0,0,2,-2,1216,1344,154,119,0,0,154,119,40,100,-32
14387,Nov 11 2007,Friendly in Saint Martin,Saint Martin,British Virgin Islands,1012,903,0,1,-15,15,997,918,186,196,0,1,186,197,20,100,209
14388,Nov 14 2007,Friendly in French Guiana,French Guiana,Guadeloupe,1218,1448,2,3,-6,6,1212,1454,155,92,-1,3,154,95,20,100,-130
14389,Nov 16 2007,Friendly in Austria,Austria,England,1604,1934,0,1,-4,4,1600,1938,61,8,-1,0,60,8,20,100,-230
14390,Nov 16 2007,World Cup & African Cup qual in Djibouti,Djibouti,Somalia,802,954,1,0,23,-23,825,931,204,196,1,-2,205,194,40,100,-52
14391,Nov 16 2007,Friendly in France,France,Morocco,2032,1652,2,2,-9,9,2023,1661,3,42,0,4,3,46,20,100,480
14392,Nov 16 2007,Friendly in Qatar,Qatar,Georgia,1491,1567,1,2,-11,11,1480,1578,90,60,-2,4,88,64,20,100,24
14393,Nov 17 2007,European Championship qual in Albania,Albania,Belarus,1534,1489,2,4,-42,42,1492,1531,97,72,-11,7,86,79,40,100,145
14394,Nov 17 2007,European Championship qual in Andorra,Andorra,Estonia,1085,1380,0,2,-15,15,1070,1395,180,103,-2,4,178,107,40,100,-195
14395,Nov 17 2007,Friendly in France,Angola,Ivory Coast,1529,1759,2,1,16,-16,1545,1743,72,37,2,-3,74,34,20,0,-230
14396,Nov 17 2007,World Cup qualifier in Argentina,Argentina,Bolivia,2036,1573,3,0,3,-3,2039,1570,2,70,0,-2,2,68,30,0,463
14397,Nov 17 2007,Friendly in England,Australia,Nigeria,1720,1749,1,0,11,-11,1731,1738,38,35,0,0,38,35,20,0,-29
14398,Nov 17 2007,Friendly tournament in Ghana,Benin,United Arab Emirates,1367,1501,1,0,21,-21,1388,1480,107,94,3,-6,110,88,30,0,-134
14399,Nov 17 2007,European Championship qual in Bulgaria,Bulgaria,Romania,1745,1931,1,0,25,-25,1770,1906,18,11,9,-1,27,10,40,100,-86
14400,Nov 17 2007,World Cup qualifier in Colombia,Colombia,Venezuela,1804,1662,1,0,8,-8,1812,1654,14,51,3,-3,17,48,40,100,242
14401,Nov 17 2007,World Cup & African Cup qual in the Comoros,Comoros,Madagascar,858,1210,0,4,-14,14,844,1224,203,149,0,3,203,152,40,100,-252
14402,Nov 17 2007,European Championship qual in Czechia,Czechia,Slovakia,1931,1658,3,1,6,-6,1937,1652,9,48,0,1,9,49,40,100,373
14403,Nov 17 2007,WC q & Oce Cup in Fiji,Fiji,New Caledonia,1310,1278,3,3,-9,9,1301,1287,133,132,-3,2,130,134,50,100,132
14404,Nov 17 2007,European Championship qual in Finland,Finland,Azerbaijan,1669,1385,2,1,4,-4,1673,1381,41,115,1,-3,42,112,40,100,384
14405,Nov 17 2007,European Championship qual in Germany,Germany,Cyprus,1956,1546,4,0,4,-4,1960,1542,8,79,-1,-3,7,76,40,100,510
14406,Nov 17 2007,European Championship qual in Greece,Greece,Malta,1822,1252,5,0,2,-2,1824,1250,13,143,1,-1,14,142,30,0,570
14407,Nov 17 2007,World Cup & African Cup qual in Guinea-Bissau,Guinea-Bissau,Sierra Leone,1230,1245,0,0,-5,5,1225,1250,150,140,-1,2,149,142,40,100,85
14408,Nov 17 2007,Friendly in the United States,Honduras,Guatemala,1659,1522,1,0,6,-6,1665,1516,41,82,4,-2,45,80,20,0,137
14409,Nov 17 2007,European Championship qual in Israel,Israel,Russia,1717,1806,2,1,19,-19,1736,1787,35,25,2,-3,37,22,30,0,-89
14410,Nov 17 2007,European Championship qual in Latvia,Latvia,Liechtenstein,1465,1201,4,1,8,-8,1473,1193,90,160,0,-2,90,158,40,100,364
14411,Nov 17 2007,European Championship qual in Lithuania,Lithuania,Ukraine,1496,1765,2,0,44,-44,1540,1721,70,50,7,-11,77,39,40,100,-169
14412,Nov 17 2007,European Championship qual in Macedonia,Macedonia,Croatia,1511,1916,2,0,51,-51,1562,1865,63,15,8,-2,71,13,40,100,-305
14413,Nov 17 2007,European Championship qual in Moldova,Moldova,Hungary,1463,1624,3,0,41,-41,1504,1583,73,65,9,-4,82,61,40,100,-61
14414,Nov 17 2007,European Championship qual in the Netherlands,Netherlands,Luxembourg,1983,1037,1,0,0,0,1983,1037,5,185,0,0,5,185,20,0,946
14415,Nov 17 2007,European Championship qual in Norway,Norway,Turkey,1791,1785,1,2,-26,26,1765,1811,35,13,-7,5,28,18,40,100,106
14416,Nov 17 2007,European Championship qual in Northern Ireland,Northern Ireland,Denmark,1552,1849,2,1,30,-30,1582,1819,56,18,7,-2,63,16,40,100,-197
14417,Nov 17 2007,World Cup qualifier in Paraguay,Paraguay,Ecuador,1786,1660,5,1,16,-16,1802,1644,18,57,2,-5,20,52,40,100,226
14418,Nov 17 2007,European Championship qual in Poland,Poland,Belgium,1765,1643,2,0,13,-13,1778,1630,22,59,3,-3,25,56,40,100,222
14419,Nov 17 2007,European Championship qual in Portugal,Portugal,Armenia,1891,1452,1,0,2,-2,1893,1450,10,99,1,-1,11,98,30,0,439
14420,Nov 17 2007,European Championship qual in Scotland,Scotland,Italy,1773,2020,1,2,-12,12,1761,2032,33,2,-3,1,30,3,40,100,-147
14421,Nov 17 2007,Friendly in France,Senegal,Mali,1665,1591,3,2,8,-8,1673,1583,40,61,2,0,42,61,20,0,74
14422,Nov 17 2007,Friendly tournament in South Africa,South Africa,United States,1471,1756,0,1,-8,8,1463,1764,93,26,-2,3,91,29,30,100,-185
14423,Nov 17 2007,European Championship qual in Spain,Spain,Sweden,1949,1811,3,0,14,-14,1963,1797,5,25,1,-4,6,21,40,100,238
14424,Nov 17 2007,Friendly in Tunisia,Tunisia,Namibia,1633,1283,2,0,2,-2,1635,1281,54,137,1,-1,55,136,20,100,450
14425,Nov 17 2007,WC q & Oce Cup in Vanuatu,Vanuatu,New Zealand,1248,1526,1,2,-13,13,1235,1539,149,79,-3,-1,146,78,50,100,-178
14426,Nov 17 2007,European Championship qual in Wales,Wales,Ireland,1607,1775,2,2,4,-4,1611,1771,56,26,1,0,57,26,20,0,-168
14427,Nov 18 2007,Friendly tournament in Ghana,Ghana,Togo,1756,1416,2,0,3,-3,1759,1413,32,106,0,-2,32,104,30,100,440
14428,Nov 18 2007,Friendly in Jamaica,Jamaica,El Salvador,1548,1383,3,0,6,-6,1554,1377,71,115,1,-2,72,113,20,100,265
14429,Nov 18 2007,Pan Arab Games in Egypt,Libya,Saudi Arabia,1417,1703,2,1,34,-34,1451,1669,93,48,4,-4,97,44,40,0,-286
14430,Nov 18 2007,World Cup qualifier in Peru,Peru,Brazil,1646,2088,1,1,15,-15,1661,2073,42,1,4,0,46,1,40,100,-342
14431,Nov 18 2007,Friendly tournament in Saint Kitts and Nevis,Saint Kitts and Nevis,Antigua and Barbuda,1230,1067,3,0,9,-9,1239,1058,142,181,3,-1,145,180,30,100,263
14432,Nov 18 2007,Friendly in Swaziland,Swaziland,Malawi,1188,1257,0,3,-19,19,1169,1276,174,133,-7,3,167,136,20,100,31
14433,Nov 18 2007,World Cup qualifier in Syria,Syria,Indonesia,1511,1288,7,0,12,-12,1523,1276,79,139,1,-3,80,136,40,100,323
14434,Nov 18 2007,World Cup qualifier in Tajikistan,Tajikistan,Singapore,1293,1351,1,1,-2,2,1291,1353,132,116,0,0,132,116,30,100,42
14435,Nov 18 2007,World Cup qualifier in Thailand,Thailand,Yemen,1399,1222,1,0,7,-7,1406,1215,106,153,0,0,106,153,40,100,277
14436,Nov 18 2007,World Cup qualifier in Turkmenistan,Turkmenistan,Hong Kong,1344,1216,3,0,15,-15,1359,1201,109,156,5,-1,114,155,40,100,228
14437,Nov 18 2007,World Cup qualifier in Uruguay,Uruguay,Chile,1808,1761,2,2,-8,8,1800,1769,21,26,-1,2,20,28,40,100,147
14438,Nov 20 2007,Friendly in France,Algeria,Mali,1391,1583,3,2,15,-15,1406,1568,104,75,2,-7,106,68,20,0,-192
14439,Nov 20 2007,World Cup qualifier in Colombia,Colombia,Argentina,1812,2039,2,1,27,-27,1839,2012,11,6,3,-2,14,4,40,100,-127
14440,Nov 20 2007,Friendly in France,Guinea,Angola,1603,1545,3,0,15,-15,1618,1530,56,84,1,-5,57,79,20,0,58
14441,Nov 20 2007,Friendly in South Africa,South Africa,Canada,1463,1645,2,0,18,-18,1481,1627,85,61,3,-5,88,56,20,100,-82
14442,Nov 20 2007,Friendly in Switzerland,Switzerland,Nigeria,1822,1738,0,1,-15,15,1807,1753,21,31,-3,2,18,33,20,100,184
14443,Nov 20 2007,World Cup qualifier in Venezuela,Venezuela,Bolivia,1654,1570,5,3,15,-15,1669,1555,39,74,5,-3,44,71,40,100,184
14444,Nov 21 2007,European Championship qual in Andorra,Andorra,Russia,1070,1787,0,1,-1,1,1069,1788,178,24,0,-1,178,23,20,100,-617
14445,Nov 21 2007,European Championship qual in Armenia,Armenia,Kazakhstan,1450,1349,0,1,-30,30,1420,1379,105,104,-3,7,102,111,40,100,201
14446,Nov 21 2007,Friendly in Austria,Austria,Tunisia,1600,1635,0,0,-2,2,1598,1637,59,54,0,0,59,54,20,100,65
14447,Nov 21 2007,European Championship qual in Azerbaijan,Azerbaijan,Belgium,1381,1630,0,1,-12,12,1369,1642,117,49,-3,3,114,52,40,100,-149
14448,Nov 21 2007,European Championship qual in Belarus,Belarus,Netherlands,1531,1983,2,1,35,-35,1566,1948,58,7,10,-1,68,6,40,100,-352
14449,Nov 21 2007,World Cup qualifier in Brazil,Brazil,Uruguay,2073,1800,2,1,4,-4,2077,1796,1,22,0,-1,1,21,40,100,373
14450,Nov 21 2007,World Cup qualifier in Chile,Chile,Paraguay,1769,1802,0,3,-42,42,1727,1844,50,9,-11,5,39,14,40,100,67
14451,Nov 21 2007,European Championship qual in Cyprus,Cyprus,Czechia,1542,1937,0,2,-9,9,1533,1946,81,5,-3,2,78,7,40,100,-295
14452,Nov 21 2007,European Championship qual in Denmark,Denmark,Iceland,1819,1409,3,0,4,-4,1823,1405,18,109,-1,-2,17,107,40,100,510
14453,Nov 21 2007,World Cup qualifier in Ecuador,Ecuador,Peru,1644,1661,5,1,29,-29,1673,1632,33,63,9,-8,42,55,40,100,83
14454,Nov 21 2007,Pan Arab Games in Egypt,Egypt,Libya,1683,1451,0,0,-15,15,1668,1466,52,85,-6,6,46,91,40,100,332
14455,Nov 21 2007,European Championship qual in England,England,Croatia,1938,1865,2,3,-29,29,1909,1894,12,9,-2,2,10,11,40,100,173
14456,Nov 21 2007,Friendly in Equatorial Guinea,Equatorial Guinea,Niger,1245,1267,1,1,-2,2,1243,1269,144,136,0,1,144,137,20,100,78
14457,Nov 21 2007,European Championship qual in Georgia,Georgia,Lithuania,1578,1540,0,2,-41,41,1537,1581,90,44,-13,16,77,60,40,100,138
14458,Nov 21 2007,European Championship qual in Germany,Germany,Wales,1960,1611,0,0,-17,17,1943,1628,9,54,-1,2,8,56,40,100,449
14459,Nov 21 2007,Friendly tournament in Ghana,Ghana,Benin,1759,1388,4,2,3,-3,1762,1385,28,110,2,0,30,110,20,0,371
14460,Nov 21 2007,European Championship qual in Hungary,Hungary,Greece,1583,1824,1,2,-12,12,1571,1836,65,17,-2,-1,63,16,40,100,-141
14461,Nov 21 2007,European Championship qual in Israel,Israel,Macedonia,1736,1562,1,0,7,-7,1743,1555,33,72,2,-1,35,71,40,100,274
14462,Nov 21 2007,European Championship qual in Italy,Italy,Faroe Islands,2032,1162,3,1,0,0,2032,1162,2,169,0,0,2,169,20,0,870
14463,Nov 21 2007,Friendly in Jamaica,Jamaica,Guatemala,1554,1516,2,0,9,-9,1563,1507,68,81,2,0,70,81,20,100,138
14464,Nov 21 2007,European Championship qual in Malta,Malta,Norway,1250,1765,1,4,-6,6,1244,1771,144,25,-1,2,143,27,40,100,-415
14465,Nov 21 2007,Friendly in France,Morocco,Senegal,1661,1673,3,0,18,-18,1679,1655,35,57,6,-8,41,49,20,0,-12
14466,Nov 21 2007,WC q & Oce Cup in New Caledonia,New Caledonia,Fiji,1287,1301,4,0,36,-36,1323,1265,119,146,7,-8,126,138,50,100,86
14467,Nov 21 2007,WC q & Oce Cup in New Zealand,New Zealand,Vanuatu,1539,1235,4,1,8,-8,1547,1227,71,149,3,-1,74,148,30,0,304
14468,Nov 21 2007,Friendly in Oman,Oman,Kenya,1574,1338,2,2,-7,7,1567,1345,69,120,-2,1,67,121,20,100,336
14469,Nov 21 2007,Friendly in Panama,Panama,Costa Rica,1571,1638,1,1,-1,1,1570,1639,62,53,2,0,64,53,20,100,33
14470,Nov 21 2007,European Championship qual in Portugal,Portugal,Finland,1893,1673,0,0,-15,15,1878,1688,15,39,-2,1,13,40,40,100,320
14471,Nov 21 2007,Friendly in Qatar,Qatar,Ivory Coast,1480,1743,1,6,-11,11,1469,1754,91,29,-1,3,90,32,20,100,-163
14472,Nov 21 2007,European Championship qual in Romania,Romania,Albania,1906,1492,6,1,4,-4,1910,1488,8,88,1,-1,9,87,40,100,514
14473,Nov 21 2007,European Championship qual in San Marino,San Marino,Slovakia,927,1652,0,5,-2,2,925,1654,196,50,0,0,196,50,30,100,-625
14474,Nov 21 2007,European Championship qual in Serbia,Serbia,Poland,1752,1778,2,2,-4,4,1748,1782,34,23,0,1,34,24,40,100,74
14475,Nov 21 2007,European Championship qual in Slovenia,Slovenia,Bulgaria,1563,1770,0,2,-21,21,1542,1791,81,17,-6,5,75,22,40,100,-107
14476,Nov 21 2007,European Championship qual in Spain,Spain,Northern Ireland,1963,1582,1,0,2,-2,1965,1580,4,60,1,1,5,61,20,0,381
14477,Nov 21 2007,European Championship qual in Sweden,Sweden,Latvia,1797,1473,2,1,3,-3,1800,1470,19,87,1,2,20,89,20,0,324
14478,Nov 21 2007,Friendly in Tanzania,Tanzania,Zambia,1334,1579,1,0,14,-14,1348,1565,113,75,6,-6,119,69,20,100,-145
14479,Nov 21 2007,Friendly tournament in Ghana,Togo,United Arab Emirates,1413,1480,5,0,36,-36,1449,1444,92,109,6,-10,98,99,30,0,-67
14480,Nov 21 2007,European Championship qual in Turkey,Turkey,Bosnia and Herzegovina,1811,1544,1,0,4,-4,1815,1540,19,78,-1,-2,18,76,20,0,267
14481,Nov 21 2007,European Championship qual in Ukraine,Ukraine,France,1721,2023,2,2,10,-10,1731,2013,35,3,2,0,37,3,40,100,-202
14482,Nov 21 2007,Friendly in Uzbekistan,Uzbekistan,Estonia,1585,1395,0,0,-7,7,1578,1402,64,108,-2,0,62,108,20,100,290
14483,Nov 22 2007,Friendly in Oman,Oman,Kenya,1567,1345,1,1,-7,7,1560,1352,73,115,-3,3,70,118,20,100,322
14484,Nov 24 2007,European Championship qual in Serbia,Serbia,Kazakhstan,1748,1379,1,0,3,-3,1751,1376,34,115,0,-2,34,113,30,0,369
14485,Nov 25 2007,Pan Arab Games in Egypt,Egypt,Saudi Arabia,1668,1669,2,1,14,-14,1682,1655,36,52,5,-4,41,48,40,100,99
14486,Nov 27 2007,Friendly in South Africa,South Africa,Lesotho,1481,1139,5,0,3,-3,1484,1136,88,173,0,-1,88,172,20,100,442
14487,Nov 30 2007,Friendly in Sudan,Sudan,Eritrea,1434,1184,1,0,2,-2,1436,1182,100,166,0,-2,100,164,20,100,350
14488,Dec 1 2007,Friendly tournament in Antigua and Barbuda,Antigua and Barbuda,Saint Kitts and Nevis,1058,1239,2,0,28,-28,1086,1211,172,163,4,-9,176,154,30,100,-81
14489,Dec 2 2007,Amilcar Cabral Cup in Guinea-Bissau,Guinea-Bissau,Sierra Leone,1225,1250,2,0,24,-24,1249,1226,136,154,6,-6,142,148,30,0,-25
14490,Dec 3 2007,Amilcar Cabral Cup in Guinea-Bissau,Cape Verde,Gambia,1300,1348,0,0,3,-3,1303,1345,129,122,1,-1,130,121,40,0,-48
14491,Dec 3 2007,Friendly in Sudan,Sudan,Eritrea,1436,1182,1,0,2,-2,1438,1180,100,166,0,-1,100,165,20,100,354
14492,Dec 7 2007,Amilcar Cabral Cup in Guinea-Bissau,Guinea-Bissau,Cape Verde,1249,1303,1,1,-3,3,1246,1306,142,130,0,0,142,130,40,100,46
14493,Dec 8 2007,CECAFA Cup in Tanzania,Tanzania,Kenya,1348,1352,2,1,15,-15,1363,1337,110,128,5,-5,115,123,30,0,-4
14494,Dec 9 2007,CECAFA Cup in Tanzania,Rwanda,Eritrea,1308,1180,2,1,13,-13,1321,1167,125,169,2,-2,127,167,40,0,128
14495,Dec 9 2007,CECAFA Cup in Tanzania,Sudan,Zanzibar,1438,1225,2,2,-11,11,1427,1236,102,143,-1,3,101,146,30,100,313
14496,Dec 9 2007,CECAFA Cup in Tanzania,Uganda,Djibouti,1415,825,7,0,3,-3,1418,822,103,205,0,0,103,205,40,0,590
14497,Dec 10 2007,CECAFA Cup in Tanzania,Burundi,Somalia,1262,931,3,0,9,-9,1271,922,135,198,2,-2,137,196,40,0,331
14498,Dec 11 2007,CECAFA Cup in Tanzania,Eritrea,Djibouti,1167,822,3,2,5,-5,1172,817,165,205,1,0,166,205,40,0,345
14499,Dec 11 2007,Friendly in Oman,Oman,Jordan,1560,1494,0,3,-25,25,1535,1519,84,77,-7,4,77,81,20,100,166
14500,Dec 11 2007,CECAFA Cup in Tanzania,Uganda,Rwanda,1418,1321,2,0,22,-22,1440,1299,97,135,3,-4,100,131,40,0,97
14501,Dec 12 2007,CECAFA Cup in Tanzania,Burundi,Kenya,1271,1337,1,0,24,-24,1295,1313,127,131,5,-4,132,127,40,0,-66
14502,Dec 12 2007,CECAFA Cup in Tanzania,Tanzania,Somalia,1363,922,1,0,2,-2,1365,920,115,196,0,0,115,196,30,0,441
14503,Dec 13 2007,CECAFA Cup in Tanzania,Rwanda,Djibouti,1299,817,9,0,6,-6,1305,811,129,205,1,0,130,205,40,0,482
14504,Dec 13 2007,CECAFA Cup in Tanzania,Zanzibar,Ethiopia,1236,1352,3,1,40,-40,1276,1312,126,135,10,-8,136,127,40,0,-116
14505,Dec 14 2007,Friendly in Bermuda,Bermuda,Saint Kitts and Nevis,1137,1211,1,2,-11,11,1126,1222,173,150,-1,2,172,152,20,100,26
14506,Dec 14 2007,CECAFA Cup in Tanzania,Eritrea,Uganda,1172,1440,3,2,33,-33,1205,1407,144,108,11,-4,155,104,40,0,-268
14507,Dec 14 2007,CECAFA Cup in Tanzania,Kenya,Somalia,1313,920,2,0,6,-6,1319,914,126,198,0,-1,126,197,40,0,393
14508,Dec 15 2007,CECAFA Cup in Tanzania,Ethiopia,Sudan,1312,1427,0,0,6,-6,1318,1421,127,101,0,0,127,101,40,0,-115
14509,Dec 15 2007,CECAFA Cup in Tanzania,Tanzania,Burundi,1365,1295,0,0,-9,9,1356,1304,119,130,-2,1,117,131,40,100,170
14510,Dec 16 2007,Friendly in Bermuda,Bermuda,Saint Kitts and Nevis,1126,1222,4,2,15,-15,1141,1207,170,156,1,-2,171,154,20,100,4
14511,Dec 16 2007,Friendly in Oman,Oman,Tajikistan,1535,1291,4,2,4,-4,1539,1287,75,133,1,0,76,133,20,100,344
14512,Dec 17 2007,CECAFA Cup in Tanzania,Burundi,Eritrea,1304,1205,2,1,14,-14,1318,1191,123,163,4,-4,127,159,40,0,99
14513,Dec 17 2007,CECAFA Cup in Tanzania,Tanzania,Sudan,1356,1421,1,2,-22,22,1334,1443,129,99,-6,1,123,100,40,100,35
14514,Dec 18 2007,CECAFA Cup in Tanzania,Kenya,Uganda,1319,1407,1,1,5,-5,1324,1402,122,110,2,-3,124,107,40,0,-88
14515,Dec 18 2007,CECAFA Cup in Tanzania,Rwanda,Zanzibar,1305,1276,0,0,-2,2,1303,1278,131,136,0,0,131,136,40,0,29
14516,Dec 19 2007,CECAFA Cup in Tanzania,Sudan,Burundi,1443,1318,2,1,13,-13,1456,1305,88,133,6,-3,94,130,40,0,125
14517,Dec 20 2007,CECAFA Cup in Tanzania,Rwanda,Uganda,1303,1402,1,0,26,-26,1329,1376,117,117,7,-5,124,112,40,0,-99
14518,Dec 22 2007,CECAFA Cup in Tanzania,Rwanda,Sudan,1329,1456,2,2,7,-7,1336,1449,122,102,1,-4,123,98,40,0,-127
14519,Dec 22 2007,King's Cup in Thailand,Thailand,Uzbekistan,1406,1578,3,2,18,-18,1424,1560,100,76,2,-7,102,69,30,100,-72
14520,Dec 22 2007,CECAFA Cup in Tanzania,Uganda,Burundi,1376,1305,2,0,24,-24,1400,1281,104,137,4,-3,108,134,40,0,71
14521,Dec 23 2007,Friendly in The Gambia,Gambia,Sierra Leone,1345,1226,2,1,4,-4,1349,1222,118,153,0,-2,118,151,20,100,219
14522,Dec 24 2007,King's Cup in Thailand,North Korea,Uzbekistan,1489,1560,2,2,3,-3,1492,1557,86,69,0,0,86,69,30,0,-71
14523,Dec 26 2007,King's Cup in Thailand,Thailand,North Korea,1424,1492,1,0,14,-14,1438,1478,100,90,1,-2,101,88,30,100,32
14524,Jan 2 2008,Friendly in Kuwait,Kuwait,Lebanon,1461,1337,3,2,4,-4,1465,1333,92,127,0,-3,92,124,20,100,224
14525,Jan 5 2008,Friendly in Egypt,Egypt,Namibia,1682,1281,3,0,2,-2,1684,1279,41,136,0,-1,41,135,20,100,501
14526,Jan 6 2008,Friendly in Tunisia,Tunisia,Zambia,1637,1565,1,2,-15,15,1622,1580,60,55,-3,6,57,61,20,100,172
14527,Jan 8 2008,Friendly in Tunisia,Tunisia,Zambia,1622,1580,1,0,6,-6,1628,1574,53,63,2,-1,55,62,20,100,142
14528,Jan 9 2008,Friendly in Spain,Nigeria,Sudan,1753,1449,2,0,4,-4,1757,1445,31,100,1,-1,32,99,20,0,304
14529,Jan 10 2008,Friendly in the United Arab Emirates,Egypt,Mali,1684,1568,1,0,7,-7,1691,1561,39,70,1,-2,40,68,20,0,116
14530,Jan 10 2008,Friendly in Qatar,Qatar,Iran,1469,1779,0,0,5,-5,1474,1774,88,26,1,0,89,26,20,100,-210
14531,Jan 10 2008,Friendly tournament in the United Arab Emirates,United Arab Emirates,China,1444,1570,0,0,1,-1,1445,1569,98,66,1,-1,99,65,20,100,-26
14532,Jan 11 2008,Friendly in Spain,Guinea,Sudan,1618,1445,6,0,11,-11,1629,1434,52,103,3,-2,55,101,20,0,173
14533,Jan 12 2008,Friendly in Kuwait,Kuwait,Ivory Coast,1465,1754,0,2,-8,8,1457,1762,92,27,0,3,92,30,20,100,-189
14534,Jan 12 2008,Friendly in Morocco,Morocco,Zambia,1679,1574,2,0,7,-7,1686,1567,42,68,0,-3,42,65,20,100,205
14535,Jan 12 2008,Friendly in Senegal,Senegal,Namibia,1655,1279,3,1,2,-2,1657,1277,48,137,0,-1,48,136,20,100,476
14536,Jan 13 2008,Friendly in Portugal,Angola,Egypt,1530,1691,3,3,4,-4,1534,1687,77,42,1,-1,78,41,20,0,-161
14537,Jan 13 2008,Friendly in Barbados,Barbados,Antigua and Barbuda,1303,1086,3,2,3,-3,1306,1083,129,176,1,0,130,176,20,100,317
14538,Jan 13 2008,Friendly in Costa Rica,Costa Rica,Sweden,1639,1800,0,1,-8,8,1631,1808,55,18,-1,1,54,19,20,100,-61
14539,Jan 13 2008,Friendly in Guyana,Guyana,St Vincent & Grenadines,1343,1337,1,0,7,-7,1350,1330,117,127,1,-3,118,124,20,100,106
14540,Jan 13 2008,Friendly in South Africa,South Africa,Mozambique,1484,1357,2,0,6,-6,1490,1351,85,118,1,-1,86,117,20,100,227
14541,Jan 13 2008,Friendly in Syria,Syria,Qatar,1523,1474,0,0,-4,4,1519,1478,80,87,0,1,80,88,20,100,149
14542,Jan 16 2008,Friendly in Bahrain,Bahrain,Kuwait,1451,1457,1,0,7,-7,1458,1450,87,102,5,-5,92,97,20,100,94
14543,Jan 16 2008,Friendly in Bermuda,Bermuda,Puerto Rico,1141,881,0,2,-27,27,1114,908,177,195,-3,3,174,198,20,100,360
14544,Jan 16 2008,Friendly in Morocco,Morocco,Angola,1686,1534,2,1,4,-4,1690,1530,38,80,2,-1,40,79,20,100,252
14545,Jan 16 2008,Friendly in Burkina Faso,Senegal,Benin,1657,1385,2,1,3,-3,1660,1382,46,110,1,0,47,110,20,0,272
14546,Jan 16 2008,Friendly in South Africa,South Africa,Botswana,1490,1321,2,1,4,-4,1494,1317,86,129,0,-1,86,128,20,100,269
14547,Jan 18 2008,Friendly in Bermuda,Bermuda,Puerto Rico,1114,908,0,1,-17,17,1097,925,176,192,-1,3,175,195,20,100,306
14548,Jan 18 2008,Friendly in Dominica,Dominica,Guadeloupe,996,1454,0,3,-4,4,992,1458,187,89,0,3,187,92,20,100,-358
14549,Jan 19 2008,Friendly in the United States,United States,Sweden,1764,1808,2,0,13,-13,1777,1795,23,23,3,-2,26,21,20,100,56
14550,Jan 20 2008,Friendly in China,China,Lebanon,1569,1333,0,0,-7,7,1562,1340,70,115,-3,4,67,119,20,100,336
14551,Jan 20 2008,African Nations Cup in Ghana,Ghana,Guinea,1762,1629,2,1,10,-10,1772,1619,26,61,2,-3,28,58,30,0,133
14552,Jan 20 2008,Friendly in Guyana,Guyana,Grenada,1350,1185,1,2,-16,16,1334,1201,126,148,-4,7,122,155,20,100,265
14553,Jan 21 2008,African Nations Cup in Ghana,Ivory Coast,Nigeria,1762,1757,1,0,25,-25,1787,1732,17,39,7,-3,24,36,50,0,5
14554,Jan 21 2008,African Nations Cup in Ghana,Mali,Benin,1561,1382,1,0,13,-13,1574,1369,56,116,6,-3,62,113,50,0,179
14555,Jan 21 2008,African Nations Cup in Ghana,Morocco,Namibia,1690,1277,5,1,8,-8,1698,1269,40,140,0,-2,40,138,50,0,413
14556,Jan 22 2008,Friendly in Belize,Belize,El Salvador,1050,1377,0,1,-4,4,1046,1381,184,109,-1,1,183,110,20,100,-227
14557,Jan 22 2008,African Nations Cup in Ghana,Egypt,Cameroon,1687,1737,4,2,43,-43,1730,1694,34,47,4,-6,38,41,50,0,-50
14558,Jan 22 2008,African Nations Cup in Ghana,Zambia,Sudan,1567,1434,3,0,28,-28,1595,1406,55,107,5,-3,60,104,50,0,133
14559,Jan 23 2008,African Nations Cup in Ghana,Angola,South Africa,1530,1494,1,1,-3,3,1527,1497,81,86,-1,0,80,86,50,0,36
14560,Jan 23 2008,Friendly in Bahrain,Bahrain,Syria,1458,1519,1,2,-11,11,1447,1530,104,78,-6,1,98,79,20,100,39
14561,Jan 23 2008,African Nations Cup in Ghana,Senegal,Tunisia,1660,1628,2,2,-2,2,1658,1630,49,55,-1,0,48,55,40,0,32
14562,Jan 24 2008,African Nations Cup in Ghana,Ghana,Namibia,1772,1269,1,0,2,-2,1774,1267,27,140,1,-1,28,139,30,0,503
14563,Jan 24 2008,African Nations Cup in Ghana,Guinea,Morocco,1619,1698,3,2,31,-31,1650,1667,44,50,7,-5,51,45,50,0,-79
14564,Jan 24 2008,Friendly in the United Arab Emirates,Iraq,Jordan,1643,1519,1,1,-3,3,1640,1522,55,81,-2,0,53,81,20,0,124
14565,Jan 24 2008,Friendly in Oman,Singapore,Kuwait,1353,1450,2,0,19,-19,1372,1431,110,104,3,-4,113,100,20,0,-97
14566,Jan 25 2008,African Nations Cup in Ghana,Ivory Coast,Benin,1787,1369,4,1,7,-7,1794,1362,20,116,2,-1,22,115,50,0,418
14567,Jan 25 2008,African Nations Cup in Ghana,Mali,Nigeria,1574,1732,0,0,11,-11,1585,1721,59,43,2,-4,61,39,50,0,-158
14568,Jan 26 2008,Friendly in Bahrain,Bahrain,Yemen,1447,1215,2,1,3,-3,1450,1212,95,152,1,0,96,152,20,100,332
14569,Jan 26 2008,African Nations Cup in Ghana,Cameroon,Zambia,1694,1595,5,1,34,-34,1728,1561,38,76,1,-8,39,68,50,0,99
14570,Jan 26 2008,African Nations Cup in Ghana,Egypt,Sudan,1730,1406,3,0,12,-12,1742,1394,33,112,2,-4,35,108,50,0,324
14571,Jan 26 2008,Friendly in Haiti,Haiti,El Salvador,1549,1381,0,0,-6,6,1543,1387,74,110,-1,0,73,110,20,100,268
14572,Jan 26 2008,Friendly in Japan,Japan,Chile,1781,1727,0,0,-4,4,1777,1731,26,34,0,2,26,36,20,100,154
14573,Jan 26 2008,Friendly in Puerto Rico,Puerto Rico,Trinidad and Tobago,925,1502,2,2,9,-9,934,1493,193,88,1,-2,194,86,20,0,-577
14574,Jan 27 2008,African Nations Cup in Ghana,Angola,Senegal,1527,1658,3,1,51,-51,1578,1607,46,68,17,-10,63,58,50,0,-131
14575,Jan 27 2008,Friendly in China,China,Syria,1562,1530,2,1,6,-6,1568,1524,65,81,1,-1,66,80,20,100,132
14576,Jan 27 2008,Friendly in Oman,Oman,Singapore,1539,1372,2,0,5,-5,1544,1367,72,115,2,-1,74,114,20,100,267
14577,Jan 27 2008,Friendly in St Vincent & Grenadines,St Vincent & Grenadines,Guyana,1330,1334,2,2,-3,3,1327,1337,124,120,0,1,124,121,20,100,96
14578,Jan 27 2008,African Nations Cup in Ghana,Tunisia,South Africa,1630,1497,3,1,24,-24,1654,1473,42,93,7,-4,49,89,50,0,133
14579,Jan 28 2008,African Nations Cup in Ghana,Ghana,Morocco,1774,1667,2,0,17,-17,1791,1650,18,55,5,-5,23,50,50,100,207
14580,Jan 28 2008,African Nations Cup in Ghana,Guinea,Namibia,1650,1267,1,1,-20,20,1630,1287,59,125,-4,7,55,132,50,0,383
14581,Jan 28 2008,Friendly in Jordan,Jordan,Lebanon,1522,1340,4,1,6,-6,1528,1334,79,125,1,-3,80,122,20,100,282
14582,Jan 29 2008,Friendly in Haiti,Haiti,El Salvador,1543,1387,0,0,-6,6,1537,1393,79,108,-2,1,77,109,20,100,256
14583,Jan 29 2008,African Nations Cup in Ghana,Ivory Coast,Mali,1794,1585,3,0,20,-20,1814,1565,16,74,3,-7,19,67,50,0,209
14584,Jan 29 2008,African Nations Cup in Ghana,Nigeria,Benin,1721,1362,2,0,8,-8,1729,1354,38,117,1,-1,39,116,50,0,359
14585,Jan 29 2008,Friendly in Trinidad and Tobago,Trinidad and Tobago,Guyana,1493,1337,2,1,4,-4,1497,1333,85,126,0,-3,85,123,20,100,256
14586,Jan 30 2008,African Nations Cup in Ghana,Cameroon,Sudan,1728,1394,3,0,11,-11,1739,1383,32,112,4,-2,36,110,50,0,334
14587,Jan 30 2008,African Nations Cup in Ghana,Egypt,Zambia,1742,1561,1,1,-12,12,1730,1573,43,57,-4,6,39,63,50,0,181
14588,Jan 30 2008,Friendly in Iran,Iran,Costa Rica,1774,1631,0,0,-6,6,1768,1637,33,52,-2,1,31,53,20,100,243
14589,Jan 30 2008,Friendly in Japan,Japan,Bosnia and Herzegovina,1777,1540,3,0,4,-4,1781,1536,27,80,0,-2,27,78,20,100,337
14590,Jan 30 2008,Friendly in Martinique,Martinique,Canada,1378,1627,0,1,-6,6,1372,1633,113,51,-1,3,112,54,20,100,-149
14591,Jan 30 2008,Friendly in Oman,Oman,Kuwait,1544,1431,1,1,-5,5,1539,1436,76,100,-1,0,75,100,20,100,213
14592,Jan 30 2008,Friendly in Saudi Arabia,Saudi Arabia,Luxembourg,1655,1037,2,1,0,0,1655,1037,45,185,1,0,46,185,20,100,718
14593,Jan 30 2008,Friendly in South Korea,South Korea,Chile,1660,1731,0,1,-11,11,1649,1742,54,34,-4,1,50,35,20,100,29
14594,Jan 31 2008,African Nations Cup in Ghana,Angola,Tunisia,1578,1654,0,0,5,-5,1583,1649,58,51,2,-2,60,49,50,0,-76
14595,Jan 31 2008,Friendly in Jordan,Jordan,Singapore,1528,1367,2,1,4,-4,1532,1363,80,114,0,0,80,114,20,100,261
14596,Jan 31 2008,African Nations Cup in Ghana,Senegal,South Africa,1607,1473,1,1,-9,9,1598,1482,58,85,0,2,58,87,30,100,234
14597,Jan 31 2008,Friendly in the United Arab Emirates,United Arab Emirates,Iraq,1445,1640,0,1,-7,7,1438,1647,98,50,0,1,98,51,20,100,-95
14598,Feb 2 2008,Friendly tournament in Malta,Belarus,Iceland,1566,1405,2,0,13,-13,1579,1392,59,111,4,-3,63,108,30,0,161
14599,Feb 2 2008,Friendly tournament in Malta,Malta,Armenia,1244,1420,0,1,-12,12,1232,1432,150,100,-3,1,147,101,30,100,-76
14600,Feb 3 2008,Friendly in Turkey,Azerbaijan,Kazakhstan,1369,1376,0,0,0,0,1369,1376,113,111,0,0,113,111,20,0,-7
14601,Feb 3 2008,World Cup qualifier in Bermuda,Bermuda,Cayman Islands,1097,981,1,1,-11,11,1086,992,175,185,0,2,175,187,40,100,216
14602,Feb 3 2008,African Nations Cup in Ghana,Ghana,Nigeria,1791,1729,2,1,14,-14,1805,1715,19,40,2,0,21,40,50,100,162
14603,Feb 3 2008,African Nations Cup in Ghana,Ivory Coast,Guinea,1814,1630,5,0,26,-26,1840,1604,11,58,4,-1,15,57,50,0,184
14604,Feb 3 2008,Friendly in Venezuela,Venezuela,Haiti,1669,1537,1,0,4,-4,1673,1533,40,80,2,-2,42,78,20,100,232
14605,Feb 4 2008,Friendly tournament in Malta,Armenia,Belarus,1432,1579,2,1,21,-21,1453,1558,91,75,5,-6,96,69,30,0,-147
14606,Feb 4 2008,African Nations Cup in Ghana,Cameroon,Tunisia,1739,1649,3,2,19,-19,1758,1630,30,61,3,-6,33,55,50,0,90
14607,Feb 4 2008,African Nations Cup in Ghana,Egypt,Angola,1730,1583,2,1,15,-15,1745,1568,31,70,4,-5,35,65,50,0,147
14608,Feb 4 2008,Friendly tournament in Malta,Malta,Iceland,1232,1392,1,0,18,-18,1250,1374,139,114,4,-3,143,111,30,100,-60
14609,Feb 6 2008,World Cup qualifier in Aruba,Aruba,Antigua and Barbuda,936,1083,0,3,-30,30,906,1113,205,172,-6,2,199,174,40,100,-47
14610,Feb 6 2008,World Cup qualifier in Australia,Australia,Qatar,1731,1478,3,0,8,-8,1739,1470,38,94,0,-3,38,91,40,100,353
14611,Feb 6 2008,Friendly in Austria,Austria,Germany,1598,1943,0,3,-7,7,1591,1950,60,6,-1,1,59,7,20,100,-245
14612,Feb 6 2008,World Cup qualifier in Guatemala,Belize,Saint Kitts and Nevis,1046,1207,3,1,43,-43,1089,1164,169,180,7,-13,176,167,40,0,-161
14613,Feb 6 2008,Friendly in Bolivia,Bolivia,Peru,1555,1632,2,1,9,-9,1564,1623,69,58,1,-2,70,56,20,100,23
14614,Feb 6 2008,Friendly in Burundi,Burundi,Rwanda,1281,1336,0,0,-1,1,1280,1337,135,120,0,0,135,120,20,100,45
14615,Feb 6 2008,World Cup qualifier in the United Arab Emirates,China,Iraq,1568,1647,1,1,4,-4,1572,1643,63,52,1,-1,64,51,40,0,-79
14616,Feb 6 2008,Friendly in Croatia,Croatia,Netherlands,1894,1948,0,3,-20,20,1874,1968,13,6,-1,0,12,6,20,100,46
14617,Feb 6 2008,Friendly in Cyprus,Cyprus,Ukraine,1533,1731,1,1,3,-3,1536,1728,76,40,1,-1,77,39,20,100,-98
14618,Feb 6 2008,World Cup qualifier in Dominica,Dominica,Barbados,992,1306,1,1,11,-11,1003,1295,185,132,1,-1,186,131,30,0,-314
14619,Feb 6 2008,World Cup qualifier in El Salvador,El Salvador,Anguilla,1393,550,12,0,1,-1,1394,549,109,228,-1,0,108,228,30,0,843
14620,Feb 6 2008,Friendly in England,England,Switzerland,1909,1807,2,1,5,-5,1914,1802,6,24,2,-2,8,22,20,100,202
14621,Feb 6 2008,Friendly in Georgia,Georgia,Latvia,1537,1470,1,3,-22,22,1515,1492,82,84,-3,3,79,87,20,100,167
14622,Feb 6 2008,Friendly tournament in Cyprus,Greece,Finland,1836,1688,2,1,9,-9,1845,1679,11,43,3,-1,14,42,30,0,148
14623,Feb 6 2008,Friendly in Honduras,Honduras,Paraguay,1665,1844,2,0,18,-18,1683,1826,37,22,4,-4,41,18,20,100,-79
14624,Feb 6 2008,Friendly in Cyprus,Hungary,Slovakia,1571,1654,1,1,2,-2,1573,1652,59,49,2,-1,61,48,20,0,-83
14625,Feb 6 2008,Friendly tournament in Malta,Iceland,Armenia,1374,1453,2,0,28,-28,1402,1425,99,106,6,-5,105,101,30,0,-79
14626,Feb 6 2008,World Cup qualifier in Iran,Iran,Syria,1768,1524,0,0,-15,15,1753,1539,35,67,-2,7,33,74,40,100,344
14627,Feb 6 2008,Friendly in Ireland,Ireland,Brazil,1771,2077,0,1,-5,5,1766,2082,29,1,0,0,29,1,20,100,-206
14628,Feb 6 2008,Friendly in Israel,Israel,Romania,1743,1910,1,0,12,-12,1755,1898,28,11,4,-1,32,10,20,100,-67
14629,Feb 6 2008,Friendly in Switzerland,Italy,Portugal,2032,1878,3,1,9,-9,2041,1869,2,13,0,0,2,13,20,0,154
14630,Feb 6 2008,Friendly in Jamaica,Jamaica,Costa Rica,1563,1637,1,1,-1,1,1562,1638,74,54,-3,-1,71,53,20,100,26
14631,Feb 6 2008,World Cup qualifier in Japan,Japan,Thailand,1781,1438,4,1,5,-5,1786,1433,27,99,0,0,27,99,40,100,443
14632,Feb 6 2008,World Cup qualifier in Jordan,Jordan,North Korea,1532,1478,0,1,-28,28,1504,1506,88,78,-4,5,84,83,40,100,154
14633,Feb 6 2008,World Cup qualifier in Lebanon,Lebanon,Uzbekistan,1334,1557,0,1,-13,13,1321,1570,131,60,-5,5,126,65,40,100,-123
14634,Feb 6 2008,Friendly in Macedonia,Macedonia,Serbia,1555,1751,1,1,3,-3,1558,1748,73,36,-1,-1,72,35,20,100,-96
14635,Feb 6 2008,Friendly tournament in Malta,Malta,Belarus,1250,1558,0,1,-7,7,1243,1565,145,67,-1,1,144,68,30,100,-208
14636,Feb 6 2008,Friendly in Turkey,Moldova,Kazakhstan,1504,1376,1,0,6,-6,1510,1370,77,114,3,-2,80,112,20,0,128
14637,Feb 6 2008,World Cup qualifier in Nicaragua,Nicaragua,Netherlands Antilles,1055,1115,0,1,-22,22,1033,1137,189,169,-4,2,185,171,40,100,40
14638,Feb 6 2008,Friendly in Northern Ireland,Northern Ireland,Bulgaria,1580,1791,0,1,-7,7,1573,1798,61,22,0,1,61,23,20,100,-111
14639,Feb 6 2008,World Cup qualifier in Oman,Oman,Bahrain,1539,1450,0,1,-30,30,1509,1480,87,83,-6,7,81,90,40,100,189
14640,Feb 6 2008,Friendly tournament in Cyprus,Poland,Czechia,1782,1946,2,0,32,-32,1814,1914,12,9,7,-1,19,8,30,0,-164
14641,Feb 6 2008,World Cup qualifier in Saudi Arabia,Saudi Arabia,Singapore,1655,1363,2,0,6,-6,1661,1357,46,114,0,0,46,114,40,100,392
14642,Feb 6 2008,Friendly in Slovenia,Slovenia,Denmark,1542,1823,1,2,-5,5,1537,1828,78,16,-2,1,76,17,20,100,-181
14643,Feb 6 2008,World Cup qualifier in South Korea,South Korea,Turkmenistan,1649,1359,4,0,7,-7,1656,1352,45,117,2,-1,47,116,40,100,390
14644,Feb 6 2008,Friendly in Spain,Spain,France,1965,2013,1,0,9,-9,1974,2004,5,5,0,-1,5,4,20,100,52
14645,Feb 6 2008,Friendly in Trinidad and Tobago,Trinidad and Tobago,Guadeloupe,1497,1458,0,0,-4,4,1493,1462,87,94,-1,-1,86,93,20,100,139
14646,Feb 6 2008,Friendly in Turkey,Turkey,Sweden,1815,1795,0,0,-3,3,1812,1798,21,23,-1,0,20,23,20,100,120
14647,Feb 6 2008,World Cup qualifier in Turks and Caicos Islands,Turks and Caicos Islands,Saint Lucia,797,1186,2,1,34,-34,831,1152,201,176,4,-7,205,169,40,100,-289
14648,Feb 6 2008,World Cup qualifier in the United Arab Emirates,United Arab Emirates,Kuwait,1438,1436,2,0,21,-21,1459,1415,89,103,5,-1,94,102,40,100,102
14649,Feb 6 2008,Friendly in Uruguay,Uruguay,Colombia,1796,1839,2,2,-2,2,1794,1841,28,14,-3,1,25,15,20,100,57
14650,Feb 6 2008,Friendly in the United States,United States,Mexico,1777,1883,2,2,0,0,1777,1883,28,10,0,1,28,11,20,100,-6
14651,Feb 6 2008,Friendly in Venezuela,Venezuela,Haiti,1673,1533,1,1,-6,6,1667,1539,48,70,-3,4,45,74,20,100,240
14652,Feb 6 2008,Friendly in Wales,Wales,Norway,1628,1771,3,0,20,-20,1648,1751,44,39,6,-5,50,34,20,100,-43
14653,Feb 7 2008,African Nations Cup in Ghana,Egypt,Ivory Coast,1745,1840,4,1,55,-55,1800,1785,6,40,15,-12,21,28,50,0,-95
14654,Feb 7 2008,African Nations Cup in Ghana,Ghana,Cameroon,1805,1758,0,1,-35,35,1770,1793,39,19,-9,6,30,25,50,100,147
14655,Feb 9 2008,African Nations Cup in Ghana,Ghana,Ivory Coast,1770,1785,4,2,29,-29,1799,1756,14,36,8,-4,22,32,50,100,85
14656,Feb 9 2008,Friendly tournament in Swaziland,Mozambique,Lesotho,1351,1136,1,0,7,-7,1358,1129,111,172,3,0,114,172,30,0,215
14657,Feb 9 2008,Friendly tournament in Swaziland,Swaziland,Botswana,1169,1317,1,4,-23,23,1146,1340,175,110,-5,9,170,119,30,100,-48
14658,Feb 10 2008,Friendly tournament in Swaziland,Botswana,Mozambique,1340,1358,1,0,16,-16,1356,1342,111,124,4,-5,115,119,30,0,-18
14659,Feb 10 2008,African Nations Cup in Ghana,Egypt,Cameroon,1800,1793,1,0,24,-24,1824,1769,15,32,3,-3,18,29,50,0,7
14660,Feb 10 2008,Friendly in St Vincent & Grenadines,St Vincent & Grenadines,Grenada,1327,1201,1,2,-16,16,1311,1217,132,150,-4,2,128,152,20,100,226
14661,Feb 10 2008,Friendly tournament in Swaziland,Swaziland,Lesotho,1146,1129,2,2,-5,5,1141,1134,170,172,0,0,170,172,30,100,117
14662,Feb 17 2008,East Asian Championship in China,China,South Korea,1572,1656,2,3,-21,21,1551,1677,80,39,-8,4,72,43,40,100,16
14663,Feb 17 2008,East Asian Championship in China,Japan,North Korea,1786,1506,1,1,-13,13,1773,1519,29,75,-1,4,28,79,40,0,280
14664,Feb 20 2008,East Asian Championship in China,China,Japan,1551,1773,0,1,-13,13,1538,1786,78,26,-3,1,75,27,40,100,-122
14665,Feb 20 2008,East Asian Championship in China,North Korea,South Korea,1519,1677,1,1,9,-9,1528,1668,79,47,0,-2,79,45,40,0,-158
14666,Feb 22 2008,Friendly in Guyana,Guyana,Cuba,1333,1499,2,1,12,-12,1345,1487,115,91,4,-3,119,88,20,100,-66
14667,Feb 23 2008,East Asian Championship in China,China,North Korea,1538,1528,3,1,21,-21,1559,1507,67,85,4,-3,71,82,40,100,110
14668,Feb 23 2008,East Asian Championship in China,Japan,South Korea,1786,1668,1,1,-7,7,1779,1675,27,41,0,2,27,43,40,0,118
14669,Feb 24 2008,Friendly in Guyana,Guyana,Cuba,1345,1487,0,0,1,-1,1346,1486,119,88,0,0,119,88,20,100,-42
14670,Feb 27 2008,Friendly in the Dominican Republic,Dominican Republic,Haiti,1073,1539,1,2,-2,2,1071,1541,179,74,0,0,179,74,20,100,-366
14671,Feb 27 2008,Friendly in Poland,Poland,Estonia,1814,1402,2,0,1,-1,1815,1401,19,107,0,-1,19,106,20,100,512
14672,Feb 28 2008,Friendly in the Dominican Republic,Dominican Republic,Haiti,1071,1541,0,2,-3,3,1068,1544,181,74,-1,0,180,74,20,100,-370
14673,Feb 29 2008,Friendly in Guadeloupe,Guadeloupe,St Vincent & Grenadines,1462,1311,1,2,-16,16,1446,1327,103,120,-5,4,98,124,20,100,251
14674,Mar 4 2008,Friendly in Qatar,Qatar,Bahrain,1470,1480,1,2,-13,13,1457,1493,95,80,-2,5,93,85,20,100,90
14675,Mar 9 2008,Friendly tournament in Mauritius,Mauritius,Madagascar,1184,1224,1,2,-18,18,1166,1242,167,142,-3,4,164,146,30,100,60
14676,Mar 11 2008,Friendly in South Africa,South Africa,Zimbabwe,1482,1457,2,1,7,-7,1489,1450,86,99,2,-3,88,96,20,100,125
14677,Mar 13 2008,Friendly in St Vincent & Grenadines,St Vincent & Grenadines,Barbados,1327,1295,0,2,-20,20,1307,1315,136,125,-6,3,130,128,20,100,132
14678,Mar 14 2008,Friendly in the British Virgin Islands,British Virgin Islands,US Virgin Islands,918,659,0,0,-8,8,910,667,198,219,-1,0,197,219,20,100,359
14679,Mar 15 2008,Friendly in the British Virgin Islands,British Virgin Islands,US Virgin Islands,910,667,1,1,-8,8,902,675,201,219,-2,0,199,219,20,100,343
14680,Mar 15 2008,Friendly in China,China,Thailand,1559,1433,3,3,-6,6,1553,1439,73,99,-1,0,72,99,20,100,226
14681,Mar 15 2008,Friendly in Grenada,Grenada,Barbados,1217,1315,1,1,0,0,1217,1315,152,128,0,0,152,128,20,100,2
14682,Mar 16 2008,Friendly in Iceland,Iceland,Faroe Islands,1402,1162,3,0,4,-4,1406,1158,103,167,1,0,104,167,20,100,340
14683,Mar 16 2008,Friendly in Qatar,Qatar,Jordan,1457,1504,2,1,8,-8,1465,1496,91,84,1,0,92,84,20,100,53
14684,Mar 19 2008,Friendly in Oman,Oman,United Arab Emirates,1509,1459,1,1,-4,4,1505,1463,85,93,-2,0,83,93,20,100,150
14685,Mar 19 2008,Friendly in Trinidad and Tobago,Trinidad and Tobago,El Salvador,1493,1394,1,0,5,-5,1498,1389,83,108,1,0,84,108,20,100,199
14686,Mar 21 2008,Friendly in Bahrain,Bahrain,Iran,1493,1753,1,0,14,-14,1507,1739,76,40,5,-3,81,37,20,100,-160
14687,Mar 21 2008,Friendly in Kuwait,Kuwait,Iraq,1415,1643,0,0,4,-4,1419,1639,102,53,0,-1,102,52,20,100,-128
14688,Mar 22 2008,Friendly in Singapore,Singapore,Australia,1357,1739,0,0,7,-7,1364,1732,114,39,0,-1,114,38,20,100,-282
14689,Mar 22 2008,Friendly in Uzbekistan,Uzbekistan,Jordan,1570,1496,4,1,9,-9,1579,1487,58,92,3,-3,61,89,20,100,174
14690,Mar 23 2008,Friendly in Venezuela,Venezuela,El Salvador,1667,1389,1,0,2,-2,1669,1387,46,110,0,-1,46,109,20,100,378
14691,Mar 25 2008,Friendly in France,DR Congo,Gabon,1456,1430,0,0,-1,1,1455,1431,94,100,0,0,94,100,20,0,26
14692,Mar 25 2008,Friendly in France,Guinea,Togo,1604,1449,2,0,9,-9,1613,1440,57,99,0,-1,57,98,20,0,155
14693,Mar 25 2008,Friendly in Nepal,Nepal,Pakistan,836,908,2,1,9,-9,845,899,202,201,1,-2,203,199,20,100,28
14694,Mar 26 2008,Friendly in France,Algeria,DR Congo,1406,1455,1,1,1,-1,1407,1454,108,96,-2,-1,106,95,20,0,-49
14695,Mar 26 2008,Friendly in Andorra,Andorra,Latvia,1069,1492,0,3,-5,5,1064,1497,179,92,0,-3,179,89,20,100,-323
14696,Mar 26 2008,World Cup qualifier in Antigua and Barbuda,Antigua and Barbuda,Aruba,1113,906,1,0,6,-6,1119,900,174,199,0,-1,174,198,40,100,307
14697,Mar 26 2008,Friendly in the Netherlands,Armenia,Kazakhstan,1425,1370,1,0,8,-8,1433,1362,97,114,2,-1,99,113,20,0,55
14698,Mar 26 2008,Friendly in Austria,Austria,Netherlands,1591,1968,3,4,-3,3,1588,1971,61,6,-1,0,60,6,20,100,-277
14699,Mar 26 2008,World Cup qualifier in the Bahamas,Bahamas,British Virgin Islands,882,902,1,1,-5,5,877,907,201,196,0,1,201,197,40,100,80
14700,Mar 26 2008,World Cup qualifier in Bahrain,Bahrain,Japan,1507,1779,1,0,29,-29,1536,1750,71,37,5,-5,76,32,40,100,-172
14701,Mar 26 2008,World Cup qualifier in Barbados,Barbados,Dominica,1315,1003,1,0,3,-3,1318,1000,124,186,2,0,126,186,20,0,312
14702,Mar 26 2008,Friendly in Belarus,Belarus,Turkey,1565,1812,2,2,4,-4,1569,1808,65,16,1,2,66,18,20,100,-147
14703,Mar 26 2008,Friendly in Belgium,Belgium,Morocco,1642,1650,1,4,-22,22,1620,1672,57,41,-3,4,54,45,20,100,92
14704,Mar 26 2008,Friendly in Bosnia and Herzegovina,Bosnia and Herzegovina,Macedonia,1536,1558,2,2,-2,2,1534,1560,79,67,-1,2,78,69,20,100,78
14705,Mar 26 2008,Friendly in Botswana,Botswana,Zimbabwe,1356,1450,0,1,-10,10,1346,1460,119,92,-2,2,117,94,20,100,6
14706,Mar 26 2008,Friendly in England,Brazil,Sweden,2082,1798,1,0,3,-3,2085,1795,1,21,0,1,1,22,20,0,284
14707,Mar 26 2008,Friendly in Bulgaria,Bulgaria,Finland,1798,1679,2,1,4,-4,1802,1675,15,46,4,-2,19,44,20,100,219
14708,Mar 26 2008,World Cup qualifier in China,China,Australia,1553,1732,0,0,4,-4,1557,1728,72,38,0,0,72,38,40,100,-79
14709,Mar 26 2008,Friendly in Denmark,Denmark,Czechia,1828,1914,1,1,0,0,1828,1914,14,8,1,0,15,8,20,100,14
14710,Mar 26 2008,Friendly in Ecuador,Ecuador,Haiti,1673,1544,3,1,6,-6,1679,1538,42,76,1,-1,43,75,20,100,229
14711,Mar 26 2008,Friendly in Egypt,Egypt,Argentina,1824,2012,0,2,-11,11,1813,2023,16,3,1,0,17,3,20,100,-88
14712,Mar 26 2008,World Cup qualifier in the United States,El Salvador,Anguilla,1387,549,4,0,1,-1,1388,548,109,228,0,0,109,228,40,0,838
14713,Mar 26 2008,Friendly in Estonia,Estonia,Canada,1401,1633,2,0,20,-20,1421,1613,100,56,3,-1,103,55,20,100,-132
14714,Mar 26 2008,Friendly in France,France,England,2004,1914,1,0,5,-5,2009,1909,4,10,0,-1,4,9,20,100,190
14715,Mar 26 2008,Friendly in Germany,Greece,Portugal,1845,1869,2,1,11,-11,1856,1858,14,13,0,0,14,13,20,0,-24
14716,Mar 26 2008,World Cup qualifier in Grenada,Grenada,US Virgin Islands,1217,675,10,0,3,-3,1220,672,152,219,0,0,152,219,30,0,542
14717,Mar 26 2008,Friendly in the United States,Honduras,Colombia,1683,1841,2,1,14,-14,1697,1827,41,17,0,-1,41,16,20,0,-158
14718,Mar 26 2008,Friendly in Hungary,Hungary,Slovenia,1573,1537,0,1,-14,14,1559,1551,78,70,-8,3,70,73,20,100,136
14719,Mar 26 2008,Friendly in Israel,Israel,Chile,1755,1742,1,0,7,-7,1762,1735,27,38,3,-1,30,37,20,100,113
14720,Mar 26 2008,Friendly in Jamaica,Jamaica,Trinidad and Tobago,1562,1498,2,2,-4,4,1558,1502,72,89,-1,-2,71,87,20,100,164
14721,Mar 26 2008,World Cup qualifier in Kuwait,Kuwait,Iran,1419,1739,2,2,11,-11,1430,1728,100,39,1,-1,101,38,30,0,-320
14722,Mar 26 2008,Friendly in Lithuania,Lithuania,Azerbaijan,1581,1369,1,0,3,-3,1584,1366,62,111,-1,1,61,112,20,100,312
14723,Mar 26 2008,Friendly in Luxembourg,Luxembourg,Wales,1037,1648,0,2,-2,2,1035,1650,184,46,0,2,184,48,20,100,-511
14724,Mar 26 2008,Friendly in Malta,Malta,Liechtenstein,1243,1193,7,1,13,-13,1256,1180,142,166,1,-4,143,162,20,100,150
14725,Mar 26 2008,Friendly in England,Mexico,Ghana,1883,1799,2,1,8,-8,1891,1791,11,26,0,-2,11,24,20,0,84
14726,Mar 26 2008,Friendly in Montenegro,Montenegro,Norway,1671,1751,3,1,14,-14,1685,1737,39,34,3,0,42,34,20,100,20
14727,Mar 26 2008,Friendly in Namibia,Namibia,Malawi,1287,1276,1,3,-20,20,1267,1296,146,127,-7,5,139,132,20,100,111
14728,Mar 26 2008,World Cup qualifier in China,North Korea,South Korea,1507,1675,0,0,9,-9,1516,1666,83,49,-1,-3,82,46,40,0,-168
14729,Mar 26 2008,World Cup qualifier in the Netherlands Antilles,Netherlands Antilles,Nicaragua,1137,1033,2,0,14,-14,1151,1019,167,185,2,0,169,185,40,100,204
14730,Mar 26 2008,Friendly in Northern Ireland,Northern Ireland,Georgia,1573,1515,4,1,10,-10,1583,1505,62,93,0,-7,62,86,20,100,158
14731,Mar 26 2008,Friendly in Peru,Peru,Costa Rica,1623,1638,3,1,11,-11,1634,1627,44,53,6,0,50,53,20,100,85
14732,Mar 26 2008,Friendly in Poland,Poland,United States,1815,1777,0,3,-24,24,1791,1801,29,12,-5,8,24,20,20,100,138
14733,Mar 26 2008,World Cup qualifier in Puerto Rico,Puerto Rico,Dominican Republic,934,1068,1,0,22,-22,956,1046,191,184,1,-2,192,182,40,100,-34
14734,Mar 26 2008,World Cup qualifier in Qatar,Qatar,Iraq,1465,1639,2,0,36,-36,1501,1603,84,64,4,-6,88,58,40,100,-74
14735,Mar 26 2008,Friendly in Romania,Romania,Russia,1898,1788,3,0,8,-8,1906,1780,10,28,0,-1,10,27,20,100,210
14736,Mar 26 2008,Friendly in Scotland,Scotland,Croatia,1761,1874,1,1,0,0,1761,1874,31,12,0,0,31,12,20,100,-13
14737,Mar 26 2008,World Cup qualifier in Singapore,Singapore,Lebanon,1364,1321,2,0,18,-18,1382,1303,106,136,4,-5,110,131,40,100,143
14738,Mar 26 2008,Friendly in Slovakia,Slovakia,Iceland,1652,1406,1,2,-18,18,1634,1424,52,100,-2,2,50,102,20,100,346
14739,Mar 26 2008,Friendly in South Africa,South Africa,Paraguay,1489,1826,3,0,28,-28,1517,1798,75,25,6,-4,81,21,20,100,-237
14740,Mar 26 2008,Friendly in Spain,Spain,Italy,1974,2041,1,0,9,-9,1983,2032,5,2,0,0,5,2,20,100,33
14741,Mar 26 2008,World Cup qualifier in Saint Kitts and Nevis,Saint Kitts and Nevis,Belize,1164,1089,1,1,-9,9,1155,1098,170,176,-2,0,168,176,40,100,175
14742,Mar 26 2008,World Cup qualifier in Saint Lucia,Saint Lucia,Turks and Caicos Islands,1152,831,2,0,5,-5,1157,826,166,205,1,0,167,205,40,100,421
14743,Mar 26 2008,Friendly in Sudan,Sudan,Liberia,1383,1239,0,2,-24,24,1359,1263,118,135,-4,6,114,141,20,100,244
14744,Mar 26 2008,World Cup qualifier in Trinidad and Tobago,Suriname,Montserrat,1235,522,7,1,1,-1,1236,521,148,229,0,0,148,229,20,0,713
14745,Mar 26 2008,Friendly in Switzerland,Switzerland,Germany,1802,1950,0,4,-16,16,1786,1966,31,7,-5,0,26,7,20,100,-48
14746,Mar 26 2008,World Cup qualifier in Syria,Syria,United Arab Emirates,1539,1463,1,1,-9,9,1530,1472,83,91,-4,1,79,92,40,100,176
14747,Mar 26 2008,World Cup qualifier in Thailand,Thailand,Oman,1439,1505,0,1,-22,22,1417,1527,109,76,-5,4,104,80,40,100,34
14748,Mar 26 2008,Friendly in France,Tunisia,Ivory Coast,1630,1756,2,0,20,-20,1650,1736,41,38,7,-3,48,35,20,0,-126
14749,Mar 26 2008,World Cup qualifier in Turkmenistan,Turkmenistan,Jordan,1352,1487,0,2,-27,27,1325,1514,129,77,-6,6,123,83,40,100,-35
14750,Mar 26 2008,Friendly in Uganda,Uganda,Libya,1400,1466,1,1,-1,1,1399,1467,107,95,0,-2,107,93,20,100,34
14751,Mar 26 2008,Friendly in Ukraine,Ukraine,Serbia,1728,1748,2,0,12,-12,1740,1736,27,35,6,0,33,35,20,100,80
14752,Mar 26 2008,World Cup qualifier in Uzbekistan,Uzbekistan,Saudi Arabia,1579,1661,3,0,33,-33,1612,1628,53,57,4,-5,57,52,40,100,18
14753,Mar 26 2008,Friendly in Venezuela,Venezuela,Bolivia,1669,1564,0,1,-15,15,1654,1579,48,57,-1,6,47,63,20,100,205
14754,Mar 27 2008,Friendly in Nepal,Nepal,Pakistan,845,899,0,2,-17,17,828,916,205,193,-1,3,204,196,20,100,46
14755,Mar 30 2008,World Cup qualifier in the Bahamas,Bahamas,British Virgin Islands,877,907,2,2,-4,4,873,911,203,198,-1,0,202,198,40,100,70
14756,Mar 30 2008,World Cup qualifier in the Cayman Islands,Cayman Islands,Bermuda,992,1086,1,3,-31,31,961,1117,194,173,-3,2,191,175,40,100,6
14757,Apr 2 2008,Asian Cup & Asian Chlg Cup q in Taiwan,Sri Lanka,Guam,941,572,5,1,8,-8,949,564,193,227,0,-1,193,226,40,0,369
14758,Apr 2 2008,Asian Cup & Asian Chlg Cup q in Taiwan,Taiwan,Pakistan,982,916,1,2,-29,29,953,945,196,192,-4,2,192,194,40,100,166
14759,Apr 4 2008,Asian Cup & Asian Chlg Cup q in Taiwan,Sri Lanka,Pakistan,949,945,7,1,42,-42,991,903,183,202,5,-4,188,198,40,0,4
14760,Apr 4 2008,Asian Cup & Asian Chlg Cup q in Taiwan,Taiwan,Guam,953,564,4,1,4,-4,957,560,192,228,0,-1,192,227,40,100,489
14761,Apr 4 2008,Friendly in Yemen,Yemen,Tanzania,1212,1334,2,1,11,-11,1223,1323,149,126,2,-2,151,124,20,100,-22
14762,Apr 6 2008,Asian Cup & Asian Chlg Cup q in Taiwan,Pakistan,Guam,903,560,9,2,11,-11,914,549,194,227,2,0,196,227,40,0,343
14763,Apr 6 2008,Asian Cup & Asian Chlg Cup q in Taiwan,Taiwan,Sri Lanka,957,991,2,2,-4,4,953,995,194,188,-1,0,193,188,40,100,66
14764,Apr 9 2008,Asian Cup qualifier in Lebanon,Lebanon,Maldives,1303,1060,4,0,9,-9,1312,1051,125,180,3,0,128,180,40,100,343
14765,Apr 16 2008,Friendly in the United States,Mexico,China,1891,1557,1,0,3,-3,1894,1554,11,72,0,0,11,72,20,0,334
14766,Apr 23 2008,Friendly in the United States,China,El Salvador,1554,1388,2,2,-4,4,1550,1392,74,107,-1,1,73,108,20,0,166
14767,Apr 23 2008,Friendly in Guatemala,Guatemala,Haiti,1507,1538,1,0,8,-8,1515,1530,81,81,2,-3,83,78,20,100,69
14768,Apr 23 2008,Asian Cup qualifier in the Maldives,Maldives,Lebanon,1051,1312,1,2,-11,11,1040,1323,186,120,-3,4,183,124,40,100,-161
14769,Apr 24 2008,Friendly in Oman,Oman,Liberia,1527,1263,1,0,2,-2,1529,1261,80,141,0,0,80,141,20,100,364
14770,Apr 25 2008,Friendly in Indonesia,Indonesia,Yemen,1276,1223,1,0,6,-6,1282,1217,133,155,2,-2,135,153,20,100,153
14771,Apr 27 2008,Marianas Cup in the Northern Marianas,Northern Mariana Islands,Guam,563,549,2,3,-20,20,543,569,230,223,-2,2,228,225,30,100,114
14772,Apr 27 2008,Friendly in Oman,Oman,Kyrgyzstan,1529,1195,2,0,2,-2,1531,1193,76,157,2,0,78,157,20,100,434
14773,Apr 27 2008,Friendly in Trinidad and Tobago,Trinidad and Tobago,Grenada,1502,1220,2,0,3,-3,1505,1217,85,152,1,0,86,152,20,100,382
14774,Apr 30 2008,Friendly in Colombia,Colombia,Venezuela,1827,1654,5,2,6,-6,1833,1648,14,51,1,-2,15,49,20,100,273
14775,Apr 30 2008,Friendly in Liberia,Liberia,Sierra Leone,1261,1222,3,1,9,-9,1270,1213,135,155,3,-2,138,153,20,100,139
14776,May 3 2008,Friendly in Oman,Oman,Yemen,1531,1217,0,0,-8,8,1523,1225,82,149,-2,1,80,150,20,100,414
14777,May 5 2008,Asian Cup & Asian Chlg Cup q in Kyrgyzstan,Afghanistan,Bangladesh,809,964,0,0,8,-8,817,956,205,192,1,-1,206,191,40,0,-155
14778,May 7 2008,Asian Cup & Asian Chlg Cup q in Kyrgyzstan,Kyrgyzstan,Afghanistan,1193,817,0,1,-38,38,1155,855,177,200,-10,3,167,203,40,100,476
14779,May 9 2008,Asian Cup & Asian Chlg Cup q in Kyrgyzstan,Kyrgyzstan,Bangladesh,1155,956,2,1,6,-6,1161,950,163,195,2,-2,165,193,40,100,299
14780,May 10 2008,Friendly in Syria,Syria,Oman,1530,1523,2,1,7,-7,1537,1516,72,82,3,-1,75,81,20,100,107
14781,May 11 2008,Friendly in Trinidad and Tobago,Trinidad and Tobago,Barbados,1505,1318,3,0,6,-6,1511,1312,84,129,1,-1,85,128,20,100,287
14782,May 13 2008,Asian Cup & Asian Chlg Cup q in the Philippines,Philippines,Brunei,763,710,1,0,12,-12,775,698,209,222,1,-4,210,218,40,100,153
14783,May 13 2008,Asian Cup & Asian Chlg Cup q in the Philippines,Tajikistan,Bhutan,1287,600,3,1,1,-1,1288,599,133,221,0,0,133,221,20,0,687
14784,May 15 2008,Asian Cup & Asian Chlg Cup q in the Philippines,Bhutan,Brunei,599,698,1,1,6,-6,605,692,221,218,0,0,221,218,40,0,-99
14785,May 15 2008,Asian Cup & Asian Chlg Cup q in the Philippines,Philippines,Tajikistan,775,1288,0,0,17,-17,792,1271,210,141,0,-4,210,137,40,100,-413
14786,May 17 2008,Asian Cup & Asian Chlg Cup q in the Philippines,Philippines,Bhutan,792,605,3,0,11,-11,803,594,206,221,2,0,208,221,40,100,287
14787,May 17 2008,Friendly in Syria,Syria,Iraq,1537,1603,2,1,9,-9,1546,1594,75,60,0,-1,75,59,20,100,34
14788,May 17 2008,Asian Cup & Asian Chlg Cup q in the Philippines,Tajikistan,Brunei,1271,692,4,0,3,-3,1274,689,137,218,0,0,137,218,40,0,579
14789,May 18 2008,Friendly in Antigua and Barbuda,Antigua and Barbuda,Saint Lucia,1119,1157,6,1,16,-16,1135,1141,170,173,2,-3,172,170,20,100,62
14790,May 18 2008,Friendly in Oman,Oman,Turkmenistan,1516,1325,2,1,3,-3,1519,1322,79,130,1,-4,80,126,20,100,291
14791,May 19 2008,Friendly in Greece,Greece,Cyprus,1856,1536,2,0,2,-2,1858,1534,12,78,1,-1,13,77,20,100,420
14792,May 20 2008,Friendly in Thailand,Thailand,Nepal,1417,828,7,0,1,-1,1418,827,104,205,0,0,104,205,20,0,589
14793,May 20 2008,Friendly in Germany,Turkey,Slovakia,1808,1634,1,0,5,-5,1813,1629,16,52,1,-1,17,51,20,0,174
14794,May 21 2008,Friendly in Mozambique,Mozambique,Lesotho,1342,1134,2,3,-17,17,1325,1151,123,165,-2,4,121,169,20,100,308
14795,May 21 2008,Friendly tournament in the Netherlands Antilles,Netherlands Antilles,Suriname,1151,1236,2,1,14,-14,1165,1222,160,154,4,-3,164,151,30,100,15
14796,May 22 2008,Friendly tournament in Japan,Ivory Coast,Paraguay,1736,1798,1,1,3,-3,1739,1795,33,21,1,0,34,21,30,0,-62
14797,May 22 2008,Friendly in Libya,Libya,Zambia,1467,1573,2,2,0,0,1467,1573,93,64,0,0,93,64,20,100,-6
14798,May 22 2008,Friendly in Yemen,Yemen,Sudan,1225,1359,1,1,1,-1,1226,1358,149,114,0,0,149,114,20,100,-34
14799,May 23 2008,Friendly in Australia,Australia,Ghana,1728,1791,1,0,9,-9,1737,1782,32,28,3,-2,35,26,20,100,37
14800,May 23 2008,Friendly in Austria,Austria,Cuba,1588,1486,4,1,8,-8,1596,1478,58,91,1,0,59,91,20,100,202
14801,May 23 2008,Friendly in Honduras,Honduras,Belize,1697,1098,2,0,1,-1,1698,1097,41,177,0,0,41,177,20,0,599
14802,May 23 2008,Friendly in Qatar,Qatar,Kuwait,1501,1430,1,1,-5,5,1496,1435,90,97,-1,2,89,99,20,100,171
14803,May 23 2008,Friendly in Russia,Russia,Kazakhstan,1780,1362,6,0,2,-2,1782,1360,25,113,1,0,26,113,20,100,518
14804,May 23 2008,Friendly in Swaziland,Swaziland,Lesotho,1141,1151,1,1,-3,3,1138,1154,173,169,-1,0,172,169,20,100,90
14805,May 24 2008,Friendly in Portugal,Cape Verde,Burkina Faso,1306,1339,1,0,11,-11,1317,1328,125,121,3,-1,128,120,20,0,-33
14806,May 24 2008,Friendly in Croatia,Croatia,Moldova,1874,1510,1,0,1,-1,1875,1509,12,86,0,0,12,86,20,100,464
14807,May 24 2008,Friendly in Hungary,Hungary,Greece,1559,1858,3,2,15,-15,1574,1843,58,15,6,-1,64,14,20,100,-199
14808,May 24 2008,Friendly in India,India,Taiwan,1179,953,3,0,5,-5,1184,948,156,194,3,-1,159,193,20,100,326
14809,May 24 2008,Friendly in Ireland,Ireland,Serbia,1766,1736,1,1,-4,4,1762,1740,29,29,0,4,29,33,20,100,130
14810,May 24 2008,Friendly tournament in Japan,Japan,Ivory Coast,1750,1739,1,0,10,-10,1760,1729,32,42,0,-4,32,38,20,0,11
14811,May 24 2008,Asian Cup & Asian Chlg Cup q in Cambodia,Nepal,Macao,827,764,3,2,16,-16,843,748,205,211,0,0,205,211,40,0,63
14812,May 24 2008,Friendly in the Netherlands,Netherlands,Ukraine,1971,1740,3,0,5,-5,1976,1735,6,39,0,-3,6,36,20,100,331
14813,May 24 2008,Friendly in Saudi Arabia,Saudi Arabia,Syria,1628,1546,1,0,5,-5,1633,1541,50,75,1,0,51,75,20,100,182
14814,May 24 2008,Friendly in Switzerland,Switzerland,Slovakia,1786,1629,2,0,6,-6,1792,1623,23,55,1,-2,24,53,20,100,257
14815,May 25 2008,Friendly in China,China,Jordan,1550,1514,2,0,9,-9,1559,1505,69,88,2,-2,71,86,20,100,136
14816,May 25 2008,Friendly in Iran,Iran,Zambia,1728,1573,3,2,4,-4,1732,1569,37,67,1,-1,38,66,20,100,255
14817,May 25 2008,Friendly in Tanzania,Tanzania,Malawi,1323,1296,1,1,-4,4,1319,1300,129,132,-3,0,126,132,20,100,127
14818,May 25 2008,Friendly in Thailand,Thailand,Iraq,1418,1594,2,1,12,-12,1430,1582,100,64,2,-2,102,62,20,100,-76
14819,May 25 2008,Friendly in Germany,Uruguay,Turkey,1794,1813,3,2,11,-11,1805,1802,13,21,5,-2,18,19,20,0,-19
14820,May 26 2008,Asian Cup & Asian Chlg Cup q in Cambodia,Cambodia,Nepal,801,843,0,1,-23,23,778,866,211,201,-1,2,210,203,40,100,58
14821,May 26 2008,Friendly in Germany,Macedonia,Poland,1560,1791,1,1,6,-6,1566,1785,68,25,1,0,69,25,20,0,-231
14822,May 26 2008,Friendly in Sweden,Sweden,Slovenia,1795,1551,1,0,2,-2,1797,1549,22,73,0,0,22,73,20,100,344
14823,May 27 2008,Friendly in Austria,Austria,Nigeria,1596,1715,1,1,1,-1,1597,1714,59,40,0,0,59,40,20,100,-19
14824,May 27 2008,Friendly in Czechia,Czechia,Lithuania,1914,1584,2,0,2,-2,1916,1582,8,62,0,-1,8,61,20,100,430
14825,May 27 2008,Friendly in Estonia,Estonia,Georgia,1421,1505,1,1,0,0,1421,1505,104,86,0,0,104,86,20,100,16
14826,May 27 2008,Friendly in France,France,Ecuador,2009,1679,2,0,2,-2,2011,1677,4,43,0,0,4,43,20,100,430
14827,May 27 2008,Friendly in Germany,Germany,Belarus,1966,1569,2,2,-9,9,1957,1578,7,62,0,2,7,64,20,100,497
14828,May 27 2008,Friendly in India,India,Taiwan,1184,948,2,2,-7,7,1177,955,165,191,-3,1,162,192,20,100,336
14829,May 27 2008,Friendly tournament in Japan,Japan,Paraguay,1760,1795,0,0,-3,3,1757,1798,32,21,0,1,32,22,30,100,65
14830,May 27 2008,Friendly in Libya,Libya,Liberia,1467,1270,4,2,5,-5,1472,1265,91,142,1,-2,92,140,20,100,297
14831,May 27 2008,Friendly in Luxembourg,Luxembourg,Cape Verde,1035,1317,1,1,5,-5,1040,1312,182,128,1,0,183,128,20,100,-182
14832,May 27 2008,Friendly in Montenegro,Montenegro,Kazakhstan,1685,1360,3,0,3,-3,1688,1357,42,115,0,-1,42,114,20,100,425
14833,May 27 2008,Friendly in Germany,Poland,Albania,1785,1488,1,0,3,-3,1788,1485,25,90,0,0,25,90,20,0,297
14834,May 27 2008,Friendly in Qatar,Qatar,Lebanon,1496,1323,2,1,3,-3,1499,1320,87,127,1,-2,88,125,20,100,273
14835,May 27 2008,Friendly in Saudi Arabia,Saudi Arabia,Kuwait,1633,1435,2,1,3,-3,1636,1432,49,101,1,-1,50,100,20,100,298
14836,May 28 2008,Asian Cup & Asian Chlg Cup q in Cambodia,Cambodia,Macao,778,748,3,1,19,-19,797,729,210,211,0,0,210,211,40,100,130
14837,May 28 2008,Friendly in England,England,United States,1909,1801,2,0,7,-7,1916,1794,7,25,1,-2,8,23,20,100,208
14838,May 28 2008,Friendly in Iceland,Iceland,Wales,1424,1650,0,1,-7,7,1417,1657,105,47,-1,0,104,47,20,100,-126
14839,May 28 2008,Friendly in Moldova,Moldova,Armenia,1509,1433,2,2,-5,5,1504,1438,89,99,-2,0,87,99,20,100,176
14840,May 28 2008,Friendly in Norway,Norway,Uruguay,1737,1805,2,2,-1,1,1736,1806,34,18,0,0,34,18,20,100,32
14841,May 28 2008,Friendly in Germany,Russia,Serbia,1782,1740,2,1,9,-9,1791,1731,24,43,1,-5,25,38,20,0,42
14842,May 28 2008,Friendly in Singapore,Singapore,Bahrain,1382,1536,0,1,-8,8,1374,1544,110,74,0,1,110,75,20,100,-54
14843,May 29 2008,Friendly in England,Ireland,Colombia,1762,1833,1,0,12,-12,1774,1821,27,17,1,-1,28,16,20,0,-71
14844,May 29 2008,Friendly in the Netherlands,Netherlands,Denmark,1976,1828,1,1,-6,6,1970,1834,6,14,0,1,6,15,20,100,248
14845,May 29 2008,Friendly in South Africa,South Africa,Swaziland,1517,1138,1,0,1,-1,1518,1137,81,172,0,0,81,172,20,100,479
14846,May 29 2008,Friendly in Germany,Turkey,Finland,1802,1675,2,0,10,-10,1812,1665,17,48,1,-2,18,46,20,0,127
14847,May 30 2008,Friendly in Austria,Austria,Malta,1597,1256,5,1,3,-3,1600,1253,57,143,1,0,58,143,20,100,441
14848,May 30 2008,Friendly in Czechia,Czechia,Scotland,1916,1761,3,1,6,-6,1922,1755,8,33,0,-1,8,32,20,100,255
14849,May 30 2008,Friendly in the United States,El Salvador,Guatemala,1392,1515,0,0,3,-3,1395,1512,108,83,0,0,108,83,20,0,-123
14850,May 30 2008,Friendly in the United States,Honduras,Venezuela,1698,1648,1,1,-1,1,1697,1649,41,49,0,0,41,49,20,0,50
14851,May 30 2008,Friendly in Italy,Italy,Belgium,2032,1620,3,1,1,-1,2033,1619,2,54,0,0,2,54,20,100,512
14852,May 30 2008,Baltic Cup in Latvia,Latvia,Estonia,1497,1421,1,0,8,-8,1505,1413,81,107,4,-2,85,105,20,0,76
14853,May 30 2008,Friendly in Switzerland,Switzerland,Liechtenstein,1792,1180,3,0,1,-1,1793,1179,24,161,0,0,24,161,20,0,612
14854,May 31 2008,World Cup & African Cup qual in Botswana,Botswana,Madagascar,1346,1242,0,0,-11,11,1335,1253,121,139,-2,4,119,143,40,100,204
14855,May 31 2008,Friendly in the United States,Brazil,Canada,2085,1613,3,2,1,-1,2086,1612,1,57,0,-1,1,56,20,0,472
14856,May 31 2008,World Cup & African Cup qual in Cameroon,Cameroon,Cape Verde,1769,1312,2,0,2,-2,1771,1310,29,126,0,1,29,127,20,0,457
14857,May 31 2008,Friendly in France,France,Paraguay,2011,1798,0,0,-7,7,2004,1805,4,19,0,1,4,20,20,100,313
14858,May 31 2008,Friendly in Germany,Germany,Serbia,1957,1731,2,1,3,-3,1960,1728,7,40,0,-1,7,39,20,100,326
14859,May 31 2008,Friendly in Hungary,Hungary,Croatia,1574,1875,1,1,5,-5,1579,1870,61,12,2,0,63,12,20,100,-201
14860,May 31 2008,Baltic Cup in Latvia,Lithuania,Estonia,1582,1413,1,0,8,-8,1590,1405,59,107,1,-1,60,106,30,0,169
14861,May 31 2008,World Cup & African Cup qual in Malawi,Malawi,Djibouti,1300,811,8,1,3,-3,1303,808,132,207,0,0,132,207,20,0,489
14862,May 31 2008,World Cup & African Cup qual in Morocco,Morocco,Ethiopia,1672,1318,3,0,5,-5,1677,1313,42,123,1,2,43,125,40,100,454
14863,May 31 2008,World Cup & African Cup qual in Namibia,Namibia,Kenya,1267,1324,2,1,18,-18,1285,1306,127,140,6,-9,133,131,40,100,43
14864,May 31 2008,Friendly in Portugal,Portugal,Georgia,1858,1505,2,0,2,-2,1860,1503,13,91,0,-3,13,88,20,100,453
14865,May 31 2008,Friendly in Romania,Romania,Montenegro,1906,1688,4,0,5,-5,1911,1683,10,42,0,0,10,42,20,100,318
14866,May 31 2008,World Cup & African Cup qual in Rwanda,Rwanda,Mauritania,1337,1225,3,0,16,-16,1353,1209,113,158,3,-4,116,154,40,100,212
14867,May 31 2008,World Cup & African Cup qual in Senegal,Senegal,Algeria,1598,1407,1,0,6,-6,1604,1401,57,108,1,-1,58,107,40,100,291
14868,May 31 2008,World Cup qualifier in South Korea,South Korea,Jordan,1666,1505,2,2,-13,13,1653,1518,49,77,-2,4,47,81,40,100,261
14869,May 31 2008,Friendly in Spain,Spain,Peru,1983,1634,2,1,1,-1,1984,1633,5,51,0,0,5,51,20,100,449
14870,May 31 2008,World Cup & African Cup qual in Tanzania,Tanzania,Mauritius,1319,1166,1,1,-12,12,1307,1178,132,161,-3,1,129,162,40,100,253
14871,May 31 2008,World Cup & African Cup qual in Ghana,Togo,Zambia,1440,1569,1,0,27,-27,1467,1542,90,83,4,-8,94,75,40,0,-129
14872,May 31 2008,World Cup & African Cup qual in Uganda,Uganda,Niger,1399,1269,1,0,8,-8,1407,1261,103,144,2,-3,105,141,40,100,230
14873,Jun 1 2008,World Cup & African Cup qual in Angola,Angola,Benin,1568,1354,3,0,10,-10,1578,1344,59,123,4,-4,63,119,40,100,314
14874,Jun 1 2008,Friendly in Germany,Armenia,Greece,1438,1843,0,0,8,-8,1446,1835,97,16,1,-1,98,15,20,0,-405
14875,Jun 1 2008,World Cup qualifier in Australia,Australia,Iraq,1737,1582,1,0,7,-7,1744,1575,35,74,-1,-6,34,68,40,100,255
14876,Jun 1 2008,Friendly in Bosnia and Herzegovina,Bosnia and Herzegovina,Azerbaijan,1534,1366,1,0,4,-4,1538,1362,77,114,0,-1,77,113,20,100,268
14877,Jun 1 2008,World Cup & African Cup qual in Burundi,Burundi,Seychelles,1280,1075,1,0,6,-6,1286,1069,130,178,3,0,133,178,40,100,305
14878,Jun 1 2008,World Cup & African Cup qual in Egypt,Egypt,DR Congo,1813,1454,2,1,3,-3,1816,1451,17,98,0,-1,17,97,30,0,359
14879,Jun 1 2008,World Cup & African Cup qual in Equatorial Guinea,Equatorial Guinea,Sierra Leone,1243,1213,2,0,19,-19,1262,1194,135,160,6,-4,141,156,40,100,130
14880,Jun 1 2008,World Cup & African Cup qual in Ghana,Ghana,Libya,1782,1472,3,0,6,-6,1788,1466,23,98,2,-3,25,95,40,100,410
14881,Jun 1 2008,World Cup & African Cup qual in Guinea,Guinea,Zimbabwe,1613,1460,0,0,-12,12,1601,1472,61,89,-3,3,58,92,40,100,253
14882,Jun 1 2008,World Cup & African Cup qual in Ivory Coast,Ivory Coast,Mozambique,1729,1325,1,0,2,-2,1731,1323,38,121,0,0,38,121,20,0,404
14883,Jun 1 2008,Baltic Cup in Latvia,Latvia,Lithuania,1505,1590,2,1,14,-14,1519,1576,74,74,6,-7,80,67,30,100,15
14884,Jun 1 2008,World Cup & African Cup qual in Liberia,Liberia,Gambia,1265,1349,1,1,-1,1,1264,1350,141,117,-1,0,140,117,30,100,16
14885,Jun 1 2008,World Cup & African Cup qual in Mali,Mali,Congo,1565,1415,4,2,12,-12,1577,1403,63,108,3,-2,66,106,40,100,250
14886,Jun 1 2008,Friendly in the Netherlands,Netherlands,Wales,1970,1657,2,0,3,-3,1973,1654,6,46,0,0,6,46,20,100,413
14887,Jun 1 2008,World Cup & African Cup qual in Nigeria,Nigeria,South Africa,1714,1518,2,0,9,-9,1723,1509,40,87,0,-3,40,84,40,100,296
14888,Jun 1 2008,Friendly in the United States,Panama,Guatemala,1570,1512,1,0,8,-8,1578,1504,60,88,3,-2,63,86,20,0,58
14889,Jun 1 2008,Friendly in Poland,Poland,Denmark,1788,1834,1,1,-2,2,1786,1836,26,13,0,1,26,14,20,100,54
14890,Jun 1 2008,Friendly in Sweden,Sweden,Ukraine,1797,1735,0,1,-14,14,1783,1749,32,31,-5,2,27,33,20,100,162
14891,Jun 1 2008,Friendly in Trinidad and Tobago,Trinidad and Tobago,England,1511,1916,0,3,-5,5,1506,1921,85,9,0,0,85,9,20,100,-305
14892,Jun 1 2008,World Cup & African Cup qual in Tunisia,Tunisia,Burkina Faso,1650,1328,1,2,-37,37,1613,1365,60,104,-6,8,54,112,40,100,422
14893,Jun 2 2008,Friendly in Finland,Finland,Belarus,1665,1578,1,1,-5,5,1660,1583,45,57,0,3,45,60,20,100,187
14894,Jun 2 2008,World Cup qualifier in Iran,Iran,United Arab Emirates,1732,1472,0,0,-16,16,1716,1488,43,88,-3,2,40,90,40,100,360
14895,Jun 2 2008,World Cup qualifier in Japan,Japan,Oman,1757,1519,3,0,9,-9,1766,1510,29,86,1,-3,30,83,40,100,338
14896,Jun 2 2008,World Cup qualifier in Qatar,Qatar,China,1499,1559,0,0,-2,2,1497,1561,89,72,0,-1,89,71,30,100,40
14897,Jun 2 2008,World Cup qualifier in Saudi Arabia,Saudi Arabia,Lebanon,1636,1320,4,1,6,-6,1642,1314,49,124,0,0,49,124,40,100,416
14898,Jun 2 2008,World Cup qualifier in Singapore,Singapore,Uzbekistan,1374,1612,3,7,-23,23,1351,1635,122,45,-6,5,116,50,40,100,-138
14899,Jun 2 2008,World Cup qualifier in Syria,Syria,Kuwait,1541,1432,1,0,9,-9,1550,1423,70,102,3,-1,73,101,40,100,209
14900,Jun 2 2008,World Cup qualifier in Thailand,Thailand,Bahrain,1430,1544,2,3,-19,19,1411,1563,104,66,-1,4,103,70,40,100,-14
14901,Jun 2 2008,World Cup qualifier in Turkmenistan,Turkmenistan,North Korea,1322,1516,0,0,5,-5,1327,1511,119,81,2,1,121,82,20,0,-194
14902,Jun 3 2008,Friendly in France,France,Colombia,2004,1821,1,0,3,-3,2007,1818,4,16,0,0,4,16,20,100,283
14903,Jun 3 2008,South Asian Championship in the Maldives,India,Nepal,1177,866,4,0,11,-11,1188,855,155,203,4,0,159,203,40,0,311
14904,Jun 3 2008,Friendly in Jamaica,Jamaica,St Vincent & Grenadines,1558,1307,5,1,4,-4,1562,1303,70,133,1,-2,71,131,20,100,351
14905,Jun 3 2008,South Asian Championship in the Maldives,Maldives,Pakistan,1040,914,3,0,15,-15,1055,899,177,202,3,-3,180,199,40,100,226
14906,Jun 4 2008,Friendly in Andorra,Andorra,Azerbaijan,1064,1362,1,2,-5,5,1059,1367,179,110,0,1,179,111,20,100,-198
14907,Jun 4 2008,Friendly in the United States,Argentina,Mexico,2023,1894,4,1,11,-11,2034,1883,1,11,1,0,2,11,20,0,129
14908,Jun 4 2008,South Asian Championship in Sri Lanka,Bangladesh,Bhutan,950,594,1,1,-15,15,935,609,193,221,0,0,193,221,40,0,356
14909,Jun 4 2008,Friendly in the United States,Canada,Panama,1612,1578,2,2,-1,1,1611,1579,56,60,0,2,56,62,20,0,34
14910,Jun 4 2008,Friendly in Chile,Chile,Guatemala,1735,1504,2,0,4,-4,1739,1500,34,90,1,-2,35,88,20,100,331
14911,Jun 4 2008,Friendly in Estonia,Estonia,Faroe Islands,1405,1158,4,3,2,-2,1407,1156,103,167,1,0,104,167,20,100,347
14912,Jun 4 2008,World Cup qualifier in Honduras,Honduras,Puerto Rico,1697,956,4,0,1,-1,1698,955,41,191,0,0,41,191,20,0,741
14913,Jun 4 2008,Friendly in Germany,Russia,Lithuania,1791,1576,4,1,8,-8,1799,1568,20,69,2,-1,22,68,20,0,215
14914,Jun 4 2008,Friendly in Spain,Spain,United States,1984,1794,1,0,3,-3,1987,1791,5,26,0,-2,5,24,20,100,290
14915,Jun 4 2008,South Asian Championship in Sri Lanka,Sri Lanka,Afghanistan,995,855,2,2,-12,12,983,867,188,203,0,0,188,203,40,100,240
14916,Jun 4 2008,Friendly in Trinidad and Tobago,Trinidad and Tobago,Guyana,1506,1346,3,0,6,-6,1512,1340,79,120,3,-1,82,119,20,100,260
14917,Jun 5 2008,South Asian Championship in the Maldives,India,Pakistan,1188,899,2,1,6,-6,1194,893,153,199,3,0,156,199,40,0,289
14918,Jun 5 2008,South Asian Championship in the Maldives,Maldives,Nepal,1055,855,4,1,11,-11,1066,844,178,204,1,0,179,204,40,100,300
14919,Jun 6 2008,South Asian Championship in Sri Lanka,Afghanistan,Bangladesh,867,935,2,2,4,-4,871,931,203,193,0,0,203,193,40,0,-68
14920,Jun 6 2008,World Cup & African Cup qual in Algeria,Algeria,Liberia,1401,1264,3,0,14,-14,1415,1250,99,152,4,-6,103,146,40,100,237
14921,Jun 6 2008,Friendly in Bermuda,Bermuda,Barbados,1117,1312,2,1,13,-13,1130,1299,173,138,1,-6,174,132,20,100,-95
14922,Jun 6 2008,World Cup & African Cup qual in Djibouti,Djibouti,Egypt,808,1816,0,4,0,0,808,1816,207,17,0,0,207,17,20,0,-1008
14923,Jun 6 2008,Friendly in Indonesia,Indonesia,Malaysia,1282,1149,1,1,-6,6,1276,1155,138,166,-1,2,137,168,20,100,233
14924,Jun 6 2008,South Asian Championship in Sri Lanka,Sri Lanka,Bhutan,983,609,2,0,4,-4,987,605,188,221,0,0,188,221,40,100,474
14925,Jun 6 2008,Friendly in the United States,Venezuela,Brazil,1649,2086,2,0,28,-28,1677,2058,38,1,5,0,43,1,20,0,-437
14926,Jun 7 2008,World Cup qualifier in Bahrain,Bahrain,Thailand,1563,1411,1,1,-12,12,1551,1423,72,96,-1,4,71,100,40,100,252
14927,Jun 7 2008,World Cup & African Cup qual in Burkina Faso,Burkina Faso,Burundi,1365,1286,2,0,16,-16,1381,1270,108,143,2,-5,110,138,40,100,179
14928,Jun 7 2008,World Cup & African Cup qual in Cape Verde,Cape Verde,Tanzania,1310,1307,1,0,14,-14,1324,1293,118,136,4,-4,122,132,40,100,103
14929,Jun 7 2008,World Cup qualifier in Chad,Chad,Mali,1257,1577,1,2,-9,9,1248,1586,150,54,-4,6,146,60,40,100,-220
14930,Jun 7 2008,Friendly in Chile,Chile,Panama,1739,1579,0,0,-6,6,1733,1585,35,60,0,1,35,61,20,100,260
14931,Jun 7 2008,World Cup qualifier in China,China,Qatar,1561,1497,0,1,-29,29,1532,1526,84,69,-6,10,78,79,40,100,164
14932,Jun 7 2008,Friendly in Cuba,Cuba,St Vincent & Grenadines,1478,1303,1,0,3,-3,1481,1300,90,130,1,0,91,130,20,100,275
14933,Jun 7 2008,Friendly in Honduras,Honduras,Haiti,1698,1530,3,1,5,-5,1703,1525,41,81,0,-1,41,80,20,100,268
14934,Jun 7 2008,World Cup qualifier in the United Arab Emirates,Iraq,Australia,1575,1744,1,0,29,-29,1604,1715,47,46,10,-6,57,40,40,0,-169
14935,Jun 7 2008,World Cup qualifier in Jordan,Jordan,South Korea,1518,1653,0,1,-18,18,1500,1671,95,44,-7,2,88,46,40,100,-35
14936,Jun 7 2008,World Cup & African Cup qual in Kenya,Kenya,Guinea,1306,1601,2,0,45,-45,1351,1556,103,82,13,-12,116,70,40,100,-195
14937,Jun 7 2008,World Cup & African Cup qual in Libya,Libya,Gabon,1466,1431,1,0,13,-13,1479,1418,89,104,3,-2,92,102,30,0,35
14938,Jun 7 2008,South Asian Championship in the Maldives,Maldives,India,1066,1194,0,1,-18,18,1048,1212,183,148,-2,4,181,152,40,100,-28
14939,Jun 7 2008,World Cup & African Cup qual in Mauritania,Mauritania,Morocco,1209,1677,1,4,-8,8,1201,1685,155,41,-1,1,154,42,40,100,-368
14940,Jun 7 2008,South Asian Championship in the Maldives,Nepal,Pakistan,844,893,4,1,40,-40,884,853,196,209,4,-5,200,204,40,0,-49
14941,Jun 7 2008,World Cup qualifier in North Korea,North Korea,Turkmenistan,1511,1327,1,0,7,-7,1518,1320,81,129,1,-4,82,125,40,100,284
14942,Jun 7 2008,World Cup qualifier in Oman,Oman,Japan,1510,1766,1,1,8,-8,1518,1758,80,32,2,-1,82,31,40,100,-156
14943,Jun 7 2008,European Championship in Switzerland,Portugal,Turkey,1860,1812,2,0,32,-32,1892,1780,9,34,2,-8,11,26,50,0,48
14944,Jun 7 2008,World Cup qualifier in Saudi Arabia,Saudi Arabia,Lebanon,1642,1314,2,1,3,-3,1645,1311,49,130,0,-3,49,127,20,0,328
14945,Jun 7 2008,World Cup & African Cup qual in the Seychelles,Seychelles,Tunisia,1069,1613,0,2,-4,4,1065,1617,178,55,0,0,178,55,40,100,-444
14946,Jun 7 2008,World Cup & African Cup qual in Sierra Leone,Sierra Leone,Nigeria,1194,1723,0,1,-3,3,1191,1726,158,39,-1,0,157,39,40,100,-429
14947,Jun 7 2008,World Cup & African Cup qual in South Africa,South Africa,Equatorial Guinea,1509,1262,4,1,8,-8,1517,1254,83,142,1,-1,84,141,40,100,347
14948,Jun 7 2008,European Championship in Switzerland,Switzerland,Czechia,1793,1922,0,1,-23,23,1770,1945,35,8,-6,0,29,8,50,100,-29
14949,Jun 7 2008,Friendly in Trinidad and Tobago,Trinidad and Tobago,Jamaica,1512,1562,1,1,-1,1,1511,1563,88,67,-3,2,85,69,20,100,50
14950,Jun 7 2008,World Cup qualifier in the United Arab Emirates,United Arab Emirates,Iran,1488,1716,0,1,-13,13,1475,1729,96,34,-3,3,93,37,40,100,-128
14951,Jun 7 2008,World Cup qualifier in Uzbekistan,Uzbekistan,Singapore,1635,1351,1,0,4,-4,1639,1347,50,120,0,-2,50,118,40,100,384
14952,Jun 8 2008,Friendly in Antigua and Barbuda,Antigua and Barbuda,Saint Kitts and Nevis,1135,1155,2,0,12,-12,1147,1143,169,176,2,-4,171,172,20,100,80
14953,Jun 8 2008,European Championship in Austria,Austria,Croatia,1600,1870,0,1,-14,14,1586,1884,61,13,-1,0,60,13,50,100,-170
14954,Jun 8 2008,World Cup & African Cup qual in Benin,Benin,Uganda,1344,1407,4,1,31,-31,1375,1376,105,115,7,-5,112,110,30,0,-63
14955,Jun 8 2008,South Asian Championship in Sri Lanka,Bhutan,Afghanistan,605,871,3,1,49,-49,654,822,219,209,1,-3,220,206,40,0,-266
14956,Jun 8 2008,World Cup & African Cup qual in Congo,Congo,Sudan,1403,1358,1,0,12,-12,1415,1346,101,127,3,-7,104,120,40,100,145
14957,Jun 8 2008,World Cup & African Cup qual in the Dem Rep of the Congo,DR Congo,Malawi,1451,1303,1,0,8,-8,1459,1295,93,131,2,-1,95,130,40,100,248
14958,Jun 8 2008,World Cup & African Cup qual in Ethiopia,Ethiopia,Rwanda,1313,1353,1,2,-23,23,1290,1376,138,105,-6,5,132,110,40,100,60
14959,Jun 8 2008,World Cup & African Cup qual in The Gambia,Gambia,Senegal,1350,1604,0,0,8,-8,1358,1596,115,59,1,-1,116,58,40,100,-154
14960,Jun 8 2008,European Championship in Austria,Germany,Poland,1960,1786,2,0,20,-20,1980,1766,5,34,1,-5,6,29,50,0,174
14961,Jun 8 2008,World Cup & African Cup qual in South Africa,Ghana,Lesotho,1788,1154,3,2,1,-1,1789,1153,23,170,0,0,23,170,20,0,634
14962,Jun 8 2008,World Cup qualifier in Kuwait,Kuwait,Syria,1423,1550,4,2,32,-32,1455,1518,92,90,4,-9,96,81,40,100,-27
14963,Jun 8 2008,World Cup & African Cup qual in Madagascar,Madagascar,Ivory Coast,1253,1731,0,0,16,-16,1269,1715,136,42,3,-3,139,39,40,100,-378
14964,Jun 8 2008,World Cup & African Cup qual in Mauritius,Mauritius,Cameroon,1178,1771,0,3,-4,4,1174,1775,163,24,0,2,163,26,40,100,-493
14965,Jun 8 2008,Friendly in the United States,Mexico,Peru,1883,1633,4,0,7,-7,1890,1626,12,53,0,-1,12,52,20,0,250
14966,Jun 8 2008,World Cup & African Cup qual in Mozambique,Mozambique,Botswana,1323,1335,1,2,-25,25,1298,1360,135,109,-6,6,129,115,40,100,88
14967,Jun 8 2008,World Cup & African Cup qual in Niger,Niger,Angola,1261,1578,1,2,-9,9,1252,1587,146,52,-3,7,143,59,40,100,-217
14968,Jun 8 2008,South Asian Championship in Sri Lanka,Sri Lanka,Bangladesh,987,931,1,0,12,-12,999,919,186,197,1,-2,187,195,40,100,156
14969,Jun 8 2008,World Cup & African Cup qual in Swaziland,Swaziland,Togo,1137,1467,2,1,32,-32,1169,1435,156,105,8,-5,164,100,40,100,-230
14970,Jun 8 2008,Friendly in Trinidad and Tobago,Trinidad and Tobago,Guyana,1511,1340,2,0,5,-5,1516,1335,85,122,0,-1,85,121,20,100,271
14971,Jun 8 2008,Friendly in the United States,United States,Argentina,1791,2034,0,0,4,-4,1795,2030,22,4,0,-1,22,3,20,100,-143
14972,Jun 8 2008,World Cup & African Cup qual in Zimbabwe,Zimbabwe,Namibia,1472,1285,2,0,10,-10,1482,1275,88,139,3,-3,91,136,40,100,287
14973,Jun 9 2008,Friendly in Bermuda,Bermuda,Barbados,1130,1299,3,0,21,-21,1151,1278,168,138,3,-5,171,133,20,100,-69
14974,Jun 9 2008,European Championship in Switzerland,France,Romania,2007,1911,0,0,-7,7,2000,1918,4,10,0,0,4,10,50,0,96
14975,Jun 9 2008,European Championship in Switzerland,Netherlands,Italy,1973,2033,3,0,51,-51,2024,1982,-1,10,4,-4,3,6,50,0,-60
14976,Jun 9 2008,Friendly in the Netherlands Antilles,Netherlands Antilles,Venezuela,1165,1677,0,1,-2,2,1163,1679,167,44,-1,0,166,44,20,100,-412
14977,Jun 10 2008,Friendly in Grenada,Grenada,Jamaica,1217,1563,2,1,16,-16,1233,1547,145,75,3,-3,148,72,20,100,-246
14978,Jun 10 2008,European Championship in Austria,Spain,Russia,1987,1799,4,1,22,-22,2009,1777,3,29,1,-4,4,25,50,0,188
14979,Jun 10 2008,European Championship in Austria,Sweden,Greece,1783,1835,2,0,43,-43,1826,1792,6,29,9,-7,15,22,50,0,-52
14980,Jun 11 2008,South Asian Championship in the Maldives,India,Bhutan,1212,654,2,1,2,-2,1214,652,152,220,0,0,152,220,40,0,558
14981,Jun 11 2008,Friendly in Indonesia,Indonesia,Vietnam,1276,1284,1,0,7,-7,1283,1277,129,138,3,-3,132,135,20,100,92
14982,Jun 11 2008,European Championship in Switzerland,Portugal,Czechia,1892,1945,3,1,43,-43,1935,1902,5,14,3,-3,8,11,50,0,-53
14983,Jun 11 2008,South Asian Championship in Sri Lanka,Sri Lanka,Maldives,999,1048,0,1,-23,23,976,1071,189,175,-1,3,188,178,40,100,51
14984,Jun 11 2008,European Championship in Switzerland,Switzerland,Turkey,1770,1780,1,2,-31,31,1739,1811,38,12,-5,6,33,18,50,100,90
14985,Jun 12 2008,European Championship in Austria,Austria,Poland,1586,1766,1,1,6,-6,1592,1760,58,30,1,-1,59,29,50,100,-80
14986,Jun 12 2008,European Championship in Austria,Croatia,Germany,1884,1980,2,1,32,-32,1916,1948,9,7,2,0,11,7,50,0,-96
14987,Jun 13 2008,World Cup & African Cup qual in Djibouti,Djibouti,DR Congo,808,1459,0,6,-3,3,805,1462,207,95,0,0,207,95,30,100,-551
14988,Jun 13 2008,European Championship in Switzerland,Italy,Romania,1982,1918,1,1,-5,5,1977,1923,4,8,1,1,5,9,50,0,64
14989,Jun 13 2008,World Cup & African Cup qual in Mauritania,Mauritania,Ethiopia,1201,1290,0,1,-21,21,1180,1311,168,119,-7,6,161,125,40,100,11
14990,Jun 13 2008,European Championship in Switzerland,Netherlands,France,2024,2000,4,1,41,-41,2065,1959,-1,7,2,-1,1,6,50,0,24
14991,Jun 14 2008,World Cup qualifier in Bahrain,Bahrain,Oman,1551,1518,1,1,-7,7,1544,1525,76,75,-3,3,73,78,40,100,133
14992,Jun 14 2008,World Cup & African Cup qual in Botswana,Botswana,Ivory Coast,1360,1715,1,1,13,-13,1373,1702,117,41,-1,-1,116,40,40,100,-255
14993,Jun 14 2008,World Cup qualifier in Chad,Chad,Congo,1248,1415,2,1,24,-24,1272,1391,128,116,9,-6,137,110,40,100,-67
14994,Jun 14 2008,World Cup qualifier in China,China,Iraq,1532,1604,1,2,-22,22,1510,1626,87,47,-5,5,82,52,40,100,28
14995,Jun 14 2008,World Cup & African Cup qual in Gabon,Gabon,Ghana,1418,1789,2,0,50,-50,1468,1739,86,42,8,-9,94,33,40,100,-271
14996,Jun 14 2008,World Cup & African Cup qual in The Gambia,Gambia,Algeria,1358,1415,1,0,18,-18,1376,1397,112,112,2,-4,114,108,40,100,43
14997,Jun 14 2008,World Cup qualifier in Grenada,Grenada,Costa Rica,1233,1627,2,2,14,-14,1247,1613,144,61,2,-5,146,56,40,100,-294
14998,Jun 14 2008,World Cup qualifier in Guatemala,Guatemala,Saint Lucia,1500,1141,6,0,6,-6,1506,1135,78,174,5,0,83,174,40,100,459
14999,Jun 14 2008,World Cup & African Cup qual in Kenya,Kenya,Zimbabwe,1351,1482,2,0,33,-33,1384,1449,108,103,5,-6,113,97,40,100,-31
15000,Jun 14 2008,World Cup qualifier in Kuwait,Kuwait,United Arab Emirates,1455,1475,2,3,-25,25,1430,1500,106,80,-5,7,101,87,40,100,80
15001,Jun 14 2008,World Cup & African Cup qual in Malawi,Malawi,Egypt,1295,1816,1,0,37,-37,1332,1779,110,29,10,-6,120,23,40,100,-421
15002,Jun 14 2008,South Asian Championship in Sri Lanka,Maldives,India,1071,1214,1,0,28,-28,1099,1186,176,164,1,-6,177,158,40,0,-143
15003,Jun 14 2008,World Cup & African Cup qual in Namibia,Namibia,Guinea,1275,1556,1,2,-10,10,1265,1566,144,63,-4,3,140,66,40,100,-181
15004,Jun 14 2008,World Cup & African Cup qual in Niger,Niger,Benin,1252,1375,0,2,-28,28,1224,1403,159,102,-8,5,151,107,40,100,-23
15005,Jun 14 2008,World Cup qualifier in North Korea,North Korea,Jordan,1518,1500,2,0,20,-20,1538,1480,69,96,6,-4,75,92,40,100,118
15006,Jun 14 2008,World Cup qualifier in Peru,Peru,Colombia,1626,1818,1,1,5,-5,1631,1813,50,14,1,1,51,15,20,0,-192
15007,Jun 14 2008,World Cup qualifier in Puerto Rico,Puerto Rico,Honduras,955,1703,2,2,19,-19,974,1684,187,43,2,-1,189,42,40,0,-748
15008,Jun 14 2008,World Cup qualifier in Qatar,Qatar,Australia,1526,1715,1,3,-22,22,1504,1737,90,31,-6,4,84,35,40,100,-89
15009,Jun 14 2008,European Championship in Austria,Russia,Greece,1777,1792,1,0,26,-26,1803,1766,13,29,6,-3,19,26,50,0,-15
15010,Jun 14 2008,World Cup & African Cup qual in Rwanda,Rwanda,Morocco,1376,1685,3,1,46,-46,1422,1639,94,58,8,-8,102,50,40,100,-209
15011,Jun 14 2008,World Cup & African Cup qual in the Seychelles,Seychelles,Burkina Faso,1065,1381,2,3,-9,9,1056,1390,181,113,-1,-2,180,111,40,100,-216
15012,Jun 14 2008,World Cup & African Cup qual in Sierra Leone,Sierra Leone,South Africa,1191,1517,1,0,31,-31,1222,1486,148,94,4,-5,152,89,40,100,-226
15013,Jun 14 2008,World Cup qualifier in Singapore,Singapore,Saudi Arabia,1347,1645,0,2,-15,15,1332,1660,121,43,-1,3,120,46,40,100,-198
15014,Jun 14 2008,European Championship in Austria,Spain,Sweden,2009,1826,2,1,13,-13,2022,1813,4,15,0,0,4,15,50,0,183
15015,Jun 14 2008,World Cup & African Cup qual in Sudan,Sudan,Mali,1346,1586,3,2,28,-28,1374,1558,110,75,5,-7,115,68,40,100,-140
15016,Jun 14 2008,World Cup qualifier in Suriname,Suriname,Guyana,1222,1335,1,0,21,-21,1243,1314,145,127,3,-3,148,124,40,100,-13
15017,Jun 14 2008,World Cup qualifier in Syria,Syria,Iran,1518,1729,0,2,-21,21,1497,1750,95,26,-7,5,88,31,40,100,-111
15018,Jun 14 2008,World Cup & African Cup qual in Tanzania,Tanzania,Cameroon,1293,1775,0,0,16,-16,1309,1759,121,32,5,-3,126,29,40,100,-382
15019,Jun 14 2008,World Cup qualifier in Thailand,Thailand,Japan,1423,1758,0,3,-14,14,1409,1772,109,20,-4,5,105,25,40,100,-235
15020,Jun 14 2008,World Cup qualifier in Turkmenistan,Turkmenistan,South Korea,1320,1671,1,3,-11,11,1309,1682,128,42,-2,2,126,44,40,100,-251
15021,Jun 14 2008,World Cup & African Cup qual in Uganda,Uganda,Angola,1376,1587,3,1,39,-39,1415,1548,98,80,6,-10,104,70,40,100,-111
15022,Jun 14 2008,World Cup qualifier in Uruguay,Uruguay,Venezuela,1806,1679,1,1,-11,11,1795,1690,23,38,-2,3,21,41,40,100,227
15023,Jun 14 2008,World Cup qualifier in Uzbekistan,Uzbekistan,Lebanon,1639,1311,3,0,5,-5,1644,1306,48,133,1,-4,49,129,20,0,328
15024,Jun 14 2008,WC q & Oce Cup in Vanuatu,Vanuatu,New Caledonia,1227,1323,1,1,0,0,1227,1323,149,123,0,0,149,123,20,100,4
15025,Jun 15 2008,World Cup qualifier in Argentina,Argentina,Ecuador,2030,1677,1,1,-17,17,2013,1694,5,37,-1,4,4,41,40,100,453
15026,Jun 15 2008,World Cup qualifier in Bolivia,Bolivia,Chile,1579,1733,0,2,-25,25,1554,1758,73,25,-5,6,68,31,40,100,-54
15027,Jun 15 2008,World Cup & African Cup qual in Burundi,Burundi,Tunisia,1270,1617,0,1,-8,8,1262,1625,144,53,-3,1,141,54,40,100,-247
15028,Jun 15 2008,World Cup & African Cup qual in Equatorial Guinea,Equatorial Guinea,Nigeria,1254,1726,0,1,-4,4,1250,1730,148,37,-3,1,145,38,40,100,-372
15029,Jun 15 2008,World Cup qualifier in Haiti,Haiti,Netherlands Antilles,1525,1163,0,0,-17,17,1508,1180,84,160,-3,3,81,163,40,100,462
15030,Jun 15 2008,World Cup qualifier in Jamaica,Jamaica,Bahamas,1547,873,7,0,1,-1,1548,872,69,202,1,0,70,202,20,0,674
15031,Jun 15 2008,World Cup & African Cup qual in Liberia,Liberia,Senegal,1250,1596,2,2,12,-12,1262,1584,137,62,4,-2,141,60,40,100,-246
15032,Jun 15 2008,World Cup & African Cup qual in South Africa,Libya,Lesotho,1479,1153,1,0,5,-5,1484,1148,87,172,3,-1,90,171,40,0,326
15033,Jun 15 2008,Friendly in Macao,Macao,Hong Kong,729,1201,0,1,-2,2,727,1203,211,154,0,0,211,154,20,100,-372
15034,Jun 15 2008,World Cup & African Cup qual in Madagascar,Madagascar,Mozambique,1269,1298,1,1,-4,4,1265,1302,137,129,1,1,138,130,40,100,71
15035,Jun 15 2008,World Cup & African Cup qual in Mauritius,Mauritius,Cape Verde,1174,1324,0,1,-17,17,1157,1341,173,118,-5,2,168,120,40,100,-50
15036,Jun 15 2008,World Cup qualifier in the United States,Mexico,Belize,1890,1097,2,0,1,-1,1891,1096,9,178,2,0,11,178,40,0,793
15037,Jun 15 2008,World Cup qualifier in Panama,Panama,El Salvador,1585,1395,1,0,6,-6,1591,1389,58,113,1,-2,59,111,40,100,290
15038,Jun 15 2008,World Cup qualifier in Paraguay,Paraguay,Brazil,1805,2058,2,0,42,-42,1847,2016,10,4,4,-1,14,3,40,100,-153
15039,Jun 15 2008,World Cup qualifier in St Vincent & Grenadines,St Vincent & Grenadines,Canada,1300,1611,0,3,-16,16,1284,1627,132,47,-1,5,131,52,40,100,-211
15040,Jun 15 2008,World Cup & African Cup qual in Swaziland,Swaziland,Zambia,1169,1542,0,0,13,-13,1182,1529,158,80,3,-3,161,77,40,100,-273
15041,Jun 15 2008,European Championship in Switzerland,Switzerland,Portugal,1739,1935,2,0,48,-48,1787,1887,13,16,10,-4,23,12,50,100,-96
15042,Jun 15 2008,World Cup qualifier in Trinidad and Tobago,Trinidad and Tobago,Bermuda,1516,1151,1,2,-37,37,1479,1188,105,145,-12,13,93,158,40,100,465
15043,Jun 15 2008,European Championship in Switzerland,Turkey,Czechia,1811,1902,3,2,31,-31,1842,1871,13,14,2,-1,15,13,50,0,-91
15044,Jun 15 2008,World Cup qualifier in the United States,United States,Barbados,1795,1278,8,0,3,-3,1798,1275,21,137,0,-2,21,135,30,0,517
15045,Jun 16 2008,European Championship in Austria,Austria,Germany,1592,1948,0,1,-9,9,1583,1957,62,7,-2,0,60,7,50,100,-256
15046,Jun 16 2008,European Championship in Austria,Croatia,Poland,1916,1760,1,0,14,-14,1930,1746,6,39,2,-5,8,34,50,0,156
15047,Jun 17 2008,World Cup qualifier in Antigua and Barbuda,Antigua and Barbuda,Cuba,1147,1481,3,4,-8,8,1139,1489,174,85,-1,3,173,88,40,100,-234
15048,Jun 17 2008,European Championship in Switzerland,Italy,France,1977,1959,2,0,36,-36,2013,1923,3,10,1,-2,4,8,50,0,18
15049,Jun 17 2008,European Championship in Switzerland,Netherlands,Romania,2065,1923,2,0,23,-23,2088,1900,1,11,0,-1,1,10,50,0,142
15050,Jun 17 2008,World Cup qualifier in Uruguay,Uruguay,Peru,1795,1631,6,0,15,-15,1810,1616,16,61,3,-5,19,56,40,100,264
15051,Jun 18 2008,World Cup qualifier in Bolivia,Bolivia,Paraguay,1554,1847,4,2,45,-45,1599,1802,48,24,10,-5,58,19,40,100,-193
15052,Jun 18 2008,World Cup qualifier in Brazil,Brazil,Argentina,2016,2013,0,0,-6,6,2010,2019,7,2,-2,1,5,3,40,100,103
15053,Jun 18 2008,World Cup qualifier in Ecuador,Ecuador,Colombia,1694,1813,0,0,1,-1,1695,1812,41,17,0,0,41,17,20,100,-19
15054,Jun 18 2008,World Cup qualifier in Jamaica,Jamaica,Bahamas,1548,872,6,0,1,-1,1549,871,68,202,1,0,69,202,20,0,676
15055,Jun 18 2008,European Championship in Austria,Russia,Sweden,1803,1813,2,0,39,-39,1842,1774,8,31,6,-7,14,24,50,0,-10
15056,Jun 18 2008,European Championship in Austria,Spain,Greece,2022,1766,2,1,9,-9,2031,1757,2,33,0,-3,2,30,50,0,256
15057,Jun 19 2008,European Championship in Switzerland,Germany,Portugal,1957,1887,3,2,20,-20,1977,1867,6,14,0,-1,6,13,50,0,70
15058,Jun 19 2008,World Cup qualifier in Venezuela,Venezuela,Chile,1690,1758,2,3,-22,22,1668,1780,48,17,-3,6,45,23,40,100,32
15059,Jun 20 2008,World Cup & African Cup qual in Algeria,Algeria,Gambia,1397,1376,1,0,13,-13,1410,1363,102,122,3,-4,105,118,40,100,121
15060,Jun 20 2008,World Cup qualifier in Canada,Canada,St Vincent & Grenadines,1627,1284,4,1,5,-5,1632,1279,51,133,0,-1,51,132,40,100,443
15061,Jun 20 2008,European Championship in Austria,Croatia,Turkey,1930,1842,1,1,-6,6,1924,1848,7,14,0,0,7,14,50,0,88
15062,Jun 20 2008,World Cup & African Cup qual in Libya,Libya,Lesotho,1484,1148,4,0,6,-6,1490,1142,85,173,3,-1,88,172,40,100,436
15063,Jun 21 2008,World Cup & African Cup qual in Burkina Faso,Burkina Faso,Seychelles,1390,1056,4,1,5,-5,1395,1051,108,180,1,0,109,180,40,100,434
15064,Jun 21 2008,World Cup & African Cup qual in Cameroon,Cameroon,Tanzania,1759,1309,2,1,2,-2,1761,1307,29,130,0,-2,29,128,30,0,450
15065,Jun 21 2008,World Cup qualifier in Costa Rica,Costa Rica,Grenada,1613,1247,3,0,4,-4,1617,1243,55,148,1,-1,56,147,20,0,366
15066,Jun 21 2008,World Cup qualifier in the United States,Guatemala,Saint Lucia,1506,1135,3,1,6,-6,1512,1129,78,174,2,0,80,174,40,0,371
15067,Jun 21 2008,World Cup qualifier in Mexico,Mexico,Belize,1891,1096,7,0,1,-1,1892,1095,13,178,-1,0,12,178,30,0,795
15068,Jun 21 2008,World Cup & African Cup qual in Morocco,Morocco,Rwanda,1639,1422,2,0,8,-8,1647,1414,48,106,1,-2,49,104,40,100,317
15069,Jun 21 2008,WC q & Oce Cup in New Caledonia,New Caledonia,Vanuatu,1323,1227,3,0,21,-21,1344,1206,117,157,3,-4,120,153,50,100,196
15070,Jun 21 2008,World Cup & African Cup qual in Nigeria,Nigeria,Equatorial Guinea,1730,1250,2,0,2,-2,1732,1248,38,145,0,0,38,145,20,0,480
15071,Jun 21 2008,European Championship in Switzerland,Russia,Netherlands,1842,2088,3,1,60,-60,1902,2028,5,3,5,-1,10,2,50,0,-246
15072,Jun 21 2008,World Cup & African Cup qual in Senegal,Senegal,Liberia,1584,1262,3,1,5,-5,1589,1257,60,143,0,-1,60,142,40,100,422
15073,Jun 21 2008,World Cup & African Cup qual in South Africa,South Africa,Sierra Leone,1486,1222,0,0,-16,16,1470,1238,96,146,-3,3,93,149,40,100,364
15074,Jun 21 2008,World Cup & African Cup qual in Tunisia,Tunisia,Burundi,1625,1262,2,1,3,-3,1628,1259,51,141,1,0,52,141,30,0,363
15075,Jun 21 2008,World Cup & African Cup qual in Zambia,Zambia,Swaziland,1529,1182,1,0,3,-3,1532,1179,77,167,0,-3,77,164,40,100,447
15076,Jun 22 2008,World Cup qualifier in Australia,Australia,China,1737,1510,0,1,-35,35,1702,1545,44,67,-4,7,40,74,40,100,327
15077,Jun 22 2008,World Cup qualifier in Barbados,Barbados,United States,1275,1798,0,1,-3,3,1272,1801,137,21,-1,0,136,21,40,100,-423
15078,Jun 22 2008,World Cup & African Cup qual in Benin,Benin,Niger,1403,1224,2,0,10,-10,1413,1214,104,151,2,0,106,151,40,100,279
15079,Jun 22 2008,World Cup qualifier in Bermuda,Bermuda,Trinidad and Tobago,1188,1479,0,2,-15,15,1173,1494,168,82,-5,5,163,87,40,100,-191
15080,Jun 22 2008,World Cup & African Cup qual in Cape Verde,Cape Verde,Mauritius,1341,1157,3,1,10,-10,1351,1147,121,172,0,-2,121,170,40,100,284
15081,Jun 22 2008,World Cup qualifier in Congo,Congo,Chad,1391,1272,2,0,13,-13,1404,1259,108,141,1,-2,109,139,40,100,219
15082,Jun 22 2008,World Cup qualifier in Cuba,Cuba,Antigua and Barbuda,1489,1139,4,0,5,-5,1494,1134,85,173,2,0,87,173,40,100,450
15083,Jun 22 2008,World Cup & African Cup qual in the Dem Rep of the Congo,DR Congo,Djibouti,1462,805,5,1,1,-1,1463,804,91,207,2,0,93,207,20,0,657
15084,Jun 22 2008,World Cup & African Cup qual in Egypt,Egypt,Malawi,1779,1332,2,0,2,-2,1781,1330,22,124,1,-1,23,123,20,0,447
15085,Jun 22 2008,World Cup qualifier in El Salvador,El Salvador,Panama,1389,1591,3,1,39,-39,1428,1552,91,77,10,-9,101,68,40,100,-102
15086,Jun 22 2008,World Cup & African Cup qual in Ethiopia,Ethiopia,Mauritania,1311,1180,6,1,17,-17,1328,1163,123,170,1,-4,124,166,40,100,231
15087,Jun 22 2008,World Cup & African Cup qual in Ghana,Ghana,Gabon,1739,1468,2,0,6,-6,1745,1462,35,94,0,0,35,94,40,100,371
15088,Jun 22 2008,World Cup & African Cup qual in Guinea,Guinea,Namibia,1566,1265,4,0,7,-7,1573,1258,62,144,2,-3,64,141,40,100,401
15089,Jun 22 2008,World Cup qualifier in Guyana,Guyana,Suriname,1314,1243,1,2,-29,29,1285,1272,134,125,-5,11,129,136,40,100,171
15090,Jun 22 2008,World Cup qualifier in Iran,Iran,Kuwait,1750,1430,2,0,5,-5,1755,1425,30,103,1,-1,31,102,40,100,420
15091,Jun 22 2008,European Championship in Austria,Italy,Spain,2013,2031,0,0,1,-1,2014,2030,4,1,0,0,4,1,20,0,-18
15092,Jun 22 2008,World Cup & African Cup qual in Ivory Coast,Ivory Coast,Botswana,1702,1373,4,0,6,-6,1708,1367,38,115,1,0,39,115,40,100,429
15093,Jun 22 2008,World Cup qualifier in Japan,Japan,Bahrain,1772,1544,1,0,5,-5,1777,1539,23,77,2,-2,25,75,40,100,328
15094,Jun 22 2008,World Cup qualifier in Jordan,Jordan,Turkmenistan,1480,1309,2,0,10,-10,1490,1299,87,130,2,-2,89,128,40,100,271
15095,Jun 22 2008,World Cup qualifier in Lebanon,Lebanon,Singapore,1306,1332,1,2,-24,24,1282,1356,133,118,-2,2,131,120,40,100,74
15096,Jun 22 2008,World Cup & African Cup qual in Mali,Mali,Sudan,1558,1374,3,0,11,-11,1569,1363,62,120,3,-3,65,117,40,100,284
15097,Jun 22 2008,World Cup & African Cup qual in Mozambique,Mozambique,Madagascar,1302,1265,3,0,22,-22,1324,1243,120,156,5,-9,125,147,40,100,137
15098,Jun 22 2008,World Cup qualifier in the Netherlands Antilles,Netherlands Antilles,Haiti,1180,1508,0,1,-8,8,1172,1516,166,84,-2,-1,164,83,40,100,-228
15099,Jun 22 2008,World Cup qualifier in Oman,Oman,Thailand,1525,1409,2,1,9,-9,1534,1400,78,114,0,-4,78,110,40,100,216
15100,Jun 22 2008,World Cup qualifier in the United Arab Emirates,Qatar,Iraq,1504,1626,1,0,27,-27,1531,1599,79,61,2,-4,81,57,40,0,-122
15101,Jun 22 2008,World Cup qualifier in Saudi Arabia,Saudi Arabia,Uzbekistan,1660,1644,4,0,25,-25,1685,1619,38,56,4,-3,42,53,40,100,116
15102,Jun 22 2008,World Cup qualifier in South Korea,South Korea,North Korea,1682,1538,0,0,-12,12,1670,1550,46,64,-1,5,45,69,40,100,244
15103,Jun 22 2008,World Cup qualifier in the United Arab Emirates,United Arab Emirates,Syria,1500,1497,1,3,-39,39,1461,1536,104,67,-9,10,95,77,40,100,103
15104,Jun 22 2008,World Cup & African Cup qual in Zimbabwe,Zimbabwe,Kenya,1449,1384,0,0,-9,9,1440,1393,101,111,-2,1,99,112,40,100,165
15105,Jun 23 2008,World Cup & African Cup qual in Angola,Angola,Uganda,1548,1415,0,0,-12,12,1536,1427,80,100,-4,2,76,102,40,100,233
15106,Jun 25 2008,European Championship in Switzerland,Germany,Turkey,1977,1848,3,2,16,-16,1993,1832,6,17,0,-1,6,16,50,0,129
15107,Jun 26 2008,European Championship in Austria,Spain,Russia,2030,1902,3,0,28,-28,2058,1874,1,14,0,-2,1,12,50,0,128
15108,Jun 28 2008,World Cup & African Cup qual in Gabon,Gabon,Lesotho,1462,1142,2,0,5,-5,1467,1137,92,172,1,0,93,172,40,100,420
15109,Jun 29 2008,European Championship in Austria,Spain,Germany,2058,1993,1,0,20,-20,2078,1973,1,6,0,0,1,6,50,0,65
15110,Jul 6 2008,Friendly tournament in Malawi,Malawi,Kenya,1330,1393,0,0,-2,2,1328,1395,123,110,0,1,123,111,30,100,37
15111,Jul 7 2008,Friendly tournament in the Solomon Islands,Solomon Islands,Vanuatu,1309,1206,1,2,-23,23,1286,1229,130,147,-2,3,128,150,30,100,203
15112,Jul 8 2008,Friendly in Trinidad and Tobago,Trinidad and Tobago,Guyana,1494,1285,2,0,4,-4,1498,1281,87,133,0,-2,87,131,20,100,309
15113,Jul 17 2008,Friendly in Trinidad and Tobago,Trinidad and Tobago,Netherlands Antilles,1498,1172,2,0,2,-2,1500,1170,87,164,0,0,87,164,20,100,426
15114,Jul 19 2008,COSAFA Cup in South Africa,Madagascar,Swaziland,1243,1179,1,1,-4,4,1239,1183,149,157,-1,2,148,159,20,100,164
15115,Jul 19 2008,COSAFA Cup in South Africa,Seychelles,Mauritius,1051,1147,7,0,57,-57,1108,1090,170,188,5,-9,175,179,40,0,-96
15116,Jul 20 2008,Friendly in the United States,El Salvador,Guatemala,1428,1512,0,0,2,-2,1430,1510,101,84,0,0,101,84,20,0,-84
15117,Jul 20 2008,COSAFA Cup in South Africa,Malawi,Lesotho,1328,1137,1,0,10,-10,1338,1127,123,175,0,-2,123,173,40,0,191
15118,Jul 20 2008,COSAFA Cup in South Africa,Namibia,Comoros,1258,844,3,0,6,-6,1264,838,137,204,2,0,139,204,40,0,414
15119,Jul 21 2008,COSAFA Cup in South Africa,Madagascar,Seychelles,1239,1108,1,1,-7,7,1232,1115,150,175,-1,0,149,175,40,0,131
15120,Jul 21 2008,COSAFA Cup in South Africa,Mauritius,Swaziland,1090,1183,1,1,5,-5,1095,1178,177,165,1,-3,178,162,40,0,-93
15121,Jul 22 2008,Friendly in India,India,Malaysia,1186,1155,1,1,-4,4,1182,1159,160,167,-1,1,159,168,20,100,131
15122,Jul 22 2008,COSAFA Cup in South Africa,Lesotho,Namibia,1127,1264,1,1,8,-8,1135,1256,169,145,2,-3,171,142,40,0,-137
15123,Jul 22 2008,COSAFA Cup in South Africa,Malawi,Comoros,1338,838,1,0,2,-2,1340,836,123,204,0,0,123,204,30,0,500
15124,Jul 23 2008,COSAFA Cup in South Africa,Madagascar,Mauritius,1232,1095,2,1,12,-12,1244,1083,145,180,2,-1,147,179,40,0,137
15125,Jul 23 2008,COSAFA Cup in South Africa,Swaziland,Seychelles,1178,1115,1,0,16,-16,1194,1099,150,177,6,-1,156,176,40,0,63
15126,Jul 24 2008,COSAFA Cup in South Africa,Lesotho,Comoros,1135,836,1,0,6,-6,1141,830,171,204,0,0,171,204,40,0,299
15127,Jul 24 2008,COSAFA Cup in South Africa,Namibia,Malawi,1256,1340,1,0,25,-25,1281,1315,120,127,11,-2,131,125,40,0,-84
15128,Jul 26 2008,Friendly in the United States,El Salvador,Jamaica,1430,1549,0,0,3,-3,1433,1546,101,74,0,-2,101,72,20,0,-119
15129,Jul 26 2008,COSAFA Cup in South Africa,Madagascar,Angola,1244,1536,1,0,34,-34,1278,1502,119,96,14,-10,133,86,40,0,-292
15130,Jul 26 2008,COSAFA Cup in South Africa,South Africa,Namibia,1470,1281,1,0,6,-6,1476,1275,92,141,0,-5,92,136,40,100,289
15131,Jul 27 2008,COSAFA Cup in South Africa,Mozambique,Botswana,1324,1367,2,0,34,-34,1358,1333,112,131,6,-8,118,123,40,0,-43
15132,Jul 27 2008,CONCACAF Ch & Car Ch q in the Netherlands Antilles,Netherlands Antilles,Aruba,1170,900,0,0,-16,16,1154,916,174,194,-5,2,169,196,40,100,370
15133,Jul 27 2008,COSAFA Cup in South Africa,Zambia,Zimbabwe,1532,1440,0,0,-5,5,1527,1445,81,99,-1,0,80,99,20,100,192
15134,Jul 29 2008,CONCACAF Ch & Car Ch q in the Netherlands Antilles,Grenada,Aruba,1243,916,3,1,8,-8,1251,908,142,200,3,-2,145,198,40,0,327
15135,Jul 30 2008,Asian Cup q & Asian Chlg Cup in India,India,Afghanistan,1182,822,1,0,3,-3,1185,819,158,206,1,0,159,206,30,0,360
15136,Jul 30 2008,COSAFA Cup in South Africa,Mozambique,Madagascar,1358,1278,2,1,15,-15,1373,1263,110,147,4,-7,114,140,40,0,80
15137,Jul 30 2008,COSAFA Cup in South Africa,South Africa,Zambia,1476,1527,1,0,17,-17,1493,1510,86,84,3,-2,89,82,30,0,-51
15138,Jul 30 2008,Asian Cup q & Asian Chlg Cup in India,Tajikistan,Turkmenistan,1274,1299,0,0,1,-1,1275,1298,133,127,2,0,135,127,20,0,-25
15139,Jul 30 2008,Friendly in Trinidad and Tobago,Trinidad and Tobago,Haiti,1500,1516,2,0,11,-11,1511,1505,75,86,6,-2,81,84,20,100,84
15140,Jul 31 2008,Asian Cup q & Asian Chlg Cup in India,Myanmar,Nepal,1165,884,3,0,12,-12,1177,872,164,202,0,-1,164,201,40,0,281
15141,Jul 31 2008,Asian Cup q & Asian Chlg Cup in India,North Korea,Sri Lanka,1550,976,3,0,2,-2,1552,974,67,188,1,0,68,188,30,0,574
15142,Jul 31 2008,CONCACAF Ch & Car Ch q in the Netherlands Antilles,Netherlands Antilles,Grenada,1154,1251,2,0,30,-30,1184,1221,151,157,9,-6,160,151,40,100,3
15143,Aug 1 2008,Asian Cup q & Asian Chlg Cup in India,India,Tajikistan,1185,1275,1,1,-1,1,1184,1276,159,135,0,0,159,135,40,100,10
15144,Aug 1 2008,Asian Cup q & Asian Chlg Cup in India,Turkmenistan,Afghanistan,1298,819,5,0,5,-5,1303,814,127,206,0,0,127,206,40,0,479
15145,Aug 2 2008,Asian Cup q & Asian Chlg Cup in India,Myanmar,Sri Lanka,1177,974,3,1,14,-14,1191,960,150,194,7,-3,157,191,40,0,203
15146,Aug 2 2008,Asian Cup q & Asian Chlg Cup in India,North Korea,Nepal,1552,872,1,0,1,-1,1553,871,68,201,0,0,68,201,30,0,680
15147,Aug 3 2008,Asian Cup q & Asian Chlg Cup in India,India,Turkmenistan,1184,1303,2,1,21,-21,1205,1282,148,131,6,-2,154,129,40,100,-19
15148,Aug 3 2008,COSAFA Cup in South Africa,South Africa,Mozambique,1493,1373,2,1,9,-9,1502,1364,85,118,2,-2,87,116,40,100,220
15149,Aug 3 2008,Asian Cup q & Asian Chlg Cup in India,Tajikistan,Afghanistan,1276,814,4,0,5,-5,1281,809,127,206,4,0,131,206,40,0,462
15150,Aug 3 2008,COSAFA Cup in South Africa,Zambia,Madagascar,1510,1263,2,0,12,-12,1522,1251,78,148,2,-4,80,144,40,0,247
15151,Aug 4 2008,Asian Cup q & Asian Chlg Cup in India,Nepal,Sri Lanka,871,960,3,0,44,-44,915,916,191,199,5,-4,196,195,40,0,-89
15152,Aug 4 2008,Asian Cup q & Asian Chlg Cup in India,North Korea,Myanmar,1553,1191,1,0,4,-4,1557,1187,68,162,0,-2,68,160,40,0,362
15153,Aug 6 2008,Friendly in the United States,Guatemala,Bolivia,1510,1599,3,0,22,-22,1532,1577,75,69,4,-6,79,63,20,0,-89
15154,Aug 7 2008,Asian Cup q & Asian Chlg Cup in India,India,Myanmar,1205,1187,1,0,13,-13,1218,1174,150,168,2,-4,152,164,40,100,118
15155,Aug 7 2008,West Asian Championship in Iran,Iran,Palestine,1755,1190,3,0,1,-1,1756,1189,31,159,0,0,31,159,20,0,565
15156,Aug 7 2008,West Asian Championship in Iran,Jordan,Syria,1490,1536,0,0,3,-3,1493,1533,90,78,0,-1,90,77,40,0,-46
15157,Aug 7 2008,Asian Cup q & Asian Chlg Cup in India,Tajikistan,North Korea,1281,1557,1,0,33,-33,1314,1524,121,92,5,-12,126,80,40,0,-276
15158,Aug 8 2008,CONCACAF Ch & Car Ch q in Guyana,Guyana,Dominica,1281,1000,3,0,7,-7,1288,993,124,188,4,-1,128,187,40,100,381
15159,Aug 9 2008,West Asian Championship in Iran,Qatar,Palestine,1531,1189,1,0,5,-5,1536,1184,73,159,3,0,76,159,40,0,342
15160,Aug 9 2008,CONCACAF Ch & Car Ch q in Guyana,Suriname,Dominica,1272,993,3,1,10,-10,1282,983,125,187,6,0,131,187,40,0,279
15161,Aug 9 2008,West Asian Championship in Iran,Syria,Oman,1533,1534,2,1,20,-20,1553,1514,59,89,9,-7,68,82,40,0,-1
15162,Aug 10 2008,CONCACAF Ch & Car Ch q in Guyana,Guyana,Suriname,1288,1282,1,1,-6,6,1282,1288,134,125,-3,3,131,128,40,100,106
15163,Aug 10 2008,Friendly in Haiti,Haiti,Trinidad and Tobago,1505,1511,1,0,7,-7,1512,1504,82,85,1,-1,83,84,20,100,94
15164,Aug 11 2008,West Asian Championship in Iran,Iran,Qatar,1756,1536,6,1,11,-11,1767,1525,25,80,3,-2,28,78,40,100,320
15165,Aug 11 2008,West Asian Championship in Iran,Jordan,Oman,1493,1514,3,1,32,-32,1525,1482,66,102,12,-10,78,92,40,0,-21
15166,Aug 13 2008,Asian Cup q & Asian Chlg Cup in India,India,Tajikistan,1218,1314,4,1,35,-35,1253,1279,134,140,9,-7,143,133,40,100,4
15167,Aug 13 2008,West Asian Championship in Iran,Iran,Syria,1767,1553,2,0,8,-8,1775,1545,24,78,2,-5,26,73,40,100,314
15168,Aug 13 2008,West Asian Championship in Iran,Jordan,Qatar,1525,1525,3,0,35,-35,1560,1490,58,100,10,-11,68,89,40,0,0
15169,Aug 13 2008,Asian Cup q & Asian Chlg Cup in India,North Korea,Myanmar,1524,1174,4,0,9,-9,1533,1165,76,166,2,-1,78,165,40,0,350
15170,Aug 14 2008,Friendly in the United States,Trinidad and Tobago,El Salvador,1504,1433,3,1,12,-12,1516,1421,81,105,1,-2,82,103,20,0,71
15171,Aug 15 2008,West Asian Championship in Iran,Iran,Jordan,1775,1560,2,1,6,-6,1781,1554,20,68,3,0,23,68,40,100,315
15172,Aug 19 2008,Friendly in England,Australia,South Africa,1702,1502,2,2,-5,5,1697,1507,40,82,0,2,40,84,20,0,200
15173,Aug 19 2008,Friendly in France,Gabon,Mali,1467,1569,1,0,13,-13,1480,1556,93,69,0,-2,93,67,20,0,-102
15174,Aug 20 2008,Friendly in Albania,Albania,Liechtenstein,1485,1179,2,0,3,-3,1488,1176,91,163,0,0,91,163,20,100,406
15175,Aug 20 2008,Friendly in France,Algeria,United Arab Emirates,1410,1461,1,0,11,-11,1421,1450,99,97,4,-1,103,96,20,0,-51
15176,Aug 20 2008,Friendly in France,Austria,Italy,1583,2014,2,2,8,-8,1591,2006,57,6,1,-1,58,5,20,0,-431
15177,Aug 20 2008,Friendly in Bahrain,Bahrain,Burkina Faso,1539,1395,3,1,6,-6,1545,1389,71,115,2,-2,73,113,20,100,244
15178,Aug 20 2008,Friendly in Belarus,Belarus,Argentina,1583,2019,0,0,7,-7,1590,2012,59,3,0,0,59,3,20,100,-336
15179,Aug 20 2008,Friendly in Bolivia,Bolivia,Panama,1577,1552,1,0,7,-7,1584,1545,61,77,1,-4,62,73,20,100,125
15180,Aug 20 2008,Friendly in Bosnia and Herzegovina,Bosnia and Herzegovina,Bulgaria,1538,1802,1,2,-6,6,1532,1808,80,19,-2,0,78,19,20,100,-164
15181,Aug 20 2008,World Cup qualifier in Canada,Canada,Jamaica,1632,1546,1,1,-10,10,1622,1556,52,62,-1,5,51,67,40,100,186
15182,Aug 20 2008,World Cup qualifier in Costa Rica,Costa Rica,El Salvador,1617,1421,1,0,6,-6,1623,1415,45,105,5,-1,50,104,40,100,296
15183,Aug 20 2008,World Cup qualifier in Cuba,Cuba,Trinidad and Tobago,1494,1516,1,3,-37,37,1457,1553,100,58,-6,12,94,70,40,100,78
15184,Aug 20 2008,Friendly in Denmark,Denmark,Spain,1836,2078,0,3,-11,11,1825,2089,19,1,-2,0,17,1,20,100,-142
15185,Aug 20 2008,Friendly in France,DR Congo,Togo,1463,1435,2,1,9,-9,1472,1426,92,102,1,-1,93,101,20,0,28
15186,Aug 20 2008,Friendly in the United States,Ecuador,Colombia,1695,1812,1,0,13,-13,1708,1799,39,23,1,-3,40,20,20,0,-117
15187,Aug 20 2008,Friendly in England,England,Czechia,1921,1871,2,2,-4,4,1917,1875,9,13,0,0,9,13,20,100,150
15188,Aug 20 2008,Friendly in Estonia,Estonia,Malta,1407,1253,2,1,4,-4,1411,1249,106,149,1,-3,107,146,20,100,254
15189,Aug 20 2008,Friendly in Finland,Finland,Israel,1660,1762,2,0,15,-15,1675,1747,45,37,1,-4,46,33,20,100,-2
15190,Aug 20 2008,Friendly in Germany,Germany,Belgium,1973,1619,2,0,2,-2,1975,1617,6,53,0,0,6,53,20,100,454
15191,Aug 20 2008,World Cup qualifier in Guatemala,Guatemala,United States,1532,1801,0,1,-11,11,1521,1812,83,15,-2,3,81,18,40,100,-169
15192,Aug 20 2008,World Cup qualifier in Haiti,Haiti,Suriname,1512,1288,2,2,-15,15,1497,1303,91,127,-4,0,87,127,40,100,324
15193,Aug 20 2008,Friendly in Hungary,Hungary,Montenegro,1579,1683,3,3,0,0,1579,1683,64,42,-1,1,63,43,20,100,-4
15194,Aug 20 2008,Friendly in Iceland,Iceland,Azerbaijan,1417,1367,1,1,-4,4,1413,1371,108,117,-2,-1,106,116,20,100,150
15195,Aug 20 2008,Friendly in France,Ivory Coast,Guinea,1708,1573,2,1,6,-6,1714,1567,39,68,0,-2,39,66,20,0,135
15196,Aug 20 2008,Friendly in Japan,Japan,Uruguay,1777,1810,1,3,-18,18,1759,1828,32,14,-3,2,29,16,20,100,67
15197,Aug 20 2008,World Cup qualifier in Kazakhstan,Kazakhstan,Andorra,1357,1059,3,0,6,-6,1363,1053,117,180,1,0,118,180,40,100,398
15198,Aug 20 2008,Friendly in Libya,Libya,Senegal,1490,1589,0,0,0,0,1490,1589,91,64,-1,-3,90,61,20,100,1
15199,Aug 20 2008,Friendly in Lithuania,Lithuania,Moldova,1568,1504,3,0,10,-10,1578,1494,63,93,1,-4,64,89,20,100,164
15200,Aug 20 2008,Friendly in Luxembourg,Luxembourg,Macedonia,1040,1566,1,4,-3,3,1037,1569,184,64,0,1,184,65,20,100,-426
15201,Aug 20 2008,World Cup qualifier in Mexico,Mexico,Honduras,1892,1684,2,1,6,-6,1898,1678,11,45,0,-1,11,44,40,100,308
15202,Aug 20 2008,Friendly in Morocco,Morocco,Benin,1647,1413,3,1,4,-4,1651,1409,47,110,1,-2,48,108,20,100,334
15203,Aug 20 2008,Friendly in Mozambique,Mozambique,Swaziland,1364,1194,3,0,6,-6,1370,1188,118,159,-1,-1,117,158,20,100,270
15204,Aug 20 2008,Friendly in Norway,Norway,Ireland,1736,1774,1,1,-2,2,1734,1776,36,21,0,3,36,24,20,100,62
15205,Aug 20 2008,Friendly in Oman,Oman,Uzbekistan,1482,1619,2,0,17,-17,1499,1602,80,59,6,-3,86,56,20,100,-37
15206,Aug 20 2008,Friendly in Switzerland,Paraguay,Saudi Arabia,1802,1685,1,1,-3,3,1799,1688,21,42,-1,0,20,42,20,0,117
15207,Aug 20 2008,Friendly in Portugal,Portugal,Faroe Islands,1867,1156,5,0,0,0,1867,1156,14,169,0,0,14,169,20,100,811
15208,Aug 20 2008,Friendly in Qatar,Qatar,Tajikistan,1490,1279,5,0,6,-6,1496,1273,87,141,1,-4,88,137,20,100,311
15209,Aug 20 2008,Friendly in Romania,Romania,Latvia,1900,1519,1,0,1,-1,1901,1518,10,85,0,-2,10,83,20,100,481
15210,Aug 20 2008,Friendly in Russia,Russia,Netherlands,1874,2028,1,1,2,-2,1876,2026,12,2,0,0,12,2,20,100,-54
15211,Aug 20 2008,Friendly in Scotland,Scotland,Northern Ireland,1755,1583,0,0,-7,7,1748,1590,32,59,0,0,32,59,20,100,272
15212,Aug 20 2008,Friendly in Slovakia,Slovakia,Greece,1623,1757,0,2,-14,14,1609,1771,58,21,-3,5,55,26,20,100,-34
15213,Aug 20 2008,Friendly in Slovenia,Slovenia,Croatia,1549,1924,2,3,-3,3,1546,1927,74,9,-2,-1,72,8,20,100,-275
15214,Aug 20 2008,Friendly in Sudan,Sudan,Egypt,1363,1781,4,0,32,-32,1395,1749,105,39,6,-8,111,31,20,100,-318
15215,Aug 20 2008,Friendly in Sweden,Sweden,France,1774,1923,2,3,-9,9,1765,1932,27,6,0,1,27,7,20,100,-49
15216,Aug 20 2008,Friendly in Switzerland,Switzerland,Cyprus,1787,1534,4,1,4,-4,1791,1530,22,81,0,-2,22,79,20,100,353
15217,Aug 20 2008,Friendly in Tanzania,Tanzania,Ghana,1307,1745,1,1,7,-7,1314,1738,126,35,0,0,126,35,20,100,-338
15218,Aug 20 2008,Friendly in Tunisia,Tunisia,Angola,1628,1502,1,1,-6,6,1622,1508,51,81,0,3,51,84,20,100,226
15219,Aug 20 2008,Friendly in Turkey,Turkey,Chile,1832,1780,1,0,6,-6,1838,1774,14,25,1,0,15,25,20,100,152
15220,Aug 20 2008,Friendly in Ukraine,Ukraine,Poland,1749,1746,1,0,7,-7,1756,1739,27,34,3,0,30,34,20,100,103
15221,Aug 20 2008,Friendly in Venezuela,Venezuela,Syria,1668,1545,4,1,8,-8,1676,1537,44,79,1,-3,45,76,20,100,223
15222,Aug 20 2008,Friendly in Wales,Wales,Georgia,1654,1503,1,2,-16,16,1638,1519,50,78,-1,4,49,82,20,100,251
15223,Aug 20 2008,Friendly in Zimbabwe,Zimbabwe,Botswana,1445,1333,1,0,5,-5,1450,1328,93,123,3,0,96,123,20,100,212
15224,Aug 21 2008,Friendly tournament in Indonesia,Indonesia,Cambodia,1283,797,7,0,2,-2,1285,795,129,210,0,0,129,210,30,100,586
15225,Aug 22 2008,Friendly tournament in Indonesia,Myanmar,Cambodia,1165,795,7,1,7,-7,1172,788,165,210,0,0,165,210,30,0,370
15226,Aug 24 2008,Friendly in Libya,Libya,Chad,1490,1259,3,0,5,-5,1495,1254,88,144,1,-2,89,142,20,100,331
15227,Aug 24 2008,Friendly in Qatar,Qatar,North Korea,1496,1533,2,1,8,-8,1504,1525,84,81,2,-2,86,79,20,100,63
15228,Aug 25 2008,Friendly tournament in Indonesia,Indonesia,Myanmar,1285,1172,4,0,13,-13,1298,1159,127,169,1,-2,128,167,20,0,113
15229,Aug 27 2008,CONCACAF Ch & Car Ch q in the Cayman Islands,Antigua and Barbuda,Bermuda,1134,1173,4,0,42,-42,1176,1131,154,180,9,-8,163,172,40,0,-39
15230,Aug 27 2008,CONCACAF Ch & Car Ch q in the Cayman Islands,Cayman Islands,Saint Martin,961,997,3,0,29,-29,990,968,182,192,4,-3,186,189,30,0,-36
15231,Aug 27 2008,Friendly in Iran,Iran,Azerbaijan,1781,1371,1,0,1,-1,1782,1370,23,116,0,0,23,116,20,100,510
15232,Aug 27 2008,Friendly in Libya,Libya,Niger,1495,1214,6,2,4,-4,1499,1210,85,155,2,-1,87,154,20,100,381
15233,Aug 29 2008,Friendly in the United Arab Emirates,United Arab Emirates,Bahrain,1450,1545,2,3,-10,10,1440,1555,102,65,-3,4,99,69,20,100,5
15234,Aug 29 2008,Friendly in Uzbekistan,Uzbekistan,North Korea,1602,1525,0,0,-5,5,1597,1530,58,77,-1,1,57,78,20,100,177
15235,Aug 30 2008,CONCACAF Ch & Car Ch q in the Cayman Islands,Bermuda,Saint Martin,1131,968,7,0,25,-25,1156,943,166,193,3,-2,169,191,40,0,163
15236,Aug 30 2008,CONCACAF Ch & Car Ch q in the Cayman Islands,Cayman Islands,Antigua and Barbuda,990,1176,1,1,5,-5,995,1171,186,165,0,-1,186,164,20,0,-186
15237,Aug 30 2008,Friendly in Saudi Arabia,Saudi Arabia,Qatar,1688,1504,2,1,3,-3,1691,1501,42,86,0,0,42,86,20,100,284
15238,Aug 30 2008,Friendly in Suriname,Suriname,French Guiana,1303,1212,2,1,5,-5,1308,1207,127,155,0,-1,127,154,20,100,191
15239,Aug 31 2008,CONCACAF Ch & Car Ch q in the Cayman Islands,Antigua and Barbuda,Saint Martin,1171,943,3,2,8,-8,1179,935,162,191,1,0,163,191,40,0,228
15240,Aug 31 2008,Friendly in Botswana,Botswana,Lesotho,1328,1141,1,0,3,-3,1331,1138,123,172,0,0,123,172,20,100,287
15241,Aug 31 2008,CONCACAF Ch & Car Ch q in the Cayman Islands,Cayman Islands,Bermuda,995,1156,0,0,3,-3,998,1153,186,171,0,-1,186,170,30,100,-61
15242,Sep 3 2008,Friendly in Trinidad and Tobago,Trinidad and Tobago,Guyana,1553,1282,3,0,4,-4,1557,1278,63,136,4,-3,67,133,20,100,371
15243,Sep 5 2008,World Cup & African Cup qual in Algeria,Algeria,Senegal,1421,1589,3,2,24,-24,1445,1565,95,71,4,-5,99,66,40,100,-68
15244,Sep 5 2008,World Cup & African Cup qual in Djibouti,Djibouti,Malawi,804,1315,0,3,-6,6,798,1321,209,125,-1,0,208,125,40,100,-411
15245,Sep 5 2008,World Cup & African Cup qual in Libya,Libya,Ghana,1499,1738,1,0,28,-28,1527,1710,73,43,7,-4,80,39,40,100,-139
15246,Sep 5 2008,Friendly in South Korea,South Korea,Jordan,1670,1554,1,0,4,-4,1674,1550,47,71,0,0,47,71,20,100,216
15247,Sep 6 2008,World Cup qualifier in Albania,Albania,Sweden,1488,1765,0,0,9,-9,1497,1756,85,33,3,-3,88,30,40,100,-177
15248,Sep 6 2008,World Cup qualifier in Argentina,Argentina,Paraguay,2012,1799,1,1,-14,14,1998,1813,7,18,-2,1,5,19,40,100,313
15249,Sep 6 2008,World Cup qualifier in Armenia,Armenia,Turkey,1446,1838,0,2,-9,9,1437,1847,103,15,-3,0,100,15,40,100,-292
15250,Sep 6 2008,World Cup qualifier in Austria,Austria,France,1591,1932,3,1,48,-48,1639,1884,44,13,7,-3,51,10,40,100,-241
15251,Sep 6 2008,World Cup qualifier in Bahrain,Bahrain,Japan,1555,1759,2,3,-14,14,1541,1773,84,23,-7,3,77,26,40,100,-104
15252,Sep 6 2008,World Cup qualifier in Belgium,Belgium,Estonia,1617,1411,3,2,6,-6,1623,1405,55,109,-1,-1,54,108,40,100,306
15253,Sep 6 2008,World Cup & African Cup qual in Burkina Faso,Burkina Faso,Tunisia,1389,1622,0,0,7,-7,1396,1615,111,61,1,-5,112,56,40,100,-133
15254,Sep 6 2008,World Cup qualifier in Canada,Canada,Honduras,1622,1678,1,2,-23,23,1599,1701,63,40,-6,2,57,42,40,100,44
15255,Sep 6 2008,World Cup & African Cup qual in Cape Verde,Cape Verde,Cameroon,1351,1761,1,2,-6,6,1345,1767,121,28,0,0,121,28,40,100,-310
15256,Sep 6 2008,World Cup qualifier in Egypt,Chad,Sudan,1254,1395,2,1,28,-28,1282,1367,120,123,11,-6,131,117,40,0,-141
15257,Sep 6 2008,World Cup qualifier in Colombia,Colombia,Uruguay,1799,1828,0,1,-24,24,1775,1852,28,12,-4,2,24,14,40,100,71
15258,Sep 6 2008,World Cup qualifier in Costa Rica,Costa Rica,Suriname,1623,1308,7,0,8,-8,1631,1300,56,127,-3,0,53,127,40,100,415
15259,Sep 6 2008,World Cup qualifier in Croatia,Croatia,Kazakhstan,1927,1363,3,0,1,-1,1928,1362,6,120,1,-1,7,119,20,0,564
15260,Sep 6 2008,World Cup qualifier in Cuba,Cuba,United States,1457,1812,0,1,-7,7,1450,1819,98,16,-2,1,96,17,40,100,-255
15261,Sep 6 2008,World Cup qualifier in Cyprus,Cyprus,Italy,1530,2006,1,2,-4,4,1526,2010,88,-1,-5,3,83,2,40,100,-376
15262,Sep 6 2008,World Cup qualifier in Ecuador,Ecuador,Bolivia,1708,1584,3,1,13,-13,1721,1571,34,67,3,-3,37,64,40,100,224
15263,Sep 6 2008,World Cup qualifier in El Salvador,El Salvador,Haiti,1415,1497,5,0,38,-38,1453,1459,86,97,9,-4,95,93,40,100,18
15264,Sep 6 2008,World Cup qualifier in Spain,England,Andorra,1917,1053,2,0,0,0,1917,1053,7,180,1,0,8,180,20,0,864
15265,Sep 6 2008,WC q & Oce Cup in Fiji,Fiji,Vanuatu,1265,1229,2,0,24,-24,1289,1205,119,156,10,-3,129,153,50,100,136
15266,Sep 6 2008,World Cup & African Cup qual in The Gambia,Gambia,Liberia,1363,1257,3,0,16,-16,1379,1241,110,155,4,-7,114,148,40,100,206
15267,Sep 6 2008,World Cup qualifier in Hungary,Hungary,Denmark,1579,1825,0,0,8,-8,1587,1817,58,19,2,-1,60,18,40,100,-146
15268,Sep 6 2008,World Cup qualifier in Germany,Ireland,Georgia,1776,1519,2,1,7,-7,1783,1512,20,87,2,-2,22,85,40,0,257
15269,Sep 6 2008,World Cup qualifier in Israel,Israel,Switzerland,1747,1791,2,2,-3,3,1744,1794,33,20,0,1,33,21,40,100,56
15270,Sep 6 2008,World Cup & African Cup qual in Kenya,Kenya,Namibia,1395,1275,1,0,9,-9,1404,1266,107,146,2,-5,109,141,40,100,220
15271,Sep 6 2008,World Cup qualifier in Liechtenstein,Liechtenstein,Germany,1176,1975,0,6,-1,1,1175,1976,164,6,0,0,164,6,20,100,-699
15272,Sep 6 2008,World Cup qualifier in Luxembourg,Luxembourg,Greece,1037,1771,0,3,-2,2,1035,1773,184,26,0,0,184,26,40,100,-634
15273,Sep 6 2008,World Cup qualifier in Macedonia,Macedonia,Scotland,1569,1748,1,0,24,-24,1593,1724,54,40,5,-4,59,36,40,100,-79
15274,Sep 6 2008,World Cup qualifier in Malta,Malta,Portugal,1249,1867,0,4,-4,4,1245,1871,148,12,-1,1,147,13,40,100,-518
15275,Sep 6 2008,Friendly in Martinique,Martinique,French Guiana,1372,1207,2,1,4,-4,1376,1203,115,154,0,0,115,154,20,100,265
15276,Sep 6 2008,World Cup & African Cup qual in Mauritania,Mauritania,Rwanda,1163,1414,0,1,-12,12,1151,1426,175,101,-5,2,170,103,40,100,-151
15277,Sep 6 2008,World Cup & African Cup qual in Mauritius,Mauritius,Tanzania,1083,1314,1,4,-22,22,1061,1336,179,118,0,4,179,122,40,100,-131
15278,Sep 6 2008,World Cup qualifier in Mexico,Mexico,Jamaica,1898,1556,3,0,5,-5,1903,1551,7,72,2,-2,9,70,40,100,442
15279,Sep 6 2008,World Cup qualifier in Moldova,Moldova,Latvia,1494,1518,1,2,-24,24,1470,1542,94,68,-2,8,92,76,40,100,76
15280,Sep 6 2008,World Cup qualifier in Montenegro,Montenegro,Bulgaria,1683,1808,2,2,1,-1,1684,1807,45,21,-1,-1,44,20,20,100,-25
15281,Sep 6 2008,Friendly in the Netherlands,Netherlands,Australia,2026,1697,1,2,-18,18,2008,1715,6,37,-2,2,4,39,20,100,429
15282,Sep 6 2008,WC q & Oce Cup in New Caledonia,New Caledonia,New Zealand,1344,1547,1,3,-27,27,1317,1574,130,54,-4,9,126,63,50,100,-103
15283,Sep 6 2008,World Cup qualifier in Norway,Norway,Iceland,1734,1413,2,2,-17,17,1717,1430,41,96,-3,5,38,101,40,100,421
15284,Sep 6 2008,Friendly in Oman,Oman,Morocco,1499,1651,0,0,1,-1,1500,1650,86,48,1,0,87,48,20,100,-52
15285,Sep 6 2008,World Cup qualifier in Peru,Peru,Venezuela,1616,1676,1,0,18,-18,1634,1658,50,49,2,-2,52,47,30,0,-60
15286,Sep 6 2008,World Cup qualifier in Poland,Poland,Slovenia,1739,1546,1,1,-14,14,1725,1560,36,63,-1,5,35,68,40,100,293
15287,Sep 6 2008,World Cup qualifier in Qatar,Qatar,Uzbekistan,1501,1597,3,0,35,-35,1536,1562,71,77,8,-10,79,67,40,100,4
15288,Sep 6 2008,World Cup qualifier in Romania,Romania,Lithuania,1901,1578,0,3,-64,64,1837,1642,22,35,-6,14,16,49,40,100,423
15289,Sep 6 2008,World Cup qualifier in Saudi Arabia,Saudi Arabia,Iran,1691,1782,1,1,-1,1,1690,1783,44,21,-1,1,43,22,40,100,9
15290,Sep 6 2008,World Cup qualifier in Serbia,Serbia,Faroe Islands,1728,1156,2,0,1,-1,1729,1155,31,167,3,1,34,168,20,0,572
15291,Sep 6 2008,World Cup & African Cup qual in the Seychelles,Seychelles,Burundi,1099,1259,1,2,-17,17,1082,1276,180,136,-2,2,178,138,40,100,-60
15292,Sep 6 2008,World Cup & African Cup qual in Sierra Leone,Sierra Leone,Equatorial Guinea,1238,1248,2,1,15,-15,1253,1233,135,151,7,-2,142,149,30,0,-10
15293,Sep 6 2008,World Cup qualifier in Slovakia,Slovakia,Northern Ireland,1609,1590,2,1,13,-13,1622,1577,55,65,0,-3,55,62,40,100,119
15294,Sep 6 2008,World Cup & African Cup qual in South Africa,South Africa,Nigeria,1507,1732,0,1,-13,13,1494,1745,92,28,-3,4,89,32,40,100,-125
15295,Sep 6 2008,World Cup qualifier in Spain,Spain,Bosnia and Herzegovina,2089,1532,1,0,1,-1,2090,1531,1,83,0,-3,1,80,20,0,557
15296,Sep 6 2008,World Cup qualifier in Trinidad and Tobago,Trinidad and Tobago,Guatemala,1557,1521,1,1,-7,7,1550,1528,77,80,-5,1,72,81,40,100,136
15297,Sep 6 2008,World Cup qualifier in the United Arab Emirates,United Arab Emirates,North Korea,1440,1530,1,2,-21,21,1419,1551,112,62,-6,8,106,70,40,100,10
15298,Sep 6 2008,World Cup qualifier in Ukraine,Ukraine,Belarus,1756,1590,1,0,7,-7,1763,1583,28,63,1,-2,29,61,40,100,266
15299,Sep 6 2008,World Cup qualifier in Wales,Wales,Azerbaijan,1638,1370,1,0,4,-4,1642,1366,49,120,0,-2,49,118,20,0,268
15300,Sep 7 2008,World Cup & African Cup qual in Benin,Benin,Angola,1409,1508,3,2,20,-20,1429,1488,97,94,5,-4,102,90,40,100,1
15301,Sep 7 2008,World Cup qualifier in Chile,Chile,Brazil,1774,2010,0,3,-22,22,1752,2032,37,2,-6,0,31,2,40,100,-136
15302,Sep 7 2008,World Cup & African Cup qual in Congo,Congo,Mali,1404,1556,1,0,23,-23,1427,1533,97,89,6,-10,103,79,40,100,-52
15303,Sep 7 2008,World Cup & African Cup qual in the Dem Rep of the Congo,DR Congo,Egypt,1472,1749,0,1,-11,11,1461,1760,93,27,-1,2,92,29,40,100,-177
15304,Sep 7 2008,World Cup & African Cup qual in South Africa,Gabon,Lesotho,1480,1138,3,0,9,-9,1489,1129,88,172,1,0,89,172,40,0,342
15305,Sep 7 2008,World Cup & African Cup qual in Madagascar,Madagascar,Botswana,1251,1331,1,0,19,-19,1270,1312,138,129,3,-3,141,126,40,100,20
15306,Sep 7 2008,World Cup & African Cup qual in Mozambique,Mozambique,Ivory Coast,1370,1714,1,1,12,-12,1382,1702,112,42,2,-1,114,41,40,100,-244
15307,Sep 7 2008,World Cup & African Cup qual in Niger,Niger,Uganda,1210,1427,3,1,40,-40,1250,1387,140,124,6,-11,146,113,40,100,-117
15308,Sep 7 2008,World Cup & African Cup qual in Zimbabwe,Zimbabwe,Guinea,1450,1567,0,0,1,-1,1451,1566,96,65,0,0,96,65,30,100,-17
15309,Sep 9 2008,World Cup qualifier in Paraguay,Paraguay,Venezuela,1813,1658,2,0,11,-11,1824,1647,15,49,2,-1,17,48,40,100,255
15310,Sep 9 2008,Friendly in South Africa,South Africa,Guinea,1494,1566,0,1,-11,11,1483,1577,92,59,-2,3,90,62,20,100,28
15311,Sep 10 2008,World Cup qualifier in Albania,Albania,Malta,1497,1245,3,0,8,-8,1505,1237,87,150,0,-1,87,149,40,100,352
15312,Sep 10 2008,World Cup qualifier in Andorra,Andorra,Belarus,1053,1583,1,3,-5,5,1048,1588,184,59,-2,1,182,60,40,100,-430
15313,Sep 10 2008,World Cup qualifier in Azerbaijan,Azerbaijan,Liechtenstein,1366,1175,0,0,-14,14,1352,1189,122,152,-2,6,120,158,40,100,291
15314,Sep 10 2008,World Cup qualifier in Bosnia and Herzegovina,Bosnia and Herzegovina,Estonia,1531,1405,7,0,19,-19,1550,1386,58,120,11,-6,69,114,40,100,226
15315,Sep 10 2008,World Cup qualifier in Brazil,Brazil,Bolivia,2032,1571,0,0,-18,18,2014,1589,2,53,0,6,2,59,40,100,561
15316,Sep 10 2008,World Cup qualifier in Chile,Chile,Colombia,1752,1775,4,0,29,-29,1781,1746,17,40,7,-8,24,32,40,100,77
15317,Sep 10 2008,World Cup qualifier in Croatia,Croatia,England,1928,1917,1,4,-46,46,1882,1963,13,6,-3,1,10,7,40,100,111
15318,Sep 10 2008,World Cup qualifier in the Faroe Islands,Faroe Islands,Romania,1155,1837,0,1,-1,1,1154,1838,168,16,0,0,168,16,20,100,-582
15319,Sep 10 2008,World Cup qualifier in Finland,Finland,Germany,1675,1976,3,3,10,-10,1685,1966,43,6,1,0,44,6,30,0,-301
15320,Sep 10 2008,World Cup qualifier in France,France,Serbia,1884,1729,2,1,7,-7,1891,1722,8,42,1,-4,9,38,40,100,255
15321,Sep 10 2008,World Cup qualifier in Guatemala,Guatemala,Cuba,1528,1450,4,1,18,-18,1546,1432,61,103,10,-3,71,100,40,100,178
15322,Sep 10 2008,World Cup qualifier in Haiti,Haiti,Costa Rica,1459,1631,1,3,-24,24,1435,1655,105,43,-6,5,99,48,40,100,-72
15323,Sep 10 2008,World Cup qualifier in Honduras,Honduras,Jamaica,1701,1551,2,0,12,-12,1713,1539,38,85,2,-8,40,77,40,100,250
15324,Sep 10 2008,World Cup qualifier in Iceland,Iceland,Scotland,1430,1724,1,2,-10,10,1420,1734,109,32,-4,2,105,34,40,100,-194
15325,Sep 10 2008,World Cup qualifier in Italy,Italy,Georgia,2010,1512,2,0,2,-2,2012,1510,5,85,-1,0,4,85,20,0,498
15326,Sep 10 2008,World Cup qualifier in Kazakhstan,Kazakhstan,Ukraine,1362,1763,1,3,-9,9,1353,1772,119,24,0,2,119,26,40,100,-301
15327,Sep 10 2008,World Cup qualifier in Latvia,Latvia,Greece,1542,1773,0,2,-19,19,1523,1792,93,17,-9,4,84,21,40,100,-131
15328,Sep 10 2008,World Cup qualifier in Lithuania,Lithuania,Austria,1642,1639,2,0,21,-21,1663,1618,45,57,2,-3,47,54,40,100,103
15329,Sep 10 2008,World Cup qualifier in Macedonia,Macedonia,Netherlands,1593,2008,1,2,-6,6,1587,2014,63,0,-2,2,61,2,40,100,-315
15330,Sep 10 2008,World Cup qualifier in Mexico,Mexico,Canada,1903,1599,2,1,4,-4,1907,1595,7,59,1,-1,8,58,30,0,304
15331,Sep 10 2008,World Cup qualifier in Moldova,Moldova,Israel,1470,1744,1,2,-11,11,1459,1755,95,27,-2,3,93,30,40,100,-174
15332,Sep 10 2008,World Cup qualifier in Montenegro,Montenegro,Ireland,1684,1783,0,0,0,0,1684,1783,46,22,-1,0,45,22,20,100,1
15333,Sep 10 2008,WC q & Oce Cup in New Zealand,New Zealand,New Caledonia,1574,1317,3,0,10,-10,1584,1307,62,127,1,-1,63,126,30,0,257
15334,Sep 10 2008,World Cup qualifier in China,North Korea,South Korea,1551,1674,1,1,7,-7,1558,1667,67,46,1,0,68,46,40,0,-123
15335,Sep 10 2008,World Cup qualifier in Northern Ireland,Northern Ireland,Czechia,1577,1875,0,0,10,-10,1587,1865,60,12,1,0,61,12,30,0,-298
15336,Sep 10 2008,Friendly in Oman,Oman,Zimbabwe,1500,1451,3,2,6,-6,1506,1445,86,96,0,0,86,96,20,100,149
15337,Sep 10 2008,World Cup qualifier in Peru,Peru,Argentina,1634,1998,1,1,13,-13,1647,1985,48,5,2,0,50,5,40,100,-264
15338,Sep 10 2008,World Cup qualifier in Portugal,Portugal,Denmark,1871,1817,2,3,-28,28,1843,1845,15,7,-1,6,14,13,40,100,154
15339,Sep 10 2008,World Cup qualifier in Qatar,Qatar,Bahrain,1536,1541,1,1,-5,5,1531,1546,84,66,-3,5,81,71,40,100,95
15340,Sep 10 2008,World Cup qualifier in Russia,Russia,Wales,1876,1642,2,1,5,-5,1881,1637,11,57,0,-4,11,53,40,100,334
15341,Sep 10 2008,World Cup qualifier in San Marino,San Marino,Poland,925,1725,0,2,-1,1,924,1726,193,39,0,-2,193,37,20,100,-700
15342,Sep 10 2008,World Cup qualifier in Slovenia,Slovenia,Slovakia,1560,1622,2,1,18,-18,1578,1604,62,57,3,-1,65,56,30,0,-62
15343,Sep 10 2008,World Cup qualifier in Spain,Spain,Armenia,2090,1437,4,0,1,-1,2091,1436,1,96,0,2,1,98,20,0,653
15344,Sep 10 2008,World Cup qualifier in Egypt,Sudan,Chad,1367,1282,3,1,23,-23,1390,1259,105,153,6,-11,111,142,40,0,85
15345,Sep 10 2008,World Cup qualifier in Suriname,Suriname,El Salvador,1300,1453,0,2,-25,25,1275,1478,145,87,-9,4,136,91,40,100,-53
15346,Sep 10 2008,World Cup qualifier in Sweden,Sweden,Hungary,1756,1587,2,1,7,-7,1763,1580,26,68,2,-4,28,64,40,100,269
15347,Sep 10 2008,World Cup qualifier in Switzerland,Switzerland,Luxembourg,1794,1035,1,2,-40,40,1754,1075,41,174,-10,5,31,179,40,100,859
15348,Sep 10 2008,World Cup qualifier in Turkey,Turkey,Belgium,1847,1623,1,1,-15,15,1832,1638,19,50,-2,2,17,52,40,100,324
15349,Sep 10 2008,World Cup qualifier in the United Arab Emirates,United Arab Emirates,Saudi Arabia,1419,1690,1,2,-11,11,1408,1701,107,43,0,0,107,43,40,100,-171
15350,Sep 10 2008,World Cup qualifier in Uruguay,Uruguay,Ecuador,1852,1721,0,0,-12,12,1840,1733,16,33,-1,2,15,35,40,100,231
15351,Sep 10 2008,World Cup qualifier in the United States,United States,Trinidad and Tobago,1819,1550,3,0,7,-7,1826,1543,18,81,0,-5,18,76,40,100,369
15352,Sep 10 2008,World Cup qualifier in Uzbekistan,Uzbekistan,Australia,1562,1715,0,1,-17,17,1545,1732,79,33,-6,3,73,36,40,100,-53
15353,Sep 10 2008,WC q & Oce Cup in Vanuatu,Vanuatu,Fiji,1205,1289,2,1,24,-24,1229,1265,149,153,2,-12,151,141,50,100,16
15354,Sep 10 2008,World Cup & African Cup qual in Zambia,Zambia,Togo,1522,1426,1,0,10,-10,1532,1416,76,108,4,-2,80,106,40,100,196
15355,Sep 15 2008,CONCACAF Ch & Car Ch q in Martinique,Martinique,St Vincent & Grenadines,1376,1279,3,0,17,-17,1393,1262,105,151,6,-10,111,141,40,100,197
15356,Sep 17 2008,CONCACAF Ch & Car Ch q in Martinique,St Vincent & Grenadines,Anguilla,1262,548,3,1,1,-1,1263,547,141,227,0,0,141,227,30,0,714
15357,Sep 19 2008,CONCACAF Ch & Car Ch q in Martinique,Martinique,Anguilla,1393,547,3,1,0,0,1393,547,111,227,0,0,111,227,20,0,846
15358,Sep 21 2008,Friendly in Antigua and Barbuda,Antigua and Barbuda,Guyana,1179,1278,3,0,17,-17,1196,1261,148,151,8,-10,156,141,20,100,1
15359,Sep 24 2008,Friendly in the United States,Chile,Mexico,1781,1907,1,0,13,-13,1794,1894,18,8,3,0,21,8,20,0,-126
15360,Sep 24 2008,French Territory Cup in France,Martinique,Guadeloupe,1393,1446,1,0,17,-17,1410,1429,103,105,4,-5,107,100,30,0,-53
15361,Sep 24 2008,French Territory Cup in France,New Caledonia,Tahiti,1307,1196,1,0,10,-10,1317,1186,124,164,1,-4,125,160,30,0,111
15362,Sep 24 2008,CONCACAF Ch & Car Ch q in Saint Kitts and Nevis,Saint Kitts and Nevis,British Virgin Islands,1143,911,4,0,10,-10,1153,901,167,200,2,-1,169,199,40,100,332
15363,Sep 25 2008,French Territory Cup in France,Réunion,Mayotte,1251,1183,6,1,24,-24,1275,1159,123,167,11,-2,134,165,30,0,68
15364,Sep 26 2008,CONCACAF Ch & Car Ch q in Saint Kitts and Nevis,Barbados,British Virgin Islands,1272,901,2,1,4,-4,1276,897,129,199,4,0,133,199,40,0,371
15365,Sep 27 2008,French Territory Cup in France,Guadeloupe,New Caledonia,1429,1317,4,0,19,-19,1448,1298,90,127,5,-1,95,126,30,0,112
15366,Sep 27 2008,French Territory Cup in France,Martinique,Tahiti,1410,1186,1,0,6,-6,1416,1180,105,166,1,-3,106,163,30,0,224
15367,Sep 28 2008,French Territory Cup in France,French Guiana,Mayotte,1203,1159,4,2,20,-20,1223,1139,152,175,1,-5,153,170,30,0,44
15368,Sep 28 2008,CONCACAF Ch & Car Ch q in Saint Kitts and Nevis,Saint Kitts and Nevis,Barbados,1153,1276,1,3,-28,28,1125,1304,179,119,-5,7,174,126,40,100,-23
15369,Sep 30 2008,French Territory Cup in France,Guadeloupe,Tahiti,1448,1180,1,0,5,-5,1453,1175,95,163,0,0,95,163,30,0,268
15370,Sep 30 2008,French Territory Cup in France,Martinique,New Caledonia,1416,1298,1,1,-5,5,1411,1303,108,127,-1,0,107,127,30,0,118
15371,Sep 30 2008,Friendly in South Africa,South Africa,Malawi,1483,1321,3,0,6,-6,1489,1315,86,124,2,0,88,124,20,100,262
15372,Oct 1 2008,French Territory Cup in France,Réunion,French Guiana,1275,1223,2,0,19,-19,1294,1204,123,155,6,-1,129,154,30,0,52
15373,Oct 1 2008,Friendly tournament in Vietnam,Vietnam,Myanmar,1277,1159,2,3,-23,23,1254,1182,153,159,-10,3,143,162,30,100,218
15374,Oct 3 2008,French Territory Cup in France,Guadeloupe,French Guiana,1453,1204,4,0,11,-11,1464,1193,89,158,3,-2,92,156,30,0,249
15375,Oct 3 2008,French Territory Cup in France,New Caledonia,Mayotte,1303,1139,3,2,8,-8,1311,1131,125,170,1,0,126,170,30,0,164
15376,Oct 3 2008,Friendly tournament in Vietnam,Turkmenistan,Myanmar,1282,1182,2,1,11,-11,1293,1171,129,166,1,-2,130,164,30,0,100
15377,Oct 4 2008,French Territory Cup in France,Réunion,Martinique,1294,1411,1,0,20,-20,1314,1391,121,115,4,-4,125,111,30,0,-117
15378,Oct 5 2008,Friendly tournament in Vietnam,Vietnam,Turkmenistan,1254,1293,2,3,-18,18,1236,1311,155,124,-6,3,149,127,30,100,61
15379,Oct 8 2008,Friendly in Trinidad and Tobago,Trinidad and Tobago,Dominican Republic,1543,1046,9,0,2,-2,1545,1044,70,185,3,-1,73,184,20,100,597
15380,Oct 9 2008,Friendly in Japan,Japan,United Arab Emirates,1773,1408,1,1,-9,9,1764,1417,29,105,-2,1,27,106,20,100,465
15381,Oct 10 2008,Friendly in Malaysia,Malaysia,Pakistan,1159,853,4,1,3,-3,1162,850,164,203,1,0,165,203,20,100,406
15382,Oct 11 2008,World Cup qualifier in Argentina,Argentina,Uruguay,1985,1840,2,1,8,-8,1993,1832,5,21,0,-3,5,18,40,100,245
15383,Oct 11 2008,World Cup qualifier in Belgium,Belgium,Armenia,1638,1436,2,0,9,-9,1647,1427,46,104,3,-3,49,101,40,100,302
15384,Oct 11 2008,World Cup qualifier in Bolivia,Bolivia,Peru,1589,1647,3,0,31,-31,1620,1616,47,60,6,-5,53,55,30,0,-58
15385,Oct 11 2008,World Cup & African Cup qual in Botswana,Botswana,Mozambique,1312,1382,0,1,-22,22,1290,1404,136,100,-5,8,131,108,40,100,30
15386,Oct 11 2008,World Cup qualifier in Bulgaria,Bulgaria,Italy,1807,2012,0,0,6,-6,1813,2006,20,4,0,0,20,4,40,100,-105
15387,Oct 11 2008,World Cup & African Cup qual in Cameroon,Cameroon,Mauritius,1767,1061,5,0,1,-1,1768,1060,26,180,0,0,26,180,20,0,706
15388,Oct 11 2008,World Cup qualifier in Colombia,Colombia,Paraguay,1746,1824,0,1,-21,21,1725,1845,46,7,-7,6,39,13,40,100,22
15389,Oct 11 2008,World Cup qualifier in Denmark,Denmark,Malta,1845,1237,3,0,1,-1,1846,1236,11,148,1,0,12,148,20,0,608
15390,Oct 11 2008,World Cup qualifier in England,England,Kazakhstan,1963,1353,5,1,1,-1,1964,1352,7,121,0,-1,7,120,20,0,610
15391,Oct 11 2008,World Cup & African Cup qual in Equatorial Guinea,Equatorial Guinea,South Africa,1233,1489,0,1,-12,12,1221,1501,156,88,-3,0,153,88,40,100,-156
15392,Oct 11 2008,World Cup qualifier in Estonia,Estonia,Spain,1386,2091,0,3,-2,2,1384,2093,117,1,-1,0,116,1,30,100,-605
15393,Oct 11 2008,World Cup qualifier in the Faroe Islands,Faroe Islands,Austria,1154,1618,1,1,16,-16,1170,1602,161,60,3,-3,164,57,40,100,-364
15394,Oct 11 2008,World Cup qualifier in Finland,Finland,Azerbaijan,1685,1352,1,0,3,-3,1688,1349,44,122,0,-1,44,121,20,0,333
15395,Oct 11 2008,World Cup & African Cup qual in Gabon,Gabon,Libya,1489,1527,1,0,16,-16,1505,1511,84,86,2,-2,86,84,40,100,62
15396,Oct 11 2008,World Cup qualifier in Georgia,Georgia,Cyprus,1510,1526,1,1,-5,5,1505,1531,87,79,-1,2,86,81,40,100,84
15397,Oct 11 2008,World Cup qualifier in Germany,Germany,Russia,1966,1881,2,1,10,-10,1976,1871,6,9,0,1,6,10,40,100,185
15398,Oct 11 2008,World Cup & African Cup qual in Ghana,Ghana,Lesotho,1710,1129,3,0,1,-1,1711,1128,41,173,0,-1,41,172,20,0,581
15399,Oct 11 2008,World Cup qualifier in Greece,Greece,Moldova,1792,1459,3,0,5,-5,1797,1454,20,92,1,1,21,93,40,100,433
15400,Oct 11 2008,CONCACAF Ch & Car Ch q in Guadeloupe,Grenada,Martinique,1221,1391,2,2,9,-9,1230,1382,147,123,3,-6,150,117,40,0,-170
15401,Oct 11 2008,CONCACAF Ch & Car Ch q in Guadeloupe,Guadeloupe,Cayman Islands,1464,998,7,1,3,-3,1467,995,92,186,0,0,92,186,20,0,466
15402,Oct 11 2008,World Cup qualifier in Guatemala,Guatemala,Trinidad and Tobago,1546,1545,0,0,-6,6,1540,1551,81,65,-5,4,76,69,40,100,101
15403,Oct 11 2008,World Cup qualifier in Haiti,Haiti,El Salvador,1435,1478,0,0,-3,3,1432,1481,97,91,1,0,98,91,40,100,57
15404,Oct 11 2008,World Cup qualifier in Honduras,Honduras,Canada,1713,1595,3,1,13,-13,1726,1582,36,70,2,-6,38,64,40,100,218
15405,Oct 11 2008,World Cup qualifier in Hungary,Hungary,Albania,1580,1505,2,0,16,-16,1596,1489,56,91,4,-2,60,89,40,100,175
15406,Oct 11 2008,World Cup & African Cup qual in Ivory Coast,Ivory Coast,Madagascar,1702,1270,3,0,3,-3,1705,1267,42,137,0,0,42,137,20,0,432
15407,Oct 11 2008,World Cup qualifier in Jamaica,Jamaica,Mexico,1539,1894,1,0,33,-33,1572,1861,55,14,11,-3,66,11,40,100,-255
15408,Oct 11 2008,World Cup & African Cup qual in Liberia,Liberia,Algeria,1241,1445,0,0,6,-6,1247,1439,145,94,1,1,146,95,40,100,-104
15409,Oct 11 2008,World Cup qualifier in Luxembourg,Luxembourg,Israel,1075,1755,1,3,-2,2,1073,1757,179,32,0,-1,179,31,30,100,-580
15410,Oct 11 2008,World Cup & African Cup qual in Malawi,Malawi,DR Congo,1315,1461,2,1,23,-23,1338,1438,120,99,2,-3,122,96,40,100,-46
15411,Oct 11 2008,World Cup qualifier in Mali,Mali,Chad,1533,1259,2,1,4,-4,1537,1255,75,142,2,0,77,142,40,100,374
15412,Oct 11 2008,World Cup & African Cup qual in Morocco,Morocco,Mauritania,1650,1151,4,1,2,-2,1652,1149,47,169,1,0,48,169,20,0,499
15413,Oct 11 2008,World Cup & African Cup qual in Namibia,Namibia,Zimbabwe,1266,1445,4,2,37,-37,1303,1408,120,118,9,-11,129,107,40,100,-79
15414,Oct 11 2008,World Cup qualifier in the Netherlands,Netherlands,Iceland,2014,1420,2,0,1,-1,2015,1419,2,103,0,1,2,104,20,0,594
15415,Oct 11 2008,World Cup & African Cup qual in Nigeria,Nigeria,Sierra Leone,1745,1253,4,1,2,-2,1747,1251,33,145,0,-1,33,144,20,0,492
15416,Oct 11 2008,World Cup qualifier in Poland,Poland,Czechia,1726,1865,2,1,22,-22,1748,1843,27,18,5,-3,32,15,40,100,-39
15417,Oct 11 2008,World Cup qualifier in Romania,Romania,France,1838,1891,2,2,-3,3,1835,1894,18,7,-1,1,17,8,40,100,47
15418,Oct 11 2008,World Cup qualifier in San Marino,San Marino,Slovakia,924,1604,1,3,-2,2,922,1606,193,56,0,0,193,56,30,100,-580
15419,Oct 11 2008,World Cup qualifier in Scotland,Scotland,Norway,1734,1717,0,0,-6,6,1728,1723,40,41,-3,-1,37,40,40,100,117
15420,Oct 11 2008,World Cup & African Cup qual in Senegal,Senegal,Gambia,1565,1379,1,1,-14,14,1551,1393,71,109,-2,4,69,113,40,100,286
15421,Oct 11 2008,World Cup qualifier in Serbia,Serbia,Lithuania,1722,1663,3,0,20,-20,1742,1643,30,55,4,-4,34,51,40,100,159
15422,Oct 11 2008,World Cup qualifier in Slovenia,Slovenia,Northern Ireland,1578,1587,2,0,22,-22,1600,1565,51,73,7,-6,58,67,40,100,91
15423,Oct 11 2008,Friendly in South Korea,South Korea,Uzbekistan,1667,1545,3,0,8,-8,1675,1537,46,81,0,-4,46,77,20,100,222
15424,Oct 11 2008,World Cup & African Cup qual in Sudan,Sudan,Congo,1390,1427,2,0,25,-25,1415,1402,100,118,6,-8,106,110,30,0,-37
15425,Oct 11 2008,World Cup qualifier in Suriname,Suriname,Costa Rica,1275,1655,1,4,-12,12,1263,1667,143,46,-4,1,139,47,40,100,-280
15426,Oct 11 2008,World Cup qualifier in Sweden,Sweden,Portugal,1763,1843,0,0,-1,1,1762,1844,28,14,0,0,28,14,20,100,20
15427,Oct 11 2008,World Cup qualifier in Switzerland,Switzerland,Latvia,1754,1523,2,1,5,-5,1759,1518,29,82,1,1,30,83,40,100,331
15428,Oct 11 2008,World Cup & African Cup qual in Tanzania,Tanzania,Cape Verde,1336,1345,3,1,22,-22,1358,1323,114,127,4,-3,118,124,40,100,91
15429,Oct 11 2008,World Cup & African Cup qual in Ghana,Togo,Swaziland,1416,1188,6,0,18,-18,1434,1170,87,169,10,-5,97,164,40,0,228
15430,Oct 11 2008,World Cup & African Cup qual in Tunisia,Tunisia,Seychelles,1615,1082,5,0,2,-2,1617,1080,53,178,1,0,54,178,20,0,533
15431,Oct 11 2008,World Cup qualifier in Turkey,Turkey,Bosnia and Herzegovina,1832,1550,2,1,4,-4,1836,1546,15,75,1,-3,16,72,40,100,382
15432,Oct 11 2008,World Cup qualifier in Ukraine,Ukraine,Croatia,1772,1882,0,0,1,-1,1773,1881,25,8,0,1,25,9,40,100,-10
15433,Oct 11 2008,World Cup qualifier in the United States,United States,Cuba,1826,1432,6,1,4,-4,1830,1428,20,100,-1,0,19,100,20,0,394
15434,Oct 11 2008,World Cup qualifier in Wales,Wales,Liechtenstein,1637,1189,2,0,2,-2,1639,1187,51,158,1,0,52,158,20,0,448
15435,Oct 12 2008,World Cup & African Cup qual in Angola,Angola,Niger,1488,1250,3,1,8,-8,1496,1242,88,149,1,-2,89,147,40,100,338
15436,Oct 12 2008,World Cup & African Cup qual in Burundi,Burundi,Burkina Faso,1276,1396,1,3,-28,28,1248,1424,153,94,-9,9,144,103,40,100,-20
15437,Oct 12 2008,World Cup qualifier in Ecuador,Ecuador,Chile,1733,1794,1,0,18,-18,1751,1776,29,26,3,-2,32,24,30,0,-61
15438,Oct 12 2008,World Cup & African Cup qual in Egypt,Egypt,Djibouti,1760,798,4,0,0,0,1760,798,29,208,0,0,29,208,20,0,962
15439,Oct 12 2008,World Cup & African Cup qual in Guinea,Guinea,Kenya,1577,1404,3,2,7,-7,1584,1397,61,118,2,-5,63,113,40,100,273
15440,Oct 12 2008,World Cup & African Cup qual in Uganda,Uganda,Benin,1387,1429,2,1,17,-17,1404,1412,103,115,6,-8,109,107,30,0,-42
15441,Oct 12 2008,World Cup qualifier in Venezuela,Venezuela,Brazil,1647,2014,0,4,-13,13,1634,2027,55,1,-3,1,52,2,40,100,-267
15442,Oct 13 2008,CONCACAF Ch & Car Ch q in Guadeloupe,Guadeloupe,Grenada,1467,1230,2,1,5,-5,1472,1225,92,154,0,-2,92,152,40,100,337
15443,Oct 13 2008,CONCACAF Ch & Car Ch q in Guadeloupe,Martinique,Cayman Islands,1382,995,1,0,4,-4,1386,991,115,186,1,0,116,186,40,0,387
15444,Oct 14 2008,World Cup qualifier in Bolivia,Bolivia,Uruguay,1620,1832,2,2,6,-6,1626,1826,53,20,0,-1,53,19,40,100,-112
15445,Oct 14 2008,Friendly in France,France,Tunisia,1894,1617,3,1,3,-3,1897,1614,8,56,0,-1,8,55,20,100,377
15446,Oct 14 2008,Friendly in Vietnam,Vietnam,Singapore,1236,1356,0,0,1,-1,1237,1355,148,119,0,0,148,119,20,100,-20
15447,Oct 15 2008,World Cup qualifier in Australia,Australia,Qatar,1732,1531,4,0,11,-11,1743,1520,32,83,2,-1,34,82,40,100,301
15448,Oct 15 2008,World Cup qualifier in Austria,Austria,Serbia,1602,1742,1,3,-27,27,1575,1769,75,17,-9,9,66,26,40,100,-40
15449,Oct 15 2008,Friendly in Bahrain,Bahrain,Azerbaijan,1546,1349,1,2,-17,17,1529,1366,86,115,-7,3,79,118,20,100,297
15450,Oct 15 2008,World Cup qualifier in Belarus,Belarus,England,1588,1964,1,3,-10,10,1578,1974,69,5,-4,1,65,6,40,100,-276
15451,Oct 15 2008,World Cup qualifier in Belgium,Belgium,Spain,1647,2093,1,2,-5,5,1642,2098,53,1,-2,0,51,1,40,100,-346
15452,Oct 15 2008,World Cup qualifier in Bosnia and Herzegovina,Bosnia and Herzegovina,Armenia,1546,1427,4,1,15,-15,1561,1412,66,110,3,-5,69,105,40,100,219
15453,Oct 15 2008,World Cup qualifier in Brazil,Brazil,Colombia,2027,1725,0,0,-16,16,2011,1741,4,31,-1,4,3,35,40,100,402
15454,Oct 15 2008,World Cup qualifier in Canada,Canada,Mexico,1582,1861,2,2,9,-9,1591,1852,57,11,4,0,61,11,40,100,-179
15455,Oct 15 2008,World Cup qualifier in Chile,Chile,Argentina,1776,1993,1,0,26,-26,1802,1967,14,9,5,-2,19,7,40,100,-117
15456,Oct 15 2008,World Cup qualifier in Costa Rica,Costa Rica,Haiti,1667,1432,2,0,8,-8,1675,1424,47,106,0,-4,47,102,40,100,335
15457,Oct 15 2008,World Cup qualifier in Croatia,Croatia,Andorra,1881,1048,4,0,0,0,1881,1048,11,182,-1,0,10,182,20,0,833
15458,Oct 15 2008,World Cup qualifier in Cuba,Cuba,Guatemala,1428,1540,2,1,21,-21,1449,1519,89,90,5,-7,94,83,40,100,-12
15459,Oct 15 2008,World Cup qualifier in Czechia,Czechia,Slovenia,1843,1600,1,0,5,-5,1848,1595,11,60,2,-1,13,59,40,100,343
15460,Oct 15 2008,World Cup qualifier in El Salvador,El Salvador,Suriname,1481,1263,3,0,10,-10,1491,1253,91,144,0,-3,91,141,40,100,318
15461,Oct 15 2008,World Cup qualifier in Estonia,Estonia,Turkey,1384,1836,0,0,15,-15,1399,1821,109,20,4,-2,113,18,40,100,-352
15462,Oct 15 2008,World Cup qualifier in Georgia,Georgia,Bulgaria,1505,1813,0,0,11,-11,1516,1802,82,18,2,1,84,19,30,0,-308
15463,Oct 15 2008,World Cup qualifier in Germany,Germany,Wales,1976,1639,1,0,3,-3,1979,1636,4,53,1,-1,5,52,20,0,337
15464,Oct 15 2008,World Cup qualifier in Greece,Greece,Switzerland,1797,1759,1,2,-28,28,1769,1787,31,18,-5,6,26,24,40,100,138
15465,Oct 15 2008,CONCACAF Ch & Car Ch q in Guadeloupe,Grenada,Cayman Islands,1225,991,4,2,12,-12,1237,979,144,188,4,-1,148,187,40,0,234
15466,Oct 15 2008,CONCACAF Ch & Car Ch q in Guadeloupe,Guadeloupe,Martinique,1472,1386,3,1,15,-15,1487,1371,92,118,0,-1,92,117,40,100,186
15467,Oct 15 2008,World Cup qualifier in Iceland,Iceland,Macedonia,1419,1587,1,0,24,-24,1443,1563,86,74,9,-6,95,68,40,100,-68
15468,Oct 15 2008,World Cup qualifier in Iran,Iran,North Korea,1783,1558,2,1,5,-5,1788,1553,22,72,0,-2,22,70,40,100,325
15469,Oct 15 2008,World Cup qualifier in Ireland,Ireland,Cyprus,1783,1531,1,0,5,-5,1788,1526,22,79,0,1,22,80,40,100,352
15470,Oct 15 2008,World Cup qualifier in Italy,Italy,Montenegro,2006,1684,2,1,3,-3,2009,1681,4,45,0,0,4,45,20,0,322
15471,Oct 15 2008,World Cup qualifier in Jamaica,Jamaica,Honduras,1572,1726,1,0,23,-23,1595,1703,52,44,7,-3,59,41,40,100,-54
15472,Oct 15 2008,World Cup qualifier in Japan,Japan,Uzbekistan,1764,1537,1,1,-15,15,1749,1552,35,65,-4,6,31,71,40,100,327
15473,Oct 15 2008,World Cup qualifier in Latvia,Latvia,Israel,1518,1757,1,1,8,-8,1526,1749,77,31,3,0,80,31,40,100,-139
15474,Oct 15 2008,World Cup qualifier in Lithuania,Lithuania,Faroe Islands,1643,1170,1,0,1,-1,1644,1169,50,166,0,-1,50,165,20,0,473
15475,Oct 15 2008,World Cup qualifier in Luxembourg,Luxembourg,Moldova,1073,1454,0,0,13,-13,1086,1441,177,99,1,-3,178,96,40,100,-281
15476,Oct 15 2008,Merdeka Tournament in Malaysia,Malaysia,Nepal,1162,915,4,0,7,-7,1169,908,164,198,1,-1,165,197,20,0,247
15477,Oct 15 2008,World Cup qualifier in Malta,Malta,Hungary,1236,1596,0,1,-7,7,1229,1603,151,54,-1,3,150,57,40,100,-260
15478,Oct 15 2008,World Cup qualifier in Norway,Norway,Netherlands,1723,2015,0,1,-10,10,1713,2025,38,1,1,1,39,2,40,100,-192
15479,Oct 15 2008,World Cup qualifier in Northern Ireland,Northern Ireland,San Marino,1565,922,4,0,1,-1,1566,921,67,193,0,0,67,193,20,0,643
15480,Oct 15 2008,World Cup qualifier in Paraguay,Paraguay,Peru,1845,1616,1,0,5,-5,1850,1611,11,58,1,-2,12,56,40,100,329
15481,Oct 15 2008,World Cup qualifier in Portugal,Portugal,Albania,1844,1489,0,0,-17,17,1827,1506,18,84,-2,3,16,87,40,100,455
15482,Oct 15 2008,World Cup qualifier in Russia,Russia,Finland,1871,1688,3,0,11,-11,1882,1677,8,48,1,-2,9,46,40,100,283
15483,Oct 15 2008,World Cup qualifier in Slovakia,Slovakia,Poland,1606,1748,2,1,22,-22,1628,1726,50,41,3,-4,53,37,40,100,-42
15484,Oct 15 2008,Friendly in South Africa,South Africa,Ghana,1501,1711,2,1,13,-13,1514,1698,82,45,3,-2,85,43,20,100,-110
15485,Oct 15 2008,World Cup qualifier in South Korea,South Korea,United Arab Emirates,1675,1417,4,1,8,-8,1683,1409,42,109,2,-2,44,107,40,100,358
15486,Oct 15 2008,World Cup qualifier in Trinidad and Tobago,Trinidad and Tobago,United States,1551,1830,2,1,29,-29,1580,1801,59,24,5,-3,64,21,40,100,-179
15487,Oct 15 2008,World Cup qualifier in Venezuela,Venezuela,Ecuador,1634,1751,3,1,31,-31,1665,1720,44,44,4,-6,48,38,40,100,-17
15488,Oct 17 2008,Merdeka Tournament in Malaysia,Afghanistan,Nepal,809,908,2,2,4,-4,813,904,206,199,0,-1,206,198,30,0,-99
15489,Oct 17 2008,Southeast Asian Champ qual in Cambodia,Cambodia,Laos,788,876,3,2,19,-19,807,857,206,203,2,-1,208,202,30,0,-88
15490,Oct 17 2008,Southeast Asian Champ qual in Cambodia,Philippines,East Timor,803,588,1,0,9,-9,812,579,207,223,0,0,207,223,40,0,215
15491,Oct 18 2008,Merdeka Tournament in Malaysia,Myanmar,Bangladesh,1171,919,1,0,6,-6,1177,913,161,198,1,-2,162,196,30,0,252
15492,Oct 19 2008,Southeast Asian Champ qual in Cambodia,Brunei,Philippines,689,812,1,1,7,-7,696,805,218,207,0,0,218,207,40,0,-123
15493,Oct 19 2008,Southeast Asian Champ qual in Cambodia,Cambodia,East Timor,807,579,2,2,-15,15,792,594,212,221,-2,1,210,222,40,100,328
15494,Oct 20 2008,Merdeka Tournament in Malaysia,Malaysia,Afghanistan,1169,813,6,0,4,-4,1173,809,163,206,1,0,164,206,30,100,456
15495,Oct 21 2008,Southeast Asian Champ qual in Cambodia,Brunei,East Timor,696,594,4,1,25,-25,721,569,206,226,6,-2,212,224,40,0,102
15496,Oct 21 2008,Southeast Asian Champ qual in Cambodia,Laos,Philippines,857,805,2,1,17,-17,874,788,200,213,1,-3,201,210,40,0,52
15497,Oct 22 2008,Friendly in the United States,El Salvador,Bolivia,1491,1626,2,0,21,-21,1512,1605,81,58,5,-2,86,56,20,0,-135
15498,Oct 23 2008,CONCACAF Ch & Car Ch q in Cuba,Barbados,Suriname,1304,1253,3,2,17,-17,1321,1236,122,157,3,-8,125,149,40,0,51
15499,Oct 23 2008,Southeast Asian Champ qual in Cambodia,Cambodia,Philippines,792,788,2,3,-26,26,766,814,211,202,-1,4,210,206,40,100,104
15500,Oct 23 2008,CONCACAF Ch & Car Ch q in Cuba,Cuba,Netherlands Antilles,1449,1184,7,1,9,-9,1458,1175,92,165,1,-3,93,162,40,100,365
15501,Oct 23 2008,Southeast Asian Champ qual in Cambodia,Laos,Brunei,874,721,3,2,12,-12,886,709,201,216,0,-2,201,214,40,0,153
15502,Oct 23 2008,Merdeka Tournament in Malaysia,Malaysia,Myanmar,1173,1177,4,0,21,-21,1194,1156,148,172,8,-5,156,167,30,100,96
15503,Oct 25 2008,Southeast Asian Champ qual in Cambodia,Cambodia,Brunei,766,709,2,1,12,-12,778,697,210,222,0,-4,210,218,40,100,157
15504,Oct 25 2008,CONCACAF Ch & Car Ch q in Cuba,Cuba,Barbados,1458,1321,1,1,-12,12,1446,1333,95,121,-1,2,94,123,40,100,237
15505,Oct 25 2008,Southeast Asian Champ qual in Cambodia,Laos,East Timor,886,569,2,1,6,-6,892,563,199,228,1,-2,200,226,40,0,317
15506,Oct 25 2008,CONCACAF Ch & Car Ch q in Cuba,Suriname,Netherlands Antilles,1236,1175,2,1,17,-17,1253,1158,133,170,8,-4,141,166,40,0,61
15507,Oct 26 2008,Friendly in Palestine,Palestine,Jordan,1184,1550,1,1,6,-6,1190,1544,158,77,1,-2,159,75,20,100,-266
15508,Oct 27 2008,CONCACAF Ch & Car Ch q in Cuba,Barbados,Netherlands Antilles,1333,1158,2,1,11,-11,1344,1147,121,172,1,-3,122,169,40,0,175
15509,Oct 27 2008,CONCACAF Ch & Car Ch q in Cuba,Cuba,Suriname,1446,1253,6,0,13,-13,1459,1240,92,153,1,-6,93,147,40,100,293
15510,Oct 28 2008,Friendly tournament in Vietnam,Thailand,North Korea,1400,1553,1,0,21,-21,1421,1532,96,84,8,-7,104,77,30,0,-153
15511,Oct 30 2008,Friendly tournament in Vietnam,Vietnam,North Korea,1237,1532,0,0,8,-8,1245,1524,144,85,2,-4,146,81,30,100,-195
15512,Nov 5 2008,CONCACAF Ch & Car Ch q in Trinidad and Tobago,Guyana,Saint Kitts and Nevis,1261,1125,1,1,-7,7,1254,1132,141,166,-1,4,140,170,40,0,136
15513,Nov 5 2008,CONCACAF Ch & Car Ch q in Trinidad and Tobago,Trinidad and Tobago,Antigua and Barbuda,1580,1196,3,2,2,-2,1582,1194,64,155,0,0,64,155,20,0,384
15514,Nov 7 2008,CONCACAF Ch & Car Ch q in Trinidad and Tobago,Antigua and Barbuda,Guyana,1194,1254,2,1,23,-23,1217,1231,153,158,1,-9,154,149,40,0,-60
15515,Nov 7 2008,CONCACAF Ch & Car Ch q in Trinidad and Tobago,Trinidad and Tobago,Saint Kitts and Nevis,1582,1132,3,1,2,-2,1584,1130,60,172,2,-1,62,171,20,0,450
15516,Nov 8 2008,Friendly in Saudi Arabia,Saudi Arabia,Thailand,1701,1421,1,0,2,-2,1703,1419,40,104,1,0,41,104,20,100,380
15517,Nov 9 2008,CONCACAF Ch & Car Ch q in Trinidad and Tobago,Antigua and Barbuda,Saint Kitts and Nevis,1217,1130,4,3,15,-15,1232,1115,146,177,4,-3,150,174,40,0,87
15518,Nov 9 2008,Friendly in the Cayman Islands,Cayman Islands,Jamaica,979,1595,0,2,-1,1,978,1596,187,59,0,0,187,59,20,0,-616
15519,Nov 9 2008,Friendly in Qatar,Qatar,Iran,1520,1788,0,1,-6,6,1514,1794,86,22,-2,0,84,22,20,100,-168
15520,Nov 9 2008,CONCACAF Ch & Car Ch q in Trinidad and Tobago,Trinidad and Tobago,Guyana,1584,1231,1,1,-17,17,1567,1248,70,135,-4,7,66,142,40,100,453
15521,Nov 11 2008,Friendly tournament in Myanmar,Myanmar,Bangladesh,1156,913,0,0,-11,11,1145,924,172,190,-3,3,169,193,30,100,343
15522,Nov 12 2008,Friendly in Estonia,Estonia,Latvia,1399,1526,1,1,1,-1,1400,1525,113,79,0,0,113,79,20,100,-27
15523,Nov 12 2008,Friendly in the United States,Mexico,Ecuador,1852,1720,2,1,6,-6,1858,1714,11,38,0,0,11,38,20,0,132
15524,Nov 12 2008,Friendly in Saudi Arabia,Saudi Arabia,Bahrain,1703,1529,4,0,6,-6,1709,1523,39,84,1,-3,40,81,20,100,274
15525,Nov 13 2008,Friendly tournament in Myanmar,Indonesia,Bangladesh,1298,924,2,0,5,-5,1303,919,128,195,1,-1,129,194,30,0,374
15526,Nov 13 2008,Friendly in Japan,Japan,Syria,1749,1537,3,1,4,-4,1753,1533,31,77,0,-1,31,76,20,100,312
15527,Nov 14 2008,Friendly in Oman,Oman,Jordan,1506,1544,2,0,12,-12,1518,1532,78,78,5,-2,83,76,20,100,62
15528,Nov 14 2008,Friendly in Qatar,Qatar,South Korea,1514,1683,1,1,2,-2,1516,1681,84,44,0,0,84,44,20,100,-69
15529,Nov 15 2008,Friendly in the Dem Rep of the Congo,DR Congo,Zambia,1438,1532,0,0,0,0,1438,1532,98,76,0,0,98,76,20,100,6
15530,Nov 15 2008,Friendly tournament in Myanmar,Myanmar,Indonesia,1145,1303,2,1,17,-17,1162,1286,161,133,4,-2,165,131,30,100,-58
15531,Nov 16 2008,Friendly tournament in Vietnam,Vietnam,Thailand,1245,1419,2,2,3,-3,1248,1416,138,104,4,0,142,104,30,100,-74
15532,Nov 18 2008,Friendly in France,Algeria,Mali,1439,1537,1,1,3,-3,1442,1534,95,74,1,0,96,74,20,0,-98
15533,Nov 18 2008,Friendly tournament in Estonia,Estonia,Moldova,1400,1441,1,0,12,-12,1412,1429,99,102,7,-3,106,99,30,100,59
15534,Nov 18 2008,Friendly in France,Gabon,Guinea,1505,1584,3,3,2,-2,1507,1582,88,64,1,-1,89,63,20,0,-79
15535,Nov 18 2008,Friendly tournament in Myanmar,Myanmar,Malaysia,1162,1194,4,1,21,-21,1183,1173,155,170,5,-7,160,163,30,100,68
15536,Nov 19 2008,Friendly in Austria,Austria,Turkey,1575,1821,2,4,-9,9,1566,1830,65,14,0,2,65,16,20,100,-146
15537,Nov 19 2008,Friendly in Azerbaijan,Azerbaijan,Albania,1366,1506,1,1,1,-1,1367,1505,118,86,0,2,118,88,20,100,-40
15538,Nov 19 2008,World Cup qualifier in Bahrain,Bahrain,Australia,1523,1743,0,1,-13,13,1510,1756,91,28,-5,3,86,31,40,100,-120
15539,Nov 19 2008,Friendly in Brazil,Brazil,Portugal,2011,1827,6,2,6,-6,2017,1821,3,20,0,-2,3,18,20,100,284
15540,Nov 19 2008,Friendly in Colombia,Colombia,Nigeria,1741,1747,1,0,7,-7,1748,1740,29,37,3,-2,32,35,20,100,94
15541,Nov 19 2008,Friendly in Cyprus,Cyprus,Belarus,1526,1578,2,1,9,-9,1535,1569,68,64,5,0,73,64,20,100,48
15542,Nov 19 2008,Friendly in Denmark,Denmark,Wales,1846,1636,0,1,-17,17,1829,1653,20,48,-3,2,17,50,20,100,310
15543,Nov 19 2008,Friendly in Egypt,Egypt,Benin,1760,1412,5,1,3,-3,1763,1409,28,112,1,-3,29,109,20,100,448
15544,Nov 19 2008,World Cup qualifier in El Salvador,El Salvador,Costa Rica,1512,1675,1,3,-25,25,1487,1700,95,39,-4,4,91,43,40,100,-63
15545,Nov 19 2008,WC q & Oce Cup in Fiji,Fiji,New Zealand,1265,1584,2,0,58,-58,1323,1526,113,94,12,-16,125,78,50,100,-219
15546,Nov 19 2008,Friendly in France,France,Uruguay,1897,1826,0,0,-5,5,1892,1831,8,13,0,2,8,15,20,100,171
15547,Nov 19 2008,Friendly in Germany,Germany,England,1979,1974,1,2,-13,13,1966,1987,9,4,-2,1,7,5,20,100,105
15548,Nov 19 2008,Friendly in Ghana,Ghana,Tunisia,1698,1614,0,0,-5,5,1693,1619,45,58,-1,-2,44,56,20,100,184
15549,Nov 19 2008,Friendly in Greece,Greece,Italy,1769,2009,1,1,4,-4,1773,2005,30,4,-2,0,28,4,20,100,-140
15550,Nov 19 2008,World Cup qualifier in Honduras,Honduras,Mexico,1703,1858,1,0,23,-23,1726,1835,32,17,5,-3,37,14,40,100,-55
15551,Nov 19 2008,Friendly in Ireland,Ireland,Poland,1788,1726,2,3,-14,14,1774,1740,31,33,-4,2,27,35,20,100,162
15552,Nov 19 2008,Friendly in Israel,Israel,Ivory Coast,1749,1705,2,2,-4,4,1745,1709,36,41,-2,0,34,41,20,100,144
15553,Nov 19 2008,World Cup qualifier in Jamaica,Jamaica,Canada,1596,1591,3,0,25,-25,1621,1566,49,69,5,-4,54,65,40,100,105
15554,Nov 19 2008,Friendly tournament in Estonia,Lithuania,Moldova,1644,1429,1,1,-8,8,1636,1437,52,99,-1,0,51,99,30,0,215
15555,Nov 19 2008,Friendly in Luxembourg,Luxembourg,Belgium,1086,1642,1,1,9,-9,1095,1633,176,53,1,-1,177,52,20,0,-556
15556,Nov 19 2008,Friendly in Macao,Macao,Hong Kong,727,1203,1,9,-5,5,722,1208,211,155,0,0,211,155,20,100,-376
15557,Nov 19 2008,Friendly in Malta,Malta,Iceland,1229,1443,0,1,-7,7,1222,1450,155,93,-2,1,153,94,20,100,-114
15558,Nov 19 2008,Friendly in Montenegro,Montenegro,Macedonia,1681,1563,2,1,4,-4,1685,1559,46,66,-1,1,45,67,20,100,218
15559,Nov 19 2008,Friendly in Morocco,Morocco,Zambia,1652,1532,3,0,8,-8,1660,1524,47,84,1,-4,48,80,20,100,220
15560,Nov 19 2008,Friendly in the Netherlands,Netherlands,Sweden,2025,1762,3,1,3,-3,2028,1759,2,31,0,-1,2,30,20,100,363
15561,Nov 19 2008,Friendly in Northern Ireland,Northern Ireland,Hungary,1566,1603,0,2,-18,18,1548,1621,73,51,-3,3,70,54,20,100,63
15562,Nov 19 2008,Friendly in Oman,Oman,Paraguay,1518,1850,0,1,-4,4,1514,1854,81,10,1,1,82,11,20,100,-232
15563,Nov 19 2008,World Cup qualifier in Qatar,Qatar,Japan,1516,1753,0,3,-22,22,1494,1775,96,21,-6,5,90,26,40,100,-137
15564,Nov 19 2008,Friendly in Romania,Romania,Georgia,1835,1516,2,1,2,-2,1837,1514,11,80,2,2,13,82,20,100,419
15565,Nov 19 2008,World Cup qualifier in San Marino,San Marino,Czechia,921,1848,0,3,-1,1,920,1849,193,11,0,1,193,12,40,100,-827
15566,Nov 19 2008,World Cup qualifier in Saudi Arabia,Saudi Arabia,South Korea,1709,1681,0,2,-41,41,1668,1722,54,32,-7,6,47,38,40,100,128
15567,Nov 19 2008,Friendly in Scotland,Scotland,Argentina,1728,1967,0,1,-6,6,1722,1973,40,5,-2,1,38,6,20,100,-139
15568,Nov 19 2008,Friendly in Serbia,Serbia,Bulgaria,1769,1802,6,1,16,-16,1785,1786,20,25,3,-3,23,22,20,100,67
15569,Nov 19 2008,Friendly in Slovakia,Slovakia,Liechtenstein,1628,1187,4,0,2,-2,1630,1185,53,159,0,0,53,159,20,100,541
15570,Nov 19 2008,Friendly in Slovenia,Slovenia,Bosnia and Herzegovina,1595,1561,3,4,-14,14,1581,1575,64,57,-2,6,62,63,20,100,134
15571,Nov 19 2008,Friendly tournament in South Africa,South Africa,Cameroon,1514,1768,3,2,21,-21,1535,1747,60,38,13,-5,73,33,30,100,-154
15572,Nov 19 2008,Friendly in Spain,Spain,Chile,2098,1802,3,0,3,-3,2101,1799,1,21,0,-1,1,20,20,100,396
15573,Nov 19 2008,World Cup qualifier in Suriname,Suriname,Haiti,1240,1424,1,1,5,-5,1245,1419,146,104,1,-1,147,103,20,0,-184
15574,Nov 19 2008,Friendly in Switzerland,Switzerland,Finland,1787,1677,1,0,5,-5,1792,1672,18,46,3,0,21,46,20,100,210
15575,Nov 19 2008,Friendly in Tanzania,Tanzania,Mozambique,1358,1404,1,0,8,-8,1366,1396,119,117,0,-3,119,114,20,100,54
15576,Nov 19 2008,Friendly in Togo,Togo,Rwanda,1434,1426,1,0,7,-7,1441,1419,96,106,1,-3,97,103,20,100,108
15577,Nov 19 2008,World Cup qualifier in Trinidad and Tobago,Trinidad and Tobago,Cuba,1567,1459,3,0,16,-16,1583,1443,54,97,6,-2,60,95,40,100,208
15578,Nov 19 2008,World Cup qualifier in the United Arab Emirates,United Arab Emirates,Iran,1409,1794,1,1,14,-14,1423,1780,95,26,7,-2,102,24,40,100,-285
15579,Nov 19 2008,Friendly in Ukraine,Ukraine,Norway,1773,1713,1,0,6,-6,1779,1707,25,45,0,-3,25,42,20,100,160
15580,Nov 19 2008,World Cup qualifier in the United States,United States,Guatemala,1801,1519,2,0,6,-6,1807,1513,17,86,2,-2,19,84,40,100,382
15581,Nov 19 2008,Friendly in Venezuela,Venezuela,Angola,1665,1496,0,0,-6,6,1659,1502,50,87,-1,2,49,89,20,100,269
15582,Nov 21 2008,Friendly tournament in Myanmar,Myanmar,Indonesia,1183,1286,2,1,15,-15,1198,1271,152,140,4,-4,156,136,30,100,-3
15583,Nov 22 2008,Friendly tournament in Estonia,Estonia,Lithuania,1412,1636,1,1,5,-5,1417,1631,103,53,2,-1,105,52,30,100,-124
15584,Nov 26 2008,Friendly in Singapore,Singapore,Vietnam,1355,1248,2,2,-5,5,1350,1253,122,138,-1,2,121,140,20,100,207
15585,Nov 29 2008,Friendly in Malaysia,Malaysia,Singapore,1173,1350,2,2,2,-2,1175,1348,161,121,1,0,162,121,20,100,-77
15586,Dec 3 2008,CONCACAF Ch q & Car Ch in Jamaica,Grenada,Trinidad and Tobago,1237,1583,2,1,35,-35,1272,1548,123,78,13,-9,136,69,40,0,-346
15587,Dec 3 2008,CONCACAF Ch q & Car Ch in Jamaica,Jamaica,Barbados,1621,1344,2,1,4,-4,1625,1340,54,122,0,0,54,122,40,100,377
15588,Dec 4 2008,CONCACAF Ch q & Car Ch in Jamaica,Antigua and Barbuda,Haiti,1232,1419,1,1,10,-10,1242,1409,148,113,1,-5,149,108,40,0,-187
15589,Dec 4 2008,CONCACAF Ch q & Car Ch in Jamaica,Cuba,Guadeloupe,1443,1487,2,1,23,-23,1466,1464,89,95,3,-2,92,93,40,0,-44
15590,Dec 5 2008,Southeast Asian Champ in Indonesia,Indonesia,Myanmar,1271,1198,3,0,19,-19,1290,1179,125,166,6,-5,131,161,40,100,173
15591,Dec 5 2008,CONCACAF Ch q & Car Ch in Jamaica,Jamaica,Grenada,1625,1272,4,0,5,-5,1630,1267,52,138,1,-1,53,137,40,100,453
15592,Dec 5 2008,Southeast Asian Champ in Indonesia,Singapore,Cambodia,1348,778,5,0,3,-3,1351,775,121,210,0,0,121,210,40,0,570
15593,Dec 5 2008,CONCACAF Ch q & Car Ch in Jamaica,Trinidad and Tobago,Barbados,1548,1340,2,1,9,-9,1557,1331,65,124,2,-1,67,123,40,0,208
15594,Dec 6 2008,CONCACAF Ch q & Car Ch in Jamaica,Cuba,Antigua and Barbuda,1466,1242,3,0,15,-15,1481,1227,92,153,0,-2,92,151,40,0,224
15595,Dec 6 2008,CONCACAF Ch q & Car Ch in Jamaica,Guadeloupe,Haiti,1464,1409,3,2,17,-17,1481,1392,91,122,1,-7,92,115,40,0,55
15596,Dec 6 2008,Southeast Asian Champ in Thailand,Malaysia,Laos,1175,892,3,0,11,-11,1186,881,156,202,3,-1,159,201,40,0,283
15597,Dec 6 2008,Southeast Asian Champ in Thailand,Thailand,Vietnam,1416,1253,2,0,11,-11,1427,1242,95,155,5,-7,100,148,40,100,263
15598,Dec 7 2008,CONCACAF Ch q & Car Ch in Jamaica,Grenada,Barbados,1267,1331,4,2,35,-35,1302,1296,123,139,7,-8,130,131,40,0,-64
15599,Dec 7 2008,Southeast Asian Champ in Indonesia,Indonesia,Cambodia,1290,775,4,0,2,-2,1292,773,133,210,-1,0,132,210,20,0,515
15600,Dec 7 2008,CONCACAF Ch q & Car Ch in Jamaica,Jamaica,Trinidad and Tobago,1630,1557,1,1,-9,9,1621,1566,55,61,-1,3,54,64,40,100,173
15601,Dec 7 2008,Southeast Asian Champ in Indonesia,Singapore,Myanmar,1351,1179,3,1,16,-16,1367,1163,115,168,3,-3,118,165,40,0,172
15602,Dec 8 2008,CONCACAF Ch q & Car Ch in Jamaica,Antigua and Barbuda,Guadeloupe,1227,1481,2,2,12,-12,1239,1469,149,92,1,0,150,92,40,0,-254
15603,Dec 8 2008,CONCACAF Ch q & Car Ch in Jamaica,Haiti,Cuba,1392,1481,1,0,25,-25,1417,1456,95,94,10,-1,105,93,40,0,-89
15604,Dec 8 2008,Southeast Asian Champ in Thailand,Thailand,Laos,1427,881,6,0,2,-2,1429,879,100,201,0,0,100,201,20,0,546
15605,Dec 8 2008,Southeast Asian Champ in Thailand,Vietnam,Malaysia,1242,1186,3,2,17,-17,1259,1169,132,167,8,-4,140,163,40,0,56
15606,Dec 9 2008,Southeast Asian Champ in Indonesia,Indonesia,Singapore,1292,1367,0,2,-32,32,1260,1399,146,108,-7,5,139,113,40,100,25
15607,Dec 9 2008,Southeast Asian Champ in Indonesia,Myanmar,Cambodia,1163,773,3,2,4,-4,1167,769,165,210,0,0,165,210,40,0,390
15608,Dec 10 2008,Southeast Asian Champ in Thailand,Thailand,Malaysia,1429,1169,3,0,8,-8,1437,1161,98,167,1,-2,99,165,40,100,360
15609,Dec 10 2008,Southeast Asian Champ in Thailand,Vietnam,Laos,1259,879,4,0,8,-8,1267,871,134,201,3,0,137,201,40,0,380
15610,Dec 11 2008,Caribbean Championship in Jamaica,Cuba,Grenada,1456,1302,2,2,-8,8,1448,1310,97,128,-2,1,95,129,40,0,154
15611,Dec 11 2008,Caribbean Championship in Jamaica,Jamaica,Guadeloupe,1621,1469,2,0,11,-11,1632,1458,50,92,2,0,52,92,40,100,252
15612,Dec 14 2008,Caribbean Championship in Jamaica,Cuba,Guadeloupe,1448,1458,0,0,1,-1,1449,1457,95,92,0,0,95,92,40,0,-10
15613,Dec 14 2008,Caribbean Championship in Jamaica,Jamaica,Grenada,1632,1310,2,0,5,-5,1637,1305,50,129,1,0,51,129,40,100,422
15614,Dec 14 2008,Friendly in Turkey,Poland,Serbia,1740,1785,1,0,11,-11,1751,1774,29,29,3,-3,32,26,20,0,-45
15615,Dec 16 2008,Southeast Asian Champ in Indonesia,Indonesia,Thailand,1260,1437,0,1,-16,16,1244,1453,156,89,-8,5,148,94,40,100,-77
15616,Dec 17 2008,Friendly tournament in Oman,Ecuador,Iran,1714,1780,1,0,18,-18,1732,1762,34,35,3,-6,37,29,30,0,-66
15617,Dec 17 2008,Friendly tournament in Oman,Oman,China,1514,1545,3,1,18,-18,1532,1527,70,85,6,-7,76,78,30,100,69
15618,Dec 17 2008,Southeast Asian Champ in Vietnam,Vietnam,Singapore,1267,1399,0,0,2,-2,1269,1397,137,113,0,0,137,113,40,100,-32
15619,Dec 19 2008,Friendly tournament in Oman,Iran,China,1762,1527,2,0,9,-9,1771,1518,27,86,1,-4,28,82,30,0,235
15620,Dec 19 2008,Friendly tournament in Oman,Oman,Ecuador,1532,1732,2,0,29,-29,1561,1703,58,47,9,-5,67,42,30,100,-100
15621,Dec 20 2008,Southeast Asian Champ in Thailand,Thailand,Indonesia,1453,1244,2,1,6,-6,1459,1238,90,152,2,-2,92,150,40,100,309
15622,Dec 21 2008,Friendly in Jordan,Jordan,China,1532,1518,0,1,-13,13,1519,1531,87,72,-5,5,82,77,20,100,114
15623,Dec 21 2008,Southeast Asian Champ in Singapore,Singapore,Vietnam,1397,1269,0,1,-32,32,1365,1301,127,125,-7,6,120,131,40,100,228
15624,Dec 22 2008,Friendly in Oman,Oman,Senegal,1561,1551,1,0,7,-7,1568,1544,61,74,3,-2,64,72,20,100,110
15625,Dec 23 2008,Friendly in Bahrain,Bahrain,Saudi Arabia,1510,1668,1,0,12,-12,1522,1656,78,51,4,-2,82,49,20,100,-58
15626,Dec 23 2008,Friendly in Djibouti,Djibouti,Somalia,798,914,2,3,-10,10,788,924,210,190,-1,3,209,193,20,100,-16
15627,Dec 24 2008,Southeast Asian Champ in Thailand,Thailand,Vietnam,1459,1301,1,2,-33,33,1426,1334,108,115,-8,8,100,123,40,100,258
15628,Dec 27 2008,Friendly in Saudi Arabia,Saudi Arabia,Syria,1656,1533,1,1,-6,6,1650,1539,51,70,-1,3,50,73,20,100,223
15629,Dec 27 2008,Friendly in the United Arab Emirates,United Arab Emirates,Iraq,1423,1599,2,2,2,-2,1425,1597,99,59,2,0,101,59,20,100,-76
15630,Dec 28 2008,Southeast Asian Champ in Vietnam,Vietnam,Thailand,1334,1426,1,1,0,0,1334,1426,123,100,0,0,123,100,20,100,8
15631,Dec 28 2008,Friendly in Yemen,Yemen,Zimbabwe,1226,1408,1,0,12,-12,1238,1396,148,116,2,-3,150,113,20,100,-82
15632,Dec 29 2008,Friendly in Bahrain,Bahrain,Syria,1522,1539,2,2,-2,2,1520,1541,82,73,0,0,82,73,20,100,83
15633,Dec 30 2008,Friendly in Qatar,Qatar,Libya,1494,1511,5,2,13,-13,1507,1498,82,94,4,-4,86,90,20,100,83
15634,Dec 30 2008,Friendly in the United Arab Emirates,United Arab Emirates,Kuwait,1425,1425,0,0,-3,3,1422,1428,105,99,-2,1,103,100,20,100,100
15635,Dec 30 2008,Friendly in Yemen,Yemen,Zimbabwe,1238,1396,0,1,-8,8,1230,1404,152,107,-1,3,151,110,20,100,-58
15636,Dec 31 2008,CECAFA Cup in Uganda,Kenya,Sudan,1397,1415,0,0,1,-1,1398,1414,113,107,0,0,113,107,20,0,-18
15637,Dec 31 2008,CECAFA Cup in Uganda,Zambia,Djibouti,1524,788,3,0,1,-1,1525,787,78,209,1,0,79,209,30,0,736
15638,Jan 1 2009,CECAFA Cup in Uganda,Uganda,Rwanda,1404,1419,4,0,29,-29,1433,1390,90,126,10,-11,100,115,30,0,-15
15639,Jan 1 2009,CECAFA Cup in Uganda,Zanzibar,Somalia,1278,924,2,0,7,-7,1285,917,134,197,1,-2,135,195,40,0,354
15640,Jan 2 2009,CECAFA Cup in Uganda,Burundi,Djibouti,1248,787,4,0,5,-5,1253,782,139,209,2,0,141,209,40,0,461
15641,Jan 2 2009,CECAFA Cup in Uganda,Kenya,Zambia,1398,1525,0,0,7,-7,1405,1518,108,87,2,-4,110,83,40,0,-127
15642,Jan 3 2009,CECAFA Cup in Uganda,Somalia,Tanzania,917,1366,1,0,37,-37,954,1329,187,127,4,-4,191,123,40,0,-449
15643,Jan 3 2009,CECAFA Cup in Uganda,Uganda,Zanzibar,1433,1285,0,0,-12,12,1421,1297,108,129,-4,3,104,132,40,100,248
15644,Jan 4 2009,Gulf Cup in Oman,Bahrain,Iraq,1520,1597,3,1,37,-37,1557,1560,55,73,13,-7,68,66,40,0,-77
15645,Jan 4 2009,CECAFA Cup in Uganda,Burundi,Zambia,1253,1518,1,1,13,-13,1266,1505,137,91,2,-4,139,87,40,0,-265
15646,Jan 4 2009,CECAFA Cup in Uganda,Djibouti,Sudan,782,1414,1,1,19,-19,801,1395,207,119,1,-6,208,113,40,0,-632
15647,Jan 4 2009,Gulf Cup in Oman,Oman,Kuwait,1568,1428,0,0,-12,12,1556,1440,74,96,-5,2,69,98,40,100,240
15648,Jan 5 2009,Gulf Cup in Oman,Qatar,Saudi Arabia,1507,1650,0,0,8,-8,1515,1642,81,50,2,0,83,50,40,0,-143
15649,Jan 5 2009,CECAFA Cup in Uganda,Rwanda,Somalia,1390,954,3,0,5,-5,1395,949,111,191,2,0,113,191,40,0,436
15650,Jan 5 2009,CECAFA Cup in Uganda,Tanzania,Zanzibar,1329,1297,2,1,18,-18,1347,1279,119,140,2,-4,121,136,40,0,32
15651,Jan 5 2009,Gulf Cup in Oman,United Arab Emirates,Yemen,1422,1230,3,1,15,-15,1437,1215,97,157,3,-3,100,154,40,0,192
15652,Jan 6 2009,CECAFA Cup in Uganda,Burundi,Sudan,1266,1395,1,0,27,-27,1293,1368,127,121,6,-4,133,117,40,0,-129
15653,Jan 6 2009,CECAFA Cup in Uganda,Kenya,Djibouti,1405,801,5,1,2,-2,1407,799,109,208,0,0,109,208,30,0,604
15654,Jan 7 2009,Gulf Cup in Oman,Kuwait,Bahrain,1440,1557,1,0,26,-26,1466,1531,86,86,6,-9,92,77,40,0,-117
15655,Jan 7 2009,Gulf Cup in Oman,Oman,Iraq,1556,1560,4,0,27,-27,1583,1533,49,86,10,-10,59,76,40,100,96
15656,Jan 7 2009,CECAFA Cup in Uganda,Tanzania,Rwanda,1347,1395,2,0,34,-34,1381,1361,109,127,6,-7,115,120,40,0,-48
15657,Jan 7 2009,CECAFA Cup in Uganda,Uganda,Somalia,1421,949,4,0,3,-3,1424,946,102,191,1,0,103,191,30,0,472
15658,Jan 8 2009,CECAFA Cup in Uganda,Kenya,Burundi,1407,1293,1,0,14,-14,1421,1279,101,139,4,-3,105,136,40,0,114
15659,Jan 8 2009,Gulf Cup in Oman,Qatar,United Arab Emirates,1515,1437,0,0,-4,4,1511,1441,87,96,-2,2,85,98,40,0,78
15660,Jan 8 2009,Gulf Cup in Oman,Saudi Arabia,Yemen,1642,1215,6,0,7,-7,1649,1208,50,154,0,0,50,154,40,0,427
15661,Jan 8 2009,CECAFA Cup in Uganda,Sudan,Zambia,1368,1505,2,0,41,-41,1409,1464,101,97,8,-5,109,92,40,0,-137
15662,Jan 9 2009,Friendly in Iran,Iran,China,1771,1531,3,1,4,-4,1775,1527,20,79,4,-1,24,78,20,100,340
15663,Jan 9 2009,CECAFA Cup in Uganda,Rwanda,Zanzibar,1361,1279,3,0,27,-27,1388,1252,112,148,4,-6,116,142,40,0,82
15664,Jan 9 2009,CECAFA Cup in Uganda,Uganda,Tanzania,1424,1381,2,1,12,-12,1436,1369,101,120,1,-2,102,118,40,100,143
15665,Jan 10 2009,Gulf Cup in Oman,Iraq,Kuwait,1533,1466,1,1,-4,4,1529,1470,76,91,0,0,76,91,20,100,167
15666,Jan 10 2009,Gulf Cup in Oman,Oman,Bahrain,1583,1531,2,0,18,-18,1601,1513,59,89,0,-6,59,83,40,100,152
15667,Jan 11 2009,CECAFA Cup in Uganda,Kenya,Tanzania,1421,1369,2,1,17,-17,1438,1352,95,122,5,-2,100,120,40,0,52
15668,Jan 11 2009,Gulf Cup in Oman,Qatar,Yemen,1511,1208,2,1,6,-6,1517,1202,79,156,3,-1,82,155,40,0,303
15669,Jan 11 2009,Gulf Cup in Oman,Saudi Arabia,United Arab Emirates,1649,1441,3,0,16,-16,1665,1425,44,110,3,-6,47,104,40,0,208
15670,Jan 11 2009,CECAFA Cup in Uganda,Uganda,Burundi,1436,1279,5,0,15,-15,1451,1264,88,140,7,-2,95,138,40,100,257
15671,Jan 13 2009,CECAFA Cup in Uganda,Tanzania,Burundi,1352,1264,3,2,15,-15,1367,1249,116,148,2,-5,118,143,40,0,88
15672,Jan 13 2009,CECAFA Cup in Uganda,Uganda,Kenya,1451,1438,1,0,14,-14,1465,1424,89,108,3,-4,92,104,30,0,13
15673,Jan 14 2009,Friendly in Hong Kong,Hong Kong,India,1208,1253,2,1,8,-8,1216,1245,154,152,0,-6,154,146,20,100,55
15674,Jan 14 2009,Asian Cup qualifier in Iran,Iran,Singapore,1775,1365,6,0,4,-4,1779,1361,22,120,1,0,23,120,20,0,410
15675,Jan 14 2009,Asian Cup qualifier in Jordan,Jordan,Thailand,1519,1426,0,0,-10,10,1509,1436,87,102,-3,0,84,102,40,100,193
15676,Jan 14 2009,Gulf Cup in Oman,Oman,Qatar,1601,1517,1,0,10,-10,1611,1507,55,88,2,-3,57,85,40,100,184
15677,Jan 14 2009,Gulf Cup in Oman,Saudi Arabia,Kuwait,1665,1470,1,0,10,-10,1675,1460,45,95,1,-2,46,93,40,0,195
15678,Jan 14 2009,Asian Cup qualifier in Syria,Syria,China,1541,1527,3,2,14,-14,1555,1513,64,85,4,-4,68,81,30,0,14
15679,Jan 14 2009,Asian Cup qualifier in Vietnam,Vietnam,Lebanon,1334,1282,3,1,18,-18,1352,1264,119,139,2,-2,121,137,40,100,152
15680,Jan 17 2009,Friendly in the United States,Guatemala,Haiti,1513,1417,1,0,7,-7,1520,1410,79,110,1,-2,80,108,20,0,96
15681,Jan 17 2009,Gulf Cup in Oman,Oman,Saudi Arabia,1611,1675,0,0,-2,2,1609,1677,59,46,-1,0,58,46,30,100,36
15682,Jan 18 2009,Friendly in the United States,Honduras,Chile,1726,1799,2,0,18,-18,1744,1781,35,24,1,-2,36,22,20,0,-73
15683,Jan 18 2009,Friendly in Kuwait,Syria,Turkmenistan,1555,1311,5,1,7,-7,1562,1304,66,132,1,-2,67,130,20,0,244
15684,Jan 19 2009,Asian Cup qualifier in Oman,Oman,Indonesia,1609,1238,0,0,-18,18,1591,1256,60,128,-1,11,59,139,40,100,471
15685,Jan 20 2009,Asian Cup qualifier in Japan,Japan,Yemen,1775,1202,2,1,1,-1,1776,1201,25,155,0,0,25,155,20,0,573
15686,Jan 20 2009,Friendly in Kuwait,Kuwait,Turkmenistan,1460,1304,2,0,6,-6,1466,1298,89,132,2,-1,91,131,20,100,256
15687,Jan 21 2009,Asian Cup qualifier in China,China,Vietnam,1513,1352,6,1,15,-15,1528,1337,72,125,5,-2,77,123,40,100,261
15688,Jan 21 2009,Asian Cup qualifier in Hong Kong,Hong Kong,Bahrain,1216,1513,1,3,-15,15,1201,1528,154,72,0,5,154,77,40,100,-197
15689,Jan 21 2009,Asian Cup qualifier in Malaysia,Malaysia,United Arab Emirates,1161,1425,0,5,-22,22,1139,1447,173,93,-4,5,169,98,40,100,-164
15690,Jan 21 2009,King's Cup in Thailand,Thailand,Lebanon,1436,1264,2,1,5,-5,1441,1259,98,139,2,-1,100,138,20,0,172
15691,Jan 22 2009,N Am Ch q & UNCAF Cup in Honduras,El Salvador,Nicaragua,1487,1019,1,1,-17,17,1470,1036,90,185,0,0,90,185,40,0,468
15692,Jan 22 2009,N Am Ch q & UNCAF Cup in Honduras,Honduras,Belize,1744,1095,2,1,1,-1,1745,1094,34,179,1,-1,35,178,30,0,649
15693,Jan 23 2009,N Am Ch q & UNCAF Cup in Honduras,Costa Rica,Panama,1700,1545,3,0,20,-20,1720,1525,37,87,3,-8,40,79,40,0,155
15694,Jan 23 2009,Friendly in Egypt,Egypt,Kenya,1763,1424,1,0,1,-1,1764,1423,29,106,0,-1,29,105,20,100,439
15695,Jan 23 2009,Friendly in Kuwait,Kuwait,Syria,1466,1562,2,3,-10,10,1456,1572,97,59,-3,4,94,63,20,100,4
15696,Jan 23 2009,King's Cup in Thailand,Lebanon,North Korea,1259,1524,1,0,25,-25,1284,1499,132,95,3,-7,135,88,30,0,-265
15697,Jan 24 2009,N Am Ch q & UNCAF Cup in Honduras,El Salvador,Belize,1470,1094,4,1,7,-7,1477,1087,90,178,0,0,90,178,40,0,376
15698,Jan 24 2009,N Am Ch q & UNCAF Cup in Honduras,Honduras,Nicaragua,1745,1036,4,1,1,-1,1746,1035,35,185,0,0,35,185,20,0,709
15699,Jan 24 2009,Friendly in the United States,United States,Sweden,1807,1759,3,2,6,-6,1813,1753,19,32,0,-1,19,31,20,100,148
15700,Jan 25 2009,N Am Ch q & UNCAF Cup in Honduras,Costa Rica,Guatemala,1720,1520,3,1,14,-14,1734,1506,36,89,2,-4,38,85,40,0,200
15701,Jan 26 2009,N Am Ch q & UNCAF Cup in Honduras,Belize,Nicaragua,1087,1035,1,1,-3,3,1084,1038,178,185,0,0,178,185,40,0,52
15702,Jan 26 2009,N Am Ch q & UNCAF Cup in Honduras,Honduras,El Salvador,1746,1477,2,0,6,-6,1752,1471,29,90,3,0,32,90,40,100,369
15703,Jan 27 2009,N Am Ch q & UNCAF Cup in Honduras,Panama,Guatemala,1525,1506,1,0,19,-19,1544,1487,63,93,8,-4,71,89,40,0,19
15704,Jan 27 2009,Friendly in South Africa,South Africa,Zambia,1535,1464,1,0,5,-5,1540,1459,74,92,-1,0,73,92,20,100,171
15705,Jan 28 2009,Asian Cup qualifier in Bahrain,Bahrain,Japan,1528,1776,1,0,28,-28,1556,1748,63,39,7,-7,70,32,40,100,-148
15706,Jan 28 2009,Asian Cup qualifier in Indonesia,Indonesia,Australia,1256,1756,0,0,16,-16,1272,1740,133,42,3,-6,136,36,40,100,-400
15707,Jan 28 2009,Asian Cup qualifier in Kuwait,Kuwait,Oman,1456,1591,0,1,-18,18,1438,1609,106,57,-6,1,100,58,40,100,-35
15708,Jan 28 2009,Asian Cup qualifier in Lebanon,Lebanon,Syria,1284,1572,0,2,-15,15,1269,1587,139,57,-2,3,137,60,40,100,-188
15709,Jan 28 2009,Asian Cup qualifier in Singapore,Singapore,Jordan,1361,1509,2,1,23,-23,1384,1486,114,96,3,-7,117,89,40,100,-48
15710,Jan 28 2009,Friendly in the United States,Sweden,Mexico,1753,1835,1,0,12,-12,1765,1823,25,20,3,-3,28,17,20,0,-82
15711,Jan 28 2009,Asian Cup qualifier in Thailand,Thailand,Iran,1441,1779,0,0,12,-12,1453,1767,90,31,5,-4,95,27,40,100,-238
15712,Jan 28 2009,Asian Cup qualifier in the United Arab Emirates,United Arab Emirates,Uzbekistan,1447,1552,0,1,-20,20,1427,1572,108,59,-5,5,103,64,40,100,-5
15713,Jan 28 2009,Asian Cup qualifier in Yemen,Yemen,Hong Kong,1201,1201,1,0,14,-14,1215,1187,154,162,0,-4,154,158,40,100,100
15714,Jan 29 2009,N Am Ch q & UNCAF Cup in Honduras,Nicaragua,Guatemala,1038,1487,2,0,56,-56,1094,1431,171,116,7,-14,178,102,40,0,-449
15715,Jan 30 2009,UNCAF Nations Cup in Honduras,Costa Rica,El Salvador,1734,1471,1,0,7,-7,1741,1464,32,91,3,-1,35,90,40,0,263
15716,Jan 30 2009,UNCAF Nations Cup in Honduras,Honduras,Panama,1752,1544,0,1,-34,34,1718,1578,50,54,-10,9,40,63,40,100,308
15717,Feb 1 2009,Friendly in the United Arab Emirates,Azerbaijan,Uzbekistan,1367,1572,1,1,5,-5,1372,1567,117,67,1,-1,118,66,20,0,-205
15718,Feb 1 2009,UNCAF Nations Cup in Honduras,Costa Rica,Panama,1741,1578,0,0,-9,9,1732,1587,39,59,-2,2,37,61,40,0,163
15719,Feb 1 2009,UNCAF Nations Cup in Honduras,Honduras,El Salvador,1718,1464,1,0,5,-5,1723,1459,36,90,2,0,38,90,40,100,354
15720,Feb 1 2009,Friendly in the United Arab Emirates,South Korea,Syria,1722,1587,1,1,-4,4,1718,1591,42,60,-2,0,40,60,20,0,135
15721,Feb 4 2009,Friendly in the United Arab Emirates,Bahrain,South Korea,1556,1718,2,2,4,-4,1560,1714,69,40,1,0,70,40,20,0,-162
15722,Feb 4 2009,Friendly in Japan,Japan,Finland,1748,1672,5,1,10,-10,1758,1662,29,47,1,0,30,47,20,100,176
15723,Feb 5 2009,Friendly in Japan,Saudi Arabia,Thailand,1677,1453,2,1,4,-4,1681,1449,46,96,0,-1,46,95,20,0,224
15724,Feb 6 2009,Friendly in the United States,El Salvador,Peru,1459,1611,1,0,14,-14,1473,1597,88,61,1,-2,89,59,20,0,-152
15725,Feb 7 2009,Friendly in Portugal,Lithuania,Poland,1631,1751,1,1,3,-3,1634,1748,51,31,1,0,52,31,20,0,-120
15726,Feb 8 2009,Friendly in Barbados,Barbados,Grenada,1296,1305,5,0,15,-15,1311,1290,124,135,4,-3,128,132,20,100,91
15727,Feb 10 2009,Friendly in England,Brazil,Italy,2017,2005,2,0,14,-14,2031,1991,1,4,1,0,2,4,20,0,12
15728,Feb 10 2009,Friendly tournament in Cyprus,Cyprus,Serbia,1535,1774,0,2,-14,14,1521,1788,85,18,-5,3,80,21,30,100,-139
15729,Feb 10 2009,Friendly tournament in Cyprus,Ukraine,Slovakia,1779,1630,3,2,9,-9,1788,1621,19,54,2,0,21,54,30,0,149
15730,Feb 11 2009,Friendly in Algeria,Algeria,Benin,1442,1409,2,1,6,-6,1448,1403,97,113,0,-2,97,111,20,100,133
15731,Feb 11 2009,Friendly in Cyprus,Armenia,Latvia,1412,1525,0,0,3,-3,1415,1522,105,83,1,-2,106,81,20,0,-113
15732,Feb 11 2009,Friendly in Austria,Austria,Sweden,1566,1765,0,2,-11,11,1555,1776,73,22,-3,3,70,25,20,100,-99
15733,Feb 11 2009,Friendly in Belgium,Belgium,Slovenia,1633,1581,2,0,9,-9,1642,1572,49,67,2,-2,51,65,20,100,152
15734,Feb 11 2009,Friendly in France,Burkina Faso,Togo,1424,1441,1,1,0,0,1424,1441,104,98,0,0,104,98,20,0,-17
15735,Feb 11 2009,Friendly in France,Cameroon,Guinea,1747,1582,3,1,8,-8,1755,1574,27,66,3,-2,30,64,20,0,165
15736,Feb 11 2009,Friendly in Colombia,Colombia,Haiti,1748,1410,2,0,2,-2,1750,1408,37,108,-3,0,34,108,20,100,438
15737,Feb 11 2009,World Cup qualifier in Costa Rica,Costa Rica,Honduras,1732,1723,2,0,21,-21,1753,1702,27,48,5,-5,32,43,40,100,109
15738,Feb 11 2009,Friendly tournament in Cyprus,Cyprus,Slovakia,1521,1621,3,2,15,-15,1536,1606,70,60,5,-3,75,57,30,100,0
15739,Feb 11 2009,Friendly in Egypt,Egypt,Ghana,1764,1693,2,2,-5,5,1759,1698,27,44,1,0,28,44,20,100,171
15740,Feb 11 2009,World Cup qualifier in El Salvador,El Salvador,Trinidad and Tobago,1473,1566,2,2,0,0,1473,1566,89,67,0,0,89,67,20,100,7
15741,Feb 11 2009,Friendly in Equatorial Guinea,Equatorial Guinea,Liberia,1221,1247,1,0,8,-8,1229,1239,151,153,1,-4,152,149,20,100,74
15742,Feb 11 2009,Friendly in France,France,Argentina,1892,1973,0,2,-16,16,1876,1989,12,4,-2,1,10,5,20,100,19
15743,Feb 11 2009,Friendly in Germany,Germany,Norway,1966,1707,0,1,-18,18,1948,1725,7,34,0,4,7,38,20,100,359
15744,Feb 11 2009,Friendly in Greece,Greece,Denmark,1773,1829,1,1,-1,1,1772,1830,28,14,-1,1,27,15,20,100,44
15745,Feb 11 2009,Friendly in Spain,Iceland,Liechtenstein,1450,1185,2,0,5,-5,1455,1180,92,161,1,-1,93,160,20,0,265
15746,Feb 11 2009,World Cup qualifier in Iran,Iran,South Korea,1767,1714,1,1,-8,8,1759,1722,29,38,-1,1,28,39,40,100,153
15747,Feb 11 2009,World Cup qualifier in Ireland,Ireland,Georgia,1774,1514,2,1,4,-4,1778,1510,23,83,1,-1,24,82,20,0,260
15748,Feb 11 2009,Friendly in Israel,Israel,Hungary,1745,1621,1,0,4,-4,1749,1617,36,56,-1,-1,35,55,20,100,224
15749,Feb 11 2009,Friendly in England,Jamaica,Nigeria,1637,1740,0,0,3,-3,1640,1737,53,39,-1,-2,52,37,20,0,-103
15750,Feb 11 2009,World Cup qualifier in Japan,Japan,Australia,1758,1740,0,0,-7,7,1751,1747,36,37,-3,-1,33,36,40,100,118
15751,Feb 11 2009,Friendly in Turkey,Kazakhstan,Estonia,1352,1417,2,0,18,-18,1370,1399,119,120,1,-7,120,113,20,0,-65
15752,Feb 11 2009,Friendly in Kuwait,Kuwait,Azerbaijan,1438,1372,1,1,-4,4,1434,1376,103,118,-2,0,101,118,20,100,166
15753,Feb 11 2009,Friendly in Libya,Libya,Uruguay,1498,1831,2,3,-4,4,1494,1835,85,12,1,1,86,13,20,100,-233
15754,Feb 11 2009,Friendly in Portugal,Lithuania,Andorra,1634,1048,3,1,1,-1,1635,1047,54,183,-1,0,53,183,20,0,586
15755,Feb 11 2009,Friendly in Turkey,Macedonia,Moldova,1559,1437,1,1,-3,3,1556,1440,67,97,2,2,69,99,20,0,122
15756,Feb 11 2009,Friendly in France,Mali,Angola,1534,1502,4,0,17,-17,1551,1485,67,91,4,-3,71,88,20,0,32
15757,Feb 11 2009,World Cup qualifier in Malta,Malta,Albania,1222,1505,0,0,10,-10,1232,1495,150,86,1,-1,151,85,30,0,-283
15758,Feb 11 2009,Friendly in Morocco,Morocco,Czechia,1660,1849,0,0,3,-3,1663,1846,44,12,2,0,46,12,20,100,-89
15759,Feb 11 2009,Friendly in Mozambique,Mozambique,Malawi,1396,1338,2,0,9,-9,1405,1329,107,124,3,-1,110,123,20,100,158
15760,Feb 11 2009,World Cup qualifier in North Korea,North Korea,Saudi Arabia,1499,1681,1,0,25,-25,1524,1656,74,52,6,-3,80,49,40,100,-82
15761,Feb 11 2009,Friendly in Peru,Peru,Paraguay,1597,1854,0,1,-6,6,1591,1860,59,11,0,0,59,11,20,100,-157
15762,Feb 11 2009,Friendly in Portugal,Poland,Wales,1748,1653,1,0,7,-7,1755,1646,29,50,1,0,30,50,20,0,95
15763,Feb 11 2009,Friendly in Portugal,Portugal,Finland,1821,1662,1,0,4,-4,1825,1658,14,49,2,-1,16,48,20,100,259
15764,Feb 11 2009,Friendly in Romania,Romania,Croatia,1837,1881,1,2,-12,12,1825,1893,19,6,-3,2,16,8,20,100,56
15765,Feb 11 2009,World Cup qualifier in San Marino,San Marino,Northern Ireland,920,1548,0,3,-3,3,917,1551,196,70,-1,1,195,71,40,100,-528
15766,Feb 11 2009,Friendly in South Africa,South Africa,Chile,1540,1781,0,2,-9,9,1531,1790,78,18,-2,3,76,21,20,100,-141
15767,Feb 11 2009,Friendly in Spain,Spain,England,2101,1987,2,0,7,-7,2108,1980,1,7,0,-1,1,6,20,100,214
15768,Feb 11 2009,Friendly in Switzerland,Switzerland,Bulgaria,1792,1786,1,1,-3,3,1789,1789,24,21,-2,1,22,22,20,100,106
15769,Feb 11 2009,Friendly in Tanzania,Tanzania,Zimbabwe,1367,1404,0,0,-2,2,1365,1406,122,107,-1,2,121,109,20,100,63
15770,Feb 11 2009,Friendly in Tunisia,Tunisia,Netherlands,1619,2028,1,1,7,-7,1626,2021,52,3,2,0,54,3,20,100,-309
15771,Feb 11 2009,Friendly in Turkey,Turkey,Ivory Coast,1830,1709,1,1,-6,6,1824,1715,21,41,-3,0,18,41,20,100,221
15772,Feb 11 2009,Friendly tournament in Cyprus,Ukraine,Serbia,1788,1788,1,0,15,-15,1803,1773,17,31,2,-5,19,26,30,0,0
15773,Feb 11 2009,World Cup qualifier in the United States,United States,Mexico,1813,1823,2,0,22,-22,1835,1801,7,23,6,-3,13,20,40,100,90
15774,Feb 11 2009,World Cup qualifier in Uzbekistan,Uzbekistan,Bahrain,1567,1560,0,1,-26,26,1541,1586,82,54,-8,8,74,62,40,100,107
15775,Feb 11 2009,Friendly in Venezuela,Venezuela,Guatemala,1659,1431,2,1,3,-3,1662,1428,45,102,2,0,47,102,20,100,328
15776,Feb 14 2009,Friendly in Ivory Coast,Ivory Coast,Equatorial Guinea,1715,1229,2,0,1,-1,1716,1228,41,154,0,-1,41,153,20,100,586
15777,Mar 5 2009,Asian Cup qualifier in Australia,Australia,Kuwait,1747,1434,0,1,-37,37,1710,1471,46,79,-5,11,41,90,40,100,413
15778,Mar 7 2009,Friendly in Sudan,Sudan,Uganda,1409,1465,0,2,-17,17,1392,1482,121,87,-7,2,114,89,20,100,44
15779,Mar 11 2009,East Asian Championship qual in Guam,Guam,Mongolia,569,798,1,0,27,-27,596,771,220,209,2,0,222,209,40,100,-129
15780,Mar 11 2009,East Asian Championship qual in Guam,Macao,Northern Mariana Islands,722,543,6,1,21,-21,743,522,211,228,0,0,211,228,40,0,179
15781,Mar 11 2009,Friendly in the United States,Mexico,Bolivia,1801,1605,5,1,9,-9,1810,1596,18,58,1,0,19,58,20,0,196
15782,Mar 11 2009,Friendly tournament in Nepal,Nepal,Pakistan,904,850,1,0,9,-9,913,841,196,203,1,0,197,203,30,100,154
15783,Mar 13 2009,East Asian Championship qual in Guam,Guam,Northern Mariana Islands,596,522,2,1,11,-11,607,511,222,230,0,-1,222,229,40,100,174
15784,Mar 13 2009,East Asian Championship qual in Guam,Mongolia,Macao,771,743,2,1,18,-18,789,725,209,211,0,0,209,211,40,0,28
15785,Mar 14 2009,Friendly in Iran,Iran,Kenya,1759,1423,1,0,2,-2,1761,1421,28,105,0,0,28,105,20,100,436
15786,Mar 14 2009,Friendly tournament in Nepal,Nepal,Sri Lanka,913,916,0,0,-4,4,909,920,197,192,0,2,197,194,30,100,97
15787,Mar 15 2009,East Asian Championship qual in Guam,Guam,Macao,607,725,2,2,1,-1,608,724,222,211,0,0,222,211,20,100,-18
15788,Mar 15 2009,East Asian Championship qual in Guam,Mongolia,Northern Mariana Islands,789,511,4,1,12,-12,801,499,207,229,1,0,208,229,40,0,278
15789,Mar 17 2009,Friendly in Qatar,Qatar,Kuwait,1507,1471,1,0,6,-6,1513,1465,81,91,1,0,82,91,20,100,136
15790,Mar 18 2009,Friendly in Trinidad and Tobago,Trinidad and Tobago,Panama,1566,1587,1,0,8,-8,1574,1579,61,63,3,-1,64,62,20,100,79
15791,Mar 21 2009,Friendly in Namibia,Namibia,Botswana,1303,1290,0,0,-3,3,1300,1293,130,132,0,0,130,132,20,100,113
15792,Mar 21 2009,Friendly in Syria,Syria,Qatar,1591,1513,1,2,-15,15,1576,1528,65,74,-3,4,62,78,20,100,178
15793,Mar 21 2009,Friendly in Uganda,Uganda,Malawi,1482,1329,2,1,4,-4,1486,1325,85,125,2,-1,87,124,20,100,253
15794,Mar 22 2009,Friendly in Iceland,Iceland,Faroe Islands,1455,1169,1,2,-18,18,1437,1187,108,153,-7,5,101,158,20,100,386
15795,Mar 22 2009,Friendly in Saudi Arabia,Saudi Arabia,Iraq,1656,1529,0,0,-6,6,1650,1535,49,75,0,1,49,76,20,100,227
15796,Mar 23 2009,Friendly in Bahrain,Bahrain,Zimbabwe,1586,1406,5,2,6,-6,1592,1400,58,114,1,-3,59,111,20,100,280
15797,Mar 23 2009,Friendly in Kuwait,Kuwait,Iran,1465,1761,0,1,-5,5,1460,1766,91,28,0,0,91,28,20,100,-196
15798,Mar 25 2009,Friendly in Portugal,Cape Verde,Angola,1323,1485,1,0,14,-14,1337,1471,119,91,3,-1,122,90,20,0,-162
15799,Mar 26 2009,Asian Cup & Asian Chlg Cup q in Nepal,Nepal,Palestine,909,1190,0,0,10,-10,919,1180,193,163,2,-3,195,160,30,0,-281
15800,Mar 28 2009,World Cup qualifier in Albania,Albania,Hungary,1495,1617,0,1,-19,19,1476,1636,93,47,-4,4,89,51,40,100,-22
15801,Mar 28 2009,World Cup qualifier in Argentina,Argentina,Venezuela,1989,1662,4,0,6,-6,1995,1656,5,49,0,-1,5,48,40,100,427
15802,Mar 28 2009,World Cup qualifier in Armenia,Armenia,Estonia,1415,1399,2,2,-6,6,1409,1405,104,104,1,4,105,108,40,100,116
15803,Mar 28 2009,World Cup qualifier in Belgium,Belgium,Bosnia and Herzegovina,1642,1575,2,4,-43,43,1599,1618,65,45,-7,9,58,54,40,100,167
15804,Mar 28 2009,World Cup & African Cup qual in Burkina Faso,Burkina Faso,Guinea,1424,1574,4,2,34,-34,1458,1540,86,86,9,-11,95,75,40,100,-50
15805,Mar 28 2009,Friendly in Cape Verde,Cape Verde,Equatorial Guinea,1337,1228,5,0,9,-9,1346,1219,122,153,0,0,122,153,20,100,209
15806,Mar 28 2009,World Cup qualifier in Colombia,Colombia,Bolivia,1750,1596,2,0,11,-11,1761,1585,22,62,6,-2,28,60,40,100,254
15807,Mar 28 2009,World Cup qualifier in Cyprus,Cyprus,Georgia,1536,1510,2,1,13,-13,1549,1497,71,85,2,-1,73,84,40,100,126
15808,Mar 28 2009,World Cup qualifier in El Salvador,El Salvador,United States,1473,1835,2,2,13,-13,1486,1822,83,19,3,-3,86,16,40,100,-262
15809,Mar 28 2009,Friendly in England,England,Slovakia,1980,1606,4,0,2,-2,1982,1604,6,57,0,0,6,57,20,100,474
15810,Mar 28 2009,World Cup qualifier in Germany,Germany,Liechtenstein,1948,1180,4,0,1,-1,1949,1179,7,162,0,-1,7,161,30,0,768
15811,Mar 28 2009,World Cup qualifier in Iran,Iran,Saudi Arabia,1766,1650,1,2,-31,31,1735,1681,40,43,-6,3,34,46,40,100,216
15812,Mar 28 2009,World Cup qualifier in Ireland,Ireland,Bulgaria,1778,1789,1,1,-5,5,1773,1794,30,24,-3,-1,27,23,40,100,89
15813,Mar 28 2009,World Cup qualifier in Israel,Israel,Greece,1749,1772,1,1,-4,4,1745,1776,27,25,4,1,31,26,40,100,77
15814,Mar 28 2009,World Cup qualifier in Japan,Japan,Bahrain,1751,1592,1,0,7,-7,1758,1585,27,61,3,-1,30,60,40,100,259
15815,Mar 28 2009,World Cup & African Cup qual in Kenya,Kenya,Tunisia,1421,1626,1,2,-14,14,1407,1640,109,44,-2,5,107,49,40,100,-105
15816,Mar 28 2009,World Cup qualifier in Lithuania,Lithuania,France,1635,1876,0,1,-12,12,1623,1888,53,8,0,1,53,9,40,100,-141
15817,Mar 28 2009,World Cup qualifier in Luxembourg,Luxembourg,Latvia,1095,1522,0,4,-10,10,1085,1532,179,76,-1,3,178,79,40,100,-327
15818,Mar 28 2009,World Cup qualifier in Malta,Malta,Denmark,1232,1830,0,3,-4,4,1228,1834,153,13,-1,1,152,14,40,100,-498
15819,Mar 28 2009,World Cup qualifier in Mexico,Mexico,Costa Rica,1810,1753,2,0,17,-17,1827,1736,11,34,4,-1,15,33,40,100,157
15820,Mar 28 2009,World Cup qualifier in Moldova,Moldova,Switzerland,1440,1789,0,2,-12,12,1428,1801,105,18,-3,2,102,20,40,100,-249
15821,Mar 28 2009,World Cup qualifier in Montenegro,Montenegro,Italy,1685,1991,0,2,-14,14,1671,2005,49,4,-2,0,47,4,40,100,-206
15822,Mar 28 2009,World Cup & African Cup qual in Morocco,Morocco,Gabon,1663,1507,1,2,-33,33,1630,1540,58,66,-6,9,52,75,40,100,256
15823,Mar 28 2009,Asian Cup & Asian Chlg Cup q in Nepal,Nepal,Kyrgyzstan,919,1161,1,1,8,-8,927,1153,193,165,1,0,194,165,40,100,-142
15824,Mar 28 2009,World Cup qualifier in the Netherlands,Netherlands,Scotland,2021,1722,3,0,6,-6,2027,1716,3,38,0,0,3,38,40,100,399
15825,Mar 28 2009,World Cup qualifier in North Korea,North Korea,United Arab Emirates,1524,1427,2,0,15,-15,1539,1412,73,105,4,-1,77,104,40,100,197
15826,Mar 28 2009,World Cup qualifier in Northern Ireland,Northern Ireland,Poland,1551,1755,3,2,26,-26,1577,1729,57,40,7,-5,64,35,40,100,-104
15827,Mar 28 2009,Friendly in Oman,Oman,Senegal,1609,1544,2,0,8,-8,1617,1536,54,83,1,-5,55,78,20,100,165
15828,Mar 28 2009,World Cup qualifier in Portugal,Portugal,Sweden,1825,1776,0,0,-8,8,1817,1784,20,25,-2,0,18,25,40,100,149
15829,Mar 28 2009,World Cup qualifier in Romania,Romania,Serbia,1825,1773,2,3,-28,28,1797,1801,28,14,-6,6,22,20,40,100,152
15830,Mar 28 2009,World Cup qualifier in Russia,Russia,Azerbaijan,1882,1376,2,0,2,-2,1884,1374,11,118,-1,0,10,118,20,0,506
15831,Mar 28 2009,World Cup & African Cup qual in Rwanda,Rwanda,Algeria,1388,1448,0,0,-2,2,1386,1450,116,99,0,-1,116,98,30,100,40
15832,Mar 28 2009,World Cup qualifier in Slovenia,Slovenia,Czechia,1572,1846,0,0,9,-9,1581,1837,58,12,4,0,62,12,40,100,-174
15833,Mar 28 2009,Friendly tournament in South Africa,South Africa,Norway,1531,1725,2,1,19,-19,1550,1706,67,45,5,-4,72,41,30,100,-94
15834,Mar 28 2009,Friendly in South Korea,South Korea,Iraq,1722,1535,2,1,3,-3,1725,1532,34,82,2,-3,36,79,20,100,287
15835,Mar 28 2009,World Cup qualifier in Spain,Spain,Turkey,2108,1824,1,0,4,-4,2112,1820,1,16,0,1,1,17,40,100,384
15836,Mar 28 2009,Friendly in Sri Lanka,Sri Lanka,Maldives,920,1099,1,1,2,-2,922,1097,196,176,-1,0,195,176,20,100,-79
15837,Mar 28 2009,World Cup & African Cup qual in Sudan,Sudan,Mali,1392,1551,1,1,3,-3,1395,1548,112,77,1,-3,113,74,30,100,-59
15838,Mar 28 2009,Friendly in Thailand,Thailand,New Zealand,1449,1526,3,1,14,-14,1463,1512,89,84,3,-2,92,82,20,100,23
15839,Mar 28 2009,World Cup & African Cup qual in Ghana,Togo,Cameroon,1441,1755,1,0,34,-34,1475,1721,82,44,8,-7,90,37,40,0,-314
15840,Mar 28 2009,World Cup qualifier in Trinidad and Tobago,Trinidad and Tobago,Honduras,1574,1702,1,1,2,-2,1576,1700,66,43,-1,0,65,43,40,100,-28
15841,Mar 28 2009,World Cup qualifier in Uruguay,Uruguay,Paraguay,1835,1860,2,0,24,-24,1859,1836,9,15,2,-2,11,13,30,0,-25
15842,Mar 28 2009,World Cup qualifier in Uzbekistan,Uzbekistan,Qatar,1541,1528,4,0,26,-26,1567,1502,62,88,6,-5,68,83,40,100,113
15843,Mar 28 2009,World Cup qualifier in Wales,Wales,Finland,1646,1658,0,2,-37,37,1609,1695,62,42,-6,3,56,45,40,100,88
15844,Mar 29 2009,World Cup qualifier in Ecuador,Ecuador,Brazil,1703,2031,1,1,12,-12,1715,2019,38,4,2,-1,40,3,40,100,-228
15845,Mar 29 2009,World Cup & African Cup qual in Egypt,Egypt,Zambia,1759,1459,1,1,-16,16,1743,1475,33,86,-2,4,31,90,40,100,400
15846,Mar 29 2009,World Cup & African Cup qual in Ghana,Ghana,Benin,1698,1403,1,0,4,-4,1702,1399,42,114,1,-2,43,112,40,100,395
15847,Mar 29 2009,World Cup & African Cup qual in Ivory Coast,Ivory Coast,Malawi,1716,1325,5,0,4,-4,1720,1321,38,127,0,-1,38,126,20,0,391
15848,Mar 29 2009,World Cup & African Cup qual in Mozambique,Mozambique,Nigeria,1405,1737,0,0,12,-12,1417,1725,100,38,4,-3,104,35,40,100,-232
15849,Mar 29 2009,World Cup qualifier in Peru,Peru,Chile,1591,1790,1,3,-22,22,1569,1812,73,14,-7,5,66,19,40,100,-99
15850,Mar 30 2009,Asian Cup & Asian Chlg Cup q in Nepal,Kyrgyzstan,Palestine,1153,1180,1,1,2,-2,1155,1178,165,162,0,-1,165,161,40,0,-27
15851,Mar 31 2009,Friendly in Portugal,Morocco,Angola,1630,1471,2,0,9,-9,1639,1462,50,94,1,-1,51,93,20,0,159
15852,Mar 31 2009,Friendly in Panama,Panama,Haiti,1579,1408,4,0,7,-7,1586,1401,56,113,3,-3,59,110,20,100,271
15853,Mar 31 2009,Friendly in Switzerland,Portugal,South Africa,1817,1550,2,0,5,-5,1822,1545,14,76,2,-2,16,74,20,0,267
15854,Mar 31 2009,World Cup qualifier in Venezuela,Venezuela,Colombia,1656,1761,2,0,30,-30,1686,1731,44,38,2,-5,46,33,40,100,-5
15855,Apr 1 2009,World Cup qualifier in Andorra,Andorra,Croatia,1047,1893,0,2,-1,1,1046,1894,183,8,0,0,183,8,30,100,-746
15856,Apr 1 2009,World Cup qualifier in Australia,Australia,Uzbekistan,1710,1567,2,0,12,-12,1722,1555,35,72,3,-2,38,70,40,100,243
15857,Apr 1 2009,World Cup qualifier in Austria,Austria,Romania,1555,1797,2,1,28,-28,1583,1769,57,31,7,-4,64,27,40,100,-142
15858,Apr 1 2009,World Cup qualifier in Bahrain,Bahrain,Qatar,1585,1502,1,0,10,-10,1595,1492,60,87,0,-2,60,85,40,100,183
15859,Apr 1 2009,World Cup qualifier in Bolivia,Bolivia,Argentina,1585,1995,6,1,69,-69,1654,1926,38,9,11,-2,49,7,40,100,-310
15860,Apr 1 2009,World Cup qualifier in Bosnia and Herzegovina,Bosnia and Herzegovina,Belgium,1618,1599,2,1,13,-13,1631,1586,56,66,-1,-4,55,62,40,100,119
15861,Apr 1 2009,World Cup qualifier in Brazil,Brazil,Peru,2019,1569,3,0,3,-3,2022,1566,3,68,0,-1,3,67,40,100,550
15862,Apr 1 2009,World Cup qualifier in Bulgaria,Bulgaria,Cyprus,1794,1549,2,0,7,-7,1801,1542,18,78,3,-3,21,75,40,100,345
15863,Apr 1 2009,World Cup qualifier in Chile,Chile,Uruguay,1812,1859,0,0,-3,3,1809,1862,17,11,1,0,18,11,40,100,53
15864,Apr 1 2009,World Cup qualifier in Costa Rica,Costa Rica,El Salvador,1736,1486,1,0,5,-5,1741,1481,29,90,1,-2,30,88,40,100,350
15865,Apr 1 2009,World Cup qualifier in Czechia,Czechia,Slovakia,1837,1604,1,2,-35,35,1802,1639,28,49,-8,4,20,53,40,100,333
15866,Apr 1 2009,World Cup qualifier in Denmark,Denmark,Albania,1834,1476,3,0,5,-5,1839,1471,10,93,2,-2,12,91,40,100,458
15867,Apr 1 2009,World Cup qualifier in Ecuador,Ecuador,Paraguay,1715,1836,1,1,1,-1,1716,1835,44,13,-2,0,42,13,20,100,-21
15868,Apr 1 2009,World Cup qualifier in England,England,Ukraine,1982,1803,2,1,7,-7,1989,1796,4,24,1,-2,5,22,40,100,279
15869,Apr 1 2009,World Cup qualifier in Estonia,Estonia,Armenia,1405,1409,1,0,15,-15,1420,1394,100,120,4,-7,104,113,30,0,-4
15870,Apr 1 2009,World Cup qualifier in France,France,Lithuania,1888,1623,1,0,4,-4,1892,1619,9,59,0,-3,9,56,20,0,265
15871,Apr 1 2009,World Cup qualifier in Georgia,Georgia,Montenegro,1497,1671,0,0,4,-4,1501,1667,82,48,1,0,83,48,40,100,-74
15872,Apr 1 2009,World Cup qualifier in Greece,Greece,Israel,1776,1745,2,1,13,-13,1789,1732,22,33,2,-2,24,31,40,100,131
15873,Apr 1 2009,World Cup qualifier in Honduras,Honduras,Mexico,1700,1827,3,1,32,-32,1732,1795,18,31,13,-8,31,23,40,100,-27
15874,Apr 1 2009,World Cup qualifier in Hungary,Hungary,Malta,1636,1228,3,0,4,-4,1640,1224,48,152,2,0,50,152,40,100,508
15875,Apr 1 2009,Friendly in Iran,Iran,Senegal,1735,1536,1,1,-7,7,1728,1543,40,70,-4,4,36,74,20,100,299
15876,Apr 1 2009,World Cup qualifier in Italy,Italy,Ireland,2005,1773,1,1,-15,15,1990,1788,4,23,0,2,4,25,40,100,332
15877,Apr 1 2009,World Cup qualifier in Kazakhstan,Kazakhstan,Belarus,1370,1569,1,5,-27,27,1343,1596,124,52,-2,7,122,59,40,100,-99
15878,Apr 1 2009,World Cup qualifier in Latvia,Latvia,Luxembourg,1532,1085,2,0,2,-2,1534,1083,77,180,1,-1,78,179,20,0,447
15879,Apr 1 2009,Friendly in Lebanon,Lebanon,Namibia,1269,1300,1,1,-2,2,1267,1302,137,130,0,0,137,130,20,100,69
15880,Apr 1 2009,Friendly in Lesotho,Lesotho,Botswana,1128,1293,0,0,2,-2,1130,1291,170,132,1,0,171,132,20,100,-65
15881,Apr 1 2009,World Cup qualifier in Liechtenstein,Liechtenstein,Russia,1179,1884,0,1,-1,1,1178,1885,160,10,0,0,160,10,20,100,-605
15882,Apr 1 2009,World Cup qualifier in the Netherlands,Netherlands,Macedonia,2027,1556,4,0,3,-3,2030,1553,2,72,0,-1,2,71,40,100,571
15883,Apr 1 2009,Friendly in Norway,Norway,Finland,1706,1695,3,2,7,-7,1713,1688,44,45,-1,0,43,45,20,100,111
15884,Apr 1 2009,World Cup qualifier in Northern Ireland,Northern Ireland,Slovenia,1577,1581,1,0,15,-15,1592,1566,59,72,2,-5,61,67,30,0,-4
15885,Apr 1 2009,World Cup qualifier in Poland,Poland,San Marino,1729,917,10,0,1,-1,1730,916,36,197,-1,0,35,197,30,0,812
15886,Apr 1 2009,World Cup qualifier in Saudi Arabia,Saudi Arabia,United Arab Emirates,1681,1412,3,2,4,-4,1685,1408,47,107,0,-1,47,106,20,0,269
15887,Apr 1 2009,World Cup qualifier in Scotland,Scotland,Iceland,1716,1437,2,1,4,-4,1720,1433,41,101,-1,0,40,101,40,100,379
15888,Apr 1 2009,Friendly in Serbia,Serbia,Sweden,1801,1784,2,0,10,-10,1811,1774,11,27,5,-1,16,26,20,100,117
15889,Apr 1 2009,World Cup qualifier in South Korea,South Korea,North Korea,1725,1539,1,0,6,-6,1731,1533,31,81,2,-2,33,79,40,100,286
15890,Apr 1 2009,World Cup qualifier in Switzerland,Switzerland,Moldova,1801,1428,2,0,4,-4,1805,1424,17,104,2,-1,19,103,40,100,473
15891,Apr 1 2009,World Cup qualifier in Turkey,Turkey,Spain,1820,2112,1,2,-10,10,1810,2122,16,1,1,0,17,1,40,100,-192
15892,Apr 1 2009,World Cup qualifier in the United States,United States,Trinidad and Tobago,1822,1576,3,0,8,-8,1830,1568,12,68,2,-2,14,66,40,100,346
15893,Apr 1 2009,World Cup qualifier in Wales,Wales,Germany,1609,1949,0,2,-12,12,1597,1961,60,5,-2,1,58,6,40,100,-240
15894,Apr 4 2009,Friendly in Angola,Angola,Namibia,1462,1302,0,0,-6,6,1456,1308,99,130,-3,0,96,130,20,100,260
15895,Apr 4 2009,Asian Cup & Asian Chlg Cup q in Sri Lanka,Pakistan,Taiwan,841,955,1,1,6,-6,847,949,203,190,0,0,203,190,40,0,-114
15896,Apr 4 2009,Asian Cup & Asian Chlg Cup q in Sri Lanka,Sri Lanka,Brunei,922,697,5,1,10,-10,932,687,191,218,2,0,193,218,40,100,325
15897,Apr 6 2009,Asian Cup & Asian Chlg Cup q in Sri Lanka,Pakistan,Brunei,847,687,6,0,24,-24,871,663,199,220,2,-1,201,219,40,0,160
15898,Apr 6 2009,Asian Cup & Asian Chlg Cup q in Sri Lanka,Sri Lanka,Taiwan,932,949,2,1,15,-15,947,934,187,196,3,-3,190,193,40,100,83
15899,Apr 7 2009,Asian Cup & Asian Chlg Cup q in Macao,Macao,Mongolia,724,801,2,0,28,-28,752,773,211,210,0,-1,211,209,40,100,23
15900,Apr 8 2009,Asian Cup & Asian Chlg Cup q in Sri Lanka,Sri Lanka,Pakistan,947,871,2,2,-9,9,938,880,194,201,-2,0,192,201,40,100,176
15901,Apr 8 2009,Asian Cup & Asian Chlg Cup q in Sri Lanka,Taiwan,Brunei,934,663,5,0,14,-14,948,649,187,221,3,-1,190,220,40,0,271
15902,Apr 14 2009,Asian Cup & Asian Chlg Cup q in the Maldives,Maldives,Turkmenistan,1097,1298,1,3,-22,22,1075,1320,184,123,-4,4,180,127,40,100,-101
15903,Apr 14 2009,Asian Cup & Asian Chlg Cup q in Mongolia,Mongolia,Macao,773,752,3,1,20,-20,793,732,209,211,0,0,209,211,40,100,121
15904,Apr 14 2009,Asian Cup & Asian Chlg Cup q in the Maldives,Philippines,Bhutan,814,652,1,0,11,-11,825,641,206,221,0,-1,206,220,40,0,162
15905,Apr 16 2009,Asian Cup & Asian Chlg Cup q in the Maldives,Maldives,Philippines,1075,825,3,2,5,-5,1080,820,178,206,1,0,179,206,40,100,350
15906,Apr 16 2009,Asian Cup & Asian Chlg Cup q in the Maldives,Turkmenistan,Bhutan,1320,641,7,0,2,-2,1322,639,125,220,1,0,126,220,40,0,679
15907,Apr 18 2009,Asian Cup & Asian Chlg Cup q in the Maldives,Maldives,Bhutan,1080,639,5,0,3,-3,1083,636,177,220,1,0,178,220,20,0,441
15908,Apr 18 2009,Asian Cup & Asian Chlg Cup q in the Maldives,Turkmenistan,Philippines,1322,820,5,0,4,-4,1326,816,124,206,1,0,125,206,40,0,502
15909,Apr 22 2009,Friendly in French Guiana,French Guiana,Suriname,1193,1245,0,0,-1,1,1192,1246,155,144,0,1,155,145,20,100,48
15910,Apr 25 2009,Friendly in Mali,Mali,Equatorial Guinea,1548,1219,3,0,3,-3,1551,1216,72,153,0,0,72,153,20,100,429
15911,Apr 26 2009,Asian Cup & Asian Chlg Cup q in Bangladesh,Bangladesh,Cambodia,919,769,1,0,8,-8,927,761,194,210,1,0,195,210,40,100,250
15912,Apr 26 2009,Asian Cup & Asian Chlg Cup q in Bangladesh,Myanmar,Macao,1167,732,4,0,6,-6,1173,726,162,211,1,0,163,211,40,0,435
15913,Apr 28 2009,Asian Cup & Asian Chlg Cup q in Bangladesh,Bangladesh,Myanmar,927,1173,1,2,-12,12,915,1185,199,155,-2,4,197,159,40,100,-146
15914,Apr 28 2009,Asian Cup & Asian Chlg Cup q in Bangladesh,Cambodia,Macao,761,726,2,1,18,-18,779,708,210,215,0,-2,210,213,40,0,35
15915,Apr 30 2009,Asian Cup & Asian Chlg Cup q in Bangladesh,Bangladesh,Macao,915,708,3,0,10,-10,925,698,195,221,1,-4,196,217,40,100,307
15916,Apr 30 2009,Asian Cup & Asian Chlg Cup q in Bangladesh,Myanmar,Cambodia,1185,779,1,0,4,-4,1189,775,155,210,2,0,157,210,40,0,406
15917,May 9 2009,Friendly in Tanzania,Tanzania,DR Congo,1365,1438,0,2,-16,16,1349,1454,120,94,0,3,120,97,20,100,27
15918,May 13 2009,Friendly in Jordan,Jordan,Zimbabwe,1486,1400,2,0,8,-8,1494,1392,82,118,2,-4,84,114,20,100,186
15919,May 13 2009,Friendly in Venezuela,Venezuela,Costa Rica,1686,1741,1,1,-1,1,1685,1742,46,30,0,0,46,30,20,100,45
15920,May 20 2009,Friendly in Argentina,Argentina,Panama,1926,1586,3,1,2,-2,1928,1584,7,64,0,-1,7,63,20,100,440
15921,May 23 2009,Friendly in the United States,Haiti,Jamaica,1401,1640,2,2,6,-6,1407,1634,105,58,2,-4,107,54,20,0,-239
15922,May 26 2009,Friendly in Qatar,Qatar,Saudi Arabia,1492,1685,2,1,13,-13,1505,1672,80,48,3,-1,83,47,20,100,-93
15923,May 27 2009,Friendly in the United States,El Salvador,Ecuador,1481,1716,3,1,24,-24,1505,1692,78,46,5,-2,83,44,20,0,-235
15924,May 27 2009,Friendly tournament in Japan,Japan,Chile,1758,1809,4,0,24,-24,1782,1785,24,32,2,-7,26,25,30,100,49
15925,May 27 2009,Friendly in Jordan,Jordan,Congo,1494,1402,1,1,-5,5,1489,1407,89,105,-2,2,87,107,20,100,192
15926,May 28 2009,Friendly in Tunisia,Tunisia,Sudan,1640,1395,4,0,5,-5,1645,1390,50,117,0,-3,50,114,20,100,345
15927,May 29 2009,Friendly tournament in Japan,Belgium,Chile,1586,1785,1,1,8,-8,1594,1777,60,27,1,-1,61,26,30,0,-199
15928,May 29 2009,Friendly in China,China,Germany,1528,1961,1,1,7,-7,1535,1954,75,6,3,0,78,6,20,100,-333
15929,May 29 2009,Friendly in England,Ireland,Nigeria,1788,1725,1,1,-2,2,1786,1727,24,37,0,0,24,37,20,0,63
15930,May 29 2009,Friendly in Wales,Wales,Estonia,1597,1420,1,0,3,-3,1600,1417,58,104,0,0,58,104,20,100,277
15931,May 30 2009,Friendly in Cyprus,Cyprus,Canada,1542,1566,0,1,-12,12,1530,1578,87,63,-6,2,81,65,20,100,76
15932,May 30 2009,Friendly in the United States,El Salvador,Jamaica,1505,1634,0,0,4,-4,1509,1630,83,56,0,-1,83,55,20,0,-129
15933,May 30 2009,Friendly in Malawi,Malawi,Rwanda,1321,1386,2,0,13,-13,1334,1373,121,120,3,-2,124,118,20,100,35
15934,May 30 2009,Friendly in Oman,Oman,Egypt,1617,1743,0,1,-9,9,1608,1752,57,29,0,0,57,29,20,100,-26
15935,May 30 2009,Friendly in South Africa,South Africa,Mauritius,1545,1060,2,0,1,-1,1546,1059,73,181,0,0,73,181,20,100,585
15936,May 31 2009,Friendly in Bahrain,Bahrain,Congo,1595,1407,3,1,5,-5,1600,1402,56,111,2,-2,58,109,20,100,288
15937,May 31 2009,Friendly in Ghana,Ghana,Uganda,1702,1486,2,1,3,-3,1705,1483,43,88,0,0,43,88,20,100,316
15938,May 31 2009,Friendly tournament in Japan,Japan,Belgium,1782,1594,4,0,9,-9,1791,1585,21,63,2,-1,23,62,20,0,188
15939,May 31 2009,Friendly in Kuwait,Kuwait,Vietnam,1460,1337,0,1,-16,16,1444,1353,107,117,-7,3,100,120,20,100,223
15940,May 31 2009,Friendly in Qatar,Qatar,Iraq,1505,1532,1,0,8,-8,1513,1524,80,82,2,-1,82,81,20,100,73
15941,Jun 1 2009,Friendly in China,China,Iran,1535,1728,1,0,13,-13,1548,1715,69,46,4,-5,73,41,20,100,-93
15942,Jun 1 2009,Friendly in Uzbekistan,Uzbekistan,Bosnia and Herzegovina,1555,1631,0,0,-1,1,1554,1632,70,54,0,0,70,54,20,100,24
15943,Jun 2 2009,Friendly in France,France,Nigeria,1892,1727,0,1,-16,16,1876,1743,11,24,-1,6,10,30,20,100,265
15944,Jun 2 2009,Friendly in the United Arab Emirates,Oman,South Korea,1608,1731,0,0,3,-3,1611,1728,57,39,0,-3,57,36,20,0,-123
15945,Jun 2 2009,Friendly in Turkey,Turkey,Azerbaijan,1810,1374,2,0,1,-1,1811,1373,15,117,1,0,16,117,20,100,536
15946,Jun 2 2009,Friendly in the United Arab Emirates,United Arab Emirates,Germany,1408,1954,2,7,-3,3,1405,1957,110,6,-2,0,108,6,20,100,-446
15947,Jun 3 2009,Friendly tournament in Suriname,Antigua and Barbuda,Guyana,1239,1248,2,1,15,-15,1254,1233,133,156,8,-6,141,150,30,0,-9
15948,Jun 3 2009,Friendly in Bahrain,Bahrain,Jordan,1600,1489,4,0,9,-9,1609,1480,58,89,0,-1,58,88,20,100,211
15949,Jun 3 2009,World Cup qualifier in Costa Rica,Costa Rica,United States,1742,1830,3,1,29,-29,1771,1801,25,24,3,-5,28,19,40,100,12
15950,Jun 3 2009,Friendly in Tanzania,Tanzania,New Zealand,1349,1512,2,1,12,-12,1361,1500,119,87,1,-2,120,85,20,100,-63
15951,Jun 4 2009,Friendly in China,China,Saudi Arabia,1548,1672,1,4,-16,16,1532,1688,85,43,-6,2,79,45,20,100,-24
15952,Jun 5 2009,Friendly in Czechia,Czechia,Malta,1802,1224,1,0,0,0,1802,1224,18,152,0,0,18,152,20,100,678
15953,Jun 5 2009,Friendly in France,France,Turkey,1876,1811,1,0,6,-6,1882,1805,10,17,0,-1,10,16,20,100,165
15954,Jun 5 2009,Friendly tournament in Suriname,French Guiana,Antigua and Barbuda,1192,1254,2,1,18,-18,1210,1236,155,157,0,-8,155,149,30,0,-62
15955,Jun 5 2009,Friendly in Syria,Syria,Sierra Leone,1576,1251,6,0,3,-3,1579,1248,64,143,1,0,65,143,20,100,425
15956,Jun 6 2009,World Cup qualifier in Albania,Albania,Portugal,1471,1822,1,2,-8,8,1463,1830,91,12,0,1,91,13,40,100,-251
15957,Jun 6 2009,World Cup qualifier in Argentina,Argentina,Colombia,1928,1731,1,0,6,-6,1934,1725,7,34,0,0,7,34,40,100,297
15958,Jun 6 2009,World Cup qualifier in Azerbaijan,Azerbaijan,Wales,1373,1600,0,1,-13,13,1360,1613,123,53,-3,3,120,56,40,100,-127
15959,Jun 6 2009,World Cup qualifier in Belarus,Belarus,Andorra,1596,1046,5,1,2,-2,1598,1044,60,185,0,-1,60,184,20,0,550
15960,Jun 6 2009,World Cup qualifier in Bolivia,Bolivia,Venezuela,1654,1685,0,1,-24,24,1630,1709,59,39,-5,4,54,43,40,100,69
15961,Jun 6 2009,Friendly in Botswana,Botswana,New Zealand,1291,1500,0,0,3,-3,1294,1497,132,83,0,1,132,84,20,100,-109
15962,Jun 6 2009,World Cup qualifier in Bulgaria,Bulgaria,Ireland,1801,1786,1,1,-6,6,1795,1792,25,21,-3,2,22,23,40,100,115
15963,Jun 6 2009,World Cup qualifier in Croatia,Croatia,Ukraine,1894,1796,2,2,-10,10,1884,1806,10,13,-1,4,9,17,40,100,198
15964,Jun 6 2009,World Cup qualifier in Cyprus,Cyprus,Montenegro,1530,1667,2,2,2,-2,1532,1665,80,48,0,0,80,48,30,100,-37
15965,Jun 6 2009,World Cup qualifier in El Salvador,El Salvador,Mexico,1509,1795,2,1,30,-30,1539,1765,71,34,6,-6,77,28,40,100,-186
15966,Jun 6 2009,Friendly in Estonia,Estonia,Equatorial Guinea,1417,1216,3,0,5,-5,1422,1211,104,155,0,-1,104,154,20,100,301
15967,Jun 6 2009,World Cup qualifier in Finland,Finland,Liechtenstein,1688,1178,2,1,1,-1,1689,1177,47,163,-1,-1,46,162,20,0,510
15968,Jun 6 2009,World Cup & African Cup qual in Gabon,Gabon,Togo,1540,1475,3,0,20,-20,1560,1455,63,101,6,-6,69,95,40,100,165
15969,Jun 6 2009,Friendly in Georgia,Georgia,Moldova,1501,1424,1,2,-15,15,1486,1439,88,97,-2,3,86,100,20,100,177
15970,Jun 6 2009,World Cup qualifier in Iceland,Iceland,Netherlands,1433,2030,1,2,-2,2,1431,2032,103,4,-1,-1,102,3,30,100,-497
15971,Jun 6 2009,Friendly in Italy,Italy,Northern Ireland,1990,1592,3,0,2,-2,1992,1590,4,61,0,0,4,61,20,100,498
15972,Jun 6 2009,World Cup qualifier in Kazakhstan,Kazakhstan,England,1343,1989,0,4,-3,3,1340,1992,123,3,0,1,123,4,40,100,-546
15973,Jun 6 2009,World Cup qualifier in Lithuania,Lithuania,Romania,1619,1769,0,1,-17,17,1602,1786,62,23,-3,3,59,26,40,100,-50
15974,Jun 6 2009,World Cup qualifier in Macedonia,Macedonia,Norway,1553,1713,0,0,3,-3,1556,1710,71,40,0,1,71,41,30,100,-60
15975,Jun 6 2009,World Cup & African Cup qual in Malawi,Malawi,Burkina Faso,1334,1458,0,1,-19,19,1315,1477,132,87,-4,3,128,90,40,100,-24
15976,Jun 6 2009,Friendly in Namibia,Namibia,DR Congo,1308,1454,4,0,21,-21,1329,1433,117,106,7,-5,124,101,20,100,-46
15977,Jun 6 2009,World Cup qualifier in North Korea,North Korea,Iran,1533,1715,0,0,5,-5,1538,1710,78,41,0,0,78,41,20,0,-182
15978,Jun 6 2009,World Cup qualifier in Paraguay,Paraguay,Chile,1835,1777,0,2,-43,43,1792,1820,33,2,-10,12,23,14,40,100,158
15979,Jun 6 2009,World Cup qualifier in Qatar,Qatar,Australia,1513,1722,0,0,6,-6,1519,1716,84,43,-1,-3,83,40,40,100,-109
15980,Jun 6 2009,World Cup qualifier in Serbia,Serbia,Austria,1811,1583,1,0,5,-5,1816,1578,15,66,0,-1,15,65,40,100,328
15981,Jun 6 2009,World Cup qualifier in Slovakia,Slovakia,San Marino,1639,916,7,0,1,-1,1640,915,48,197,2,0,50,197,20,0,723
15982,Jun 6 2009,Friendly in South Africa,South Africa,Poland,1546,1730,1,0,12,-12,1558,1718,67,43,3,-4,70,39,20,100,-84
15983,Jun 6 2009,World Cup qualifier in Sweden,Sweden,Denmark,1774,1839,0,1,-22,22,1752,1861,31,10,-2,1,29,11,40,100,35
15984,Jun 6 2009,World Cup qualifier in Trinidad and Tobago,Trinidad and Tobago,Costa Rica,1568,1771,2,3,-14,14,1554,1785,77,26,-5,1,72,27,40,100,-103
15985,Jun 6 2009,World Cup & African Cup qual in Tunisia,Tunisia,Mozambique,1645,1417,2,0,8,-8,1653,1409,48,106,1,-1,49,105,40,100,328
15986,Jun 6 2009,World Cup qualifier in the United Arab Emirates,United Arab Emirates,South Korea,1405,1728,0,2,-13,13,1392,1741,116,28,-4,4,112,32,40,100,-223
15987,Jun 6 2009,World Cup qualifier in Uruguay,Uruguay,Brazil,1862,2022,0,4,-31,31,1831,2053,13,1,-1,1,12,2,40,100,-60
15988,Jun 6 2009,World Cup qualifier in the United States,United States,Honduras,1801,1732,2,1,11,-11,1812,1721,13,38,3,-3,16,35,40,100,169
15989,Jun 6 2009,World Cup qualifier in Uzbekistan,Uzbekistan,Japan,1554,1791,0,1,-12,12,1542,1803,80,17,-5,3,75,20,40,100,-137
15990,Jun 6 2009,World Cup & African Cup qual in Zambia,Zambia,Rwanda,1475,1373,1,0,10,-10,1485,1363,85,119,2,-1,87,118,40,100,202
15991,Jun 7 2009,World Cup & African Cup qual in Algeria,Algeria,Egypt,1450,1752,3,1,46,-46,1496,1706,73,61,12,-16,85,45,40,100,-202
15992,Jun 7 2009,World Cup & African Cup qual in Benin,Benin,Sudan,1399,1390,1,0,14,-14,1413,1376,101,118,4,-2,105,116,40,100,109
15993,Jun 7 2009,World Cup & African Cup qual in Cameroon,Cameroon,Morocco,1721,1639,0,0,-10,10,1711,1649,45,48,-5,2,40,50,40,100,182
15994,Jun 7 2009,Friendly tournament in Suriname,French Guiana,Guyana,1210,1233,3,2,16,-16,1226,1217,147,156,4,-3,151,153,30,0,-23
15995,Jun 7 2009,World Cup & African Cup qual in Guinea,Guinea,Ivory Coast,1540,1720,1,2,-15,15,1525,1735,86,27,-5,5,81,32,40,100,-80
15996,Jun 7 2009,Friendly in Jamaica,Jamaica,Panama,1630,1584,3,2,6,-6,1636,1578,52,65,1,-1,53,64,20,100,146
15997,Jun 7 2009,World Cup & African Cup qual in Mali,Mali,Ghana,1551,1705,0,2,-25,25,1526,1730,87,24,-7,10,80,34,40,100,-54
15998,Jun 7 2009,World Cup & African Cup qual in Nigeria,Nigeria,Kenya,1743,1407,3,0,5,-5,1748,1402,29,110,1,-2,30,108,40,100,436
15999,Jun 7 2009,World Cup qualifier in Peru,Peru,Ecuador,1566,1692,1,2,-19,19,1547,1711,77,35,-5,5,72,40,40,100,-26
16000,Jun 9 2009,Friendly in Azerbaijan,Azerbaijan,Spain,1360,2122,0,6,-1,1,1359,2123,120,1,0,0,120,1,20,0,-762
16001,Jun 9 2009,Friendly in France,Bosnia and Herzegovina,Oman,1632,1611,2,1,9,-9,1641,1602,48,59,3,-1,51,58,20,0,21
16002,Jun 9 2009,Friendly in South Africa,Iraq,Poland,1524,1718,1,1,5,-5,1529,1713,78,40,2,-1,80,39,20,0,-194
16003,Jun 10 2009,Friendly in Albania,Albania,Georgia,1463,1486,1,1,-2,2,1461,1488,94,87,-1,0,93,87,20,100,77
16004,Jun 10 2009,World Cup qualifier in Australia,Australia,Bahrain,1716,1609,2,0,14,-14,1730,1595,34,61,2,-2,36,59,40,100,207
16005,Jun 10 2009,Friendly in Belarus,Belarus,Moldova,1598,1439,2,2,-6,6,1592,1445,60,98,0,1,60,99,20,100,259
16006,Jun 10 2009,World Cup qualifier in Brazil,Brazil,Paraguay,2053,1792,2,1,4,-4,2057,1788,2,25,0,-1,2,24,20,0,261
16007,Jun 10 2009,World Cup qualifier in Chile,Chile,Bolivia,1820,1630,4,0,12,-12,1832,1618,10,55,2,0,12,55,40,100,290
16008,Jun 10 2009,World Cup qualifier in Colombia,Colombia,Peru,1725,1547,1,0,7,-7,1732,1540,33,76,1,-2,34,74,40,100,278
16009,Jun 10 2009,World Cup qualifier in Ecuador,Ecuador,Argentina,1711,1934,2,0,40,-40,1751,1894,20,9,10,-1,30,8,40,100,-123
16010,Jun 10 2009,World Cup qualifier in England,England,Andorra,1992,1044,6,0,0,0,1992,1044,6,184,-1,0,5,184,20,0,948
16011,Jun 10 2009,Friendly in Estonia,Estonia,Portugal,1422,1830,0,0,7,-7,1429,1823,100,15,2,-1,102,14,20,100,-308
16012,Jun 10 2009,World Cup qualifier in the Faroe Islands,Faroe Islands,Serbia,1187,1816,0,2,-3,3,1184,1819,160,15,-1,0,159,15,40,100,-529
16013,Jun 10 2009,World Cup qualifier in Finland,Finland,Russia,1689,1885,0,3,-26,26,1663,1911,50,6,-2,1,48,7,40,100,-96
16014,Jun 10 2009,World Cup qualifier in Honduras,Honduras,El Salvador,1721,1539,1,0,7,-7,1728,1532,40,81,-2,-3,38,78,40,100,282
16015,Jun 10 2009,World Cup qualifier in Iran,Iran,United Arab Emirates,1710,1392,1,0,3,-3,1713,1389,38,114,2,-1,40,113,20,0,318
16016,Jun 10 2009,Friendly in South Africa,Italy,New Zealand,1992,1497,4,3,1,-1,1993,1496,4,84,0,0,4,84,20,0,495
16017,Jun 10 2009,World Cup qualifier in Japan,Japan,Qatar,1803,1519,1,1,-16,16,1787,1535,30,69,-5,7,25,76,40,100,384
16018,Jun 10 2009,World Cup qualifier in Macedonia,Macedonia,Iceland,1556,1431,2,0,13,-13,1569,1418,64,106,3,-2,67,104,40,100,225
16019,Jun 10 2009,World Cup qualifier in Mexico,Mexico,Trinidad and Tobago,1765,1554,2,1,6,-6,1771,1548,28,71,0,0,28,71,40,100,311
16020,Jun 10 2009,World Cup qualifier in the Netherlands,Netherlands,Norway,2032,1710,2,0,5,-5,2037,1705,3,48,0,-3,3,45,40,100,422
16021,Jun 10 2009,World Cup qualifier in South Korea,South Korea,Saudi Arabia,1741,1688,0,0,-8,8,1733,1696,35,45,-2,1,33,46,40,100,153
16022,Jun 10 2009,World Cup qualifier in Sweden,Sweden,Malta,1752,1224,4,0,2,-2,1754,1222,29,152,0,0,29,152,20,0,528
16023,Jun 10 2009,World Cup qualifier in Ukraine,Ukraine,Kazakhstan,1806,1340,2,1,1,-1,1807,1339,17,123,0,0,17,123,20,0,466
16024,Jun 10 2009,World Cup qualifier in Venezuela,Venezuela,Uruguay,1709,1831,2,2,1,-1,1710,1830,42,14,1,-1,43,13,20,100,-22
16025,Jun 11 2009,Friendly in Tonga,Tonga,Cook Islands,705,711,1,1,-3,3,702,714,215,212,-1,0,214,212,20,100,94
16026,Jun 13 2009,Friendly in Ivory Coast,Ivory Coast,Cameroon,1735,1711,2,1,7,-7,1742,1704,32,48,0,-3,32,45,20,100,124
16027,Jun 13 2009,Friendly in Tonga,Tonga,Cook Islands,702,714,1,2,-12,12,690,726,220,210,-3,1,217,211,20,100,88
16028,Jun 14 2009,Friendly in Portugal,Angola,Guinea,1456,1525,0,0,2,-2,1458,1523,93,83,1,0,94,83,20,0,-69
16029,Jun 14 2009,Friendly in Madagascar,Madagascar,Mayotte,1267,1131,2,0,6,-6,1273,1125,133,176,2,-3,135,173,20,100,236
16030,Jun 14 2009,Confederations Cup in South Africa,South Africa,Iraq,1558,1529,0,0,-9,9,1549,1538,70,69,0,6,70,75,50,100,129
16031,Jun 14 2009,Confederations Cup in South Africa,Spain,New Zealand,2123,1496,5,0,3,-3,2126,1493,1,88,0,-2,1,86,50,0,627
16032,Jun 15 2009,Confederations Cup in South Africa,Brazil,Egypt,2057,1706,4,3,6,-6,2063,1700,2,47,0,-2,2,45,50,0,351
16033,Jun 15 2009,Confederations Cup in South Africa,Italy,United States,1993,1812,3,1,20,-20,2013,1792,4,26,0,-5,4,21,50,0,181
16034,Jun 17 2009,World Cup qualifier in Australia,Australia,Japan,1730,1787,2,1,18,-18,1748,1769,26,31,5,-3,31,28,40,100,43
16035,Jun 17 2009,World Cup qualifier in Bahrain,Bahrain,Uzbekistan,1595,1542,1,0,12,-12,1607,1530,55,89,2,-8,57,81,40,100,153
16036,Jun 17 2009,World Cup qualifier in Saudi Arabia,Saudi Arabia,North Korea,1696,1538,0,0,-13,13,1683,1551,46,67,0,4,46,71,40,100,258
16037,Jun 17 2009,Confederations Cup in South Africa,South Africa,New Zealand,1549,1493,2,0,22,-22,1571,1471,64,96,3,-5,67,91,50,100,156
16038,Jun 17 2009,World Cup qualifier in South Korea,South Korea,Iran,1733,1713,1,1,-7,7,1726,1720,43,38,-5,1,38,39,40,100,120
16039,Jun 17 2009,Confederations Cup in South Africa,Spain,Iraq,2126,1538,1,0,2,-2,2128,1536,1,75,0,0,1,75,50,0,588
16040,Jun 18 2009,Confederations Cup in South Africa,Brazil,United States,2063,1792,3,0,15,-15,2078,1777,2,31,0,-5,2,26,50,0,271
16041,Jun 18 2009,Confederations Cup in South Africa,Egypt,Italy,1700,2013,1,0,43,-43,1743,1970,21,6,12,-1,33,5,50,0,-313
16042,Jun 19 2009,Friendly in Haiti,Haiti,Panama,1407,1578,1,1,2,-2,1409,1576,105,68,1,-2,106,66,20,100,-71
16043,Jun 19 2009,Friendly in Swaziland,Swaziland,Lesotho,1170,1130,1,1,-4,4,1166,1134,164,170,0,0,164,170,20,100,140
16044,Jun 20 2009,World Cup & African Cup qual in Burkina Faso,Burkina Faso,Ivory Coast,1477,1742,2,3,-11,11,1466,1753,92,26,-1,4,91,30,40,100,-165
16045,Jun 20 2009,Confederations Cup in South Africa,Iraq,New Zealand,1536,1471,0,0,-5,5,1531,1476,87,87,-6,2,81,89,50,0,65
16046,Jun 20 2009,World Cup & African Cup qual in Kenya,Kenya,Mozambique,1402,1409,2,1,15,-15,1417,1394,102,112,3,-3,105,109,30,0,-7
16047,Jun 20 2009,World Cup & African Cup qual in Morocco,Morocco,Togo,1649,1455,0,0,-14,14,1635,1469,58,84,-4,6,54,90,40,100,294
16048,Jun 20 2009,Confederations Cup in South Africa,South Africa,Spain,1571,2128,0,2,-5,5,1566,2133,69,1,-1,0,68,1,50,100,-457
16049,Jun 20 2009,World Cup & African Cup qual in Sudan,Sudan,Ghana,1376,1730,0,2,-11,11,1365,1741,118,33,-1,2,117,35,40,100,-254
16050,Jun 20 2009,World Cup & African Cup qual in Tunisia,Tunisia,Nigeria,1653,1748,0,0,0,0,1653,1748,49,33,0,-1,49,32,20,100,5
16051,Jun 20 2009,World Cup & African Cup qual in Zambia,Zambia,Algeria,1485,1496,0,2,-38,38,1447,1534,109,68,-11,8,98,76,40,100,89
16052,Jun 21 2009,Confederations Cup in South Africa,Brazil,Italy,2078,1970,3,0,31,-31,2109,1939,2,7,0,-1,2,6,50,0,108
16053,Jun 21 2009,World Cup & African Cup qual in Guinea,Guinea,Malawi,1523,1315,2,1,6,-6,1529,1309,84,134,0,-3,84,131,40,100,308
16054,Jun 21 2009,World Cup & African Cup qual in Mali,Mali,Benin,1526,1413,3,1,14,-14,1540,1399,65,110,9,-2,74,108,40,100,213
16055,Jun 21 2009,Friendly in Swaziland,Swaziland,Lesotho,1166,1134,1,1,-4,4,1162,1138,164,170,0,0,164,170,20,100,132
16056,Jun 21 2009,Confederations Cup in South Africa,United States,Egypt,1777,1743,3,0,39,-39,1816,1704,6,54,10,-10,16,44,50,0,34
16057,Jun 23 2009,Friendly in Haiti,Haiti,Martinique,1409,1371,0,0,-4,4,1405,1375,106,116,0,0,106,116,20,100,138
16058,Jun 24 2009,Friendly in the United States,Mexico,Venezuela,1771,1710,4,0,15,-15,1786,1695,23,48,2,-3,25,45,20,0,61
16059,Jun 24 2009,Confederations Cup in South Africa,United States,Spain,1816,2133,2,0,65,-65,1881,2068,6,3,5,-1,11,2,50,0,-317
16060,Jun 25 2009,Confederations Cup in South Africa,South Africa,Brazil,1566,2109,0,1,-4,4,1562,2113,70,1,-1,0,69,1,50,100,-443
16061,Jun 27 2009,Friendly in Costa Rica,Costa Rica,Venezuela,1785,1695,1,0,5,-5,1790,1690,19,45,4,0,23,45,20,100,190
16062,Jun 27 2009,Friendly in Canada,Syria,Haiti,1579,1405,2,1,5,-5,1584,1400,63,108,0,-1,63,107,20,0,174
16063,Jun 28 2009,Confederations Cup in South Africa,Brazil,United States,2113,1881,3,2,10,-10,2123,1871,1,11,0,0,1,11,50,0,232
16064,Jun 28 2009,Friendly in the Cayman Islands,Cayman Islands,Jamaica,978,1636,1,4,-1,1,977,1637,187,53,0,0,187,53,20,0,-658
16065,Jun 28 2009,Friendly in Grenada,Grenada,Antigua and Barbuda,1290,1236,2,2,-4,4,1286,1240,133,147,0,1,133,148,20,100,154
16066,Jun 28 2009,Friendly in the United States,Guatemala,Mexico,1428,1786,0,0,8,-8,1436,1778,99,28,2,-1,101,27,20,0,-358
16067,Jun 28 2009,Friendly in the United States,Honduras,Panama,1728,1576,2,0,9,-9,1737,1567,33,68,2,-1,35,67,20,0,152
16068,Jun 28 2009,Confederations Cup in South Africa,South Africa,Spain,1562,2068,2,3,-4,4,1558,2072,71,2,-1,0,70,2,40,100,-406
16069,Jun 30 2009,Friendly in the United States,Canada,Guatemala,1578,1436,3,0,11,-11,1589,1425,60,105,2,-2,62,103,20,0,142
16070,Jul 3 2009,CONCACAF Championship in the United States,Canada,Jamaica,1589,1637,1,0,28,-28,1617,1609,48,61,7,-4,55,57,50,0,-48
16071,Jul 3 2009,CONCACAF Championship in the United States,El Salvador,Costa Rica,1532,1790,2,1,41,-41,1573,1749,53,39,13,-8,66,31,50,0,-258
16072,Jul 4 2009,CONCACAF Championship in the United States,Honduras,Haiti,1737,1400,1,0,6,-6,1743,1394,33,109,1,-1,34,108,50,0,337
16073,Jul 4 2009,CONCACAF Championship in the United States,United States,Grenada,1871,1286,4,0,2,-2,1873,1284,11,135,0,-1,11,134,30,0,585
16074,Jul 5 2009,Friendly in Botswana,Botswana,Iran,1294,1720,1,1,7,-7,1301,1713,132,41,0,-1,132,40,20,100,-326
16075,Jul 5 2009,World Cup & African Cup qual in Egypt,Egypt,Rwanda,1704,1363,3,0,5,-5,1709,1358,41,122,1,-2,42,120,40,100,441
16076,Jul 5 2009,CONCACAF Championship in the United States,Guadeloupe,Panama,1457,1567,2,1,33,-33,1490,1534,77,86,9,-9,86,77,50,0,-110
16077,Jul 5 2009,CONCACAF Championship in the United States,Mexico,Nicaragua,1778,1094,2,0,1,-1,1779,1093,26,176,0,0,26,176,20,0,684
16078,Jul 6 2009,Friendly in Malawi,Malawi,Swaziland,1309,1162,3,1,6,-6,1315,1156,125,164,3,0,128,164,20,100,247
16079,Jul 7 2009,CONCACAF Championship in the United States,Canada,El Salvador,1617,1573,1,0,22,-22,1639,1551,51,74,2,-4,53,70,50,0,44
16080,Jul 7 2009,CONCACAF Championship in the United States,Costa Rica,Jamaica,1749,1609,1,0,15,-15,1764,1594,25,63,3,-3,28,60,50,0,140
16081,Jul 8 2009,CONCACAF Championship in the United States,Haiti,Grenada,1394,1284,2,0,26,-26,1420,1258,100,144,4,-5,104,139,50,0,110
16082,Jul 8 2009,CONCACAF Championship in the United States,United States,Honduras,1873,1743,2,0,16,-16,1889,1727,7,40,2,-3,9,37,50,100,230
16083,Jul 9 2009,CONCACAF Championship in the United States,Guadeloupe,Nicaragua,1490,1093,2,0,7,-7,1497,1086,84,176,1,0,85,176,50,0,397
16084,Jul 9 2009,CONCACAF Championship in the United States,Mexico,Panama,1779,1534,1,1,-15,15,1764,1549,28,67,-1,5,27,72,40,100,345
16085,Jul 10 2009,CONCACAF Championship in the United States,Canada,Costa Rica,1639,1764,2,2,9,-9,1648,1755,47,29,3,-1,50,28,50,0,-125
16086,Jul 10 2009,Friendly in Iraq,Iraq,Palestine,1531,1178,3,0,2,-2,1533,1176,76,163,3,-1,79,162,20,100,453
16087,Jul 10 2009,CONCACAF Championship in the United States,Jamaica,El Salvador,1594,1551,1,0,22,-22,1616,1529,52,96,4,-13,56,83,50,0,43
16088,Jul 11 2009,CONCACAF Championship in the United States,Honduras,Grenada,1727,1258,4,0,6,-6,1733,1252,33,141,2,-1,35,140,50,0,469
16089,Jul 11 2009,CONCACAF Championship in the United States,United States,Haiti,1889,1420,2,2,-23,23,1866,1443,13,98,-2,3,11,101,50,100,569
16090,Jul 12 2009,Friendly in Mayotte,Mayotte,Madagascar,1125,1273,2,2,1,-1,1126,1272,171,136,1,-1,172,135,20,100,-48
16091,Jul 12 2009,CONCACAF Championship in the United States,Mexico,Guadeloupe,1764,1497,2,0,13,-13,1777,1484,25,89,1,-2,26,87,50,0,267
16092,Jul 12 2009,CONCACAF Championship in the United States,Panama,Nicaragua,1549,1086,4,0,6,-6,1555,1080,69,182,1,-3,70,179,50,0,463
16093,Jul 12 2009,Friendly in Saint Kitts and Nevis,Saint Kitts and Nevis,Trinidad and Tobago,1115,1548,2,3,-3,3,1112,1551,174,70,0,1,174,71,20,100,-333
16094,Jul 13 2009,Friendly in Iraq,Iraq,Palestine,1533,1176,4,0,3,-3,1536,1173,73,164,3,-1,76,163,20,100,457
16095,Jul 18 2009,Friendly in China,China,Palestine,1532,1173,3,1,2,-2,1534,1171,76,163,2,0,78,163,20,100,459
16096,Jul 18 2009,CONCACAF Championship in the United States,Honduras,Canada,1733,1648,1,0,19,-19,1752,1629,27,58,4,-4,31,54,50,0,85
16097,Jul 18 2009,Friendly in Thailand,Thailand,Pakistan,1463,880,4,0,1,-1,1464,879,93,201,0,0,93,201,20,0,583
16098,Jul 18 2009,CONCACAF Championship in the United States,United States,Panama,1866,1555,2,1,4,-4,1870,1551,11,70,0,0,11,70,30,0,311
16099,Jul 19 2009,CONCACAF Championship in the United States,Costa Rica,Guadeloupe,1755,1484,5,1,16,-16,1771,1468,26,95,1,-4,27,91,50,0,271
16100,Jul 19 2009,CONCACAF Championship in the United States,Mexico,Haiti,1777,1443,4,0,12,-12,1789,1431,20,103,3,-1,23,102,50,0,334
16101,Jul 23 2009,CONCACAF Championship in the United States,Costa Rica,Mexico,1771,1789,1,1,1,-1,1772,1788,27,25,0,-1,27,24,20,0,-18
16102,Jul 23 2009,CONCACAF Championship in the United States,United States,Honduras,1870,1752,2,0,17,-17,1887,1735,7,39,2,-4,9,35,50,100,218
16103,Jul 25 2009,Friendly in China,China,Kyrgyzstan,1534,1155,3,0,2,-2,1536,1153,74,165,2,0,76,165,20,100,479
16104,Jul 26 2009,CONCACAF Championship in the United States,United States,Mexico,1887,1788,0,5,-76,76,1811,1864,25,-2,-8,13,17,11,50,100,199
16105,Aug 7 2009,Friendly in the United States,Colombia,El Salvador,1732,1529,2,1,5,-5,1737,1524,34,85,1,-1,35,84,20,0,203
16106,Aug 11 2009,Friendly in France,Benin,Gabon,1399,1560,1,1,4,-4,1403,1556,106,70,1,-1,107,69,20,0,-161
16107,Aug 12 2009,Friendly in Albania,Albania,Cyprus,1461,1532,6,1,18,-18,1479,1514,82,85,6,-2,88,83,20,100,29
16108,Aug 12 2009,Friendly in Algeria,Algeria,Uruguay,1534,1830,1,0,15,-15,1549,1815,69,20,5,-3,74,17,20,100,-196
16109,Aug 12 2009,Friendly in Portugal,Angola,Togo,1458,1469,2,0,15,-15,1473,1454,85,100,5,-5,90,95,20,0,-11
16110,Aug 12 2009,Friendly in Armenia,Armenia,Moldova,1394,1445,1,4,-20,20,1374,1465,123,87,-7,6,116,93,20,100,49
16111,Aug 12 2009,Friendly in Austria,Austria,Cameroon,1578,1704,0,2,-14,14,1564,1718,69,40,-2,2,67,42,20,100,-26
16112,Aug 12 2009,World Cup qualifier in Azerbaijan,Azerbaijan,Germany,1359,1957,0,2,-3,3,1356,1960,119,5,0,0,119,5,40,100,-498
16113,Aug 12 2009,World Cup qualifier in Belarus,Belarus,Croatia,1592,1884,1,3,-15,15,1577,1899,67,7,-3,1,64,8,40,100,-192
16114,Aug 12 2009,Friendly in Bosnia and Herzegovina,Bosnia and Herzegovina,Iran,1641,1713,2,3,-11,11,1630,1724,54,42,-2,-1,52,41,20,100,28
16115,Aug 12 2009,Friendly in Bulgaria,Bulgaria,Latvia,1795,1534,1,0,2,-2,1797,1532,20,83,1,-2,21,81,20,100,361
16116,Aug 12 2009,Friendly in Czechia,Czechia,Belgium,1802,1585,3,1,4,-4,1806,1581,15,63,3,0,18,63,20,100,317
16117,Aug 12 2009,Friendly in Denmark,Denmark,Chile,1861,1832,1,2,-14,14,1847,1846,12,13,0,0,12,13,20,100,129
16118,Aug 12 2009,Friendly in the United States,Ecuador,Jamaica,1751,1616,0,0,-4,4,1747,1620,35,54,-2,1,33,55,20,0,135
16119,Aug 12 2009,Friendly in Egypt,Egypt,Guinea,1709,1529,3,3,-7,7,1702,1536,44,71,-1,6,43,77,20,100,280
16120,Aug 12 2009,Friendly in Estonia,Estonia,Brazil,1429,2123,0,1,-1,1,1428,2124,101,1,1,0,102,1,20,100,-594
16121,Aug 12 2009,World Cup qualifier in the Faroe Islands,Faroe Islands,France,1184,1882,0,1,-1,1,1183,1883,159,10,0,0,159,10,20,100,-598
16122,Aug 12 2009,Friendly in England,Ghana,Zambia,1741,1447,4,1,5,-5,1746,1442,34,102,0,-2,34,100,20,0,294
16123,Aug 12 2009,World Cup qualifier in Honduras,Honduras,Costa Rica,1735,1772,4,0,31,-31,1766,1741,22,43,7,-8,29,35,30,0,-37
16124,Aug 12 2009,Friendly in Hungary,Hungary,Romania,1640,1786,0,1,-9,9,1631,1795,51,18,0,4,51,22,20,100,-46
16125,Aug 12 2009,Friendly in Iceland,Iceland,Slovakia,1418,1640,1,1,3,-3,1421,1637,105,49,0,1,105,50,20,100,-122
16126,Aug 12 2009,Friendly in Ireland,Ireland,Australia,1792,1748,0,3,-24,24,1768,1772,33,20,-5,6,28,26,20,100,144
16127,Aug 12 2009,Friendly in Liechtenstein,Liechtenstein,Portugal,1177,1823,0,3,-1,1,1176,1824,161,17,0,-1,161,16,20,0,-646
16128,Aug 12 2009,Friendly in Luxembourg,Luxembourg,Lithuania,1083,1602,0,1,-2,2,1081,1604,179,61,-1,-1,178,60,20,100,-419
16129,Aug 12 2009,Friendly in Macedonia,Macedonia,Spain,1569,2072,2,3,-2,2,1567,2074,64,2,1,0,65,2,20,100,-403
16130,Aug 12 2009,Friendly in Malaysia,Malaysia,Kenya,1139,1417,0,0,5,-5,1144,1412,171,106,-1,0,170,106,20,100,-178
16131,Aug 12 2009,Friendly in France,Mali,Burkina Faso,1540,1466,3,0,14,-14,1554,1452,66,102,4,-5,70,97,20,0,74
16132,Aug 12 2009,Friendly in Malta,Malta,Georgia,1222,1488,2,0,22,-22,1244,1466,142,98,5,-6,147,92,20,100,-166
16133,Aug 12 2009,World Cup qualifier in Mexico,Mexico,United States,1864,1811,2,1,12,-12,1876,1799,11,23,0,-3,11,20,40,100,153
16134,Aug 12 2009,Friendly in Montenegro,Montenegro,Wales,1665,1613,2,1,6,-6,1671,1607,47,59,0,-1,47,58,20,100,152
16135,Aug 12 2009,Friendly in Morocco,Morocco,Congo,1635,1402,1,1,-7,7,1628,1409,55,106,-1,1,54,107,20,100,333
16136,Aug 12 2009,Friendly in Mozambique,Mozambique,Swaziland,1394,1156,1,0,3,-3,1397,1153,109,164,0,0,109,164,20,100,338
16137,Aug 12 2009,Friendly in the Netherlands,Netherlands,England,2037,1992,2,2,-4,4,2033,1996,3,4,0,0,3,4,20,100,145
16138,Aug 12 2009,World Cup qualifier in Norway,Norway,Scotland,1705,1720,4,0,29,-29,1734,1691,31,51,6,-6,37,45,30,0,-15
16139,Aug 12 2009,Friendly in Northern Ireland,Northern Ireland,Israel,1590,1732,1,1,1,-1,1591,1731,60,39,1,-1,61,38,20,100,-42
16140,Aug 12 2009,Friendly in Oman,Oman,Saudi Arabia,1602,1683,2,1,9,-9,1611,1674,55,46,2,0,57,46,20,100,19
16141,Aug 12 2009,Friendly in Poland,Poland,Greece,1713,1789,2,0,14,-14,1727,1775,38,26,1,-1,39,25,20,100,24
16142,Aug 12 2009,Friendly in Russia,Russia,Argentina,1911,1894,2,3,-13,13,1898,1907,11,6,-2,1,9,7,20,100,117
16143,Aug 12 2009,Friendly in Rwanda,Rwanda,Tanzania,1358,1361,1,2,-13,13,1345,1374,124,114,-2,2,122,116,20,100,97
16144,Aug 12 2009,Friendly in France,Senegal,DR Congo,1543,1433,2,1,7,-7,1550,1426,73,105,0,-2,73,103,20,0,110
16145,Aug 12 2009,Friendly in Singapore,Singapore,China,1384,1536,1,1,1,-1,1385,1535,111,82,2,-3,113,79,20,100,-52
16146,Aug 12 2009,World Cup qualifier in Slovenia,Slovenia,San Marino,1566,915,5,0,1,-1,1567,914,63,197,2,0,65,197,20,0,651
16147,Aug 12 2009,Friendly in South Africa,South Africa,Serbia,1558,1819,1,3,-9,9,1549,1828,80,12,-6,2,74,14,20,100,-161
16148,Aug 12 2009,Friendly in South Korea,South Korea,Paraguay,1726,1788,1,0,9,-9,1735,1779,34,23,2,1,36,24,20,100,38
16149,Aug 12 2009,Friendly in Sweden,Sweden,Finland,1754,1663,1,0,5,-5,1759,1658,31,48,-1,0,30,48,20,100,191
16150,Aug 12 2009,Friendly in Switzerland,Switzerland,Italy,1805,1939,0,0,1,-1,1806,1938,17,6,1,0,18,6,20,100,-34
16151,Aug 12 2009,World Cup qualifier in Trinidad and Tobago,Trinidad and Tobago,El Salvador,1551,1524,1,0,13,-13,1564,1511,64,84,3,0,67,84,40,100,127
16152,Aug 12 2009,Friendly in Tunisia,Tunisia,Ivory Coast,1653,1753,0,0,0,0,1653,1753,49,32,0,-1,49,31,20,100,0
16153,Aug 12 2009,Friendly in Ukraine,Ukraine,Turkey,1807,1805,0,3,-22,22,1785,1827,28,11,-5,4,23,15,20,100,102
16154,Aug 12 2009,Friendly in the United States,Venezuela,Colombia,1690,1737,2,1,11,-11,1701,1726,43,45,1,-5,44,40,20,0,-47
16155,Aug 12 2009,Friendly in Zimbabwe,Zimbabwe,Lesotho,1392,1138,1,1,-8,8,1384,1146,116,168,-2,1,114,169,20,100,354
16156,Aug 15 2009,Friendly in Malaysia,Malaysia,China,1144,1535,0,0,7,-7,1151,1528,164,85,3,-3,167,82,20,100,-291
16157,Aug 16 2009,Friendly in Saint Kitts and Nevis,Saint Kitts and Nevis,Jamaica,1112,1620,0,1,-2,2,1110,1622,174,55,0,0,174,55,20,100,-408
16158,Aug 19 2009,Nehru Gold Cup in India,India,Lebanon,1245,1267,0,1,-24,24,1221,1291,158,129,-6,4,152,133,40,100,78
16159,Aug 20 2009,Nehru Gold Cup in India,Syria,Kyrgyzstan,1584,1153,2,0,5,-5,1589,1148,62,172,0,-4,62,168,40,0,431
16160,Aug 22 2009,Nehru Gold Cup in India,Sri Lanka,Lebanon,938,1291,4,3,35,-35,973,1256,186,143,3,-5,189,138,40,0,-353
16161,Aug 23 2009,Nehru Gold Cup in India,India,Kyrgyzstan,1221,1148,2,1,11,-11,1232,1137,148,172,2,-2,150,170,40,100,173
16162,Aug 23 2009,East Asian Championship qual in Taiwan,North Korea,Guam,1551,608,9,2,0,0,1551,608,71,222,0,0,71,222,20,0,943
16163,Aug 23 2009,East Asian Championship qual in Taiwan,Taiwan,Hong Kong,948,1187,0,4,-23,23,925,1210,199,154,-4,2,195,156,40,100,-139
16164,Aug 24 2009,Nehru Gold Cup in India,Syria,Sri Lanka,1589,973,4,0,2,-2,1591,971,60,189,1,0,61,189,30,0,616
16165,Aug 25 2009,East Asian Championship qual in Taiwan,Hong Kong,North Korea,1210,1551,0,0,15,-15,1225,1536,150,81,3,-5,153,76,40,0,-341
16166,Aug 25 2009,Nehru Gold Cup in India,Kyrgyzstan,Lebanon,1137,1256,1,1,7,-7,1144,1249,170,144,0,-3,170,141,40,0,-119
16167,Aug 25 2009,East Asian Championship qual in Taiwan,Taiwan,Guam,925,608,4,2,5,-5,930,603,191,222,2,0,193,222,40,100,417
16168,Aug 26 2009,Friendly tournament in Bahrain,Bahrain,Kenya,1607,1412,2,1,5,-5,1612,1407,56,108,1,-1,57,107,20,0,195
16169,Aug 26 2009,Nehru Gold Cup in India,India,Sri Lanka,1232,971,3,1,7,-7,1239,964,148,191,1,-1,149,190,40,100,361
16170,Aug 27 2009,East Asian Championship qual in Taiwan,Hong Kong,Guam,1225,603,12,0,3,-3,1228,600,151,222,1,0,152,222,40,0,622
16171,Aug 27 2009,Nehru Gold Cup in India,Syria,Lebanon,1591,1249,1,0,5,-5,1596,1244,61,149,0,-4,61,145,40,0,342
16172,Aug 27 2009,East Asian Championship qual in Taiwan,Taiwan,North Korea,930,1536,1,2,-2,2,928,1538,193,76,0,0,193,76,30,100,-506
16173,Aug 28 2009,Nehru Gold Cup in India,Kyrgyzstan,Sri Lanka,1144,964,4,1,18,-18,1162,946,158,190,6,0,164,190,40,0,180
16174,Aug 29 2009,Nehru Gold Cup in India,India,Syria,1239,1596,0,1,-7,7,1232,1603,151,61,-1,0,150,61,40,100,-257
16175,Aug 30 2009,Friendly in Saudi Arabia,Saudi Arabia,Malaysia,1674,1151,2,1,1,-1,1675,1150,46,167,0,0,46,167,20,0,523
16176,Aug 31 2009,Friendly tournament in Bahrain,Bahrain,Iran,1612,1724,4,2,23,-23,1635,1701,45,45,6,-2,51,43,30,100,-12
16177,Aug 31 2009,Nehru Gold Cup in India,India,Syria,1232,1603,1,1,13,-13,1245,1590,140,63,5,-1,145,62,40,100,-271
16178,Sep 4 2009,Friendly in Malta,Malta,Cape Verde,1244,1346,0,2,-15,15,1229,1361,154,117,-4,2,150,119,20,100,-2
16179,Sep 5 2009,Friendly in Portugal,Angola,Senegal,1473,1550,1,1,2,-2,1475,1548,88,76,1,-2,89,74,20,0,-77
16180,Sep 5 2009,World Cup qualifier in Argentina,Argentina,Brazil,1907,2124,1,3,-20,20,1887,2144,13,1,-3,0,10,1,40,100,-117
16181,Sep 5 2009,World Cup qualifier in Armenia,Armenia,Bosnia and Herzegovina,1374,1630,0,2,-17,17,1357,1647,122,47,-3,3,119,50,40,100,-156
16182,Sep 5 2009,World Cup qualifier in Austria,Austria,Faroe Islands,1564,1183,3,1,4,-4,1568,1179,65,161,1,-1,66,160,40,100,481
16183,Sep 5 2009,World Cup qualifier in Azerbaijan,Azerbaijan,Finland,1356,1658,1,2,-10,10,1346,1668,122,46,-1,1,121,47,40,100,-202
16184,Sep 5 2009,World Cup qualifier in Bahrain,Bahrain,Saudi Arabia,1635,1675,0,0,-3,3,1632,1678,53,46,-1,0,52,46,30,100,60
16185,Sep 5 2009,World Cup qualifier in Bulgaria,Bulgaria,Montenegro,1797,1671,4,1,15,-15,1812,1656,15,49,3,-1,18,48,40,100,226
16186,Sep 5 2009,World Cup qualifier in Chile,Chile,Venezuela,1846,1701,2,2,-12,12,1834,1713,13,37,0,3,13,40,40,100,245
16187,Sep 5 2009,World Cup qualifier in Colombia,Colombia,Ecuador,1726,1747,2,0,23,-23,1749,1724,24,41,8,-4,32,37,40,100,79
16188,Sep 5 2009,World Cup qualifier in Costa Rica,Costa Rica,Mexico,1741,1876,0,3,-31,31,1710,1907,47,3,-6,4,41,7,40,100,-35
16189,Sep 5 2009,World Cup qualifier in Croatia,Croatia,Belarus,1899,1577,1,0,3,-3,1902,1574,8,64,0,0,8,64,20,0,322
16190,Sep 5 2009,World Cup qualifier in Cyprus,Cyprus,Ireland,1514,1768,1,2,-12,12,1502,1780,85,22,-1,3,84,25,40,100,-154
16191,Sep 5 2009,World Cup qualifier in Denmark,Denmark,Portugal,1847,1824,1,1,-7,7,1840,1831,12,12,0,2,12,14,40,100,123
16192,Sep 5 2009,Friendly in England,England,Slovenia,1996,1567,2,1,1,-1,1997,1566,4,69,0,-2,4,67,20,100,529
16193,Sep 5 2009,World Cup qualifier in France,France,Romania,1883,1795,1,1,-10,10,1873,1805,12,16,-1,3,11,19,40,100,188
16194,Sep 5 2009,World Cup & African Cup qual in Gabon,Gabon,Cameroon,1556,1718,0,2,-25,25,1531,1743,91,31,-11,5,80,36,40,100,-62
16195,Sep 5 2009,World Cup qualifier in Georgia,Georgia,Italy,1466,1938,0,2,-6,6,1460,1944,94,6,-1,0,93,6,40,100,-372
16196,Sep 5 2009,Friendly in Germany,Germany,South Africa,1960,1549,2,0,2,-2,1962,1547,5,77,0,-2,5,75,20,100,511
16197,Sep 5 2009,World Cup qualifier in Honduras,Honduras,Trinidad and Tobago,1766,1564,4,1,10,-10,1776,1554,25,71,2,-2,27,69,40,100,302
16198,Sep 5 2009,World Cup qualifier in Hungary,Hungary,Sweden,1631,1759,1,2,-18,18,1613,1777,60,22,-4,4,56,26,40,100,-28
16199,Sep 5 2009,World Cup qualifier in Iceland,Iceland,Norway,1421,1734,1,1,11,-11,1432,1723,97,39,4,-1,101,38,30,0,-313
16200,Sep 5 2009,World Cup qualifier in Israel,Israel,Latvia,1731,1532,0,1,-34,34,1697,1566,52,54,-7,13,45,67,40,100,299
16201,Sep 5 2009,World Cup & African Cup qual in Ivory Coast,Ivory Coast,Burkina Faso,1753,1452,5,0,7,-7,1760,1445,27,99,2,-1,29,98,40,100,401
16202,Sep 5 2009,Friendly in Jordan,Jordan,Malaysia,1480,1150,0,0,-8,8,1472,1158,93,165,-3,1,90,166,20,100,430
16203,Sep 5 2009,World Cup & African Cup qual in Malawi,Malawi,Guinea,1315,1536,2,1,27,-27,1342,1509,116,87,6,-5,122,82,40,100,-121
16204,Sep 5 2009,World Cup qualifier in Moldova,Moldova,Luxembourg,1465,1081,0,0,-18,18,1447,1099,101,174,-4,2,97,176,40,100,484
16205,Sep 5 2009,Friendly in Namibia,Namibia,Swaziland,1329,1153,1,1,-7,7,1322,1160,132,165,-4,0,128,165,20,100,276
16206,Sep 5 2009,Friendly in the Netherlands,Netherlands,Japan,2033,1769,3,0,4,-4,2037,1765,3,29,0,-1,3,28,20,100,364
16207,Sep 5 2009,World Cup qualifier in Paraguay,Paraguay,Bolivia,1779,1618,1,0,7,-7,1786,1611,20,57,2,0,22,57,40,100,261
16208,Sep 5 2009,World Cup qualifier in Peru,Peru,Uruguay,1540,1815,1,0,29,-29,1569,1786,55,27,10,-5,65,22,40,100,-175
16209,Sep 5 2009,World Cup qualifier in Poland,Poland,Northern Ireland,1727,1591,1,1,-12,12,1715,1603,39,61,0,0,39,61,40,100,236
16210,Sep 5 2009,World Cup qualifier in Russia,Russia,Liechtenstein,1898,1176,3,0,1,-1,1899,1175,9,161,0,0,9,161,20,0,722
16211,Sep 5 2009,World Cup & African Cup qual in Rwanda,Rwanda,Egypt,1345,1702,0,1,-7,7,1338,1709,126,42,-2,0,124,42,40,100,-257
16212,Sep 5 2009,World Cup qualifier in Scotland,Scotland,Macedonia,1691,1567,2,0,13,-13,1704,1554,41,73,2,-4,43,69,40,100,224
16213,Sep 5 2009,World Cup qualifier in Slovakia,Slovakia,Czechia,1637,1806,2,2,4,-4,1641,1802,52,24,-1,-3,51,21,40,100,-69
16214,Sep 5 2009,Friendly in South Korea,South Korea,Australia,1735,1772,3,1,12,-12,1747,1760,32,32,2,-3,34,29,20,100,63
16215,Sep 5 2009,World Cup qualifier in Spain,Spain,Belgium,2074,1581,5,0,3,-3,2077,1578,2,63,0,0,2,63,30,0,493
16216,Sep 5 2009,Friendly in St Vincent & Grenadines,St Vincent & Grenadines,Saint Kitts and Nevis,1263,1110,0,3,-28,28,1235,1138,161,168,-12,3,149,171,20,100,253
16217,Sep 5 2009,World Cup qualifier in Switzerland,Switzerland,Greece,1806,1775,2,0,19,-19,1825,1756,16,37,1,-6,17,31,40,100,131
16218,Sep 5 2009,World Cup qualifier in Turkey,Turkey,Estonia,1827,1428,4,2,3,-3,1830,1425,15,106,0,-2,15,104,20,0,399
16219,Sep 5 2009,World Cup qualifier in Ukraine,Ukraine,Andorra,1785,1044,5,0,1,-1,1786,1043,21,186,1,-1,22,185,20,0,741
16220,Sep 5 2009,World Cup qualifier in the United States,United States,El Salvador,1799,1511,2,1,4,-4,1803,1507,20,82,0,1,20,83,40,100,388
16221,Sep 5 2009,Friendly in Uzbekistan,Uzbekistan,Iran,1530,1701,0,0,2,-2,1532,1699,77,45,2,-1,79,44,20,100,-71
16222,Sep 6 2009,World Cup & African Cup qual in Algeria,Algeria,Zambia,1549,1442,1,0,9,-9,1558,1433,65,100,4,0,69,100,40,100,207
16223,Sep 6 2009,World Cup & African Cup qual in Benin,Benin,Mali,1403,1554,1,1,3,-3,1406,1551,108,75,0,-3,108,72,40,100,-51
16224,Sep 6 2009,World Cup & African Cup qual in Ghana,Ghana,Sudan,1746,1365,2,0,4,-4,1750,1361,29,117,3,0,32,117,40,100,481
16225,Sep 6 2009,World Cup & African Cup qual in Mozambique,Mozambique,Kenya,1397,1407,1,0,15,-15,1412,1392,103,113,3,-3,106,110,30,0,-10
16226,Sep 6 2009,World Cup & African Cup qual in Nigeria,Nigeria,Tunisia,1748,1653,2,2,-10,10,1738,1663,39,47,-3,1,36,48,40,100,195
16227,Sep 6 2009,World Cup & African Cup qual in Togo,Togo,Morocco,1454,1628,1,1,4,-4,1458,1624,94,54,0,0,94,54,40,100,-74
16228,Sep 8 2009,Friendly in Ireland,Ireland,South Africa,1780,1547,1,0,3,-3,1783,1544,25,75,0,0,25,75,20,100,333
16229,Sep 9 2009,World Cup qualifier in Albania,Albania,Denmark,1479,1840,1,1,13,-13,1492,1827,87,16,0,-2,87,14,40,100,-261
16230,Sep 9 2009,World Cup qualifier in Andorra,Andorra,Kazakhstan,1043,1339,1,3,-15,15,1028,1354,185,117,0,3,185,120,40,100,-196
16231,Sep 9 2009,Friendly in Portugal,Angola,Cape Verde,1475,1361,1,1,-3,3,1472,1364,89,119,0,-1,89,118,20,0,114
16232,Sep 9 2009,World Cup qualifier in Armenia,Armenia,Belgium,1357,1578,2,1,27,-27,1384,1551,109,75,5,-6,114,69,40,100,-121
16233,Sep 9 2009,World Cup qualifier in Belarus,Belarus,Ukraine,1574,1786,0,0,6,-6,1580,1780,62,28,1,-3,63,25,40,100,-112
16234,Sep 9 2009,World Cup qualifier in Bolivia,Bolivia,Ecuador,1611,1724,1,3,-29,29,1582,1753,67,25,-5,6,62,31,40,100,-13
16235,Sep 9 2009,World Cup qualifier in Bosnia and Herzegovina,Bosnia and Herzegovina,Turkey,1647,1830,1,1,5,-5,1652,1825,48,15,1,0,49,15,20,0,-183
16236,Sep 9 2009,World Cup qualifier in Brazil,Brazil,Chile,2144,1834,4,2,5,-5,2149,1829,1,13,0,0,1,13,40,100,410
16237,Sep 9 2009,World Cup & African Cup qual in Cameroon,Cameroon,Gabon,1743,1531,2,1,6,-6,1749,1525,29,84,3,-2,32,82,40,100,312
16238,Sep 9 2009,Friendly in China,China,Senegal,1528,1548,0,0,-2,2,1526,1550,81,70,0,2,81,72,20,100,80
16239,Sep 9 2009,World Cup qualifier in Czechia,Czechia,San Marino,1802,914,7,0,0,0,1802,914,21,197,0,0,21,197,20,0,888
16240,Sep 9 2009,World Cup qualifier in El Salvador,El Salvador,Costa Rica,1507,1710,1,0,26,-26,1533,1684,75,47,4,-3,79,44,40,100,-103
16241,Sep 9 2009,World Cup qualifier in England,England,Croatia,1997,1902,5,1,18,-18,2015,1884,4,10,0,-1,4,9,40,100,195
16242,Sep 9 2009,World Cup qualifier in the Faroe Islands,Faroe Islands,Lithuania,1179,1604,2,1,35,-35,1214,1569,152,70,4,-5,156,65,40,100,-325
16243,Sep 9 2009,World Cup qualifier in Germany,Germany,Azerbaijan,1962,1346,4,0,1,-1,1963,1345,5,123,0,-1,5,122,20,0,616
16244,Sep 9 2009,World Cup qualifier in Hungary,Hungary,Portugal,1613,1831,0,1,-13,13,1600,1844,60,10,-2,2,58,12,40,100,-118
16245,Sep 9 2009,Friendly in Iceland,Iceland,Georgia,1432,1460,3,1,12,-12,1444,1448,97,101,2,-4,99,97,20,100,72
16246,Sep 9 2009,World Cup qualifier in Israel,Israel,Luxembourg,1697,1099,7,0,2,-2,1699,1097,37,176,4,0,41,176,30,0,598
16247,Sep 9 2009,World Cup qualifier in Italy,Italy,Bulgaria,1944,1812,2,0,12,-12,1956,1800,6,26,0,-4,6,22,40,100,232
16248,Sep 9 2009,Friendly in the Netherlands,Japan,Ghana,1765,1750,4,3,10,-10,1775,1740,26,38,1,-3,27,35,20,0,15
16249,Sep 9 2009,Friendly in Jordan,Jordan,New Zealand,1472,1476,1,3,-19,19,1453,1495,100,82,-5,3,95,85,20,100,96
16250,Sep 9 2009,World Cup qualifier in Latvia,Latvia,Switzerland,1566,1825,2,2,9,-9,1575,1816,61,17,3,0,64,17,30,0,-259
16251,Sep 9 2009,World Cup qualifier in Liechtenstein,Liechtenstein,Finland,1175,1668,1,1,16,-16,1191,1652,155,51,3,-2,158,49,40,100,-393
16252,Sep 9 2009,World Cup qualifier in Malta,Malta,Sweden,1229,1777,0,1,-3,3,1226,1780,154,24,-2,1,152,25,40,100,-448
16253,Sep 9 2009,World Cup qualifier in Mexico,Mexico,Honduras,1907,1776,1,0,8,-8,1915,1768,7,29,0,-1,7,28,40,100,231
16254,Sep 9 2009,World Cup qualifier in Moldova,Moldova,Greece,1447,1756,1,1,11,-11,1458,1745,87,37,5,-3,92,34,30,0,-309
16255,Sep 9 2009,World Cup qualifier in Montenegro,Montenegro,Cyprus,1656,1502,1,1,-12,12,1644,1514,53,82,-2,1,51,83,40,100,254
16256,Sep 9 2009,World Cup qualifier in Norway,Norway,Macedonia,1723,1554,2,1,7,-7,1730,1547,36,76,1,-3,37,73,40,100,269
16257,Sep 9 2009,World Cup qualifier in Northern Ireland,Northern Ireland,Slovakia,1603,1641,0,2,-35,35,1568,1676,71,39,-5,6,66,45,40,100,62
16258,Sep 9 2009,World Cup qualifier in Paraguay,Paraguay,Argentina,1786,1887,1,0,20,-20,1806,1867,16,12,3,-1,19,11,40,100,-1
16259,Sep 9 2009,Friendly in Qatar,Qatar,Oman,1535,1611,1,1,-1,1,1534,1612,78,55,0,1,78,56,20,100,24
16260,Sep 9 2009,World Cup qualifier in Romania,Romania,Austria,1805,1568,1,1,-15,15,1790,1583,27,56,-4,5,23,61,40,100,337
16261,Sep 9 2009,World Cup qualifier in Saudi Arabia,Saudi Arabia,Bahrain,1678,1632,2,2,-8,8,1670,1640,48,52,-1,0,47,52,40,100,146
16262,Sep 9 2009,World Cup qualifier in Scotland,Scotland,Netherlands,1704,2037,0,1,-8,8,1696,2045,43,3,0,0,43,3,40,100,-233
16263,Sep 9 2009,World Cup qualifier in Serbia,Serbia,France,1828,1873,1,1,-3,3,1825,1876,14,9,1,1,15,10,40,100,55
16264,Sep 9 2009,World Cup qualifier in Slovenia,Slovenia,Poland,1566,1715,3,0,40,-40,1606,1675,47,53,10,-7,57,46,40,100,-49
16265,Sep 9 2009,World Cup qualifier in Spain,Spain,Estonia,2077,1425,3,0,1,-1,2078,1424,2,106,0,-1,2,105,20,0,652
16266,Sep 9 2009,World Cup qualifier in Trinidad and Tobago,Trinidad and Tobago,United States,1554,1803,0,1,-12,12,1542,1815,80,16,-5,2,75,18,40,100,-149
16267,Sep 9 2009,World Cup qualifier in Uruguay,Uruguay,Colombia,1786,1749,3,1,19,-19,1805,1730,18,41,2,-4,20,37,40,100,137
16268,Sep 9 2009,World Cup qualifier in Venezuela,Venezuela,Peru,1713,1569,3,1,12,-12,1725,1557,38,71,1,-3,39,68,40,100,244
16269,Sep 9 2009,World Cup qualifier in Wales,Wales,Russia,1607,1899,1,3,-15,15,1592,1914,59,7,0,1,59,8,40,100,-192
16270,Sep 11 2009,Friendly in Malaysia,Malaysia,Lesotho,1158,1146,5,0,14,-14,1172,1132,160,172,3,-1,163,171,20,100,112
16271,Sep 19 2009,Friendly in South Africa,South Africa,Madagascar,1544,1272,1,0,2,-2,1546,1270,74,137,0,-1,74,136,20,100,372
16272,Sep 20 2009,Friendly in Saint Kitts and Nevis,Saint Kitts and Nevis,St Vincent & Grenadines,1138,1235,1,1,0,0,1138,1235,170,149,0,0,170,149,20,100,3
16273,Sep 30 2009,Friendly in Argentina,Argentina,Ghana,1867,1740,2,0,6,-6,1873,1734,11,39,0,-2,11,37,20,100,227
16274,Sep 30 2009,Friendly in China,China,Botswana,1526,1301,4,1,5,-5,1531,1296,81,132,0,0,81,132,20,100,325
16275,Sep 30 2009,Friendly in the United States,Colombia,Mexico,1730,1915,2,1,15,-15,1745,1900,31,9,3,-1,34,8,20,0,-185
16276,Oct 2 2009,Friendly in Egypt,Egypt,Mauritius,1709,1059,4,0,0,0,1709,1059,40,181,0,0,40,181,20,100,750
16277,Oct 5 2009,Friendly in Egypt,Kuwait,Libya,1444,1494,1,1,1,-1,1445,1493,97,86,1,0,98,86,20,0,-50
16278,Oct 8 2009,Friendly in Croatia,Croatia,Qatar,1884,1534,3,2,1,-1,1885,1533,9,78,0,0,9,78,20,100,450
16279,Oct 8 2009,Asian Cup qualifier in Japan,Japan,Hong Kong,1775,1228,6,0,2,-2,1777,1226,27,151,0,0,27,151,20,0,547
16280,Oct 10 2009,Friendly in Portugal,Angola,Malta,1472,1226,2,1,4,-4,1476,1222,89,155,0,-2,89,153,20,0,246
16281,Oct 10 2009,World Cup qualifier in Argentina,Argentina,Peru,1873,1557,2,1,3,-3,1876,1554,11,74,0,-3,11,71,20,0,316
16282,Oct 10 2009,World Cup qualifier in Armenia,Armenia,Spain,1384,2078,1,2,-1,1,1383,2079,114,2,0,0,114,2,20,100,-594
16283,Oct 10 2009,Friendly in Australia,Australia,Netherlands,1760,2045,0,0,5,-5,1765,2040,23,3,3,0,26,3,20,100,-185
16284,Oct 10 2009,World Cup qualifier in Austria,Austria,Lithuania,1583,1569,2,1,14,-14,1597,1555,53,73,4,-4,57,69,30,0,14
16285,Oct 10 2009,World Cup qualifier in Bahrain,Bahrain,New Zealand,1640,1495,0,0,-12,12,1628,1507,56,85,-2,0,54,85,40,100,245
16286,Oct 10 2009,World Cup qualifier in Belarus,Belarus,Kazakhstan,1580,1354,4,0,10,-10,1590,1344,59,126,2,-3,61,123,40,100,326
16287,Oct 10 2009,World Cup qualifier in Belgium,Belgium,Turkey,1551,1825,2,0,44,-44,1595,1781,47,33,11,-9,58,24,40,100,-174
16288,Oct 10 2009,World Cup & African Cup qual in Cameroon,Cameroon,Togo,1749,1458,3,0,7,-7,1756,1451,26,96,3,-2,29,94,40,100,391
16289,Oct 10 2009,World Cup qualifier in Colombia,Colombia,Chile,1745,1829,2,4,-31,31,1714,1860,44,11,-5,1,39,12,40,100,16
16290,Oct 10 2009,World Cup qualifier in Costa Rica,Costa Rica,Trinidad and Tobago,1684,1542,4,0,15,-15,1699,1527,40,91,2,-8,42,83,40,100,242
16291,Oct 10 2009,World Cup qualifier in Cyprus,Cyprus,Bulgaria,1514,1800,4,1,52,-52,1566,1748,49,38,17,-8,66,30,40,100,-186
16292,Oct 10 2009,World Cup qualifier in Czechia,Czechia,Poland,1802,1675,2,0,13,-13,1815,1662,19,52,1,-3,20,49,40,100,227
16293,Oct 10 2009,World Cup qualifier in Denmark,Denmark,Sweden,1827,1780,1,0,12,-12,1839,1768,16,25,-1,0,15,25,40,100,147
16294,Oct 10 2009,World Cup qualifier in Ecuador,Ecuador,Uruguay,1753,1805,1,2,-23,23,1730,1828,43,14,-6,3,37,17,40,100,48
16295,Oct 10 2009,World Cup qualifier in Estonia,Estonia,Bosnia and Herzegovina,1424,1652,0,2,-19,19,1405,1671,111,41,-3,4,108,45,40,100,-128
16296,Oct 10 2009,World Cup qualifier in Finland,Finland,Wales,1652,1592,2,1,11,-11,1663,1581,45,69,2,-5,47,64,40,100,160
16297,Oct 10 2009,World Cup qualifier in France,France,Faroe Islands,1876,1214,5,0,1,-1,1877,1213,10,156,0,0,10,156,20,0,662
16298,Oct 10 2009,World Cup & African Cup qual in Gabon,Gabon,Morocco,1525,1624,3,1,30,-30,1555,1594,56,64,13,-5,69,59,40,100,1
16299,Oct 10 2009,World Cup qualifier in Greece,Greece,Latvia,1745,1575,5,2,12,-12,1757,1563,22,70,6,-3,28,67,40,100,270
16300,Oct 10 2009,World Cup qualifier in Honduras,Honduras,United States,1768,1815,2,3,-23,23,1745,1838,38,14,-5,2,33,16,40,100,53
16301,Oct 10 2009,World Cup qualifier in Ireland,Ireland,Italy,1783,1956,2,2,4,-4,1787,1952,20,6,2,0,22,6,40,100,-73
16302,Oct 10 2009,World Cup qualifier in Israel,Israel,Moldova,1699,1458,3,1,7,-7,1706,1451,39,96,1,-2,40,94,40,100,341
16303,Oct 10 2009,Friendly in Japan,Japan,Scotland,1777,1696,2,0,8,-8,1785,1688,19,45,4,-1,23,44,20,100,181
16304,Oct 10 2009,Friendly in Egypt,Kuwait,Jordan,1445,1453,2,1,10,-10,1455,1443,86,103,6,-4,92,99,20,0,-8
16305,Oct 10 2009,World Cup qualifier in Liechtenstein,Liechtenstein,Azerbaijan,1191,1345,0,2,-25,25,1166,1370,170,114,-6,4,164,118,40,100,-54
16306,Oct 10 2009,World Cup qualifier in Luxembourg,Luxembourg,Switzerland,1097,1816,0,3,-2,2,1095,1818,176,21,0,-2,176,19,40,100,-619
16307,Oct 10 2009,World Cup & African Cup qual in Malawi,Malawi,Ivory Coast,1342,1760,1,1,14,-14,1356,1746,119,35,2,-3,121,32,40,100,-318
16308,Oct 10 2009,World Cup qualifier in Mexico,Mexico,El Salvador,1900,1533,4,1,4,-4,1904,1529,6,86,1,-4,7,82,20,0,367
16309,Oct 10 2009,World Cup qualifier in Montenegro,Montenegro,Georgia,1644,1448,2,1,6,-6,1650,1442,49,103,1,-3,50,100,40,100,296
16310,Oct 10 2009,Friendly in Norway,Norway,South Africa,1730,1546,1,0,3,-3,1733,1543,34,78,2,-2,36,76,20,100,284
16311,Oct 10 2009,World Cup qualifier in Portugal,Portugal,Hungary,1844,1600,3,0,8,-8,1852,1592,14,62,-1,-2,13,60,40,100,344
16312,Oct 10 2009,World Cup qualifier in Russia,Russia,Germany,1914,1963,0,1,-23,23,1891,1986,9,5,-1,0,8,5,40,100,51
16313,Oct 10 2009,World Cup qualifier in Serbia,Serbia,Romania,1825,1790,5,0,25,-25,1850,1765,13,29,1,-3,14,26,40,100,135
16314,Oct 10 2009,World Cup qualifier in Slovakia,Slovakia,Slovenia,1676,1606,0,2,-44,44,1632,1650,59,43,-7,7,52,50,40,100,170
16315,Oct 10 2009,Friendly in the United Arab Emirates,United Arab Emirates,Palestine,1389,1171,1,1,-7,7,1382,1178,119,158,-4,3,115,161,20,100,318
16316,Oct 10 2009,World Cup qualifier in Ukraine,Ukraine,England,1780,2015,1,0,27,-27,1807,1988,17,4,4,0,21,4,40,100,-135
16317,Oct 10 2009,World Cup qualifier in Venezuela,Venezuela,Paraguay,1725,1806,1,2,-21,21,1704,1827,43,17,-2,1,41,18,40,100,19
16318,Oct 10 2009,World Cup & African Cup qual in Zambia,Zambia,Egypt,1433,1709,0,1,-11,11,1422,1720,107,36,-3,2,104,38,40,100,-176
16319,Oct 11 2009,World Cup & African Cup qual in Algeria,Algeria,Rwanda,1558,1338,3,1,8,-8,1566,1330,64,124,2,0,66,124,40,100,320
16320,Oct 11 2009,World Cup & African Cup qual in Benin,Benin,Ghana,1406,1734,1,0,32,-32,1438,1702,95,47,6,-6,101,41,40,100,-228
16321,Oct 11 2009,World Cup qualifier in Bolivia,Bolivia,Brazil,1582,2149,2,1,37,-37,1619,2112,49,1,7,0,56,1,40,100,-467
16322,Oct 11 2009,World Cup & African Cup qual in Ghana,Burkina Faso,Guinea,1445,1509,2,1,24,-24,1469,1485,83,90,7,-3,90,87,40,0,-64
16323,Oct 11 2009,Friendly in Macedonia,Macedonia,Qatar,1547,1533,2,1,7,-7,1554,1526,69,87,3,-4,72,83,20,100,114
16324,Oct 11 2009,World Cup & African Cup qual in Mali,Mali,Sudan,1551,1361,1,0,6,-6,1557,1355,66,122,3,-1,69,121,40,100,290
16325,Oct 11 2009,World Cup & African Cup qual in Nigeria,Nigeria,Mozambique,1738,1412,1,0,3,-3,1741,1409,34,107,0,-1,34,106,20,0,326
16326,Oct 11 2009,World Cup & African Cup qual in Tunisia,Tunisia,Kenya,1663,1392,1,0,4,-4,1667,1388,47,112,0,-1,47,111,40,100,371
16327,Oct 13 2009,Friendly in France,Congo,North Korea,1409,1538,0,0,4,-4,1413,1534,106,77,0,0,106,77,20,0,-129
16328,Oct 13 2009,Friendly in Iceland,Iceland,South Africa,1444,1543,1,0,10,-10,1454,1533,90,80,4,-2,94,78,20,100,1
16329,Oct 14 2009,World Cup qualifier in Andorra,Andorra,Ukraine,1028,1807,0,6,-2,2,1026,1809,185,11,0,5,185,16,40,100,-679
16330,Oct 14 2009,Friendly in Portugal,Angola,Cameroon,1476,1756,0,0,7,-7,1483,1749,87,37,1,-4,88,33,20,0,-280
16331,Oct 14 2009,Asian Cup qualifier in Australia,Australia,Oman,1765,1612,1,0,8,-8,1773,1604,26,57,0,0,26,57,40,100,253
16332,Oct 14 2009,World Cup qualifier in Azerbaijan,Azerbaijan,Russia,1370,1891,1,1,17,-17,1387,1874,108,14,5,-3,113,11,40,100,-421
16333,Oct 14 2009,World Cup qualifier in Bosnia and Herzegovina,Bosnia and Herzegovina,Spain,1671,2079,2,5,-10,10,1661,2089,51,2,-3,0,48,2,40,100,-308
16334,Oct 14 2009,World Cup qualifier in Brazil,Brazil,Venezuela,2112,1704,0,0,-18,18,2094,1722,1,34,0,3,1,37,40,100,508
16335,Oct 14 2009,World Cup qualifier in Bulgaria,Bulgaria,Georgia,1748,1442,6,2,7,-7,1755,1435,32,102,-1,-1,31,101,40,100,406
16336,Oct 14 2009,World Cup qualifier in Chile,Chile,Ecuador,1860,1730,1,0,8,-8,1868,1722,12,38,0,-1,12,37,40,100,230
16337,Oct 14 2009,World Cup qualifier in Czechia,Czechia,Northern Ireland,1815,1568,0,0,-15,15,1800,1583,20,65,0,0,20,65,40,100,347
16338,Oct 14 2009,World Cup qualifier in Denmark,Denmark,Hungary,1839,1592,0,1,-35,35,1804,1627,23,49,-4,6,19,55,40,100,347
16339,Oct 14 2009,Friendly in France,DR Congo,Qatar,1426,1526,2,2,3,-3,1429,1523,105,81,-1,1,104,82,20,0,-100
16340,Oct 14 2009,World Cup qualifier in El Salvador,El Salvador,Honduras,1529,1745,0,1,-14,14,1515,1759,85,25,-2,4,83,29,40,100,-116
16341,Oct 14 2009,World Cup qualifier in England,England,Belarus,1988,1590,3,0,4,-4,1992,1586,4,64,0,-1,4,63,40,100,498
16342,Oct 14 2009,World Cup qualifier in Estonia,Estonia,Belgium,1405,1595,2,0,38,-38,1443,1557,88,81,10,-11,98,70,40,100,-90
16343,Oct 14 2009,World Cup qualifier in France,France,Austria,1877,1597,3,1,6,-6,1883,1591,10,62,0,-2,10,60,40,100,380
16344,Oct 14 2009,World Cup qualifier in Germany,Germany,Finland,1986,1663,1,1,-17,17,1969,1680,5,44,0,2,5,46,40,100,423
16345,Oct 14 2009,World Cup qualifier in Greece,Greece,Luxembourg,1757,1095,2,1,0,0,1757,1095,32,176,-2,0,30,176,20,0,662
16346,Oct 14 2009,World Cup qualifier in Ireland,Ireland,Montenegro,1787,1650,0,0,-12,12,1775,1662,26,44,-2,3,24,47,40,100,237
16347,Oct 14 2009,World Cup qualifier in Italy,Italy,Cyprus,1952,1566,3,2,2,-2,1954,1564,6,72,0,-3,6,69,20,0,386
16348,Oct 14 2009,Friendly in Japan,Japan,Togo,1785,1451,5,0,3,-3,1788,1448,19,98,2,-1,21,97,20,100,434
16349,Oct 14 2009,World Cup qualifier in Kazakhstan,Kazakhstan,Croatia,1344,1885,1,2,-3,3,1341,1888,123,9,0,0,123,9,40,100,-441
16350,Oct 14 2009,World Cup qualifier in Latvia,Latvia,Moldova,1563,1451,3,2,9,-9,1572,1442,64,102,2,-3,66,99,40,100,212
16351,Oct 14 2009,World Cup qualifier in Liechtenstein,Liechtenstein,Wales,1166,1581,0,2,-8,8,1158,1589,168,60,-2,2,166,62,40,100,-315
16352,Oct 14 2009,World Cup qualifier in Lithuania,Lithuania,Serbia,1555,1850,2,1,30,-30,1585,1820,58,16,6,-1,64,15,40,100,-195
16353,Oct 14 2009,World Cup qualifier in Paraguay,Paraguay,Colombia,1827,1714,0,2,-46,46,1781,1760,28,18,-5,10,23,28,40,100,213
16354,Oct 14 2009,World Cup qualifier in Peru,Peru,Bolivia,1554,1619,1,0,18,-18,1572,1601,60,60,6,-2,66,58,30,0,-65
16355,Oct 14 2009,World Cup qualifier in Poland,Poland,Slovakia,1662,1632,0,1,-27,27,1635,1659,55,46,-3,3,52,49,40,100,130
16356,Oct 14 2009,World Cup qualifier in Portugal,Portugal,Malta,1852,1222,4,0,1,-1,1853,1221,13,153,0,0,13,153,20,0,630
16357,Oct 14 2009,World Cup qualifier in Romania,Romania,Faroe Islands,1765,1213,3,1,1,-1,1766,1212,28,156,-1,0,27,156,20,0,552
16358,Oct 14 2009,World Cup qualifier in San Marino,San Marino,Slovenia,914,1650,0,3,-2,2,912,1652,197,52,0,-1,197,51,40,100,-636
16359,Oct 14 2009,Friendly in South Korea,South Korea,Senegal,1747,1550,2,0,5,-5,1752,1545,33,75,-1,0,32,75,20,100,297
16360,Oct 14 2009,World Cup qualifier in Sweden,Sweden,Albania,1768,1492,4,1,7,-7,1775,1485,23,86,1,0,24,86,40,100,376
16361,Oct 14 2009,World Cup qualifier in Switzerland,Switzerland,Israel,1818,1706,0,0,-11,11,1807,1717,15,41,2,-1,17,40,40,100,212
16362,Oct 14 2009,World Cup qualifier in Trinidad and Tobago,Trinidad and Tobago,Mexico,1527,1904,2,2,13,-13,1540,1891,70,9,6,-1,76,8,40,100,-277
16363,Oct 14 2009,Friendly in Tunisia,Tunisia,Saudi Arabia,1667,1670,0,1,-13,13,1654,1683,53,44,-3,1,50,45,20,100,97
16364,Oct 14 2009,World Cup qualifier in Turkey,Turkey,Armenia,1781,1383,2,0,3,-3,1784,1380,20,118,2,-2,22,116,20,0,398
16365,Oct 14 2009,Friendly in the United Arab Emirates,United Arab Emirates,Jordan,1382,1443,3,1,13,-13,1395,1430,103,107,6,-4,109,103,20,100,39
16366,Oct 14 2009,World Cup qualifier in Uruguay,Uruguay,Argentina,1828,1876,0,1,-23,23,1805,1899,19,3,-1,4,18,7,40,100,52
16367,Oct 14 2009,World Cup qualifier in the United States,United States,Costa Rica,1838,1699,2,2,-12,12,1826,1711,12,40,2,1,14,41,40,100,239
16368,Oct 17 2009,COSAFA Cup in Zimbabwe,Zimbabwe,Mauritius,1384,1059,3,0,6,-6,1390,1053,107,181,4,0,111,181,40,100,425
16369,Oct 18 2009,COSAFA Cup in Zimbabwe,Botswana,Comoros,1296,830,0,0,-17,17,1279,847,134,204,-1,0,133,204,40,0,466
16370,Oct 18 2009,COSAFA Cup in Zimbabwe,Swaziland,Seychelles,1160,1080,2,1,15,-15,1175,1065,159,181,3,-1,162,180,40,0,80
16371,Oct 19 2009,COSAFA Cup in Zimbabwe,Zimbabwe,Lesotho,1390,1132,2,2,-15,15,1375,1147,121,167,-5,2,116,169,40,100,358
16372,Oct 20 2009,COSAFA Cup in Zimbabwe,Botswana,Swaziland,1279,1175,1,0,14,-14,1293,1161,131,168,1,-3,132,165,40,0,104
16373,Oct 20 2009,COSAFA Cup in Zimbabwe,Comoros,Seychelles,847,1065,2,1,31,-31,878,1034,200,188,2,-4,202,184,40,0,-218
16374,Oct 20 2009,Friendly in Namibia,Namibia,South Africa,1322,1533,2,1,13,-13,1335,1520,120,85,4,-3,124,82,20,100,-111
16375,Oct 20 2009,Friendly tournament in Vietnam,Vietnam,Turkmenistan,1353,1326,1,0,10,-10,1363,1316,118,130,2,-2,120,128,30,100,127
16376,Oct 21 2009,COSAFA Cup in Zimbabwe,Lesotho,Mauritius,1147,1053,1,0,15,-15,1162,1038,159,186,5,-3,164,183,40,0,94
16377,Oct 22 2009,COSAFA Cup in Zimbabwe,Botswana,Seychelles,1293,1034,2,0,11,-11,1304,1023,130,186,1,-1,131,185,40,0,259
16378,Oct 22 2009,Friendly tournament in Vietnam,Singapore,Turkmenistan,1385,1316,4,2,18,-18,1403,1298,104,136,5,-4,109,132,30,0,69
16379,Oct 22 2009,COSAFA Cup in Zimbabwe,Swaziland,Comoros,1161,878,3,0,11,-11,1172,867,160,206,3,-2,163,204,40,0,283
16380,Oct 24 2009,Friendly tournament in Vietnam,Vietnam,Singapore,1363,1403,2,2,-3,3,1360,1406,120,109,0,0,120,109,30,100,60
16381,Oct 25 2009,COSAFA Cup in Zimbabwe,Mozambique,Malawi,1409,1356,1,0,17,-17,1426,1339,104,125,2,-2,106,123,40,0,53
16382,Oct 25 2009,COSAFA Cup in Zimbabwe,Zambia,Namibia,1422,1335,1,0,15,-15,1437,1320,96,130,5,-3,101,127,40,0,87
16383,Oct 26 2009,Friendly in Kuwait,Kuwait,Syria,1455,1590,1,0,11,-11,1466,1579,89,69,2,-4,91,65,20,100,-35
16384,Oct 26 2009,COSAFA Cup in Zimbabwe,South Africa,Angola,1520,1483,2,0,27,-27,1547,1456,68,98,7,-5,75,93,40,0,37
16385,Oct 26 2009,COSAFA Cup in Zimbabwe,Zimbabwe,Botswana,1375,1304,1,0,11,-11,1386,1293,114,133,1,-1,115,132,40,100,171
16386,Oct 28 2009,Friendly tournament in Suriname,French Guiana,Netherlands Antilles,1226,1147,4,1,20,-20,1246,1127,133,174,9,-2,142,172,30,0,79
16387,Oct 28 2009,Friendly tournament in Suriname,Suriname,Guyana,1246,1217,0,1,-20,20,1226,1237,162,144,-10,5,152,149,30,100,129
16388,Oct 28 2009,COSAFA Cup in Zimbabwe,Zimbabwe,South Africa,1386,1547,1,1,3,-3,1389,1544,109,77,3,-1,112,76,30,100,-61
16389,Oct 29 2009,COSAFA Cup in Zimbabwe,Zambia,Mozambique,1437,1426,2,0,29,-29,1466,1397,81,112,10,-3,91,109,40,0,11
16390,Oct 30 2009,Friendly tournament in Suriname,Guyana,Netherlands Antilles,1237,1127,1,0,10,-10,1247,1117,137,176,6,-2,143,174,30,0,110
16391,Oct 30 2009,Friendly tournament in Suriname,Suriname,French Guiana,1226,1246,4,0,22,-22,1248,1224,130,164,11,-11,141,153,30,100,80
16392,Oct 31 2009,COSAFA Cup in Zimbabwe,Mozambique,South Africa,1397,1544,1,0,28,-28,1425,1516,103,88,3,-6,106,82,40,0,-147
16393,Nov 1 2009,Friendly tournament in Suriname,Guyana,French Guiana,1247,1224,1,0,14,-14,1261,1210,131,161,6,-4,137,157,30,0,23
16394,Nov 1 2009,Friendly tournament in Suriname,Suriname,Netherlands Antilles,1248,1117,1,1,-9,9,1239,1126,155,170,-7,2,148,172,30,100,231
16395,Nov 1 2009,COSAFA Cup in Zimbabwe,Zimbabwe,Zambia,1389,1466,3,1,28,-28,1417,1438,104,109,4,-9,108,100,40,100,23
16396,Nov 3 2009,Friendly in Egypt,Kuwait,Kenya,1466,1388,5,0,16,-16,1482,1372,87,122,2,-4,89,118,20,0,78
16397,Nov 4 2009,Friendly in Chile,Chile,Paraguay,1868,1781,2,1,5,-5,1873,1776,12,23,0,0,12,23,20,100,187
16398,Nov 4 2009,Friendly in Singapore,Singapore,Indonesia,1406,1272,3,1,6,-6,1412,1266,110,137,0,-1,110,136,20,100,234
16399,Nov 5 2009,Friendly in Egypt,Egypt,Tanzania,1720,1374,5,1,3,-3,1723,1371,35,119,2,-1,37,118,20,100,446
16400,Nov 6 2009,Friendly in Bahrain,Bahrain,Togo,1628,1448,5,1,6,-6,1634,1442,52,99,1,-1,53,98,20,100,280
16401,Nov 8 2009,Friendly in Kuwait,Kuwait,China,1482,1531,2,2,-1,1,1481,1532,89,78,0,1,89,79,20,100,51
16402,Nov 8 2009,Friendly in Thailand,Thailand,Syria,1464,1579,1,1,0,0,1464,1579,92,65,0,0,92,65,20,100,-15
16403,Nov 8 2009,Friendly in Yemen,Yemen,Tanzania,1215,1371,1,1,2,-2,1217,1369,154,118,0,0,154,118,20,100,-56
16404,Nov 10 2009,Friendly in Iran,Iran,Iceland,1699,1454,1,0,2,-2,1701,1452,43,96,0,-1,43,95,20,100,345
16405,Nov 11 2009,Friendly in Yemen,Yemen,Tanzania,1217,1369,2,1,11,-11,1228,1358,150,122,2,-2,152,120,20,100,-52
16406,Nov 13 2009,Friendly in France,Qatar,Paraguay,1523,1776,2,0,24,-24,1547,1752,69,39,6,-8,75,31,20,0,-253
16407,Nov 13 2009,Friendly in Saudi Arabia,Saudi Arabia,Belarus,1683,1586,2,1,5,-5,1688,1581,43,66,1,-2,44,64,20,100,197
16408,Nov 14 2009,Friendly in Angola,Angola,Congo,1456,1413,1,1,-4,4,1452,1417,99,107,-3,1,96,108,20,100,143
16409,Nov 14 2009,Friendly in Belgium,Belgium,Hungary,1557,1627,3,0,16,-16,1573,1611,60,57,5,-1,65,56,20,100,30
16410,Nov 14 2009,Friendly in Qatar,Brazil,England,2094,1992,1,0,7,-7,2101,1985,1,4,0,0,1,4,20,0,102
16411,Nov 14 2009,World Cup & African Cup qual in Burkina Faso,Burkina Faso,Malawi,1469,1339,1,0,8,-8,1477,1331,90,123,0,0,90,123,40,100,230
16412,Nov 14 2009,World Cup qualifier in Costa Rica,Costa Rica,Uruguay,1711,1805,0,1,-20,20,1691,1825,45,12,-2,3,43,15,40,100,6
16413,Nov 14 2009,Friendly in Croatia,Croatia,Liechtenstein,1888,1158,5,0,0,0,1888,1158,11,167,-1,0,10,167,20,100,830
16414,Nov 14 2009,Friendly in Denmark,Denmark,South Korea,1804,1752,0,0,-4,4,1800,1756,17,27,1,2,18,29,20,100,152
16415,Nov 14 2009,World Cup & African Cup qual in Egypt,Egypt,Algeria,1723,1566,2,0,11,-11,1734,1555,37,76,0,-4,37,72,40,100,257
16416,Nov 14 2009,Friendly in Estonia,Estonia,Albania,1443,1485,0,0,-2,2,1441,1487,105,88,-4,-1,101,87,20,100,58
16417,Nov 14 2009,World Cup qualifier in Greece,Greece,Ukraine,1757,1809,0,0,-3,3,1754,1812,35,18,-3,-1,32,17,40,100,48
16418,Nov 14 2009,Friendly in Honduras,Honduras,Latvia,1759,1572,2,1,3,-3,1762,1569,26,70,1,-2,27,68,20,100,287
16419,Nov 14 2009,Asian Cup qualifier in Iran,Iran,Jordan,1701,1430,1,0,4,-4,1705,1426,39,108,2,-2,41,106,40,100,371
16420,Nov 14 2009,World Cup qualifier in Ireland,Ireland,France,1775,1883,0,1,-20,20,1755,1903,37,4,-7,3,30,7,40,100,-8
16421,Nov 14 2009,Friendly in Italy,Italy,Netherlands,1954,2040,0,0,0,0,1954,2040,6,3,0,0,6,3,20,100,14
16422,Nov 14 2009,World Cup & African Cup qual in Ivory Coast,Ivory Coast,Guinea,1746,1485,3,0,8,-8,1754,1477,30,94,2,-4,32,90,40,100,361
16423,Nov 14 2009,World Cup & African Cup qual in Kenya,Kenya,Nigeria,1372,1741,2,3,-7,7,1365,1748,117,35,0,0,117,35,40,100,-269
16424,Nov 14 2009,Asian Cup qualifier in Kuwait,Kuwait,Indonesia,1481,1266,2,1,6,-6,1487,1260,85,138,2,-1,87,137,40,100,315
16425,Nov 14 2009,Asian Cup qualifier in Lebanon,Lebanon,China,1244,1532,0,2,-15,15,1229,1547,155,68,-5,6,150,74,40,100,-188
16426,Nov 14 2009,Friendly in Luxembourg,Luxembourg,Iceland,1095,1452,1,1,6,-6,1101,1446,176,103,0,-4,176,99,20,100,-257
16427,Nov 14 2009,Friendly in Macedonia,Macedonia,Canada,1554,1629,3,0,16,-16,1570,1613,61,54,6,0,67,54,20,100,25
16428,Nov 14 2009,World Cup & African Cup qual in Morocco,Morocco,Cameroon,1594,1749,0,2,-25,25,1569,1774,77,19,-9,7,68,26,40,100,-55
16429,Nov 14 2009,World Cup & African Cup qual in Mozambique,Mozambique,Tunisia,1425,1654,1,0,27,-27,1452,1627,86,52,10,-1,96,51,40,100,-129
16430,Nov 14 2009,World Cup qualifier in New Zealand,New Zealand,Bahrain,1507,1634,1,0,22,-22,1529,1612,80,57,2,-2,82,55,40,100,-27
16431,Nov 14 2009,Friendly in Northern Ireland,Northern Ireland,Serbia,1583,1820,0,1,-6,6,1577,1826,65,13,-1,1,64,14,20,100,-137
16432,Nov 14 2009,Asian Cup qualifier in Oman,Oman,Australia,1604,1773,1,2,-16,16,1588,1789,65,17,-4,4,61,21,40,100,-69
16433,Nov 14 2009,Friendly in Poland,Poland,Romania,1635,1766,0,1,-9,9,1626,1775,52,22,0,2,52,24,20,100,-31
16434,Nov 14 2009,World Cup qualifier in Portugal,Portugal,Bosnia and Herzegovina,1853,1661,1,0,6,-6,1859,1655,13,50,0,-1,13,49,40,100,292
16435,Nov 14 2009,World Cup qualifier in Russia,Russia,Slovenia,1874,1652,2,1,5,-5,1879,1647,11,49,0,1,11,50,40,100,322
16436,Nov 14 2009,World Cup & African Cup qual in Rwanda,Rwanda,Zambia,1330,1438,0,0,0,0,1330,1438,124,104,0,-2,124,102,20,100,-8
16437,Nov 14 2009,Friendly in Saudi Arabia,Saudi Arabia,Belarus,1688,1581,1,1,-5,5,1683,1586,44,60,0,2,44,62,20,100,207
16438,Nov 14 2009,Asian Cup qualifier in Singapore,Singapore,Thailand,1412,1464,1,3,-34,34,1378,1498,120,78,-5,7,115,85,40,100,48
16439,Nov 14 2009,Friendly in Slovakia,Slovakia,United States,1659,1826,1,0,12,-12,1671,1814,43,18,3,-2,46,16,20,100,-67
16440,Nov 14 2009,Friendly in South Africa,South Africa,Japan,1516,1788,0,0,5,-5,1521,1783,84,25,-1,-2,83,23,20,100,-172
16441,Nov 14 2009,Friendly in Spain,Spain,Argentina,2089,1899,2,1,3,-3,2092,1896,2,9,0,-1,2,8,20,100,290
16442,Nov 14 2009,World Cup & African Cup qual in Sudan,Sudan,Benin,1355,1438,1,2,-21,21,1334,1459,123,88,-1,6,122,94,40,100,17
16443,Nov 14 2009,Friendly in Switzerland,Switzerland,Norway,1807,1733,0,1,-15,15,1792,1748,23,34,-3,1,20,35,20,100,174
16444,Nov 14 2009,World Cup & African Cup qual in Togo,Togo,Gabon,1442,1555,1,0,21,-21,1463,1534,88,88,5,-8,93,80,40,100,-13
16445,Nov 14 2009,Asian Cup qualifier in Uzbekistan,Uzbekistan,Malaysia,1532,1172,3,1,4,-4,1536,1168,76,165,2,-1,78,164,40,100,460
16446,Nov 14 2009,Asian Cup qualifier in Vietnam,Vietnam,Syria,1360,1579,0,1,-13,13,1347,1592,121,53,-1,6,120,59,40,100,-119
16447,Nov 14 2009,Friendly in Wales,Wales,Scotland,1589,1688,3,0,17,-17,1606,1671,53,48,4,-2,57,46,20,100,1
16448,Nov 15 2009,World Cup & African Cup qual in Ghana,Ghana,Mali,1702,1557,2,2,-12,12,1690,1569,44,65,-1,3,43,68,40,100,245
16449,Nov 15 2009,Friendly tournament in the United Arab Emirates,Iraq,Azerbaijan,1536,1387,1,0,9,-9,1545,1378,74,115,2,-1,76,114,30,0,149
16450,Nov 15 2009,Friendly tournament in the United Arab Emirates,United Arab Emirates,Czechia,1395,1800,0,0,11,-11,1406,1789,110,22,0,-2,110,20,30,100,-305
16451,Nov 17 2009,Friendly in France,Belgium,Qatar,1573,1547,2,0,14,-14,1587,1533,57,88,4,-7,61,81,20,0,26
16452,Nov 17 2009,Friendly in Oman,Oman,Brazil,1588,2101,0,2,-3,3,1585,2104,65,1,-2,0,63,1,20,100,-413
16453,Nov 17 2009,Friendly in Slovakia,Slovakia,Chile,1671,1873,1,2,-7,7,1664,1880,48,10,-1,1,47,11,20,100,-102
16454,Nov 17 2009,Friendly in South Africa,South Africa,Jamaica,1521,1622,0,0,0,0,1521,1622,83,53,0,0,83,53,20,100,-1
16455,Nov 18 2009,World Cup qualifier in Sudan,Algeria,Egypt,1555,1734,1,0,29,-29,1584,1705,56,43,8,-3,64,40,40,0,-179
16456,Nov 18 2009,Friendly in Angola,Angola,Ghana,1452,1690,0,0,4,-4,1456,1686,94,43,1,0,95,43,20,100,-138
16457,Nov 18 2009,Friendly in Austria,Austria,Spain,1591,2092,1,5,-3,3,1588,2095,58,2,1,0,59,2,20,100,-401
16458,Nov 18 2009,Friendly tournament in the United Arab Emirates,Azerbaijan,Czechia,1378,1789,2,0,41,-41,1419,1748,102,44,6,-12,108,32,30,0,-411
16459,Nov 18 2009,Asian Cup qualifier in Bahrain,Bahrain,Yemen,1612,1228,4,0,4,-4,1616,1224,53,152,1,0,54,152,20,0,384
16460,Nov 18 2009,World Cup qualifier in Bosnia and Herzegovina,Bosnia and Herzegovina,Portugal,1655,1859,0,1,-14,14,1641,1873,51,11,-1,1,50,12,40,100,-104
16461,Nov 18 2009,Friendly in Denmark,Denmark,United States,1800,1814,3,1,11,-11,1811,1803,14,18,2,-1,16,17,20,100,86
16462,Nov 18 2009,World Cup qualifier in France,France,Ireland,1903,1755,1,1,-12,12,1891,1767,9,24,-1,3,8,27,40,100,248
16463,Nov 18 2009,Friendly in Germany,Germany,Ivory Coast,1969,1754,2,2,-7,7,1962,1761,5,24,0,4,5,28,20,100,315
16464,Nov 18 2009,Asian Cup qualifier in Hong Kong,Hong Kong,Japan,1226,1783,0,4,-5,5,1221,1788,153,17,0,3,153,20,40,100,-457
16465,Nov 18 2009,Asian Cup qualifier in Indonesia,Indonesia,Kuwait,1260,1487,1,1,7,-7,1267,1480,135,89,1,-1,136,88,40,100,-127
16466,Nov 18 2009,Friendly in Iran,Iran,Macedonia,1705,1570,1,1,-6,6,1699,1576,43,69,-1,-1,42,68,20,100,235
16467,Nov 18 2009,Friendly in Italy,Italy,Sweden,1954,1775,1,0,3,-3,1957,1772,6,28,0,-2,6,26,20,100,279
16468,Nov 18 2009,Asian Cup qualifier in Malaysia,Malaysia,Uzbekistan,1168,1536,1,3,-11,11,1157,1547,170,72,-3,3,167,75,40,100,-268
16469,Nov 18 2009,Friendly in Malta,Malta,Bulgaria,1221,1755,1,4,-3,3,1218,1758,154,32,0,-1,154,31,20,100,-434
16470,Nov 18 2009,Friendly in Montenegro,Montenegro,Belarus,1662,1586,1,0,5,-5,1667,1581,48,68,0,-3,48,65,20,100,176
16471,Nov 18 2009,Friendly in the Netherlands,Netherlands,Paraguay,2040,1752,0,0,-8,8,2032,1760,3,24,0,5,3,29,20,100,388
16472,Nov 18 2009,Friendly in the United States,Peru,Honduras,1572,1762,2,1,15,-15,1587,1747,54,45,6,-9,60,36,20,0,-190
16473,Nov 18 2009,Friendly in Poland,Poland,Canada,1626,1613,1,0,7,-7,1633,1606,50,58,1,-2,51,56,20,100,113
16474,Nov 18 2009,Friendly in England,Serbia,South Korea,1826,1756,1,0,8,-8,1834,1748,14,35,0,-3,14,32,20,0,70
16475,Nov 18 2009,World Cup qualifier in Slovenia,Slovenia,Russia,1647,1879,1,0,27,-27,1674,1852,42,14,4,-1,46,13,40,100,-132
16476,Nov 18 2009,Asian Cup qualifier in Syria,Syria,Vietnam,1592,1347,0,0,-15,15,1577,1362,73,118,-7,1,66,119,40,100,345
16477,Nov 18 2009,Asian Cup qualifier in Thailand,Thailand,Singapore,1498,1378,0,1,-31,31,1467,1409,99,108,-7,3,92,111,40,100,220
16478,Nov 18 2009,Friendly tournament in the United Arab Emirates,United Arab Emirates,Iraq,1406,1545,0,1,-13,13,1393,1558,114,71,-2,2,112,73,30,100,-39
16479,Nov 18 2009,World Cup qualifier in Ukraine,Ukraine,Greece,1812,1754,0,1,-29,29,1783,1783,27,12,-5,10,22,22,40,100,158
16480,Nov 18 2009,World Cup qualifier in Uruguay,Uruguay,Costa Rica,1825,1691,1,1,-12,12,1813,1703,15,40,0,1,15,41,40,100,234
16481,Nov 21 2009,Friendly in Zambia,Zambia,North Korea,1438,1534,4,1,17,-17,1455,1517,90,87,6,-4,96,83,20,100,4
16482,Nov 22 2009,Asian Cup qualifier in China,China,Lebanon,1547,1229,1,0,3,-3,1550,1226,75,152,0,-1,75,151,20,0,318
16483,Nov 22 2009,Asian Cup qualifier in Jordan,Jordan,Iran,1426,1699,1,0,29,-29,1455,1670,86,52,10,-5,96,47,40,100,-173
16484,Nov 26 2009,Friendly in Malaysia,Malaysia,Maldives,1157,1083,0,1,-15,15,1142,1098,171,176,-2,1,169,177,20,100,174
16485,Nov 28 2009,CECAFA Cup in Kenya,Kenya,Zambia,1365,1455,0,2,-31,31,1334,1486,125,78,-4,9,121,87,40,100,10
16486,Nov 29 2009,Friendly in India,Nepal,Bhutan,927,636,2,1,3,-3,930,633,191,220,2,0,193,220,20,0,291
16487,Nov 29 2009,CECAFA Cup in Kenya,Rwanda,Somalia,1330,946,1,0,4,-4,1334,942,118,192,3,-1,121,191,40,0,384
16488,Nov 29 2009,CECAFA Cup in Kenya,Uganda,Tanzania,1483,1358,2,0,20,-20,1503,1338,82,121,3,-1,85,120,40,0,125
16489,Nov 29 2009,CECAFA Cup in Kenya,Zanzibar,Burundi,1252,1249,4,0,37,-37,1289,1212,127,167,6,-13,133,154,40,0,3
16490,Nov 30 2009,CECAFA Cup in Kenya,Ethiopia,Djibouti,1328,799,5,0,4,-4,1332,795,123,208,1,0,124,208,40,0,529
16491,Dec 1 2009,CECAFA Cup in Kenya,Eritrea,Zimbabwe,1191,1417,0,0,11,-11,1202,1406,158,113,0,-2,158,111,40,0,-226
16492,Dec 1 2009,CECAFA Cup in Kenya,Tanzania,Zanzibar,1338,1289,1,0,17,-17,1355,1272,118,137,1,-2,119,135,40,0,49
16493,Dec 2 2009,CECAFA Cup in Kenya,Kenya,Djibouti,1334,795,2,0,1,-1,1335,794,121,208,0,0,121,208,20,0,539
16494,Dec 2 2009,CECAFA Cup in Kenya,Uganda,Burundi,1503,1212,2,0,9,-9,1512,1203,85,160,0,-3,85,157,40,0,291
16495,Dec 2 2009,CECAFA Cup in Kenya,Zambia,Ethiopia,1486,1332,1,0,12,-12,1498,1320,84,128,2,-2,86,126,40,0,154
16496,Dec 3 2009,CECAFA Cup in Kenya,Rwanda,Eritrea,1334,1202,2,1,13,-13,1347,1189,118,158,2,0,120,158,40,0,132
16497,Dec 3 2009,CECAFA Cup in Kenya,Zimbabwe,Somalia,1406,942,2,0,4,-4,1410,938,109,191,1,0,110,191,40,0,464
16498,Dec 4 2009,South Asian Championship in Bangladesh,Bangladesh,Bhutan,925,633,4,1,7,-7,932,626,190,222,3,-1,193,221,40,100,392
16499,Dec 4 2009,South Asian Championship in Bangladesh,Sri Lanka,Pakistan,946,879,1,0,16,-16,962,863,190,207,0,-3,190,204,40,0,67
16500,Dec 4 2009,CECAFA Cup in Kenya,Tanzania,Burundi,1355,1203,1,0,12,-12,1367,1191,115,157,2,0,117,157,40,0,152
16501,Dec 4 2009,CECAFA Cup in Kenya,Zambia,Djibouti,1498,794,6,0,1,-1,1499,793,86,208,0,0,86,208,20,0,704
16502,Dec 5 2009,Friendly in Dominica,Dominica,British Virgin Islands,983,897,4,0,10,-10,993,887,186,201,0,-1,186,200,20,100,186
16503,Dec 5 2009,CECAFA Cup in Kenya,Eritrea,Somalia,1189,938,3,1,11,-11,1200,927,156,201,1,-5,157,196,40,0,251
16504,Dec 5 2009,South Asian Championship in Bangladesh,India,Afghanistan,1245,809,1,0,3,-3,1248,806,139,207,2,0,141,207,40,0,436
16505,Dec 5 2009,CECAFA Cup in Kenya,Kenya,Ethiopia,1335,1320,2,0,20,-20,1355,1300,120,134,1,-4,121,130,40,100,115
16506,Dec 5 2009,South Asian Championship in Bangladesh,Maldives,Nepal,1098,930,1,1,-9,9,1089,939,177,188,0,3,177,191,40,0,168
16507,Dec 5 2009,CECAFA Cup in Kenya,Rwanda,Zimbabwe,1347,1410,1,0,24,-24,1371,1386,114,118,3,-4,117,114,40,0,-63
16508,Dec 5 2009,CECAFA Cup in Kenya,Uganda,Zanzibar,1512,1272,0,0,-12,12,1500,1284,85,133,0,1,85,134,40,0,240
16509,Dec 6 2009,South Asian Championship in Bangladesh,Bangladesh,Pakistan,932,863,0,0,-9,9,923,872,199,198,-3,3,196,201,40,100,169
16510,Dec 6 2009,South Asian Championship in Bangladesh,Sri Lanka,Bhutan,962,626,6,0,11,-11,973,615,188,221,1,0,189,221,40,0,336
16511,Dec 7 2009,South Asian Championship in Bangladesh,India,Nepal,1248,939,1,0,6,-6,1254,933,139,193,1,-1,140,192,40,0,309
16512,Dec 7 2009,CECAFA Cup in Kenya,Kenya,Uganda,1355,1500,0,1,-17,17,1338,1517,123,81,-1,2,122,83,40,100,-45
16513,Dec 7 2009,South Asian Championship in Bangladesh,Maldives,Afghanistan,1089,806,3,1,10,-10,1099,796,177,207,0,0,177,207,40,0,283
16514,Dec 7 2009,CECAFA Cup in Kenya,Zambia,Zanzibar,1499,1284,0,0,-11,11,1488,1295,88,130,-1,2,87,132,30,100,315
16515,Dec 8 2009,South Asian Championship in Bangladesh,Bangladesh,Sri Lanka,923,973,2,1,17,-17,940,956,186,191,5,-1,191,190,30,0,-50
16516,Dec 8 2009,South Asian Championship in Bangladesh,Pakistan,Bhutan,872,615,7,0,17,-17,889,598,199,223,1,-1,200,222,40,0,257
16517,Dec 8 2009,CECAFA Cup in Kenya,Rwanda,Zimbabwe,1371,1386,4,1,37,-37,1408,1349,105,126,6,-6,111,120,40,0,-15
16518,Dec 8 2009,CECAFA Cup in Kenya,Tanzania,Eritrea,1367,1200,4,0,21,-21,1388,1179,112,163,3,-3,115,160,40,0,167
16519,Dec 9 2009,South Asian Championship in Bangladesh,Maldives,India,1099,1254,2,0,43,-43,1142,1211,161,168,8,-14,169,154,40,0,-155
16520,Dec 9 2009,South Asian Championship in Bangladesh,Nepal,Afghanistan,933,796,3,0,22,-22,955,774,189,213,2,-3,191,210,40,0,137
16521,Dec 9 2009,CECAFA Cup in Kenya,Uganda,Zanzibar,1517,1295,2,1,9,-9,1526,1286,81,134,1,-1,82,133,40,0,222
16522,Dec 10 2009,CECAFA Cup in Kenya,Rwanda,Tanzania,1408,1388,2,1,19,-19,1427,1369,103,119,4,-2,107,117,40,0,20
16523,Dec 11 2009,South Asian Championship in Bangladesh,Bangladesh,India,940,1211,0,1,-11,11,929,1222,194,148,-1,3,193,151,40,100,-171
16524,Dec 11 2009,South Asian Championship in Bangladesh,Maldives,Sri Lanka,1142,956,5,1,19,-19,1161,937,163,192,3,-1,166,191,40,0,186
16525,Dec 13 2009,South Asian Championship in Bangladesh,India,Maldives,1222,1161,0,0,-3,3,1219,1164,153,162,-1,2,152,164,30,0,61
16526,Dec 13 2009,CECAFA Cup in Kenya,Uganda,Rwanda,1526,1427,2,0,22,-22,1548,1405,70,115,6,-4,76,111,40,0,99
16527,Dec 13 2009,CECAFA Cup in Kenya,Zanzibar,Tanzania,1286,1369,1,0,25,-25,1311,1344,123,123,5,-3,128,120,40,0,-83
16528,Dec 16 2009,Friendly in Kuwait,Kuwait,United Arab Emirates,1480,1393,0,0,-5,5,1475,1398,93,112,-2,0,91,112,20,100,187
16529,Dec 19 2009,Friendly in Mozambique,Mozambique,Malawi,1452,1331,0,1,-16,16,1436,1347,107,116,-4,4,103,120,20,100,221
16530,Dec 20 2009,Friendly in Réunion,Réunion,Mauritius,1314,1038,2,0,3,-3,1317,1035,127,183,0,0,127,183,20,100,376
16531,Dec 27 2009,Friendly tournament in Qatar,North Korea,Mali,1517,1569,1,0,17,-17,1534,1552,76,77,4,-4,80,73,30,0,-52
16532,Dec 28 2009,Friendly tournament in Qatar,Qatar,Iran,1533,1670,3,2,17,-17,1550,1653,68,51,7,-2,75,49,30,100,-37
16533,Dec 28 2009,Friendly in Singapore,Singapore,Oman,1409,1585,0,0,2,-2,1411,1583,110,66,0,-2,110,64,20,100,-76
16534,Dec 28 2009,Friendly in South Africa,Zambia,Mozambique,1488,1436,1,0,9,-9,1497,1427,85,109,1,-3,86,106,20,0,52
16535,Dec 29 2009,Friendly in Egypt,Egypt,Malawi,1705,1347,1,1,-9,9,1696,1356,42,118,-1,1,41,119,20,100,458
16536,Dec 29 2009,Friendly in Thailand,Thailand,Zimbabwe,1467,1349,3,0,8,-8,1475,1341,89,123,2,-2,91,121,20,100,218
16537,Dec 30 2009,Friendly in China,China,Jordan,1550,1455,2,2,-5,5,1545,1460,81,93,-3,2,78,95,20,100,195
16538,Dec 30 2009,Friendly in Portugal,Estonia,Angola,1441,1456,1,0,10,-10,1451,1446,94,104,4,-4,98,100,20,0,-15
16539,Dec 30 2009,Friendly in Malaysia,Malaysia,Syria,1142,1577,4,1,31,-31,1173,1546,156,88,7,-11,163,77,20,100,-335
16540,Dec 30 2009,Friendly tournament in Qatar,Mali,Iran,1552,1653,2,1,19,-19,1571,1634,63,51,5,-1,68,50,30,0,-101
16541,Dec 30 2009,Friendly tournament in Qatar,Qatar,North Korea,1550,1534,0,1,-20,20,1530,1554,89,65,-7,8,82,73,30,100,116
16542,Dec 30 2009,Friendly in Yemen,Yemen,Tajikistan,1224,1273,2,1,9,-9,1233,1264,146,139,2,-2,148,137,20,100,51
16543,Dec 31 2009,Friendly in Singapore,Singapore,Oman,1411,1583,1,4,-14,14,1397,1597,114,54,-2,5,112,59,20,100,-72
16544,Jan 2 2010,Friendly tournament in Qatar,Iran,North Korea,1634,1554,1,0,12,-12,1646,1542,48,85,1,-6,49,79,30,0,80
16545,Jan 2 2010,Friendly tournament in Qatar,Qatar,Mali,1530,1571,0,0,-3,3,1527,1574,84,68,-1,0,83,68,30,100,59
16546,Jan 2 2010,Friendly in Malaysia,Syria,Zimbabwe,1546,1341,6,0,10,-10,1556,1331,69,127,4,-3,73,124,20,0,205
16547,Jan 2 2010,Friendly in Yemen,Yemen,Tajikistan,1233,1264,0,1,-12,12,1221,1276,152,133,-2,2,150,135,20,100,69
16548,Jan 3 2010,Friendly in Portugal,Angola,Gambia,1446,1393,1,1,-2,2,1444,1395,102,113,-1,0,101,113,20,0,53
16549,Jan 3 2010,Friendly in South Africa,Gabon,Mozambique,1534,1427,1,0,7,-7,1541,1420,79,108,1,-1,80,107,20,0,107
16550,Jan 4 2010,Friendly in the United Arab Emirates,Egypt,Mali,1696,1574,1,0,7,-7,1703,1567,39,72,1,-2,40,70,20,0,122
16551,Jan 4 2010,Friendly in Tanzania,Tanzania,Ivory Coast,1344,1761,0,1,-3,3,1341,1764,120,28,0,0,120,28,20,100,-317
16552,Jan 5 2010,Friendly in Swaziland,Ghana,Malawi,1686,1356,0,0,-7,7,1679,1363,46,117,-2,1,44,118,20,0,330
16553,Jan 6 2010,Asian Cup qualifier in Bahrain,Bahrain,Hong Kong,1616,1221,4,0,4,-4,1620,1217,54,156,0,-3,54,153,40,100,495
16554,Jan 6 2010,Friendly in Benin,Benin,Libya,1459,1493,1,0,8,-8,1467,1485,92,91,2,-2,94,89,20,100,66
16555,Jan 6 2010,Asian Cup qualifier in China,China,Syria,1545,1556,0,0,-5,5,1540,1561,83,71,-3,1,80,72,40,100,89
16556,Jan 6 2010,Friendly in South Africa,Gabon,Mozambique,1541,1420,2,0,10,-10,1551,1410,68,111,6,-2,74,109,20,0,121
16557,Jan 6 2010,Asian Cup qualifier in Indonesia,Indonesia,Oman,1267,1597,1,2,-8,8,1259,1605,139,57,-1,1,138,58,40,100,-230
16558,Jan 6 2010,Asian Cup qualifier in Kuwait,Kuwait,Australia,1475,1789,2,2,11,-11,1486,1778,85,27,3,-4,88,23,30,0,-314
16559,Jan 6 2010,Asian Cup qualifier in Lebanon,Lebanon,Vietnam,1226,1362,1,1,2,-2,1228,1360,149,119,0,0,149,119,30,100,-36
16560,Jan 6 2010,Friendly in South Africa,Nigeria,Zambia,1748,1497,0,0,-6,6,1742,1503,40,86,-4,0,36,86,20,0,251
16561,Jan 6 2010,Asian Cup qualifier in Singapore,Singapore,Iran,1397,1646,1,3,-18,18,1379,1664,118,47,-3,1,115,48,40,100,-149
16562,Jan 6 2010,Asian Cup qualifier in Thailand,Thailand,Jordan,1475,1460,0,0,-6,6,1469,1466,93,95,-1,0,92,95,40,100,115
16563,Jan 6 2010,Asian Cup qualifier in the United Arab Emirates,United Arab Emirates,Malaysia,1398,1173,1,0,5,-5,1403,1168,111,165,0,-1,111,164,40,100,325
16564,Jan 6 2010,Asian Cup qualifier in Yemen,Yemen,Japan,1221,1788,2,3,-3,3,1218,1791,152,18,-1,1,151,19,40,100,-467
16565,Jan 7 2010,Friendly in Tanzania,Ivory Coast,Rwanda,1764,1405,2,0,3,-3,1767,1402,26,112,1,-1,27,111,20,0,359
16566,Jan 9 2010,Friendly in Kenya,Kenya,Cameroon,1338,1774,1,3,-4,4,1334,1778,122,21,0,2,122,23,20,100,-336
16567,Jan 9 2010,Friendly in Tunisia,Tunisia,Gambia,1627,1395,1,2,-17,17,1610,1412,58,106,-3,3,55,109,20,100,332
16568,Jan 9 2010,Friendly in South Africa,Zambia,South Korea,1503,1748,4,2,24,-24,1527,1724,80,40,3,-4,83,36,20,0,-245
16569,Jan 10 2010,African Nations Cup in Angola,Angola,Mali,1444,1567,4,4,2,-2,1446,1565,99,70,1,0,100,70,50,100,-23
16570,Jan 11 2010,African Nations Cup in Angola,Burkina Faso,Ivory Coast,1477,1767,0,0,17,-17,1494,1750,84,35,3,-4,87,31,50,0,-290
16571,Jan 11 2010,African Nations Cup in Angola,Malawi,Algeria,1363,1584,3,0,68,-68,1431,1516,90,106,14,-21,104,85,50,0,-221
16572,Jan 12 2010,African Nations Cup in Angola,Benin,Mozambique,1467,1410,2,2,-4,4,1463,1414,96,109,-1,1,95,110,20,100,157
16573,Jan 12 2010,African Nations Cup in Angola,Egypt,Nigeria,1703,1742,3,1,42,-42,1745,1700,30,47,5,-6,35,41,50,0,-39
16574,Jan 13 2010,African Nations Cup in Angola,Gabon,Cameroon,1551,1778,1,0,39,-39,1590,1739,47,47,13,-12,60,35,50,0,-227
16575,Jan 13 2010,African Nations Cup in Angola,Tunisia,Zambia,1610,1527,1,1,-6,6,1604,1533,61,80,-3,1,58,81,50,0,83
16576,Jan 14 2010,African Nations Cup in Angola,Algeria,Mali,1516,1565,1,0,29,-29,1545,1536,67,92,9,-11,76,81,50,0,-49
16577,Jan 14 2010,African Nations Cup in Angola,Angola,Malawi,1446,1431,2,0,26,-26,1472,1405,84,118,8,-7,92,111,50,100,115
16578,Jan 15 2010,African Nations Cup in Angola,Ivory Coast,Ghana,1750,1679,3,1,30,-30,1780,1649,16,54,7,-5,23,49,50,0,71
16579,Jan 15 2010,Friendly in Yemen,Yemen,Kenya,1218,1334,3,1,16,-16,1234,1318,145,130,3,-4,148,126,20,100,-16
16580,Jan 16 2010,African Nations Cup in Angola,Egypt,Mozambique,1745,1414,2,0,10,-10,1755,1404,28,113,3,-2,31,111,50,0,331
16581,Jan 16 2010,African Nations Cup in Angola,Nigeria,Benin,1700,1463,1,0,10,-10,1710,1453,39,100,1,-2,40,98,50,0,237
16582,Jan 16 2010,Friendly in Taiwan,Taiwan,Philippines,928,816,0,0,-5,5,923,821,198,206,-2,0,196,206,20,100,212
16583,Jan 17 2010,African Nations Cup in Angola,Cameroon,Zambia,1739,1533,3,2,12,-12,1751,1521,29,86,3,-2,32,84,50,0,206
16584,Jan 17 2010,African Nations Cup in Angola,Gabon,Tunisia,1590,1604,0,0,1,-1,1591,1603,60,58,0,0,60,58,30,0,-14
16585,Jan 17 2010,King's Cup in Thailand,Thailand,Singapore,1469,1379,1,0,8,-8,1477,1371,89,118,2,-1,91,117,30,100,190
16586,Jan 17 2010,Asian Cup qualifier in Vietnam,Vietnam,China,1360,1540,1,2,-15,15,1345,1555,119,67,0,6,119,73,40,100,-80
16587,Jan 18 2010,African Nations Cup in Angola,Angola,Algeria,1472,1545,0,0,-2,2,1470,1547,93,77,0,0,93,77,40,100,27
16588,Jan 18 2010,African Nations Cup in Angola,Mali,Malawi,1536,1405,3,1,24,-24,1560,1381,63,118,9,-4,72,114,50,0,131
16589,Jan 18 2010,Friendly in Spain,South Korea,Finland,1724,1680,2,0,13,-13,1737,1667,36,47,0,-2,36,45,20,0,44
16590,Jan 19 2010,African Nations Cup in Angola,Ghana,Burkina Faso,1649,1494,1,0,15,-15,1664,1479,45,93,2,-3,47,90,50,0,155
16591,Jan 20 2010,Friendly in Chile,Chile,Panama,1880,1551,2,1,2,-2,1882,1549,11,75,0,0,11,75,20,100,429
16592,Jan 20 2010,African Nations Cup in Angola,Egypt,Benin,1755,1453,2,0,11,-11,1766,1442,25,104,3,-3,28,101,50,0,302
16593,Jan 20 2010,African Nations Cup in Angola,Nigeria,Mozambique,1710,1404,3,0,13,-13,1723,1391,34,114,3,-2,37,112,50,0,306
16594,Jan 20 2010,Friendly in Oman,Oman,Sweden,1605,1772,0,1,-8,8,1597,1780,59,20,-1,3,58,23,20,100,-67
16595,Jan 20 2010,King's Cup in Thailand,Thailand,Poland,1477,1633,1,3,-19,19,1458,1652,101,49,-5,1,96,50,30,100,-56
16596,Jan 20 2010,Asian Cup qualifier in Yemen,Yemen,Bahrain,1234,1620,3,0,59,-59,1293,1561,118,87,15,-17,133,70,40,100,-286
16597,Jan 21 2010,African Nations Cup in Angola,Cameroon,Tunisia,1751,1603,2,2,-10,10,1741,1613,38,50,-3,3,35,53,50,0,148
16598,Jan 21 2010,African Nations Cup in Angola,Zambia,Gabon,1521,1591,2,1,30,-30,1551,1561,66,79,9,-10,75,69,50,0,-70
16599,Jan 22 2010,Friendly in Spain,South Korea,Latvia,1737,1569,1,0,6,-6,1743,1563,34,70,1,-2,35,68,20,0,168
16600,Jan 23 2010,King's Cup in Thailand,Poland,Singapore,1652,1371,6,1,10,-10,1662,1361,50,119,0,-1,50,118,30,0,281
16601,Jan 23 2010,Friendly in South Africa,South Africa,Swaziland,1521,1172,6,2,3,-3,1524,1169,85,163,0,0,85,163,20,100,449
16602,Jan 23 2010,Friendly in Syria,Syria,Sweden,1561,1780,1,1,3,-3,1564,1777,65,27,2,-2,67,25,20,100,-119
16603,Jan 23 2010,Friendly in the United States,United States,Honduras,1803,1747,1,3,-21,21,1782,1768,27,20,-5,7,22,27,20,100,156
16604,Jan 24 2010,African Nations Cup in Angola,Algeria,Ivory Coast,1547,1780,3,2,40,-40,1587,1740,42,49,18,-13,60,36,50,0,-233
16605,Jan 24 2010,African Nations Cup in Angola,Angola,Ghana,1470,1664,0,1,-18,18,1452,1682,102,39,-5,4,97,43,50,100,-94
16606,Jan 25 2010,African Nations Cup in Angola,Egypt,Cameroon,1766,1741,3,1,35,-35,1801,1706,6,45,11,-5,17,40,50,0,25
16607,Jan 25 2010,African Nations Cup in Angola,Nigeria,Zambia,1723,1551,0,0,-11,11,1712,1562,41,66,-2,5,39,71,50,0,172
16608,Jan 26 2010,Friendly in Argentina,Argentina,Costa Rica,1896,1703,3,2,3,-3,1899,1700,7,41,0,0,7,41,20,100,293
16609,Jan 27 2010,Friendly in South Africa,South Africa,Zimbabwe,1524,1331,3,0,5,-5,1529,1326,81,123,2,0,83,123,20,100,293
16610,Jan 28 2010,African Nations Cup in Angola,Egypt,Algeria,1801,1587,4,0,21,-21,1822,1566,13,74,2,-7,15,67,50,0,214
16611,Jan 28 2010,African Nations Cup in Angola,Ghana,Nigeria,1682,1712,1,0,27,-27,1709,1685,35,45,4,-3,39,42,50,0,-30
16612,Jan 30 2010,African Nations Cup in Angola,Nigeria,Algeria,1685,1566,1,0,17,-17,1702,1549,40,85,1,-9,41,76,50,0,119
16613,Jan 31 2010,African Nations Cup in Angola,Egypt,Ghana,1822,1709,1,0,17,-17,1839,1692,13,45,1,-3,14,42,50,0,113
16614,Jan 31 2010,Friendly in Jamaica,Jamaica,Canada,1622,1606,1,0,7,-7,1629,1599,52,59,0,-2,52,57,20,100,116
16615,Feb 2 2010,Friendly in Japan,Japan,Venezuela,1791,1722,0,0,-5,5,1786,1727,19,36,0,0,19,36,20,100,169
16616,Feb 6 2010,East Asian Championship in Japan,Japan,China,1786,1555,0,0,-15,15,1771,1570,33,57,-7,9,26,66,40,100,331
16617,Feb 7 2010,East Asian Championship in Japan,South Korea,Hong Kong,1743,1217,5,0,4,-4,1747,1213,34,153,0,0,34,153,40,0,526
16618,Feb 10 2010,Friendly tournament in Argentina,Argentina,Jamaica,1899,1629,2,1,3,-3,1902,1626,7,52,0,0,7,52,20,0,270
16619,Feb 10 2010,East Asian Championship in Japan,China,South Korea,1570,1747,3,0,51,-51,1621,1696,40,48,13,-7,53,41,40,0,-177
16620,Feb 11 2010,East Asian Championship in Japan,Japan,Hong Kong,1771,1213,3,0,2,-2,1773,1211,26,155,0,-1,26,154,30,0,558
16621,Feb 14 2010,East Asian Championship in Japan,China,Hong Kong,1621,1211,2,0,5,-5,1626,1206,51,158,1,-2,52,156,40,0,410
16622,Feb 14 2010,East Asian Championship in Japan,Japan,South Korea,1773,1696,1,3,-44,44,1729,1740,44,25,-9,8,35,33,40,100,177
16623,Feb 16 2010,Asian Cup q & Asian Chlg Cup in Sri Lanka,Bangladesh,Tajikistan,929,1276,2,1,35,-35,964,1241,187,152,3,-8,190,144,40,0,-347
16624,Feb 16 2010,Asian Cup q & Asian Chlg Cup in Sri Lanka,Sri Lanka,Myanmar,937,1189,0,4,-22,22,915,1211,201,150,-5,4,196,154,40,100,-152
16625,Feb 17 2010,Friendly in Kosovo,Kosovo,Albania,1389,1487,2,3,-10,10,1379,1497,117,87,-2,0,115,87,20,100,2
16626,Feb 17 2010,Asian Cup q & Asian Chlg Cup in Sri Lanka,Kyrgyzstan,India,1162,1219,2,1,23,-23,1185,1196,152,163,7,-6,159,157,40,0,-57
16627,Feb 17 2010,Asian Cup q & Asian Chlg Cup in Sri Lanka,North Korea,Turkmenistan,1542,1298,1,1,-12,12,1530,1310,83,130,-1,1,82,131,40,0,244
16628,Feb 18 2010,Asian Cup q & Asian Chlg Cup in Sri Lanka,Myanmar,Bangladesh,1211,964,2,1,8,-8,1219,956,149,190,2,0,151,190,40,0,247
16629,Feb 18 2010,Asian Cup q & Asian Chlg Cup in Sri Lanka,Sri Lanka,Tajikistan,915,1241,1,3,-13,13,902,1254,200,136,-2,4,198,140,40,100,-226
16630,Feb 19 2010,Friendly in the United Arab Emirates,Kuwait,Syria,1486,1564,1,1,2,-2,1488,1562,88,72,0,-2,88,70,20,0,-78
16631,Feb 19 2010,Asian Cup q & Asian Chlg Cup in Sri Lanka,North Korea,Kyrgyzstan,1530,1185,4,0,9,-9,1539,1176,82,165,0,-3,82,162,40,0,345
16632,Feb 19 2010,Asian Cup q & Asian Chlg Cup in Sri Lanka,Turkmenistan,India,1310,1196,1,0,14,-14,1324,1182,117,159,7,-1,124,158,40,0,114
16633,Feb 20 2010,Asian Cup q & Asian Chlg Cup in Sri Lanka,Sri Lanka,Bangladesh,902,956,3,0,30,-30,932,926,186,200,6,-5,192,195,30,0,-54
16634,Feb 20 2010,Asian Cup q & Asian Chlg Cup in Sri Lanka,Tajikistan,Myanmar,1254,1219,3,0,31,-31,1285,1188,132,163,4,-6,136,157,40,0,35
16635,Feb 21 2010,Asian Cup q & Asian Chlg Cup in Sri Lanka,North Korea,India,1539,1182,3,0,8,-8,1547,1174,76,166,3,-4,79,162,40,0,357
16636,Feb 21 2010,Asian Cup q & Asian Chlg Cup in Sri Lanka,Turkmenistan,Kyrgyzstan,1324,1176,1,0,12,-12,1336,1164,120,168,2,-3,122,165,40,0,148
16637,Feb 24 2010,Friendly in the United States,Mexico,Bolivia,1891,1601,5,0,6,-6,1897,1595,8,61,0,-2,8,59,20,0,290
16638,Feb 24 2010,Asian Cup q & Asian Chlg Cup in Sri Lanka,North Korea,Myanmar,1547,1188,5,0,9,-9,1556,1179,73,159,3,-1,76,158,40,0,359
16639,Feb 24 2010,Asian Cup q & Asian Chlg Cup in Sri Lanka,Turkmenistan,Tajikistan,1336,1285,2,0,26,-26,1362,1259,114,140,4,-2,118,138,40,0,51
16640,Feb 24 2010,Friendly in the United States,United States,El Salvador,1782,1515,2,1,2,-2,1784,1513,16,86,3,0,19,86,20,100,367
16641,Feb 25 2010,Friendly in Jordan,Jordan,Azerbaijan,1466,1419,0,2,-21,21,1445,1440,107,99,-7,4,100,103,20,100,147
16642,Feb 25 2010,Friendly in the United Arab Emirates,Kuwait,Bahrain,1488,1561,4,1,21,-21,1509,1540,86,90,1,-9,87,81,20,0,-73
16643,Feb 27 2010,Friendly in Malaysia,Malaysia,Yemen,1168,1293,1,0,11,-11,1179,1282,152,137,6,-2,158,135,20,100,-25
16644,Feb 27 2010,Asian Cup q & Asian Chlg Cup in Sri Lanka,North Korea,Turkmenistan,1556,1362,1,1,-10,10,1546,1372,83,116,-4,1,79,117,30,100,294
16645,Feb 27 2010,Asian Cup q & Asian Chlg Cup in Sri Lanka,Tajikistan,Myanmar,1259,1179,1,0,15,-15,1274,1164,134,170,2,-6,136,164,40,0,80
16646,Feb 28 2010,Friendly in Curaçao,Curaçao,Bonaire,1126,1104,4,0,12,-12,1138,1092,169,178,2,-1,171,177,20,100,122
16647,Mar 2 2010,Friendly in England,Brazil,Ireland,2104,1767,2,0,4,-4,2108,1763,1,27,0,0,1,27,20,0,337
16648,Mar 2 2010,Friendly in Guadeloupe,Guadeloupe,Saint Kitts and Nevis,1468,1138,2,1,2,-2,1470,1136,92,173,0,-1,92,172,20,100,430
16649,Mar 3 2010,Friendly in Albania,Albania,Northern Ireland,1497,1577,1,0,9,-9,1506,1568,86,71,1,-3,87,68,20,100,20
16650,Mar 3 2010,Friendly in Algeria,Algeria,Serbia,1549,1834,0,3,-9,9,1540,1843,83,13,-4,1,79,14,20,100,-185
16651,Mar 3 2010,Friendly in Angola,Angola,Latvia,1452,1563,1,1,0,0,1452,1563,96,73,0,-2,96,71,20,100,-11
16652,Mar 3 2010,Asian Cup qualifier in Australia,Australia,Indonesia,1778,1259,1,0,1,-1,1779,1258,21,139,1,0,22,139,20,0,519
16653,Mar 3 2010,Friendly in Austria,Austria,Denmark,1588,1811,2,1,13,-13,1601,1798,52,17,4,0,56,17,20,100,-123
16654,Mar 3 2010,Friendly in Turkey,Belarus,Armenia,1581,1380,3,1,7,-7,1588,1373,56,116,4,-1,60,115,20,0,201
16655,Mar 3 2010,Friendly in Belgium,Belgium,Croatia,1587,1888,0,1,-5,5,1582,1893,69,8,-4,1,65,9,20,100,-201
16656,Mar 3 2010,Friendly in Bosnia and Herzegovina,Bosnia and Herzegovina,Ghana,1641,1692,2,1,9,-9,1650,1683,51,42,0,0,51,42,20,100,49
16657,Mar 3 2010,Friendly in Monaco,Cameroon,Italy,1706,1957,0,0,6,-6,1712,1951,37,4,1,1,38,5,20,0,-251
16658,Mar 3 2010,Friendly in Cyprus,Cyprus,Iceland,1564,1446,0,0,-6,6,1558,1452,80,93,-6,3,74,96,20,100,218
16659,Mar 3 2010,Friendly in England,England,Egypt,1985,1839,3,1,6,-6,1991,1833,4,16,0,-1,4,15,20,100,246
16660,Mar 3 2010,Friendly in France,France,Spain,1891,2095,0,2,-11,11,1880,2106,13,2,-2,0,11,2,20,100,-104
16661,Mar 3 2010,Friendly in Georgia,Georgia,Estonia,1435,1451,2,1,8,-8,1443,1443,100,107,2,-5,102,102,20,100,84
16662,Mar 3 2010,Friendly in Germany,Germany,Argentina,1962,1902,0,1,-14,14,1948,1916,7,7,-1,0,6,7,20,100,160
16663,Mar 3 2010,Friendly in Greece,Greece,Senegal,1783,1545,0,2,-26,26,1757,1571,37,52,-8,14,29,66,20,100,338
16664,Mar 3 2010,Friendly in the United States,Guatemala,El Salvador,1425,1513,2,1,12,-12,1437,1501,103,90,2,-2,105,88,20,0,-88
16665,Mar 3 2010,Asian Cup qualifier in Hong Kong,Hong Kong,Yemen,1206,1282,0,0,-1,1,1205,1283,155,135,0,0,155,135,20,100,24
16666,Mar 3 2010,Friendly in Hungary,Hungary,Russia,1611,1852,1,1,4,-4,1615,1848,53,13,1,0,54,13,20,100,-141
16667,Mar 3 2010,Asian Cup qualifier in Iran,Iran,Thailand,1664,1458,1,0,6,-6,1670,1452,46,98,1,-2,47,96,40,100,306
16668,Mar 3 2010,Asian Cup qualifier in Japan,Japan,Bahrain,1729,1540,2,0,10,-10,1739,1530,31,81,2,0,33,81,40,100,289
16669,Mar 3 2010,Asian Cup qualifier in Jordan,Jordan,Singapore,1445,1361,2,1,10,-10,1455,1351,88,119,6,0,94,119,40,100,184
16670,Mar 3 2010,Friendly in Libya,Libya,Mali,1485,1560,2,1,9,-9,1494,1551,89,81,0,-4,89,77,20,100,25
16671,Mar 3 2010,Friendly in Luxembourg,Luxembourg,Azerbaijan,1101,1440,1,2,-4,4,1097,1444,176,99,0,2,176,101,20,100,-239
16672,Mar 3 2010,Friendly in Macedonia,Macedonia,Montenegro,1576,1667,2,1,10,-10,1586,1657,60,52,3,-3,63,49,20,100,9
16673,Mar 3 2010,Friendly in Malta,Malta,Finland,1218,1667,1,2,-2,2,1216,1669,151,50,0,-2,151,48,20,100,-349
16674,Mar 3 2010,Friendly in the United States,Mexico,New Zealand,1897,1529,2,0,3,-3,1900,1526,8,81,0,1,8,82,20,0,368
16675,Mar 3 2010,Friendly in Turkey,Moldova,Kazakhstan,1442,1341,1,0,7,-7,1449,1334,97,123,2,-1,99,122,20,0,101
16676,Mar 3 2010,Friendly in Mozambique,Mozambique,Botswana,1391,1293,0,1,-15,15,1376,1308,114,131,-1,1,113,132,20,100,198
16677,Mar 3 2010,Friendly in the Netherlands,Netherlands,United States,2032,1784,2,1,2,-2,2034,1782,3,23,0,-2,3,21,20,100,348
16678,Mar 3 2010,Friendly in Nigeria,Nigeria,DR Congo,1702,1429,5,2,4,-4,1706,1425,40,110,0,-2,40,108,20,100,373
16679,Mar 3 2010,Asian Cup qualifier in Oman,Oman,Kuwait,1597,1509,0,0,-10,10,1587,1519,64,83,-3,2,61,85,40,100,188
16680,Mar 3 2010,Friendly in Poland,Poland,Bulgaria,1662,1758,2,0,15,-15,1677,1743,42,34,4,-2,46,32,20,100,4
16681,Mar 3 2010,Friendly in Portugal,Portugal,China,1873,1626,2,0,4,-4,1877,1622,12,54,0,-1,12,53,20,100,347
16682,Mar 3 2010,Friendly in Romania,Romania,Israel,1775,1717,0,2,-21,21,1754,1738,37,32,-6,3,31,35,20,100,158
16683,Mar 3 2010,Friendly in Scotland,Scotland,Czechia,1671,1748,1,0,9,-9,1680,1739,45,35,0,-2,45,33,20,100,23
16684,Mar 3 2010,Friendly in Slovakia,Slovakia,Norway,1664,1748,0,1,-10,10,1654,1758,52,23,-2,4,50,27,20,100,16
16685,Mar 3 2010,Friendly in Slovenia,Slovenia,Qatar,1674,1527,4,1,7,-7,1681,1520,44,83,0,1,44,84,20,100,247
16686,Mar 3 2010,Friendly in South Africa,South Africa,Namibia,1529,1320,1,1,-7,7,1522,1327,83,124,0,1,83,125,20,100,309
16687,Mar 3 2010,Friendly in England,South Korea,Ivory Coast,1740,1740,2,0,15,-15,1755,1725,27,39,3,-3,30,36,20,0,0
16688,Mar 3 2010,Friendly in Switzerland,Switzerland,Uruguay,1792,1813,1,3,-18,18,1774,1831,28,16,-5,0,23,16,20,100,79
16689,Mar 3 2010,Asian Cup qualifier in Syria,Syria,Lebanon,1562,1228,4,0,6,-6,1568,1222,66,150,2,0,68,150,40,100,434
16690,Mar 3 2010,Friendly in Tanzania,Tanzania,Uganda,1341,1548,2,3,-7,7,1334,1555,123,75,-1,1,122,76,20,100,-107
16691,Mar 3 2010,Friendly in Turkey,Turkey,Honduras,1784,1768,2,0,10,-10,1794,1758,17,28,1,-1,18,27,20,100,116
16692,Mar 3 2010,Asian Cup qualifier in Uzbekistan,Uzbekistan,United Arab Emirates,1547,1403,0,1,-32,32,1515,1435,94,102,-8,4,86,106,40,100,244
16693,Mar 3 2010,Friendly in Venezuela,Venezuela,Panama,1727,1549,1,2,-17,17,1710,1566,42,65,-3,5,39,70,20,100,278
16694,Mar 3 2010,Friendly in Wales,Wales,Sweden,1606,1777,0,1,-8,8,1598,1785,60,14,-2,5,58,19,20,100,-71
16695,Mar 3 2010,Friendly in Zimbabwe,Zimbabwe,Malawi,1326,1381,2,1,9,-9,1335,1372,118,119,3,-3,121,116,20,100,45
16696,Mar 4 2010,Friendly in Venezuela,Venezuela,North Korea,1710,1546,1,1,-6,6,1704,1552,41,76,-1,1,40,77,20,100,264
16697,Mar 6 2010,Friendly in Sierra Leone,Sierra Leone,Guinea,1248,1477,1,0,14,-14,1262,1463,134,93,4,-1,138,92,20,100,-129
16698,Mar 6 2010,Friendly in Venezuela,Venezuela,North Korea,1704,1552,2,1,4,-4,1708,1548,38,79,1,-1,39,78,20,100,252
16699,Mar 7 2010,Friendly in Niger,Niger,Benin,1242,1442,2,0,19,-19,1261,1423,134,112,5,-4,139,108,20,100,-100
16700,Mar 7 2010,Friendly in Sierra Leone,Sierra Leone,Guinea,1262,1463,0,0,3,-3,1265,1460,138,94,0,-1,138,93,20,100,-101
16701,Mar 17 2010,Friendly in Mexico,Mexico,North Korea,1900,1548,2,1,1,-1,1901,1547,8,78,0,0,8,78,20,100,452
16702,Mar 21 2010,Friendly in Iceland,Iceland,Faroe Islands,1452,1212,2,0,4,-4,1456,1208,92,156,2,-2,94,154,20,100,340
16703,Mar 21 2010,Friendly in Namibia,Namibia,Botswana,1327,1308,0,0,-3,3,1324,1311,125,126,0,3,125,129,20,100,119
16704,Mar 24 2010,Friendly in the United States,Iceland,Mexico,1456,1901,0,0,9,-9,1465,1892,90,10,2,-1,92,9,20,0,-445
16705,Mar 24 2010,Friendly in Martinique,Martinique,Haiti,1375,1431,0,0,-1,1,1374,1432,114,106,0,0,114,106,20,100,44
16706,Mar 31 2010,Friendly in Chile,Chile,Venezuela,1882,1708,0,0,-7,7,1875,1715,14,37,-2,1,12,38,20,100,274
16707,Mar 31 2010,Friendly in Paraguay,Paraguay,South Africa,1760,1522,1,1,-7,7,1753,1529,37,81,-6,1,31,82,20,100,338
16708,Apr 3 2010,Friendly in Saint Kitts and Nevis,Saint Kitts and Nevis,Guadeloupe,1136,1470,3,0,28,-28,1164,1442,156,115,8,-12,164,103,20,100,-234
16709,Apr 7 2010,Friendly in Japan,Japan,Serbia,1739,1843,0,3,-17,17,1722,1860,39,12,-3,1,36,13,20,100,-4
16710,Apr 21 2010,Friendly in Honduras,Honduras,Venezuela,1758,1715,0,1,-14,14,1744,1729,36,32,-5,3,31,35,20,100,143
16711,Apr 22 2010,Friendly in Germany,North Korea,South Africa,1547,1529,0,0,-1,1,1546,1530,78,80,0,1,78,81,20,0,18
16712,Apr 28 2010,Friendly in Germany,South Africa,Jamaica,1530,1626,2,0,19,-19,1549,1607,75,58,3,-3,78,55,20,0,-96
16713,May 5 2010,Friendly in Argentina,Argentina,Haiti,1916,1432,4,0,1,-1,1917,1431,7,106,0,0,7,106,20,100,584
16714,May 5 2010,Friendly in Chile,Chile,Trinidad and Tobago,1875,1540,2,0,2,-2,1877,1538,10,82,1,-1,11,81,20,100,435
16715,May 7 2010,Friendly in the United States,Ecuador,Mexico,1722,1892,0,0,5,-5,1727,1887,35,9,1,0,36,9,20,0,-170
16716,May 10 2010,Friendly in the United States,Mexico,Senegal,1887,1571,1,0,3,-3,1890,1568,9,68,0,-1,9,67,20,0,316
16717,May 12 2010,Friendly in Yemen,Yemen,Malawi,1283,1372,1,0,10,-10,1293,1362,133,120,1,-2,134,118,20,100,11
16718,May 13 2010,Friendly in Germany,Germany,Malta,1948,1216,3,0,0,0,1948,1216,6,151,0,0,6,151,20,100,832
16719,May 13 2010,Friendly in the United States,Mexico,Angola,1890,1452,1,0,1,-1,1891,1451,9,98,0,-1,9,97,20,0,438
16720,May 15 2010,Friendly in Switzerland,Paraguay,North Korea,1753,1546,1,0,5,-5,1758,1541,22,79,4,0,26,79,20,0,207
16721,May 16 2010,Friendly in Mexico,Mexico,Chile,1891,1877,1,0,7,-7,1898,1870,7,13,1,-1,8,12,20,100,114
16722,May 16 2010,Friendly in South Africa,South Africa,Thailand,1549,1452,4,0,9,-9,1558,1443,70,104,4,-4,74,100,20,100,197
16723,May 16 2010,Friendly in South Korea,South Korea,Ecuador,1755,1727,2,0,10,-10,1765,1717,19,40,5,-2,24,38,20,100,128
16724,May 18 2010,Friendly tournament in Yemen,Yemen,Oman,1293,1587,0,1,-7,7,1286,1594,134,59,0,1,134,60,30,100,-194
16725,May 19 2010,Friendly in Austria,Austria,Croatia,1601,1893,0,1,-5,5,1596,1898,60,7,-2,1,58,8,20,100,-192
16726,May 19 2010,Friendly in Belgium,Belgium,Bulgaria,1582,1743,2,1,12,-12,1594,1731,55,36,5,-2,60,34,20,100,-61
16727,May 19 2010,Friendly tournament in France,Gabon,Togo,1561,1463,3,0,19,-19,1580,1444,59,104,7,-6,66,98,30,0,98
16728,May 20 2010,Friendly in Aruba,Aruba,Venezuela,908,1729,0,3,-1,1,907,1730,198,35,0,0,198,35,20,100,-721
16729,May 20 2010,Friendly tournament in Yemen,Yemen,Burkina Faso,1286,1479,2,2,4,-4,1290,1475,134,90,0,0,134,90,30,100,-93
16730,May 21 2010,Friendly in Estonia,Estonia,Finland,1443,1669,2,0,20,-20,1463,1649,84,54,8,-3,92,51,20,100,-126
16731,May 21 2010,Friendly in Austria,Saudi Arabia,DR Congo,1683,1425,2,0,6,-6,1689,1419,42,109,0,-1,42,108,20,0,258
16732,May 22 2010,Friendly tournament in Yemen,Oman,Burkina Faso,1594,1475,2,0,15,-15,1609,1460,50,94,5,-2,55,92,30,0,119
16733,May 22 2010,Friendly in the United States,Turkey,Czechia,1794,1739,2,1,8,-8,1802,1731,16,34,1,-1,17,33,20,0,55
16734,May 23 2010,Friendly in Croatia,Croatia,Wales,1898,1598,2,0,3,-3,1901,1595,8,60,0,-1,8,59,20,100,400
16735,May 24 2010,Friendly in Argentina,Argentina,Canada,1917,1599,5,0,3,-3,1920,1596,7,57,0,0,7,57,20,100,418
16736,May 24 2010,Friendly in Australia,Australia,New Zealand,1779,1526,2,1,2,-2,1781,1524,24,83,-1,0,23,83,20,100,353
16737,May 24 2010,Friendly in England,England,Mexico,1991,1898,3,1,7,-7,1998,1891,4,9,0,0,4,9,20,100,193
16738,May 24 2010,Friendly in Japan,Japan,South Korea,1722,1765,0,2,-17,17,1705,1782,43,18,-3,3,40,21,20,100,57
16739,May 24 2010,Friendly in Portugal,Portugal,Cape Verde,1877,1364,0,0,-9,9,1868,1373,13,113,-1,2,12,115,20,0,513
16740,May 24 2010,Friendly in South Africa,South Africa,Bulgaria,1558,1731,1,1,2,-2,1560,1729,74,37,0,-2,74,35,20,100,-73
16741,May 25 2010,Friendly in Armenia,Armenia,Uzbekistan,1373,1515,3,1,17,-17,1390,1498,109,90,3,-2,112,88,20,100,-42
16742,May 25 2010,Friendly in Austria,Cameroon,Georgia,1712,1443,0,0,-6,6,1706,1449,38,93,0,4,38,97,20,0,269
16743,May 25 2010,Friendly in Austria,Greece,North Korea,1757,1541,2,2,-6,6,1751,1547,31,79,-1,0,30,79,20,0,216
16744,May 25 2010,Friendly in Ireland,Ireland,Paraguay,1763,1758,2,1,7,-7,1770,1751,23,33,1,-3,24,30,20,100,105
16745,May 25 2010,Friendly in Montenegro,Montenegro,Albania,1657,1506,0,1,-16,16,1641,1522,54,81,-3,3,51,84,20,100,251
16746,May 25 2010,Friendly in Austria,Nigeria,Saudi Arabia,1706,1689,0,0,0,0,1706,1689,37,42,1,0,38,42,20,0,17
16747,May 25 2010,Friendly in Ukraine,Ukraine,Lithuania,1783,1585,4,0,6,-6,1789,1579,18,67,1,-1,19,66,20,100,298
16748,May 25 2010,Friendly in the United States,United States,Czechia,1782,1731,2,4,-21,21,1761,1752,29,25,-4,4,25,29,20,100,151
16749,May 26 2010,Friendly in Austria,Azerbaijan,Moldova,1444,1449,1,1,0,0,1444,1449,100,97,0,0,100,97,20,0,-5
16750,May 26 2010,Friendly in Chile,Chile,Zambia,1870,1562,3,0,3,-3,1873,1559,11,75,0,-1,11,74,20,100,408
16751,May 26 2010,Friendly in Estonia,Estonia,Croatia,1463,1901,0,0,7,-7,1470,1894,89,8,1,0,90,8,20,100,-338
16752,May 26 2010,Friendly in France,France,Costa Rica,1880,1700,2,1,3,-3,1883,1697,10,41,0,0,10,41,20,100,280
16753,May 26 2010,Friendly in Germany,Netherlands,Mexico,2034,1891,2,1,6,-6,2040,1885,3,9,0,0,3,9,20,0,143
16754,May 26 2010,Friendly in the United States,Turkey,Northern Ireland,1802,1568,2,0,6,-6,1808,1562,17,76,0,-4,17,72,20,0,234
16755,May 26 2010,Friendly tournament in Uruguay,Uruguay,Israel,1831,1738,4,1,13,-13,1844,1725,14,37,1,-2,15,35,20,0,93
16756,May 27 2010,Friendly in Austria,Belarus,Honduras,1588,1744,2,2,4,-4,1592,1740,62,32,0,0,62,32,20,0,-156
16757,May 27 2010,Friendly in Denmark,Denmark,Senegal,1798,1568,2,0,4,-4,1802,1564,18,74,0,-3,18,71,20,100,330
16758,May 27 2010,Friendly in South Africa,South Africa,Colombia,1560,1760,2,1,13,-13,1573,1747,61,36,6,-5,67,31,20,100,-100
16759,May 28 2010,Friendly in Ireland,Ireland,Algeria,1770,1540,3,0,5,-5,1775,1535,22,82,1,-1,23,81,20,100,330
16760,May 29 2010,Friendly in Austria,Cameroon,Slovakia,1706,1654,1,1,-1,1,1705,1655,40,48,-1,0,39,48,20,0,52
16761,May 29 2010,Friendly in Hungary,Hungary,Germany,1615,1948,0,3,-7,7,1608,1955,57,4,-2,1,55,5,20,100,-233
16762,May 29 2010,Friendly in Iceland,Iceland,Andorra,1465,1026,4,0,2,-2,1467,1024,91,184,0,0,91,184,20,100,539
16763,May 29 2010,Friendly in Austria,Macedonia,Azerbaijan,1586,1444,3,1,9,-9,1595,1435,54,110,5,-5,59,105,20,0,142
16764,May 29 2010,Friendly in Austria,New Zealand,Serbia,1524,1860,1,0,17,-17,1541,1843,77,17,3,-2,80,15,20,0,-336
16765,May 29 2010,Friendly in Norway,Norway,Montenegro,1758,1641,2,1,4,-4,1762,1637,26,51,0,0,26,51,20,100,217
16766,May 29 2010,Friendly in Poland,Poland,Finland,1677,1649,0,0,-4,4,1673,1653,46,48,0,1,46,49,20,100,128
16767,May 29 2010,Friendly in Austria,Spain,Saudi Arabia,2106,1689,3,2,2,-2,2108,1687,0,42,1,0,1,42,20,0,417
16768,May 29 2010,Friendly in Sweden,Sweden,Bosnia and Herzegovina,1785,1650,4,2,6,-6,1791,1644,20,51,0,-1,20,50,20,100,235
16769,May 29 2010,Friendly in Austria,United Arab Emirates,Moldova,1435,1449,3,2,10,-10,1445,1439,93,109,6,-6,99,103,20,0,-14
16770,May 29 2010,Friendly in Ukraine,Ukraine,Romania,1789,1754,3,2,6,-6,1795,1748,19,33,0,-3,19,30,20,100,135
16771,May 29 2010,Friendly in the United States,United States,Turkey,1761,1808,2,1,8,-8,1769,1800,25,19,0,-1,25,18,20,100,53
16772,May 29 2010,Friendly in Venezuela,Venezuela,Canada,1730,1596,1,1,-6,6,1724,1602,39,57,-3,0,36,57,20,100,234
16773,May 30 2010,Friendly in Austria,Belarus,South Korea,1592,1782,1,0,15,-15,1607,1767,49,29,7,-4,56,25,20,0,-190
16774,May 30 2010,Friendly in Chile,Chile,Northern Ireland,1873,1562,1,0,2,-2,1875,1560,9,73,1,0,10,73,20,100,411
16775,May 30 2010,Friendly in Chile,Chile,Israel,1875,1725,3,0,7,-7,1882,1718,9,38,1,-2,10,36,20,100,250
16776,May 30 2010,Friendly in England,Colombia,Nigeria,1747,1706,1,1,-1,1,1746,1707,31,38,0,0,31,38,20,0,41
16777,May 30 2010,Friendly in Austria,England,Japan,1998,1705,2,1,3,-3,2001,1702,4,41,0,-1,4,40,20,0,293
16778,May 30 2010,Friendly in France,Ivory Coast,Paraguay,1725,1751,2,2,1,-1,1726,1750,34,30,0,-1,34,29,20,0,-26
16779,May 30 2010,Friendly in Germany,Mexico,Gambia,1885,1412,5,1,2,-2,1887,1410,9,110,0,0,9,110,20,0,473
16780,May 30 2010,Friendly in Tunisia,Tunisia,France,1613,1883,1,1,5,-5,1618,1878,53,12,0,-1,53,11,20,100,-170
16781,May 31 2010,Friendly in Grenada,Grenada,Martinique,1252,1374,2,2,1,-1,1253,1373,143,115,0,0,143,115,20,100,-22
16782,May 31 2010,Friendly in South Africa,South Africa,Guatemala,1573,1437,5,0,8,-8,1581,1429,63,108,2,-2,65,106,20,100,236
16783,Jun 1 2010,Friendly in South Africa,Australia,Denmark,1781,1802,1,0,11,-11,1792,1791,17,23,2,-3,19,20,20,0,-21
16784,Jun 1 2010,Friendly in the Netherlands,Netherlands,Ghana,2040,1683,4,1,2,-2,2042,1681,3,43,0,0,3,43,20,100,457
16785,Jun 1 2010,Friendly in Portugal,Portugal,Cameroon,1868,1705,3,1,5,-5,1873,1700,12,43,0,-2,12,41,20,100,263
16786,Jun 1 2010,Friendly in Switzerland,Switzerland,Costa Rica,1774,1697,0,1,-15,15,1759,1712,29,35,-3,3,26,38,20,100,177
16787,Jun 2 2010,Friendly in Albania,Albania,Andorra,1522,1024,1,0,1,-1,1523,1023,84,184,0,0,84,184,20,0,498
16788,Jun 2 2010,Friendly in Austria,Azerbaijan,Honduras,1435,1740,0,0,7,-7,1442,1733,100,32,2,0,102,32,20,0,-305
16789,Jun 2 2010,Friendly in Belarus,Belarus,Sweden,1607,1791,0,1,-8,8,1599,1799,62,18,-3,1,59,19,20,100,-84
16790,Jun 2 2010,Friendly in Austria,Macedonia,Romania,1595,1748,1,0,14,-14,1609,1734,48,32,6,-1,54,31,20,0,-153
16791,Jun 2 2010,Friendly in Norway,Norway,Ukraine,1762,1795,0,1,-12,12,1750,1807,31,16,-3,1,28,17,20,100,67
16792,Jun 2 2010,Friendly in Switzerland,Paraguay,Greece,1750,1751,2,0,15,-15,1765,1736,21,32,4,-2,25,30,20,0,-1
16793,Jun 2 2010,Friendly in Austria,Poland,Serbia,1673,1843,0,0,5,-5,1678,1838,46,15,0,0,46,15,20,0,-170
16794,Jun 2 2010,Friendly in Zimbabwe,Zimbabwe,Brazil,1335,2108,0,3,-1,1,1334,2109,121,1,0,0,121,1,20,100,-673
16795,Jun 3 2010,Friendly in Germany,Germany,Bosnia and Herzegovina,1955,1644,3,1,3,-3,1958,1641,5,50,0,0,5,50,20,100,411
16796,Jun 3 2010,Friendly in Belgium,Mexico,Italy,1887,1951,2,1,12,-12,1899,1939,7,6,1,0,8,6,20,0,-64
16797,Jun 3 2010,Friendly in Austria,Spain,South Korea,2108,1767,1,0,2,-2,2110,1765,0,24,1,0,1,24,20,0,341
16798,Jun 4 2010,Friendly in Réunion,China,France,1622,1878,1,0,16,-16,1638,1862,50,13,1,-1,51,12,20,0,-256
16799,Jun 4 2010,Friendly in Switzerland,Ivory Coast,Japan,1726,1702,2,0,14,-14,1740,1688,26,42,4,-1,30,41,20,0,24
16800,Jun 4 2010,Friendly in Luxembourg,Luxembourg,Faroe Islands,1097,1208,0,0,0,0,1097,1208,176,154,0,0,176,154,20,100,-11
16801,Jun 4 2010,Friendly in Slovenia,Slovenia,New Zealand,1681,1541,3,1,6,-6,1687,1535,41,82,1,-1,42,81,20,100,240
16802,Jun 4 2010,Friendly in Sudan,Sudan,Palestine,1334,1178,1,1,-6,6,1328,1184,127,154,-3,3,124,157,20,100,256
16803,Jun 5 2010,Friendly in Germany,Algeria,United Arab Emirates,1535,1445,1,0,7,-7,1542,1438,79,109,1,-5,80,104,20,0,90
16804,Jun 5 2010,Friendly in England,Ghana,Latvia,1681,1563,1,0,7,-7,1688,1556,38,80,3,-4,41,76,20,0,118
16805,Jun 5 2010,Friendly in the Netherlands,Netherlands,Hungary,2042,1608,6,1,2,-2,2044,1606,3,58,0,-1,3,57,20,100,534
16806,Jun 5 2010,Friendly in Austria,Romania,Honduras,1734,1733,3,0,17,-17,1751,1716,24,41,4,-4,28,37,20,0,1
16807,Jun 5 2010,Friendly in Serbia,Serbia,Cameroon,1838,1700,4,3,4,-4,1842,1696,15,40,0,0,15,40,20,100,238
16808,Jun 5 2010,Friendly in Slovakia,Slovakia,Costa Rica,1655,1712,3,0,15,-15,1670,1697,46,40,1,-1,47,39,20,100,43
16809,Jun 5 2010,Friendly in South Africa,South Africa,Denmark,1581,1791,1,0,13,-13,1594,1778,61,21,2,0,63,21,20,100,-110
16810,Jun 5 2010,Friendly in Switzerland,Switzerland,Italy,1759,1939,1,1,2,-2,1761,1937,26,6,0,0,26,6,20,100,-80
16811,Jun 5 2010,Friendly in South Africa,United States,Australia,1769,1792,3,1,16,-16,1785,1776,17,24,3,-2,20,22,20,0,-23
16812,Jun 6 2010,Friendly in South Africa,Nigeria,North Korea,1707,1547,3,1,9,-9,1716,1538,36,81,1,-1,37,80,20,0,160
16813,Jun 7 2010,Friendly in Tanzania,Tanzania,Brazil,1334,2109,1,5,-1,1,1333,2110,125,0,-2,1,123,1,20,100,-675
16814,Jun 8 2010,Friendly in South Africa,Portugal,Mozambique,1873,1376,3,0,2,-2,1875,1374,11,114,0,0,11,114,20,0,497
16815,Jun 8 2010,Friendly in Spain,Spain,Poland,2110,1678,6,0,2,-2,2112,1676,1,46,0,0,1,46,20,100,532
16816,Jun 9 2010,Friendly in South Africa,Chile,New Zealand,1882,1535,2,0,4,-4,1886,1531,10,82,0,0,10,82,20,0,347
16817,Jun 10 2010,Friendly in South Africa,Japan,Zimbabwe,1688,1334,0,0,-8,8,1680,1342,47,121,-3,0,44,121,20,0,354
16818,Jun 11 2010,World Cup in South Africa,France,Uruguay,1862,1844,0,0,-2,2,1860,1846,12,14,0,0,12,14,60,0,18
16819,Jun 11 2010,World Cup in South Africa,South Africa,Mexico,1594,1899,1,1,16,-16,1610,1883,45,12,9,-2,54,10,60,100,-205
16820,Jun 12 2010,World Cup in South Africa,Argentina,Nigeria,1920,1716,1,0,14,-14,1934,1702,7,37,0,0,7,37,60,0,204
16821,Jun 12 2010,World Cup in South Africa,England,United States,2001,1785,1,1,-17,17,1984,1802,4,18,0,1,4,19,60,0,216
16822,Jun 12 2010,World Cup in South Africa,South Korea,Greece,1765,1736,2,0,41,-41,1806,1695,12,48,6,-8,18,40,60,0,29
16823,Jun 13 2010,World Cup in South Africa,Germany,Australia,1958,1776,4,0,29,-29,1987,1747,3,35,1,-6,4,29,60,0,182
16824,Jun 13 2010,World Cup in South Africa,Ghana,Serbia,1688,1842,1,0,42,-42,1730,1800,23,23,9,-4,32,19,60,0,-154
16825,Jun 13 2010,World Cup in South Africa,Slovenia,Algeria,1687,1542,1,0,18,-18,1705,1524,34,87,4,-4,38,83,60,0,145
16826,Jun 14 2010,World Cup in South Africa,Italy,Paraguay,1937,1765,1,1,-14,14,1923,1779,8,20,-1,2,7,22,60,0,172
16827,Jun 14 2010,World Cup in South Africa,Japan,Cameroon,1680,1696,1,0,31,-31,1711,1665,32,55,6,-7,38,48,60,0,-16
16828,Jun 14 2010,World Cup in South Africa,Netherlands,Denmark,2044,1778,2,0,16,-16,2060,1762,3,26,0,-2,3,24,60,0,266
16829,Jun 15 2010,World Cup in South Africa,Brazil,North Korea,2110,1538,2,1,2,-2,2112,1536,0,83,1,-2,1,81,50,0,572
16830,Jun 15 2010,World Cup in South Africa,Ivory Coast,Portugal,1740,1875,0,0,11,-11,1751,1864,23,11,4,0,27,11,60,0,-135
16831,Jun 15 2010,World Cup in South Africa,New Zealand,Slovakia,1531,1670,1,1,11,-11,1542,1659,77,50,2,-2,79,48,60,0,-139
16832,Jun 16 2010,World Cup in South Africa,Chile,Honduras,1886,1716,1,0,16,-16,1902,1700,7,43,1,-3,8,40,60,0,170
16833,Jun 16 2010,World Cup in South Africa,South Africa,Uruguay,1610,1846,0,3,-33,33,1577,1879,80,8,-13,3,67,11,60,100,-136
16834,Jun 16 2010,World Cup in South Africa,Switzerland,Spain,1761,2112,1,0,53,-53,1814,2059,7,5,9,-2,16,3,60,0,-351
16835,Jun 17 2010,World Cup in South Africa,Argentina,South Korea,1934,1806,4,1,34,-34,1968,1772,6,30,0,-6,6,24,60,0,128
16836,Jun 17 2010,World Cup in South Africa,Greece,Nigeria,1695,1702,2,1,31,-31,1726,1671,26,51,8,-6,34,45,60,0,-7
16837,Jun 17 2010,World Cup in South Africa,Mexico,France,1883,1860,2,0,42,-42,1925,1818,4,17,3,-2,7,15,60,0,23
16838,Jun 18 2010,World Cup in South Africa,Algeria,England,1524,1984,0,0,26,-26,1550,1958,75,5,4,0,79,5,60,0,-460
16839,Jun 18 2010,Baltic Cup in Lithuania,Lithuania,Latvia,1579,1556,0,0,-5,5,1574,1561,68,68,-1,4,67,72,30,100,123
16840,Jun 18 2010,World Cup in South Africa,Serbia,Germany,1800,1987,1,0,45,-45,1845,1942,9,8,5,-2,14,6,60,0,-187
16841,Jun 18 2010,World Cup in South Africa,Slovenia,United States,1705,1802,2,2,8,-8,1713,1794,37,24,1,-3,38,21,60,0,-97
16842,Jun 19 2010,World Cup in South Africa,Australia,Ghana,1747,1730,1,1,-1,1,1746,1731,30,32,0,0,30,32,30,0,17
16843,Jun 19 2010,World Cup in South Africa,Denmark,Cameroon,1762,1665,2,1,22,-22,1784,1643,19,51,3,-2,22,49,60,0,97
16844,Jun 19 2010,Baltic Cup in Lithuania,Estonia,Latvia,1470,1561,0,0,4,-4,1474,1557,90,80,0,-4,90,76,30,0,-91
16845,Jun 19 2010,World Cup in South Africa,Netherlands,Japan,2060,1711,1,0,7,-7,2067,1704,2,39,0,0,2,39,60,0,349
16846,Jun 19 2010,Friendly in Niger,Niger,Chad,1261,1255,1,1,-3,3,1258,1258,141,138,-1,2,140,140,20,100,106
16847,Jun 19 2010,Marianas Cup in the Northern Marianas,Northern Mariana Islands,Guam,499,600,1,1,0,0,499,600,229,221,0,0,229,221,20,100,-1
16848,Jun 20 2010,World Cup in South Africa,Brazil,Ivory Coast,2112,1751,3,1,10,-10,2122,1741,1,35,0,-4,1,31,60,0,361
16849,Jun 20 2010,World Cup in South Africa,Italy,New Zealand,1923,1542,1,1,-24,24,1899,1566,10,60,-1,10,9,70,60,0,381
16850,Jun 20 2010,Baltic Cup in Lithuania,Lithuania,Estonia,1574,1474,2,0,11,-11,1585,1463,63,92,2,-1,65,91,20,0,100
16851,Jun 20 2010,World Cup in South Africa,Paraguay,Slovakia,1779,1659,2,0,30,-30,1809,1629,13,57,5,-5,18,52,60,0,120
16852,Jun 20 2010,Friendly in Sudan,Sudan,Tunisia,1328,1618,2,6,-9,9,1319,1627,128,53,-2,0,126,53,20,100,-190
16853,Jun 21 2010,World Cup in South Africa,Chile,Switzerland,1902,1814,1,0,23,-23,1925,1791,6,27,1,-5,7,22,60,0,88
16854,Jun 21 2010,World Cup in South Africa,Portugal,North Korea,1864,1536,7,0,18,-18,1882,1518,10,90,1,-4,11,86,60,0,328
16855,Jun 21 2010,World Cup in South Africa,Spain,Honduras,2059,1700,2,0,10,-10,2069,1690,1,42,1,-1,2,41,60,0,359
16856,Jun 22 2010,World Cup in South Africa,Argentina,Greece,1968,1726,2,0,18,-18,1986,1708,4,42,0,-4,4,38,60,0,242
16857,Jun 22 2010,World Cup in South Africa,Nigeria,South Korea,1671,1772,2,2,8,-8,1679,1764,43,25,1,0,44,25,60,0,-101
16858,Jun 22 2010,World Cup in South Africa,South Africa,France,1577,1818,2,1,42,-42,1619,1776,41,30,13,-7,54,23,60,100,-141
16859,Jun 22 2010,World Cup in South Africa,Uruguay,Mexico,1879,1925,1,0,34,-34,1913,1891,4,15,4,-4,8,11,60,0,-46
16860,Jun 23 2010,World Cup in South Africa,Australia,Serbia,1746,1845,2,1,38,-38,1784,1807,15,18,7,-2,22,16,60,0,-99
16861,Jun 23 2010,World Cup in South Africa,England,Slovenia,1958,1713,1,0,12,-12,1970,1701,5,41,0,-2,5,39,60,0,245
16862,Jun 23 2010,World Cup in South Africa,Germany,Ghana,1942,1731,1,0,14,-14,1956,1717,6,38,0,-3,6,35,60,0,211
16863,Jun 23 2010,World Cup in South Africa,United States,Algeria,1794,1550,1,0,12,-12,1806,1538,16,80,2,0,18,80,60,0,244
16864,Jun 24 2010,World Cup in South Africa,Japan,Denmark,1704,1784,3,1,55,-55,1759,1729,14,42,12,-10,26,32,60,0,-80
16865,Jun 24 2010,World Cup in South Africa,Netherlands,Cameroon,2067,1643,2,1,5,-5,2072,1638,1,52,1,-2,2,50,60,0,424
16866,Jun 24 2010,World Cup in South Africa,New Zealand,Paraguay,1566,1809,0,0,18,-18,1584,1791,64,25,3,-5,67,20,60,0,-243
16867,Jun 24 2010,World Cup in South Africa,Slovakia,Italy,1629,1899,3,2,50,-50,1679,1849,36,15,8,-3,44,12,60,0,-270
16868,Jun 25 2010,World Cup in South Africa,Brazil,Portugal,2122,1882,0,0,-18,18,2104,1900,1,7,0,2,1,9,60,0,240
16869,Jun 25 2010,World Cup in South Africa,Honduras,Switzerland,1690,1791,0,0,8,-8,1698,1783,39,24,1,-2,40,22,60,0,-101
16870,Jun 25 2010,World Cup in South Africa,Ivory Coast,North Korea,1741,1518,3,0,23,-23,1764,1495,19,90,6,-2,25,88,60,0,223
16871,Jun 25 2010,World Cup in South Africa,Spain,Chile,2069,1925,2,1,18,-18,2087,1907,1,9,1,-1,2,8,60,0,144
16872,Jun 26 2010,Friendly in China,China,Tajikistan,1638,1274,4,0,2,-2,1640,1272,50,136,0,0,50,136,20,100,464
16873,Jun 26 2010,World Cup in South Africa,Ghana,United States,1717,1806,2,1,38,-38,1755,1768,18,31,9,-7,27,24,60,0,-89
16874,Jun 26 2010,World Cup in South Africa,Uruguay,South Korea,1913,1764,2,1,18,-18,1931,1746,7,37,0,-6,7,31,60,0,149
16875,Jun 27 2010,World Cup in South Africa,Argentina,Mexico,1986,1891,3,1,33,-33,2019,1858,4,11,0,0,4,11,60,0,95
16876,Jun 27 2010,World Cup in South Africa,Germany,England,1956,1970,4,1,55,-55,2011,1915,4,9,1,-2,5,7,60,0,-14
16877,Jun 28 2010,World Cup in South Africa,Brazil,Chile,2104,1907,3,0,26,-26,2130,1881,1,12,0,-2,1,10,60,0,197
16878,Jun 28 2010,World Cup in South Africa,Netherlands,Slovakia,2072,1679,2,1,6,-6,2078,1673,3,48,0,-2,3,46,60,0,393
16879,Jun 29 2010,World Cup in South Africa,Japan,Paraguay,1759,1791,0,0,3,-3,1762,1788,26,19,0,0,26,19,60,0,-32
16880,Jun 29 2010,World Cup in South Africa,Spain,Portugal,2087,1900,1,0,15,-15,2102,1885,2,10,0,-1,2,9,60,0,187
16881,Jul 1 2010,African Nations Cup qualifier in Chad,Chad,Togo,1258,1444,2,2,5,-5,1263,1439,138,105,1,-3,139,102,20,0,-186
16882,Jul 1 2010,African Nations Cup qualifier in Tunisia,Tunisia,Botswana,1627,1311,0,1,-37,37,1590,1348,75,111,-11,9,64,120,40,100,416
16883,Jul 2 2010,World Cup in South Africa,Ghana,Uruguay,1755,1931,1,1,14,-14,1769,1917,21,6,3,0,24,6,60,0,-176
16884,Jul 2 2010,World Cup in South Africa,Netherlands,Brazil,2078,2130,2,1,34,-34,2112,2096,-1,5,2,-2,1,3,60,0,-52
16885,Jul 3 2010,World Cup in South Africa,Germany,Argentina,2011,2019,4,0,58,-58,2069,1961,3,6,1,-1,4,5,60,0,-8
16886,Jul 3 2010,World Cup in South Africa,Spain,Paraguay,2102,1788,1,0,8,-8,2110,1780,2,23,0,-2,2,21,60,0,314
16887,Jul 3 2010,Friendly in Saint Martin,Saint Martin,Saint Barthélemy,935,700,3,0,4,-4,939,696,191,217,0,0,191,217,20,100,335
16888,Jul 6 2010,World Cup in South Africa,Netherlands,Uruguay,2112,1917,3,2,15,-15,2127,1902,1,8,0,-1,1,7,60,0,195
16889,Jul 7 2010,World Cup in South Africa,Spain,Germany,2110,2069,1,0,26,-26,2136,2043,0,4,1,0,1,4,60,0,41
16890,Jul 9 2010,African Nations Cup qualifier in Botswana,Botswana,Chad,1348,1263,1,0,10,-10,1358,1253,118,145,1,-3,119,142,40,100,185
16891,Jul 9 2010,African Nations Cup qualifier in Togo,Togo,Malawi,1439,1362,1,1,-9,9,1430,1371,108,118,-3,0,105,118,40,100,177
16892,Jul 10 2010,World Cup in South Africa,Germany,Uruguay,2043,1902,3,2,18,-18,2061,1884,4,11,0,-2,4,9,60,0,141
16893,Jul 11 2010,World Cup in South Africa,Spain,Netherlands,2136,2127,1,0,29,-29,2165,2098,1,2,0,0,1,2,60,0,9
16894,Jul 21 2010,Friendly in Trinidad and Tobago,Trinidad and Tobago,Antigua and Barbuda,1538,1240,4,1,3,-3,1541,1237,80,149,0,-2,80,147,20,100,398
16895,Aug 4 2010,Friendly in Botswana,Botswana,Zimbabwe,1358,1342,2,0,10,-10,1368,1332,119,126,0,-2,119,124,20,100,116
16896,Aug 8 2010,Friendly in Anguilla,Anguilla,Saint Martin,547,939,1,3,-5,5,542,944,228,191,0,0,228,191,20,100,-292
16897,Aug 10 2010,Friendly in Bosnia and Herzegovina,Bosnia and Herzegovina,Qatar,1641,1520,1,1,-6,6,1635,1526,55,82,-3,1,52,83,20,100,221
16898,Aug 10 2010,Friendly in England,Ivory Coast,Italy,1764,1849,1,0,12,-12,1776,1837,18,14,4,-1,22,13,20,0,-85
16899,Aug 10 2010,Friendly in the United States,United States,Brazil,1768,2096,0,2,-6,6,1762,2102,27,1,-1,1,26,2,20,100,-228
16900,Aug 11 2010,Friendly in Albania,Albania,Uzbekistan,1523,1498,1,0,7,-7,1530,1491,78,91,3,-2,81,89,20,100,125
16901,Aug 11 2010,Friendly in Algeria,Algeria,Gabon,1538,1580,1,2,-12,12,1526,1592,83,56,-1,6,82,62,20,100,58
16902,Aug 11 2010,Friendly in Armenia,Armenia,Iran,1390,1670,1,3,-8,8,1382,1678,112,39,0,4,112,43,20,100,-180
16903,Aug 11 2010,Friendly in Austria,Austria,Switzerland,1596,1783,0,1,-8,8,1588,1791,66,18,-3,1,63,19,20,100,-87
16904,Aug 11 2010,Friendly in Azerbaijan,Azerbaijan,Kuwait,1442,1519,1,1,-1,1,1441,1520,102,85,-1,0,101,85,20,100,23
16905,Aug 11 2010,Friendly in Benin,Benin,Niger,1423,1258,0,0,-6,6,1417,1264,107,138,0,1,107,139,20,100,265
16906,Aug 11 2010,Friendly in Bolivia,Bolivia,Colombia,1595,1746,1,1,1,-1,1596,1745,59,31,1,0,60,31,20,100,-51
16907,Aug 11 2010,Friendly in France,Burkina Faso,Congo,1460,1417,3,0,15,-15,1475,1402,90,111,1,-1,91,110,20,0,43
16908,Aug 11 2010,African Nations Cup qualifier in Chad,Chad,Tunisia,1253,1590,1,3,-12,12,1241,1602,146,50,-2,7,144,57,40,100,-237
16909,Aug 11 2010,Friendly in China,China,Bahrain,1640,1530,1,1,-5,5,1635,1535,53,76,-2,3,51,79,20,100,210
16910,Aug 11 2010,Friendly in Cyprus,Cyprus,Andorra,1558,1023,1,0,1,-1,1559,1022,73,186,1,-1,74,185,20,0,535
16911,Aug 11 2010,Friendly in Czechia,Czechia,Latvia,1752,1557,4,1,5,-5,1757,1552,30,75,-1,1,29,76,20,100,295
16912,Aug 11 2010,Friendly in Denmark,Denmark,Germany,1729,2061,2,2,6,-6,1735,2055,33,4,0,0,33,4,20,100,-232
16913,Aug 11 2010,Friendly in Egypt,Egypt,DR Congo,1833,1419,6,3,2,-2,1835,1417,14,106,0,1,14,107,20,100,514
16914,Aug 11 2010,Friendly in England,England,Hungary,1915,1606,2,1,2,-2,1917,1604,6,55,0,1,6,56,20,100,409
16915,Aug 11 2010,European Championship qual in Estonia,Estonia,Faroe Islands,1463,1208,2,1,5,-5,1468,1203,93,156,-1,-1,92,155,40,100,355
16916,Aug 11 2010,Friendly in Finland,Finland,Belgium,1653,1594,1,0,6,-6,1659,1588,48,63,0,0,48,63,20,100,159
16917,Aug 11 2010,Friendly in France,Guinea,Mali,1460,1551,2,0,19,-19,1479,1532,88,81,2,-1,90,80,20,0,-91
16918,Aug 11 2010,Friendly in Iceland,Iceland,Liechtenstein,1467,1158,1,1,-8,8,1459,1166,96,157,-3,6,93,163,20,100,409
16919,Aug 11 2010,Friendly in Ireland,Ireland,Argentina,1775,1961,0,1,-8,8,1767,1969,24,5,0,0,24,5,20,100,-86
16920,Aug 11 2010,Friendly in Kazakhstan,Kazakhstan,Oman,1334,1609,3,1,22,-22,1356,1587,118,76,2,-11,120,65,20,100,-175
16921,Aug 11 2010,Friendly in Lithuania,Lithuania,Belarus,1585,1599,0,2,-19,19,1566,1618,78,51,-6,4,72,55,20,100,86
16922,Aug 11 2010,African Nations Cup qualifier in Malawi,Malawi,Botswana,1371,1368,1,1,-6,6,1365,1374,120,111,-1,4,119,115,40,100,103
16923,Aug 11 2010,Friendly in Malta,Malta,Macedonia,1216,1609,1,1,7,-7,1223,1602,149,60,1,-3,150,57,20,100,-293
16924,Aug 11 2010,Friendly in Mauritania,Mauritania,Palestine,1149,1184,0,0,-2,2,1147,1186,171,157,0,0,171,157,20,100,65
16925,Aug 11 2010,Friendly in Mexico,Mexico,Spain,1858,2165,1,1,5,-5,1863,2160,11,1,0,0,11,1,20,100,-207
16926,Aug 11 2010,Friendly in Moldova,Moldova,Georgia,1439,1449,0,0,-3,3,1436,1452,104,95,-1,1,103,96,20,100,90
16927,Aug 11 2010,Friendly in Montenegro,Montenegro,Northern Ireland,1637,1560,2,0,8,-8,1645,1552,49,79,1,-3,50,76,20,100,177
16928,Aug 11 2010,Friendly in Morocco,Morocco,Equatorial Guinea,1569,1211,2,1,1,-1,1570,1210,69,152,0,0,69,152,20,100,458
16929,Aug 11 2010,Friendly in Mozambique,Mozambique,Swaziland,1374,1169,2,1,3,-3,1377,1166,114,163,0,0,114,163,20,100,305
16930,Aug 11 2010,Friendly in Norway,Norway,France,1750,1776,2,1,8,-8,1758,1768,24,24,3,-1,27,23,20,100,74
16931,Aug 11 2010,Friendly in Panama,Panama,Venezuela,1566,1724,3,1,17,-17,1583,1707,65,43,3,-4,68,39,20,100,-58
16932,Aug 11 2010,Friendly in Paraguay,Paraguay,Costa Rica,1780,1697,2,0,8,-8,1788,1689,19,41,1,0,20,41,20,100,183
16933,Aug 11 2010,Friendly in Poland,Poland,Cameroon,1676,1638,0,3,-24,24,1652,1662,53,44,-4,3,49,47,20,100,138
16934,Aug 11 2010,Friendly in Russia,Russia,Bulgaria,1848,1729,1,0,4,-4,1852,1725,12,35,0,-1,12,34,20,100,219
16935,Aug 11 2010,Friendly in Saudi Arabia,Saudi Arabia,Togo,1687,1430,1,0,2,-2,1689,1428,40,107,1,-1,41,106,20,100,357
16936,Aug 11 2010,Friendly in Senegal,Senegal,Cape Verde,1564,1373,1,0,3,-3,1567,1370,70,121,1,-3,71,118,20,100,291
16937,Aug 11 2010,Friendly in Serbia,Serbia,Greece,1807,1708,0,1,-15,15,1792,1723,21,32,-3,3,18,35,20,100,199
16938,Aug 11 2010,Friendly in Slovakia,Slovakia,Croatia,1673,1894,1,1,3,-3,1676,1891,42,7,2,0,44,7,20,100,-121
16939,Aug 11 2010,Friendly in Slovenia,Slovenia,Australia,1701,1784,2,0,14,-14,1715,1770,37,25,1,-3,38,22,20,100,17
16940,Aug 11 2010,Friendly in South Africa,South Africa,Ghana,1619,1769,1,0,11,-11,1630,1758,53,29,0,-2,53,27,20,100,-50
16941,Aug 11 2010,Friendly in South Korea,South Korea,Nigeria,1746,1679,2,1,6,-6,1752,1673,29,46,1,-1,30,45,20,100,167
16942,Aug 11 2010,Friendly in Sweden,Sweden,Scotland,1799,1680,3,0,8,-8,1807,1672,16,49,1,-3,17,46,20,100,219
16943,Aug 11 2010,Friendly in Tanzania,Tanzania,Kenya,1333,1318,1,1,-3,3,1330,1321,125,126,-1,1,124,127,20,100,115
16944,Aug 11 2010,Friendly in Thailand,Thailand,Singapore,1443,1351,1,0,5,-5,1448,1346,99,122,0,-1,99,121,20,100,192
16945,Aug 11 2010,Friendly in Trinidad and Tobago,Trinidad and Tobago,Jamaica,1541,1607,1,3,-16,16,1525,1623,88,52,-4,2,84,54,20,100,34
16946,Aug 11 2010,Friendly in Turkey,Turkey,Romania,1800,1751,2,0,9,-9,1809,1742,15,35,1,-3,16,32,20,100,149
16947,Aug 11 2010,Friendly in Uganda,Uganda,Zambia,1555,1559,1,1,-3,3,1552,1562,74,72,2,1,76,73,20,100,96
16948,Aug 11 2010,Friendly in Ukraine,Ukraine,Netherlands,1807,2098,1,1,5,-5,1812,2093,15,3,0,0,15,3,20,100,-191
16949,Aug 11 2010,Friendly in Portugal,Uruguay,Angola,1884,1451,2,0,2,-2,1886,1449,7,98,1,-1,8,97,20,0,433
16950,Aug 11 2010,Friendly in Wales,Wales,Luxembourg,1595,1097,5,1,1,-1,1596,1096,59,176,1,0,60,176,20,100,598
16951,Aug 18 2010,Friendly in Ethiopia,Ethiopia,Kenya,1300,1321,0,3,-21,21,1279,1342,137,119,-2,4,135,123,20,100,79
16952,Aug 20 2010,Friendly in Madagascar,Madagascar,Mayotte,1270,1126,0,0,-6,6,1264,1132,139,172,-1,1,138,173,20,100,244
16953,Aug 26 2010,Friendly in Saint Lucia,Saint Lucia,Martinique,1129,1373,1,3,-9,9,1120,1382,176,108,-1,4,175,112,20,100,-144
16954,Aug 28 2010,Friendly in Saint Kitts and Nevis,Saint Kitts and Nevis,Antigua and Barbuda,1164,1237,1,1,-1,1,1163,1238,171,147,-3,0,168,147,20,100,27
16955,Aug 28 2010,Friendly in Saint Lucia,Saint Lucia,Martinique,1120,1382,1,1,4,-4,1124,1378,175,116,0,-2,175,114,20,100,-162
16956,Aug 29 2010,Friendly in Ethiopia,Ethiopia,Chad,1279,1241,1,0,6,-6,1285,1235,135,150,0,-3,135,147,20,100,138
16957,Aug 29 2010,Friendly in Madagascar,Madagascar,Comoros,1264,867,1,0,1,-1,1265,866,136,204,1,0,137,204,20,100,497
16958,Sep 2 2010,European Championship qual in Israel,Israel,Malta,1718,1223,3,1,2,-2,1720,1221,36,152,0,-1,36,151,20,0,495
16959,Sep 3 2010,African Nations Cup qualifier in Algeria,Algeria,Tanzania,1526,1330,1,1,-14,14,1512,1344,88,121,-3,2,85,123,40,100,296
16960,Sep 3 2010,European Championship qual in Andorra,Andorra,Russia,1022,1852,0,2,-1,1,1021,1853,185,12,0,0,185,12,30,100,-730
16961,Sep 3 2010,European Championship qual in Armenia,Armenia,Ireland,1382,1767,0,1,-6,6,1376,1773,118,20,-3,2,115,22,40,100,-285
16962,Sep 3 2010,European Championship qual in Belgium,Belgium,Germany,1588,2055,0,1,-4,4,1584,2059,69,4,-3,0,66,4,40,100,-367
16963,Sep 3 2010,Friendly in China,China,Iran,1635,1678,0,2,-17,17,1618,1695,59,35,-4,4,55,39,20,100,57
16964,Sep 3 2010,European Championship qual in England,England,Bulgaria,1917,1725,4,0,12,-12,1929,1713,6,38,0,-2,6,36,40,100,292
16965,Sep 3 2010,European Championship qual in Estonia,Estonia,Italy,1468,1837,1,2,-7,7,1461,1844,96,13,-2,0,94,13,40,100,-269
16966,Sep 3 2010,European Championship qual in the Faroe Islands,Faroe Islands,Serbia,1203,1792,0,3,-4,4,1199,1796,155,18,0,0,155,18,40,100,-489
16967,Sep 3 2010,European Championship qual in France,France,Belarus,1768,1618,0,1,-32,32,1736,1650,39,45,-8,5,31,50,40,100,250
16968,Sep 3 2010,European Championship qual in Greece,Greece,Georgia,1723,1452,1,1,-16,16,1707,1468,39,90,-2,3,37,93,40,100,371
16969,Sep 3 2010,European Championship qual in Iceland,Iceland,Norway,1459,1758,1,2,-10,10,1449,1768,101,21,-4,3,97,24,40,100,-199
16970,Sep 3 2010,European Championship qual in Kazakhstan,Kazakhstan,Turkey,1356,1809,0,3,-8,8,1348,1817,120,14,0,1,120,15,40,100,-353
16971,Sep 3 2010,Friendly in Kuwait,Kuwait,Syria,1520,1568,3,0,15,-15,1535,1553,77,82,4,-6,81,76,20,100,52
16972,Sep 3 2010,European Championship qual in Latvia,Latvia,Croatia,1552,1891,0,3,-14,14,1538,1905,82,7,-3,0,79,7,40,100,-239
16973,Sep 3 2010,European Championship qual in Liechtenstein,Liechtenstein,Spain,1166,2160,0,4,0,0,1166,2160,163,1,0,0,163,1,20,0,-994
16974,Sep 3 2010,European Championship qual in Lithuania,Lithuania,Scotland,1566,1672,0,0,0,0,1566,1672,74,46,-1,0,73,46,20,100,-6
16975,Sep 3 2010,European Championship qual in Luxembourg,Luxembourg,Bosnia and Herzegovina,1096,1635,0,3,-5,5,1091,1640,178,51,-1,0,177,51,40,100,-439
16976,Sep 3 2010,European Championship qual in Moldova,Moldova,Finland,1436,1659,2,0,40,-40,1476,1619,79,60,12,-6,91,54,40,100,-123
16977,Sep 3 2010,European Championship qual in Montenegro,Montenegro,Wales,1645,1596,1,0,12,-12,1657,1584,46,72,2,-6,48,66,40,100,149
16978,Sep 3 2010,Friendly in Qatar,Oman,Malaysia,1587,1179,3,0,3,-3,1590,1176,59,161,3,-1,62,160,20,0,408
16979,Sep 3 2010,Friendly in Panama,Panama,Costa Rica,1583,1689,2,2,0,0,1583,1689,70,39,-1,1,69,40,20,100,-6
16980,Sep 3 2010,European Championship qual in Portugal,Portugal,Cyprus,1885,1559,4,4,-17,17,1868,1576,11,66,-1,4,10,70,40,100,426
16981,Sep 3 2010,Friendly in Qatar,Qatar,Bahrain,1526,1535,1,1,-3,3,1523,1538,86,79,-2,0,84,79,20,100,91
16982,Sep 3 2010,European Championship qual in Romania,Romania,Albania,1742,1530,1,1,-14,14,1728,1544,34,75,-1,3,33,78,40,100,312
16983,Sep 3 2010,European Championship qual in San Marino,San Marino,Netherlands,912,2093,0,5,0,0,912,2093,197,3,0,0,197,3,20,0,-1181
16984,Sep 3 2010,European Championship qual in Slovakia,Slovakia,Macedonia,1676,1602,1,0,11,-11,1687,1591,42,65,1,-4,43,61,40,100,174
16985,Sep 3 2010,European Championship qual in Slovenia,Slovenia,Northern Ireland,1715,1552,0,1,-33,33,1682,1585,50,54,-6,11,44,65,40,100,263
16986,Sep 3 2010,European Championship qual in Sweden,Sweden,Hungary,1807,1604,2,0,9,-9,1816,1595,15,62,1,-3,16,59,40,100,303
16987,Sep 3 2010,Friendly in Switzerland,Switzerland,Australia,1791,1770,0,0,-3,3,1788,1773,19,22,0,0,19,22,20,100,121
16988,Sep 3 2010,Friendly in Venezuela,Venezuela,Colombia,1707,1745,0,2,-18,18,1689,1763,41,19,-1,6,40,25,20,100,62
16989,Sep 4 2010,African Nations Cup qualifier in Botswana,Botswana,Togo,1374,1428,2,1,17,-17,1391,1411,108,112,4,-3,112,109,30,0,-54
16990,Sep 4 2010,Friendly in Canada,Canada,Peru,1602,1587,0,2,-20,20,1582,1607,82,48,-13,8,69,56,20,100,115
16991,Sep 4 2010,African Nations Cup qualifier in Cape Verde,Cape Verde,Mali,1370,1532,1,0,24,-24,1394,1508,104,90,7,-4,111,86,40,100,-62
16992,Sep 4 2010,Friendly tournament in the United States,El Salvador,Honduras,1501,1698,2,2,8,-8,1509,1690,84,40,1,-1,85,39,30,0,-197
16993,Sep 4 2010,African Nations Cup qualifier in The Gambia,Gambia,Namibia,1410,1324,3,1,15,-15,1425,1309,103,138,3,-6,106,132,40,100,186
16994,Sep 4 2010,Friendly in the United States,Guatemala,Nicaragua,1429,1080,5,0,5,-5,1434,1075,101,179,2,0,103,179,20,0,349
16995,Sep 4 2010,African Nations Cup qualifier in Guinea-Bissau,Guinea-Bissau,Kenya,1246,1342,1,0,20,-20,1266,1322,131,130,6,-3,137,127,40,100,4
16996,Sep 4 2010,African Nations Cup qualifier in Ivory Coast,Ivory Coast,Rwanda,1776,1402,3,0,4,-4,1780,1398,19,110,1,0,20,110,20,0,374
16997,Sep 4 2010,Friendly in Japan,Japan,Paraguay,1762,1788,1,0,8,-8,1770,1780,22,21,2,-1,24,20,20,100,74
16998,Sep 4 2010,African Nations Cup qualifier in Mauritius,Mauritius,Cameroon,1035,1662,1,3,-3,3,1032,1665,183,47,0,0,183,47,40,100,-527
16999,Sep 4 2010,Friendly in Mexico,Mexico,Ecuador,1863,1717,1,2,-16,16,1847,1733,13,31,-1,2,12,33,20,100,246
17000,Sep 4 2010,African Nations Cup qualifier in Morocco,Morocco,Central African Republic,1570,1182,0,0,-18,18,1552,1200,83,152,-6,3,77,155,40,100,488
17001,Sep 4 2010,Friendly in Poland,Poland,Ukraine,1652,1812,1,1,2,-2,1654,1810,49,17,0,0,49,17,20,100,-60
17002,Sep 4 2010,African Nations Cup qualifier in South Africa,South Africa,Niger,1630,1264,2,0,4,-4,1634,1260,52,143,0,-2,52,141,40,100,466
17003,Sep 4 2010,African Nations Cup qualifier in Sudan,Sudan,Congo,1319,1402,2,0,29,-29,1348,1373,112,126,8,-8,120,118,40,100,17
17004,Sep 4 2010,Friendly in Thailand,Thailand,India,1448,1174,1,0,2,-2,1450,1172,94,162,3,0,97,162,20,100,374
17005,Sep 4 2010,African Nations Cup qualifier in Tunisia,Tunisia,Malawi,1602,1365,2,2,-15,15,1587,1380,70,107,-7,6,63,113,40,100,337
17006,Sep 4 2010,African Nations Cup qualifier in Uganda,Uganda,Angola,1552,1449,3,0,17,-17,1569,1432,65,111,6,-7,71,104,40,100,203
17007,Sep 5 2010,African Nations Cup qualifier in Benin,Benin,Burundi,1417,1191,1,1,-15,15,1402,1206,109,151,-1,3,108,154,40,100,326
17008,Sep 5 2010,Friendly in France,Burkina Faso,Gabon,1475,1592,1,1,3,-3,1478,1589,90,65,1,-3,91,62,20,0,-117
17009,Sep 5 2010,African Nations Cup qualifier in the Dem Rep of the Congo,DR Congo,Senegal,1417,1567,2,4,-26,26,1391,1593,115,46,-4,13,111,59,40,100,-50
17010,Sep 5 2010,African Nations Cup qualifier in Egypt,Egypt,Sierra Leone,1835,1265,1,1,-19,19,1816,1284,16,132,-1,3,15,135,40,0,570
17011,Sep 5 2010,African Nations Cup qualifier in Ethiopia,Ethiopia,Guinea,1285,1479,1,4,-26,26,1259,1505,147,84,-6,3,141,87,40,100,-94
17012,Sep 5 2010,Friendly in Jamaica,Jamaica,Costa Rica,1623,1689,1,0,9,-9,1632,1680,53,48,0,-4,53,44,20,100,34
17013,Sep 5 2010,African Nations Cup qualifier in Liberia,Liberia,Zimbabwe,1239,1332,1,1,0,0,1239,1332,144,125,0,0,144,125,20,100,7
17014,Sep 5 2010,African Nations Cup qualifier in Mozambique,Mozambique,Libya,1377,1494,0,0,1,-1,1378,1493,114,90,1,-1,115,89,30,100,-17
17015,Sep 5 2010,African Nations Cup qualifier in Nigeria,Nigeria,Madagascar,1673,1265,2,0,3,-3,1676,1262,45,138,0,0,45,138,20,0,408
17016,Sep 5 2010,African Nations Cup qualifier in Swaziland,Swaziland,Ghana,1166,1758,0,3,-4,4,1162,1762,173,26,-5,1,168,27,40,100,-492
17017,Sep 5 2010,African Nations Cup qualifier in Zambia,Zambia,Comoros,1562,866,4,0,1,-1,1563,865,74,204,0,0,74,204,20,0,696
17018,Sep 7 2010,European Championship qual in Albania,Albania,Luxembourg,1544,1091,1,0,2,-2,1546,1089,78,177,0,0,78,177,30,0,453
17019,Sep 7 2010,Friendly in Argentina,Argentina,Spain,1969,2160,4,1,22,-22,1991,2138,5,1,0,0,5,1,20,100,-91
17020,Sep 7 2010,European Championship qual in Austria,Austria,Kazakhstan,1588,1348,2,0,7,-7,1595,1341,57,128,3,-4,60,124,40,100,340
17021,Sep 7 2010,European Championship qual in Belarus,Belarus,Romania,1650,1728,0,0,-1,1,1649,1729,48,30,1,2,49,32,20,100,22
17022,Sep 7 2010,European Championship qual in Bosnia and Herzegovina,Bosnia and Herzegovina,France,1640,1736,0,2,-30,30,1610,1766,61,19,-5,6,56,25,40,100,4
17023,Sep 7 2010,European Championship qual in Bulgaria,Bulgaria,Montenegro,1713,1657,0,1,-28,28,1685,1685,48,36,-6,6,42,42,40,100,156
17024,Sep 7 2010,Friendly in Canada,Canada,Honduras,1582,1690,2,1,10,-10,1592,1680,56,49,7,-5,63,44,20,100,-8
17025,Sep 7 2010,Friendly in China,China,Paraguay,1618,1780,1,1,2,-2,1620,1778,51,24,2,-2,53,22,20,100,-62
17026,Sep 7 2010,European Championship qual in Croatia,Croatia,Greece,1905,1707,0,0,-14,14,1891,1721,7,33,0,2,7,35,40,100,298
17027,Sep 7 2010,European Championship qual in Czechia,Czechia,Lithuania,1757,1566,0,1,-34,34,1723,1600,39,43,-5,15,34,58,40,100,291
17028,Sep 7 2010,European Championship qual in Denmark,Denmark,Iceland,1735,1449,1,0,4,-4,1739,1445,28,104,2,-3,30,101,40,100,386
17029,Sep 7 2010,Friendly in Estonia,Estonia,Uzbekistan,1461,1491,3,3,-2,2,1459,1493,94,86,0,2,94,88,20,100,70
17030,Sep 7 2010,European Championship qual in Georgia,Georgia,Israel,1468,1720,0,0,8,-8,1476,1712,91,39,1,-2,92,37,40,100,-152
17031,Sep 7 2010,European Championship qual in Germany,Germany,Azerbaijan,2059,1441,6,1,1,-1,2060,1440,4,105,0,-2,4,103,20,0,618
17032,Sep 7 2010,Friendly in the United States,Guatemala,El Salvador,1434,1509,2,0,18,-18,1452,1491,93,95,5,-5,98,90,20,0,-75
17033,Sep 7 2010,European Championship qual in Hungary,Hungary,Moldova,1595,1476,2,1,9,-9,1604,1467,56,94,1,-1,57,93,40,100,219
17034,Sep 7 2010,European Championship qual in Ireland,Ireland,Andorra,1773,1021,3,1,0,0,1773,1021,24,185,-1,0,23,185,20,0,752
17035,Sep 7 2010,European Championship qual in Italy,Italy,Faroe Islands,1844,1199,5,0,1,-1,1845,1198,11,157,1,0,12,157,20,0,645
17036,Sep 7 2010,Friendly in Japan,Japan,Guatemala,1770,1452,2,1,2,-2,1772,1450,24,93,0,5,24,98,20,100,418
17037,Sep 7 2010,European Championship qual in Macedonia,Macedonia,Armenia,1591,1376,2,2,-14,14,1577,1390,82,109,-11,4,71,113,40,100,315
17038,Sep 7 2010,European Championship qual in Malta,Malta,Latvia,1221,1538,0,2,-13,13,1208,1551,155,75,-2,2,153,77,40,100,-217
17039,Sep 7 2010,Friendly in Mexico,Mexico,Colombia,1847,1763,1,0,5,-5,1852,1758,8,32,2,-3,10,29,20,100,184
17040,Sep 7 2010,European Championship qual in the Netherlands,Netherlands,Finland,2093,1619,2,1,1,-1,2094,1618,3,54,0,0,3,54,20,0,474
17041,Sep 7 2010,European Championship qual in Norway,Norway,Portugal,1768,1868,1,0,20,-20,1788,1848,11,12,7,-1,18,11,40,100,0
17042,Sep 7 2010,Friendly in Panama,Panama,Trinidad and Tobago,1583,1525,3,0,10,-10,1593,1515,53,84,8,-1,61,83,20,100,158
17043,Sep 7 2010,Friendly in the United States,Peru,Jamaica,1607,1632,2,1,11,-11,1618,1621,52,51,2,1,54,52,20,0,-25
17044,Sep 7 2010,Friendly in Poland,Poland,Australia,1654,1773,1,2,-9,9,1645,1782,51,18,-1,2,50,20,20,100,-19
17045,Sep 7 2010,Friendly in Qatar,Qatar,Oman,1523,1590,1,1,-1,1,1522,1591,79,67,2,-3,81,64,20,100,33
17046,Sep 7 2010,European Championship qual in Russia,Russia,Slovakia,1853,1687,0,1,-33,33,1820,1720,17,30,-3,6,14,36,40,100,266
17047,Sep 7 2010,European Championship qual in Scotland,Scotland,Liechtenstein,1672,1166,2,1,1,-1,1673,1165,48,163,-1,0,47,163,20,0,506
17048,Sep 7 2010,European Championship qual in Serbia,Serbia,Slovenia,1796,1682,1,1,-11,11,1785,1693,20,37,-1,3,19,40,40,100,214
17049,Sep 7 2010,Friendly in South Korea,South Korea,Iran,1752,1695,0,1,-14,14,1738,1709,32,38,-1,0,31,38,20,100,157
17050,Sep 7 2010,European Championship qual in Sweden,Sweden,San Marino,1816,912,6,0,0,0,1816,912,17,197,-1,0,16,197,20,0,904
17051,Sep 7 2010,European Championship qual in Switzerland,Switzerland,England,1788,1929,1,3,-26,26,1762,1955,33,6,-7,0,26,6,40,100,-41
17052,Sep 7 2010,European Championship qual in Turkey,Turkey,Belgium,1817,1584,3,2,5,-5,1822,1579,12,74,1,-4,13,70,40,100,333
17053,Sep 7 2010,Friendly in the United Arab Emirates,United Arab Emirates,Kuwait,1438,1535,3,0,17,-17,1455,1518,88,83,7,-1,95,82,20,100,3
17054,Sep 7 2010,Friendly in Ukraine,Ukraine,Chile,1810,1881,2,1,9,-9,1819,1872,13,9,2,0,15,9,20,100,29
17055,Sep 7 2010,Friendly in Venezuela,Venezuela,Ecuador,1689,1733,1,0,8,-8,1697,1725,38,33,1,0,39,33,20,100,56
17056,Sep 7 2010,Friendly in Yemen,Yemen,Syria,1290,1553,2,1,14,-14,1304,1539,133,82,0,-3,133,79,20,100,-163
17057,Sep 8 2010,Friendly in India,India,Thailand,1172,1450,1,2,-5,5,1167,1455,162,92,0,3,162,95,20,100,-178
17058,Sep 10 2010,Friendly in Belize,Belize,Trinidad and Tobago,1084,1515,0,0,7,-7,1091,1508,176,85,1,-1,177,84,20,100,-331
17059,Sep 10 2010,Friendly in Saint Lucia,Saint Lucia,St Vincent & Grenadines,1124,1235,1,5,-18,18,1106,1253,175,139,0,4,175,143,20,100,-11
17060,Sep 11 2010,Friendly in French Guiana,French Guiana,Suriname,1210,1239,1,2,-12,12,1198,1251,161,145,-5,0,156,145,20,100,71
17061,Sep 15 2010,Friendly in India,India,Namibia,1167,1309,2,0,17,-17,1184,1292,156,134,3,-1,159,133,20,100,-42
17062,Sep 16 2010,Friendly in Jordan,Jordan,Iraq,1455,1558,4,1,18,-18,1473,1540,91,81,2,-3,93,78,20,100,-3
17063,Sep 17 2010,Friendly in St Vincent & Grenadines,St Vincent & Grenadines,Grenada,1253,1253,0,1,-13,13,1240,1266,147,131,-2,6,145,137,20,100,100
17064,Sep 18 2010,Friendly in Saint Martin,British Virgin Islands,Anguilla,887,542,2,1,2,-2,889,540,199,228,1,0,200,228,20,0,345
17065,Sep 18 2010,Friendly in Yemen,Yemen,Zambia,1304,1563,0,1,-6,6,1298,1569,132,72,0,1,132,73,20,100,-159
17066,Sep 19 2010,Friendly tournament in Antigua and Barbuda,Antigua and Barbuda,Trinidad and Tobago,1238,1508,0,1,-8,8,1230,1516,149,82,-1,1,148,83,30,100,-170
17067,Sep 19 2010,Friendly in Jordan,Jordan,Bahrain,1473,1538,2,0,13,-13,1486,1525,89,80,2,0,91,80,20,100,35
17068,Sep 19 2010,Friendly in Saint Martin,Saint Martin,British Virgin Islands,944,889,3,1,9,-9,953,880,191,202,0,-1,191,201,20,100,155
17069,Sep 19 2010,Friendly in St Vincent & Grenadines,St Vincent & Grenadines,Grenada,1240,1266,0,0,-2,2,1238,1268,147,137,-1,0,146,137,20,100,74
17070,Sep 21 2010,Friendly in Jordan,Iraq,Oman,1540,1591,3,2,11,-11,1551,1580,74,74,2,-5,76,69,20,0,-51
17071,Sep 21 2010,Friendly tournament in Antigua and Barbuda,Trinidad and Tobago,Saint Lucia,1516,1106,3,0,5,-5,1521,1101,81,175,1,0,82,175,30,0,410
17072,Sep 22 2010,French Territory Cup in France,French Guiana,Mayotte,1198,1132,2,2,-3,3,1195,1135,158,173,-1,0,157,173,30,0,66
17073,Sep 22 2010,French Territory Cup in France,Réunion,Saint Pierre and Miquelon,1317,700,11,0,2,-2,1319,698,128,216,0,0,128,216,20,0,617
17074,Sep 23 2010,Friendly tournament in Antigua and Barbuda,Antigua and Barbuda,Saint Lucia,1230,1101,5,0,13,-13,1243,1088,142,181,3,-3,145,178,20,0,129
17075,Sep 23 2010,French Territory Cup in France,Guadeloupe,New Caledonia,1442,1311,1,1,-5,5,1437,1316,104,129,-1,0,103,129,30,0,131
17076,Sep 23 2010,French Territory Cup in France,Martinique,Tahiti,1378,1175,4,1,12,-12,1390,1163,110,170,3,-4,113,166,30,0,203
17077,Sep 24 2010,West Asian Championship in Jordan,Iran,Bahrain,1709,1525,3,0,18,-18,1727,1507,28,90,5,-5,33,85,40,0,184
17078,Sep 24 2010,West Asian Championship in Jordan,Jordan,Syria,1486,1539,1,1,-3,3,1483,1542,91,79,0,0,91,79,40,100,47
17079,Sep 24 2010,Friendly tournament in Vietnam,Vietnam,North Korea,1345,1495,0,0,2,-2,1347,1493,120,87,1,0,121,87,30,100,-50
17080,Sep 25 2010,Friendly in Barbados,Barbados,Dominica,1311,993,0,2,-28,28,1283,1021,140,184,-5,1,135,185,20,100,418
17081,Sep 25 2010,French Territory Cup in France,French Guiana,Saint Pierre and Miquelon,1195,698,7,0,4,-4,1199,694,155,220,1,-2,156,218,30,0,497
17082,Sep 25 2010,West Asian Championship in Jordan,Iraq,Yemen,1551,1298,2,1,8,-8,1559,1290,74,132,1,0,75,132,40,0,253
17083,Sep 25 2010,French Territory Cup in France,Réunion,Mayotte,1319,1135,2,1,8,-8,1327,1127,124,173,2,0,126,173,30,0,184
17084,Sep 26 2010,West Asian Championship in Jordan,Bahrain,Oman,1507,1580,2,0,36,-36,1543,1544,73,87,6,-9,79,78,40,0,-73
17085,Sep 26 2010,Friendly in Barbados,Barbados,Dominica,1283,1021,1,3,-27,27,1256,1048,151,177,-8,4,143,181,20,100,362
17086,Sep 26 2010,French Territory Cup in France,Guadeloupe,Tahiti,1437,1163,1,1,-10,10,1427,1173,107,158,-2,4,105,162,30,0,274
17087,Sep 26 2010,Friendly in Guyana,Guyana,Trinidad and Tobago,1261,1521,1,1,4,-4,1265,1517,136,85,2,-2,138,83,20,100,-160
17088,Sep 26 2010,West Asian Championship in Jordan,Kuwait,Syria,1518,1542,2,1,21,-21,1539,1521,78,85,2,-3,80,82,40,0,-24
17089,Sep 26 2010,French Territory Cup in France,Martinique,New Caledonia,1390,1316,4,0,22,-22,1412,1294,101,131,6,-1,107,130,30,0,74
17090,Sep 27 2010,West Asian Championship in Jordan,Yemen,Palestine,1290,1186,3,1,21,-21,1311,1165,126,166,3,-4,129,162,40,0,104
17091,Sep 28 2010,West Asian Championship in Jordan,Iran,Oman,1727,1544,2,2,-10,10,1717,1554,41,72,-4,3,37,75,30,100,283
17092,Sep 28 2010,West Asian Championship in Jordan,Jordan,Kuwait,1483,1539,2,2,-3,3,1480,1542,91,80,0,0,91,80,40,100,44
17093,Sep 28 2010,French Territory Cup in France,Mayotte,Saint Pierre and Miquelon,1127,694,10,0,6,-6,1133,688,173,220,0,-1,173,219,30,0,433
17094,Sep 28 2010,French Territory Cup in France,Réunion,French Guiana,1327,1199,1,0,10,-10,1337,1189,124,158,1,-1,125,157,30,0,128
17095,Sep 29 2010,French Territory Cup in France,Guadeloupe,Martinique,1427,1412,2,0,22,-22,1449,1390,95,119,5,-6,100,113,30,0,15
17096,Sep 29 2010,West Asian Championship in Jordan,Iraq,Palestine,1559,1165,3,0,7,-7,1566,1158,74,176,0,-7,74,169,40,0,394
17097,Sep 29 2010,French Territory Cup in France,New Caledonia,Tahiti,1294,1173,1,1,-5,5,1289,1178,133,159,-1,1,132,160,30,0,121
17098,Oct 1 2010,French Territory Cup in France,Guadeloupe,Mayotte,1449,1133,4,0,8,-8,1457,1125,92,175,4,-1,96,174,30,0,316
17099,Oct 1 2010,West Asian Championship in Jordan,Iran,Iraq,1717,1566,2,1,12,-12,1729,1554,27,74,5,0,32,74,40,0,151
17100,Oct 1 2010,West Asian Championship in Jordan,Kuwait,Yemen,1542,1311,1,1,-12,12,1530,1323,80,125,0,2,80,127,40,0,231
17101,Oct 2 2010,CONCACAF Ch & Car Ch q in Puerto Rico,Cayman Islands,Saint Martin,977,953,1,1,-1,1,976,954,189,191,-1,0,188,191,20,0,24
17102,Oct 2 2010,French Territory Cup in France,Martinique,Réunion,1390,1337,0,0,-2,2,1388,1339,115,125,-1,0,114,125,20,0,53
17103,Oct 2 2010,CONCACAF Ch & Car Ch q in Puerto Rico,Puerto Rico,Anguilla,974,540,3,1,3,-3,977,537,186,229,1,0,187,229,30,0,434
17104,Oct 3 2010,West Asian Championship in Jordan,Kuwait,Iran,1530,1729,2,1,30,-30,1560,1699,68,44,6,-6,74,38,40,0,-199
17105,Oct 4 2010,CONCACAF Ch & Car Ch q in Puerto Rico,Cayman Islands,Anguilla,976,537,4,1,5,-5,981,532,188,229,0,0,188,229,40,0,439
17106,Oct 4 2010,Friendly in India,India,Hong Kong,1184,1205,0,1,-12,12,1172,1217,164,148,-3,3,161,151,20,100,79
17107,Oct 4 2010,CONCACAF Ch & Car Ch q in Puerto Rico,Puerto Rico,Saint Martin,977,954,2,0,20,-20,997,934,187,191,0,0,187,191,40,100,123
17108,Oct 6 2010,CONCACAF Ch & Car Ch q in Puerto Rico,Anguilla,Saint Martin,532,934,2,1,36,-36,568,898,225,205,2,-7,227,198,40,0,-402
17109,Oct 6 2010,CONCACAF Ch & Car Ch q in St Vincent & Grenadines,Barbados,Saint Kitts and Nevis,1256,1163,1,1,-5,5,1251,1168,143,158,0,4,143,162,20,100,193
17110,Oct 6 2010,CONCACAF Ch & Car Ch q in Puerto Rico,Puerto Rico,Cayman Islands,997,981,2,0,20,-20,1017,961,187,190,0,-1,187,189,40,100,116
17111,Oct 6 2010,CONCACAF Ch & Car Ch q in St Vincent & Grenadines,St Vincent & Grenadines,Montserrat,1238,521,7,0,1,-1,1239,520,145,230,1,0,146,230,20,0,717
17112,Oct 7 2010,Friendly in Bolivia,Bolivia,Venezuela,1596,1697,1,3,-15,15,1581,1712,77,35,-9,2,68,37,20,100,-1
17113,Oct 7 2010,Friendly in the United Arab Emirates,Brazil,Iran,2102,1699,3,0,3,-3,2105,1696,2,40,0,-1,2,39,20,0,403
17114,Oct 8 2010,European Championship qual in Albania,Albania,Bosnia and Herzegovina,1546,1610,1,1,-2,2,1544,1612,77,56,1,0,78,56,30,100,36
17115,Oct 8 2010,European Championship qual in Andorra,Andorra,Macedonia,1021,1577,0,2,-4,4,1017,1581,186,64,0,3,186,67,40,100,-456
17116,Oct 8 2010,European Championship qual in Armenia,Armenia,Slovakia,1390,1720,3,1,47,-47,1437,1673,93,54,10,-9,103,45,40,100,-230
17117,Oct 8 2010,European Championship qual in Austria,Austria,Azerbaijan,1595,1440,3,0,13,-13,1608,1427,55,109,2,-3,57,106,40,100,255
17118,Oct 8 2010,CONCACAF Ch & Car Ch q in St Vincent & Grenadines,Barbados,Montserrat,1251,520,5,0,1,-1,1252,519,143,230,0,0,143,230,20,0,731
17119,Oct 8 2010,Friendly in China,China,Syria,1620,1521,2,1,5,-5,1625,1516,53,84,0,-1,53,83,20,100,199
17120,Oct 8 2010,Friendly in the United States,Colombia,Ecuador,1758,1725,1,0,9,-9,1767,1716,17,37,6,-2,23,35,20,0,33
17121,Oct 8 2010,European Championship qual in Cyprus,Cyprus,Norway,1576,1788,1,2,-14,14,1562,1802,77,18,-3,0,74,18,40,100,-112
17122,Oct 8 2010,European Championship qual in Czechia,Czechia,Scotland,1723,1673,1,0,12,-12,1735,1661,26,49,4,-1,30,48,40,100,150
17123,Oct 8 2010,European Championship qual in Georgia,Georgia,Malta,1476,1208,1,0,4,-4,1480,1204,91,155,1,-1,92,154,20,0,268
17124,Oct 8 2010,European Championship qual in Germany,Germany,Turkey,2060,1822,3,0,9,-9,2069,1813,4,19,0,-3,4,16,40,100,338
17125,Oct 8 2010,European Championship qual in Greece,Greece,Latvia,1721,1551,1,0,7,-7,1728,1544,31,78,2,0,33,78,40,100,270
17126,Oct 8 2010,European Championship qual in Hungary,Hungary,San Marino,1604,912,8,0,1,-1,1605,911,59,196,-1,0,58,196,20,0,692
17127,Oct 8 2010,Friendly in India,India,Vietnam,1172,1347,3,1,18,-18,1190,1329,153,129,4,-4,157,125,20,100,-75
17128,Oct 8 2010,Friendly in Indonesia,Indonesia,Uruguay,1258,1886,1,7,-2,2,1256,1888,142,8,0,0,142,8,20,100,-528
17129,Oct 8 2010,European Championship qual in Ireland,Ireland,Russia,1773,1820,2,3,-23,23,1750,1843,31,10,-4,2,27,12,40,100,53
17130,Oct 8 2010,Friendly in Japan,Japan,Argentina,1772,1991,1,0,13,-13,1785,1978,14,5,5,0,19,5,20,100,-119
17131,Oct 8 2010,European Championship qual in Kazakhstan,Kazakhstan,Belgium,1341,1579,0,2,-19,19,1322,1598,132,53,-4,8,128,61,40,100,-138
17132,Oct 8 2010,Friendly in Kuwait,Kuwait,Bahrain,1560,1543,1,3,-20,20,1540,1563,86,66,-6,7,80,73,20,100,117
17133,Oct 8 2010,European Championship qual in Luxembourg,Luxembourg,Belarus,1089,1649,0,0,17,-17,1106,1632,173,53,2,-2,175,51,40,100,-460
17134,Oct 8 2010,European Championship qual in Moldova,Moldova,Netherlands,1467,2094,0,1,-2,2,1465,2096,96,3,-1,0,95,3,40,100,-527
17135,Oct 8 2010,European Championship qual in Montenegro,Montenegro,Switzerland,1685,1762,1,0,19,-19,1704,1743,36,30,3,-2,39,28,40,100,23
17136,Oct 8 2010,European Championship qual in Northern Ireland,Northern Ireland,Italy,1585,1845,0,0,9,-9,1594,1836,61,14,2,-1,63,13,40,100,-160
17137,Oct 8 2010,Friendly in Oman,Oman,Gabon,1554,1589,1,0,8,-8,1562,1581,73,71,1,-4,74,67,20,100,65
17138,Oct 8 2010,Friendly in Panama,Panama,El Salvador,1593,1491,1,0,5,-5,1598,1486,62,92,-1,-1,61,91,20,100,202
17139,Oct 8 2010,Friendly in Peru,Peru,Costa Rica,1618,1680,2,0,13,-13,1631,1667,50,48,2,-2,52,46,20,100,38
17140,Oct 8 2010,European Championship qual in Portugal,Portugal,Denmark,1848,1739,3,1,14,-14,1862,1725,9,38,1,-4,10,34,40,100,209
17141,Oct 8 2010,European Championship qual in Serbia,Serbia,Estonia,1785,1459,1,3,-55,55,1730,1514,43,73,-12,11,31,84,40,100,426
17142,Oct 8 2010,European Championship qual in Slovenia,Slovenia,Faroe Islands,1693,1198,5,1,2,-2,1695,1196,42,156,-1,0,41,156,20,0,495
17143,Oct 8 2010,European Championship qual in Spain,Spain,Lithuania,2138,1600,3,1,1,-1,2139,1599,1,60,0,-1,1,59,20,0,538
17144,Oct 8 2010,CONCACAF Ch & Car Ch q in St Vincent & Grenadines,St Vincent & Grenadines,Saint Kitts and Nevis,1239,1168,1,1,-9,9,1230,1177,150,160,-2,1,148,161,40,100,171
17145,Oct 8 2010,Friendly in Ukraine,Ukraine,Canada,1819,1592,2,2,-7,7,1812,1599,19,56,-2,3,17,59,20,100,327
17146,Oct 8 2010,European Championship qual in Wales,Wales,Bulgaria,1584,1685,0,1,-20,20,1564,1705,78,34,-6,4,72,38,40,100,-1
17147,Oct 9 2010,African Nations Cup qualifier in Angola,Angola,Guinea-Bissau,1432,1266,1,0,7,-7,1439,1259,104,143,0,-3,104,140,40,100,266
17148,Oct 9 2010,Friendly in Australia,Australia,Paraguay,1782,1778,1,0,7,-7,1789,1771,18,24,1,-1,19,23,20,100,104
17149,Oct 9 2010,African Nations Cup qualifier in Burkina Faso,Burkina Faso,Gambia,1478,1425,3,1,18,-18,1496,1407,82,111,6,-2,88,109,40,100,153
17150,Oct 9 2010,African Nations Cup qualifier in Burundi,Burundi,Ivory Coast,1206,1780,0,1,-2,2,1204,1782,153,23,0,-1,153,22,30,100,-474
17151,Oct 9 2010,African Nations Cup qualifier in Cameroon,Cameroon,DR Congo,1665,1391,1,1,-16,16,1649,1407,51,106,-2,3,49,109,40,100,374
17152,Oct 9 2010,African Nations Cup qualifier in the Comoros,Comoros,Mozambique,865,1378,0,1,-3,3,862,1381,204,113,0,2,204,115,30,100,-413
17153,Oct 9 2010,European Championship qual in France,France,Romania,1766,1729,2,0,19,-19,1785,1710,16,40,4,-4,20,36,40,100,137
17154,Oct 9 2010,Friendly in Guatemala,Guatemala,Belize,1450,1091,4,2,2,-2,1452,1089,98,177,1,0,99,177,20,100,459
17155,Oct 9 2010,European Championship qual in Israel,Israel,Croatia,1712,1891,1,2,-16,16,1696,1907,42,7,-3,0,39,7,40,100,-79
17156,Oct 9 2010,African Nations Cup qualifier in Kenya,Kenya,Uganda,1322,1569,0,0,8,-8,1330,1561,120,82,4,-6,124,76,40,100,-147
17157,Oct 9 2010,African Nations Cup qualifier in Malawi,Malawi,Chad,1380,1235,6,2,15,-15,1395,1220,107,153,4,-3,111,150,40,100,245
17158,Oct 9 2010,African Nations Cup qualifier in Mali,Mali,Liberia,1508,1239,2,1,4,-4,1512,1235,84,146,1,0,85,146,20,0,269
17159,Oct 9 2010,Friendly in New Zealand,New Zealand,Honduras,1584,1680,1,1,0,0,1584,1680,66,43,0,0,66,43,20,100,4
17160,Oct 9 2010,African Nations Cup qualifier in Rwanda,Rwanda,Benin,1398,1402,0,3,-44,44,1354,1446,128,95,-9,7,119,102,40,100,96
17161,Oct 9 2010,Friendly in Saudi Arabia,Saudi Arabia,Uzbekistan,1689,1493,4,0,6,-6,1695,1487,40,94,1,-3,41,91,20,100,296
17162,Oct 9 2010,African Nations Cup qualifier in Senegal,Senegal,Mauritius,1593,1032,7,0,2,-2,1595,1030,62,184,1,0,63,184,20,0,561
17163,Oct 9 2010,Friendly tournament in Taiwan,Taiwan,Macao,923,698,7,1,9,-9,932,689,187,220,4,-2,191,218,20,0,225
17164,Oct 9 2010,African Nations Cup qualifier in Tanzania,Tanzania,Morocco,1344,1552,0,1,-14,14,1330,1566,126,65,-2,6,124,71,40,100,-108
17165,Oct 9 2010,Friendly in the United Arab Emirates,United Arab Emirates,Chile,1455,1872,0,2,-4,4,1451,1876,103,9,-3,0,100,9,20,100,-317
17166,Oct 9 2010,Friendly in the United States,United States,Poland,1762,1645,2,2,-6,6,1756,1651,27,47,-1,1,26,48,20,100,217
17167,Oct 10 2010,African Nations Cup qualifier in Central African Republic,Central African Republic,Algeria,1200,1512,2,0,46,-46,1246,1466,133,103,11,-9,144,94,40,100,-212
17168,Oct 10 2010,African Nations Cup qualifier in Congo,Congo,Swaziland,1373,1162,3,1,9,-9,1382,1153,113,171,2,-2,115,169,40,100,311
17169,Oct 10 2010,African Nations Cup qualifier in Ghana,Ghana,Sudan,1762,1348,0,0,-18,18,1744,1366,29,118,-2,1,27,119,40,100,514
17170,Oct 10 2010,African Nations Cup qualifier in Guinea,Guinea,Nigeria,1505,1676,1,0,24,-24,1529,1652,75,50,6,-3,81,47,40,100,-71
17171,Oct 10 2010,Friendly in Jamaica,Jamaica,Trinidad and Tobago,1621,1517,1,0,5,-5,1626,1512,50,88,2,-3,52,85,20,100,204
17172,Oct 10 2010,African Nations Cup qualifier in Libya,Libya,Zambia,1493,1569,1,0,19,-19,1512,1550,81,84,4,-7,85,77,40,100,24
17173,Oct 10 2010,African Nations Cup qualifier in Madagascar,Madagascar,Ethiopia,1262,1259,0,1,-26,26,1236,1285,154,132,-8,4,146,136,40,100,103
17174,Oct 10 2010,African Nations Cup qualifier in Niger,Niger,Egypt,1260,1816,1,0,37,-37,1297,1779,123,30,8,-8,131,22,40,100,-456
17175,Oct 10 2010,African Nations Cup qualifier in Sierra Leone,Sierra Leone,South Africa,1284,1634,0,0,12,-12,1296,1622,130,58,2,-4,132,54,40,100,-250
17176,Oct 10 2010,CONCACAF Ch & Car Ch q in St Vincent & Grenadines,Saint Kitts and Nevis,Montserrat,1177,519,4,0,2,-2,1179,517,157,230,2,0,159,230,40,0,658
17177,Oct 10 2010,CONCACAF Ch & Car Ch q in St Vincent & Grenadines,St Vincent & Grenadines,Barbados,1230,1252,0,0,-4,4,1226,1256,151,139,-2,2,149,141,40,100,78
17178,Oct 10 2010,Friendly tournament in Taiwan,Taiwan,Philippines,932,821,1,1,-8,8,924,829,199,204,-4,1,195,205,30,100,211
17179,Oct 10 2010,African Nations Cup qualifier in Togo,Togo,Tunisia,1411,1587,1,2,-16,16,1395,1603,114,53,-3,6,111,59,40,100,-76
17180,Oct 10 2010,African Nations Cup qualifier in Zimbabwe,Zimbabwe,Cape Verde,1332,1394,0,0,-2,2,1330,1396,123,108,0,2,123,110,30,100,38
17181,Oct 11 2010,Friendly in England,Brazil,Ukraine,2105,1812,2,0,5,-5,2110,1807,2,16,0,0,2,16,20,0,293
17182,Oct 12 2010,European Championship qual in Armenia,Armenia,Andorra,1437,1017,4,0,4,-4,1441,1013,103,188,1,-1,104,187,40,100,520
17183,Oct 12 2010,European Championship qual in Azerbaijan,Azerbaijan,Turkey,1427,1813,1,0,34,-34,1461,1779,85,29,11,-7,96,22,40,100,-286
17184,Oct 12 2010,Friendly in Bahrain,Bahrain,Uzbekistan,1563,1487,2,4,-22,22,1541,1509,84,84,-6,3,78,87,20,100,176
17185,Oct 12 2010,European Championship qual in Belarus,Belarus,Albania,1632,1544,2,0,15,-15,1647,1529,50,82,0,-2,50,80,40,100,188
17186,Oct 12 2010,European Championship qual in Belgium,Belgium,Austria,1598,1608,4,4,-5,5,1593,1613,64,53,-1,2,63,55,40,100,90
17187,Oct 12 2010,Friendly in Turkey,Bulgaria,Saudi Arabia,1705,1695,2,0,15,-15,1720,1680,31,41,3,0,34,41,20,0,10
17188,Oct 12 2010,Friendly tournament in China,China,Uruguay,1625,1888,0,4,-16,16,1609,1904,61,8,-4,0,57,8,30,100,-163
17189,Oct 12 2010,Friendly in Costa Rica,Costa Rica,El Salvador,1667,1486,2,1,3,-3,1670,1483,45,93,0,-1,45,92,20,100,281
17190,Oct 12 2010,Friendly in Croatia,Croatia,Norway,1907,1802,2,1,5,-5,1912,1797,7,15,0,1,7,16,20,100,205
17191,Oct 12 2010,European Championship qual in Denmark,Denmark,Cyprus,1725,1562,2,0,11,-11,1736,1551,29,77,2,-2,31,75,40,100,263
17192,Oct 12 2010,Friendly in Canada,Ecuador,Poland,1716,1651,2,2,-2,2,1714,1653,40,46,-3,1,37,47,20,0,65
17193,Oct 12 2010,European Championship qual in England,England,Montenegro,1955,1704,0,0,-15,15,1940,1719,6,32,0,3,6,35,40,100,351
17194,Oct 12 2010,Friendly in Equatorial Guinea,Equatorial Guinea,Botswana,1210,1391,0,2,-12,12,1198,1403,159,107,-3,3,156,110,20,100,-81
17195,Oct 12 2010,European Championship qual in Estonia,Estonia,Slovenia,1514,1695,0,1,-15,15,1499,1710,92,35,-4,3,88,38,40,100,-81
17196,Oct 12 2010,European Championship qual in the Faroe Islands,Faroe Islands,Northern Ireland,1196,1594,1,1,14,-14,1210,1580,150,67,3,-1,153,66,40,100,-298
17197,Oct 12 2010,European Championship qual in Finland,Finland,Hungary,1618,1605,1,2,-26,26,1592,1631,73,44,-9,7,64,51,40,100,113
17198,Oct 12 2010,European Championship qual in France,France,Luxembourg,1785,1106,2,0,1,-1,1786,1105,19,175,0,0,19,175,20,0,679
17199,Oct 12 2010,European Championship qual in Greece,Greece,Israel,1728,1696,2,1,13,-13,1741,1683,26,47,3,-4,29,43,40,100,132
17200,Oct 12 2010,Friendly in the United States,Honduras,Guatemala,1680,1452,2,0,6,-6,1686,1446,41,105,1,-3,42,102,20,0,228
17201,Oct 12 2010,European Championship qual in Iceland,Iceland,Portugal,1445,1862,1,3,-8,8,1437,1870,107,10,-2,0,105,10,40,100,-317
17202,Oct 12 2010,Friendly in Indonesia,Indonesia,Maldives,1256,1164,3,0,9,-9,1265,1155,137,172,2,-4,139,168,20,100,192
17203,Oct 12 2010,European Championship qual in Kazakhstan,Kazakhstan,Germany,1322,2069,0,3,-2,2,1320,2071,129,4,0,0,129,4,40,100,-647
17204,Oct 12 2010,Friendly in Kuwait,Kuwait,Vietnam,1540,1329,3,1,4,-4,1544,1325,74,126,3,0,77,126,20,100,311
17205,Oct 12 2010,European Championship qual in Latvia,Latvia,Georgia,1544,1480,1,1,-9,9,1535,1489,80,90,-1,1,79,91,40,100,164
17206,Oct 12 2010,European Championship qual in Liechtenstein,Liechtenstein,Czechia,1165,1735,0,2,-4,4,1161,1739,169,30,-3,0,166,30,40,100,-470
17207,Oct 12 2010,European Championship qual in Macedonia,Macedonia,Russia,1581,1843,0,1,-11,11,1570,1854,71,10,-2,1,69,11,40,100,-162
17208,Oct 12 2010,Friendly in Mexico,Mexico,Venezuela,1852,1712,2,2,-6,6,1846,1718,13,37,-1,-1,12,36,20,100,240
17209,Oct 12 2010,European Championship qual in the Netherlands,Netherlands,Sweden,2096,1816,4,1,7,-7,2103,1809,3,14,0,0,3,14,40,100,380
17210,Oct 12 2010,Friendly in New Zealand,New Zealand,Paraguay,1584,1771,0,2,-11,11,1573,1782,70,17,-2,3,68,20,20,100,-87
17211,Oct 12 2010,Friendly in Oman,Oman,Chile,1562,1876,0,1,-5,5,1557,1881,73,9,0,0,73,9,20,100,-214
17212,Oct 12 2010,Friendly in Panama,Panama,Peru,1598,1631,1,0,8,-8,1606,1623,54,55,4,-2,58,53,20,100,67
17213,Oct 12 2010,Friendly tournament in Taiwan,Philippines,Macao,829,689,5,0,19,-19,848,670,205,222,0,-2,205,220,30,0,140
17214,Oct 12 2010,Friendly in Qatar,Qatar,Iraq,1522,1554,1,2,-12,12,1510,1566,90,64,-4,6,86,70,20,100,68
17215,Oct 12 2010,European Championship qual in San Marino,San Marino,Moldova,911,1465,0,2,-4,4,907,1469,196,93,0,1,196,94,40,100,-454
17216,Oct 12 2010,Friendly in Turkey,Saudi Arabia,Gabon,1680,1581,1,0,7,-7,1687,1574,41,67,0,0,41,67,20,0,99
17217,Oct 12 2010,European Championship qual in Scotland,Scotland,Spain,1661,2139,2,3,-4,4,1657,2143,46,1,0,0,46,1,40,100,-378
17218,Oct 12 2010,European Championship qual in Slovakia,Slovakia,Ireland,1673,1750,1,1,-1,1,1672,1751,44,28,0,-1,44,27,20,100,23
17219,Oct 12 2010,Friendly in South Korea,South Korea,Japan,1738,1785,0,0,-2,2,1736,1787,33,17,-2,1,31,18,20,100,53
17220,Oct 12 2010,European Championship qual in Switzerland,Switzerland,Wales,1743,1564,4,1,12,-12,1755,1552,22,77,3,-3,25,74,40,100,279
17221,Oct 12 2010,Friendly in the United Arab Emirates,United Arab Emirates,Angola,1451,1439,0,2,-20,20,1431,1459,112,90,-6,7,106,97,20,100,112
17222,Oct 12 2010,Friendly in the United States,United States,Colombia,1756,1767,0,0,-3,3,1753,1770,27,24,-1,0,26,24,20,100,89
17223,Oct 13 2010,CONCACAF Ch & Car Ch q in Suriname,Guyana,Saint Lucia,1265,1088,1,0,11,-11,1276,1077,135,178,2,0,137,178,40,0,177
17224,Oct 13 2010,Friendly in India,India,Yemen,1190,1323,3,6,-16,16,1174,1339,167,117,-5,5,162,122,20,100,-33
17225,Oct 13 2010,CONCACAF Ch & Car Ch q in Suriname,Suriname,Netherlands Antilles,1251,1138,2,1,9,-9,1260,1129,139,172,2,0,141,172,40,100,213
17226,Oct 14 2010,CONCACAF Ch & Car Ch q in the Dominican Republic,Dominican Republic,British Virgin Islands,1044,880,17,0,25,-25,1069,855,177,207,3,-3,180,204,40,100,264
17227,Oct 15 2010,CONCACAF Ch & Car Ch q in the Dominican Republic,Dominica,British Virgin Islands,1048,855,10,0,26,-26,1074,829,176,206,3,-1,179,205,40,0,193
17228,Oct 15 2010,CONCACAF Ch & Car Ch q in Suriname,Guyana,Netherlands Antilles,1276,1129,3,2,12,-12,1288,1117,133,176,2,-2,135,174,40,0,147
17229,Oct 15 2010,CONCACAF Ch & Car Ch q in Suriname,Suriname,Saint Lucia,1260,1077,2,1,7,-7,1267,1070,139,182,1,-2,140,180,40,100,283
17230,Oct 17 2010,CONCACAF Ch & Car Ch q in the Dominican Republic,Dominican Republic,Dominica,1069,1074,0,1,-25,25,1044,1099,185,173,-2,3,183,176,40,100,95
17231,Oct 17 2010,CONCACAF Ch & Car Ch q in Suriname,Netherlands Antilles,Saint Lucia,1117,1070,2,2,-3,3,1114,1073,174,180,0,0,174,180,40,0,47
17232,Oct 17 2010,CONCACAF Ch & Car Ch q in Suriname,Suriname,Guyana,1267,1288,0,2,-37,37,1230,1325,154,119,-7,8,147,127,40,100,79
17233,Oct 22 2010,CONCACAF Ch & Car Ch q in Grenada,Grenada,Puerto Rico,1268,1017,3,1,7,-7,1275,1010,137,188,1,-1,138,187,40,100,351
17234,Oct 22 2010,CONCACAF Ch & Car Ch q in Grenada,Guadeloupe,Saint Kitts and Nevis,1457,1179,2,1,7,-7,1464,1172,94,166,2,-4,96,162,40,0,278
17235,Oct 22 2010,Southeast Asian Champ qual in Laos,Laos,Cambodia,871,775,0,0,-10,10,861,785,205,209,-2,0,203,209,40,100,196
17236,Oct 22 2010,Southeast Asian Champ qual in Laos,Philippines,East Timor,848,563,5,0,13,-13,861,550,202,229,1,0,203,229,40,0,285
17237,Oct 24 2010,Southeast Asian Champ qual in Laos,Cambodia,East Timor,785,550,4,2,12,-12,797,538,205,229,2,0,207,229,40,0,235
17238,Oct 24 2010,CONCACAF Ch & Car Ch q in Grenada,Grenada,Saint Kitts and Nevis,1275,1172,2,0,14,-14,1289,1158,132,170,3,-4,135,166,40,100,203
17239,Oct 24 2010,CONCACAF Ch & Car Ch q in Grenada,Guadeloupe,Puerto Rico,1464,1010,3,2,3,-3,1467,1007,94,187,1,0,95,187,40,0,454
17240,Oct 24 2010,Southeast Asian Champ qual in Laos,Laos,Philippines,861,861,2,2,-6,6,855,867,205,201,-1,1,204,202,40,100,100
17241,Oct 26 2010,Southeast Asian Champ qual in Laos,Cambodia,Philippines,797,867,0,0,4,-4,801,863,207,202,0,0,207,202,40,0,-70
17242,Oct 26 2010,CONCACAF Ch & Car Ch q in Grenada,Grenada,Guadeloupe,1289,1467,0,3,-27,27,1262,1494,145,85,-5,5,140,90,40,100,-78
17243,Oct 26 2010,Southeast Asian Champ qual in Laos,Laos,East Timor,855,538,6,1,7,-7,862,531,202,229,1,0,203,229,40,100,417
17244,Oct 26 2010,Friendly in Panama,Panama,Cuba,1606,1449,0,3,-29,29,1577,1478,74,89,-8,6,66,95,20,100,257
17245,Oct 26 2010,CONCACAF Ch & Car Ch q in Grenada,Saint Kitts and Nevis,Puerto Rico,1158,1007,1,0,12,-12,1170,995,158,187,4,0,162,187,40,0,151
17246,Oct 27 2010,Friendly in Botswana,Botswana,Swaziland,1403,1153,2,0,4,-4,1407,1149,106,171,2,-1,108,170,20,100,350
17247,Oct 28 2010,Friendly in Yemen,Yemen,Senegal,1339,1595,4,1,25,-25,1364,1570,118,75,2,-7,120,68,20,100,-156
17248,Oct 29 2010,Friendly tournament in Curaçao,Curaçao,Aruba,1114,907,3,0,8,-8,1122,899,174,198,0,-1,174,197,20,0,207
17249,Oct 29 2010,Friendly tournament in Curaçao,Suriname,Bonaire,1230,1092,4,2,14,-14,1244,1078,141,179,3,-1,144,178,30,0,138
17250,Oct 31 2010,Friendly tournament in Curaçao,Aruba,Bonaire,899,1078,3,3,7,-7,906,1071,197,182,0,-2,197,180,30,0,-179
17251,Oct 31 2010,Friendly tournament in Curaçao,Curaçao,Suriname,1122,1244,2,2,1,-1,1123,1243,174,144,0,0,174,144,20,100,-22
17252,Nov 2 2010,CONCACAF Ch & Car Ch q in Trinidad and Tobago,Guyana,Haiti,1325,1431,0,0,6,-6,1331,1425,121,108,3,-1,124,107,40,0,-106
17253,Nov 2 2010,Friendly tournament in Vietnam,North Korea,Singapore,1493,1346,2,1,9,-9,1502,1337,85,124,3,-1,88,123,30,0,147
17254,Nov 2 2010,CONCACAF Ch & Car Ch q in Trinidad and Tobago,Trinidad and Tobago,St Vincent & Grenadines,1512,1226,6,2,7,-7,1519,1219,81,153,1,-2,82,151,40,100,386
17255,Nov 4 2010,CONCACAF Ch & Car Ch q in Trinidad and Tobago,Haiti,St Vincent & Grenadines,1425,1219,3,1,14,-14,1439,1205,103,155,2,-2,105,153,40,0,206
17256,Nov 4 2010,CONCACAF Ch & Car Ch q in Trinidad and Tobago,Trinidad and Tobago,Guyana,1519,1331,2,1,6,-6,1525,1325,82,130,0,-3,82,127,40,100,288
17257,Nov 4 2010,Friendly tournament in Vietnam,Vietnam,Singapore,1325,1337,1,1,-4,4,1321,1341,130,121,-1,1,129,122,30,100,88
17258,Nov 6 2010,CONCACAF Ch & Car Ch q in Trinidad and Tobago,Guyana,St Vincent & Grenadines,1325,1205,2,0,20,-20,1345,1185,117,161,5,-4,122,157,40,0,120
17259,Nov 6 2010,CONCACAF Ch & Car Ch q in Trinidad and Tobago,Trinidad and Tobago,Haiti,1525,1439,4,0,19,-19,1544,1420,72,109,5,-2,77,107,40,100,186
17260,Nov 6 2010,Friendly tournament in Vietnam,Vietnam,North Korea,1321,1502,0,2,-17,17,1304,1519,133,78,-2,5,131,83,30,100,-81
17261,Nov 7 2010,Friendly in Yemen,Yemen,Uganda,1364,1561,2,2,3,-3,1367,1558,118,72,1,0,119,72,20,100,-97
17262,Nov 10 2010,CONCACAF Ch & Car Ch q in Antigua and Barbuda,Antigua and Barbuda,Suriname,1243,1243,2,1,14,-14,1257,1229,140,150,2,-3,142,147,40,100,100
17263,Nov 10 2010,Friendly in Bahrain,Bahrain,Uganda,1541,1558,0,0,-2,2,1539,1560,79,72,0,0,79,72,20,100,83
17264,Nov 10 2010,CONCACAF Ch & Car Ch q in Antigua and Barbuda,Cuba,Dominica,1478,1099,4,2,6,-6,1484,1093,91,176,2,0,93,176,40,0,379
17265,Nov 10 2010,Friendly in Yemen,Yemen,North Korea,1367,1519,1,1,1,-1,1368,1518,119,83,0,0,119,83,20,100,-52
17266,Nov 11 2010,Friendly in the United Arab Emirates,Iraq,India,1566,1174,2,0,3,-3,1569,1171,70,161,0,0,70,161,20,0,392
17267,Nov 12 2010,CONCACAF Ch & Car Ch q in Antigua and Barbuda,Antigua and Barbuda,Dominica,1257,1093,0,0,-13,13,1244,1106,146,174,-2,1,144,175,40,100,264
17268,Nov 12 2010,CONCACAF Ch & Car Ch q in Antigua and Barbuda,Cuba,Suriname,1484,1229,3,3,-13,13,1471,1242,97,143,-2,2,95,145,40,0,255
17269,Nov 14 2010,CONCACAF Ch & Car Ch q in Antigua and Barbuda,Antigua and Barbuda,Cuba,1244,1471,0,0,7,-7,1251,1464,144,99,0,-2,144,97,40,100,-127
17270,Nov 14 2010,Friendly in Bahrain,Bahrain,Syria,1539,1516,0,2,-20,20,1519,1536,87,74,-4,5,83,79,20,100,123
17271,Nov 14 2010,Friendly in the United Arab Emirates,Kuwait,India,1544,1171,9,1,5,-5,1549,1166,77,163,0,-1,77,162,20,0,373
17272,Nov 14 2010,CONCACAF Ch & Car Ch q in Antigua and Barbuda,Suriname,Dominica,1242,1106,5,0,25,-25,1267,1081,133,179,6,-2,139,177,40,0,136
17273,Nov 16 2010,Friendly in Portugal,Cape Verde,Guinea-Bissau,1396,1259,2,1,6,-6,1402,1253,111,144,0,-1,111,143,20,0,137
17274,Nov 16 2010,Friendly in Jordan,Jordan,Cyprus,1480,1551,0,0,-1,1,1479,1552,94,73,0,1,94,74,20,100,29
17275,Nov 16 2010,Friendly in the United Arab Emirates,Saudi Arabia,Uganda,1687,1560,0,0,-4,4,1683,1564,43,72,-1,0,42,72,20,0,127
17276,Nov 16 2010,Friendly in Scotland,Scotland,Faroe Islands,1657,1210,3,0,1,-1,1658,1209,46,152,0,0,46,152,20,100,547
17277,Nov 17 2010,Friendly in Albania,Albania,Macedonia,1529,1570,0,0,-2,2,1527,1572,81,68,0,0,81,68,20,100,59
17278,Nov 17 2010,Friendly in Qatar,Argentina,Brazil,1978,2110,1,0,14,-14,1992,2096,5,4,0,-1,5,3,20,0,-132
17279,Nov 17 2010,Friendly in Austria,Austria,Greece,1613,1741,1,2,-9,9,1604,1750,61,25,-3,2,58,27,20,100,-28
17280,Nov 17 2010,African Nations Cup qualifier in Botswana,Botswana,Tunisia,1407,1603,1,0,25,-25,1432,1578,104,72,2,-7,106,65,40,100,-96
17281,Nov 17 2010,Friendly in Bulgaria,Bulgaria,Serbia,1720,1730,0,1,-13,13,1707,1743,40,23,-3,5,37,28,20,100,90
17282,Nov 17 2010,Friendly in France,Burkina Faso,Guinea,1496,1529,2,1,11,-11,1507,1518,86,87,2,-3,88,84,20,0,-33
17283,Nov 17 2010,Friendly in Chile,Chile,Uruguay,1881,1904,2,0,12,-12,1893,1892,9,12,0,-2,9,10,20,100,77
17284,Nov 17 2010,Friendly in China,China,Latvia,1609,1535,1,0,5,-5,1614,1530,55,80,1,0,56,80,20,100,174
17285,Nov 17 2010,Friendly in Colombia,Colombia,Peru,1770,1623,1,1,-6,6,1764,1629,26,51,-1,1,25,52,20,100,247
17286,Nov 17 2010,Friendly in the United States,Costa Rica,Jamaica,1670,1626,0,0,-1,1,1669,1627,43,54,1,-1,44,53,20,0,44
17287,Nov 17 2010,European Championship qual in Croatia,Croatia,Malta,1912,1204,3,0,1,-1,1913,1203,7,155,0,-1,7,154,20,0,708
17288,Nov 17 2010,Friendly in Denmark,Denmark,Czechia,1736,1739,0,0,-3,3,1733,1742,35,28,-2,1,33,29,20,100,97
17289,Nov 17 2010,Friendly in Ecuador,Ecuador,Venezuela,1714,1718,4,1,13,-13,1727,1705,31,40,3,-2,34,38,20,100,96
17290,Nov 17 2010,Friendly in Egypt,Egypt,Australia,1779,1789,3,0,13,-13,1792,1776,14,27,4,-5,18,22,20,100,90
17291,Nov 17 2010,Friendly in England,England,France,1940,1786,1,2,-16,16,1924,1802,6,15,0,2,6,17,20,100,254
17292,Nov 17 2010,Friendly in Estonia,Estonia,Liechtenstein,1499,1161,1,1,-9,9,1490,1170,95,156,-3,5,92,161,20,100,438
17293,Nov 17 2010,European Championship qual in Finland,Finland,San Marino,1592,907,8,0,1,-1,1593,906,58,196,2,0,60,196,20,0,685
17294,Nov 17 2010,Friendly in the United Arab Emirates,Ghana,Saudi Arabia,1744,1683,0,0,-2,2,1742,1685,30,40,-1,1,29,41,20,0,61
17295,Nov 17 2010,Friendly in the United States,Guatemala,Guyana,1446,1345,3,0,13,-13,1459,1332,94,126,4,-2,98,124,20,0,101
17296,Nov 17 2010,Friendly in Hong Kong,Hong Kong,Paraguay,1217,1782,0,7,-3,3,1214,1785,151,20,0,0,151,20,20,100,-465
17297,Nov 17 2010,Friendly in Hungary,Hungary,Lithuania,1631,1599,2,0,10,-10,1641,1589,51,65,0,-3,51,62,20,100,132
17298,Nov 17 2010,Friendly in the United Arab Emirates,Iraq,Kuwait,1569,1549,1,1,-1,1,1568,1550,70,73,0,2,70,75,20,0,20
17299,Nov 17 2010,Friendly in Ireland,Ireland,Norway,1751,1797,1,2,-12,12,1739,1809,35,14,-4,1,31,15,20,100,54
17300,Nov 17 2010,Friendly in Israel,Israel,Iceland,1683,1437,3,2,2,-2,1685,1435,40,105,1,0,41,105,20,100,346
17301,Nov 17 2010,Friendly in Austria,Italy,Romania,1836,1710,1,1,-3,3,1833,1713,11,34,1,2,12,36,20,0,126
17302,Nov 17 2010,Friendly tournament in Libya,Libya,Niger,1512,1297,1,1,-11,11,1501,1308,95,130,-5,1,90,131,30,100,315
17303,Nov 17 2010,Friendly in Luxembourg,Luxembourg,Algeria,1105,1466,0,0,6,-6,1111,1460,175,98,0,-1,175,97,20,100,-261
17304,Nov 17 2010,Friendly in Malawi,Malawi,Rwanda,1395,1354,2,1,6,-6,1401,1348,110,121,1,0,111,121,20,100,141
17305,Nov 17 2010,Friendly in France,Mali,DR Congo,1512,1407,3,1,11,-11,1523,1396,79,116,3,-4,82,112,20,0,105
17306,Nov 17 2010,Friendly in Montenegro,Montenegro,Azerbaijan,1719,1461,2,0,3,-3,1722,1458,35,102,0,-2,35,100,20,100,358
17307,Nov 17 2010,Friendly in the Netherlands,Netherlands,Turkey,2103,1779,1,0,2,-2,2105,1777,1,20,1,1,2,21,20,100,424
17308,Nov 17 2010,Friendly in Northern Ireland,Northern Ireland,Morocco,1580,1566,1,1,-3,3,1577,1569,68,67,-2,2,66,69,20,100,114
17309,Nov 17 2010,Friendly in Oman,Oman,Belarus,1557,1647,0,4,-19,19,1538,1666,83,42,-5,4,78,46,20,100,10
17310,Nov 17 2010,Friendly in Panama,Panama,Honduras,1577,1686,2,0,15,-15,1592,1671,57,45,4,-2,61,43,20,100,-9
17311,Nov 17 2010,Friendly in Poland,Poland,Ivory Coast,1653,1782,3,1,16,-16,1669,1766,41,28,3,-4,44,24,20,100,-29
17312,Nov 17 2010,Friendly in Portugal,Portugal,Spain,1870,2143,4,0,27,-27,1897,2116,6,1,2,0,8,1,20,100,-173
17313,Nov 17 2010,Friendly in Russia,Russia,Belgium,1854,1593,0,2,-27,27,1827,1620,15,49,-2,6,13,55,20,100,361
17314,Nov 17 2010,Friendly in France,Senegal,Gabon,1570,1574,2,1,10,-10,1580,1564,60,76,4,-5,64,71,20,0,-4
17315,Nov 17 2010,Friendly in Slovakia,Slovakia,Bosnia and Herzegovina,1672,1612,2,3,-14,14,1658,1626,50,52,-3,2,47,54,20,100,160
17316,Nov 17 2010,Friendly in Slovenia,Slovenia,Georgia,1710,1489,1,2,-17,17,1693,1506,42,86,-2,3,40,89,20,100,321
17317,Nov 17 2010,Friendly tournament in South Africa,South Africa,United States,1622,1753,0,1,-14,14,1608,1767,60,20,-3,3,57,23,30,100,-31
17318,Nov 17 2010,Friendly in Sweden,Sweden,Germany,1809,2071,0,0,4,-4,1813,2067,14,4,0,0,14,4,20,100,-162
17319,Nov 17 2010,Friendly in Switzerland,Switzerland,Ukraine,1755,1807,2,2,-1,1,1754,1808,27,17,-1,-1,26,16,20,100,48
17320,Nov 17 2010,Friendly in Tajikistan,Tajikistan,Afghanistan,1272,774,1,0,1,-1,1273,773,138,210,0,0,138,210,20,0,498
17321,Nov 17 2010,African Nations Cup qualifier in Togo,Togo,Chad,1395,1220,0,0,-13,13,1382,1233,116,146,-2,2,114,148,40,100,275
17322,Nov 18 2010,Friendly in Qatar,Qatar,Haiti,1510,1420,0,1,-15,15,1495,1435,94,102,-4,3,90,105,20,100,190
17323,Nov 18 2010,Friendly in the United Arab Emirates,United Arab Emirates,India,1431,1166,5,0,4,-4,1435,1162,103,167,2,-2,105,165,20,100,365
17324,Nov 21 2010,Friendly in Indonesia,Indonesia,East Timor,1265,531,6,0,0,0,1265,531,140,229,0,0,140,229,20,100,834
17325,Nov 22 2010,Gulf Cup in Yemen,Kuwait,Qatar,1550,1495,1,0,17,-17,1567,1478,67,98,4,-4,71,94,40,0,55
17326,Nov 22 2010,Gulf Cup in Yemen,Yemen,Saudi Arabia,1368,1685,0,4,-17,17,1351,1702,121,37,-1,2,120,39,40,100,-217
17327,Nov 23 2010,Gulf Cup in Yemen,Bahrain,Oman,1519,1538,1,1,1,-1,1520,1537,83,78,0,0,83,78,20,0,-19
17328,Nov 23 2010,Gulf Cup in Yemen,Iraq,United Arab Emirates,1568,1435,0,0,-7,7,1561,1442,76,103,-3,1,73,104,40,0,133
17329,Nov 23 2010,Friendly in Tanzania,Tanzania,Kenya,1330,1330,1,0,7,-7,1337,1323,123,129,1,-2,124,127,20,100,100
17330,Nov 24 2010,Friendly in Indonesia,Indonesia,Taiwan,1265,924,2,0,2,-2,1267,922,138,195,1,0,139,195,20,100,441
17331,Nov 25 2010,Gulf Cup in Yemen,Kuwait,Saudi Arabia,1567,1702,0,0,7,-7,1574,1695,64,41,3,-1,67,40,40,0,-135
17332,Nov 25 2010,Gulf Cup in Yemen,Yemen,Qatar,1351,1478,1,2,-18,18,1333,1496,128,86,-4,4,124,90,40,100,-27
17333,Nov 26 2010,CONCACAF Ch q & Car Ch in Martinique,Cuba,Trinidad and Tobago,1464,1544,2,0,37,-37,1501,1507,82,93,7,-8,89,85,40,0,-80
17334,Nov 26 2010,Gulf Cup in Yemen,Iraq,Bahrain,1561,1520,3,2,18,-18,1579,1502,57,93,8,-5,65,88,40,0,41
17335,Nov 26 2010,CONCACAF Ch q & Car Ch in Martinique,Martinique,Grenada,1388,1262,1,1,-11,11,1377,1273,121,135,-4,3,117,138,40,100,226
17336,Nov 26 2010,Gulf Cup in Yemen,Oman,United Arab Emirates,1537,1442,0,0,-5,5,1532,1447,78,102,0,1,78,103,20,100,195
17337,Nov 26 2010,Friendly in Singapore,Singapore,Laos,1341,862,4,0,1,-1,1342,861,121,205,0,-1,121,204,20,100,579
17338,Nov 27 2010,CONCACAF Ch q & Car Ch in Martinique,Guadeloupe,Guyana,1494,1332,1,1,-9,9,1485,1341,94,119,-1,3,93,122,40,0,162
17339,Nov 27 2010,CONCACAF Ch q & Car Ch in Martinique,Jamaica,Antigua and Barbuda,1627,1251,3,1,6,-6,1633,1245,51,146,1,-1,52,145,40,0,376
17340,Nov 27 2010,CECAFA Cup in Tanzania,Tanzania,Zambia,1337,1550,0,1,-14,14,1323,1564,129,68,-3,4,126,72,40,100,-113
17341,Nov 28 2010,CECAFA Cup in Tanzania,Burundi,Somalia,1204,927,2,0,10,-10,1214,917,149,197,2,-2,151,195,40,0,277
17342,Nov 28 2010,CONCACAF Ch q & Car Ch in Martinique,Grenada,Trinidad and Tobago,1273,1507,1,0,32,-32,1305,1475,126,105,6,-10,132,95,40,0,-234
17343,Nov 28 2010,CONCACAF Ch q & Car Ch in Martinique,Martinique,Cuba,1377,1501,0,1,-19,19,1358,1520,121,75,-2,7,119,82,40,100,-24
17344,Nov 28 2010,Gulf Cup in Yemen,Qatar,Saudi Arabia,1496,1695,1,1,10,-10,1506,1685,83,42,4,-1,87,41,40,0,-199
17345,Nov 28 2010,CECAFA Cup in Tanzania,Rwanda,Ivory Coast,1348,1766,2,1,37,-37,1385,1729,106,42,7,-9,113,33,40,0,-418
17346,Nov 28 2010,Gulf Cup in Yemen,Yemen,Kuwait,1333,1574,0,3,-22,22,1311,1596,136,52,-6,8,130,60,40,100,-141
17347,Nov 28 2010,CECAFA Cup in Tanzania,Zanzibar,Sudan,1311,1366,2,0,35,-35,1346,1331,110,129,10,-5,120,124,40,0,-55
17348,Nov 29 2010,CONCACAF Ch q & Car Ch in Martinique,Antigua and Barbuda,Guyana,1245,1341,1,0,25,-25,1270,1316,135,134,5,-6,140,128,40,0,-96
17349,Nov 29 2010,Gulf Cup in Yemen,Iraq,Oman,1579,1532,0,0,-3,3,1576,1535,70,78,-2,0,68,78,40,0,47
17350,Nov 29 2010,CONCACAF Ch q & Car Ch in Martinique,Jamaica,Guadeloupe,1633,1485,2,0,18,-18,1651,1467,48,100,2,-4,50,96,40,0,148
17351,Nov 29 2010,CECAFA Cup in Tanzania,Malawi,Kenya,1401,1323,3,2,16,-16,1417,1307,107,136,2,-5,109,131,40,0,78
17352,Nov 29 2010,Gulf Cup in Yemen,United Arab Emirates,Bahrain,1447,1502,3,1,35,-35,1482,1467,81,103,11,-7,92,96,40,0,-55
17353,Nov 29 2010,CECAFA Cup in Tanzania,Uganda,Ethiopia,1564,1285,2,1,7,-7,1571,1278,70,138,1,0,71,138,40,0,279
17354,Nov 30 2010,CECAFA Cup in Tanzania,Burundi,Zambia,1214,1564,0,0,15,-15,1229,1549,147,79,2,-3,149,76,40,0,-350
17355,Nov 30 2010,CONCACAF Ch q & Car Ch in Martinique,Cuba,Grenada,1520,1305,0,0,-11,11,1509,1316,86,124,-2,4,84,128,30,100,315
17356,Nov 30 2010,CONCACAF Ch q & Car Ch in Martinique,Martinique,Trinidad and Tobago,1358,1475,0,1,-19,19,1339,1494,123,86,-2,4,121,90,40,100,-17
17357,Nov 30 2010,CECAFA Cup in Tanzania,Tanzania,Somalia,1323,917,3,0,4,-4,1327,913,125,195,0,0,125,195,40,100,506
17358,Dec 1 2010,CONCACAF Ch q & Car Ch in Martinique,Guadeloupe,Antigua and Barbuda,1467,1270,1,0,10,-10,1477,1260,94,144,1,-2,95,142,40,0,197
17359,Dec 1 2010,Southeast Asian Champ in Indonesia,Indonesia,Malaysia,1267,1176,5,1,19,-19,1286,1157,133,174,4,-7,137,167,40,100,191
17360,Dec 1 2010,CECAFA Cup in Tanzania,Ivory Coast,Zanzibar,1729,1346,1,0,4,-4,1733,1342,31,119,1,0,32,119,40,0,383
17361,Dec 1 2010,CONCACAF Ch q & Car Ch in Martinique,Jamaica,Guyana,1651,1316,4,0,10,-10,1661,1306,44,136,3,-4,47,132,40,0,335
17362,Dec 1 2010,Southeast Asian Champ in Indonesia,Laos,Thailand,861,1455,2,2,19,-19,880,1436,198,108,3,-3,201,105,40,0,-594
17363,Dec 1 2010,CECAFA Cup in Tanzania,Rwanda,Sudan,1385,1331,0,0,-3,3,1382,1334,113,123,0,0,113,123,40,0,54
17364,Dec 2 2010,CECAFA Cup in Tanzania,Ethiopia,Kenya,1278,1307,2,1,22,-22,1300,1285,127,147,6,-8,133,139,40,0,-29
17365,Dec 2 2010,Gulf Cup in Yemen,Iraq,Kuwait,1576,1596,2,2,1,-1,1577,1595,66,60,1,0,67,60,20,0,-20
17366,Dec 2 2010,CECAFA Cup in Tanzania,Malawi,Uganda,1417,1571,1,1,8,-8,1425,1563,109,75,0,-2,109,73,40,0,-154
17367,Dec 2 2010,Southeast Asian Champ in Vietnam,Philippines,Singapore,863,1342,1,1,18,-18,881,1324,199,131,2,-6,201,125,40,0,-479
17368,Dec 2 2010,Gulf Cup in Yemen,Saudi Arabia,United Arab Emirates,1685,1482,1,0,9,-9,1694,1473,39,97,1,-2,40,95,40,0,203
17369,Dec 2 2010,Southeast Asian Champ in Vietnam,Vietnam,Myanmar,1304,1164,7,1,17,-17,1321,1147,121,178,6,-8,127,170,40,100,240
17370,Dec 3 2010,Caribbean Championship in Martinique,Guadeloupe,Cuba,1477,1509,2,1,22,-22,1499,1487,84,100,5,-8,89,92,40,0,-32
17371,Dec 3 2010,Caribbean Championship in Martinique,Jamaica,Grenada,1661,1316,2,1,5,-5,1666,1311,45,129,1,0,46,129,40,0,345
17372,Dec 3 2010,CECAFA Cup in Tanzania,Rwanda,Zanzibar,1382,1342,0,0,-2,2,1380,1344,119,119,-3,0,116,119,30,0,40
17373,Dec 3 2010,CECAFA Cup in Tanzania,Zambia,Somalia,1549,913,6,0,2,-2,1551,911,76,195,0,0,76,195,30,0,636
17374,Dec 4 2010,CECAFA Cup in Tanzania,Ethiopia,Malawi,1300,1425,1,1,7,-7,1307,1418,131,109,1,0,132,109,40,0,-125
17375,Dec 4 2010,Southeast Asian Champ in Indonesia,Indonesia,Laos,1286,880,6,0,4,-4,1290,876,135,202,1,0,136,202,20,0,406
17376,Dec 4 2010,Southeast Asian Champ in Indonesia,Malaysia,Thailand,1157,1436,0,0,13,-13,1170,1423,154,111,6,-3,160,108,40,0,-279
17377,Dec 4 2010,CECAFA Cup in Tanzania,Tanzania,Burundi,1327,1229,2,0,15,-15,1342,1214,116,153,4,-2,120,151,40,100,198
17378,Dec 5 2010,Caribbean Championship in Martinique,Cuba,Grenada,1487,1311,1,0,11,-11,1498,1300,88,135,2,-3,90,132,40,0,176
17379,Dec 5 2010,Caribbean Championship in Martinique,Guadeloupe,Jamaica,1499,1666,1,1,9,-9,1508,1657,81,52,4,-3,85,49,40,0,-167
17380,Dec 5 2010,CECAFA Cup in Tanzania,Ivory Coast,Sudan,1733,1334,3,0,6,-6,1739,1328,28,127,2,-2,30,125,40,0,399
17381,Dec 5 2010,Gulf Cup in Yemen,Kuwait,Saudi Arabia,1595,1694,1,0,26,-26,1621,1668,50,50,5,-5,55,45,40,0,-99
17382,Dec 5 2010,Southeast Asian Champ in Vietnam,Singapore,Myanmar,1324,1147,2,1,11,-11,1335,1136,121,172,2,-1,123,171,40,0,177
17383,Dec 5 2010,CECAFA Cup in Tanzania,Uganda,Kenya,1563,1285,2,0,10,-10,1573,1275,65,137,4,1,69,138,40,0,278
17384,Dec 5 2010,Southeast Asian Champ in Vietnam,Vietnam,Philippines,1321,881,0,2,-57,57,1264,938,155,181,-14,10,141,191,40,100,540
17385,Dec 7 2010,CECAFA Cup in Tanzania,Ethiopia,Zambia,1307,1551,2,1,32,-32,1339,1519,112,86,9,-5,121,81,40,0,-244
17386,Dec 7 2010,Southeast Asian Champ in Indonesia,Indonesia,Thailand,1290,1423,2,1,22,-22,1312,1401,123,114,6,-3,129,111,40,100,-33
17387,Dec 7 2010,CECAFA Cup in Tanzania,Ivory Coast,Malawi,1739,1418,1,0,5,-5,1744,1413,24,107,3,1,27,108,40,0,321
17388,Dec 7 2010,Southeast Asian Champ in Indonesia,Malaysia,Laos,1170,876,5,1,12,-12,1182,864,156,204,2,-1,158,203,40,0,294
17389,Dec 8 2010,Southeast Asian Champ in Vietnam,Myanmar,Philippines,1136,938,0,0,-10,10,1126,948,171,191,0,0,171,191,30,100,298
17390,Dec 8 2010,CECAFA Cup in Tanzania,Tanzania,Rwanda,1342,1380,1,0,16,-16,1358,1364,118,120,1,-2,119,118,40,100,62
17391,Dec 8 2010,CECAFA Cup in Tanzania,Uganda,Zanzibar,1573,1344,2,2,-12,12,1561,1356,77,121,-4,-1,73,120,40,0,229
17392,Dec 8 2010,Southeast Asian Champ in Vietnam,Vietnam,Singapore,1264,1335,1,0,18,-18,1282,1317,135,132,3,-4,138,128,30,0,-71
17393,Dec 10 2010,Friendly in Turkey,Bosnia and Herzegovina,Poland,1626,1669,2,2,1,-1,1627,1668,54,45,0,-1,54,44,20,0,-43
17394,Dec 10 2010,CECAFA Cup in Tanzania,Ivory Coast,Ethiopia,1744,1339,1,0,4,-4,1748,1335,27,125,0,-2,27,123,40,0,405
17395,Dec 10 2010,CECAFA Cup in Tanzania,Tanzania,Uganda,1358,1561,0,0,6,-6,1364,1555,117,73,1,0,118,73,40,100,-103
17396,Dec 12 2010,CECAFA Cup in Tanzania,Tanzania,Ivory Coast,1364,1748,1,0,33,-33,1397,1715,106,43,6,-8,112,35,40,100,-284
17397,Dec 12 2010,CECAFA Cup in Tanzania,Uganda,Ethiopia,1555,1335,4,3,9,-9,1564,1326,71,127,1,-2,72,125,40,0,220
17398,Dec 15 2010,Southeast Asian Champ in Malaysia,Malaysia,Vietnam,1182,1282,2,0,30,-30,1212,1252,148,150,5,-6,153,144,40,100,0
17399,Dec 16 2010,Southeast Asian Champ in Indonesia,Indonesia,Philippines,1312,948,1,0,3,-3,1315,945,129,191,0,0,129,191,30,0,364
17400,Dec 16 2010,Friendly in Qatar,Qatar,Egypt,1506,1792,2,1,15,-15,1521,1777,75,22,6,-2,81,20,20,100,-186
17401,Dec 18 2010,Friendly in China,China,Estonia,1614,1490,3,0,8,-8,1622,1482,53,94,2,-1,55,93,20,100,224
17402,Dec 18 2010,Friendly in Honduras,Honduras,Panama,1671,1592,2,1,5,-5,1676,1587,42,64,0,-1,42,63,20,100,179
17403,Dec 18 2010,Friendly in Iraq,Iraq,Syria,1577,1536,0,1,-14,14,1563,1550,79,76,-6,0,73,76,20,100,141
17404,Dec 18 2010,Southeast Asian Champ in Vietnam,Vietnam,Malaysia,1252,1212,0,0,-8,8,1244,1220,146,149,-1,2,145,151,40,100,140
17405,Dec 19 2010,Southeast Asian Champ in Indonesia,Indonesia,Philippines,1315,945,1,0,3,-3,1318,942,127,191,1,0,128,191,30,0,370
17406,Dec 22 2010,Friendly in China,China,Macedonia,1622,1572,1,0,6,-6,1628,1566,53,73,1,-2,54,71,20,100,150
17407,Dec 22 2010,Friendly in Qatar,Qatar,Estonia,1521,1482,2,0,9,-9,1530,1473,75,95,3,-1,78,94,20,100,139
17408,Dec 22 2010,Friendly in Syria,Syria,Iraq,1550,1563,0,1,-12,12,1538,1575,76,63,0,5,76,68,20,100,87
17409,Dec 24 2010,Friendly in Egypt,Kuwait,North Korea,1621,1518,2,1,7,-7,1628,1511,52,85,2,-1,54,84,20,0,103
17410,Dec 25 2010,Friendly in the United Arab Emirates,Bahrain,Uzbekistan,1467,1509,1,1,1,-1,1468,1508,97,85,0,0,97,85,20,0,-42
17411,Dec 26 2010,Southeast Asian Champ in Malaysia,Malaysia,Indonesia,1220,1318,3,0,35,-35,1255,1283,135,146,8,-9,143,137,40,100,2
17412,Dec 27 2010,Friendly in Egypt,Kuwait,North Korea,1628,1511,2,2,-3,3,1625,1514,58,84,-2,0,56,84,20,0,117
17413,Dec 28 2010,Friendly in Algeria,Algeria,Chad,1460,1233,3,1,4,-4,1464,1229,98,149,0,0,98,149,20,100,327
17414,Dec 28 2010,Friendly in the United Arab Emirates,Bahrain,Jordan,1468,1479,2,1,10,-10,1478,1469,89,99,4,-3,93,96,20,0,-11
17415,Dec 28 2010,Friendly in Qatar,Qatar,Iran,1530,1696,0,0,2,-2,1532,1694,78,39,0,0,78,39,20,100,-66
17416,Dec 28 2010,Friendly in Saudi Arabia,Saudi Arabia,Iraq,1668,1575,0,1,-15,15,1653,1590,54,56,-5,6,49,62,20,100,193
17417,Dec 29 2010,Southeast Asian Champ in Indonesia,Indonesia,Malaysia,1283,1255,2,1,13,-13,1296,1242,129,149,4,-3,133,146,40,100,128
17418,Dec 30 2010,Friendly in the United Arab Emirates,South Korea,Syria,1736,1538,1,0,5,-5,1741,1533,29,78,1,-1,30,77,20,0,198
17419,Dec 31 2010,Friendly in Bahrain,Bahrain,Saudi Arabia,1478,1653,0,1,-8,8,1470,1661,97,43,-2,3,95,46,20,100,-75
17420,Dec 31 2010,Friendly in Egypt,Kuwait,Zambia,1625,1519,4,0,13,-13,1638,1506,50,92,3,-5,53,87,20,0,106
17421,Dec 31 2010,Friendly in Qatar,Qatar,North Korea,1532,1514,0,1,-13,13,1519,1527,86,74,-4,5,82,79,20,100,118
17422,Jan 2 2011,Friendly in Qatar,China,Iraq,1628,1590,3,2,9,-9,1637,1581,53,66,1,-2,54,64,20,0,38
17423,Jan 2 2011,Friendly in Qatar,Iran,Angola,1694,1459,1,0,4,-4,1698,1455,39,103,0,-2,39,101,20,0,235
17424,Jan 2 2011,Friendly in the United Arab Emirates,Jordan,Uzbekistan,1469,1508,2,2,1,-1,1470,1507,94,86,1,-1,95,85,20,0,-39
17425,Jan 2 2011,Friendly in the United Arab Emirates,United Arab Emirates,Syria,1473,1533,2,0,13,-13,1486,1520,91,85,1,-4,92,81,20,100,40
17426,Jan 4 2011,Friendly in Bahrain,Bahrain,North Korea,1470,1527,0,1,-11,11,1459,1538,103,74,-4,2,99,76,20,100,43
17427,Jan 4 2011,Friendly in Saudi Arabia,Saudi Arabia,Angola,1661,1455,0,0,-7,7,1654,1462,52,95,-3,3,49,98,20,100,306
17428,Jan 5 2011,Friendly tournament in Egypt,Egypt,Tanzania,1777,1397,5,1,3,-3,1780,1394,20,114,0,-1,20,113,30,100,480
17429,Jan 5 2011,Friendly tournament in Egypt,Kenya,Sudan,1275,1328,1,0,17,-17,1292,1311,132,132,3,-4,135,128,30,0,-53
17430,Jan 5 2011,Friendly in the United Arab Emirates,United Arab Emirates,Australia,1486,1776,0,0,5,-5,1491,1771,92,22,0,0,92,22,20,100,-190
17431,Jan 5 2011,Friendly tournament in Egypt,Uganda,Burundi,1564,1214,3,1,5,-5,1569,1209,68,154,2,-1,70,153,30,0,350
17432,Jan 7 2011,Asian Cup in Qatar,Qatar,Uzbekistan,1519,1507,0,2,-49,49,1470,1556,106,63,-12,11,94,74,50,100,112
17433,Jan 8 2011,Friendly tournament in Egypt,Burundi,Tanzania,1209,1394,1,1,7,-7,1216,1387,151,113,1,0,152,113,30,0,-185
17434,Jan 8 2011,Asian Cup in Qatar,China,Kuwait,1637,1638,2,0,38,-38,1675,1600,32,65,11,-6,43,59,50,0,-1
17435,Jan 8 2011,Friendly tournament in Egypt,DR Congo,Kenya,1396,1292,1,0,11,-11,1407,1281,106,141,3,-3,109,138,30,0,104
17436,Jan 8 2011,Friendly tournament in Egypt,Egypt,Uganda,1780,1569,1,0,4,-4,1784,1565,20,74,0,-2,20,72,30,100,311
17437,Jan 9 2011,Asian Cup in Qatar,Japan,Jordan,1787,1470,1,1,-18,18,1769,1488,26,90,-4,2,22,92,50,0,317
17438,Jan 9 2011,Asian Cup in Qatar,Syria,Saudi Arabia,1520,1654,2,1,34,-34,1554,1620,68,60,7,-5,75,55,50,0,-134
17439,Jan 10 2011,Asian Cup in Qatar,Australia,India,1771,1162,4,0,3,-3,1774,1159,21,166,0,-1,21,165,50,0,609
17440,Jan 10 2011,Asian Cup in Qatar,South Korea,Bahrain,1741,1459,2,1,8,-8,1749,1451,24,105,3,-3,27,102,50,0,282
17441,Jan 11 2011,Friendly tournament in Egypt,DR Congo,Sudan,1407,1311,2,1,11,-11,1418,1300,107,134,1,-3,108,131,30,0,96
17442,Jan 11 2011,Friendly tournament in Egypt,Egypt,Burundi,1784,1216,3,0,1,-1,1785,1215,17,152,1,0,18,152,20,0,568
17443,Jan 11 2011,Asian Cup in Qatar,Iran,Iraq,1698,1581,2,1,17,-17,1715,1564,31,78,4,-7,35,71,50,0,117
17444,Jan 11 2011,Asian Cup in Qatar,North Korea,United Arab Emirates,1538,1491,0,0,-3,3,1535,1494,78,89,0,1,78,90,40,0,47
17445,Jan 11 2011,Friendly tournament in Egypt,Tanzania,Uganda,1387,1565,1,1,7,-7,1394,1558,113,74,0,-1,113,73,30,0,-178
17446,Jan 12 2011,Asian Cup in Qatar,Qatar,China,1470,1675,2,0,49,-49,1519,1626,71,65,12,-11,83,54,50,100,-105
17447,Jan 12 2011,Asian Cup in Qatar,Uzbekistan,Kuwait,1556,1600,2,1,28,-28,1584,1572,52,79,11,-10,63,69,50,0,-44
17448,Jan 13 2011,Asian Cup in Qatar,Japan,Syria,1769,1554,2,1,11,-11,1780,1543,18,79,2,-2,20,77,50,0,215
17449,Jan 13 2011,Asian Cup in Qatar,Jordan,Saudi Arabia,1488,1620,1,0,34,-34,1522,1586,73,69,10,-7,83,62,50,0,-132
17450,Jan 14 2011,Asian Cup in Qatar,Australia,South Korea,1774,1749,1,1,-2,2,1772,1751,22,25,0,1,22,26,50,0,25
17451,Jan 14 2011,Asian Cup in Qatar,Bahrain,India,1451,1159,5,2,14,-14,1465,1145,92,175,5,-5,97,170,50,0,292
17452,Jan 14 2011,CONCACAF Ch q & C Am Cup in Panama,Costa Rica,Honduras,1669,1676,1,1,0,0,1669,1676,43,42,0,0,43,42,20,0,-7
17453,Jan 14 2011,Friendly tournament in Egypt,Egypt,Kenya,1785,1281,5,1,2,-2,1787,1279,18,138,0,0,18,138,20,0,504
17454,Jan 14 2011,CONCACAF Ch q & C Am Cup in Panama,El Salvador,Nicaragua,1483,1075,2,0,5,-5,1488,1070,94,182,0,-2,94,180,40,0,408
17455,Jan 14 2011,CONCACAF Ch q & C Am Cup in Panama,Panama,Belize,1587,1089,2,0,2,-2,1589,1087,59,176,1,0,60,176,20,0,498
17456,Jan 14 2011,Friendly tournament in Egypt,Uganda,DR Congo,1558,1418,1,0,9,-9,1567,1409,68,110,3,-1,71,109,30,0,140
17457,Jan 15 2011,Asian Cup in Qatar,Iran,North Korea,1715,1535,1,0,13,-13,1728,1522,31,86,2,-4,33,82,50,0,180
17458,Jan 15 2011,Asian Cup in Qatar,Iraq,United Arab Emirates,1564,1494,1,0,20,-20,1584,1474,53,96,10,-2,63,94,50,0,70
17459,Jan 16 2011,Asian Cup in Qatar,China,Uzbekistan,1626,1584,2,2,-3,3,1623,1587,54,61,0,1,54,62,50,0,42
17460,Jan 16 2011,CONCACAF Ch q & C Am Cup in Panama,Costa Rica,Guatemala,1669,1459,2,0,14,-14,1683,1445,41,106,1,-3,42,103,40,0,210
17461,Jan 16 2011,CONCACAF Ch q & C Am Cup in Panama,El Salvador,Belize,1488,1087,5,2,6,-6,1494,1081,91,176,1,0,92,176,40,0,401
17462,Jan 16 2011,CONCACAF Ch q & C Am Cup in Panama,Panama,Nicaragua,1589,1070,2,0,2,-2,1591,1068,60,180,0,0,60,180,30,0,519
17463,Jan 16 2011,Asian Cup in Qatar,Qatar,Kuwait,1519,1572,3,0,38,-38,1557,1534,64,88,10,-9,74,79,50,100,47
17464,Jan 16 2011,Friendly tournament in Egypt,Sudan,Tanzania,1300,1394,2,0,28,-28,1328,1366,117,123,7,-5,124,118,30,0,-94
17465,Jan 17 2011,Friendly tournament in Egypt,DR Congo,Kenya,1409,1279,1,0,10,-10,1419,1269,107,140,1,-1,108,139,30,0,130
17466,Jan 17 2011,Friendly tournament in Egypt,Egypt,Uganda,1787,1567,3,1,6,-6,1793,1561,20,73,-1,-1,19,72,30,100,320
17467,Jan 17 2011,Asian Cup in Qatar,Japan,Saudi Arabia,1780,1586,5,0,25,-25,1805,1561,14,81,3,-9,17,72,50,0,194
17468,Jan 17 2011,Asian Cup in Qatar,Jordan,Syria,1522,1543,2,1,27,-27,1549,1516,71,93,6,-8,77,85,50,0,-21
17469,Jan 18 2011,Asian Cup in Qatar,Australia,Bahrain,1772,1465,1,0,7,-7,1779,1458,20,101,1,-2,21,99,50,0,307
17470,Jan 18 2011,CONCACAF Ch q & C Am Cup in Panama,Belize,Nicaragua,1081,1068,1,1,-1,1,1080,1069,178,180,-1,0,177,180,30,0,13
17471,Jan 18 2011,CONCACAF Ch q & C Am Cup in Panama,Honduras,Guatemala,1676,1445,3,1,13,-13,1689,1432,39,109,2,-3,41,106,40,0,231
17472,Jan 18 2011,CONCACAF Ch q & C Am Cup in Panama,Panama,El Salvador,1591,1494,2,0,15,-15,1606,1479,54,94,3,-1,57,93,40,100,197
17473,Jan 18 2011,Asian Cup in Qatar,South Korea,India,1751,1145,4,1,3,-3,1754,1142,24,170,1,0,25,170,50,0,606
17474,Jan 19 2011,Asian Cup in Qatar,Iran,United Arab Emirates,1728,1474,3,0,16,-16,1744,1458,23,102,5,-4,28,98,50,0,254
17475,Jan 19 2011,Asian Cup in Qatar,Iraq,North Korea,1584,1522,1,0,21,-21,1605,1501,53,95,5,-6,58,89,50,0,62
17476,Jan 19 2011,Friendly in South Africa,Sweden,Botswana,1813,1432,2,1,2,-2,1815,1430,14,108,0,-1,14,107,20,0,381
17477,Jan 21 2011,CONCACAF Ch q & C Am Cup in Panama,Guatemala,Nicaragua,1432,1069,2,1,4,-4,1436,1065,102,180,2,0,104,180,40,0,363
17478,Jan 21 2011,Central American Cup in Panama,Honduras,El Salvador,1689,1479,2,0,14,-14,1703,1465,39,97,1,-2,40,95,40,0,210
17479,Jan 21 2011,Central American Cup in Panama,Panama,Costa Rica,1606,1683,1,1,-1,1,1605,1684,59,43,-1,0,58,43,20,100,23
17480,Jan 21 2011,Asian Cup in Qatar,Qatar,Japan,1557,1805,2,3,-15,15,1542,1820,78,11,-2,3,76,14,50,100,-148
17481,Jan 21 2011,Asian Cup in Qatar,Uzbekistan,Jordan,1587,1549,2,1,22,-22,1609,1527,49,83,7,-3,56,80,50,0,38
17482,Jan 22 2011,Asian Cup in Qatar,Australia,Iraq,1779,1605,1,0,13,-13,1792,1592,19,66,1,-4,20,62,50,0,174
17483,Jan 22 2011,Asian Cup in Qatar,South Korea,Iran,1754,1744,1,0,24,-24,1778,1720,19,42,3,-7,22,35,50,0,10
17484,Jan 22 2011,Friendly in the United States,United States,Chile,1767,1893,1,1,1,-1,1768,1892,25,9,-1,0,24,9,20,100,-26
17485,Jan 23 2011,Central American Cup in Panama,Honduras,Costa Rica,1703,1684,2,1,19,-19,1722,1665,28,47,6,-2,34,45,40,0,19
17486,Jan 23 2011,Central American Cup in Panama,Panama,El Salvador,1605,1465,0,0,-12,12,1593,1477,62,91,-2,2,60,93,40,100,240
17487,Jan 24 2011,Friendly in Vanuatu,Vanuatu,New Caledonia,1229,1289,0,0,-1,1,1228,1290,151,136,-1,0,150,136,20,100,40
17488,Jan 25 2011,Asian Cup in Qatar,Australia,Uzbekistan,1792,1609,6,0,27,-27,1819,1582,8,70,6,-7,14,63,50,0,183
17489,Jan 25 2011,Asian Cup in Qatar,Japan,South Korea,1820,1778,2,2,-3,3,1817,1781,16,22,-1,0,15,22,50,0,42
17490,Jan 28 2011,Asian Cup in Qatar,South Korea,Uzbekistan,1781,1582,3,2,12,-12,1793,1570,18,73,2,-5,20,68,50,0,199
17491,Jan 29 2011,Asian Cup in Qatar,Japan,Australia,1817,1819,1,0,25,-25,1842,1794,9,24,3,-5,12,19,50,0,-2
17492,Feb 6 2011,Friendly in Portugal,Poland,Moldova,1668,1469,1,0,5,-5,1673,1464,43,95,0,0,43,95,20,0,199
17493,Feb 8 2011,Friendly tournament in Cyprus,Cyprus,Sweden,1552,1815,0,2,-13,13,1539,1828,78,13,-2,1,76,14,30,100,-163
17494,Feb 8 2011,Friendly in Equatorial Guinea,Equatorial Guinea,Chad,1198,1229,2,0,12,-12,1210,1217,152,153,2,-2,154,151,20,100,69
17495,Feb 8 2011,Friendly in Belgium,Ghana,Togo,1742,1382,4,1,4,-4,1746,1378,29,119,0,-3,29,116,20,0,360
17496,Feb 8 2011,Friendly tournament in Ireland,Ireland,Wales,1739,1552,3,0,8,-8,1747,1544,25,74,3,0,28,74,30,100,287
17497,Feb 8 2011,Friendly in France,Ivory Coast,Mali,1715,1523,1,0,5,-5,1720,1518,35,82,1,0,36,82,20,0,192
17498,Feb 8 2011,Friendly in Peru,Peru,Panama,1629,1593,1,0,6,-6,1635,1587,52,65,0,-3,52,62,20,100,136
17499,Feb 8 2011,Friendly tournament in Cyprus,Romania,Ukraine,1713,1808,2,2,4,-4,1717,1804,38,17,0,0,38,17,30,0,-95
17500,Feb 9 2011,Friendly in Albania,Albania,Slovenia,1527,1693,1,2,-8,8,1519,1701,82,39,-1,1,81,40,20,100,-66
17501,Feb 9 2011,Friendly in Switzerland,Argentina,Portugal,1992,1897,2,1,7,-7,1999,1890,5,12,0,-2,5,10,20,0,95
17502,Feb 9 2011,Friendly in Turkey,Belarus,Kazakhstan,1666,1320,1,1,-8,8,1658,1328,50,121,-3,3,47,124,20,0,346
17503,Feb 9 2011,Friendly in Belgium,Belgium,Finland,1620,1593,1,1,-4,4,1616,1597,55,57,0,1,55,58,20,100,127
17504,Feb 9 2011,Asian Cup & Asian Chlg Cup q in Cambodia,Cambodia,Macao,801,670,3,1,13,-13,814,657,207,220,0,0,207,220,40,100,231
17505,Feb 9 2011,Friendly in Portugal,Cape Verde,Burkina Faso,1402,1507,1,0,13,-13,1415,1494,107,96,2,-5,109,91,20,0,-105
17506,Feb 9 2011,Friendly in Croatia,Croatia,Czechia,1913,1742,4,2,5,-5,1918,1737,7,31,0,0,7,31,20,100,271
17507,Feb 9 2011,Friendly tournament in Cyprus,Cyprus,Romania,1539,1717,1,1,3,-3,1542,1714,74,38,1,0,75,38,30,100,-78
17508,Feb 9 2011,Friendly in Denmark,Denmark,England,1733,1924,1,2,-7,7,1726,1931,36,6,-2,0,34,6,20,100,-91
17509,Feb 9 2011,Friendly in El Salvador,El Salvador,Haiti,1477,1435,1,0,6,-6,1483,1429,93,109,0,-2,93,107,20,100,142
17510,Feb 9 2011,Friendly in France,France,Brazil,1802,2096,1,0,15,-15,1817,2081,12,3,3,0,15,3,20,100,-194
17511,Feb 9 2011,Friendly in France,Gabon,DR Congo,1564,1419,2,0,9,-9,1573,1410,61,112,5,-2,66,110,20,0,145
17512,Feb 9 2011,Friendly in Cyprus,Georgia,Armenia,1506,1441,2,1,8,-8,1514,1433,81,107,3,-2,84,105,20,0,65
17513,Feb 9 2011,Friendly in Germany,Germany,Italy,2067,1833,1,1,-7,7,2060,1840,4,13,0,0,4,13,20,100,334
17514,Feb 9 2011,Friendly in Greece,Greece,Canada,1750,1599,1,0,4,-4,1754,1595,27,60,0,-1,27,59,20,100,251
17515,Feb 9 2011,Friendly in Portugal,Guinea-Bissau,Gambia,1253,1407,3,1,21,-21,1274,1386,133,114,5,-2,138,112,20,0,-154
17516,Feb 9 2011,Friendly in Honduras,Honduras,Ecuador,1722,1727,1,1,-3,3,1719,1730,40,33,-3,0,37,33,20,100,95
17517,Feb 9 2011,Friendly in the United Arab Emirates,Hungary,Azerbaijan,1641,1458,2,0,8,-8,1649,1450,49,104,1,-3,50,101,20,0,183
17518,Feb 9 2011,Friendly in the United Arab Emirates,Iran,Russia,1720,1827,1,0,13,-13,1733,1814,28,17,4,-1,32,16,20,0,-107
17519,Feb 9 2011,Friendly in Israel,Israel,Serbia,1685,1743,0,2,-17,17,1668,1760,48,22,-3,4,45,26,20,100,42
17520,Feb 9 2011,Friendly in Libya,Libya,Benin,1501,1446,3,2,6,-6,1507,1440,87,102,1,0,88,102,20,100,155
17521,Feb 9 2011,Friendly in Luxembourg,Luxembourg,Slovakia,1111,1658,2,1,19,-19,1130,1639,167,56,4,-5,171,51,20,0,-547
17522,Feb 9 2011,Friendly in Macedonia,Macedonia,Cameroon,1566,1649,0,1,-10,10,1556,1659,76,42,-3,4,73,46,20,100,17
17523,Feb 9 2011,Friendly in Malaysia,Malaysia,Hong Kong,1242,1214,2,0,10,-10,1252,1204,142,159,2,-3,144,156,20,100,128
17524,Feb 9 2011,Friendly in Malta,Malta,Switzerland,1203,1754,0,0,9,-9,1212,1745,150,34,3,-4,153,30,20,0,-551
17525,Feb 9 2011,Friendly in the United States,Mexico,Bosnia and Herzegovina,1846,1627,2,0,7,-7,1853,1620,11,55,0,-1,11,54,20,0,219
17526,Feb 9 2011,Friendly in Portugal,Moldova,Andorra,1464,1013,2,1,1,-1,1465,1012,95,186,0,0,95,186,20,0,451
17527,Feb 9 2011,Friendly in Morocco,Morocco,Niger,1569,1308,3,0,4,-4,1573,1304,63,132,3,-1,66,131,20,100,361
17528,Feb 9 2011,Friendly in Mozambique,Mozambique,Botswana,1381,1430,1,1,-1,1,1380,1431,114,105,0,1,114,106,20,100,51
17529,Feb 9 2011,Friendly in Namibia,Namibia,Malawi,1292,1413,1,2,-9,9,1283,1422,139,107,-2,1,137,108,20,100,-21
17530,Feb 9 2011,Friendly in the Netherlands,Netherlands,Austria,2105,1604,3,1,1,-1,2106,1603,2,57,0,0,2,57,20,100,601
17531,Feb 9 2011,Friendly in Nigeria,Nigeria,Sierra Leone,1652,1296,2,1,1,-1,1653,1295,49,135,0,-1,49,134,20,100,456
17532,Feb 9 2011,Asian Cup & Asian Chlg Cup q in the Philippines,Philippines,Mongolia,942,793,2,0,12,-12,954,781,191,210,0,-1,191,209,40,100,249
17533,Feb 9 2011,Friendly in Portugal,Poland,Norway,1673,1809,1,0,14,-14,1687,1795,41,20,1,-2,42,18,20,0,-136
17534,Feb 9 2011,Friendly in San Marino,San Marino,Liechtenstein,906,1170,0,1,-6,6,900,1176,199,161,-1,0,198,161,20,100,-164
17535,Feb 9 2011,Friendly tournament in Ireland,Scotland,Northern Ireland,1658,1577,3,0,20,-20,1678,1557,40,78,3,-6,43,72,30,0,81
17536,Feb 9 2011,Friendly in Senegal,Senegal,Guinea,1580,1518,3,0,10,-10,1590,1508,58,90,3,-4,61,86,20,100,162
17537,Feb 9 2011,Friendly in South Africa,South Africa,Kenya,1608,1269,2,0,2,-2,1610,1267,56,141,0,-1,56,140,20,100,439
17538,Feb 9 2011,Friendly in Spain,Spain,Colombia,2116,1764,1,0,1,-1,2117,1763,1,25,0,0,1,25,20,100,452
17539,Feb 9 2011,Friendly in Swaziland,Swaziland,Zambia,1149,1506,0,4,-7,7,1142,1513,170,83,-1,2,169,85,20,100,-257
17540,Feb 9 2011,Friendly tournament in Cyprus,Sweden,Ukraine,1828,1804,1,1,-1,1,1827,1805,14,17,0,0,14,17,20,0,24
17541,Feb 9 2011,Friendly in Tanzania,Tanzania,Palestine,1366,1158,1,0,3,-3,1369,1155,118,165,0,0,118,165,20,100,308
17542,Feb 9 2011,Friendly in Turkey,Turkey,South Korea,1777,1793,0,0,-2,2,1775,1795,23,16,0,2,23,18,20,100,84
17543,Feb 9 2011,Friendly in Venezuela,Venezuela,Costa Rica,1705,1665,2,2,-4,4,1701,1669,40,43,0,1,40,44,20,100,140
17544,Feb 10 2011,Asian Cup & Asian Chlg Cup q in Taiwan,Taiwan,Laos,922,864,5,2,20,-20,942,844,189,205,3,-1,192,204,40,100,158
17545,Feb 14 2011,Friendly in Bahrain,Bahrain,Kuwait,1458,1534,0,0,-1,1,1457,1535,100,76,-1,1,99,77,20,100,24
17546,Feb 16 2011,Asian Cup & Asian Chlg Cup q in Laos,Laos,Taiwan,844,942,1,1,0,0,844,942,204,192,0,0,204,192,20,100,2
17547,Feb 16 2011,Asian Cup & Asian Chlg Cup q in Macao,Macao,Cambodia,657,814,3,2,23,-23,680,791,218,209,1,-1,219,208,40,100,-57
17548,Mar 11 2011,Friendly in Gibraltar,Gibraltar,Faroe Islands,1126,1209,3,0,17,-17,1143,1192,166,157,3,-1,169,156,20,100,17
17549,Mar 15 2011,Asian Cup & Asian Chlg Cup q in Mongolia,Mongolia,Philippines,781,954,2,1,24,-24,805,930,205,195,2,-2,207,193,40,100,-73
17550,Mar 16 2011,Friendly in Argentina,Argentina,Venezuela,1999,1701,4,1,3,-3,2002,1698,5,42,0,-1,5,41,20,100,398
17551,Mar 16 2011,Friendly in Botswana,Botswana,Namibia,1431,1283,1,1,-6,6,1425,1289,108,135,-1,1,107,136,20,100,248
17552,Mar 17 2011,Friendly in Nepal,Nepal,Bhutan,955,598,1,0,1,-1,956,597,190,224,0,0,190,224,20,100,457
17553,Mar 19 2011,Friendly in Nepal,Nepal,Bhutan,956,597,2,1,1,-1,957,596,190,224,0,0,190,224,20,100,459
17554,Mar 21 2011,Asian Cup & Asian Chlg Cup q in Malaysia,India,Taiwan,1142,942,3,0,17,-17,1159,925,162,197,4,-3,166,194,40,0,200
17555,Mar 21 2011,Asian Cup & Asian Chlg Cup q in the Maldives,Maldives,Cambodia,1155,791,4,0,5,-5,1160,786,165,209,0,0,165,209,40,100,464
17556,Mar 21 2011,Asian Cup & Asian Chlg Cup q in Myanmar,Myanmar,Philippines,1126,930,1,1,-14,14,1112,944,177,189,-2,2,175,191,40,100,296
17557,Mar 21 2011,Asian Cup & Asian Chlg Cup q in Myanmar,Palestine,Bangladesh,1155,926,2,0,13,-13,1168,913,161,195,2,0,163,195,40,0,229
17558,Mar 21 2011,Asian Cup & Asian Chlg Cup q in the Maldives,Tajikistan,Kyrgyzstan,1273,1164,1,0,14,-14,1287,1150,135,173,2,-5,137,168,40,0,109
17559,Mar 21 2011,Asian Cup & Asian Chlg Cup q in Malaysia,Turkmenistan,Pakistan,1372,889,3,0,4,-4,1376,885,117,201,0,0,117,201,40,0,483
17560,Mar 23 2011,Asian Cup & Asian Chlg Cup q in India,Afghanistan,Bhutan,773,596,3,0,19,-19,792,577,208,228,1,-2,209,226,40,0,177
17561,Mar 23 2011,Asian Cup & Asian Chlg Cup q in Malaysia,India,Pakistan,1159,885,3,1,10,-10,1169,875,162,201,2,0,164,201,40,0,274
17562,Mar 23 2011,Asian Cup & Asian Chlg Cup q in the Maldives,Maldives,Kyrgyzstan,1160,1150,2,1,14,-14,1174,1136,159,174,3,-3,162,171,40,100,110
17563,Mar 23 2011,Asian Cup & Asian Chlg Cup q in Myanmar,Myanmar,Bangladesh,1112,913,0,2,-51,51,1061,964,185,183,-5,6,180,189,40,100,299
17564,Mar 23 2011,Asian Cup & Asian Chlg Cup q in Myanmar,Palestine,Philippines,1168,944,0,0,-11,11,1157,955,169,193,-3,-1,166,192,30,100,324
17565,Mar 23 2011,Asian Cup & Asian Chlg Cup q in the Maldives,Tajikistan,Cambodia,1287,786,3,0,4,-4,1291,782,133,211,2,-1,135,210,40,0,501
17566,Mar 23 2011,Asian Cup & Asian Chlg Cup q in Malaysia,Turkmenistan,Taiwan,1376,925,2,0,4,-4,1380,921,111,196,3,-1,114,195,40,0,451
17567,Mar 24 2011,Friendly in Cuba,Cuba,El Salvador,1498,1483,0,1,-13,13,1485,1496,96,87,-3,3,93,90,20,100,115
17568,Mar 25 2011,Asian Cup & Asian Chlg Cup q in India,Afghanistan,Bhutan,792,577,2,0,13,-13,805,564,205,230,2,-2,207,228,40,0,215
17569,Mar 25 2011,European Championship qual in Austria,Austria,Belgium,1603,1616,0,2,-37,37,1566,1653,79,41,-11,7,68,48,40,100,87
17570,Mar 25 2011,Friendly in China,China,New Zealand,1623,1573,1,1,-4,4,1619,1577,57,62,-2,2,55,64,20,100,150
17571,Mar 25 2011,Friendly in Estonia,Estonia,Uruguay,1473,1892,2,0,26,-26,1499,1866,86,12,4,-2,90,10,20,100,-319
17572,Mar 25 2011,European Championship qual in Hungary,Hungary,Netherlands,1649,2106,0,4,-9,9,1640,2115,50,2,0,0,50,2,40,100,-357
17573,Mar 25 2011,Asian Cup & Asian Chlg Cup q in Malaysia,India,Turkmenistan,1169,1380,1,1,11,-11,1180,1369,156,120,4,-3,160,117,40,0,-211
17574,Mar 25 2011,Friendly in Jamaica,Jamaica,Venezuela,1657,1698,0,2,-18,18,1639,1716,54,33,-3,4,51,37,20,100,59
17575,Mar 25 2011,Asian Cup & Asian Chlg Cup q in the Maldives,Kyrgyzstan,Cambodia,1136,782,4,3,5,-5,1141,777,171,210,0,0,171,210,40,0,354
17576,Mar 25 2011,Friendly in Lithuania,Lithuania,Poland,1589,1687,2,0,15,-15,1604,1672,52,44,5,-1,57,43,20,100,2
17577,Mar 25 2011,European Championship qual in Luxembourg,Luxembourg,France,1130,1817,0,2,-2,2,1128,1819,172,15,0,0,172,15,40,100,-587
17578,Mar 25 2011,Asian Cup & Asian Chlg Cup q in the Maldives,Maldives,Tajikistan,1174,1291,0,0,1,-1,1175,1290,166,135,-2,0,164,135,30,100,-17
17579,Mar 25 2011,Friendly in Montenegro,Montenegro,Uzbekistan,1722,1570,1,0,4,-4,1726,1566,33,67,1,1,34,68,20,100,252
17580,Mar 25 2011,Asian Cup & Asian Chlg Cup q in Myanmar,Myanmar,Palestine,1061,1157,1,3,-30,30,1031,1187,186,150,-3,8,183,158,40,100,4
17581,Mar 25 2011,Asian Cup & Asian Chlg Cup q in Malaysia,Pakistan,Taiwan,875,921,2,0,34,-34,909,887,191,207,5,-6,196,201,40,0,-46
17582,Mar 25 2011,Friendly in Panama,Panama,Bolivia,1587,1581,2,0,11,-11,1598,1570,53,70,5,-3,58,67,20,100,106
17583,Mar 25 2011,Asian Cup & Asian Chlg Cup q in Myanmar,Philippines,Bangladesh,955,964,3,0,36,-36,991,928,184,197,4,-4,188,193,40,0,-9
17584,Mar 25 2011,European Championship qual in Serbia,Serbia,Northern Ireland,1760,1557,2,1,6,-6,1766,1551,24,74,1,-1,25,73,40,100,303
17585,Mar 25 2011,European Championship qual in Slovenia,Slovenia,Italy,1701,1840,0,1,-18,18,1683,1858,42,9,-1,2,41,11,40,100,-39
17586,Mar 25 2011,Friendly in South Korea,South Korea,Honduras,1795,1719,4,0,10,-10,1805,1709,16,41,1,-2,17,39,20,100,176
17587,Mar 25 2011,European Championship qual in Spain,Spain,Czechia,2117,1737,2,1,2,-2,2119,1735,1,31,0,0,1,31,20,0,380
17588,Mar 26 2011,European Championship qual in Albania,Albania,Belarus,1519,1658,1,0,22,-22,1541,1636,71,59,5,-6,76,53,40,100,-39
17589,Mar 26 2011,European Championship qual in Andorra,Andorra,Slovakia,1012,1639,0,1,-2,2,1010,1641,186,45,0,3,186,48,40,100,-527
17590,Mar 26 2011,European Championship qual in Armenia,Armenia,Russia,1433,1814,0,0,13,-13,1446,1801,97,20,4,-2,101,18,40,100,-281
17591,Mar 26 2011,European Championship qual in Bosnia and Herzegovina,Bosnia and Herzegovina,Romania,1620,1714,2,1,20,-20,1640,1694,46,42,4,-2,50,40,40,100,6
17592,Mar 26 2011,European Championship qual in Bulgaria,Bulgaria,Switzerland,1707,1745,0,0,-4,4,1703,1749,38,28,1,1,39,29,40,100,62
17593,Mar 26 2011,African Nations Cup qualifier in Burkina Faso,Burkina Faso,Namibia,1494,1289,4,0,11,-11,1505,1278,86,141,3,-2,89,139,40,100,305
17594,Mar 26 2011,African Nations Cup qualifier in Cape Verde,Cape Verde,Liberia,1415,1235,4,2,10,-10,1425,1225,109,150,0,-1,109,149,40,100,280
17595,Mar 26 2011,African Nations Cup qualifier in Chad,Chad,Botswana,1217,1425,0,1,-14,14,1203,1439,157,101,-3,3,154,104,40,100,-108
17596,Mar 26 2011,Friendly in Spain,Colombia,Ecuador,1763,1730,2,0,14,-14,1777,1716,16,39,5,-3,21,36,20,0,33
17597,Mar 26 2011,Friendly in Costa Rica,Costa Rica,China,1669,1619,2,2,-4,4,1665,1623,46,57,-1,-1,45,56,20,100,150
17598,Mar 26 2011,European Championship qual in Cyprus,Cyprus,Iceland,1542,1435,0,0,-11,11,1531,1446,85,98,-5,3,80,101,40,100,207
17599,Mar 26 2011,European Championship qual in Georgia,Georgia,Croatia,1514,1918,1,0,34,-34,1548,1884,64,11,10,-2,74,9,40,100,-304
17600,Mar 26 2011,European Championship qual in Germany,Germany,Kazakhstan,2060,1328,4,0,1,-1,2061,1327,4,124,0,0,4,124,20,0,732
17601,Mar 26 2011,African Nations Cup qualifier in Guinea-Bissau,Guinea-Bissau,Uganda,1274,1561,0,1,-10,10,1264,1571,143,64,-2,3,141,67,40,100,-187
17602,Mar 26 2011,Friendly in the United Arab Emirates,Iraq,North Korea,1592,1501,2,0,11,-11,1603,1490,57,97,2,-4,59,93,20,0,91
17603,Mar 26 2011,European Championship qual in Ireland,Ireland,Macedonia,1747,1556,2,1,6,-6,1753,1550,28,74,0,-1,28,73,40,100,291
17604,Mar 26 2011,European Championship qual in Israel,Israel,Latvia,1668,1530,2,1,8,-8,1676,1522,41,87,2,-4,43,83,40,100,238
17605,Mar 26 2011,Friendly in the United Arab Emirates,Jordan,Kuwait,1527,1535,1,1,0,0,1527,1535,82,77,-1,0,81,77,20,0,-8
17606,Mar 26 2011,African Nations Cup qualifier in Kenya,Kenya,Angola,1267,1462,2,1,25,-25,1292,1437,130,113,5,-8,135,105,40,100,-95
17607,Mar 26 2011,African Nations Cup qualifier in Malawi,Malawi,Togo,1422,1378,1,0,12,-12,1434,1366,106,122,1,-3,107,119,40,100,144
17608,Mar 26 2011,African Nations Cup qualifier in Mali,Mali,Zimbabwe,1518,1330,1,0,6,-6,1524,1324,82,129,0,-3,82,126,40,100,288
17609,Mar 26 2011,European Championship qual in Malta,Malta,Greece,1212,1754,0,1,-3,3,1209,1757,151,27,1,0,152,27,40,100,-442
17610,Mar 26 2011,Friendly in the United States,Mexico,Paraguay,1853,1785,3,1,12,-12,1865,1773,10,24,1,-1,11,23,20,0,68
17611,Mar 26 2011,European Championship qual in Norway,Norway,Denmark,1795,1726,1,1,-9,9,1786,1735,21,28,-1,3,20,31,40,100,169
17612,Mar 26 2011,Friendly in Portugal,Portugal,Chile,1890,1892,1,1,-3,3,1887,1895,7,6,1,1,8,7,20,100,98
17613,Mar 26 2011,African Nations Cup qualifier in Rwanda,Rwanda,Burundi,1364,1215,3,1,12,-12,1376,1203,115,156,2,-2,117,154,40,100,249
17614,Mar 26 2011,African Nations Cup qualifier in Senegal,Senegal,Cameroon,1590,1659,1,0,18,-18,1608,1641,52,50,5,-2,57,48,30,0,-69
17615,Mar 26 2011,African Nations Cup qualifier in South Africa,South Africa,Egypt,1610,1793,1,0,25,-25,1635,1768,52,29,2,-4,54,25,40,100,-83
17616,Mar 26 2011,African Nations Cup qualifier in Tanzania,Tanzania,Central African Republic,1369,1246,2,1,9,-9,1378,1237,115,147,1,-1,116,146,40,100,223
17617,Mar 26 2011,Friendly in the United States,United States,Argentina,1768,2002,1,1,4,-4,1772,1998,24,5,0,0,24,5,20,100,-134
17618,Mar 26 2011,European Championship qual in Wales,Wales,England,1544,1931,0,2,-10,10,1534,1941,84,6,-5,0,79,6,40,100,-287
17619,Mar 27 2011,African Nations Cup qualifier in Algeria,Algeria,Morocco,1464,1573,1,0,21,-21,1485,1552,92,77,2,-6,94,71,40,100,-9
17620,Mar 27 2011,Friendly in England,Brazil,Scotland,2081,1678,2,0,3,-3,2084,1675,3,44,0,-1,3,43,20,0,403
17621,Mar 27 2011,African Nations Cup qualifier in Congo,Congo,Ghana,1382,1746,0,3,-13,13,1369,1759,119,24,-3,3,116,27,40,100,-264
17622,Mar 27 2011,African Nations Cup qualifier in the Dem Rep of the Congo,DR Congo,Mauritius,1410,1030,3,0,4,-4,1414,1026,110,184,0,0,110,184,20,0,380
17623,Mar 27 2011,African Nations Cup qualifier in Ghana,Ivory Coast,Benin,1720,1440,2,1,7,-7,1727,1433,33,111,1,-4,34,107,40,0,280
17624,Mar 27 2011,African Nations Cup qualifier in Madagascar,Madagascar,Guinea,1236,1508,1,1,9,-9,1245,1499,143,92,2,-3,145,89,40,100,-172
17625,Mar 27 2011,African Nations Cup qualifier in Mozambique,Mozambique,Zambia,1380,1513,0,2,-27,27,1353,1540,126,69,-6,8,120,77,40,100,-33
17626,Mar 27 2011,African Nations Cup qualifier in Niger,Niger,Sierra Leone,1304,1295,3,1,21,-21,1325,1274,119,144,6,-5,125,139,40,100,109
17627,Mar 27 2011,African Nations Cup qualifier in Nigeria,Nigeria,Ethiopia,1653,1326,4,0,6,-6,1659,1320,46,131,0,-3,46,128,40,100,427
17628,Mar 27 2011,Friendly in Sri Lanka,Sri Lanka,Tajikistan,932,1290,2,2,6,-6,938,1284,192,138,0,-1,192,137,20,100,-258
17629,Mar 27 2011,Friendly in Saint Kitts and Nevis,Saint Kitts and Nevis,Grenada,1170,1300,0,0,1,-1,1171,1299,165,132,0,0,165,132,20,100,-30
17630,Mar 27 2011,African Nations Cup qualifier in Sudan,Sudan,Swaziland,1328,1142,3,0,11,-11,1339,1131,119,172,2,-1,121,171,40,100,286
17631,Mar 28 2011,Friendly in Guatemala,Guatemala,Bolivia,1436,1570,1,1,1,-1,1437,1569,103,67,1,0,104,67,20,100,-34
17632,Mar 28 2011,African Nations Cup qualifier in Mali,Libya,Comoros,1507,862,3,0,2,-2,1509,860,85,203,1,0,86,203,40,0,645
17633,Mar 29 2011,European Championship qual in Belgium,Belgium,Azerbaijan,1653,1450,4,1,10,-10,1663,1440,45,104,1,-2,46,102,40,100,303
17634,Mar 29 2011,Friendly in Turkey,Canada,Belarus,1595,1636,1,0,11,-11,1606,1625,56,59,3,-3,59,56,20,0,-41
17635,Mar 29 2011,Friendly in the Netherlands,Chile,Colombia,1895,1777,2,0,10,-10,1905,1767,7,27,0,-3,7,24,20,0,118
17636,Mar 29 2011,Friendly in China,China,Honduras,1623,1709,3,0,17,-17,1640,1692,44,42,6,-2,50,40,20,100,14
17637,Mar 29 2011,Friendly in Costa Rica,Costa Rica,Argentina,1665,1998,0,0,6,-6,1671,1992,45,5,0,0,45,5,20,100,-233
17638,Mar 29 2011,Friendly in Cuba,Cuba,Panama,1485,1598,0,2,-14,14,1471,1612,96,54,-1,3,95,57,20,100,-13
17639,Mar 29 2011,Friendly in Cyprus,Cyprus,Bulgaria,1531,1703,0,1,-8,8,1523,1711,85,37,-2,1,83,38,20,100,-72
17640,Mar 29 2011,European Championship qual in Czechia,Czechia,Liechtenstein,1735,1176,2,0,1,-1,1736,1175,33,163,-1,0,32,163,20,0,559
17641,Mar 29 2011,Friendly in the Netherlands,Ecuador,Peru,1716,1635,0,0,-2,2,1714,1637,38,52,-1,1,37,53,20,0,81
17642,Mar 29 2011,Friendly in El Salvador,El Salvador,Jamaica,1496,1639,2,3,-9,9,1487,1648,95,44,-2,4,93,48,20,100,-43
17643,Mar 29 2011,Friendly in England,England,Ghana,1941,1759,1,1,-7,7,1934,1766,6,23,0,2,6,25,20,100,282
17644,Mar 29 2011,Friendly in Equatorial Guinea,Equatorial Guinea,Gambia,1210,1386,1,0,12,-12,1222,1374,149,118,1,-3,150,115,20,100,-76
17645,Mar 29 2011,European Championship qual in Estonia,Estonia,Serbia,1499,1766,1,1,9,-9,1508,1757,85,28,2,-1,87,27,40,100,-167
17646,Mar 29 2011,Friendly in France,France,Croatia,1819,1884,0,0,-1,1,1818,1885,15,9,0,0,15,9,20,100,35
17647,Mar 29 2011,Friendly in Germany,Germany,Australia,2061,1794,1,2,-18,18,2043,1812,4,13,0,3,4,16,20,100,367
17648,Mar 29 2011,Friendly in Greece,Greece,Poland,1757,1672,0,0,-5,5,1752,1677,28,42,0,1,28,43,20,100,185
17649,Mar 29 2011,Friendly in Ireland,Ireland,Uruguay,1753,1866,2,3,-10,10,1743,1876,33,10,-2,0,31,10,20,100,-13
17650,Mar 29 2011,European Championship qual in Israel,Israel,Georgia,1676,1548,1,0,8,-8,1684,1540,40,82,1,-4,41,78,40,100,228
17651,Mar 29 2011,Friendly in the United Arab Emirates,Jordan,North Korea,1527,1490,1,1,-1,1,1526,1491,80,91,1,1,81,92,20,0,37
17652,Mar 29 2011,Friendly in the United Arab Emirates,Kuwait,Iraq,1535,1603,1,0,12,-12,1547,1591,70,65,4,-3,74,62,20,0,-68
17653,Mar 29 2011,European Championship qual in Lithuania,Lithuania,Spain,1604,2119,1,3,-5,5,1599,2124,62,1,-2,0,60,1,40,100,-415
17654,Mar 29 2011,Friendly in the United States,Mexico,Venezuela,1865,1716,1,1,-4,4,1861,1720,13,36,-1,0,12,36,20,0,149
17655,Mar 29 2011,European Championship qual in the Netherlands,Netherlands,Hungary,2115,1640,5,3,2,-2,2117,1638,2,54,0,-2,2,52,20,0,475
17656,Mar 29 2011,Friendly in Nigeria,Nigeria,Kenya,1659,1292,3,0,2,-2,1661,1290,48,134,-1,0,47,134,20,100,467
17657,Mar 29 2011,European Championship qual in Northern Ireland,Northern Ireland,Slovenia,1551,1683,0,0,2,-2,1553,1681,70,43,1,-1,71,42,40,100,-32
17658,Mar 29 2011,Friendly in Oman,Oman,Tunisia,1535,1578,2,1,8,-8,1543,1570,74,69,2,-3,76,66,20,100,57
17659,Mar 29 2011,Friendly in Portugal,Portugal,Finland,1887,1597,2,0,3,-3,1890,1594,8,61,0,0,8,61,20,100,390
17660,Mar 29 2011,Friendly in Qatar,Qatar,Russia,1542,1801,1,1,4,-4,1546,1797,75,18,0,0,75,18,20,100,-159
17661,Mar 29 2011,European Championship qual in Romania,Romania,Luxembourg,1694,1128,3,1,1,-1,1695,1127,38,172,1,0,39,172,20,0,566
17662,Mar 29 2011,Friendly in Slovakia,Slovakia,Denmark,1641,1735,1,2,-10,10,1631,1745,62,29,-7,1,55,30,20,100,6
17663,Mar 29 2011,Friendly in Sri Lanka,Sri Lanka,Tajikistan,938,1284,0,2,-6,6,932,1290,192,131,0,3,192,134,20,100,-246
17664,Mar 29 2011,European Championship qual in Sweden,Sweden,Moldova,1827,1465,2,1,3,-3,1830,1462,14,96,0,0,14,96,30,0,362
17665,Mar 29 2011,European Championship qual in Turkey,Turkey,Austria,1775,1566,2,0,9,-9,1784,1557,22,72,0,-2,22,70,40,100,309
17666,Mar 29 2011,Friendly in Ukraine,Ukraine,Italy,1805,1858,0,2,-17,17,1788,1875,22,10,-3,1,19,11,20,100,47
17667,Mar 29 2011,Friendly in the United States,United States,Paraguay,1772,1773,0,1,-13,13,1759,1786,28,17,-2,3,26,20,20,100,99
17668,Apr 2 2011,Friendly in Grenada,Grenada,Saint Kitts and Nevis,1299,1171,0,1,-16,16,1283,1187,142,151,-5,7,137,158,20,100,228
17669,Apr 3 2011,Friendly in Tahiti,Tahiti,New Caledonia,1178,1290,1,3,-14,14,1164,1304,167,131,-2,1,165,132,20,100,-12
17670,Apr 6 2011,Friendly in Tahiti,Tahiti,New Caledonia,1164,1304,1,0,11,-11,1175,1293,161,134,2,-1,163,133,20,100,-40
17671,Apr 7 2011,Asian Cup & Asian Chlg Cup q in Nepal,Nepal,Afghanistan,957,805,1,0,8,-8,965,797,189,209,1,-1,190,208,40,100,252
17672,Apr 7 2011,Asian Cup & Asian Chlg Cup q in Nepal,North Korea,Sri Lanka,1491,932,4,0,3,-3,1494,929,90,192,1,0,91,192,40,0,559
17673,Apr 9 2011,Asian Cup & Asian Chlg Cup q in Nepal,Afghanistan,Sri Lanka,797,929,1,0,27,-27,824,902,206,202,1,-5,207,197,40,0,-132
17674,Apr 9 2011,Asian Cup & Asian Chlg Cup q in Nepal,Nepal,North Korea,965,1494,0,1,-3,3,962,1497,190,91,0,0,190,91,40,100,-429
17675,Apr 11 2011,Asian Cup & Asian Chlg Cup q in Nepal,Nepal,Sri Lanka,962,902,0,0,-9,9,953,911,192,191,-1,3,191,194,40,100,160
17676,Apr 11 2011,Asian Cup & Asian Chlg Cup q in Nepal,North Korea,Afghanistan,1497,824,2,0,1,-1,1498,823,91,207,0,0,91,207,20,0,673
17677,Apr 20 2011,Friendly in Argentina,Argentina,Ecuador,1992,1714,2,2,-8,8,1984,1722,5,35,0,1,5,36,20,100,378
17678,Apr 23 2011,Friendly in Mozambique,Mozambique,Tanzania,1353,1378,2,0,12,-12,1365,1366,118,121,1,-4,119,117,20,100,75
17679,May 4 2011,Friendly in New Caledonia,New Caledonia,Réunion,1293,1339,2,4,-17,17,1276,1356,143,119,-5,1,138,120,20,100,54
17680,May 7 2011,Friendly in Italy,Monaco,Vatican,890,705,2,1,5,-5,895,700,200,217,0,-2,200,215,20,0,185
17681,May 7 2011,Friendly in New Caledonia,New Caledonia,Réunion,1276,1356,1,3,-16,16,1260,1372,144,110,-3,5,141,115,20,100,20
17682,May 14 2011,Friendly in Tanzania,Tanzania,South Africa,1366,1635,0,1,-5,5,1361,1640,122,46,-2,4,120,50,20,100,-169
17683,May 20 2011,Friendly in Guyana,Guyana,Barbados,1306,1256,1,0,6,-6,1312,1250,129,145,1,-1,130,144,20,100,150
17684,May 22 2011,Friendly in Guyana,Guyana,Barbados,1312,1250,3,2,6,-6,1318,1244,128,146,1,-1,129,145,20,100,162
17685,May 24 2011,Friendly tournament in Ireland,Ireland,Northern Ireland,1743,1553,5,0,10,-10,1753,1543,25,79,3,-4,28,75,20,0,190
17686,May 25 2011,Friendly tournament in Argentina,Argentina,Paraguay,1984,1786,4,2,7,-7,1991,1779,5,24,0,-2,5,22,20,0,198
17687,May 25 2011,Friendly tournament in Ireland,Scotland,Wales,1675,1534,3,1,14,-14,1689,1520,38,88,3,-4,41,84,30,0,141
17688,May 25 2011,Friendly in Swaziland,Swaziland,Botswana,1131,1439,0,0,5,-5,1136,1434,171,107,0,-2,171,105,20,100,-208
17689,May 26 2011,Friendly in Cuba,Cuba,Nicaragua,1471,1065,1,1,-9,9,1462,1074,95,175,0,2,95,177,20,100,506
17690,May 27 2011,Friendly in Barbados,Barbados,St Vincent & Grenadines,1244,1185,0,0,-4,4,1240,1189,147,154,-1,3,146,157,20,100,159
17691,May 27 2011,Friendly in Grenada,Grenada,Antigua and Barbuda,1283,1260,2,2,-3,3,1280,1263,136,141,0,0,136,141,20,100,123
17692,May 27 2011,Friendly tournament in Ireland,Wales,Northern Ireland,1520,1543,2,0,24,-24,1544,1519,66,93,9,-9,75,84,30,0,-23
17693,May 28 2011,Friendly in Cuba,Cuba,Nicaragua,1462,1074,2,1,1,-1,1463,1073,95,177,0,0,95,177,20,100,488
17694,May 28 2011,Friendly in the United States,Ecuador,Mexico,1722,1861,1,1,4,-4,1726,1857,34,12,1,0,35,12,20,0,-139
17695,May 28 2011,Friendly in Ethiopia,Ethiopia,Sudan,1320,1339,1,2,-12,12,1308,1351,134,122,-3,0,131,122,20,100,81
17696,May 29 2011,Friendly in Barbados,Barbados,Guyana,1240,1318,1,1,-1,1,1239,1319,146,128,0,0,146,128,20,100,22
17697,May 29 2011,Friendly in the United States,El Salvador,Honduras,1487,1692,2,2,5,-5,1492,1687,93,40,0,0,93,40,20,0,-205
17698,May 29 2011,Friendly in Germany,Germany,Uruguay,2043,1876,2,1,4,-4,2047,1872,4,12,0,-1,4,11,20,100,267
17699,May 29 2011,Friendly tournament in Ireland,Ireland,Scotland,1753,1689,1,0,8,-8,1761,1681,24,43,2,-1,26,42,20,0,64
17700,May 29 2011,Friendly in Panama,Panama,Grenada,1612,1280,2,0,2,-2,1614,1278,57,136,0,0,57,136,20,100,432
17701,May 29 2011,Friendly in Swaziland,Swaziland,Malawi,1136,1434,1,1,5,-5,1141,1429,169,109,1,-2,170,107,20,100,-198
17702,May 29 2011,Friendly in Tunisia,Tunisia,Central African Republic,1570,1237,3,0,3,-3,1573,1234,62,147,2,0,64,147,20,100,433
17703,Jun 1 2011,Friendly in Canada,Canada,Ecuador,1606,1726,2,2,1,-1,1607,1725,59,39,0,-2,59,37,20,100,-20
17704,Jun 1 2011,Friendly in Ethiopia,Ethiopia,Sudan,1308,1351,1,1,-2,2,1306,1353,131,122,0,0,131,122,20,100,57
17705,Jun 1 2011,Friendly in Guatemala,Guatemala,Venezuela,1437,1720,0,2,-8,8,1429,1728,109,31,-3,3,106,34,20,100,-183
17706,Jun 1 2011,Friendly tournament in Japan,Japan,Peru,1842,1637,0,0,-11,11,1831,1648,13,42,0,6,13,48,30,100,305
17707,Jun 1 2011,Friendly in the United States,Mexico,New Zealand,1857,1577,3,0,6,-6,1863,1571,12,67,0,-2,12,65,20,0,280
17708,Jun 1 2011,Friendly in Nigeria,Nigeria,Argentina,1661,1991,4,1,28,-28,1689,1963,33,5,7,0,40,5,20,100,-230
17709,Jun 1 2011,Friendly in Ukraine,Ukraine,Uzbekistan,1788,1566,2,0,4,-4,1792,1562,19,68,0,0,19,68,20,100,322
17710,Jun 3 2011,European Championship qual in Austria,Austria,Germany,1557,2047,1,2,-4,4,1553,2051,68,4,1,0,69,4,40,100,-390
17711,Jun 3 2011,European Championship qual in Belarus,Belarus,France,1625,1818,1,1,5,-5,1630,1813,54,15,1,0,55,15,20,0,-193
17712,Jun 3 2011,European Championship qual in Belgium,Belgium,Turkey,1663,1784,1,1,1,-1,1664,1783,47,21,0,0,47,21,20,100,-21
17713,Jun 3 2011,European Championship qual in Croatia,Croatia,Georgia,1885,1540,2,1,3,-3,1888,1537,9,80,0,-1,9,79,40,100,445
17714,Jun 3 2011,European Championship qual in the Faroe Islands,Faroe Islands,Slovenia,1192,1681,0,2,-6,6,1186,1687,166,39,-5,2,161,41,40,100,-389
17715,Jun 3 2011,African Nations Cup qualifier in Ghana,Ghana,Congo,1766,1369,3,1,3,-3,1769,1366,21,118,2,-1,23,117,20,0,397
17716,Jun 3 2011,Friendly in Hong Kong,Hong Kong,Malaysia,1204,1252,1,1,-1,1,1203,1253,155,143,-1,0,154,143,20,100,52
17717,Jun 3 2011,European Championship qual in Italy,Italy,Estonia,1875,1508,3,0,4,-4,1879,1504,10,91,0,-2,10,89,20,0,367
17718,Jun 3 2011,European Championship qual in Kazakhstan,Kazakhstan,Azerbaijan,1327,1440,2,1,21,-21,1348,1419,122,116,1,-7,123,109,40,100,-13
17719,Jun 3 2011,European Championship qual in Liechtenstein,Liechtenstein,Lithuania,1175,1599,2,0,52,-52,1227,1547,135,84,14,-12,149,72,40,100,-324
17720,Jun 3 2011,Friendly in Luxembourg,Luxembourg,Hungary,1127,1638,0,1,-2,2,1125,1640,172,48,0,3,172,51,20,100,-411
17721,Jun 3 2011,European Championship qual in Moldova,Moldova,Sweden,1462,1830,1,4,-12,12,1450,1842,102,12,-3,1,99,13,40,100,-268
17722,Jun 3 2011,European Championship qual in Romania,Romania,Bosnia and Herzegovina,1695,1640,3,0,20,-20,1715,1620,37,61,1,-5,38,56,40,100,155
17723,Jun 3 2011,European Championship qual in San Marino,San Marino,Finland,900,1594,0,1,-1,1,899,1595,198,59,0,1,198,60,20,100,-594
17724,Jun 3 2011,Friendly in South Korea,South Korea,Serbia,1805,1757,2,1,6,-6,1811,1751,17,30,0,-1,17,29,20,100,148
17725,Jun 4 2011,Friendly in Bolivia,Bolivia,Paraguay,1569,1779,0,2,-10,10,1559,1789,72,18,-3,2,69,20,20,100,-110
17726,Jun 4 2011,Friendly in Brazil,Brazil,Netherlands,2084,2117,0,0,-2,2,2082,2119,3,2,0,0,3,2,20,100,67
17727,Jun 4 2011,African Nations Cup qualifier in Cameroon,Cameroon,Senegal,1641,1608,0,0,-7,7,1634,1615,56,56,-3,1,53,57,40,100,133
17728,Jun 4 2011,Friendly tournament in Japan,Czechia,Peru,1736,1648,0,0,-4,4,1732,1652,34,48,-1,0,33,48,30,0,88
17729,Jun 4 2011,European Championship qual in England,England,Switzerland,1934,1749,2,2,-14,14,1920,1763,6,24,0,3,6,27,40,100,285
17730,Jun 4 2011,European Championship qual in Greece,Greece,Malta,1752,1209,3,1,1,-1,1753,1208,30,153,-1,0,29,153,20,0,543
17731,Jun 4 2011,European Championship qual in Iceland,Iceland,Denmark,1446,1745,0,2,-14,14,1432,1759,108,25,-4,3,104,28,40,100,-199
17732,Jun 4 2011,European Championship qual in Latvia,Latvia,Israel,1522,1684,1,2,-16,16,1506,1700,93,37,-5,3,88,40,40,100,-62
17733,Jun 4 2011,European Championship qual in Macedonia,Macedonia,Ireland,1550,1761,0,2,-21,21,1529,1782,87,18,-8,4,79,22,40,100,-111
17734,Jun 4 2011,European Championship qual in Montenegro,Montenegro,Bulgaria,1726,1711,1,1,-6,6,1720,1717,38,37,-1,1,37,38,40,100,115
17735,Jun 4 2011,African Nations Cup qualifier in Morocco,Morocco,Algeria,1552,1485,4,0,21,-21,1573,1464,56,94,7,0,63,94,40,100,167
17736,Jun 4 2011,African Nations Cup qualifier in Namibia,Namibia,Burkina Faso,1278,1505,1,4,-23,23,1255,1528,148,72,-6,8,142,80,40,100,-127
17737,Jun 4 2011,European Championship qual in Portugal,Portugal,Norway,1890,1786,1,0,9,-9,1899,1777,8,26,0,-3,8,23,40,100,204
17738,Jun 4 2011,European Championship qual in Russia,Russia,Armenia,1797,1446,3,1,4,-4,1801,1442,18,100,0,0,18,100,20,0,351
17739,Jun 4 2011,African Nations Cup qualifier in Sierra Leone,Sierra Leone,Niger,1274,1325,1,0,17,-17,1291,1308,128,135,5,-5,133,130,30,0,-51
17740,Jun 4 2011,European Championship qual in Slovakia,Slovakia,Andorra,1631,1010,1,0,1,-1,1632,1009,54,186,0,0,54,186,20,0,621
17741,Jun 4 2011,African Nations Cup qualifier in Uganda,Uganda,Guinea-Bissau,1571,1264,2,0,5,-5,1576,1259,60,142,2,-1,62,141,40,100,407
17742,Jun 4 2011,Friendly in the United States,United States,Spain,1759,2124,0,4,-7,7,1752,2131,33,1,-3,0,30,1,20,100,-265
17743,Jun 4 2011,African Nations Cup qualifier in Zambia,Zambia,Mozambique,1540,1365,3,0,12,-12,1552,1353,64,123,7,-2,71,121,40,100,275
17744,Jun 5 2011,African Nations Cup qualifier in Angola,Angola,Kenya,1437,1290,1,0,8,-8,1445,1282,97,138,2,-2,99,136,40,100,247
17745,Jun 5 2011,Friendly in Australia,Australia,New Zealand,1812,1571,3,0,4,-4,1816,1567,14,66,1,0,15,66,20,100,341
17746,Jun 5 2011,African Nations Cup qualifier in Benin,Benin,Ivory Coast,1433,1727,2,6,-18,18,1415,1745,115,29,-6,3,109,32,40,100,-194
17747,Jun 5 2011,African Nations Cup qualifier in Botswana,Botswana,Malawi,1434,1429,0,0,-6,6,1428,1435,110,99,-4,3,106,102,40,100,105
17748,Jun 5 2011,African Nations Cup qualifier in Burundi,Burundi,Rwanda,1203,1376,3,1,36,-36,1239,1340,140,133,7,-10,147,123,40,100,-73
17749,Jun 5 2011,Friendly in China,China,Uzbekistan,1640,1562,1,0,5,-5,1645,1557,52,71,-1,-2,51,69,20,100,178
17750,Jun 5 2011,African Nations Cup qualifier in Central African Republic,Central African Republic,Tanzania,1234,1361,2,1,22,-22,1256,1339,137,129,5,-5,142,124,40,100,-27
17751,Jun 5 2011,African Nations Cup qualifier in the Comoros,Comoros,Libya,860,1509,1,1,18,-18,878,1491,201,98,1,-6,202,92,40,100,-549
17752,Jun 5 2011,CONCACAF Championship in the United States,Costa Rica,Cuba,1671,1463,5,0,23,-23,1694,1440,36,107,5,-6,41,101,50,0,208
17753,Jun 5 2011,African Nations Cup qualifier in Egypt,Egypt,South Africa,1768,1640,0,0,-12,12,1756,1652,31,46,-3,2,28,48,40,100,228
17754,Jun 5 2011,African Nations Cup qualifier in Ethiopia,Ethiopia,Nigeria,1306,1689,2,2,13,-13,1319,1676,123,51,4,-5,127,46,40,100,-283
17755,Jun 5 2011,African Nations Cup qualifier in Guinea,Guinea,Madagascar,1499,1245,4,1,8,-8,1507,1237,82,154,4,-5,86,149,40,100,354
17756,Jun 5 2011,African Nations Cup qualifier in Liberia,Liberia,Cape Verde,1225,1425,1,0,26,-26,1251,1399,140,114,5,-3,145,111,40,100,-100
17757,Jun 5 2011,African Nations Cup qualifier in Mauritius,Mauritius,DR Congo,1026,1414,1,2,-6,6,1020,1420,186,104,-1,3,185,107,40,100,-288
17758,Jun 5 2011,CONCACAF Championship in the United States,Mexico,El Salvador,1863,1492,5,0,11,-11,1874,1481,10,93,1,0,11,93,50,0,371
17759,Jun 5 2011,Friendly in Poland,Poland,Argentina,1677,1963,2,1,15,-15,1692,1948,39,5,3,0,42,5,20,100,-186
17760,Jun 5 2011,African Nations Cup qualifier in Swaziland,Swaziland,Sudan,1141,1353,1,2,-14,14,1127,1367,172,111,-1,5,171,116,40,100,-112
17761,Jun 5 2011,African Nations Cup qualifier in Tunisia,Tunisia,Chad,1573,1203,5,0,5,-5,1578,1198,61,158,1,-2,62,156,40,100,470
17762,Jun 5 2011,African Nations Cup qualifier in Zimbabwe,Zimbabwe,Mali,1324,1524,2,1,26,-26,1350,1498,117,96,4,-7,121,89,40,100,-100
17763,Jun 6 2011,CONCACAF Championship in the United States,Guatemala,Honduras,1429,1687,0,0,16,-16,1445,1671,94,49,5,-3,99,46,50,0,-258
17764,Jun 6 2011,CONCACAF Championship in the United States,Jamaica,Grenada,1648,1278,4,0,10,-10,1658,1268,46,137,2,0,48,137,50,0,370
17765,Jun 6 2011,Friendly in Ukraine,Ukraine,France,1792,1813,1,4,-21,21,1771,1834,27,12,-4,2,23,14,20,100,79
17766,Jun 7 2011,Friendly in Australia,Australia,Serbia,1816,1751,0,0,-4,4,1812,1755,18,29,-1,1,17,30,20,100,165
17767,Jun 7 2011,Friendly in Austria,Austria,Latvia,1553,1506,3,1,9,-9,1562,1497,64,89,3,-1,67,88,20,100,147
17768,Jun 7 2011,European Championship qual in Azerbaijan,Azerbaijan,Germany,1419,2051,1,3,-3,3,1416,2054,108,4,0,0,108,4,40,100,-532
17769,Jun 7 2011,European Championship qual in Belarus,Belarus,Luxembourg,1630,1125,2,0,2,-2,1632,1123,55,174,0,-1,55,173,20,0,505
17770,Jun 7 2011,European Championship qual in Bosnia and Herzegovina,Bosnia and Herzegovina,Albania,1620,1541,2,0,16,-16,1636,1525,52,85,2,-4,54,81,40,100,179
17771,Jun 7 2011,Friendly in Brazil,Brazil,Romania,2082,1715,1,0,1,-1,2083,1714,3,39,0,0,3,39,20,100,467
17772,Jun 7 2011,Friendly in Austria,Cameroon,Russia,1634,1801,0,0,4,-4,1638,1797,53,20,0,-1,53,19,20,0,-167
17773,Jun 7 2011,Friendly in the United States,Ecuador,Greece,1725,1753,1,1,1,-1,1726,1752,34,33,1,-2,35,31,20,0,-28
17774,Jun 7 2011,European Championship qual in the Faroe Islands,Faroe Islands,Estonia,1186,1504,2,0,47,-47,1233,1457,139,102,11,-7,150,95,40,100,-218
17775,Jun 7 2011,Friendly in Gabon,Gabon,Gambia,1573,1374,0,1,-17,17,1556,1391,76,111,-6,1,70,112,20,100,299
17776,Jun 7 2011,Friendly in Belgium,Ireland,Italy,1782,1879,2,0,19,-19,1801,1860,15,14,3,-2,18,12,20,0,-97
17777,Jun 7 2011,Friendly tournament in Japan,Japan,Czechia,1831,1732,0,0,-8,8,1823,1740,15,32,0,1,15,33,30,100,199
17778,Jun 7 2011,Friendly in Norway,Norway,Lithuania,1777,1547,1,0,3,-3,1780,1544,22,76,0,-2,22,74,20,100,330
17779,Jun 7 2011,CONCACAF Championship in the United States,Panama,Guadeloupe,1614,1508,3,2,18,-18,1632,1490,52,97,3,-6,55,91,50,0,106
17780,Jun 7 2011,Friendly in Paraguay,Paraguay,Bolivia,1789,1559,0,0,-7,7,1782,1566,23,64,-2,2,21,66,20,100,330
17781,Jun 7 2011,European Championship qual in San Marino,San Marino,Hungary,899,1640,0,3,-2,2,897,1642,200,52,-1,0,199,52,40,100,-641
17782,Jun 7 2011,Friendly in Singapore,Singapore,Maldives,1317,1175,4,0,7,-7,1324,1168,123,166,3,-1,126,165,20,100,242
17783,Jun 7 2011,Friendly in South Korea,South Korea,Ghana,1811,1769,2,1,6,-6,1817,1763,15,28,1,-2,16,26,20,100,142
17784,Jun 7 2011,European Championship qual in Sweden,Sweden,Finland,1842,1595,5,0,10,-10,1852,1585,13,62,0,-1,13,61,40,100,347
17785,Jun 7 2011,CONCACAF Championship in the United States,United States,Canada,1752,1607,2,0,15,-15,1767,1592,18,59,6,0,24,59,50,100,245
17786,Jun 7 2011,Friendly in Venezuela,Venezuela,Spain,1728,2131,0,3,-5,5,1723,2136,37,1,-1,0,36,1,20,100,-303
17787,Jun 8 2011,Friendly in China,China,North Korea,1645,1498,2,0,6,-6,1651,1492,51,92,0,-3,51,89,20,100,247
17788,Jun 8 2011,Friendly tournament in Uruguay,Uruguay,Netherlands,1872,2119,1,1,6,-6,1878,2113,9,2,1,0,10,2,20,0,-247
17789,Jun 9 2011,CONCACAF Championship in the United States,Costa Rica,El Salvador,1694,1481,1,1,-14,14,1680,1495,47,84,-3,4,44,88,40,100,313
17790,Jun 9 2011,CONCACAF Championship in the United States,Mexico,Cuba,1874,1440,5,0,8,-8,1882,1432,9,104,1,-1,10,103,50,0,434
17791,Jun 9 2011,Friendly in Poland,Poland,France,1692,1834,0,1,-9,9,1683,1843,42,14,0,0,42,14,20,100,-42
17792,Jun 10 2011,CONCACAF Championship in the United States,Honduras,Grenada,1671,1268,7,1,10,-10,1681,1258,40,145,3,-4,43,141,50,0,403
17793,Jun 10 2011,CONCACAF Championship in the United States,Jamaica,Guatemala,1658,1445,2,0,17,-17,1675,1428,46,111,1,-6,47,105,50,0,213
17794,Jun 11 2011,CONCACAF Championship in the United States,Canada,Guadeloupe,1592,1490,1,0,18,-18,1610,1472,59,92,0,0,59,92,50,0,102
17795,Jun 11 2011,Friendly in Paraguay,Paraguay,Romania,1782,1714,2,0,8,-8,1790,1706,19,39,1,0,20,39,20,100,168
17796,Jun 11 2011,CONCACAF Championship in the United States,United States,Panama,1767,1632,1,2,-40,40,1727,1672,44,41,-10,7,34,48,50,100,235
17797,Jun 12 2011,CONCACAF Championship in the United States,El Salvador,Cuba,1495,1432,6,1,41,-41,1536,1391,68,120,10,-9,78,111,50,0,63
17798,Jun 12 2011,CONCACAF Championship in the United States,Mexico,Costa Rica,1882,1680,4,1,21,-21,1903,1659,6,53,2,-4,8,49,50,0,202
17799,Jun 13 2011,CONCACAF Championship in the United States,Guatemala,Grenada,1428,1258,4,0,26,-26,1454,1232,90,159,7,-9,97,150,50,0,170
17800,Jun 13 2011,CONCACAF Championship in the United States,Jamaica,Honduras,1675,1681,1,0,25,-25,1700,1656,34,55,6,-6,40,49,50,0,-6
17801,Jun 14 2011,CONCACAF Championship in the United States,Canada,Panama,1610,1672,1,1,4,-4,1614,1668,59,46,0,0,59,46,40,0,-62
17802,Jun 14 2011,CONCACAF Championship in the United States,United States,Guadeloupe,1727,1472,1,0,6,-6,1733,1466,32,92,1,0,33,92,30,0,255
17803,Jun 15 2011,World Cup qualifier in Trinidad and Tobago,Belize,Montserrat,1080,517,5,2,3,-3,1083,514,174,230,1,0,175,230,40,0,563
17804,Jun 18 2011,CONCACAF Championship in the United States,Costa Rica,Honduras,1659,1656,1,1,0,0,1659,1656,48,49,0,0,48,49,20,0,3
17805,Jun 18 2011,Friendly in Malaysia,Malaysia,Myanmar,1253,1031,2,0,4,-4,1257,1027,139,183,2,0,141,183,20,100,322
17806,Jun 18 2011,CONCACAF Championship in the United States,Mexico,Guatemala,1903,1454,2,1,4,-4,1907,1450,6,99,1,-1,7,98,50,0,449
17807,Jun 19 2011,Friendly in Anguilla,Anguilla,US Virgin Islands,568,672,0,0,0,0,568,672,226,220,0,0,226,220,20,100,-4
17808,Jun 19 2011,Friendly in Chile,Chile,Estonia,1905,1457,4,0,2,-2,1907,1455,6,97,1,-1,7,96,20,100,548
17809,Jun 19 2011,CONCACAF Championship in the United States,El Salvador,Panama,1536,1668,1,1,9,-9,1545,1659,70,48,4,-1,74,47,50,0,-132
17810,Jun 19 2011,CONCACAF Championship in the United States,United States,Jamaica,1733,1700,2,0,24,-24,1757,1676,23,48,5,-4,28,44,50,100,133
17811,Jun 20 2011,Friendly in Argentina,Argentina,Albania,1948,1525,4,0,2,-2,1950,1523,5,82,0,0,5,82,20,100,523
17812,Jun 22 2011,CONCACAF Championship in the United States,Mexico,Honduras,1907,1656,2,0,14,-14,1921,1642,5,55,1,-3,6,52,50,0,251
17813,Jun 22 2011,CONCACAF Championship in the United States,United States,Panama,1757,1659,1,0,12,-12,1769,1647,20,55,4,-4,24,51,50,100,198
17814,Jun 23 2011,Friendly in Paraguay,Paraguay,Chile,1790,1907,0,0,0,0,1790,1907,20,8,0,0,20,8,20,100,-17
17815,Jun 23 2011,Friendly tournament in Uruguay,Uruguay,Estonia,1878,1455,3,0,2,-2,1880,1453,11,98,0,-1,11,97,20,100,523
17816,Jun 25 2011,Friendly in Kenya,Kenya,Sudan,1282,1367,1,2,-10,10,1272,1377,136,112,0,2,136,114,20,100,15
17817,Jun 25 2011,CONCACAF Championship in the United States,United States,Mexico,1769,1921,2,4,-32,32,1737,1953,42,4,-9,1,33,5,50,100,-52
17818,Jun 29 2011,World Cup qualifier in Bangladesh,Bangladesh,Pakistan,928,909,3,0,23,-23,951,886,192,204,0,-4,192,200,40,100,119
17819,Jun 29 2011,World Cup qualifier in Cambodia,Cambodia,Laos,777,844,4,2,27,-27,804,817,208,210,1,-3,209,207,30,0,-67
17820,Jun 29 2011,Friendly in Iraq,Iraq,Syria,1591,1516,1,2,-15,15,1576,1531,64,73,-2,6,62,79,20,100,175
17821,Jun 29 2011,World Cup qualifier in Malaysia,Malaysia,Taiwan,1257,887,2,1,3,-3,1260,884,137,201,2,0,139,201,30,0,370
17822,Jun 29 2011,World Cup qualifier in Mongolia,Mongolia,Myanmar,805,1027,1,0,27,-27,832,1000,200,189,4,-3,204,186,40,100,-122
17823,Jun 29 2011,World Cup qualifier in Nepal,Nepal,East Timor,953,531,2,1,2,-2,955,529,191,229,0,0,191,229,20,0,422
17824,Jun 29 2011,World Cup qualifier in Tajikistan,Palestine,Afghanistan,1187,823,2,0,7,-7,1194,816,156,209,2,-1,158,208,40,0,364
17825,Jun 29 2011,World Cup qualifier in Sri Lanka,Sri Lanka,Philippines,911,991,1,1,-1,1,910,992,196,188,-1,0,195,188,20,100,20
17826,Jun 29 2011,World Cup qualifier in Vietnam,Vietnam,Macao,1244,680,6,0,2,-2,1246,678,145,219,0,0,145,219,20,0,564
17827,Jul 1 2011,Copa América in Argentina,Argentina,Bolivia,1950,1566,1,1,-22,22,1928,1588,6,54,0,6,6,60,50,100,484
17828,Jul 2 2011,Copa América in Argentina,Colombia,Costa Rica,1767,1659,1,0,17,-17,1784,1642,18,55,3,-4,21,51,50,0,108
17829,Jul 2 2011,Friendly in Lebanon,Lebanon,Kuwait,1222,1547,0,6,-9,9,1213,1556,155,68,-1,2,154,70,20,100,-225
17830,Jul 2 2011,World Cup qualifier in Nepal,Nepal,East Timor,955,529,5,0,4,-4,959,525,191,229,0,0,191,229,40,100,526
17831,Jul 2 2011,World Cup qualifier in Turks and Caicos Islands,Turks and Caicos Islands,Bahamas,826,871,0,4,-43,43,783,914,214,185,-4,9,210,194,40,100,55
17832,Jul 3 2011,Copa América in Argentina,Brazil,Venezuela,2083,1723,0,0,-19,19,2064,1742,3,28,0,4,3,32,50,0,360
17833,Jul 3 2011,Copa América in Argentina,Ecuador,Paraguay,1726,1790,0,0,5,-5,1731,1785,37,20,-1,0,36,20,50,0,-64
17834,Jul 3 2011,World Cup qualifier in Laos,Laos,Cambodia,817,804,6,2,26,-26,843,778,202,212,2,-2,204,210,40,100,113
17835,Jul 3 2011,World Cup qualifier in Macao,Macao,Vietnam,678,1246,1,7,-5,5,673,1251,221,141,-1,2,220,143,40,100,-468
17836,Jul 3 2011,World Cup qualifier in Myanmar,Myanmar,Mongolia,1000,832,2,0,11,-11,1011,821,184,208,1,-2,185,206,40,100,268
17837,Jul 3 2011,World Cup qualifier in Pakistan,Pakistan,Bangladesh,886,951,0,0,-2,2,884,953,203,192,-1,0,202,192,30,100,35
17838,Jul 3 2011,World Cup qualifier in Palestine,Palestine,Afghanistan,1194,816,1,1,-18,18,1176,834,168,203,-5,2,163,205,40,100,478
17839,Jul 3 2011,World Cup qualifier in the Philippines,Philippines,Sri Lanka,992,910,4,0,19,-19,1011,891,182,206,3,-5,185,201,40,100,182
17840,Jul 3 2011,World Cup qualifier in Taiwan,Taiwan,Malaysia,884,1260,3,2,33,-33,917,1227,186,163,8,-12,194,151,40,100,-276
17841,Jul 3 2011,World Cup qualifier in the US Virgin Islands,US Virgin Islands,British Virgin Islands,672,829,2,0,35,-35,707,794,206,209,7,-2,213,207,40,100,-57
17842,Jul 4 2011,Copa América in Argentina,Chile,Mexico,1907,1953,2,1,28,-28,1935,1925,2,9,3,-2,5,7,50,0,-46
17843,Jul 4 2011,Copa América in Argentina,Peru,Uruguay,1652,1880,1,1,14,-14,1666,1866,45,11,1,0,46,11,50,0,-228
17844,Jul 5 2011,Friendly in Turkey,Syria,Jordan,1531,1526,3,1,15,-15,1546,1511,67,88,6,-3,73,85,20,0,5
17845,Jul 6 2011,Copa América in Argentina,Argentina,Colombia,1928,1784,0,0,-15,15,1913,1799,10,17,-2,2,8,19,50,100,244
17846,Jul 6 2011,Friendly in Lebanon,Kuwait,Oman,1556,1543,1,1,0,0,1556,1543,70,78,0,0,70,78,20,0,13
17847,Jul 6 2011,Friendly in Malawi,Malawi,Namibia,1435,1255,0,1,-17,17,1418,1272,110,130,-4,6,106,136,20,100,280
17848,Jul 7 2011,Copa América in Argentina,Costa Rica,Bolivia,1642,1588,2,0,32,-32,1674,1556,41,78,5,-9,46,69,50,0,54
17849,Jul 7 2011,Friendly in the Solomon Islands,Solomon Islands,Vanuatu,1286,1228,2,1,6,-6,1292,1222,131,154,2,-2,133,152,20,100,158
17850,Jul 8 2011,World Cup qualifier in Aruba,Aruba,Saint Lucia,906,1073,4,2,36,-36,942,1037,189,187,4,-5,193,182,40,100,-67
17851,Jul 8 2011,Copa América in Argentina,Chile,Uruguay,1935,1866,1,1,-5,5,1930,1871,5,11,0,0,5,11,20,100,169
17852,Jul 8 2011,World Cup qualifier in the Dominican Republic,Dominican Republic,Anguilla,1044,568,2,0,2,-2,1046,566,178,226,2,0,180,226,20,0,476
17853,Jul 8 2011,Friendly in Turkey,Jordan,Yemen,1511,1311,4,0,9,-9,1520,1302,83,132,1,-1,84,131,20,0,200
17854,Jul 8 2011,Copa América in Argentina,Peru,Mexico,1666,1925,1,0,41,-41,1707,1884,31,14,8,-4,39,10,50,0,-259
17855,Jul 9 2011,World Cup qualifier in the Bahamas,Bahamas,Turks and Caicos Islands,914,783,6,0,18,-18,932,765,192,211,2,-1,194,210,40,100,231
17856,Jul 9 2011,Copa América in Argentina,Brazil,Paraguay,2064,1785,2,2,-17,17,2047,1802,5,15,-1,3,4,18,50,0,279
17857,Jul 9 2011,Friendly in Lebanon,Lebanon,Oman,1213,1543,0,1,-4,4,1209,1547,154,68,0,5,154,73,20,100,-230
17858,Jul 9 2011,Friendly in the Solomon Islands,Solomon Islands,Vanuatu,1292,1222,0,0,-5,5,1287,1227,137,148,-2,2,135,150,20,100,170
17859,Jul 9 2011,Copa América in Argentina,Venezuela,Ecuador,1742,1731,1,0,24,-24,1766,1707,18,40,7,-2,25,38,50,0,11
17860,Jul 10 2011,World Cup qualifier in the British Virgin Islands,British Virgin Islands,US Virgin Islands,794,707,1,2,-30,30,764,737,213,209,-3,2,210,211,40,100,187
17861,Jul 10 2011,Copa América in Argentina,Colombia,Bolivia,1799,1556,2,0,15,-15,1814,1541,14,87,3,-9,17,78,50,0,243
17862,Jul 10 2011,World Cup qualifier in the Dominican Republic,Dominican Republic,Anguilla,1046,566,4,0,3,-3,1049,563,180,230,0,-2,180,228,30,0,480
17863,Jul 10 2011,Friendly in the Maldives,Maldives,India,1168,1180,1,1,-2,2,1166,1182,165,161,0,0,165,161,20,100,88
17864,Jul 11 2011,Copa América in Argentina,Argentina,Costa Rica,1913,1674,3,0,11,-11,1924,1663,5,49,1,-1,6,48,30,0,239
17865,Jul 12 2011,Copa América in Argentina,Chile,Peru,1930,1707,1,0,11,-11,1941,1696,5,44,0,-3,5,41,50,0,223
17866,Jul 12 2011,World Cup qualifier in Saint Lucia,Saint Lucia,Aruba,1037,942,4,2,15,-15,1052,927,176,197,3,-2,179,195,40,100,195
17867,Jul 12 2011,Copa América in Argentina,Uruguay,Mexico,1871,1884,1,0,26,-26,1897,1858,7,14,2,-2,9,12,50,0,-13
17868,Jul 13 2011,Copa América in Argentina,Brazil,Ecuador,2047,1707,4,2,9,-9,2056,1698,2,42,1,-2,3,40,50,0,340
17869,Jul 13 2011,Friendly in Fiji,Fiji,Vanuatu,1323,1227,2,0,7,-7,1330,1220,125,156,1,-3,126,153,20,100,196
17870,Jul 13 2011,Friendly tournament in Jordan,Jordan,Saudi Arabia,1520,1561,1,1,-3,3,1517,1564,86,65,-1,1,85,66,30,100,59
17871,Jul 13 2011,Friendly tournament in Jordan,Kuwait,Iraq,1556,1576,2,0,24,-24,1580,1552,53,78,8,-8,61,70,30,0,-20
17872,Jul 13 2011,Copa América in Argentina,Paraguay,Venezuela,1802,1766,3,3,-3,3,1799,1769,21,25,-1,0,20,25,50,0,36
17873,Jul 14 2011,Friendly in Thailand,Thailand,Myanmar,1401,1011,1,0,1,-1,1402,1010,109,187,0,-1,109,186,20,100,490
17874,Jul 15 2011,Friendly in Fiji,Fiji,Vanuatu,1330,1220,1,2,-15,15,1315,1235,132,143,-3,5,129,148,20,100,210
17875,Jul 15 2011,Friendly in Lebanon,Oman,Syria,1547,1546,1,1,0,0,1547,1546,72,73,0,0,72,73,20,0,1
17876,Jul 15 2011,Friendly in Thailand,Thailand,Myanmar,1402,1010,1,1,-9,9,1393,1019,111,184,-1,1,110,185,20,100,492
17877,Jul 16 2011,Copa América in Argentina,Argentina,Uruguay,1924,1897,1,1,-9,9,1915,1906,8,7,-1,1,7,8,50,100,127
17878,Jul 16 2011,Friendly tournament in Jordan,Jordan,Iraq,1517,1552,1,1,-3,3,1514,1555,85,68,0,1,85,69,30,100,65
17879,Jul 16 2011,Friendly tournament in Jordan,Kuwait,Saudi Arabia,1580,1564,1,0,14,-14,1594,1550,59,76,1,-5,60,71,30,0,16
17880,Jul 16 2011,Copa América in Argentina,Peru,Colombia,1696,1814,2,0,50,-50,1746,1764,23,33,9,-8,32,25,50,0,-118
17881,Jul 17 2011,World Cup qualifier in Honduras,Belize,Montserrat,1083,514,3,1,2,-2,1085,512,175,230,0,0,175,230,30,0,569
17882,Jul 17 2011,Copa América in Argentina,Brazil,Paraguay,2056,1799,0,0,-16,16,2040,1815,5,15,-1,2,4,17,50,0,257
17883,Jul 17 2011,Friendly in Iran,Iran,Madagascar,1733,1237,1,0,1,-1,1734,1236,36,147,0,0,36,147,20,0,496
17884,Jul 17 2011,Friendly in Qatar,Qatar,India,1546,1182,1,2,-19,19,1527,1201,89,153,-8,4,81,157,20,100,464
17885,Jul 17 2011,Friendly in the United Arab Emirates,United Arab Emirates,Lebanon,1458,1209,6,2,4,-4,1462,1205,94,156,0,-1,94,155,20,100,349
17886,Jul 17 2011,Copa América in Argentina,Venezuela,Chile,1769,1941,2,1,36,-36,1805,1905,14,11,5,-3,19,8,50,0,-172
17887,Jul 18 2011,Friendly in Singapore,Singapore,Taiwan,1324,917,3,2,1,-1,1325,916,126,196,0,0,126,196,20,100,507
17888,Jul 19 2011,Copa América in Argentina,Uruguay,Peru,1906,1746,2,0,21,-21,1927,1725,3,40,2,-4,5,36,50,0,160
17889,Jul 20 2011,Copa América in Argentina,Paraguay,Venezuela,1815,1805,0,0,-1,1,1814,1806,17,19,0,0,17,19,40,0,10
17890,Jul 23 2011,World Cup qualifier in China,China,Laos,1651,843,7,2,0,0,1651,843,50,204,0,0,50,204,20,0,808
17891,Jul 23 2011,World Cup qualifier in Iran,Iran,Maldives,1734,1166,4,0,2,-2,1736,1164,37,165,-1,0,36,165,30,0,568
17892,Jul 23 2011,World Cup qualifier in Iraq,Iraq,Yemen,1555,1302,2,0,7,-7,1562,1295,63,133,3,-1,66,132,40,100,353
17893,Jul 23 2011,World Cup qualifier in Jordan,Jordan,Nepal,1514,959,9,0,2,-2,1516,957,85,191,0,0,85,191,20,0,555
17894,Jul 23 2011,World Cup qualifier in Kuwait,Kuwait,Philippines,1594,1011,3,0,1,-1,1595,1010,60,186,0,0,60,186,20,0,583
17895,Jul 23 2011,World Cup qualifier in Lebanon,Lebanon,Bangladesh,1205,953,4,0,9,-9,1214,944,151,192,2,0,153,192,40,100,352
17896,Jul 23 2011,World Cup qualifier in Oman,Oman,Myanmar,1547,1019,2,0,2,-2,1549,1017,74,185,-1,0,73,185,30,0,528
17897,Jul 23 2011,Copa América in Argentina,Peru,Venezuela,1725,1806,4,1,54,-54,1779,1752,10,43,13,-12,23,31,50,0,-81
17898,Jul 23 2011,World Cup qualifier in Qatar,Qatar,Vietnam,1527,1251,3,0,7,-7,1534,1244,77,145,2,-1,79,144,40,100,376
17899,Jul 23 2011,World Cup qualifier in Saudi Arabia,Saudi Arabia,Hong Kong,1550,1203,3,0,5,-5,1555,1198,69,156,1,0,70,156,40,100,447
17900,Jul 23 2011,World Cup qualifier in Singapore,Singapore,Malaysia,1325,1227,5,3,15,-15,1340,1212,120,157,3,-3,123,154,40,100,198
17901,Jul 23 2011,World Cup qualifier in Jordan,Syria,Tajikistan,1546,1290,2,1,7,-7,1553,1283,69,136,2,-1,71,135,40,0,256
17902,Jul 23 2011,World Cup qualifier in Thailand,Thailand,Palestine,1393,1176,1,0,6,-6,1399,1170,108,165,1,-1,109,164,40,100,317
17903,Jul 23 2011,World Cup qualifier in Turkmenistan,Turkmenistan,Indonesia,1369,1296,1,1,-9,9,1360,1305,120,130,-2,1,118,131,40,100,173
17904,Jul 23 2011,World Cup qualifier in the United Arab Emirates,United Arab Emirates,India,1462,1201,3,0,8,-8,1470,1193,90,159,2,-1,92,158,40,100,361
17905,Jul 23 2011,World Cup qualifier in Uzbekistan,Uzbekistan,Kyrgyzstan,1557,1141,4,0,4,-4,1561,1137,69,170,-1,0,68,170,40,100,516
17906,Jul 24 2011,Friendly in Liberia,Liberia,Gambia,1251,1391,3,2,11,-11,1262,1380,137,113,3,-1,140,112,20,100,-40
17907,Jul 24 2011,Copa América in Argentina,Uruguay,Paraguay,1927,1814,3,0,30,-30,1957,1784,5,23,0,-3,5,20,50,0,113
17908,Jul 27 2011,Friendly in Vanuatu,Vanuatu,Solomon Islands,1235,1287,0,0,-1,1,1234,1288,148,134,0,0,148,134,20,100,48
17909,Jul 28 2011,World Cup qualifier in Bangladesh,Bangladesh,Lebanon,944,1214,2,0,44,-44,988,1170,186,175,3,-11,189,164,40,100,-170
17910,Jul 28 2011,World Cup qualifier in Hong Kong,Hong Kong,Saudi Arabia,1198,1555,0,5,-15,15,1183,1570,164,62,-4,4,160,66,40,100,-257
17911,Jul 28 2011,World Cup qualifier in India,India,United Arab Emirates,1193,1470,2,2,9,-9,1202,1461,152,96,3,-2,155,94,40,100,-177
17912,Jul 28 2011,World Cup qualifier in Indonesia,Indonesia,Turkmenistan,1305,1360,4,3,17,-17,1322,1343,123,126,4,-4,127,122,30,0,-55
17913,Jul 28 2011,World Cup qualifier in the United Arab Emirates,Iraq,Yemen,1562,1295,0,0,-13,13,1549,1308,80,130,-7,1,73,131,40,0,267
17914,Jul 28 2011,World Cup qualifier in Kyrgyzstan,Kyrgyzstan,Uzbekistan,1137,1561,0,3,-9,9,1128,1570,170,64,0,2,170,66,40,100,-324
17915,Jul 28 2011,World Cup qualifier in Laos,Laos,China,843,1651,1,6,-1,1,842,1652,204,48,0,1,204,49,20,100,-708
17916,Jul 28 2011,World Cup qualifier in Malaysia,Malaysia,Singapore,1212,1340,1,1,2,-2,1214,1338,152,129,1,-3,153,126,40,100,-28
17917,Jul 28 2011,World Cup qualifier in the Maldives,Maldives,Iran,1164,1736,0,1,-2,2,1162,1738,165,34,0,1,165,35,30,100,-472
17918,Jul 28 2011,World Cup qualifier in Myanmar,Myanmar,Oman,1017,1549,0,2,-5,5,1012,1554,185,69,0,2,185,71,40,100,-432
17919,Jul 28 2011,World Cup qualifier in Nepal,Nepal,Jordan,957,1516,1,1,17,-17,974,1499,189,87,1,-1,190,86,40,100,-459
17920,Jul 28 2011,World Cup qualifier in Palestine,Palestine,Thailand,1170,1399,2,2,7,-7,1177,1392,160,111,2,-1,162,110,40,100,-129
17921,Jul 28 2011,World Cup qualifier in the Philippines,Philippines,Kuwait,1010,1595,1,2,-2,2,1008,1597,188,60,-1,0,187,60,30,100,-485
17922,Jul 28 2011,World Cup qualifier in Tajikistan,Tajikistan,Syria,1283,1553,0,4,-20,20,1263,1573,143,57,-4,7,139,64,40,100,-170
17923,Jul 28 2011,World Cup qualifier in Vietnam,Vietnam,Qatar,1244,1534,2,1,30,-30,1274,1504,126,91,9,-6,135,85,40,100,-190
17924,Jul 29 2011,Friendly in Mauritius,Mauritius,Mayotte,1020,1125,0,2,-15,15,1005,1140,190,168,-3,2,187,170,20,100,-5
17925,Jul 30 2011,Friendly in Vanuatu,Vanuatu,Solomon Islands,1234,1288,2,0,13,-13,1247,1275,142,134,3,0,145,134,20,100,46
17926,Jul 31 2011,Friendly in South Africa,Botswana,Swaziland,1428,1127,2,0,5,-5,1433,1122,100,176,2,-2,102,174,20,0,301
17927,Aug 4 2011,Indian Ocean Games in the Seychelles,Madagascar,Mayotte,1236,1140,1,1,-4,4,1232,1144,150,168,-1,1,149,169,30,0,96
17928,Aug 4 2011,Indian Ocean Games in the Seychelles,Maldives,Mauritius,1162,1005,1,1,-6,6,1156,1011,167,183,-1,2,166,185,20,100,257
17929,Aug 4 2011,Indian Ocean Games in the Seychelles,Seychelles,Comoros,1023,878,0,0,-9,9,1014,887,183,201,0,1,183,202,30,100,245
17930,Aug 6 2011,Indian Ocean Games in the Seychelles,Comoros,Maldives,887,1156,2,2,10,-10,897,1146,196,170,3,-2,199,168,30,0,-269
17931,Aug 6 2011,Indian Ocean Games in the Seychelles,Réunion,Madagascar,1372,1232,2,1,9,-9,1381,1223,109,153,3,-2,112,151,30,0,140
17932,Aug 6 2011,Indian Ocean Games in the Seychelles,Seychelles,Mauritius,1014,1011,2,1,11,-11,1025,1000,183,189,0,-2,183,187,30,100,103
17933,Aug 7 2011,Friendly in the United States,El Salvador,Venezuela,1545,1752,2,1,15,-15,1560,1737,66,39,4,-4,70,35,20,0,-207
17934,Aug 8 2011,Indian Ocean Games in the Seychelles,Mayotte,Réunion,1144,1381,2,0,36,-36,1180,1345,153,130,8,-9,161,121,30,0,-237
17935,Aug 9 2011,Indian Ocean Games in the Seychelles,Mauritius,Comoros,1000,897,2,0,16,-16,1016,881,181,207,3,-4,184,203,30,0,103
17936,Aug 9 2011,Indian Ocean Games in the Seychelles,Seychelles,Maldives,1025,1146,5,1,30,-30,1055,1116,175,179,4,-5,179,174,30,100,-21
17937,Aug 10 2011,Friendly in Albania,Albania,Montenegro,1523,1720,3,2,13,-13,1536,1707,73,39,4,-1,77,38,20,100,-97
17938,Aug 10 2011,Friendly in Austria,Austria,Slovakia,1562,1632,1,2,-11,11,1551,1643,75,52,-3,2,72,54,20,100,30
17939,Aug 10 2011,Friendly in Azerbaijan,Azerbaijan,Macedonia,1416,1529,0,1,-10,10,1406,1539,107,71,0,4,107,75,20,100,-13
17940,Aug 10 2011,Friendly in the United Arab Emirates,Bahrain,Oman,1457,1554,1,1,3,-3,1460,1551,95,72,0,0,95,72,20,0,-97
17941,Aug 10 2011,Friendly in Belarus,Belarus,Bulgaria,1632,1717,1,0,10,-10,1642,1707,54,38,1,0,55,38,20,100,15
17942,Aug 10 2011,Friendly in Bolivia,Bolivia,Panama,1541,1647,1,3,-15,15,1526,1662,85,45,-4,3,81,48,20,100,-6
17943,Aug 10 2011,Friendly in Bosnia and Herzegovina,Bosnia and Herzegovina,Greece,1636,1752,0,0,0,0,1636,1752,59,29,-2,1,57,30,20,100,-16
17944,Aug 10 2011,Friendly in Botswana,Botswana,Kenya,1433,1272,1,0,4,-4,1437,1268,100,140,1,-2,101,138,20,100,261
17945,Aug 10 2011,Friendly in China,China,Jamaica,1652,1676,1,0,8,-8,1660,1668,51,47,-1,-1,50,46,20,100,76
17946,Aug 10 2011,Friendly in Costa Rica,Costa Rica,Ecuador,1663,1698,0,2,-18,18,1645,1716,58,33,-5,4,53,37,20,100,65
17947,Aug 10 2011,Friendly in Cyprus,Cyprus,Moldova,1523,1450,3,2,5,-5,1528,1445,79,100,1,-1,80,99,20,100,173
17948,Aug 10 2011,Friendly in France,France,Chile,1843,1905,1,1,-1,1,1842,1906,14,8,0,0,14,8,20,100,38
17949,Aug 10 2011,Friendly in France,Gabon,Guinea,1556,1507,1,1,-1,1,1555,1508,69,84,1,0,70,84,20,0,49
17950,Aug 10 2011,Friendly in The Gambia,Gambia,DR Congo,1380,1420,3,0,15,-15,1395,1405,108,111,2,-3,110,108,20,100,60
17951,Aug 10 2011,Friendly in Germany,Germany,Brazil,2054,2040,3,2,7,-7,2061,2033,3,4,0,0,3,4,20,100,114
17952,Aug 10 2011,Friendly in Portugal,Guinea-Bissau,Equatorial Guinea,1259,1222,4,1,16,-16,1275,1206,125,156,9,-2,134,154,20,0,37
17953,Aug 10 2011,Friendly in the United States,Honduras,Venezuela,1642,1737,2,0,19,-19,1661,1718,46,37,3,-1,49,36,20,0,-95
17954,Aug 10 2011,Friendly in Hungary,Hungary,Iceland,1642,1432,4,0,5,-5,1647,1427,52,105,0,-1,52,104,20,100,310
17955,Aug 10 2011,Friendly in Ireland,Ireland,Croatia,1801,1888,0,0,0,0,1801,1888,20,10,-1,0,19,10,20,100,13
17956,Aug 10 2011,Friendly in Italy,Italy,Spain,1860,2136,2,1,15,-15,1875,2121,11,1,0,0,11,1,20,100,-176
17957,Aug 10 2011,Friendly in Switzerland,Ivory Coast,Israel,1745,1700,4,3,9,-9,1754,1691,26,42,3,-1,29,41,20,0,45
17958,Aug 10 2011,Friendly in Japan,Japan,South Korea,1823,1817,3,0,12,-12,1835,1805,15,18,0,-1,15,17,20,100,106
17959,Aug 10 2011,Friendly in Kazakhstan,Kazakhstan,Syria,1348,1573,1,1,3,-3,1351,1570,120,66,0,-1,120,65,20,100,-125
17960,Aug 10 2011,Friendly in Kuwait,Kuwait,North Korea,1597,1492,0,0,-5,5,1592,1497,64,84,-2,3,62,87,20,100,205
17961,Aug 10 2011,Friendly in Latvia,Latvia,Finland,1497,1585,0,2,-16,16,1481,1601,94,57,-3,2,91,59,20,100,12
17962,Aug 10 2011,Friendly in Liberia,Liberia,Angola,1262,1445,0,0,2,-2,1264,1443,139,100,1,0,140,100,20,100,-83
17963,Aug 10 2011,Friendly in Liechtenstein,Liechtenstein,Switzerland,1227,1763,1,2,-2,2,1225,1765,150,22,0,2,150,24,20,100,-436
17964,Aug 10 2011,Friendly in Lithuania,Lithuania,Armenia,1544,1442,3,0,8,-8,1552,1434,67,103,4,-1,71,102,20,100,202
17965,Aug 10 2011,Friendly in Malta,Malta,Central African Republic,1208,1256,2,1,9,-9,1217,1247,150,144,2,0,152,144,20,100,52
17966,Aug 10 2011,Friendly in Niger,Niger,Togo,1308,1366,3,3,-1,1,1307,1367,133,117,-1,-1,132,116,20,100,42
17967,Aug 10 2011,Friendly in Norway,Norway,Czechia,1780,1740,3,0,11,-11,1791,1729,18,37,2,-2,20,35,20,100,140
17968,Aug 10 2011,European Championship qual in Northern Ireland,Northern Ireland,Faroe Islands,1519,1233,4,0,7,-7,1526,1226,79,150,2,-1,81,149,40,100,386
17969,Aug 10 2011,Friendly in Poland,Poland,Georgia,1683,1537,1,0,4,-4,1687,1533,43,78,0,0,43,78,20,100,246
17970,Aug 10 2011,Friendly in Portugal,Portugal,Luxembourg,1899,1123,5,0,0,0,1899,1123,9,171,0,0,9,171,20,0,776
17971,Aug 10 2011,Friendly in Russia,Russia,Serbia,1797,1755,1,0,6,-6,1803,1749,17,34,1,-2,18,32,20,100,142
17972,Aug 10 2011,Friendly in San Marino,San Marino,Romania,897,1706,0,1,0,0,897,1706,199,41,0,-1,199,40,20,0,-809
17973,Aug 10 2011,Friendly in Scotland,Scotland,Denmark,1681,1759,2,1,9,-9,1690,1750,40,34,2,-3,42,31,20,100,22
17974,Aug 10 2011,Friendly in Senegal,Senegal,Morocco,1615,1573,0,2,-21,21,1594,1594,62,56,-2,4,60,60,20,100,142
17975,Aug 10 2011,Friendly in Slovenia,Slovenia,Belgium,1687,1664,0,0,-3,3,1684,1667,46,47,-2,0,44,47,20,100,123
17976,Aug 10 2011,Friendly in South Africa,South Africa,Burkina Faso,1652,1528,3,0,8,-8,1660,1520,51,86,-1,-3,50,83,20,100,224
17977,Aug 10 2011,Friendly in Tunisia,Tunisia,Mali,1578,1498,4,2,8,-8,1586,1490,64,93,-1,-3,63,90,20,100,180
17978,Aug 10 2011,Friendly in Turkey,Turkey,Estonia,1783,1453,3,0,3,-3,1786,1450,21,97,0,0,21,97,20,100,430
17979,Aug 10 2011,Friendly in Ukraine,Ukraine,Sweden,1771,1852,0,1,-11,11,1760,1863,30,11,-3,1,27,12,20,100,19
17980,Aug 10 2011,Friendly in the United States,United States,Mexico,1737,1858,1,1,1,-1,1738,1857,31,14,2,-1,33,13,20,100,-21
17981,Aug 10 2011,Friendly in Wales,Wales,Australia,1544,1812,1,2,-6,6,1538,1818,77,15,-1,1,76,16,20,100,-168
17982,Aug 10 2011,Friendly in Zimbabwe,Zimbabwe,Zambia,1350,1552,2,0,19,-19,1369,1533,111,83,4,-5,115,78,20,100,-102
17983,Aug 11 2011,Indian Ocean Games in the Seychelles,Mauritius,Mayotte,1016,1180,0,0,7,-7,1023,1173,184,167,0,-3,184,164,30,0,-164
17984,Aug 11 2011,Indian Ocean Games in the Seychelles,Seychelles,Réunion,1055,1345,2,1,22,-22,1077,1323,175,131,2,-5,177,126,30,100,-190
17985,Aug 13 2011,Indian Ocean Games in the Seychelles,Réunion,Mayotte,1323,1173,1,0,9,-9,1332,1164,126,166,0,-1,126,165,30,0,150
17986,Aug 13 2011,Indian Ocean Games in the Seychelles,Seychelles,Mauritius,1077,1023,1,1,-6,6,1071,1029,179,184,-1,0,178,184,30,100,154
17987,Aug 14 2011,Friendly in Liberia,Liberia,Niger,1264,1307,0,0,-2,2,1262,1309,144,130,-2,1,142,131,20,100,57
17988,Aug 17 2011,Friendly in Fiji,Fiji,Samoa,1315,702,3,0,1,-1,1316,701,130,214,0,0,130,214,20,0,613
17989,Aug 17 2011,Friendly in Lebanon,Lebanon,Syria,1170,1570,2,3,-3,3,1167,1573,164,65,0,0,164,65,20,100,-300
17990,Aug 18 2011,Friendly in Fiji,Fiji,Samoa,1316,701,5,1,1,-1,1317,700,130,216,0,-1,130,215,20,0,615
17991,Aug 19 2011,Friendly in Eritrea,Eritrea,Sudan,1179,1377,0,3,-13,13,1166,1390,167,112,-3,1,164,113,20,100,-98
17992,Aug 19 2011,Friendly in Qatar,Qatar,Iraq,1504,1549,0,1,-12,12,1492,1561,91,64,-3,5,88,69,20,100,55
17993,Aug 20 2011,Friendly in the Dominican Republic,Dominican Republic,Curaçao,1049,1123,1,0,9,-9,1058,1114,178,177,2,-3,180,174,20,100,26
17994,Aug 20 2011,Friendly in Lesotho,Lesotho,Swaziland,1162,1122,0,0,-4,4,1158,1126,166,169,0,2,166,171,20,100,140
17995,Aug 21 2011,Friendly in Barbados,Barbados,Saint Lucia,1239,1052,4,0,6,-6,1245,1046,146,183,0,-1,146,182,20,100,287
17996,Aug 21 2011,Friendly in the Dominican Republic,Dominican Republic,Curaçao,1058,1114,1,0,9,-9,1067,1105,180,174,0,0,180,174,20,100,44
17997,Aug 21 2011,Friendly in Trinidad and Tobago,Trinidad and Tobago,India,1494,1202,3,0,3,-3,1497,1199,85,155,1,0,86,155,20,100,392
17998,Aug 22 2011,Friendly in Indonesia,Indonesia,Palestine,1322,1177,4,1,7,-7,1329,1170,127,163,0,-1,127,162,20,100,245
17999,Aug 22 2011,Friendly in Jordan,Jordan,Tunisia,1499,1586,3,3,0,0,1499,1586,85,63,0,0,85,63,20,100,13
18000,Aug 22 2011,Friendly in Lesotho,Lesotho,Swaziland,1158,1126,0,1,-14,14,1144,1140,170,169,-2,1,168,170,20,100,132
18001,Aug 22 2011,Friendly in Fiji,Tuvalu,Samoa,721,700,3,0,16,-16,737,684,209,223,2,-4,211,219,20,0,21
18002,Aug 24 2011,Friendly in Guyana,Guyana,India,1319,1199,2,1,4,-4,1323,1195,128,157,0,-1,128,156,20,100,220
18003,Aug 24 2011,Friendly in Thailand,Thailand,Singapore,1392,1338,0,0,-4,4,1388,1342,115,119,-2,3,113,122,20,100,154
18004,Aug 25 2011,Friendly in the United Arab Emirates,United Arab Emirates,Qatar,1461,1492,3,1,12,-12,1473,1480,90,94,2,-3,92,91,20,100,69
18005,Aug 26 2011,Friendly in Antigua and Barbuda,Antigua and Barbuda,St Vincent & Grenadines,1263,1189,1,0,5,-5,1268,1184,136,161,2,-2,138,159,20,100,174
18006,Aug 26 2011,Friendly in Bahrain,Bahrain,Sudan,1460,1390,1,0,5,-5,1465,1385,93,114,1,-1,94,113,20,100,170
18007,Aug 27 2011,Friendly in Angola,Angola,DR Congo,1443,1405,1,2,-14,14,1429,1419,104,102,-2,3,102,105,20,100,138
18008,Aug 27 2011,Pacific Games in New Caledonia,Fiji,Tahiti,1317,1175,3,0,21,-21,1338,1154,122,169,4,-4,126,165,40,0,142
18009,Aug 27 2011,Friendly in Jordan,Jordan,Indonesia,1499,1329,1,0,3,-3,1502,1326,85,129,0,-1,85,128,20,100,270
18010,Aug 27 2011,Pacific Games in New Caledonia,New Caledonia,Vanuatu,1260,1247,5,0,27,-27,1287,1220,125,158,9,-7,134,151,40,100,113
18011,Aug 27 2011,Friendly in Oman,Oman,Kuwait,1551,1592,1,0,8,-8,1559,1584,69,64,2,-1,71,63,20,100,59
18012,Aug 27 2011,Pacific Games in New Caledonia,Papua New Guinea,Cook Islands,1045,726,4,0,10,-10,1055,716,179,213,2,0,181,213,40,0,319
18013,Aug 27 2011,Pacific Games in New Caledonia,Solomon Islands,Guam,1275,600,7,0,2,-2,1277,598,136,223,-1,0,135,223,40,0,675
18014,Aug 27 2011,Pacific Games in New Caledonia,Tuvalu,Eastern Samoa,737,354,4,0,7,-7,744,347,211,234,0,0,211,234,40,0,383
18015,Aug 28 2011,Friendly in Antigua and Barbuda,Antigua and Barbuda,St Vincent & Grenadines,1268,1184,2,2,-5,5,1263,1189,143,155,-2,2,141,157,20,100,184
18016,Aug 30 2011,Friendly in Botswana,Botswana,Lesotho,1437,1144,1,2,-18,18,1419,1162,108,162,-4,3,104,165,20,100,393
18017,Aug 30 2011,Pacific Games in New Caledonia,Fiji,Kiribati,1338,579,9,0,1,-1,1339,578,122,225,2,0,124,225,20,0,759
18018,Aug 30 2011,Pacific Games in New Caledonia,New Caledonia,Guam,1287,598,9,0,1,-1,1288,597,134,223,0,0,134,223,20,0,689
18019,Aug 30 2011,Pacific Games in New Caledonia,Solomon Islands,Eastern Samoa,1277,347,4,0,0,0,1277,347,135,234,0,0,135,234,20,0,930
18020,Aug 30 2011,Pacific Games in New Caledonia,Tahiti,Cook Islands,1154,716,7,0,7,-7,1161,709,167,213,-1,0,166,213,40,0,438
18021,Aug 30 2011,Pacific Games in New Caledonia,Vanuatu,Tuvalu,1220,744,5,1,5,-5,1225,739,147,211,2,0,149,211,40,0,476
18022,Sep 1 2011,Pacific Games in New Caledonia,Cook Islands,Kiribati,709,578,3,0,22,-22,731,556,213,231,0,-3,213,228,40,0,131
18023,Sep 1 2011,Pacific Games in New Caledonia,Guam,Eastern Samoa,597,347,2,0,12,-12,609,335,223,234,0,0,223,234,40,0,250
18024,Sep 1 2011,Pacific Games in New Caledonia,New Caledonia,Tuvalu,1288,739,8,0,2,-2,1290,737,134,211,0,0,134,211,20,0,549
18025,Sep 1 2011,Pacific Games in New Caledonia,Papua New Guinea,Tahiti,1055,1161,1,1,6,-6,1061,1155,181,166,0,0,181,166,40,0,-106
18026,Sep 1 2011,Pacific Games in New Caledonia,Vanuatu,Solomon Islands,1225,1277,1,0,23,-23,1248,1254,139,151,5,-8,144,143,40,0,-52
18027,Sep 2 2011,European Championship qual in Albania,Albania,France,1536,1842,1,2,-9,9,1527,1851,81,12,-2,1,79,13,40,100,-206
18028,Sep 2 2011,European Championship qual in Andorra,Andorra,Armenia,1009,1434,0,3,-9,9,1000,1443,190,98,-2,1,188,99,40,100,-325
18029,Sep 2 2011,World Cup qualifier in Antigua and Barbuda,Antigua and Barbuda,Curaçao,1263,1105,5,2,13,-13,1276,1092,130,178,5,-2,135,176,40,100,258
18030,Sep 2 2011,Friendly tournament in India,Argentina,Venezuela,1915,1718,1,0,7,-7,1922,1711,7,38,0,-1,7,37,30,0,197
18031,Sep 2 2011,World Cup qualifier in Australia,Australia,Thailand,1818,1388,2,1,2,-2,1820,1386,16,112,0,0,16,112,20,0,430
18032,Sep 2 2011,European Championship qual in Azerbaijan,Azerbaijan,Belgium,1406,1667,1,1,9,-9,1415,1658,106,55,1,-4,107,51,40,100,-161
18033,Sep 2 2011,World Cup qualifier in Bahrain,Bahrain,Qatar,1465,1480,0,0,-5,5,1460,1485,96,91,-1,0,95,91,40,100,85
18034,Sep 2 2011,European Championship qual in Belarus,Belarus,Bosnia and Herzegovina,1642,1636,0,2,-39,39,1603,1675,63,31,-4,13,59,44,40,100,106
18035,Sep 2 2011,European Championship qual in Bulgaria,Bulgaria,England,1707,1920,0,3,-24,24,1683,1944,44,6,-3,0,41,6,40,100,-113
18036,Sep 2 2011,World Cup qualifier in Canada,Canada,Saint Lucia,1614,1046,4,1,1,-1,1615,1045,56,181,1,1,57,182,20,0,568
18037,Sep 2 2011,World Cup qualifier in China,China,Singapore,1660,1342,2,1,3,-3,1663,1339,44,124,3,-1,47,123,20,0,318
18038,Sep 2 2011,European Championship qual in Cyprus,Cyprus,Portugal,1528,1899,0,4,-13,13,1515,1912,84,7,-2,1,82,8,40,100,-271
18039,Sep 2 2011,World Cup qualifier in Dominica,Dominica,Nicaragua,1081,1073,0,2,-39,39,1042,1112,190,173,-7,2,183,175,40,100,108
18040,Sep 2 2011,Friendly in Ecuador,Ecuador,Jamaica,1716,1668,5,2,10,-10,1726,1658,33,56,2,-5,35,51,20,100,148
18041,Sep 2 2011,World Cup qualifier in El Salvador,El Salvador,Dominican Republic,1560,1067,3,2,1,-1,1561,1066,70,178,0,1,70,179,20,0,493
18042,Sep 2 2011,European Championship qual in the Faroe Islands,Faroe Islands,Italy,1226,1875,0,1,-2,2,1224,1877,149,11,0,0,149,11,40,100,-549
18043,Sep 2 2011,European Championship qual in Finland,Finland,Moldova,1601,1445,4,1,13,-13,1614,1432,57,101,1,-1,58,100,40,100,256
18044,Sep 2 2011,European Championship qual in Georgia,Georgia,Latvia,1533,1481,0,1,-28,28,1505,1509,94,78,-8,6,86,84,40,100,152
18045,Sep 2 2011,European Championship qual in Germany,Germany,Austria,2061,1551,6,2,2,-2,2063,1549,3,72,0,1,3,73,20,0,510
18046,Sep 2 2011,African Nations Cup qualifier in Ghana,Ghana,Swaziland,1763,1140,2,0,1,-1,1764,1139,26,172,0,-1,26,171,20,0,623
18047,Sep 2 2011,World Cup qualifier in Grenada,Grenada,Belize,1232,1085,0,3,-56,56,1176,1141,170,165,-11,5,159,170,40,100,247
18048,Sep 2 2011,World Cup qualifier in Guatemala,Guatemala,St Vincent & Grenadines,1450,1189,4,0,8,-8,1458,1181,95,159,1,-1,96,158,40,100,361
18049,Sep 2 2011,World Cup qualifier in Guyana,Guyana,Barbados,1323,1245,2,0,16,-16,1339,1229,117,150,6,-2,123,148,40,100,178
18050,Sep 2 2011,World Cup qualifier in Haiti,Haiti,US Virgin Islands,1429,737,6,0,1,-1,1430,736,101,213,0,-1,101,212,20,0,692
18051,Sep 2 2011,European Championship qual in Hungary,Hungary,Sweden,1647,1863,2,1,26,-26,1673,1837,38,18,7,-3,45,15,40,100,-116
18052,Sep 2 2011,World Cup qualifier in Iran,Iran,Indonesia,1738,1326,3,0,3,-3,1741,1323,33,130,0,-1,33,129,20,0,412
18053,Sep 2 2011,World Cup qualifier in Iraq,Iraq,Jordan,1561,1502,0,2,-43,43,1518,1545,93,63,-12,11,81,74,40,100,159
18054,Sep 2 2011,European Championship qual in Ireland,Ireland,Slovakia,1801,1643,0,0,-13,13,1788,1656,23,52,-2,1,21,53,40,100,258
18055,Sep 2 2011,European Championship qual in Israel,Israel,Greece,1691,1752,0,1,-22,22,1669,1774,51,16,-5,7,46,23,40,100,39
18056,Sep 2 2011,World Cup qualifier in Japan,Japan,North Korea,1835,1497,1,0,3,-3,1838,1494,13,90,1,-2,14,88,20,0,338
18057,Sep 2 2011,European Championship qual in Lithuania,Lithuania,Liechtenstein,1552,1225,0,0,-17,17,1535,1242,77,142,-2,4,75,146,40,100,427
18058,Sep 2 2011,European Championship qual in Luxembourg,Luxembourg,Romania,1123,1706,0,2,-4,4,1119,1710,174,36,-1,2,173,38,40,100,-483
18059,Sep 2 2011,European Championship qual in Malta,Malta,Croatia,1217,1888,1,3,-2,2,1215,1890,150,10,1,0,151,10,30,100,-571
18060,Sep 2 2011,European Championship qual in the Netherlands,Netherlands,San Marino,2113,897,11,0,0,0,2113,897,2,199,0,0,2,199,20,0,1216
18061,Sep 2 2011,European Championship qual in Norway,Norway,Iceland,1791,1427,1,0,3,-3,1794,1424,20,103,0,0,20,103,30,0,364
18062,Sep 2 2011,European Championship qual in Northern Ireland,Northern Ireland,Serbia,1526,1749,0,1,-13,13,1513,1762,85,24,-2,4,83,28,40,100,-123
18063,Sep 2 2011,World Cup qualifier in Oman,Oman,Saudi Arabia,1559,1570,0,0,-5,5,1554,1575,73,66,-1,0,72,66,40,100,89
18064,Sep 2 2011,Friendly in Panama,Panama,Paraguay,1662,1784,0,2,-14,14,1648,1798,62,16,-7,3,55,19,20,100,-22
18065,Sep 2 2011,Friendly in Peru,Peru,Bolivia,1779,1526,2,2,-8,8,1771,1534,25,73,-1,4,24,77,20,100,353
18066,Sep 2 2011,Friendly in Poland,Poland,Mexico,1687,1857,1,1,2,-2,1689,1855,37,11,3,1,40,12,20,100,-70
18067,Sep 2 2011,European Championship qual in Russia,Russia,Macedonia,1803,1539,1,0,4,-4,1807,1535,16,75,1,0,17,75,20,0,264
18068,Sep 2 2011,European Championship qual in Slovenia,Slovenia,Estonia,1684,1450,1,2,-35,35,1649,1485,64,85,-10,6,54,91,40,100,334
18069,Sep 2 2011,World Cup qualifier in South Korea,South Korea,Lebanon,1805,1167,6,0,1,-1,1806,1166,19,162,-1,0,18,162,20,0,638
18070,Sep 2 2011,Friendly in Switzerland,Spain,Chile,2121,1906,3,2,4,-4,2125,1902,1,10,0,-1,1,9,20,0,215
18071,Sep 2 2011,World Cup qualifier in Saint Kitts and Nevis,Saint Kitts and Nevis,Puerto Rico,1187,995,0,0,-14,14,1173,1009,161,184,-1,2,160,186,40,100,292
18072,Sep 2 2011,World Cup qualifier in Suriname,Suriname,Cayman Islands,1267,961,1,0,4,-4,1271,957,139,192,0,0,139,192,30,0,306
18073,Sep 2 2011,World Cup qualifier in Tajikistan,Tajikistan,Uzbekistan,1263,1570,0,1,-9,9,1254,1579,144,62,-2,2,142,64,40,100,-207
18074,Sep 2 2011,World Cup qualifier in Trinidad and Tobago,Trinidad and Tobago,Bermuda,1497,1153,1,0,3,-3,1500,1150,88,167,-1,0,87,167,40,100,444
18075,Sep 2 2011,European Championship qual in Turkey,Turkey,Kazakhstan,1786,1351,2,1,2,-2,1788,1349,21,120,0,0,21,120,20,0,435
18076,Sep 2 2011,World Cup qualifier in the United Arab Emirates,United Arab Emirates,Kuwait,1473,1584,2,3,-19,19,1454,1603,102,55,-5,4,97,59,40,100,-11
18077,Sep 2 2011,Friendly in Ukraine,Ukraine,Uruguay,1760,1957,2,3,-7,7,1753,1964,35,5,-4,0,31,5,20,100,-97
18078,Sep 2 2011,Friendly in the United States,United States,Costa Rica,1738,1645,0,1,-15,15,1723,1660,39,45,-3,4,36,49,20,100,193
18079,Sep 2 2011,European Championship qual in Wales,Wales,Montenegro,1538,1707,2,1,24,-24,1562,1683,62,44,7,-3,69,41,40,100,-69
18080,Sep 3 2011,Friendly in Burkina Faso,Burkina Faso,Equatorial Guinea,1520,1206,1,0,2,-2,1522,1204,80,153,0,0,80,153,20,100,414
18081,Sep 3 2011,African Nations Cup qualifier in Cameroon,Cameroon,Mauritius,1638,1029,5,0,1,-1,1639,1028,56,184,0,0,56,184,20,0,609
18082,Sep 3 2011,Friendly in the United States,Colombia,Honduras,1764,1661,2,0,11,-11,1775,1650,20,58,3,-5,23,53,20,0,103
18083,Sep 3 2011,Pacific Games in New Caledonia,Fiji,Cook Islands,1339,731,4,1,2,-2,1341,729,119,213,2,0,121,213,30,0,608
18084,Sep 3 2011,African Nations Cup qualifier in Kenya,Kenya,Guinea-Bissau,1268,1275,2,1,15,-15,1283,1260,132,146,4,-5,136,141,30,0,-7
18085,Sep 3 2011,African Nations Cup qualifier in Egypt,Libya,Mozambique,1491,1353,1,0,12,-12,1503,1341,87,123,1,-2,88,121,40,0,138
18086,Sep 3 2011,African Nations Cup qualifier in Malawi,Malawi,Tunisia,1418,1586,0,0,4,-4,1422,1582,102,63,2,0,104,63,20,0,-168
18087,Sep 3 2011,African Nations Cup qualifier in Mali,Mali,Cape Verde,1490,1399,3,0,17,-17,1507,1382,82,115,4,-3,86,112,40,100,191
18088,Sep 3 2011,African Nations Cup qualifier in Namibia,Namibia,Gambia,1272,1395,1,0,21,-21,1293,1374,130,118,4,-4,134,114,40,100,-23
18089,Sep 3 2011,Pacific Games in New Caledonia,New Caledonia,Eastern Samoa,1290,335,8,0,0,0,1290,335,136,234,-1,0,135,234,20,0,955
18090,Sep 3 2011,Pacific Games in New Caledonia,Papua New Guinea,Kiribati,1061,556,17,1,7,-7,1068,549,178,228,1,0,179,228,40,0,505
18091,Sep 3 2011,African Nations Cup qualifier in Rwanda,Rwanda,Ivory Coast,1340,1754,0,5,-11,11,1329,1765,134,22,-6,4,128,26,40,100,-314
18092,Sep 3 2011,European Championship qual in Scotland,Scotland,Czechia,1690,1729,2,2,-3,3,1687,1732,41,32,-1,1,40,33,30,100,61
18093,Sep 3 2011,African Nations Cup qualifier in Senegal,Senegal,DR Congo,1594,1419,2,0,10,-10,1604,1409,57,112,2,-4,59,108,40,100,275
18094,Sep 3 2011,African Nations Cup qualifier in Sierra Leone,Sierra Leone,Egypt,1291,1756,2,1,36,-36,1327,1720,125,43,4,-7,129,36,40,100,-365
18095,Sep 3 2011,Pacific Games in New Caledonia,Solomon Islands,Tuvalu,1254,737,6,1,4,-4,1258,733,142,213,0,-1,142,212,40,0,517
18096,Sep 3 2011,African Nations Cup qualifier in Tanzania,Tanzania,Algeria,1339,1464,1,1,1,-1,1340,1463,123,94,0,0,123,94,20,100,-25
18097,Sep 3 2011,Pacific Games in New Caledonia,Vanuatu,Guam,1248,609,4,1,2,-2,1250,607,144,223,0,0,144,223,40,0,639
18098,Sep 4 2011,African Nations Cup qualifier in Angola,Angola,Uganda,1429,1576,2,0,34,-34,1463,1542,86,83,8,-9,94,74,40,100,-47
18099,Sep 4 2011,African Nations Cup qualifier in Burundi,Burundi,Benin,1239,1415,1,1,4,-4,1243,1411,145,106,1,0,146,106,40,100,-76
18100,Sep 4 2011,African Nations Cup qualifier in Central African Republic,Central African Republic,Morocco,1247,1594,0,0,12,-12,1259,1582,137,62,4,0,141,62,40,100,-247
18101,Sep 4 2011,African Nations Cup qualifier in the Comoros,Comoros,Zambia,881,1533,1,2,-2,2,879,1535,203,72,0,3,203,75,40,100,-552
18102,Sep 4 2011,African Nations Cup qualifier in Congo,Congo,Sudan,1366,1385,0,1,-25,25,1341,1410,123,103,-3,4,120,107,40,100,81
18103,Sep 4 2011,African Nations Cup qualifier in Guinea,Guinea,Ethiopia,1508,1319,1,0,6,-6,1514,1313,81,133,2,-1,83,132,40,100,289
18104,Sep 4 2011,African Nations Cup qualifier in Madagascar,Madagascar,Nigeria,1223,1676,0,2,-7,7,1216,1683,150,39,0,2,150,41,40,100,-353
18105,Sep 4 2011,Friendly in Spain,Mexico,Chile,1855,1902,1,0,11,-11,1866,1891,12,9,0,0,12,9,20,0,-47
18106,Sep 4 2011,African Nations Cup qualifier in Niger,Niger,South Africa,1309,1660,2,1,32,-32,1341,1628,108,64,12,-8,120,56,40,100,-251
18107,Sep 4 2011,African Nations Cup qualifier in Togo,Togo,Botswana,1367,1419,1,0,17,-17,1384,1402,110,113,3,-4,113,109,30,0,-52
18108,Sep 4 2011,African Nations Cup qualifier in Zimbabwe,Zimbabwe,Liberia,1369,1262,3,0,16,-16,1385,1246,109,150,3,-5,112,145,40,100,207
18109,Sep 5 2011,Friendly in Bolivia,Bolivia,Peru,1534,1771,0,0,4,-4,1538,1767,72,25,3,0,75,25,20,100,-137
18110,Sep 5 2011,Friendly in England,Brazil,Ghana,2033,1764,1,0,4,-4,2037,1760,4,30,0,-1,4,29,20,0,269
18111,Sep 5 2011,Pacific Games in New Caledonia,Fiji,Papua New Guinea,1341,1068,2,0,10,-10,1351,1058,116,181,2,-1,118,180,40,0,273
18112,Sep 5 2011,Pacific Games in New Caledonia,Guam,Tuvalu,607,733,1,1,7,-7,614,726,223,214,0,-1,223,213,40,0,-126
18113,Sep 5 2011,Pacific Games in New Caledonia,New Caledonia,Solomon Islands,1290,1258,1,2,-27,27,1263,1285,145,128,-5,7,140,135,40,100,132
18114,Sep 5 2011,Pacific Games in New Caledonia,Tahiti,Kiribati,1155,549,17,1,4,-4,1159,545,166,228,0,0,166,228,40,0,606
18115,Sep 5 2011,Pacific Games in New Caledonia,Vanuatu,Eastern Samoa,1250,335,8,0,0,0,1250,335,144,234,0,0,144,234,20,0,915
18116,Sep 6 2011,Friendly in Bangladesh,Argentina,Nigeria,1922,1683,3,1,6,-6,1928,1677,7,47,0,-3,7,44,20,0,239
18117,Sep 6 2011,European Championship qual in Austria,Austria,Turkey,1549,1788,0,0,8,-8,1557,1780,70,25,1,-2,71,23,40,100,-139
18118,Sep 6 2011,European Championship qual in Azerbaijan,Azerbaijan,Kazakhstan,1415,1349,3,2,11,-11,1426,1338,101,131,2,-6,103,125,40,100,166
18119,Sep 6 2011,World Cup qualifier in Barbados,Barbados,Trinidad and Tobago,1229,1500,0,2,-16,16,1213,1516,156,73,-4,8,152,81,40,100,-171
18120,Sep 6 2011,Friendly in Belgium,Belgium,United States,1658,1723,1,0,9,-9,1667,1714,41,37,4,-1,45,36,20,100,35
18121,Sep 6 2011,World Cup qualifier in Belize,Belize,Guatemala,1141,1458,1,2,-9,9,1132,1467,174,93,-2,2,172,95,40,100,-217
18122,Sep 6 2011,European Championship qual in Bosnia and Herzegovina,Bosnia and Herzegovina,Belarus,1675,1603,1,0,11,-11,1686,1592,40,60,2,0,42,60,40,100,172
18123,Sep 6 2011,World Cup qualifier in the Cayman Islands,Cayman Islands,El Salvador,957,1561,1,4,-4,4,953,1565,192,67,0,1,192,68,40,100,-504
18124,Sep 6 2011,Friendly in the United States,Colombia,Jamaica,1775,1658,2,0,10,-10,1785,1648,19,51,2,-1,21,50,20,0,117
18125,Sep 6 2011,European Championship qual in Croatia,Croatia,Israel,1890,1669,3,1,8,-8,1898,1661,8,48,1,-1,9,47,40,100,321
18126,Sep 6 2011,World Cup qualifier in Curaçao,Curaçao,Haiti,1092,1430,2,4,-12,12,1080,1442,176,100,0,1,176,101,40,100,-238
18127,Sep 6 2011,Friendly in Czechia,Czechia,Ukraine,1732,1753,4,0,15,-15,1747,1738,29,34,2,-2,31,32,20,100,79
18128,Sep 6 2011,European Championship qual in Denmark,Denmark,Norway,1750,1794,2,0,25,-25,1775,1769,17,30,7,-5,24,25,30,0,-44
18129,Sep 6 2011,World Cup qualifier in the Dominican Republic,Dominican Republic,Suriname,1066,1271,1,1,6,-6,1072,1265,175,139,2,0,177,139,40,100,-105
18130,Sep 6 2011,Friendly in Ecuador,Ecuador,Costa Rica,1726,1660,4,0,10,-10,1736,1650,32,50,1,-1,33,49,20,100,166
18131,Sep 6 2011,European Championship qual in England,England,Wales,1944,1562,1,0,2,-2,1946,1560,6,70,0,-1,6,69,20,0,382
18132,Sep 6 2011,European Championship qual in Estonia,Estonia,Northern Ireland,1485,1513,4,1,28,-28,1513,1485,73,104,9,-10,82,94,30,0,-28
18133,Sep 6 2011,European Championship qual in Finland,Finland,Netherlands,1614,2113,0,2,-5,5,1609,2118,56,2,1,0,57,2,40,100,-399
18134,Sep 6 2011,Friendly in France,Gabon,Niger,1555,1341,1,0,5,-5,1560,1336,68,131,1,-5,69,126,20,0,214
18135,Sep 6 2011,World Cup qualifier in Guyana,Guyana,Bermuda,1339,1150,2,1,6,-6,1345,1144,113,171,6,-2,119,169,40,100,289
18136,Sep 6 2011,Friendly in Honduras,Honduras,Paraguay,1650,1798,0,3,-15,15,1635,1813,56,15,-2,2,54,17,20,100,-48
18137,Sep 6 2011,European Championship qual in Iceland,Iceland,Cyprus,1424,1515,1,0,19,-19,1443,1496,97,96,3,-7,100,89,30,0,-91
18138,Sep 6 2011,World Cup qualifier in Indonesia,Indonesia,Bahrain,1323,1460,0,2,-27,27,1296,1487,135,90,-2,3,133,93,40,100,-37
18139,Sep 6 2011,European Championship qual in Italy,Italy,Slovenia,1877,1649,1,0,5,-5,1882,1644,11,49,0,2,11,51,40,100,328
18140,Sep 6 2011,World Cup qualifier in Jordan,Jordan,China,1545,1663,2,1,21,-21,1566,1642,61,57,6,-5,67,52,40,100,-18
18141,Sep 6 2011,World Cup qualifier in Kuwait,Kuwait,South Korea,1603,1806,1,1,6,-6,1609,1800,54,18,3,0,57,18,40,100,-103
18142,Sep 6 2011,European Championship qual in Latvia,Latvia,Greece,1509,1774,1,1,9,-9,1518,1765,75,30,5,-3,80,27,40,100,-165
18143,Sep 6 2011,World Cup qualifier in Lebanon,Lebanon,United Arab Emirates,1166,1454,3,1,45,-45,1211,1409,144,118,9,-10,153,108,40,100,-188
18144,Sep 6 2011,European Championship qual in Luxembourg,Luxembourg,Albania,1119,1527,2,1,34,-34,1153,1493,161,103,6,-12,167,91,40,100,-308
18145,Sep 6 2011,European Championship qual in Macedonia,Macedonia,Andorra,1535,1000,1,0,1,-1,1536,999,76,188,0,0,76,188,20,0,535
18146,Sep 6 2011,European Championship qual in Malta,Malta,Georgia,1215,1505,1,1,10,-10,1225,1495,145,93,3,-3,148,90,30,0,-290
18147,Sep 6 2011,European Championship qual in Moldova,Moldova,Hungary,1432,1673,0,2,-18,18,1414,1691,109,37,-4,4,105,41,40,100,-141
18148,Sep 6 2011,World Cup qualifier in Nicaragua,Nicaragua,Panama,1112,1648,1,2,-3,3,1109,1651,175,42,0,6,175,48,40,100,-436
18149,Sep 6 2011,World Cup qualifier in North Korea,North Korea,Tajikistan,1494,1254,1,0,5,-5,1499,1249,86,145,2,-1,88,144,40,100,340
18150,Sep 6 2011,Friendly in Poland,Poland,Germany,1689,2063,2,2,7,-7,1696,2056,39,3,0,0,39,3,20,100,-274
18151,Sep 6 2011,World Cup qualifier in Puerto Rico,Puerto Rico,Canada,1009,1615,0,3,-4,4,1005,1619,188,55,-1,1,187,56,40,100,-506
18152,Sep 6 2011,World Cup qualifier in Qatar,Qatar,Iran,1485,1741,1,1,8,-8,1493,1733,91,36,0,-2,91,34,40,100,-156
18153,Sep 6 2011,European Championship qual in Romania,Romania,France,1710,1851,0,0,2,-2,1712,1849,38,13,0,0,38,13,30,100,-41
18154,Sep 6 2011,European Championship qual in Russia,Russia,Ireland,1807,1788,0,0,-7,7,1800,1795,19,19,-1,1,18,20,40,100,119
18155,Sep 6 2011,European Championship qual in San Marino,San Marino,Sweden,897,1837,0,5,-1,1,896,1838,199,13,0,1,199,14,40,100,-840
18156,Sep 6 2011,World Cup qualifier in Saudi Arabia,Saudi Arabia,Australia,1575,1820,1,3,-18,18,1557,1838,77,12,-6,2,71,14,40,100,-145
18157,Sep 6 2011,European Championship qual in Scotland,Scotland,Lithuania,1687,1535,1,0,8,-8,1695,1527,40,80,0,-2,40,78,40,100,252
18158,Sep 6 2011,European Championship qual in Serbia,Serbia,Faroe Islands,1762,1224,3,1,1,-1,1763,1223,30,149,-1,0,29,149,20,0,538
18159,Sep 6 2011,World Cup qualifier in Singapore,Singapore,Iraq,1339,1518,0,2,-23,23,1316,1541,135,67,-5,7,130,74,40,100,-79
18160,Sep 6 2011,European Championship qual in Slovakia,Slovakia,Armenia,1656,1443,0,4,-64,64,1592,1507,69,70,-9,15,60,85,40,100,313
18161,Sep 6 2011,European Championship qual in Spain,Spain,Liechtenstein,2125,1242,6,0,0,0,2125,1242,1,147,0,0,1,147,20,0,883
18162,Sep 6 2011,World Cup qualifier in Saint Lucia,Saint Lucia,Saint Kitts and Nevis,1045,1173,2,4,-28,28,1017,1201,186,150,-2,5,184,155,40,100,-28
18163,Sep 6 2011,European Championship qual in Switzerland,Switzerland,Bulgaria,1765,1683,3,1,16,-16,1781,1667,18,49,4,-4,22,45,40,100,182
18164,Sep 6 2011,World Cup qualifier in Thailand,Thailand,Oman,1386,1554,3,0,42,-42,1428,1512,93,95,9,-12,102,83,40,100,-68
18165,Sep 6 2011,World Cup qualifier in the US Virgin Islands,US Virgin Islands,Antigua and Barbuda,736,1276,1,8,-7,7,729,1283,211,135,0,1,211,136,40,100,-440
18166,Sep 6 2011,World Cup qualifier in Uzbekistan,Uzbekistan,Japan,1579,1838,1,1,9,-9,1588,1829,60,18,2,-2,62,16,30,0,-259
18167,Sep 6 2011,Friendly in Venezuela,Venezuela,Guinea,1711,1514,2,1,3,-3,1714,1511,35,85,1,-1,36,84,20,100,297
18168,Sep 7 2011,Friendly in Equatorial Guinea,Equatorial Guinea,Central African Republic,1204,1259,3,0,15,-15,1219,1244,146,148,4,-3,150,145,20,100,45
18169,Sep 7 2011,Pacific Games in New Caledonia,New Caledonia,Tahiti,1263,1159,3,1,14,-14,1277,1145,136,170,2,-2,138,168,40,100,204
18170,Sep 7 2011,Pacific Games in New Caledonia,Solomon Islands,Fiji,1285,1351,2,1,24,-24,1309,1327,129,138,3,-10,132,128,40,0,-66
18171,Sep 9 2011,Pacific Games in New Caledonia,New Caledonia,Solomon Islands,1277,1309,2,0,24,-24,1301,1285,126,140,6,-4,132,136,40,100,68
18172,Sep 9 2011,Pacific Games in New Caledonia,Tahiti,Fiji,1145,1327,2,1,30,-30,1175,1297,156,138,6,-5,162,133,40,0,-182
18173,Sep 11 2011,Friendly in St Vincent & Grenadines,St Vincent & Grenadines,Dominica,1181,1042,1,0,4,-4,1185,1038,158,182,1,0,159,182,20,100,239
18174,Sep 14 2011,Friendly tournament in Argentina,Argentina,Brazil,1928,2037,0,0,0,0,1928,2037,7,4,0,0,7,4,20,100,-9
18175,Sep 18 2011,World Cup qualifier in St Vincent & Grenadines,St Vincent & Grenadines,Grenada,1185,1176,2,1,14,-14,1199,1162,153,169,3,-4,156,165,40,100,109
18176,Sep 23 2011,Friendly in Suriname,Suriname,Curaçao,1265,1080,2,0,5,-5,1270,1075,140,176,0,0,140,176,20,100,285
18177,Sep 25 2011,Friendly in Suriname,Suriname,Curaçao,1270,1075,2,2,-7,7,1263,1082,140,176,0,0,140,176,20,100,295
18178,Sep 28 2011,Friendly tournament in Brazil,Brazil,Argentina,2037,1928,2,0,10,-10,2047,1918,4,7,0,0,4,7,20,0,109
18179,Sep 30 2011,Friendly in Antigua and Barbuda,Antigua and Barbuda,Martinique,1283,1339,1,0,9,-9,1292,1330,135,129,1,-3,136,126,20,100,44
18180,Sep 30 2011,Friendly tournament in Taiwan,Hong Kong,Philippines,1183,1008,3,3,-7,7,1176,1015,160,184,0,1,160,185,20,100,275
18181,Sep 30 2011,Friendly tournament in Taiwan,Taiwan,Macao,916,673,3,0,6,-6,922,667,196,220,0,0,196,220,30,100,343
18182,Oct 1 2011,Friendly in Ethiopia,Ethiopia,Sudan,1313,1410,1,2,-10,10,1303,1420,132,103,-1,2,131,105,20,100,3
18183,Oct 2 2011,Friendly in Antigua and Barbuda,Antigua and Barbuda,Martinique,1292,1330,1,2,-12,12,1280,1342,140,114,-2,6,138,120,20,100,62
18184,Oct 2 2011,Friendly tournament in Taiwan,Hong Kong,Macao,1176,667,5,1,3,-3,1179,664,160,220,0,0,160,220,30,0,509
18185,Oct 2 2011,Friendly tournament in Taiwan,Taiwan,Philippines,922,1015,0,0,0,0,922,1015,196,185,0,0,196,185,20,100,7
18186,Oct 4 2011,Friendly in Ethiopia,Ethiopia,Malawi,1303,1422,0,0,1,-1,1304,1421,131,104,0,0,131,104,20,100,-19
18187,Oct 4 2011,Friendly tournament in Taiwan,Philippines,Macao,1015,664,2,0,5,-5,1020,659,183,220,1,0,184,220,30,0,351
18188,Oct 4 2011,Friendly tournament in Taiwan,Taiwan,Hong Kong,922,1179,0,6,-18,18,904,1197,198,156,-1,2,197,158,30,100,-157
18189,Oct 5 2011,Friendly in Iran,Iran,Palestine,1733,1170,7,0,1,-1,1734,1169,34,162,0,0,34,162,20,100,663
18190,Oct 6 2011,Friendly in China,China,United Arab Emirates,1642,1409,2,1,3,-3,1645,1406,50,110,1,-1,51,109,20,100,333
18191,Oct 6 2011,Friendly in Thailand,Thailand,Jordan,1428,1566,0,0,1,-1,1429,1565,102,67,0,0,102,67,20,100,-38
18192,Oct 7 2011,European Championship qual in Andorra,Andorra,Ireland,999,1795,0,2,-1,1,998,1796,188,18,0,1,188,19,20,100,-696
18193,Oct 7 2011,World Cup qualifier in Argentina,Argentina,Chile,1918,1891,4,1,23,-23,1941,1868,5,10,1,0,6,10,40,100,127
18194,Oct 7 2011,European Championship qual in Armenia,Armenia,Macedonia,1507,1536,4,1,28,-28,1535,1508,67,92,9,-8,76,84,30,0,-29
18195,Oct 7 2011,Friendly in Australia,Australia,Malaysia,1838,1214,5,0,1,-1,1839,1213,16,152,-1,0,15,152,20,0,624
18196,Oct 7 2011,European Championship qual in Azerbaijan,Azerbaijan,Austria,1426,1557,1,4,-32,32,1394,1589,117,53,-7,9,110,62,40,100,-31
18197,Oct 7 2011,World Cup qualifier in Barbados,Barbados,Guyana,1213,1345,0,2,-27,27,1186,1372,167,116,-7,1,160,117,40,100,-32
18198,Oct 7 2011,European Championship qual in Belgium,Belgium,Kazakhstan,1667,1338,4,1,5,-5,1672,1333,45,126,0,-1,45,125,20,0,329
18199,Oct 7 2011,World Cup qualifier in Belize,Belize,Grenada,1132,1162,1,4,-42,42,1090,1204,178,143,-3,11,175,154,40,100,70
18200,Oct 7 2011,World Cup qualifier in Bermuda,Bermuda,Trinidad and Tobago,1144,1516,2,1,33,-33,1177,1483,155,105,7,-12,162,93,40,100,-272
18201,Oct 7 2011,European Championship qual in Bosnia and Herzegovina,Bosnia and Herzegovina,Luxembourg,1686,1153,5,0,2,-2,1688,1151,44,169,-1,-1,43,168,20,0,533
18202,Oct 7 2011,World Cup qualifier in the Cayman Islands,Cayman Islands,Suriname,953,1263,0,1,-9,9,944,1272,192,140,0,0,192,140,40,100,-210
18203,Oct 7 2011,Friendly in Costa Rica,Costa Rica,Brazil,1650,2047,0,1,-3,3,1647,2050,53,4,-2,0,51,4,20,100,-297
18204,Oct 7 2011,World Cup qualifier in Curaçao,Curaçao,Antigua and Barbuda,1082,1280,0,1,-15,15,1067,1295,182,132,-3,3,179,135,40,100,-98
18205,Oct 7 2011,European Championship qual in Cyprus,Cyprus,Denmark,1496,1775,1,4,-18,18,1478,1793,99,18,-5,3,94,21,40,100,-179
18206,Oct 7 2011,European Championship qual in Czechia,Czechia,Spain,1747,2125,0,2,-10,10,1737,2135,35,1,-2,0,33,1,40,100,-278
18207,Oct 7 2011,World Cup qualifier in Dominica,Dominica,Panama,1038,1651,0,5,-4,4,1034,1655,182,48,0,0,182,48,40,100,-513
18208,Oct 7 2011,World Cup qualifier in the Dominican Republic,Dominican Republic,El Salvador,1072,1565,1,2,-4,4,1068,1569,179,69,-1,-1,178,68,40,100,-393
18209,Oct 7 2011,African Nations Cup qualifier in the Dem Rep of the Congo,DR Congo,Cameroon,1409,1639,2,3,-13,13,1396,1652,110,45,-1,4,109,49,40,100,-130
18210,Oct 7 2011,World Cup qualifier in Ecuador,Ecuador,Venezuela,1736,1714,2,0,20,-20,1756,1694,27,44,3,-4,30,40,40,100,122
18211,Oct 7 2011,European Championship qual in Finland,Finland,Sweden,1609,1838,1,2,-13,13,1596,1851,65,14,-4,0,61,14,40,100,-129
18212,Oct 7 2011,European Championship qual in France,France,Albania,1849,1493,3,0,5,-5,1854,1488,13,89,0,1,13,90,40,100,456
18213,Oct 7 2011,Friendly in France,Gabon,Equatorial Guinea,1560,1219,2,0,4,-4,1564,1215,73,152,-2,-1,71,151,20,0,341
18214,Oct 7 2011,European Championship qual in Greece,Greece,Croatia,1765,1898,2,0,33,-33,1798,1865,9,15,9,-3,18,12,40,100,-33
18215,Oct 7 2011,Friendly in Malaysia,Indonesia,Saudi Arabia,1296,1557,0,0,6,-6,1302,1551,130,73,2,-1,132,72,20,0,-261
18216,Oct 7 2011,Friendly in Japan,Japan,Vietnam,1829,1274,1,0,0,0,1829,1274,16,139,0,0,16,139,20,100,655
18217,Oct 7 2011,European Championship qual in Latvia,Latvia,Malta,1518,1225,2,0,6,-6,1524,1219,80,150,0,-1,80,149,40,100,393
18218,Oct 7 2011,European Championship qual in Montenegro,Montenegro,England,1683,1946,2,2,9,-9,1692,1937,39,8,2,-1,41,7,40,100,-163
18219,Oct 7 2011,European Championship qual in the Netherlands,Netherlands,Moldova,2118,1414,1,0,0,0,2118,1414,2,104,0,1,2,105,20,0,704
18220,Oct 7 2011,European Championship qual in Northern Ireland,Northern Ireland,Estonia,1485,1513,1,2,-24,24,1461,1537,102,68,-4,7,98,75,40,100,72
18221,Oct 7 2011,World Cup qualifier in Peru,Peru,Paraguay,1767,1813,2,0,25,-25,1792,1788,18,29,4,-6,22,23,30,0,-46
18222,Oct 7 2011,European Championship qual in Portugal,Portugal,Iceland,1912,1443,5,3,2,-2,1914,1441,8,102,0,-1,8,101,20,0,469
18223,Oct 7 2011,World Cup qualifier in Puerto Rico,Puerto Rico,Saint Kitts and Nevis,1005,1201,1,1,5,-5,1010,1196,187,159,0,-2,187,157,20,0,-196
18224,Oct 7 2011,European Championship qual in Romania,Romania,Belarus,1712,1592,2,2,-11,11,1701,1603,36,58,1,1,37,59,40,100,220
18225,Oct 7 2011,European Championship qual in Serbia,Serbia,Italy,1763,1882,1,1,1,-1,1764,1881,25,7,2,2,27,9,20,100,-19
18226,Oct 7 2011,Friendly in Singapore,Singapore,Philippines,1316,1020,2,0,3,-3,1319,1017,129,184,0,0,129,184,20,100,396
18227,Oct 7 2011,European Championship qual in Slovakia,Slovakia,Russia,1592,1800,0,1,-14,14,1578,1814,72,16,-6,1,66,17,40,100,-108
18228,Oct 7 2011,Friendly in South Korea,South Korea,Poland,1800,1696,2,2,-5,5,1795,1701,22,35,-2,2,20,37,20,100,204
18229,Oct 7 2011,World Cup qualifier in Saint Lucia,Saint Lucia,Canada,1017,1619,0,7,-5,5,1012,1624,185,56,0,0,185,56,40,100,-502
18230,Oct 7 2011,World Cup qualifier in St Vincent & Grenadines,St Vincent & Grenadines,Guatemala,1199,1467,0,3,-19,19,1180,1486,166,89,-5,3,161,92,40,100,-168
18231,Oct 7 2011,European Championship qual in Turkey,Turkey,Germany,1780,2056,1,3,-16,16,1764,2072,31,3,-4,0,27,3,40,100,-176
18232,Oct 7 2011,Friendly in Ukraine,Ukraine,Bulgaria,1738,1667,3,0,10,-10,1748,1657,30,49,1,-2,31,47,20,100,171
18233,Oct 7 2011,World Cup qualifier in Uruguay,Uruguay,Bolivia,1964,1538,4,2,3,-3,1967,1535,5,77,0,-1,5,76,40,100,526
18234,Oct 7 2011,World Cup qualifier in the US Virgin Islands,US Virgin Islands,Haiti,729,1442,0,7,-3,3,726,1445,213,99,-1,1,212,100,40,100,-613
18235,Oct 7 2011,European Championship qual in Wales,Wales,Switzerland,1560,1781,2,0,40,-40,1600,1741,51,42,9,-10,60,32,40,100,-121
18236,Oct 8 2011,African Nations Cup qualifier in Cape Verde,Cape Verde,Zimbabwe,1382,1385,2,1,15,-15,1397,1370,104,122,5,-5,109,117,30,0,-3
18237,Oct 8 2011,African Nations Cup qualifier in Chad,Chad,Malawi,1198,1421,2,2,7,-7,1205,1414,151,103,2,0,153,103,40,100,-123
18238,Oct 8 2011,African Nations Cup qualifier in Egypt,Egypt,Niger,1720,1336,3,0,4,-4,1724,1332,35,128,0,-2,35,126,40,100,484
18239,Oct 8 2011,African Nations Cup qualifier in Ethiopia,Ethiopia,Madagascar,1304,1216,4,2,15,-15,1319,1201,127,160,2,-5,129,155,40,100,188
18240,Oct 8 2011,African Nations Cup qualifier in The Gambia,Gambia,Burkina Faso,1374,1522,1,1,3,-3,1377,1519,112,83,2,-1,114,82,40,100,-48
18241,Oct 8 2011,African Nations Cup qualifier in Guinea-Bissau,Guinea-Bissau,Angola,1260,1463,0,2,-21,21,1239,1484,151,90,-5,3,146,93,40,100,-103
18242,Oct 8 2011,African Nations Cup qualifier in Liberia,Liberia,Mali,1246,1507,2,2,9,-9,1255,1498,138,89,3,-2,141,87,40,100,-161
18243,Oct 8 2011,European Championship qual in Liechtenstein,Liechtenstein,Scotland,1242,1695,0,1,-5,5,1237,1700,147,39,0,0,147,39,40,100,-353
18244,Oct 8 2011,African Nations Cup qualifier in Mozambique,Mozambique,Comoros,1341,879,3,0,3,-3,1344,876,119,203,1,0,120,203,30,0,462
18245,Oct 8 2011,African Nations Cup qualifier in Nigeria,Nigeria,Guinea,1677,1511,2,2,-13,13,1664,1524,46,77,-1,3,45,80,40,100,266
18246,Oct 8 2011,African Nations Cup qualifier in South Africa,South Africa,Sierra Leone,1628,1327,0,0,-16,16,1612,1343,57,114,-1,7,56,121,40,100,401
18247,Oct 8 2011,African Nations Cup qualifier in Sudan,Sudan,Ghana,1420,1760,0,2,-12,12,1408,1772,108,21,-2,4,106,25,40,100,-240
18248,Oct 8 2011,African Nations Cup qualifier in Swaziland,Swaziland,Congo,1139,1341,0,1,-14,14,1125,1355,173,117,-1,2,172,119,40,100,-102
18249,Oct 8 2011,African Nations Cup qualifier in Tunisia,Tunisia,Togo,1582,1384,2,0,9,-9,1591,1375,60,117,2,-2,62,115,40,100,298
18250,Oct 8 2011,African Nations Cup qualifier in Uganda,Uganda,Kenya,1542,1283,0,0,-16,16,1526,1299,85,130,-6,4,79,134,40,100,359
18251,Oct 8 2011,Friendly in the United States,United States,Honduras,1714,1635,1,0,5,-5,1719,1630,36,54,0,0,36,54,20,100,179
18252,Oct 8 2011,African Nations Cup qualifier in Zambia,Zambia,Libya,1535,1503,0,0,-7,7,1528,1510,78,82,-1,2,77,84,40,100,132
18253,Oct 9 2011,African Nations Cup qualifier in Algeria,Algeria,Central African Republic,1463,1244,2,0,8,-8,1471,1236,95,150,1,-3,96,147,40,100,319
18254,Oct 9 2011,African Nations Cup qualifier in Benin,Benin,Rwanda,1411,1329,0,1,-30,30,1381,1359,119,108,-7,10,112,118,40,100,182
18255,Oct 9 2011,African Nations Cup qualifier in Ivory Coast,Ivory Coast,Burundi,1765,1243,2,1,1,-1,1766,1242,27,143,0,1,27,144,20,0,522
18256,Oct 9 2011,African Nations Cup qualifier in Mauritius,Mauritius,Senegal,1028,1604,0,2,-4,4,1024,1608,183,58,0,0,183,58,40,100,-476
18257,Oct 9 2011,African Nations Cup qualifier in Morocco,Morocco,Tanzania,1582,1340,3,1,7,-7,1589,1333,61,126,2,-1,63,125,40,100,342
18258,Oct 11 2011,European Championship qual in Albania,Albania,Romania,1488,1701,1,1,6,-6,1494,1695,86,45,2,-4,88,41,40,100,-113
18259,Oct 11 2011,World Cup qualifier in Antigua and Barbuda,Antigua and Barbuda,US Virgin Islands,1295,726,10,0,2,-2,1297,724,132,214,2,-1,134,213,20,0,569
18260,Oct 11 2011,World Cup qualifier in Australia,Australia,Oman,1839,1512,3,0,6,-6,1845,1506,13,85,1,-1,14,84,40,100,427
18261,Oct 11 2011,World Cup qualifier in Bermuda,Bermuda,Guyana,1177,1372,1,1,5,-5,1182,1367,158,118,2,-1,160,117,20,0,-195
18262,Oct 11 2011,World Cup qualifier in Bolivia,Bolivia,Colombia,1535,1785,1,2,-12,12,1523,1797,83,18,-4,3,79,21,40,100,-150
18263,Oct 11 2011,European Championship qual in Bulgaria,Bulgaria,Wales,1657,1600,0,1,-28,28,1629,1628,59,48,-6,6,53,54,40,100,157
18264,Oct 11 2011,World Cup qualifier in Canada,Canada,Puerto Rico,1624,1010,0,0,-19,19,1605,1029,65,179,-5,4,60,183,40,0,614
18265,Oct 11 2011,World Cup qualifier in Chile,Chile,Peru,1868,1792,4,2,16,-16,1884,1776,8,26,1,-2,9,24,40,100,176
18266,Oct 11 2011,World Cup qualifier in China,China,Iraq,1645,1541,0,1,-31,31,1614,1572,58,65,-3,4,55,69,40,100,204
18267,Oct 11 2011,European Championship qual in Croatia,Croatia,Latvia,1865,1524,2,0,4,-4,1869,1520,12,80,0,0,12,80,20,0,341
18268,Oct 11 2011,European Championship qual in Denmark,Denmark,Portugal,1793,1914,2,1,21,-21,1814,1893,13,8,4,0,17,8,40,100,-21
18269,Oct 11 2011,World Cup qualifier in El Salvador,El Salvador,Cayman Islands,1569,944,4,0,1,-1,1570,943,72,192,-2,0,70,192,20,0,625
18270,Oct 11 2011,Friendly in Equatorial Guinea,Equatorial Guinea,Cameroon,1215,1652,1,1,7,-7,1222,1645,148,51,1,-1,149,50,20,100,-337
18271,Oct 11 2011,Friendly in Estonia,Estonia,Ukraine,1537,1748,0,2,-10,10,1527,1758,78,33,-2,-1,76,32,20,100,-111
18272,Oct 11 2011,European Championship qual in France,France,Bosnia and Herzegovina,1854,1688,1,1,-13,13,1841,1701,17,35,-2,4,15,39,40,100,266
18273,Oct 11 2011,European Championship qual in Georgia,Georgia,Greece,1495,1798,1,2,-9,9,1486,1807,94,20,-3,-1,91,19,40,100,-203
18274,Oct 11 2011,European Championship qual in Germany,Germany,Belgium,2072,1672,3,1,3,-3,2075,1669,3,44,0,0,3,44,20,0,400
18275,Oct 11 2011,Friendly in England,Ghana,Nigeria,1772,1664,0,0,-3,3,1769,1667,27,47,-1,-1,26,46,20,0,108
18276,Oct 11 2011,World Cup qualifier in Guatemala,Guatemala,Belize,1486,1090,3,1,3,-3,1489,1087,88,177,2,-1,90,176,20,0,396
18277,Oct 11 2011,World Cup qualifier in Haiti,Haiti,Curaçao,1445,1067,2,2,-18,18,1427,1085,104,175,-2,2,102,177,40,100,478
18278,Oct 11 2011,Friendly in Honduras,Honduras,Jamaica,1630,1648,2,1,8,-8,1638,1640,50,52,2,-1,52,51,20,100,82
18279,Oct 11 2011,European Championship qual in Hungary,Hungary,Finland,1691,1596,0,0,-10,10,1681,1606,42,57,0,2,42,59,40,100,195
18280,Oct 11 2011,World Cup qualifier in Indonesia,Indonesia,Qatar,1302,1493,2,3,-15,15,1287,1508,142,77,-5,6,137,83,40,100,-91
18281,Oct 11 2011,World Cup qualifier in Iran,Iran,Bahrain,1734,1487,6,0,10,-10,1744,1477,32,97,1,-3,33,94,40,100,347
18282,Oct 11 2011,European Championship qual in Ireland,Ireland,Armenia,1796,1535,2,1,4,-4,1800,1531,21,73,-1,1,20,74,20,0,261
18283,Oct 11 2011,European Championship qual in Italy,Italy,Northern Ireland,1881,1461,3,0,3,-3,1884,1458,9,98,0,0,9,98,20,0,420
18284,Oct 11 2011,World Cup qualifier in Japan,Japan,Tajikistan,1829,1249,8,0,2,-2,1831,1247,16,141,0,1,16,142,20,0,580
18285,Oct 11 2011,European Championship qual in Kazakhstan,Kazakhstan,Austria,1333,1589,0,0,8,-8,1341,1581,125,69,0,-3,125,66,40,100,-156
18286,Oct 11 2011,World Cup qualifier in Lebanon,Lebanon,Kuwait,1211,1609,2,2,14,-14,1225,1595,142,65,5,-4,147,61,40,100,-298
18287,Oct 11 2011,European Championship qual in Lithuania,Lithuania,Czechia,1527,1737,1,4,-24,24,1503,1761,94,27,-8,3,86,30,40,100,-110
18288,Oct 11 2011,European Championship qual in Macedonia,Macedonia,Slovakia,1508,1578,1,1,-2,2,1506,1580,83,68,1,-1,84,67,40,100,30
18289,Oct 11 2011,European Championship qual in Malta,Malta,Israel,1219,1661,0,2,-7,7,1212,1668,155,44,-3,1,152,45,40,100,-342
18290,Oct 11 2011,Friendly in Mexico,Mexico,Brazil,1866,2050,1,2,-8,8,1858,2058,15,4,-2,0,13,4,20,100,-84
18291,Oct 11 2011,European Championship qual in Moldova,Moldova,San Marino,1414,896,4,0,2,-2,1416,894,103,201,0,-1,103,200,20,0,518
18292,Oct 11 2011,World Cup qualifier in North Korea,North Korea,Uzbekistan,1499,1588,0,1,-21,21,1478,1609,100,49,-7,8,93,57,40,100,11
18293,Oct 11 2011,European Championship qual in Norway,Norway,Cyprus,1769,1478,3,1,6,-6,1775,1472,24,95,1,0,25,95,40,100,391
18294,Oct 11 2011,World Cup qualifier in Panama,Panama,Nicaragua,1655,1109,5,1,2,-2,1657,1107,48,176,0,-1,48,175,20,0,546
18295,Oct 11 2011,World Cup qualifier in Paraguay,Paraguay,Uruguay,1788,1967,1,1,4,-4,1792,1963,23,5,0,0,23,5,40,100,-79
18296,Oct 11 2011,Friendly in the Philippines,Philippines,Nepal,1017,974,4,0,11,-11,1028,963,184,192,0,-1,184,191,20,100,143
18297,Oct 11 2011,Friendly in Germany,Poland,Belarus,1701,1603,2,0,11,-11,1712,1592,37,65,0,-3,37,62,20,0,98
18298,Oct 11 2011,European Championship qual in Russia,Russia,Andorra,1814,998,6,0,0,0,1814,998,17,188,0,0,17,188,20,0,816
18299,Oct 11 2011,World Cup qualifier in Singapore,Singapore,Jordan,1319,1565,0,3,-21,21,1298,1586,137,60,-4,5,133,65,40,100,-146
18300,Oct 11 2011,European Championship qual in Slovenia,Slovenia,Serbia,1644,1764,1,0,21,-21,1665,1743,41,40,6,-6,47,34,40,100,-20
18301,Oct 11 2011,World Cup qualifier in South Korea,South Korea,United Arab Emirates,1795,1406,2,1,2,-2,1797,1404,22,106,-1,0,21,106,20,0,389
18302,Oct 11 2011,European Championship qual in Spain,Spain,Scotland,2135,1700,3,1,3,-3,2138,1697,1,41,0,-1,1,40,30,0,435
18303,Oct 11 2011,World Cup qualifier in Saint Kitts and Nevis,Saint Kitts and Nevis,Saint Lucia,1196,1012,1,1,-13,13,1183,1025,161,185,-2,0,159,185,40,100,284
18304,Oct 11 2011,World Cup qualifier in Suriname,Suriname,Dominican Republic,1272,1068,1,3,-51,51,1221,1119,160,168,-10,5,150,173,40,100,304
18305,Oct 11 2011,European Championship qual in Sweden,Sweden,Netherlands,1851,2118,3,2,29,-29,1880,2089,8,2,3,0,11,2,40,100,-167
18306,Oct 11 2011,European Championship qual in Switzerland,Switzerland,Montenegro,1741,1692,2,0,18,-18,1759,1674,30,45,1,-2,31,43,40,100,149
18307,Oct 11 2011,World Cup qualifier in Thailand,Thailand,Saudi Arabia,1429,1551,0,0,1,-1,1430,1550,100,74,1,-1,101,73,20,100,-22
18308,Oct 11 2011,World Cup qualifier in Trinidad and Tobago,Trinidad and Tobago,Barbados,1483,1186,4,0,7,-7,1490,1179,84,164,5,-2,89,162,40,100,397
18309,Oct 11 2011,European Championship qual in Turkey,Turkey,Azerbaijan,1764,1394,1,0,3,-3,1767,1391,28,110,0,0,28,110,30,0,370
18310,Oct 11 2011,Friendly in the United States,United States,Ecuador,1719,1756,0,1,-12,12,1707,1768,40,24,-2,3,38,27,20,100,63
18311,Oct 11 2011,World Cup qualifier in Venezuela,Venezuela,Argentina,1694,1941,1,0,28,-28,1722,1913,32,8,4,-1,36,7,40,100,-147
18312,Oct 15 2011,World Cup qualifier in Grenada,Grenada,St Vincent & Grenadines,1204,1180,1,1,-7,7,1197,1187,156,157,-1,2,155,159,40,100,124
18313,Oct 31 2011,Friendly in Namibia,Namibia,Lesotho,1293,1162,0,0,-6,6,1287,1168,136,163,0,2,136,165,20,100,231
18314,Nov 1 2011,Friendly in Djibouti,Djibouti,Somalia,793,911,1,0,11,-11,804,900,207,198,0,-1,207,197,20,100,-18
18315,Nov 4 2011,Friendly in Kuwait,Kuwait,Bahrain,1595,1477,0,1,-16,16,1579,1493,73,84,-6,5,67,89,20,100,218
18316,Nov 4 2011,Friendly in Qatar,Qatar,Oman,1508,1506,0,0,-3,3,1505,1509,87,82,-2,1,85,83,20,100,102
18317,Nov 5 2011,Friendly in Antigua and Barbuda,Antigua and Barbuda,Guadeloupe,1297,1466,0,0,2,-2,1299,1464,130,97,2,0,132,97,20,100,-69
18318,Nov 6 2011,Friendly in South Africa,DR Congo,Lesotho,1396,1168,3,0,7,-7,1403,1161,105,169,2,-2,107,167,20,0,228
18319,Nov 6 2011,Friendly in Qatar,Iraq,Lebanon,1572,1225,1,0,2,-2,1574,1223,67,147,1,0,68,147,20,0,347
18320,Nov 8 2011,Friendly in Qatar,Lebanon,Thailand,1223,1430,3,1,23,-23,1246,1407,139,109,4,-4,143,105,20,0,-207
18321,Nov 10 2011,Friendly in Gabon,Gabon,Brazil,1564,2058,0,2,-3,3,1561,2061,72,4,0,0,72,4,20,100,-394
18322,Nov 11 2011,Friendly in Albania,Albania,Azerbaijan,1494,1391,0,1,-15,15,1479,1406,96,98,-4,6,92,104,20,100,203
18323,Nov 11 2011,World Cup qualifier in Antigua and Barbuda,Antigua and Barbuda,Haiti,1299,1427,1,0,22,-22,1321,1405,128,109,2,-4,130,105,40,100,-28
18324,Nov 11 2011,World Cup qualifier in Argentina,Argentina,Bolivia,1913,1523,1,1,-18,18,1895,1541,11,71,-2,4,9,75,40,100,490
18325,Nov 11 2011,World Cup qualifier in Bahrain,Bahrain,Iran,1493,1744,1,1,8,-8,1501,1736,85,31,2,1,87,32,40,100,-151
18326,Nov 11 2011,Friendly in Belgium,Belgium,Romania,1669,1695,2,1,8,-8,1677,1687,42,41,1,0,43,41,20,100,74
18327,Nov 11 2011,World Cup qualifier in Belize,Belize,St Vincent & Grenadines,1087,1187,1,1,0,0,1087,1187,178,159,-1,0,177,159,20,100,0
18328,Nov 11 2011,World Cup qualifier in Bermuda,Bermuda,Barbados,1182,1179,2,1,14,-14,1196,1165,149,170,6,-4,155,166,40,100,103
18329,Nov 11 2011,European Championship qual in Bosnia and Herzegovina,Bosnia and Herzegovina,Portugal,1701,1893,0,0,5,-5,1706,1888,35,12,2,-2,37,10,20,0,-192
18330,Nov 11 2011,Friendly in France,Burkina Faso,Mali,1519,1498,1,1,-1,1,1518,1499,79,89,1,-1,80,88,20,0,21
18331,Nov 11 2011,Friendly tournament in Morocco,Cameroon,Sudan,1645,1408,3,1,9,-9,1654,1399,48,110,1,-3,49,107,30,0,237
18332,Nov 11 2011,World Cup qualifier in Chad,Chad,Tanzania,1205,1333,1,2,-18,18,1187,1351,165,116,-6,5,159,121,40,100,-28
18333,Nov 11 2011,World Cup qualifier in Colombia,Colombia,Venezuela,1797,1722,1,1,-9,9,1788,1731,25,34,-2,1,23,35,40,100,175
18334,Nov 11 2011,World Cup qualifier in the Comoros,Comoros,Mozambique,876,1344,0,1,-4,4,872,1348,203,123,0,-1,203,122,40,100,-368
18335,Nov 11 2011,Friendly in Cyprus,Cyprus,Scotland,1472,1697,1,2,-7,7,1465,1704,97,36,-1,2,96,38,20,100,-125
18336,Nov 11 2011,European Championship qual in Czechia,Czechia,Montenegro,1761,1674,2,0,15,-15,1776,1659,18,53,6,-5,24,48,40,100,187
18337,Nov 11 2011,Friendly in Denmark,Denmark,Sweden,1814,1880,2,0,14,-14,1828,1866,15,11,1,0,16,11,20,100,34
18338,Nov 11 2011,World Cup qualifier in Djibouti,Djibouti,Namibia,804,1287,0,4,-7,7,797,1294,207,134,0,1,207,135,40,100,-383
18339,Nov 11 2011,World Cup qualifier in the Dominican Republic,Dominican Republic,Cayman Islands,1119,943,4,0,13,-13,1132,930,169,194,2,-1,171,193,40,100,276
18340,Nov 11 2011,World Cup qualifier in Equatorial Guinea,Equatorial Guinea,Madagascar,1222,1201,2,0,20,-20,1242,1181,139,168,5,-7,144,161,40,100,121
18341,Nov 11 2011,World Cup qualifier in Eritrea,Eritrea,Rwanda,1166,1359,1,1,5,-5,1171,1354,163,122,1,-2,164,120,20,0,-193
18342,Nov 11 2011,European Championship qual in Estonia,Estonia,Ireland,1527,1800,0,4,-20,20,1507,1820,92,14,-8,3,84,17,40,100,-173
18343,Nov 11 2011,Friendly in France,France,United States,1841,1707,1,0,4,-4,1845,1703,13,40,1,-1,14,39,20,100,234
18344,Nov 11 2011,Friendly in Georgia,Georgia,Moldova,1486,1416,2,0,8,-8,1494,1408,88,104,2,-1,90,103,20,100,170
18345,Nov 11 2011,Friendly in Greece,Greece,Russia,1807,1814,1,1,-3,3,1804,1817,25,19,-3,-1,22,18,20,100,93
18346,Nov 11 2011,World Cup qualifier in Guatemala,Guatemala,Grenada,1489,1197,3,0,7,-7,1496,1190,87,159,2,-2,89,157,40,100,392
18347,Nov 11 2011,World Cup qualifier in Guinea-Bissau,Guinea-Bissau,Togo,1239,1375,1,1,2,-2,1241,1373,145,119,0,-2,145,117,30,100,-36
18348,Nov 11 2011,World Cup qualifier in Guyana,Guyana,Trinidad and Tobago,1367,1490,2,1,21,-21,1388,1469,107,100,5,-5,112,95,40,100,-23
18349,Nov 11 2011,Friendly in Hungary,Hungary,Liechtenstein,1681,1237,5,0,2,-2,1683,1235,42,148,0,-1,42,147,20,100,544
18350,Nov 11 2011,World Cup qualifier in Qatar,Iraq,China,1574,1614,1,0,22,-22,1596,1592,50,65,9,-5,59,60,40,0,-40
18351,Nov 11 2011,World Cup qualifier in Jordan,Jordan,Singapore,1586,1298,2,0,6,-6,1592,1292,56,138,4,-2,60,136,40,100,388
18352,Nov 11 2011,World Cup qualifier in Kuwait,Kuwait,Lebanon,1579,1246,0,1,-37,37,1542,1283,81,133,-7,5,74,138,40,100,433
18353,Nov 11 2011,World Cup qualifier in Lesotho,Lesotho,Burundi,1161,1242,1,0,19,-19,1180,1223,157,152,5,-4,162,148,40,100,19
18354,Nov 11 2011,Friendly in Mexico,Mexico,Serbia,1858,1743,2,0,7,-7,1865,1736,11,30,1,2,12,32,20,100,215
18355,Nov 11 2011,Friendly tournament in Morocco,Morocco,Uganda,1589,1526,0,1,-22,22,1567,1548,75,69,-6,4,69,73,30,100,163
18356,Nov 11 2011,Friendly in the Netherlands,Netherlands,Switzerland,2089,1759,0,0,-8,8,2081,1767,2,25,0,3,2,28,20,100,430
18357,Nov 11 2011,World Cup qualifier in Nicaragua,Nicaragua,Dominica,1107,1034,1,0,11,-11,1118,1023,171,188,2,-3,173,185,40,100,173
18358,Nov 11 2011,World Cup qualifier in Oman,Oman,Australia,1509,1845,1,0,32,-32,1541,1813,67,24,8,-5,75,19,40,100,-236
18359,Nov 11 2011,Friendly in Panama,Panama,Costa Rica,1657,1647,2,0,10,-10,1667,1637,42,55,3,-3,45,52,20,100,110
18360,Nov 11 2011,World Cup qualifier in Paraguay,Paraguay,Ecuador,1792,1768,2,1,13,-13,1805,1755,19,35,2,-4,21,31,40,100,124
18361,Nov 11 2011,Friendly in Poland,Poland,Italy,1712,1884,0,2,-12,12,1700,1896,43,7,-3,1,40,8,20,100,-72
18362,Nov 11 2011,World Cup qualifier in Puerto Rico,Puerto Rico,Saint Lucia,1029,1025,4,0,27,-27,1056,998,177,189,3,-2,180,187,40,100,104
18363,Nov 11 2011,World Cup qualifier in Qatar,Qatar,Indonesia,1505,1287,4,0,10,-10,1515,1277,77,142,4,-3,81,139,40,100,318
18364,Nov 11 2011,World Cup qualifier in São Tomé and Príncipe,São Tomé and Príncipe,Congo,1050,1355,0,5,-19,19,1031,1374,183,112,-1,4,182,116,40,100,-205
18365,Nov 11 2011,World Cup qualifier in Saudi Arabia,Saudi Arabia,Thailand,1550,1407,3,0,14,-14,1564,1393,69,115,2,-5,71,110,40,100,243
18366,Nov 11 2011,Friendly in France,Senegal,Guinea,1608,1524,4,1,13,-13,1621,1511,52,86,3,-4,55,82,20,0,84
18367,Nov 11 2011,World Cup qualifier in the Seychelles,Seychelles,Kenya,1071,1299,0,3,-23,23,1048,1322,184,126,-3,3,181,129,40,100,-128
18368,Nov 11 2011,World Cup qualifier in Saint Kitts and Nevis,Saint Kitts and Nevis,Canada,1183,1605,0,0,15,-15,1198,1590,146,68,7,-4,153,64,40,100,-322
18369,Nov 11 2011,World Cup qualifier in Suriname,Suriname,El Salvador,1221,1570,1,3,-12,12,1209,1582,154,60,-2,5,152,65,40,100,-249
18370,Nov 11 2011,World Cup qualifier in Swaziland,Swaziland,DR Congo,1125,1403,1,3,-16,16,1109,1419,178,95,-3,6,175,101,40,100,-178
18371,Nov 11 2011,World Cup qualifier in Tajikistan,Tajikistan,Japan,1247,1831,0,4,-4,4,1243,1835,144,14,-1,1,143,15,40,100,-484
18372,Nov 11 2011,European Championship qual in Turkey,Turkey,Croatia,1767,1869,0,3,-35,35,1732,1904,40,2,-6,5,34,7,40,100,-2
18373,Nov 11 2011,World Cup qualifier in the United Arab Emirates,United Arab Emirates,South Korea,1404,1797,0,2,-9,9,1395,1806,112,19,-3,1,109,20,40,100,-293
18374,Nov 11 2011,Friendly in Ukraine,Ukraine,Germany,1758,2075,3,3,6,-6,1764,2069,28,3,2,0,30,3,20,100,-217
18375,Nov 11 2011,World Cup qualifier in Uruguay,Uruguay,Chile,1963,1884,4,0,20,-20,1983,1864,5,17,0,-4,5,13,40,100,179
18376,Nov 11 2011,World Cup qualifier in the US Virgin Islands,US Virgin Islands,Curaçao,724,1085,0,3,-13,13,711,1098,213,175,0,1,213,176,40,100,-261
18377,Nov 11 2011,World Cup qualifier in Uzbekistan,Uzbekistan,North Korea,1609,1478,1,0,8,-8,1617,1470,55,94,1,0,56,94,40,100,231
18378,Nov 12 2011,Friendly in Algeria,Algeria,Tunisia,1471,1591,1,0,11,-11,1482,1580,91,69,1,-3,92,66,20,100,-20
18379,Nov 12 2011,Friendly in England,England,Spain,1937,2138,1,0,13,-13,1950,2125,6,1,0,0,6,1,20,100,-101
18380,Nov 12 2011,World Cup qualifier in Djibouti,Ethiopia,Somalia,1319,900,0,0,-17,17,1302,917,133,195,-1,1,132,196,40,0,419
18381,Nov 12 2011,Friendly in Nigeria,Nigeria,Botswana,1667,1402,0,0,-8,8,1659,1410,49,100,-2,3,47,103,20,100,365
18382,Nov 12 2011,Friendly tournament in South Africa,South Africa,Ivory Coast,1612,1766,1,1,2,-2,1614,1764,57,27,0,1,57,28,20,100,-54
18383,Nov 12 2011,Friendly in Wales,Wales,Norway,1628,1775,4,1,20,-20,1648,1755,46,34,4,-4,50,30,20,100,-47
18384,Nov 13 2011,Friendly in India,India,Malaysia,1195,1213,1,1,-2,2,1193,1215,156,150,0,0,156,150,20,100,82
18385,Nov 13 2011,Friendly tournament in Morocco,Morocco,Cameroon,1567,1654,1,1,-1,1,1566,1655,71,49,-1,0,70,49,30,100,13
18386,Nov 13 2011,Friendly tournament in Morocco,Sudan,Uganda,1399,1548,0,0,6,-6,1405,1542,105,73,1,0,106,73,30,0,-149
18387,Nov 14 2011,World Cup qualifier in Bermuda,Bermuda,Barbados,1196,1165,2,1,13,-13,1209,1152,149,168,3,-1,152,167,40,100,131
18388,Nov 14 2011,Friendly in Qatar,Brazil,Egypt,2061,1724,2,0,4,-4,2065,1720,4,36,0,0,4,36,20,0,337
18389,Nov 14 2011,World Cup qualifier in the Cayman Islands,Cayman Islands,Dominican Republic,930,1132,1,1,6,-6,936,1126,191,173,1,-1,192,172,40,100,-102
18390,Nov 14 2011,Friendly in Honduras,Honduras,Serbia,1638,1736,2,0,15,-15,1653,1721,48,38,2,-3,50,35,20,100,2
18391,Nov 14 2011,World Cup qualifier in Puerto Rico,Puerto Rico,Saint Lucia,1056,998,3,0,20,-20,1076,978,176,191,2,-2,178,189,40,100,158
18392,Nov 15 2011,Friendly in the United Arab Emirates,Belarus,Libya,1592,1510,1,1,-2,2,1590,1512,64,81,-2,1,62,82,20,0,82
18393,Nov 15 2011,Friendly in France,Burkina Faso,Guinea,1518,1511,1,1,0,0,1518,1511,82,86,-1,-2,81,84,20,0,7
18394,Nov 15 2011,World Cup qualifier in Burundi,Burundi,Lesotho,1223,1180,2,2,-8,8,1215,1188,152,158,-2,2,150,160,40,100,143
18395,Nov 15 2011,World Cup qualifier in Canada,Canada,Saint Kitts and Nevis,1590,1198,4,0,4,-4,1594,1194,59,160,2,-3,61,157,20,0,392
18396,Nov 15 2011,World Cup qualifier in Chile,Chile,Paraguay,1864,1805,2,0,17,-17,1881,1788,9,21,2,0,11,21,40,100,159
18397,Nov 15 2011,World Cup qualifier in Colombia,Colombia,Argentina,1788,1895,1,2,-20,20,1768,1915,29,5,-3,2,26,7,40,100,-7
18398,Nov 15 2011,World Cup qualifier in Congo,Congo,São Tomé and Príncipe,1374,1031,1,1,-17,17,1357,1048,122,180,-3,1,119,181,40,100,443
18399,Nov 15 2011,Friendly in Costa Rica,Costa Rica,Spain,1637,2125,2,2,8,-8,1645,2117,49,1,2,0,51,1,20,100,-388
18400,Nov 15 2011,European Championship qual in Croatia,Croatia,Turkey,1904,1732,0,0,-13,13,1891,1745,11,31,-2,1,9,32,40,100,272
18401,Nov 15 2011,World Cup qualifier in Curaçao,Curaçao,US Virgin Islands,1098,711,6,1,5,-5,1103,706,176,213,0,0,176,213,40,100,487
18402,Nov 15 2011,Friendly in Denmark,Denmark,Finland,1828,1606,2,1,3,-3,1831,1603,14,60,1,-1,15,59,20,100,322
18403,Nov 15 2011,World Cup qualifier in the Dem Rep of the Congo,DR Congo,Swaziland,1419,1109,5,1,6,-6,1425,1103,101,177,0,-1,101,176,40,100,410
18404,Nov 15 2011,World Cup qualifier in Ecuador,Ecuador,Peru,1755,1776,2,0,23,-23,1778,1753,16,38,7,-7,23,31,40,100,79
18405,Nov 15 2011,World Cup qualifier in El Salvador,El Salvador,Suriname,1582,1209,4,0,5,-5,1587,1204,62,156,1,-2,63,154,40,100,473
18406,Nov 15 2011,Friendly in England,England,Sweden,1950,1866,1,0,5,-5,1955,1861,6,15,0,-2,6,13,20,100,184
18407,Nov 15 2011,Friendly in France,France,Belgium,1845,1677,0,0,-6,6,1839,1683,14,41,0,1,14,42,20,100,268
18408,Nov 15 2011,Friendly in Germany,Germany,Netherlands,2069,2081,3,0,13,-13,2082,2068,1,4,1,-1,2,3,20,100,88
18409,Nov 15 2011,Friendly in France,Ghana,Gabon,1769,1561,2,1,5,-5,1774,1556,22,70,2,1,24,71,20,0,208
18410,Nov 15 2011,World Cup qualifier in Grenada,Grenada,Guatemala,1190,1496,1,4,-16,16,1174,1512,167,75,-5,7,162,82,40,100,-206
18411,Nov 15 2011,World Cup qualifier in Haiti,Haiti,Antigua and Barbuda,1405,1321,2,1,10,-10,1415,1311,98,132,4,-1,102,131,40,100,184
18412,Nov 15 2011,World Cup qualifier in Indonesia,Indonesia,Iran,1277,1736,1,4,-8,8,1269,1744,141,34,-1,-1,140,33,40,100,-359
18413,Nov 15 2011,European Championship qual in Ireland,Ireland,Estonia,1820,1507,1,1,-17,17,1803,1524,19,72,-1,6,18,78,40,100,413
18414,Nov 15 2011,Friendly in Italy,Italy,Uruguay,1896,1983,0,1,-10,10,1886,1993,12,5,-2,0,10,5,20,100,13
18415,Nov 15 2011,World Cup qualifier in Jordan,Jordan,Iraq,1592,1596,1,3,-38,38,1554,1634,84,49,-12,5,72,54,40,100,96
18416,Nov 15 2011,World Cup qualifier in Kenya,Kenya,Seychelles,1322,1048,4,0,8,-8,1330,1040,127,183,1,-1,128,182,40,100,374
18417,Nov 15 2011,World Cup qualifier in Kuwait,Kuwait,United Arab Emirates,1542,1395,2,1,8,-8,1550,1387,73,113,0,-2,73,111,40,100,247
18418,Nov 15 2011,World Cup qualifier in Lebanon,Lebanon,South Korea,1283,1806,2,1,37,-37,1320,1769,120,30,9,-5,129,25,40,100,-423
18419,Nov 15 2011,Friendly in Luxembourg,Luxembourg,Switzerland,1151,1767,0,1,-1,1,1150,1768,166,25,1,1,167,26,20,0,-616
18420,Nov 15 2011,Friendly in Macedonia,Macedonia,Albania,1506,1479,0,0,-4,4,1502,1483,93,95,-4,-1,89,94,20,100,127
18421,Nov 15 2011,World Cup qualifier in Madagascar,Madagascar,Equatorial Guinea,1181,1242,2,1,18,-18,1199,1224,149,150,6,-3,155,147,30,0,-61
18422,Nov 15 2011,European Championship qual in Montenegro,Montenegro,Czechia,1659,1776,0,1,-19,19,1640,1795,57,16,-5,4,52,20,40,100,-17
18423,Nov 15 2011,World Cup qualifier in Mozambique,Mozambique,Comoros,1348,872,4,1,2,-2,1350,870,120,203,1,0,121,203,20,0,476
18424,Nov 15 2011,World Cup qualifier in Namibia,Namibia,Djibouti,1294,797,4,0,2,-2,1296,795,137,207,-1,0,136,207,20,0,497
18425,Nov 15 2011,Friendly in Niger,Niger,Botswana,1332,1410,1,1,-1,1,1331,1411,127,105,0,-1,127,104,20,100,22
18426,Nov 15 2011,Friendly in Nigeria,Nigeria,Zambia,1659,1528,2,0,6,-6,1665,1522,45,80,1,-1,46,79,20,100,231
18427,Nov 15 2011,World Cup qualifier in North Korea,North Korea,Japan,1470,1835,1,0,33,-33,1503,1802,80,23,7,-4,87,19,40,100,-265
18428,Nov 15 2011,World Cup qualifier in Panama,Panama,Dominica,1667,1023,3,0,1,-1,1668,1022,43,185,1,0,44,185,20,0,644
18429,Nov 15 2011,Friendly in Poland,Poland,Hungary,1700,1683,2,1,7,-7,1707,1676,36,44,2,-1,38,43,20,100,117
18430,Nov 15 2011,European Championship qual in Portugal,Portugal,Bosnia and Herzegovina,1888,1706,6,2,12,-12,1900,1694,6,45,2,-4,8,41,40,100,282
18431,Nov 15 2011,World Cup qualifier in Qatar,Qatar,Bahrain,1515,1501,0,0,-6,6,1509,1507,89,85,-4,1,85,86,40,100,114
18432,Nov 15 2011,Friendly in Austria,Romania,Greece,1687,1804,3,1,20,-20,1707,1784,35,22,3,0,38,22,20,0,-117
18433,Nov 15 2011,World Cup qualifier in Rwanda,Rwanda,Eritrea,1354,1171,3,1,10,-10,1364,1161,116,166,2,-1,118,165,40,100,283
18434,Nov 15 2011,World Cup qualifier in Saudi Arabia,Saudi Arabia,Oman,1564,1541,0,0,-7,7,1557,1548,69,73,1,1,70,74,40,100,123
18435,Nov 15 2011,World Cup qualifier in Singapore,Singapore,China,1292,1592,0,4,-18,18,1274,1610,140,56,-2,2,138,58,40,100,-200
18436,Nov 15 2011,Friendly in Slovenia,Slovenia,United States,1665,1703,2,3,-12,12,1653,1715,50,35,-2,2,48,37,20,100,62
18437,Nov 15 2011,World Cup qualifier in St Vincent & Grenadines,St Vincent & Grenadines,Belize,1187,1087,0,2,-46,46,1141,1133,181,165,-11,6,170,171,40,100,200
18438,Nov 15 2011,World Cup qualifier in Tanzania,Tanzania,Chad,1351,1187,0,1,-33,33,1318,1220,139,139,-9,10,130,149,40,100,264
18439,Nov 15 2011,World Cup qualifier in Thailand,Thailand,Australia,1393,1813,0,1,-5,5,1388,1818,110,13,0,3,110,16,40,100,-320
18440,Nov 15 2011,World Cup qualifier in Togo,Togo,Guinea-Bissau,1373,1241,1,0,8,-8,1381,1233,109,147,4,-1,113,146,40,100,232
18441,Nov 15 2011,World Cup qualifier in Trinidad and Tobago,Trinidad and Tobago,Guyana,1469,1388,2,0,16,-16,1485,1372,89,122,3,-5,92,117,40,100,181
18442,Nov 15 2011,Friendly in Ukraine,Ukraine,Austria,1764,1581,2,1,3,-3,1767,1578,28,67,0,-1,28,66,20,100,283
18443,Nov 15 2011,World Cup qualifier in Uzbekistan,Uzbekistan,Tajikistan,1617,1243,3,0,4,-4,1621,1239,56,143,0,0,56,143,20,0,374
18444,Nov 15 2011,World Cup qualifier in Venezuela,Venezuela,Bolivia,1731,1541,1,0,6,-6,1737,1535,34,77,0,-1,34,76,40,100,290
18445,Nov 15 2011,Friendly in Zimbabwe,Zimbabwe,South Africa,1370,1614,2,1,14,-14,1384,1600,106,63,6,-3,112,60,20,100,-144
18446,Nov 16 2011,World Cup qualifier in Ethiopia,Ethiopia,Somalia,1302,917,5,0,5,-5,1307,912,133,196,0,0,133,196,40,100,485
18447,Nov 16 2011,Friendly in India,India,Malaysia,1193,1215,3,2,8,-8,1201,1207,152,156,3,-3,155,153,20,100,78
18448,Nov 22 2011,WC & Oce Cup q in Samoa,Eastern Samoa,Tonga,335,690,2,1,35,-35,370,655,234,223,0,-3,234,220,40,0,-355
18449,Nov 22 2011,Friendly in the Maldives,Maldives,Seychelles,1116,1040,3,0,9,-9,1125,1031,173,182,1,0,174,182,20,100,176
18450,Nov 22 2011,WC & Oce Cup q in Samoa,Samoa,Cook Islands,684,729,3,2,17,-17,701,712,209,213,5,-1,214,212,30,0,-45
18451,Nov 24 2011,WC & Oce Cup q in Samoa,Cook Islands,Eastern Samoa,712,370,1,1,-15,15,697,385,218,234,-3,0,215,234,40,0,342
18452,Nov 24 2011,Friendly in the Maldives,Maldives,Seychelles,1125,1031,2,1,5,-5,1130,1026,170,184,2,-1,172,183,20,100,194
18453,Nov 24 2011,WC & Oce Cup q in Samoa,Samoa,Tonga,701,655,1,1,-8,8,693,663,220,218,-3,1,217,219,40,100,146
18454,Nov 25 2011,CECAFA Cup in Tanzania,Burundi,Somalia,1215,912,4,1,10,-10,1225,902,144,198,3,-1,147,197,40,0,303
18455,Nov 25 2011,CECAFA Cup in Tanzania,Uganda,Zanzibar,1542,1356,2,1,10,-10,1552,1346,71,122,2,-1,73,121,40,0,186
18456,Nov 26 2011,WC & Oce Cup q in Samoa,Samoa,Eastern Samoa,693,385,1,0,3,-3,696,382,213,234,2,0,215,234,20,0,308
18457,Nov 26 2011,CECAFA Cup in Tanzania,Tanzania,Rwanda,1318,1364,0,1,-23,23,1295,1387,142,104,-6,7,136,111,40,100,54
18458,Nov 26 2011,WC & Oce Cup q in Samoa,Tonga,Cook Islands,663,697,2,1,22,-22,685,675,217,223,1,-4,218,219,40,0,-34
18459,Nov 27 2011,CECAFA Cup in Tanzania,Burundi,Zanzibar,1225,1346,0,0,7,-7,1232,1339,147,129,0,-4,147,125,40,0,-121
18460,Nov 27 2011,CECAFA Cup in Tanzania,Zimbabwe,Djibouti,1384,795,2,0,2,-2,1386,793,113,207,0,0,113,207,40,0,589
18461,Nov 28 2011,CECAFA Cup in Tanzania,Ethiopia,Sudan,1307,1405,1,1,5,-5,1312,1400,126,107,3,0,129,107,40,0,-98
18462,Nov 28 2011,CECAFA Cup in Tanzania,Malawi,Kenya,1414,1330,2,0,23,-23,1437,1307,99,136,2,-4,101,132,40,0,84
18463,Nov 28 2011,CECAFA Cup in Tanzania,Uganda,Somalia,1552,902,4,0,2,-2,1554,900,71,197,1,0,72,197,40,0,650
18464,Nov 29 2011,Friendly in India,India,Zambia,1201,1522,0,5,-9,9,1192,1531,161,75,-3,2,158,77,20,100,-221
18465,Nov 29 2011,CECAFA Cup in Tanzania,Rwanda,Zimbabwe,1387,1386,2,0,30,-30,1417,1356,95,125,8,-6,103,119,40,0,1
18466,Nov 29 2011,CECAFA Cup in Tanzania,Tanzania,Djibouti,1295,793,3,0,2,-2,1297,791,132,207,2,0,134,207,20,0,502
18467,Nov 30 2011,CECAFA Cup in Tanzania,Kenya,Ethiopia,1307,1312,2,0,30,-30,1337,1282,120,145,6,-8,126,137,40,0,-5
18468,Nov 30 2011,CECAFA Cup in Tanzania,Malawi,Sudan,1437,1400,0,0,-2,2,1435,1402,101,108,0,0,101,108,30,0,37
18469,Dec 1 2011,CECAFA Cup in Tanzania,Burundi,Uganda,1232,1554,1,0,35,-35,1267,1519,135,88,6,-8,141,80,40,0,-322
18470,Dec 1 2011,CECAFA Cup in Tanzania,Zanzibar,Somalia,1339,900,3,0,5,-5,1344,895,117,199,4,-1,121,198,40,0,439
18471,Dec 2 2011,South Asian Championship in India,Bangladesh,Pakistan,988,884,0,0,-6,6,982,890,188,202,0,0,188,202,40,0,104
18472,Dec 2 2011,Friendly tournament in Suriname,Bonaire,Curaçao,1071,1103,3,1,25,-25,1096,1078,175,180,2,-2,177,178,30,0,-32
18473,Dec 2 2011,CECAFA Cup in Tanzania,Ethiopia,Malawi,1282,1435,1,1,8,-8,1290,1427,135,101,1,0,136,101,40,0,-153
18474,Dec 2 2011,South Asian Championship in India,Maldives,Nepal,1130,963,1,1,-9,9,1121,972,176,189,-2,1,174,190,40,0,167
18475,Dec 2 2011,CECAFA Cup in Tanzania,Rwanda,Djibouti,1417,791,5,2,2,-2,1419,789,103,207,0,0,103,207,40,0,626
18476,Dec 2 2011,Friendly tournament in Suriname,Suriname,Aruba,1204,927,0,0,-12,12,1192,939,160,189,-3,3,157,192,30,100,377
18477,Dec 3 2011,South Asian Championship in India,India,Afghanistan,1192,834,1,1,-17,17,1175,851,163,203,-3,1,160,204,40,100,458
18478,Dec 3 2011,South Asian Championship in India,Sri Lanka,Bhutan,891,564,3,0,9,-9,900,555,193,228,4,-1,197,227,40,0,327
18479,Dec 3 2011,CECAFA Cup in Tanzania,Sudan,Kenya,1402,1337,1,0,16,-16,1418,1321,100,130,4,-2,104,128,40,0,65
18480,Dec 3 2011,CECAFA Cup in Tanzania,Tanzania,Zimbabwe,1297,1356,1,2,-22,22,1275,1378,141,113,-4,3,137,116,40,100,41
18481,Dec 4 2011,Friendly tournament in Suriname,Aruba,Bonaire,939,1096,2,2,6,-6,945,1090,192,177,0,0,192,177,30,0,-157
18482,Dec 4 2011,South Asian Championship in India,Maldives,Pakistan,1121,890,0,0,-12,12,1109,902,176,192,-1,5,175,197,40,0,231
18483,Dec 4 2011,South Asian Championship in India,Nepal,Bangladesh,972,982,1,0,21,-21,993,961,186,194,2,-3,188,191,40,0,-10
18484,Dec 4 2011,Friendly tournament in Suriname,Suriname,Curaçao,1192,1078,2,0,10,-10,1202,1068,151,180,3,-1,154,179,20,0,114
18485,Dec 5 2011,South Asian Championship in India,Afghanistan,Sri Lanka,851,900,3,1,34,-34,885,866,200,210,2,-6,202,204,40,0,-49
18486,Dec 5 2011,South Asian Championship in India,India,Bhutan,1175,555,5,0,1,-1,1176,554,160,227,0,0,160,227,20,0,620
18487,Dec 5 2011,CECAFA Cup in Tanzania,Rwanda,Zanzibar,1419,1344,2,1,16,-16,1435,1328,101,133,1,-6,102,127,40,0,75
18488,Dec 5 2011,CECAFA Cup in Tanzania,Sudan,Burundi,1418,1267,2,0,18,-18,1436,1249,98,145,3,-2,101,143,40,0,151
18489,Dec 6 2011,Friendly in Bahrain,Bahrain,Palestine,1507,1169,0,1,-19,19,1488,1188,96,155,-5,4,91,159,20,100,438
18490,Dec 6 2011,South Asian Championship in India,Maldives,Bangladesh,1109,961,3,1,18,-18,1127,943,171,193,2,-1,173,192,40,0,148
18491,Dec 6 2011,South Asian Championship in India,Nepal,Pakistan,993,902,1,1,-5,5,988,907,188,195,0,1,188,196,20,100,191
18492,Dec 6 2011,CECAFA Cup in Tanzania,Tanzania,Malawi,1275,1427,1,0,23,-23,1298,1404,129,113,4,-5,133,108,40,100,-52
18493,Dec 6 2011,CECAFA Cup in Tanzania,Uganda,Zimbabwe,1519,1378,1,0,12,-12,1531,1366,72,120,4,-2,76,118,40,0,141
18494,Dec 7 2011,South Asian Championship in India,Afghanistan,Bhutan,885,554,8,1,12,-12,897,542,196,229,3,-1,199,228,40,0,331
18495,Dec 7 2011,South Asian Championship in India,India,Sri Lanka,1176,866,3,0,6,-6,1182,860,161,204,0,0,161,204,40,100,410
18496,Dec 8 2011,CECAFA Cup in Tanzania,Rwanda,Sudan,1435,1436,2,1,20,-20,1455,1416,96,105,3,-2,99,103,40,0,-1
18497,Dec 8 2011,CECAFA Cup in Tanzania,Tanzania,Uganda,1298,1531,1,3,-19,19,1279,1550,141,70,-4,3,137,73,40,100,-133
18498,Dec 9 2011,South Asian Championship in India,Afghanistan,Nepal,897,988,1,0,25,-25,922,963,193,192,3,-2,196,190,40,0,-91
18499,Dec 9 2011,South Asian Championship in India,India,Maldives,1182,1127,3,1,17,-17,1199,1110,149,177,6,-2,155,175,40,100,155
18500,Dec 10 2011,Pan Arab Games in Qatar,Qatar,Bahrain,1509,1488,2,2,-7,7,1502,1495,89,89,-2,1,87,90,40,100,121
18501,Dec 10 2011,CECAFA Cup in Tanzania,Rwanda,Uganda,1455,1550,2,2,5,-5,1460,1545,97,77,1,-2,98,75,40,0,-95
18502,Dec 10 2011,CECAFA Cup in Tanzania,Tanzania,Sudan,1279,1416,0,1,-18,18,1261,1434,143,101,-3,1,140,102,40,100,-37
18503,Dec 11 2011,Friendly in Cuba,Cuba,Costa Rica,1391,1645,1,1,4,-4,1395,1641,110,51,0,0,110,51,20,100,-154
18504,Dec 11 2011,South Asian Championship in India,India,Afghanistan,1199,922,4,0,8,-8,1207,914,151,196,2,0,153,196,40,100,377
18505,Dec 11 2011,Pan Arab Games in Qatar,Jordan,Palestine,1554,1188,4,1,8,-8,1562,1180,68,162,2,-1,70,161,40,0,366
18506,Dec 13 2011,Pan Arab Games in Qatar,Bahrain,Iraq,1495,1634,3,0,48,-48,1543,1586,62,72,14,-9,76,63,40,0,-139
18507,Dec 14 2011,Friendly in Angola,Angola,Cameroon,1484,1655,1,1,2,-2,1486,1653,91,47,1,0,92,47,20,100,-71
18508,Dec 14 2011,Pan Arab Games in Qatar,Libya,Palestine,1512,1180,1,1,-15,15,1497,1195,97,155,-7,3,90,158,40,0,332
18509,Dec 16 2011,Pan Arab Games in Qatar,Qatar,Iraq,1502,1586,0,0,-1,1,1501,1587,89,61,-1,1,88,62,30,100,16
18510,Dec 17 2011,Pan Arab Games in Qatar,Jordan,Libya,1562,1497,0,0,-4,4,1558,1501,70,86,0,2,70,88,20,100,165
18511,Dec 18 2011,Friendly in Angola,Angola,Zambia,1486,1531,1,0,8,-8,1494,1523,90,82,1,-2,91,80,20,100,55
18512,Dec 20 2011,Pan Arab Games in Qatar,Bahrain,Palestine,1543,1195,3,1,7,-7,1550,1188,70,162,3,-2,73,160,40,0,348
18513,Dec 20 2011,Pan Arab Games in Qatar,Jordan,Kuwait,1558,1550,2,0,29,-29,1587,1521,54,87,8,-7,62,80,40,0,8
18514,Dec 21 2011,Friendly in South Africa,Botswana,Lesotho,1411,1188,3,0,8,-8,1419,1180,103,162,1,-1,104,161,20,0,223
18515,Dec 21 2011,Friendly in Chile,Chile,Paraguay,1881,1788,3,2,5,-5,1886,1783,9,23,1,-1,10,22,20,100,193
18516,Dec 22 2011,Friendly in Angola,Angola,Namibia,1494,1296,0,0,-7,7,1487,1303,93,130,-1,2,92,132,20,100,298
18517,Dec 22 2011,Pan Arab Games in Qatar,Kuwait,Palestine,1521,1188,3,0,9,-9,1530,1179,76,162,2,-1,78,161,40,0,333
18518,Dec 22 2011,Friendly in Venezuela,Venezuela,Costa Rica,1737,1641,0,2,-23,23,1714,1664,40,43,-3,4,37,47,20,100,196
18519,Dec 23 2011,Pan Arab Games in Qatar,Bahrain,Jordan,1550,1587,1,0,22,-22,1572,1565,63,80,5,-9,68,71,40,0,-37
18520,Jan 6 2012,Friendly in Equatorial Guinea,Equatorial Guinea,South Africa,1224,1600,0,0,7,-7,1231,1593,148,61,0,-1,148,60,20,100,-276
18521,Jan 7 2012,Friendly in Botswana,Botswana,Zimbabwe,1419,1366,0,0,-4,4,1415,1370,104,118,0,0,104,118,20,100,153
18522,Jan 9 2012,Friendly in Gabon,Gabon,Burkina Faso,1556,1518,0,0,-4,4,1552,1522,73,80,0,1,73,81,20,100,138
18523,Jan 9 2012,Friendly in the United Arab Emirates,Tunisia,Sudan,1580,1434,3,0,11,-11,1591,1423,58,104,3,-1,61,103,20,0,146
18524,Jan 11 2012,Friendly in Nigeria,Nigeria,Angola,1665,1487,0,0,-7,7,1658,1494,48,90,-1,1,47,91,20,100,278
18525,Jan 11 2012,Friendly in South Africa,South Africa,Zambia,1593,1523,1,1,-5,5,1588,1528,64,78,-2,1,62,79,20,100,170
18526,Jan 12 2012,Friendly in Senegal,Senegal,Sudan,1621,1423,1,0,3,-3,1624,1420,55,103,0,0,55,103,20,100,298
18527,Jan 13 2012,Friendly in the United Arab Emirates,Ivory Coast,Tunisia,1764,1591,2,0,8,-8,1772,1583,21,68,4,-4,25,64,20,0,173
18528,Jan 14 2012,Friendly in Angola,Angola,Sierra Leone,1494,1343,3,1,6,-6,1500,1337,89,127,1,-3,90,124,20,100,251
18529,Jan 14 2012,Friendly in South Africa,Namibia,Zambia,1303,1528,0,0,6,-6,1309,1522,130,81,1,-1,131,80,20,0,-225
18530,Jan 15 2012,Friendly in Oman,Oman,DR Congo,1548,1425,2,2,-6,6,1542,1431,76,102,-1,0,75,102,20,100,223
18531,Jan 15 2012,African Nations Cup qualifier in São Tomé and Príncipe,São Tomé and Príncipe,Lesotho,1048,1180,1,0,22,-22,1070,1158,177,170,2,-5,179,165,40,100,-32
18532,Jan 15 2012,Friendly in South Africa,South Africa,Ghana,1588,1774,1,1,2,-2,1590,1772,59,24,1,0,60,24,20,100,-86
18533,Jan 16 2012,Friendly in Gabon,Gabon,Sudan,1552,1420,0,0,-6,6,1546,1426,73,103,0,0,73,103,20,100,232
18534,Jan 16 2012,Friendly in the United Arab Emirates,Ivory Coast,Libya,1772,1501,1,0,3,-3,1775,1498,24,94,0,-3,24,91,20,0,271
18535,Jan 17 2012,Friendly in Kuwait,Kuwait,Uzbekistan,1530,1621,1,0,10,-10,1540,1611,74,56,2,0,76,56,20,100,9
18536,Jan 18 2012,Friendly in Qatar,Sweden,Bahrain,1861,1572,2,0,5,-5,1866,1567,11,68,1,0,12,68,20,0,289
18537,Jan 18 2012,King's Cup in Thailand,Thailand,Norway,1388,1755,0,1,-5,5,1383,1760,113,30,-1,0,112,30,30,100,-267
18538,Jan 21 2012,African Nations Cup in Equatorial Guinea,Equatorial Guinea,Libya,1231,1498,1,0,36,-36,1267,1462,132,103,8,-6,140,97,50,100,-167
18539,Jan 21 2012,Friendly in the United States,United States,Venezuela,1715,1714,1,0,7,-7,1722,1707,32,37,2,0,34,37,20,100,101
18540,Jan 21 2012,African Nations Cup in Equatorial Guinea,Zambia,Senegal,1522,1624,2,1,32,-32,1554,1592,66,63,7,-4,73,59,50,0,-102
18541,Jan 22 2012,African Nations Cup in Equatorial Guinea,Angola,Burkina Faso,1500,1522,2,1,27,-27,1527,1495,71,99,9,-9,80,90,50,0,-22
18542,Jan 22 2012,African Nations Cup in Equatorial Guinea,Ivory Coast,Sudan,1775,1426,1,0,6,-6,1781,1420,22,103,1,0,23,103,50,0,349
18543,Jan 22 2012,Friendly in Lebanon,Lebanon,Iraq,1320,1587,1,0,14,-14,1334,1573,121,70,4,-4,125,66,20,100,-167
18544,Jan 22 2012,African Nations Cup qualifier in Lesotho,Lesotho,São Tomé and Príncipe,1158,1070,0,0,-10,10,1148,1080,169,177,-2,1,167,178,40,100,188
18545,Jan 22 2012,Friendly in Trinidad and Tobago,Trinidad and Tobago,Finland,1485,1603,2,3,-9,9,1476,1612,96,53,-2,2,94,55,20,100,-18
18546,Jan 23 2012,African Nations Cup in Gabon,Gabon,Niger,1546,1331,2,0,11,-11,1557,1320,68,131,3,-2,71,129,50,100,315
18547,Jan 23 2012,African Nations Cup in Gabon,Tunisia,Morocco,1583,1566,2,1,24,-24,1607,1542,53,80,5,-5,58,75,50,0,17
18548,Jan 24 2012,African Nations Cup in Gabon,Ghana,Botswana,1772,1415,1,0,6,-6,1778,1409,23,106,1,-1,24,105,50,0,357
18549,Jan 24 2012,African Nations Cup in Gabon,Mali,Guinea,1499,1511,1,0,26,-26,1525,1485,73,98,8,-7,81,91,50,0,-12
18550,Jan 25 2012,African Nations Cup in Equatorial Guinea,Equatorial Guinea,Senegal,1267,1592,2,1,39,-39,1306,1553,126,84,7,-12,133,72,50,100,-225
18551,Jan 25 2012,African Nations Cup in Equatorial Guinea,Libya,Zambia,1462,1554,2,2,6,-6,1468,1548,93,73,2,0,95,73,50,0,-92
18552,Jan 25 2012,Friendly in the United States,Mexico,Venezuela,1865,1707,3,1,9,-9,1874,1698,11,43,1,-3,12,40,20,0,158
18553,Jan 25 2012,Friendly in Panama,Panama,United States,1668,1722,0,1,-11,11,1657,1733,50,34,-3,0,47,34,20,100,46
18554,Jan 26 2012,African Nations Cup in Equatorial Guinea,Angola,Sudan,1527,1420,2,2,-7,7,1520,1427,84,103,-2,0,82,103,50,0,107
18555,Jan 26 2012,African Nations Cup in Equatorial Guinea,Ivory Coast,Burkina Faso,1781,1495,2,0,12,-12,1793,1483,19,93,2,-2,21,91,50,0,286
18556,Jan 27 2012,African Nations Cup in Gabon,Gabon,Morocco,1557,1542,3,2,17,-17,1574,1525,60,83,5,-4,65,79,50,100,115
18557,Jan 27 2012,Friendly in Turkey,Romania,Turkmenistan,1707,1343,4,0,4,-4,1711,1339,37,125,0,-2,37,123,20,0,364
18558,Jan 27 2012,African Nations Cup in Gabon,Tunisia,Niger,1607,1320,2,1,8,-8,1615,1312,52,129,3,0,55,129,50,0,287
18559,Jan 28 2012,African Nations Cup in Gabon,Ghana,Mali,1778,1525,2,0,14,-14,1792,1511,20,91,2,-6,22,85,50,0,253
18560,Jan 28 2012,African Nations Cup in Gabon,Guinea,Botswana,1485,1409,6,1,39,-39,1524,1370,70,129,10,-12,80,117,50,0,76
18561,Jan 29 2012,African Nations Cup in Equatorial Guinea,Equatorial Guinea,Zambia,1306,1548,0,1,-15,15,1291,1563,137,69,-2,2,135,71,50,100,-142
18562,Jan 29 2012,African Nations Cup in Equatorial Guinea,Libya,Senegal,1468,1553,2,1,31,-31,1499,1522,85,90,5,-9,90,81,50,0,-85
18563,Jan 29 2012,Friendly in the United Arab Emirates,United Arab Emirates,Uzbekistan,1387,1611,1,0,13,-13,1400,1598,106,59,2,-1,108,58,20,100,-124
18564,Jan 30 2012,African Nations Cup in Equatorial Guinea,Ivory Coast,Angola,1793,1520,2,0,13,-13,1806,1507,15,88,3,-3,18,85,50,0,273
18565,Jan 30 2012,African Nations Cup in Equatorial Guinea,Sudan,Burkina Faso,1427,1483,2,1,29,-29,1456,1454,95,108,4,-8,99,100,50,0,-56
18566,Jan 31 2012,African Nations Cup in Gabon,Gabon,Tunisia,1574,1615,1,0,21,-21,1595,1594,51,63,7,-4,58,59,50,100,59
18567,Jan 31 2012,African Nations Cup in Gabon,Morocco,Niger,1525,1312,1,0,11,-11,1536,1301,74,135,2,-3,76,132,50,0,213
18568,Feb 1 2012,African Nations Cup in Gabon,Ghana,Guinea,1792,1524,1,1,-16,16,1776,1540,28,71,-3,4,25,75,40,100,368
18569,Feb 1 2012,African Nations Cup in Gabon,Mali,Botswana,1511,1370,2,1,15,-15,1526,1355,76,121,4,-2,80,119,50,0,141
18570,Feb 4 2012,African Nations Cup in Equatorial Guinea,Equatorial Guinea,Ivory Coast,1291,1806,0,3,-7,7,1284,1813,139,18,-2,0,137,18,50,100,-415
18571,Feb 4 2012,African Nations Cup in Equatorial Guinea,Zambia,Sudan,1563,1456,3,0,31,-31,1594,1425,47,107,12,-4,59,103,50,0,107
18572,Feb 5 2012,African Nations Cup in Gabon,Gabon,Mali,1595,1526,1,1,-11,11,1584,1537,68,74,-5,3,63,77,50,100,169
18573,Feb 5 2012,African Nations Cup in Gabon,Ghana,Tunisia,1776,1594,2,1,13,-13,1789,1581,19,69,3,-5,22,64,50,0,182
18574,Feb 8 2012,African Nations Cup in Gabon,Ivory Coast,Mali,1813,1537,1,0,8,-8,1821,1529,14,83,2,-3,16,80,50,0,276
18575,Feb 8 2012,African Nations Cup in Equatorial Guinea,Zambia,Ghana,1594,1789,1,0,38,-38,1632,1751,50,40,4,-9,54,31,50,0,-195
18576,Feb 11 2012,African Nations Cup in Equatorial Guinea,Mali,Ghana,1529,1751,2,0,59,-59,1588,1692,44,51,18,-10,62,41,50,0,-222
18577,Feb 12 2012,African Nations Cup in Gabon,Ivory Coast,Zambia,1821,1632,0,0,-12,12,1809,1644,20,50,-2,2,18,52,50,0,189
18578,Feb 15 2012,Friendly in Liberia,Liberia,Nigeria,1255,1658,0,2,-4,4,1251,1662,142,46,0,0,142,46,20,100,-303
18579,Feb 15 2012,Friendly in Paraguay,Paraguay,Chile,1783,1886,2,0,15,-15,1798,1871,19,14,2,-2,21,12,20,100,-3
18580,Feb 17 2012,Friendly in China,Kuwait,North Korea,1540,1503,1,1,-1,1,1539,1504,78,86,-1,0,77,86,20,0,37
18581,Feb 19 2012,Friendly in St Vincent & Grenadines,St Vincent & Grenadines,Guyana,1141,1372,1,0,14,-14,1155,1358,160,118,5,-1,165,117,20,100,-131
18582,Feb 22 2012,Friendly in China,China,Kuwait,1610,1539,2,0,8,-8,1618,1531,55,81,1,-2,56,79,20,100,171
18583,Feb 22 2012,Friendly in Grenada,Grenada,Guyana,1174,1358,1,2,-8,8,1166,1366,162,117,0,0,162,117,20,100,-84
18584,Feb 22 2012,Friendly in Jamaica,Jamaica,Cuba,1640,1395,1,0,2,-2,1642,1393,53,110,0,0,53,110,20,100,345
18585,Feb 22 2012,Friendly in Namibia,Namibia,Mozambique,1309,1350,3,0,15,-15,1324,1335,126,128,2,-4,128,124,20,100,59
18586,Feb 22 2012,Friendly in Paraguay,Paraguay,Guatemala,1798,1512,2,1,2,-2,1800,1510,21,84,0,0,21,84,20,100,386
18587,Feb 23 2012,Friendly in the United Arab Emirates,Iran,Jordan,1744,1565,2,2,-5,5,1739,1570,32,68,0,2,32,70,20,0,179
18588,Feb 23 2012,Friendly in Oman,Oman,India,1542,1207,5,1,3,-3,1545,1204,73,155,1,-1,74,154,20,100,435
18589,Feb 23 2012,Friendly in Tanzania,Tanzania,DR Congo,1261,1431,0,0,2,-2,1263,1429,141,102,0,0,141,102,20,100,-70
18590,Feb 24 2012,Friendly in the United Arab Emirates,Azerbaijan,Singapore,1406,1274,2,2,-4,4,1402,1278,110,138,-2,0,108,138,20,0,132
18591,Feb 24 2012,Friendly in Jamaica,Jamaica,Cuba,1642,1393,3,0,4,-4,1646,1389,51,110,1,0,52,110,20,100,349
18592,Feb 24 2012,Friendly in Japan,Japan,Iceland,1802,1441,3,1,2,-2,1804,1439,18,101,1,0,19,101,20,100,461
18593,Feb 24 2012,Friendly in Nicaragua,Nicaragua,Puerto Rico,1118,1076,1,0,6,-6,1124,1070,174,179,0,0,174,179,20,100,142
18594,Feb 24 2012,Friendly in Thailand,Thailand,Maldives,1383,1110,3,0,4,-4,1387,1106,111,175,0,0,111,175,20,100,373
18595,Feb 24 2012,Friendly in the United Arab Emirates,United Arab Emirates,Palestine,1400,1179,3,0,5,-5,1405,1174,104,162,2,-1,106,161,20,100,321
18596,Feb 25 2012,Friendly in South Korea,South Korea,Uzbekistan,1769,1598,4,2,5,-5,1774,1593,25,60,0,-1,25,59,20,100,271
18597,Feb 26 2012,Friendly in Nicaragua,Nicaragua,Puerto Rico,1124,1070,4,1,10,-10,1134,1060,168,181,3,-1,171,180,20,100,154
18598,Feb 27 2012,Friendly in the United Arab Emirates,Azerbaijan,India,1402,1204,3,0,8,-8,1410,1196,102,160,3,-3,105,157,20,0,198
18599,Feb 28 2012,Friendly in Switzerland,Brazil,Bosnia and Herzegovina,2065,1694,2,1,2,-2,2067,1692,4,40,0,0,4,40,20,0,371
18600,Feb 28 2012,Friendly in Cyprus,Serbia,Armenia,1721,1531,2,0,8,-8,1729,1523,34,83,0,-2,34,81,20,0,190
18601,Feb 29 2012,Friendly in Antigua and Barbuda,Antigua and Barbuda,Trinidad and Tobago,1311,1476,0,4,-15,15,1296,1491,138,90,-4,2,134,92,20,100,-65
18602,Feb 29 2012,Friendly in Cyprus,Armenia,Canada,1523,1594,3,1,18,-18,1541,1576,75,78,3,-10,78,68,20,0,-71
18603,Feb 29 2012,World Cup qualifier in Australia,Australia,Saudi Arabia,1818,1557,4,2,7,-7,1825,1550,16,75,0,-1,16,74,40,100,361
18604,Feb 29 2012,Friendly in Austria,Austria,Finland,1578,1612,3,1,12,-12,1590,1600,53,59,7,-1,60,58,20,100,66
18605,Feb 29 2012,World Cup qualifier in Bahrain,Bahrain,Indonesia,1567,1269,10,0,10,-10,1577,1259,63,146,4,-3,67,143,40,100,398
18606,Feb 29 2012,Friendly in Turkey,Belarus,Moldova,1590,1408,0,0,-5,5,1585,1413,68,108,-4,-1,64,107,20,0,182
18607,Feb 29 2012,Friendly in Bolivia,Bolivia,Cuba,1535,1389,1,0,4,-4,1539,1385,80,110,-1,0,79,110,20,100,246
18608,Feb 29 2012,African Nations Cup qualifier in Burundi,Burundi,Zimbabwe,1249,1370,2,1,21,-21,1270,1349,134,122,5,-3,139,119,40,100,-21
18609,Feb 29 2012,African Nations Cup qualifier in Chad,Chad,Malawi,1220,1404,3,2,25,-25,1245,1379,142,116,4,-4,146,112,40,100,-84
18610,Feb 29 2012,Friendly in the United States,Chile,Ghana,1871,1692,1,1,-5,5,1866,1697,12,38,0,1,12,39,20,0,179
18611,Feb 29 2012,World Cup qualifier in China,China,Jordan,1618,1570,3,1,18,-18,1636,1552,52,76,2,-3,54,73,40,100,148
18612,Feb 29 2012,Friendly in the United States,Colombia,Mexico,1768,1874,2,0,19,-19,1787,1855,18,17,4,-3,22,14,20,0,-106
18613,Feb 29 2012,African Nations Cup qualifier in Congo,Congo,Uganda,1357,1545,3,1,37,-37,1394,1508,98,96,10,-11,108,85,40,100,-88
18614,Feb 29 2012,Friendly in Croatia,Croatia,Sweden,1891,1866,1,3,-20,20,1871,1886,11,5,-1,4,10,9,20,100,125
18615,Feb 29 2012,Friendly in Cyprus,Cyprus,Serbia,1465,1729,0,0,4,-4,1469,1725,95,32,0,1,95,33,20,100,-164
18616,Feb 29 2012,Friendly in Denmark,Denmark,Russia,1831,1817,0,2,-20,20,1811,1837,19,13,-2,2,17,15,20,100,114
18617,Feb 29 2012,Friendly in Ecuador,Ecuador,Honduras,1778,1653,2,0,6,-6,1784,1647,22,54,1,-3,23,51,20,100,225
18618,Feb 29 2012,Friendly in Qatar,Egypt,Niger,1720,1301,1,0,2,-2,1722,1299,35,132,0,0,35,132,20,0,419
18619,Feb 29 2012,Friendly in England,England,Netherlands,1955,2068,2,3,-10,10,1945,2078,6,1,0,1,6,2,20,100,-13
18620,Feb 29 2012,Friendly in the United States,Estonia,El Salvador,1524,1587,2,0,18,-18,1542,1569,74,77,3,-7,77,70,20,0,-63
18621,Feb 29 2012,African Nations Cup qualifier in Ethiopia,Ethiopia,Benin,1290,1381,0,0,-1,1,1289,1382,135,110,0,1,135,111,40,100,9
18622,Feb 29 2012,African Nations Cup qualifier in The Gambia,Gambia,Algeria,1377,1482,1,2,-20,20,1357,1502,117,83,-1,5,116,88,40,100,-5
18623,Feb 29 2012,Friendly in Georgia,Georgia,Albania,1494,1483,2,1,7,-7,1501,1476,87,96,2,-2,89,94,20,100,111
18624,Feb 29 2012,Friendly in Germany,Germany,France,2082,1839,1,2,-18,18,2064,1857,6,12,-2,1,4,13,20,100,343
18625,Feb 29 2012,Friendly in Greece,Greece,Belgium,1784,1683,1,1,-5,5,1779,1688,27,42,-2,0,25,42,20,100,201
18626,Feb 29 2012,African Nations Cup qualifier in Guinea-Bissau,Guinea-Bissau,Cameroon,1233,1653,0,1,-5,5,1228,1658,148,42,0,3,148,45,40,100,-320
18627,Feb 29 2012,Friendly in Guyana,Guyana,Guatemala,1366,1510,0,2,-13,13,1353,1523,119,80,-1,2,118,82,20,100,-44
18628,Feb 29 2012,Friendly in Hong Kong,Hong Kong,Taiwan,1197,904,5,1,4,-4,1201,900,154,198,1,0,155,198,20,100,393
18629,Feb 29 2012,Friendly in Hungary,Hungary,Bulgaria,1676,1629,1,1,-4,4,1672,1633,45,57,-1,-1,44,56,20,100,147
18630,Feb 29 2012,World Cup qualifier in Iran,Iran,Qatar,1739,1501,2,2,-15,15,1724,1516,36,77,-2,6,34,83,40,100,338
18631,Feb 29 2012,World Cup qualifier in Qatar,Iraq,Singapore,1573,1278,7,1,13,-13,1586,1265,56,144,6,-3,62,141,40,0,295
18632,Feb 29 2012,Friendly in Ireland,Ireland,Czechia,1803,1795,1,1,-3,3,1800,1798,20,20,0,1,20,21,20,100,108
18633,Feb 29 2012,Friendly in Israel,Israel,Ukraine,1668,1767,2,3,-10,10,1658,1777,46,24,-1,2,45,26,20,100,1
18634,Feb 29 2012,Friendly in Italy,Italy,United States,1886,1733,0,1,-16,16,1870,1749,12,29,-1,2,11,31,20,100,253
18635,Feb 29 2012,Friendly in Ivory Coast,Ivory Coast,Guinea,1809,1540,0,0,-8,8,1801,1548,20,74,-1,1,19,75,20,100,369
18636,Feb 29 2012,World Cup qualifier in Japan,Japan,Uzbekistan,1804,1593,0,1,-34,34,1770,1627,35,55,-8,2,27,57,40,100,311
18637,Feb 29 2012,Friendly in Turkey,Kazakhstan,Latvia,1341,1520,0,0,5,-5,1346,1515,119,85,1,-1,120,84,20,0,-179
18638,Feb 29 2012,African Nations Cup qualifier in Kenya,Kenya,Togo,1321,1381,2,1,18,-18,1339,1363,115,118,7,-3,122,115,30,0,-60
18639,Feb 29 2012,African Nations Cup qualifier in Liberia,Liberia,Namibia,1251,1324,1,0,18,-18,1269,1306,138,132,2,-2,140,130,30,0,-73
18640,Feb 29 2012,Friendly in Luxembourg,Luxembourg,Macedonia,1150,1502,2,1,16,-16,1166,1486,157,98,5,-5,162,93,20,100,-252
18641,Feb 29 2012,African Nations Cup qualifier in Madagascar,Madagascar,Cape Verde,1199,1397,0,4,-27,27,1172,1424,167,99,-6,5,161,104,40,100,-98
18642,Feb 29 2012,Friendly in Malta,Malta,Liechtenstein,1212,1235,2,1,8,-8,1220,1227,151,151,0,-2,151,149,20,100,77
18643,Feb 29 2012,Friendly in Montenegro,Montenegro,Iceland,1640,1439,2,1,3,-3,1643,1436,52,103,1,-1,53,102,20,100,301
18644,Feb 29 2012,Friendly in Morocco,Morocco,Burkina Faso,1536,1454,2,0,8,-8,1544,1446,75,101,1,-1,76,100,20,100,182
18645,Feb 29 2012,Friendly in New Zealand,New Zealand,Jamaica,1567,1646,2,3,-11,11,1556,1657,71,42,0,5,71,47,20,100,21
18646,Feb 29 2012,Friendly in Northern Ireland,Northern Ireland,Norway,1458,1760,0,3,-8,8,1450,1768,100,27,-1,1,99,28,20,100,-202
18647,Feb 29 2012,World Cup qualifier in Oman,Oman,Thailand,1545,1387,2,0,11,-11,1556,1376,68,117,3,-3,71,114,40,100,258
18648,Feb 29 2012,Friendly in the United Arab Emirates,Palestine,Azerbaijan,1174,1410,2,0,24,-24,1198,1386,151,113,5,-4,156,109,20,0,-236
18649,Feb 29 2012,Friendly in Paraguay,Paraguay,Panama,1800,1657,1,0,4,-4,1804,1653,15,51,3,-2,18,49,20,100,243
18650,Feb 29 2012,Friendly in the Philippines,Philippines,Malaysia,1028,1207,1,1,2,-2,1030,1205,182,153,0,0,182,153,20,100,-79
18651,Feb 29 2012,Friendly in Poland,Poland,Portugal,1707,1900,0,0,3,-3,1710,1897,37,8,0,0,37,8,20,100,-93
18652,Feb 29 2012,Friendly in Romania,Romania,Uruguay,1711,1993,1,1,5,-5,1716,1988,36,5,0,0,36,5,20,100,-182
18653,Feb 29 2012,African Nations Cup qualifier in Rwanda,Rwanda,Nigeria,1460,1662,0,0,6,-6,1466,1656,95,50,1,-2,96,48,40,100,-102
18654,Feb 29 2012,African Nations Cup qualifier in São Tomé and Príncipe,São Tomé and Príncipe,Sierra Leone,1080,1337,2,1,28,-28,1108,1309,172,133,3,-5,175,128,40,100,-157
18655,Feb 29 2012,African Nations Cup qualifier in the Seychelles,Seychelles,DR Congo,1026,1429,0,4,-11,11,1015,1440,187,100,-2,1,185,101,40,100,-303
18656,Feb 29 2012,Friendly in Slovenia,Slovenia,Scotland,1653,1704,1,1,-1,1,1652,1705,52,38,-2,0,50,38,20,100,49
18657,Feb 29 2012,Friendly in South Africa,South Africa,Senegal,1590,1522,0,0,-4,4,1586,1526,64,78,-2,2,62,80,20,100,168
18658,Feb 29 2012,World Cup qualifier in South Korea,South Korea,Kuwait,1774,1531,2,0,7,-7,1781,1524,23,83,1,-2,24,81,40,100,343
18659,Feb 29 2012,Friendly in Spain,Spain,Venezuela,2117,1698,5,0,2,-2,2119,1696,1,41,0,-1,1,40,20,100,519
18660,Feb 29 2012,Friendly in Switzerland,Switzerland,Argentina,1768,1915,1,3,-13,13,1755,1928,32,7,-3,0,29,7,20,100,-47
18661,Feb 29 2012,World Cup qualifier in Tajikistan,Tajikistan,North Korea,1239,1504,1,1,9,-9,1248,1495,145,96,0,-5,145,91,40,100,-165
18662,Feb 29 2012,African Nations Cup qualifier in Tanzania,Tanzania,Mozambique,1263,1335,1,1,-2,2,1261,1337,143,124,-1,0,142,124,40,100,28
18663,Feb 29 2012,Friendly in Tunisia,Tunisia,Peru,1581,1753,1,1,2,-2,1583,1751,67,30,-1,0,66,30,20,100,-72
18664,Feb 29 2012,Friendly in Turkey,Turkey,Slovakia,1745,1580,1,2,-16,16,1729,1596,33,52,-1,7,32,59,20,100,265
18665,Feb 29 2012,World Cup qualifier in the United Arab Emirates,United Arab Emirates,Lebanon,1405,1334,4,2,16,-16,1421,1318,103,129,2,-2,105,127,40,100,171
18666,Feb 29 2012,Friendly in Wales,Wales,Costa Rica,1648,1664,0,1,-12,12,1636,1676,57,41,-3,2,54,43,20,100,84
18667,Mar 2 2012,Friendly in Qatar,DR Congo,Egypt,1440,1722,0,0,7,-7,1447,1715,99,37,1,-1,100,36,20,0,-282
18668,Mar 3 2012,Friendly in Martinique,Martinique,Guadeloupe,1342,1464,1,2,-9,9,1333,1473,127,93,-3,2,124,95,20,100,-22
18669,Mar 3 2012,Friendly in Saint Kitts and Nevis,Saint Kitts and Nevis,Antigua and Barbuda,1194,1296,1,0,10,-10,1204,1286,150,136,4,-1,154,135,20,100,-2
18670,Mar 8 2012,Asian Cup q & Asian Chlg Cup in Nepal,Nepal,Palestine,963,1198,0,2,-19,19,944,1217,192,147,-1,5,191,152,40,100,-135
18671,Mar 8 2012,Asian Cup q & Asian Chlg Cup in Nepal,Turkmenistan,Maldives,1339,1106,3,1,12,-12,1351,1094,117,178,2,-1,119,177,40,0,233
18672,Mar 9 2012,Asian Cup q & Asian Chlg Cup in Nepal,North Korea,Philippines,1495,1030,2,0,4,-4,1499,1026,89,182,1,0,90,182,40,0,465
18673,Mar 9 2012,Asian Cup q & Asian Chlg Cup in Nepal,Tajikistan,India,1248,1196,2,0,26,-26,1274,1170,131,164,7,-3,138,161,40,0,52
18674,Mar 10 2012,Asian Cup q & Asian Chlg Cup in Nepal,Nepal,Maldives,944,1094,0,1,-17,17,927,1111,199,173,-4,2,195,175,40,100,-50
18675,Mar 10 2012,Asian Cup q & Asian Chlg Cup in Nepal,Palestine,Turkmenistan,1217,1351,0,0,7,-7,1224,1344,148,123,2,-2,150,121,40,0,-134
18676,Mar 11 2012,Asian Cup q & Asian Chlg Cup in Nepal,North Korea,Tajikistan,1499,1274,2,0,13,-13,1512,1261,80,146,5,-4,85,142,40,0,225
18677,Mar 11 2012,Asian Cup q & Asian Chlg Cup in Nepal,Philippines,India,1026,1170,2,0,42,-42,1068,1128,176,183,3,-11,179,172,40,0,-144
18678,Mar 12 2012,Asian Cup q & Asian Chlg Cup in Nepal,Nepal,Turkmenistan,927,1344,0,3,-10,10,917,1354,195,115,0,3,195,118,40,100,-317
18679,Mar 12 2012,Asian Cup q & Asian Chlg Cup in Nepal,Palestine,Maldives,1224,1111,2,0,21,-21,1245,1090,142,179,4,-2,146,177,40,0,113
18680,Mar 13 2012,Asian Cup q & Asian Chlg Cup in Nepal,North Korea,India,1512,1128,4,0,7,-7,1519,1121,81,176,2,-2,83,174,40,0,384
18681,Mar 13 2012,Asian Cup q & Asian Chlg Cup in Nepal,Philippines,Tajikistan,1068,1261,2,1,30,-30,1098,1231,175,154,2,-6,177,148,40,0,-193
18682,Mar 16 2012,Asian Cup q & Asian Chlg Cup in Nepal,North Korea,Palestine,1519,1245,2,0,10,-10,1529,1235,77,149,3,-2,80,147,40,0,274
18683,Mar 16 2012,Asian Cup q & Asian Chlg Cup in Nepal,Turkmenistan,Philippines,1354,1098,2,1,7,-7,1361,1091,114,177,2,0,116,177,40,0,256
18684,Mar 19 2012,Asian Cup q & Asian Chlg Cup in Nepal,North Korea,Turkmenistan,1529,1361,2,1,11,-11,1540,1350,78,122,1,-3,79,119,40,0,168
18685,Mar 19 2012,Asian Cup q & Asian Chlg Cup in Nepal,Philippines,Palestine,1091,1235,4,3,28,-28,1119,1207,173,159,2,-6,175,153,40,0,-144
18686,Mar 21 2012,Pacific Cup in Chile,Chile,Peru,1866,1751,3,1,10,-10,1876,1741,8,32,2,-1,10,31,20,0,115
18687,Mar 21 2012,Friendly in French Guiana,French Guiana,Guyana,1189,1353,1,0,12,-12,1201,1341,156,124,1,-3,157,121,20,100,-64
18688,Mar 21 2012,Friendly in Jamaica,Jamaica,Costa Rica,1657,1676,0,0,-2,2,1655,1678,49,43,-1,0,48,43,20,100,81
18689,Mar 22 2012,Friendly in French Guiana,French Guiana,Guyana,1201,1341,0,2,-13,13,1188,1354,159,115,-1,3,158,118,20,100,-40
18690,Mar 29 2012,Friendly in Sudan,Egypt,Uganda,1715,1508,2,1,5,-5,1720,1503,34,88,1,-1,35,87,20,0,207
18691,Mar 30 2012,Friendly in St Vincent & Grenadines,St Vincent & Grenadines,Antigua and Barbuda,1155,1286,1,0,11,-11,1166,1275,157,139,4,-2,161,137,20,100,-31
18692,Mar 31 2012,Friendly in Sudan,Egypt,Chad,1720,1245,4,0,2,-2,1722,1243,35,145,0,0,35,145,20,0,475
18693,Apr 1 2012,Friendly in St Vincent & Grenadines,St Vincent & Grenadines,Antigua and Barbuda,1166,1275,1,2,-10,10,1156,1285,169,133,-4,2,165,135,20,100,-9
18694,Apr 7 2012,Friendly in Guadeloupe,Guadeloupe,Martinique,1473,1333,0,1,-16,16,1457,1349,99,116,-2,4,97,120,20,100,240
18695,Apr 11 2012,Friendly in Costa Rica,Costa Rica,Honduras,1678,1647,1,1,-4,4,1674,1651,43,51,0,0,43,51,20,100,131
18696,Apr 11 2012,Pacific Cup in Peru,Peru,Chile,1741,1876,0,3,-24,24,1717,1900,39,6,-4,2,35,8,30,100,-35
18697,Apr 12 2012,Friendly in the United Arab Emirates,Egypt,Nigeria,1722,1656,3,2,8,-8,1730,1648,28,55,3,-4,31,51,20,0,66
18698,Apr 15 2012,Friendly in the United Arab Emirates,Egypt,Mauritania,1730,1147,3,0,1,-1,1731,1146,31,168,0,0,31,168,20,0,583
18699,Apr 17 2012,Friendly in the United Arab Emirates,Egypt,Iraq,1731,1586,0,0,-4,4,1727,1590,33,58,-1,2,32,60,20,0,145
18700,Apr 18 2012,Friendly in Iran,Iran,Mauritania,1724,1146,2,0,1,-1,1725,1145,32,168,1,0,33,168,20,0,578
18701,Apr 25 2012,Friendly in Guatemala,Guatemala,Paraguay,1523,1804,0,1,-5,5,1518,1809,83,18,0,0,83,18,20,100,-181
18702,Apr 28 2012,Friendly in Malaysia,Malaysia,Sri Lanka,1205,860,6,0,3,-3,1208,857,152,204,1,0,153,204,20,100,445
18703,May 2 2012,Friendly in Iran,Iran,Mozambique,1725,1337,3,0,2,-2,1727,1335,31,124,1,0,32,124,20,100,488
18704,May 2 2012,Friendly in Martinique,Martinique,Guyana,1349,1354,2,2,-3,3,1346,1357,122,114,-1,2,121,116,20,100,95
18705,May 4 2012,Friendly in Guadeloupe,Guadeloupe,Guyana,1457,1357,1,2,-15,15,1442,1372,105,114,-4,1,101,115,20,100,200
18706,May 7 2012,Friendly in Egypt,Egypt,Libya,1727,1499,4,0,5,-5,1732,1494,30,91,1,0,31,91,20,100,328
18707,May 11 2012,Friendly in Lebanon,Lebanon,Egypt,1318,1732,1,4,-5,5,1313,1737,127,31,0,0,127,31,20,100,-314
18708,May 15 2012,Friendly tournament in Palestine,Kurdistan,Mauritania,1400,1145,3,1,8,-8,1408,1137,108,170,0,0,108,170,30,0,255
18709,May 16 2012,Friendly in Angola,Angola,Zambia,1507,1644,0,0,1,-1,1508,1643,86,52,0,0,86,52,20,100,-37
18710,May 17 2012,Friendly tournament in Palestine,Indonesia,Mauritania,1259,1137,2,0,15,-15,1274,1122,134,178,5,-4,139,174,30,0,122
18711,May 18 2012,Friendly in Jamaica,Jamaica,Guyana,1655,1372,1,0,2,-2,1657,1370,47,116,0,0,47,116,20,100,383
18712,May 18 2012,Friendly in Lebanon,Lebanon,Jordan,1313,1552,1,2,-6,6,1307,1558,132,69,-2,2,130,71,20,100,-139
18713,May 19 2012,Friendly tournament in Palestine,Indonesia,Kurdistan,1274,1408,1,1,6,-6,1280,1402,139,108,0,0,139,108,30,0,-134
18714,May 20 2012,Friendly in Sudan,Egypt,Cameroon,1737,1658,2,1,8,-8,1745,1650,31,55,0,-5,31,50,20,0,79
18715,May 20 2012,Friendly in Panama,Panama,Guyana,1653,1370,2,0,3,-3,1656,1367,46,116,1,0,47,116,20,100,383
18716,May 22 2012,Friendly in Spain,Albania,Qatar,1476,1516,2,1,11,-11,1487,1505,92,88,1,-2,93,86,20,0,-40
18717,May 22 2012,Friendly in Sudan,Egypt,Togo,1745,1363,3,0,3,-3,1748,1360,31,117,0,0,31,117,20,0,382
18718,May 22 2012,Friendly tournament in Palestine,Palestine,Indonesia,1207,1280,2,1,14,-14,1221,1266,149,145,3,-3,152,142,30,100,27
18719,May 22 2012,Friendly in Austria,Poland,Latvia,1710,1515,1,0,5,-5,1715,1510,37,83,0,1,37,84,20,0,195
18720,May 23 2012,Friendly in Botswana,Botswana,Lesotho,1355,1148,3,0,5,-5,1360,1143,115,168,2,0,117,168,20,100,307
18721,May 23 2012,Friendly in the United States,El Salvador,New Zealand,1569,1556,2,2,0,0,1569,1556,70,72,0,0,70,72,20,0,13
18722,May 23 2012,Friendly in Turkey,Iraq,Sierra Leone,1590,1309,1,0,3,-3,1593,1306,60,132,0,-2,60,130,20,0,281
18723,May 23 2012,Friendly in Japan,Japan,Azerbaijan,1770,1386,2,0,2,-2,1772,1384,27,112,0,-1,27,111,20,100,484
18724,May 23 2012,Friendly in Tunisia,Libya,Rwanda,1494,1466,2,0,14,-14,1508,1452,79,98,6,-1,85,97,20,0,28
18725,May 23 2012,Friendly in Peru,Peru,Nigeria,1717,1648,1,0,5,-5,1722,1643,35,51,0,0,35,51,20,100,169
18726,May 23 2012,Friendly in Venezuela,Venezuela,Moldova,1696,1413,4,0,4,-4,1700,1409,38,107,1,0,39,107,20,100,383
18727,May 24 2012,Friendly in Austria,Turkey,Georgia,1729,1501,3,1,6,-6,1735,1495,32,91,0,0,32,91,20,0,228
18728,May 25 2012,Friendly in Belgium,Belgium,Montenegro,1688,1643,2,2,-4,4,1684,1647,42,51,0,0,42,51,20,100,145
18729,May 25 2012,Friendly in Costa Rica,Costa Rica,Guatemala,1674,1518,3,2,4,-4,1678,1514,43,83,0,0,43,83,20,100,256
18730,May 25 2012,Friendly in Croatia,Croatia,Estonia,1871,1542,3,1,2,-2,1873,1540,11,77,0,0,11,77,20,100,429
18731,May 25 2012,Friendly in Morocco,Morocco,Senegal,1544,1526,0,1,-13,13,1531,1539,86,77,-5,2,81,79,20,100,118
18732,May 25 2012,Friendly in Russia,Russia,Uruguay,1837,1988,1,1,1,-1,1838,1987,15,5,0,0,15,5,20,100,-51
18733,May 26 2012,Friendly in Algeria,Algeria,Niger,1502,1299,3,0,5,-5,1507,1294,84,135,3,-1,87,134,20,100,303
18734,May 26 2012,Friendly in Germany,Brazil,Denmark,2067,1811,3,1,6,-6,2073,1805,1,19,1,-1,2,18,20,0,256
18735,May 26 2012,Friendly in Burkina Faso,Burkina Faso,Benin,1446,1382,2,2,-4,4,1442,1386,100,108,0,2,100,110,20,100,164
18736,May 26 2012,Friendly in France,Cameroon,Guinea,1650,1548,2,1,7,-7,1657,1541,40,75,5,0,45,75,20,0,102
18737,May 26 2012,Friendly in Austria,Czechia,Israel,1798,1658,2,1,6,-6,1804,1652,19,53,1,-4,20,49,20,0,140
18738,May 26 2012,Friendly in the United States,El Salvador,Moldova,1569,1409,2,0,9,-9,1578,1400,64,109,3,-1,67,108,20,0,160
18739,May 26 2012,Friendly in Austria,Finland,Turkey,1600,1735,3,2,14,-14,1614,1721,58,40,0,-4,58,36,20,0,-135
18740,May 26 2012,Friendly in Austria,Greece,Slovenia,1779,1652,1,1,-4,4,1775,1656,29,46,-2,1,27,47,20,0,127
18741,May 26 2012,Friendly in Ireland,Ireland,Bosnia and Herzegovina,1800,1692,1,0,5,-5,1805,1687,16,41,2,0,18,41,20,100,208
18742,May 26 2012,Friendly in Jordan,Jordan,Sierra Leone,1558,1306,4,0,4,-4,1562,1302,73,132,-1,-1,72,131,20,100,352
18743,May 26 2012,Friendly in Germany,Mozambique,Namibia,1335,1306,0,0,-1,1,1334,1307,125,128,0,1,125,129,20,0,29
18744,May 26 2012,Friendly in the Netherlands,Netherlands,Bulgaria,2078,1633,1,2,-19,19,2059,1652,4,42,-1,7,3,49,20,0,445
18745,May 26 2012,Friendly in the United States,New Zealand,Honduras,1556,1651,1,0,13,-13,1569,1638,70,59,1,-5,71,54,20,0,-95
18746,May 26 2012,Friendly in Norway,Norway,England,1768,1945,0,1,-8,8,1760,1953,30,6,-1,0,29,6,20,100,-77
18747,May 26 2012,Friendly in Austria,Poland,Slovakia,1715,1596,1,0,7,-7,1722,1589,29,63,4,-2,33,61,20,0,119
18748,May 26 2012,Friendly in Portugal,Portugal,Macedonia,1897,1486,0,0,-9,9,1888,1495,9,88,0,3,9,91,20,100,511
18749,May 26 2012,Friendly in Switzerland,Spain,Serbia,2119,1725,2,0,3,-3,2122,1722,1,32,0,1,1,33,20,0,394
18750,May 26 2012,Friendly in Switzerland,Switzerland,Germany,1755,2064,5,3,23,-23,1778,2041,21,4,4,0,25,4,20,100,-209
18751,May 26 2012,Friendly in Tanzania,Tanzania,Malawi,1261,1379,0,0,1,-1,1262,1378,144,115,0,-1,144,114,20,100,-18
18752,May 26 2012,Friendly in the United States,United States,Scotland,1749,1705,5,1,11,-11,1760,1694,28,42,1,-2,29,40,20,100,144
18753,May 27 2012,Friendly in Turkey,Albania,Iran,1487,1727,1,0,16,-16,1503,1711,84,42,5,-5,89,37,20,0,-240
18754,May 27 2012,Friendly in France,France,Iceland,1857,1436,3,2,1,-1,1858,1435,15,102,-1,0,14,102,20,100,521
18755,May 27 2012,Friendly in France,Ivory Coast,Mali,1801,1588,2,1,5,-5,1806,1583,15,70,3,-4,18,66,20,0,213
18756,May 27 2012,Friendly in Jamaica,Jamaica,Panama,1657,1656,0,1,-13,13,1644,1669,57,43,-6,2,51,45,20,100,101
18757,May 27 2012,Friendly in Tunisia,Libya,Chad,1508,1243,1,0,4,-4,1512,1239,83,146,1,0,84,146,20,0,265
18758,May 27 2012,Friendly in the United States,Mexico,Wales,1855,1636,2,0,7,-7,1862,1629,12,57,1,-1,13,56,20,0,219
18759,May 27 2012,Friendly in Oman,Oman,Lebanon,1556,1307,1,1,-8,8,1548,1315,75,127,-1,1,74,128,20,100,349
18760,May 27 2012,Friendly in Tunisia,Tunisia,Rwanda,1583,1452,5,1,8,-8,1591,1444,54,101,6,-2,60,99,20,100,231
18761,May 28 2012,Friendly in Turkey,Botswana,Iraq,1360,1593,1,1,6,-6,1366,1587,115,65,1,-3,116,62,20,0,-233
18762,May 28 2012,Friendly in Colombia,Colombia,Guyana,1787,1367,7,1,2,-2,1789,1365,22,118,0,-1,22,117,20,100,520
18763,May 28 2012,Friendly in Qatar,Qatar,Palestine,1505,1221,0,0,-8,8,1497,1229,94,146,-3,3,91,149,20,100,384
18764,May 28 2012,Friendly in Austria,Ukraine,Estonia,1777,1540,4,0,8,-8,1785,1532,20,83,3,-3,23,80,20,0,237
18765,May 28 2012,Friendly in Zanzibar,Zanzibar,Malawi,1328,1378,1,1,-1,1,1327,1379,127,112,0,1,127,113,20,100,50
18766,May 29 2012,Friendly in Portugal,Angola,Macedonia,1508,1495,0,0,0,0,1508,1495,88,92,-1,0,87,92,20,0,13
18767,May 29 2012,Friendly in Switzerland,Lithuania,Russia,1503,1838,0,0,7,-7,1510,1831,82,15,3,0,85,15,20,0,-335
18768,May 29 2012,Friendly in Austria,Turkey,Bulgaria,1721,1652,2,0,12,-12,1733,1640,29,58,3,-5,32,53,20,0,69
18769,May 30 2012,Friendly in Germany,Andorra,Azerbaijan,998,1384,0,0,8,-8,1006,1376,188,116,0,-2,188,114,20,0,-386
18770,May 30 2012,Friendly in Tunisia,Chad,Rwanda,1239,1444,1,1,5,-5,1244,1439,146,103,0,-2,146,101,20,0,-205
18771,May 30 2012,Friendly in the Netherlands,Netherlands,Slovakia,2059,1589,2,0,1,-1,2060,1588,3,61,0,0,3,61,20,100,570
18772,May 30 2012,Friendly in Switzerland,Spain,South Korea,2122,1781,4,1,4,-4,2126,1777,1,25,0,0,1,25,20,0,341
18773,May 30 2012,Friendly in Sweden,Sweden,Iceland,1886,1435,3,2,1,-1,1887,1434,10,102,0,0,10,102,20,0,451
18774,May 30 2012,Friendly in Switzerland,Switzerland,Romania,1778,1716,0,1,-14,14,1764,1730,30,30,-2,3,28,33,20,100,162
18775,May 30 2012,Friendly in the United States,United States,Brazil,1760,2073,1,4,-8,8,1752,2081,31,2,-1,0,30,2,20,100,-213
18776,May 31 2012,Friendly in France,France,Serbia,1858,1722,2,0,6,-6,1864,1716,14,38,0,-2,14,36,20,100,236
18777,May 31 2012,Friendly in Germany,Germany,Israel,2041,1652,2,0,2,-2,2043,1650,4,48,0,0,4,48,20,100,489
18778,May 31 2012,Friendly in Austria,Greece,Armenia,1775,1541,1,0,4,-4,1779,1537,24,83,1,-4,25,79,20,0,234
18779,May 31 2012,Friendly in the United States,Mexico,Bosnia and Herzegovina,1862,1687,2,1,5,-5,1867,1682,13,43,0,-1,13,42,20,0,175
18780,Jun 1 2012,Friendly in Austria,Austria,Ukraine,1590,1785,3,2,13,-13,1603,1772,58,29,1,-3,59,26,20,100,-95
18781,Jun 1 2012,Friendly in Czechia,Czechia,Hungary,1804,1672,1,2,-16,16,1788,1688,23,38,-1,3,22,41,20,100,232
18782,Jun 1 2012,World Cup qualifier in Egypt,Egypt,Mozambique,1748,1334,2,0,3,-3,1751,1331,31,129,0,-2,31,127,20,0,414
18783,Jun 1 2012,Baltic Cup in Estonia,Estonia,Finland,1532,1614,1,2,-16,16,1516,1630,88,54,-4,2,84,56,30,100,18
18784,Jun 1 2012,World Cup qualifier in Ghana,Ghana,Lesotho,1697,1143,7,0,2,-2,1699,1141,39,170,0,-1,39,169,20,0,554
18785,Jun 1 2012,Friendly in Guatemala,Guatemala,Costa Rica,1514,1678,1,0,12,-12,1526,1666,81,47,1,-2,82,45,20,100,-64
18786,Jun 1 2012,Friendly in Hong Kong,Hong Kong,Singapore,1201,1265,1,0,9,-9,1210,1256,150,145,4,-1,154,144,20,100,36
18787,Jun 1 2012,Friendly in Kazakhstan,Kazakhstan,Kyrgyzstan,1346,1128,5,2,5,-5,1351,1123,118,174,2,-1,120,173,20,100,318
18788,Jun 1 2012,Baltic Cup in Estonia,Latvia,Lithuania,1510,1510,5,0,30,-30,1540,1480,67,103,9,-9,76,94,30,0,0
18789,Jun 1 2012,Friendly in Malaysia,Malaysia,Philippines,1208,1119,0,0,-5,5,1203,1124,159,168,-2,4,157,172,20,100,189
18790,Jun 1 2012,WC q & Oce Cup in the Solomon Islands,New Caledonia,Vanuatu,1301,1250,5,2,37,-37,1338,1213,118,161,7,-8,125,153,50,0,51
18791,Jun 1 2012,Friendly in Panama,Panama,Jamaica,1669,1644,2,1,7,-7,1676,1637,43,58,1,-4,44,54,20,100,125
18792,Jun 1 2012,Friendly in Puerto Rico,Puerto Rico,Nicaragua,1060,1134,3,1,14,-14,1074,1120,180,182,1,-6,181,176,20,100,26
18793,Jun 1 2012,Friendly in Switzerland,Russia,Italy,1831,1870,3,0,19,-19,1850,1851,15,16,0,-2,15,14,20,0,-39
18794,Jun 1 2012,WC q & Oce Cup in the Solomon Islands,Tahiti,Samoa,1175,696,10,1,7,-7,1182,689,160,218,0,-1,160,217,50,0,479
18795,Jun 2 2012,World Cup qualifier in Algeria,Algeria,Rwanda,1507,1439,4,0,21,-21,1528,1418,73,107,7,-3,80,104,40,100,168
18796,Jun 2 2012,World Cup qualifier in Argentina,Argentina,Ecuador,1928,1784,4,0,15,-15,1943,1769,7,31,0,-4,7,27,40,100,244
18797,Jun 2 2012,World Cup qualifier in Bolivia,Bolivia,Chile,1539,1900,0,2,-11,11,1528,1911,82,8,-2,0,80,8,40,100,-261
18798,Jun 2 2012,World Cup qualifier in Burkina Faso,Burkina Faso,Congo,1442,1394,0,0,-8,8,1434,1402,103,105,-2,2,101,107,40,100,148
18799,Jun 2 2012,World Cup qualifier in Cameroon,Cameroon,DR Congo,1657,1447,1,0,6,-6,1663,1441,46,102,0,-2,46,100,40,100,310
18800,Jun 2 2012,World Cup qualifier in Central African Republic,Central African Republic,Botswana,1236,1366,2,0,33,-33,1269,1333,136,134,5,-9,141,125,40,100,-30
18801,Jun 2 2012,Friendly in Denmark,Denmark,Australia,1805,1825,2,0,12,-12,1817,1813,13,18,3,-1,16,17,20,100,80
18802,Jun 2 2012,Friendly in England,England,Belgium,1953,1684,1,0,2,-2,1955,1682,6,42,0,0,6,42,20,100,369
18803,Jun 2 2012,World Cup qualifier in The Gambia,Gambia,Morocco,1357,1531,1,1,4,-4,1361,1527,115,83,2,-1,117,82,40,100,-74
18804,Jun 2 2012,Friendly in the United States,Honduras,El Salvador,1638,1578,3,0,15,-15,1653,1563,43,75,5,-4,48,71,20,0,60
18805,Jun 2 2012,World Cup qualifier in Ivory Coast,Ivory Coast,Tanzania,1806,1262,2,0,1,-1,1807,1261,20,145,-1,-1,19,144,20,0,544
18806,Jun 2 2012,World Cup qualifier in Kenya,Kenya,Malawi,1339,1379,0,0,-3,3,1336,1382,124,112,0,0,124,112,30,100,60
18807,Jun 2 2012,Friendly in Luxembourg,Luxembourg,Malta,1166,1220,0,2,-17,17,1149,1237,172,142,-5,5,167,147,20,100,46
18808,Jun 2 2012,Friendly in the Netherlands,Netherlands,Northern Ireland,2060,1450,6,0,1,-1,2061,1449,3,99,0,-1,3,98,20,0,610
18809,Jun 2 2012,WC q & Oce Cup in the Solomon Islands,New Zealand,Fiji,1569,1297,1,0,9,-9,1578,1288,63,139,4,-3,67,136,50,0,272
18810,Jun 2 2012,Friendly in Norway,Norway,Croatia,1760,1873,1,1,0,0,1760,1873,29,9,0,1,29,10,20,100,-13
18811,Jun 2 2012,Friendly in Poland,Poland,Andorra,1722,1006,4,0,0,0,1722,1006,34,188,0,0,34,188,20,100,816
18812,Jun 2 2012,Friendly in Portugal,Portugal,Turkey,1888,1733,1,3,-24,24,1864,1757,15,28,-3,2,12,30,20,100,255
18813,Jun 2 2012,World Cup qualifier in Senegal,Senegal,Liberia,1539,1269,3,1,6,-6,1545,1263,72,145,3,-2,75,143,40,100,370
18814,Jun 2 2012,World Cup qualifier in Sierra Leone,Sierra Leone,Cape Verde,1302,1424,2,1,21,-21,1323,1403,126,108,3,-2,129,106,40,100,-22
18815,Jun 2 2012,WC q & Oce Cup in the Solomon Islands,Solomon Islands,Papua New Guinea,1285,1058,1,0,7,-7,1292,1051,132,183,2,0,134,183,50,100,327
18816,Jun 2 2012,World Cup qualifier in Sudan,Sudan,Zambia,1425,1643,2,0,40,-40,1465,1603,89,66,7,-8,96,58,40,100,-118
18817,Jun 2 2012,World Cup qualifier in Tunisia,Tunisia,Equatorial Guinea,1591,1284,3,1,5,-5,1596,1279,60,138,0,0,60,138,40,100,407
18818,Jun 2 2012,World Cup qualifier in Uruguay,Uruguay,Venezuela,1987,1700,1,1,-16,16,1971,1716,5,34,0,2,5,36,40,100,387
18819,Jun 3 2012,World Cup qualifier in Angola,Angola,Uganda,1508,1503,1,1,-6,6,1502,1509,93,86,-3,1,90,87,40,100,105
18820,Jun 3 2012,World Cup qualifier in Benin,Benin,Mali,1386,1583,1,0,25,-25,1411,1558,102,76,4,-5,106,71,40,100,-97
18821,Jun 3 2012,Friendly in Canada,Canada,United States,1576,1752,0,0,2,-2,1578,1750,59,33,5,-1,64,32,20,100,-76
18822,Jun 3 2012,Baltic Cup in Estonia,Estonia,Lithuania,1516,1480,1,0,9,-9,1525,1471,83,94,1,0,84,94,20,0,36
18823,Jun 3 2012,Baltic Cup in Estonia,Finland,Latvia,1630,1540,1,1,-4,4,1626,1544,57,75,-1,1,56,76,30,0,90
18824,Jun 3 2012,World Cup qualifier in Japan,Japan,Oman,1772,1548,3,0,9,-9,1781,1539,21,82,2,-4,23,78,40,100,324
18825,Jun 3 2012,World Cup qualifier in Jordan,Jordan,Iraq,1562,1587,1,1,-4,4,1558,1591,70,60,1,1,71,61,40,100,75
18826,Jun 3 2012,World Cup qualifier in Lebanon,Lebanon,Qatar,1315,1497,0,1,-15,15,1300,1512,138,82,-4,4,134,86,40,100,-82
18827,Jun 3 2012,Friendly in the United States,Mexico,Brazil,1867,2081,2,0,23,-23,1890,2058,7,4,2,-1,9,3,20,0,-214
18828,Jun 3 2012,World Cup qualifier in Niger,Niger,Gabon,1294,1584,0,0,10,-10,1304,1574,129,69,2,-2,131,67,30,0,-290
18829,Jun 3 2012,World Cup qualifier in Nigeria,Nigeria,Namibia,1643,1307,1,0,3,-3,1646,1304,51,130,0,1,51,131,20,0,336
18830,Jun 3 2012,World Cup qualifier in Peru,Peru,Colombia,1722,1789,0,1,-22,22,1700,1811,42,15,-4,3,38,18,40,100,33
18831,Jun 3 2012,Friendly in Puerto Rico,Puerto Rico,Nicaragua,1074,1120,1,1,-2,2,1072,1122,181,172,0,2,181,174,20,100,54
18832,Jun 3 2012,World Cup qualifier in South Africa,South Africa,Ethiopia,1586,1289,1,1,-16,16,1570,1305,75,125,-6,5,69,130,40,100,397
18833,Jun 3 2012,Friendly in Spain,Spain,China,2126,1636,1,0,1,-1,2127,1635,1,54,0,0,1,54,20,0,490
18834,Jun 3 2012,WC q & Oce Cup in the Solomon Islands,Tahiti,New Caledonia,1182,1338,4,3,36,-36,1218,1302,146,143,7,-10,153,133,50,0,-156
18835,Jun 3 2012,World Cup qualifier in Togo,Togo,Libya,1360,1512,1,1,3,-3,1363,1509,116,88,1,-1,117,87,40,100,-52
18836,Jun 3 2012,World Cup qualifier in Uzbekistan,Uzbekistan,Iran,1627,1711,0,1,-21,21,1606,1732,57,28,0,5,57,33,40,100,16
18837,Jun 3 2012,WC q & Oce Cup in the Solomon Islands,Vanuatu,Samoa,1213,689,5,0,5,-5,1218,684,153,221,0,-2,153,219,50,0,524
18838,Jun 3 2012,World Cup qualifier in Zimbabwe,Zimbabwe,Guinea,1349,1541,0,1,-15,15,1334,1556,125,70,-2,3,123,73,40,100,-92
18839,Jun 4 2012,Friendly in Hungary,Hungary,Ireland,1688,1805,0,0,0,0,1688,1805,41,21,0,0,41,21,20,100,-17
18840,Jun 4 2012,VIVA World Cup in Kurdistan,Kurdistan,Western Sahara,1402,1000,6,0,4,-4,1406,996,107,189,0,0,107,189,20,0,402
18841,Jun 4 2012,WC q & Oce Cup in the Solomon Islands,New Zealand,Papua New Guinea,1578,1051,2,1,2,-2,1580,1049,64,183,0,0,64,183,40,0,527
18842,Jun 4 2012,WC q & Oce Cup in the Solomon Islands,Solomon Islands,Fiji,1292,1288,0,0,-7,7,1285,1295,137,134,-1,1,136,135,50,100,104
18843,Jun 5 2012,Friendly in Armenia,Armenia,Kazakhstan,1537,1351,3,0,6,-6,1543,1345,75,123,2,-2,77,121,20,100,286
18844,Jun 5 2012,Friendly in Austria,Austria,Romania,1603,1730,0,0,1,-1,1604,1729,58,34,0,0,58,34,20,100,-27
18845,Jun 5 2012,Friendly in France,France,Estonia,1864,1525,4,0,3,-3,1867,1522,12,86,0,-1,12,85,20,100,439
18846,Jun 5 2012,WC q & Oce Cup in the Solomon Islands,New Caledonia,Samoa,1302,684,9,0,3,-3,1305,681,127,220,3,0,130,220,40,0,618
18847,Jun 5 2012,Friendly in the Philippines,Philippines,Indonesia,1124,1266,2,2,1,-1,1125,1265,172,142,0,0,172,142,20,100,-42
18848,Jun 5 2012,Friendly in Sweden,Sweden,Serbia,1887,1716,2,1,3,-3,1890,1713,8,38,1,-1,9,37,20,100,271
18849,Jun 5 2012,WC q & Oce Cup in the Solomon Islands,Tahiti,Vanuatu,1218,1218,4,1,44,-44,1262,1174,135,167,9,-7,144,160,50,0,0
18850,Jun 5 2012,Friendly in Germany,Turkey,Ukraine,1757,1772,2,0,16,-16,1773,1756,22,34,4,-4,26,30,20,0,-15
18851,Jun 6 2012,WC q & Oce Cup in the Solomon Islands,Fiji,Papua New Guinea,1295,1049,1,1,-15,15,1280,1064,139,183,-2,0,137,183,40,100,346
18852,Jun 6 2012,WC q & Oce Cup in the Solomon Islands,Solomon Islands,New Zealand,1285,1580,1,1,13,-13,1298,1567,134,74,1,-5,135,69,50,100,-195
18853,Jun 7 2012,Friendly in Belarus,Belarus,Lithuania,1585,1471,1,1,-5,5,1580,1476,63,94,0,0,63,94,20,100,214
18854,Jun 8 2012,Friendly in Egypt,Bahrain,Kuwait,1577,1524,1,1,-2,2,1575,1526,65,80,0,2,65,82,20,0,53
18855,Jun 8 2012,Friendly in China,China,Vietnam,1635,1274,3,0,2,-2,1637,1272,52,139,1,0,53,139,20,100,461
18856,Jun 8 2012,World Cup qualifier in Costa Rica,Costa Rica,El Salvador,1666,1563,2,2,-11,11,1655,1574,49,62,-2,4,47,66,40,100,203
18857,Jun 8 2012,World Cup qualifier in Cuba,Cuba,Canada,1385,1578,0,1,-15,15,1370,1593,119,58,-4,3,115,61,40,100,-93
18858,Jun 8 2012,World Cup qualifier in Honduras,Honduras,Panama,1653,1676,0,2,-37,37,1616,1713,64,30,-8,7,56,37,40,100,77
18859,Jun 8 2012,World Cup qualifier in Jamaica,Jamaica,Guatemala,1637,1526,2,1,9,-9,1646,1517,47,85,3,-1,50,84,40,100,211
18860,Jun 8 2012,World Cup qualifier in Japan,Japan,Jordan,1781,1558,6,0,11,-11,1792,1547,23,77,0,-3,23,74,40,100,323
18861,Jun 8 2012,World Cup qualifier in Lebanon,Lebanon,Uzbekistan,1300,1606,1,1,11,-11,1311,1595,124,63,5,-3,129,60,30,0,-306
18862,Jun 8 2012,World Cup qualifier in Mexico,Mexico,Guyana,1890,1365,3,1,2,-2,1892,1363,9,118,0,-1,9,117,30,0,525
18863,Jun 8 2012,Oceania Nations Cup in the Solomon Islands,New Caledonia,New Zealand,1305,1567,2,0,61,-61,1366,1506,102,105,14,-18,116,87,50,0,-262
18864,Jun 8 2012,VIVA World Cup in Kurdistan,Northern Cyprus,Zanzibar,1454,1327,2,0,19,-19,1473,1308,93,133,2,-3,95,130,40,0,127
18865,Jun 8 2012,World Cup qualifier in Oman,Oman,Australia,1539,1813,0,0,9,-9,1548,1804,67,25,6,-4,73,21,40,100,-174
18866,Jun 8 2012,European Championship in Poland,Poland,Greece,1722,1779,1,1,-3,3,1719,1782,35,24,0,0,35,24,50,100,43
18867,Jun 8 2012,World Cup qualifier in Qatar,Qatar,South Korea,1512,1777,1,4,-20,20,1492,1797,98,19,-6,3,92,22,40,100,-165
18868,Jun 8 2012,European Championship in Poland,Russia,Czechia,1850,1788,4,1,36,-36,1886,1752,7,38,4,-8,11,30,50,0,62
18869,Jun 8 2012,Friendly in Singapore,Singapore,Malaysia,1256,1203,2,2,-4,4,1252,1207,146,155,0,1,146,156,20,100,153
18870,Jun 8 2012,Oceania Nations Cup in the Solomon Islands,Solomon Islands,Tahiti,1298,1262,0,1,-34,34,1264,1296,151,126,-8,9,143,135,50,100,136
18871,Jun 8 2012,World Cup qualifier in the United States,United States,Antigua and Barbuda,1750,1285,3,1,2,-2,1752,1283,28,136,2,0,30,136,20,0,465
18872,Jun 9 2012,Friendly in the United States,Argentina,Brazil,1943,2058,4,3,13,-13,1956,2045,5,3,1,0,6,3,20,0,-115
18873,Jun 9 2012,World Cup qualifier in Bolivia,Bolivia,Paraguay,1528,1809,3,1,44,-44,1572,1765,59,34,10,-8,69,26,40,100,-181
18874,Jun 9 2012,World Cup qualifier in Botswana,Botswana,South Africa,1333,1570,1,1,8,-8,1341,1562,121,71,2,-1,123,70,40,100,-137
18875,Jun 9 2012,World Cup qualifier in Cape Verde,Cape Verde,Tunisia,1403,1596,1,2,-15,15,1388,1611,114,57,-3,1,111,58,40,100,-93
18876,Jun 9 2012,World Cup qualifier in Congo,Congo,Niger,1402,1304,1,0,10,-10,1412,1294,105,137,2,-2,107,135,40,100,198
18877,Jun 9 2012,European Championship in Ukraine,Denmark,Netherlands,1817,2061,1,0,40,-40,1857,2021,12,6,2,-2,14,4,50,0,-244
18878,Jun 9 2012,World Cup qualifier in Equatorial Guinea,Equatorial Guinea,Sierra Leone,1279,1323,2,2,-3,3,1276,1326,138,126,0,1,138,127,40,100,56
18879,Jun 9 2012,Friendly in French Guiana,French Guiana,Suriname,1188,1202,2,1,8,-8,1196,1194,157,160,1,-1,158,159,20,100,86
18880,Jun 9 2012,World Cup qualifier in Gabon,Gabon,Burkina Faso,1574,1434,1,0,8,-8,1582,1426,62,103,2,-1,64,102,40,100,240
18881,Jun 9 2012,European Championship in Ukraine,Germany,Portugal,2043,1864,1,0,13,-13,2056,1851,0,16,2,-1,2,15,50,0,179
18882,Jun 9 2012,VIVA World Cup in Kurdistan,Kurdistan,Northern Cyprus,1406,1473,2,1,18,-18,1424,1455,99,99,4,-2,103,97,30,0,-67
18883,Jun 9 2012,World Cup qualifier in Malawi,Malawi,Nigeria,1382,1646,1,1,9,-9,1391,1637,109,54,1,-2,110,52,40,100,-164
18884,Jun 9 2012,World Cup qualifier in Morocco,Morocco,Ivory Coast,1527,1807,2,2,10,-10,1537,1797,79,21,1,-1,80,20,30,0,-280
18885,Jun 9 2012,World Cup qualifier in Namibia,Namibia,Kenya,1304,1336,1,0,16,-16,1320,1320,123,133,5,-5,128,128,30,0,-32
18886,Jun 9 2012,World Cup qualifier in Uganda,Uganda,Senegal,1509,1545,1,1,-4,4,1505,1549,89,73,-2,1,87,74,40,100,64
18887,Jun 9 2012,World Cup qualifier in Venezuela,Venezuela,Chile,1716,1911,0,2,-22,22,1694,1933,42,8,-3,0,39,8,40,100,-95
18888,Jun 9 2012,World Cup qualifier in Zambia,Zambia,Ghana,1603,1699,1,0,20,-20,1623,1679,54,48,2,-4,56,44,40,100,4
18889,Jun 10 2012,European Championship in Poland,Croatia,Ireland,1873,1805,3,1,30,-30,1903,1775,6,30,3,-6,9,24,50,0,68
18890,Jun 10 2012,World Cup qualifier in the Dem Rep of the Congo,DR Congo,Togo,1441,1363,2,0,16,-16,1457,1347,92,119,4,-1,96,118,40,100,178
18891,Jun 10 2012,World Cup qualifier in Ecuador,Ecuador,Colombia,1769,1811,1,0,17,-17,1786,1794,19,23,3,-3,22,20,30,0,-42
18892,Jun 10 2012,World Cup qualifier in Ethiopia,Ethiopia,Central African Republic,1305,1269,2,0,19,-19,1324,1250,125,149,4,-4,129,145,40,100,136
18893,Jun 10 2012,World Cup qualifier in Guinea,Guinea,Egypt,1556,1751,2,3,-15,15,1541,1766,84,20,-6,6,78,26,40,100,-95
18894,Jun 10 2012,Friendly in Hong Kong,Hong Kong,Vietnam,1210,1272,1,2,-11,11,1199,1283,160,133,-3,3,157,136,20,100,38
18895,Jun 10 2012,European Championship in Poland,Italy,Spain,1851,2127,1,1,17,-17,1868,2110,11,1,2,0,13,1,50,0,-276
18896,Jun 10 2012,World Cup qualifier in Lesotho,Lesotho,Sudan,1141,1465,0,0,11,-11,1152,1454,163,100,3,-2,166,98,30,0,-324
18897,Jun 10 2012,World Cup qualifier in Liberia,Liberia,Angola,1263,1502,0,0,8,-8,1271,1494,138,93,3,-2,141,91,40,100,-139
18898,Jun 10 2012,World Cup qualifier in Tunisia,Libya,Cameroon,1509,1663,2,1,28,-28,1537,1635,75,61,5,-8,80,53,40,0,-154
18899,Jun 10 2012,World Cup qualifier in Burkina Faso,Mali,Algeria,1558,1528,2,1,18,-18,1576,1510,61,91,5,-5,66,86,40,0,30
18900,Jun 10 2012,World Cup qualifier in Mozambique,Mozambique,Zimbabwe,1331,1334,0,0,-5,5,1326,1339,126,122,0,1,126,123,40,100,97
18901,Jun 10 2012,World Cup qualifier in Rwanda,Rwanda,Benin,1418,1411,1,1,-6,6,1412,1417,109,102,-2,3,107,105,40,100,107
18902,Jun 10 2012,Oceania Nations Cup in the Solomon Islands,Solomon Islands,New Zealand,1264,1506,3,4,-15,15,1249,1521,149,82,-3,2,146,84,50,100,-142
18903,Jun 10 2012,Oceania Nations Cup in the Solomon Islands,Tahiti,New Caledonia,1296,1366,1,0,30,-30,1326,1336,118,132,8,-8,126,124,50,0,-70
18904,Jun 10 2012,World Cup qualifier in Tanzania,Tanzania,Gambia,1261,1361,2,1,20,-20,1281,1341,131,123,7,-2,138,121,40,100,0
18905,Jun 10 2012,World Cup qualifier in Uruguay,Uruguay,Peru,1971,1700,4,2,6,-6,1977,1694,5,38,0,0,5,38,40,100,371
18906,Jun 11 2012,European Championship in Ukraine,England,France,1955,1867,1,1,-6,6,1949,1873,7,10,0,2,7,12,50,0,88
18907,Jun 11 2012,European Championship in Ukraine,Ukraine,Sweden,1756,1890,2,1,27,-27,1783,1863,16,17,7,-3,23,14,40,0,-134
18908,Jun 12 2012,World Cup qualifier in Antigua and Barbuda,Antigua and Barbuda,Jamaica,1283,1646,0,0,13,-13,1296,1633,134,57,1,-4,135,53,40,100,-263
18909,Jun 12 2012,World Cup qualifier in Australia,Australia,Japan,1804,1792,1,1,-6,6,1798,1798,19,15,-1,3,18,18,40,100,112
18910,Jun 12 2012,World Cup qualifier in Canada,Canada,Honduras,1593,1616,0,0,-4,4,1589,1620,61,57,0,0,61,57,40,100,77
18911,Jun 12 2012,European Championship in Poland,Czechia,Greece,1752,1782,2,1,27,-27,1779,1755,17,38,7,-7,24,31,50,0,-30
18912,Jun 12 2012,World Cup qualifier in El Salvador,El Salvador,Mexico,1574,1892,1,2,-9,9,1565,1901,70,10,-1,0,69,10,40,100,-218
18913,Jun 12 2012,World Cup qualifier in Guatemala,Guatemala,United States,1517,1752,1,1,7,-7,1524,1745,81,33,2,-1,83,32,40,100,-135
18914,Jun 12 2012,World Cup qualifier in Guyana,Guyana,Costa Rica,1363,1655,0,4,-19,19,1344,1674,124,44,-4,1,120,45,40,100,-192
18915,Jun 12 2012,World Cup qualifier in Iran,Iran,Qatar,1732,1492,0,0,-15,15,1717,1507,37,82,-2,5,35,87,40,100,340
18916,Jun 12 2012,World Cup qualifier in Qatar,Iraq,Oman,1591,1548,1,1,-2,2,1589,1550,60,70,1,2,61,72,30,0,43
18917,Jun 12 2012,Friendly in Egypt,Kuwait,Bahrain,1526,1575,1,0,11,-11,1537,1564,78,73,2,-3,80,70,20,0,-49
18918,Jun 12 2012,Friendly in Malaysia,Malaysia,Singapore,1207,1252,2,0,13,-13,1220,1239,153,150,1,-3,154,147,20,100,55
18919,Jun 12 2012,World Cup qualifier in Panama,Panama,Cuba,1713,1370,1,0,3,-3,1716,1367,36,115,0,0,36,115,40,100,443
18920,Jun 12 2012,Friendly in the Philippines,Philippines,Guam,1125,614,3,0,1,-1,1126,613,170,225,1,0,171,225,20,100,611
18921,Jun 12 2012,European Championship in Poland,Poland,Russia,1719,1886,1,1,5,-5,1724,1881,33,11,1,0,34,11,50,100,-67
18922,Jun 12 2012,World Cup qualifier in South Korea,South Korea,Lebanon,1797,1311,3,0,2,-2,1799,1309,16,132,1,0,17,132,20,0,486
18923,Jun 13 2012,European Championship in Ukraine,Germany,Netherlands,2056,2021,2,1,22,-22,2078,1999,2,4,0,0,2,4,50,0,35
18924,Jun 13 2012,European Championship in Ukraine,Portugal,Denmark,1851,1857,3,2,25,-25,1876,1832,8,17,4,-1,12,16,50,0,-6
18925,Jun 14 2012,European Championship in Poland,Croatia,Italy,1903,1868,1,1,-3,3,1900,1871,11,14,-1,0,10,14,50,0,35
18926,Jun 14 2012,European Championship in Poland,Spain,Ireland,2110,1775,4,0,12,-12,2122,1763,1,33,0,-4,1,29,50,0,335
18927,Jun 15 2012,African Nations Cup qualifier in Algeria,Algeria,Gambia,1510,1341,4,1,12,-12,1522,1329,82,129,2,-4,84,125,40,100,269
18928,Jun 15 2012,African Nations Cup qualifier in Egypt,Egypt,Central African Republic,1766,1250,2,3,-39,39,1727,1289,40,130,-7,7,33,137,40,100,616
18929,Jun 15 2012,European Championship in Ukraine,England,Sweden,1949,1863,3,2,19,-19,1968,1844,5,15,1,0,6,15,50,0,86
18930,Jun 15 2012,Friendly in South Africa,South Africa,Gabon,1562,1582,3,0,14,-14,1576,1568,59,74,6,-5,65,69,20,100,80
18931,Jun 15 2012,European Championship in Ukraine,Ukraine,France,1783,1873,0,2,-39,39,1744,1912,39,5,-8,4,31,9,50,100,10
18932,Jun 16 2012,African Nations Cup qualifier in Cameroon,Cameroon,Guinea-Bissau,1635,1228,1,0,2,-2,1637,1226,50,153,1,-1,51,152,20,0,407
18933,Jun 16 2012,African Nations Cup qualifier in Cape Verde,Cape Verde,Madagascar,1388,1172,3,1,8,-8,1396,1164,109,163,1,-1,110,162,40,100,316
18934,Jun 16 2012,European Championship in Poland,Greece,Russia,1755,1881,1,0,34,-34,1789,1847,17,16,6,-2,23,14,50,0,-126
18935,Jun 16 2012,African Nations Cup qualifier in Malawi,Malawi,Chad,1391,1244,2,0,12,-12,1403,1232,106,150,2,-2,108,148,40,100,247
18936,Jun 16 2012,African Nations Cup qualifier in Namibia,Namibia,Liberia,1320,1271,0,0,-8,8,1312,1279,132,140,-1,1,131,141,40,100,149
18937,Jun 16 2012,African Nations Cup qualifier in Nigeria,Nigeria,Rwanda,1637,1412,2,0,8,-8,1645,1404,48,107,1,0,49,107,40,100,325
18938,Jun 16 2012,European Championship in Poland,Poland,Czechia,1724,1779,0,1,-28,28,1696,1807,40,11,-3,6,37,17,50,100,45
18939,Jun 16 2012,African Nations Cup qualifier in Sierra Leone,Sierra Leone,São Tomé and Príncipe,1326,1108,4,2,8,-8,1334,1100,122,179,2,-1,124,178,40,100,318
18940,Jun 16 2012,African Nations Cup qualifier in Uganda,Uganda,Congo,1505,1412,4,0,19,-19,1524,1393,78,115,5,-4,83,111,40,100,193
18941,Jun 17 2012,African Nations Cup qualifier in Benin,Benin,Ethiopia,1417,1324,1,1,-10,10,1407,1334,107,119,-1,5,106,124,40,100,193
18942,Jun 17 2012,African Nations Cup qualifier in the Dem Rep of the Congo,DR Congo,Seychelles,1457,1015,3,0,3,-3,1460,1012,96,186,0,0,96,186,20,0,442
18943,Jun 17 2012,European Championship in Ukraine,Germany,Denmark,2078,1832,2,1,10,-10,2088,1822,2,16,0,0,2,16,50,0,246
18944,Jun 17 2012,African Nations Cup qualifier in Mozambique,Mozambique,Tanzania,1326,1281,1,1,-8,8,1318,1289,131,135,-2,2,129,137,40,100,145
18945,Jun 17 2012,European Championship in Ukraine,Portugal,Netherlands,1876,1999,2,1,33,-33,1909,1966,8,8,2,-2,10,6,50,0,-123
18946,Jun 17 2012,African Nations Cup qualifier in Togo,Togo,Kenya,1347,1320,1,0,13,-13,1360,1307,115,138,1,-4,116,134,40,100,127
18947,Jun 17 2012,African Nations Cup qualifier in Zimbabwe,Zimbabwe,Burundi,1339,1270,1,0,11,-11,1350,1259,112,145,5,-1,117,144,40,100,169
18948,Jun 18 2012,European Championship in Poland,Italy,Ireland,1871,1763,2,0,26,-26,1897,1737,11,34,1,-3,12,31,50,0,108
18949,Jun 18 2012,European Championship in Poland,Spain,Croatia,2122,1900,1,0,11,-11,2133,1889,1,14,0,-1,1,13,50,0,222
18950,Jun 18 2012,Friendly in Yemen,Yemen,Palestine,1308,1229,1,2,-15,15,1293,1244,140,142,-4,4,136,146,20,100,179
18951,Jun 19 2012,European Championship in Ukraine,Sweden,France,1844,1912,2,0,45,-45,1889,1867,9,19,3,-5,12,14,50,0,-68
18952,Jun 19 2012,European Championship in Ukraine,Ukraine,England,1744,1968,0,1,-16,16,1728,1984,34,3,-2,1,32,4,50,100,-124
18953,Jun 21 2012,European Championship in Poland,Portugal,Czechia,1909,1807,1,0,18,-18,1927,1789,9,27,0,-5,9,22,50,0,102
18954,Jun 22 2012,European Championship in Poland,Germany,Greece,2088,1789,4,2,11,-11,2099,1778,2,26,0,-2,2,24,50,0,299
18955,Jun 22 2012,Arab Nations Cup in Saudi Arabia,Saudi Arabia,Kuwait,1550,1537,4,0,26,-26,1576,1511,58,94,7,-7,65,87,40,100,113
18956,Jun 23 2012,Arab Nations Cup in Saudi Arabia,Libya,Yemen,1537,1293,3,1,12,-12,1549,1281,68,142,6,-3,74,139,40,0,244
18957,Jun 23 2012,Arab Nations Cup in Saudi Arabia,Morocco,Bahrain,1537,1564,4,0,40,-40,1577,1524,50,90,15,-9,65,81,40,0,-27
18958,Jun 23 2012,European Championship in Ukraine,Spain,France,2133,1867,2,0,13,-13,2146,1854,1,14,0,0,1,14,50,0,266
18959,Jun 23 2012,Friendly in Vietnam,Vietnam,Mozambique,1283,1318,1,0,8,-8,1291,1310,133,131,3,-1,136,130,20,100,65
18960,Jun 24 2012,European Championship in Ukraine,England,Italy,1984,1897,0,0,-6,6,1978,1903,4,9,0,1,4,10,50,0,87
18961,Jun 24 2012,Arab Nations Cup in Saudi Arabia,Iraq,Lebanon,1589,1309,1,0,7,-7,1596,1302,59,135,1,-2,60,133,40,0,280
18962,Jun 25 2012,Arab Nations Cup in Saudi Arabia,Kuwait,Palestine,1511,1244,2,0,11,-11,1522,1233,81,150,3,-2,84,148,40,0,267
18963,Jun 26 2012,Arab Nations Cup in Saudi Arabia,Libya,Morocco,1549,1577,0,0,2,-2,1551,1575,72,71,1,-3,73,68,40,0,-28
18964,Jun 26 2012,Arab Nations Cup in Saudi Arabia,Yemen,Bahrain,1281,1524,2,0,48,-48,1329,1476,115,105,12,-12,127,93,40,0,-243
18965,Jun 27 2012,European Championship in Ukraine,Portugal,Spain,1927,2146,0,0,14,-14,1941,2132,7,1,1,0,8,1,50,0,-219
18966,Jun 27 2012,Arab Nations Cup in Saudi Arabia,Sudan,Lebanon,1454,1302,2,0,18,-18,1472,1284,92,144,3,-5,95,139,40,0,152
18967,Jun 28 2012,European Championship in Poland,Italy,Germany,1903,2099,2,1,38,-38,1941,2061,6,2,2,0,8,2,50,0,-196
18968,Jun 28 2012,Arab Nations Cup in Saudi Arabia,Saudi Arabia,Palestine,1576,1233,2,2,-17,17,1559,1250,79,142,-7,3,72,145,40,100,443
18969,Jun 29 2012,Arab Nations Cup in Saudi Arabia,Libya,Bahrain,1551,1476,2,1,16,-16,1567,1460,69,99,2,-3,71,96,40,0,75
18970,Jun 29 2012,Arab Nations Cup in Saudi Arabia,Morocco,Yemen,1575,1329,4,0,15,-15,1590,1314,57,131,5,-2,62,129,40,0,246
18971,Jun 30 2012,African Nations Cup qualifier in Central African Republic,Central African Republic,Egypt,1289,1727,1,1,15,-15,1304,1712,131,39,3,-3,134,36,40,100,-338
18972,Jun 30 2012,Arab Nations Cup in Saudi Arabia,Iraq,Sudan,1596,1472,1,1,-7,7,1589,1479,64,92,-2,1,62,93,40,0,124
18973,Jul 1 2012,European Championship in Ukraine,Spain,Italy,2132,1941,4,0,23,-23,2155,1918,1,12,0,-2,1,10,50,0,191
18974,Jul 3 2012,Arab Nations Cup in Saudi Arabia,Morocco,Iraq,1590,1589,2,1,20,-20,1610,1569,57,78,2,-8,59,70,40,0,1
18975,Jul 3 2012,Arab Nations Cup in Saudi Arabia,Saudi Arabia,Libya,1559,1567,0,2,-38,38,1521,1605,97,49,-12,11,85,60,40,100,92
18976,Jul 5 2012,Arab Nations Cup in Saudi Arabia,Saudi Arabia,Iraq,1521,1569,0,1,-23,23,1498,1592,91,56,-3,7,88,63,40,100,52
18977,Jul 6 2012,Friendly in Malawi,Malawi,Zambia,1403,1623,1,0,13,-13,1416,1610,102,60,3,-2,105,58,20,100,-120
18978,Jul 6 2012,Arab Nations Cup in Saudi Arabia,Morocco,Libya,1610,1605,1,1,0,0,1610,1605,57,60,1,0,58,60,20,0,5
18979,Jul 7 2012,Friendly in the British Virgin Islands,British Virgin Islands,Anguilla,764,563,1,0,3,-3,767,560,210,228,1,0,211,228,20,100,301
18980,Jul 10 2012,Friendly in South Sudan,South Sudan,Uganda,1100,1524,2,2,7,-7,1107,1517,177,85,0,0,177,85,20,100,-324
18981,Jul 12 2012,Friendly in Kenya,Kenya,Botswana,1307,1341,3,1,12,-12,1319,1329,125,130,4,-4,129,126,20,100,66
18982,Jul 13 2012,Friendly tournament in Aruba,Aruba,Curaçao,945,1068,3,2,16,-16,961,1052,193,185,0,-1,193,184,30,100,-23
18983,Jul 13 2012,Friendly tournament in Aruba,Suriname,Bonaire,1194,1090,8,0,25,-25,1219,1065,151,184,4,-2,155,182,30,0,104
18984,Jul 15 2012,Friendly tournament in Aruba,Aruba,Suriname,961,1219,1,0,21,-21,982,1198,189,161,2,-3,191,158,30,100,-158
18985,Jul 15 2012,Friendly tournament in Aruba,Curaçao,Bonaire,1052,1065,9,2,35,-35,1087,1030,178,186,3,-2,181,184,30,0,-13
18986,Jul 16 2012,Friendly tournament in Botswana,Botswana,Zimbabwe,1329,1350,1,0,12,-12,1341,1338,116,127,5,-5,121,122,30,100,79
18987,Jul 17 2012,Friendly tournament in Botswana,Zimbabwe,Lesotho,1338,1152,5,3,11,-11,1349,1141,114,172,4,-3,118,169,30,0,186
18988,Jul 18 2012,Friendly tournament in Botswana,Botswana,Lesotho,1341,1141,0,0,-10,10,1331,1151,130,165,-4,2,126,167,30,100,300
18989,Jul 18 2012,East Asian Championship qual in Guam,Guam,Northern Mariana Islands,613,499,3,1,14,-14,627,485,226,236,0,-1,226,235,40,100,214
18990,Jul 20 2012,East Asian Championship qual in Guam,Macao,Northern Mariana Islands,659,485,5,1,20,-20,679,465,221,235,1,0,222,235,40,0,174
18991,Jul 22 2012,East Asian Championship qual in Guam,Guam,Macao,627,679,3,0,30,-30,657,649,220,226,3,-2,223,224,30,0,-52
18992,Aug 8 2012,Friendly in Zambia,Zambia,Zimbabwe,1610,1349,2,1,2,-2,1612,1347,56,118,1,0,57,118,20,100,361
18993,Aug 11 2012,Friendly in the United States,El Salvador,Guatemala,1565,1524,1,0,9,-9,1574,1515,66,90,3,-5,69,85,20,0,41
18994,Aug 13 2012,Friendly in Jordan,Jordan,Uzbekistan,1547,1595,0,1,-11,11,1536,1606,83,58,-4,2,79,60,20,100,52
18995,Aug 14 2012,Friendly in France,Burkina Faso,Togo,1426,1360,3,0,14,-14,1440,1346,100,120,1,-2,101,118,20,0,66
18996,Aug 14 2012,Friendly in Liechtenstein,Liechtenstein,Andorra,1227,1006,1,0,3,-3,1230,1003,151,189,0,0,151,189,20,100,321
18997,Aug 14 2012,Friendly in San Marino,San Marino,Malta,894,1237,2,3,-4,4,890,1241,205,146,0,1,205,147,20,100,-243
18998,Aug 15 2012,Friendly in Albania,Albania,Moldova,1503,1400,0,0,-5,5,1498,1405,93,107,-3,1,90,108,20,100,203
18999,Aug 15 2012,Friendly in Angola,Angola,Mozambique,1494,1310,2,0,5,-5,1499,1305,85,134,3,-1,88,133,20,100,284
19000,Aug 15 2012,Friendly in Armenia,Armenia,Belarus,1543,1580,1,2,-12,12,1531,1592,84,62,-4,2,80,64,20,100,63
19001,Aug 15 2012,Friendly in Austria,Austria,Turkey,1604,1773,2,0,18,-18,1622,1755,48,31,7,-3,55,28,20,100,-69
19002,Aug 15 2012,Friendly in Azerbaijan,Azerbaijan,Bahrain,1376,1460,3,0,17,-17,1393,1443,109,102,2,-3,111,99,20,100,16
19003,Aug 15 2012,Friendly in Belgium,Belgium,Netherlands,1682,1966,4,2,22,-22,1704,1944,36,10,3,-2,39,8,20,100,-184
19004,Aug 15 2012,Friendly in Bolivia,Bolivia,Guyana,1572,1344,2,0,4,-4,1576,1340,63,121,4,0,67,121,20,100,328
19005,Aug 15 2012,Friendly in Botswana,Botswana,Tanzania,1331,1289,3,3,-4,4,1327,1293,128,136,-1,1,127,137,20,100,142
19006,Aug 15 2012,Friendly in Bulgaria,Bulgaria,Cyprus,1640,1469,1,0,3,-3,1643,1466,50,95,0,0,50,95,20,100,271
19007,Aug 15 2012,Friendly in the United States,Canada,Trinidad and Tobago,1589,1491,2,0,11,-11,1600,1480,60,92,2,0,62,92,20,0,98
19008,Aug 15 2012,Friendly in China,China,Ghana,1637,1679,1,1,-2,2,1635,1681,55,44,-2,0,53,44,20,100,58
19009,Aug 15 2012,Friendly in Costa Rica,Costa Rica,Peru,1674,1694,0,1,-12,12,1662,1706,47,38,-1,0,46,38,20,100,80
19010,Aug 15 2012,Friendly in Croatia,Croatia,Switzerland,1889,1764,2,4,-24,24,1865,1788,14,21,-1,3,13,24,20,100,225
19011,Aug 15 2012,Friendly in Denmark,Denmark,Slovakia,1822,1588,1,3,-26,26,1796,1614,22,49,-3,8,19,57,20,100,334
19012,Aug 15 2012,Friendly in the United States,Ecuador,Chile,1786,1933,3,0,24,-24,1810,1909,9,11,7,-1,16,10,20,0,-147
19013,Aug 15 2012,Friendly in Switzerland,England,Italy,1978,1918,2,1,8,-8,1986,1910,4,8,0,1,4,9,20,0,60
19014,Aug 15 2012,Friendly in Equatorial Guinea,Equatorial Guinea,Liberia,1276,1279,1,0,7,-7,1283,1272,138,143,2,-1,140,142,20,100,97
19015,Aug 15 2012,Friendly in Estonia,Estonia,Poland,1522,1696,1,0,12,-12,1534,1684,78,47,1,-5,79,42,20,100,-74
19016,Aug 15 2012,Friendly in France,France,Uruguay,1854,1977,0,0,1,-1,1855,1976,14,7,0,-1,14,6,20,100,-23
19017,Aug 15 2012,Friendly in Germany,Germany,Argentina,2061,1956,1,3,-23,23,2038,1979,4,3,-1,2,3,5,20,100,205
19018,Aug 15 2012,Friendly in the United States,Guatemala,Paraguay,1515,1765,3,3,6,-6,1521,1759,81,28,2,-1,83,27,20,0,-250
19019,Aug 15 2012,Friendly in Hungary,Hungary,Israel,1688,1650,1,1,-4,4,1684,1654,43,47,-1,0,42,47,20,100,138
19020,Aug 15 2012,Friendly in Iceland,Iceland,Faroe Islands,1434,1223,2,0,4,-4,1438,1219,102,155,0,-1,102,154,20,100,311
19021,Aug 15 2012,Friendly in Hungary,Iran,Tunisia,1717,1611,2,2,-3,3,1714,1614,33,56,0,1,33,57,20,0,106
19022,Aug 15 2012,Friendly in the United States,Jamaica,El Salvador,1633,1574,2,0,12,-12,1645,1562,45,75,4,-3,49,72,20,0,59
19023,Aug 15 2012,Friendly in Japan,Japan,Venezuela,1798,1694,1,1,-5,5,1793,1699,24,42,-3,-2,21,40,20,100,204
19024,Aug 15 2012,Friendly in Jordan,Jordan,Uzbekistan,1536,1606,2,0,14,-14,1550,1592,71,68,4,-4,75,64,20,100,30
19025,Aug 15 2012,Friendly in Libya,Libya,Ethiopia,1605,1334,2,1,2,-2,1607,1332,61,125,0,-1,61,124,20,100,371
19026,Aug 15 2012,Friendly in Luxembourg,Luxembourg,Georgia,1149,1495,1,2,-4,4,1145,1499,168,87,0,1,168,88,20,100,-246
19027,Aug 15 2012,Friendly in Macedonia,Macedonia,Lithuania,1495,1476,1,0,7,-7,1502,1469,85,94,2,0,87,94,20,100,119
19028,Aug 15 2012,Friendly in Mexico,Mexico,United States,1901,1745,0,1,-16,16,1885,1761,11,23,0,3,11,26,20,100,256
19029,Aug 15 2012,Friendly in Montenegro,Montenegro,Latvia,1647,1544,2,0,7,-7,1654,1537,46,81,1,-3,47,78,20,100,203
19030,Aug 15 2012,Friendly in Morocco,Morocco,Guinea,1610,1541,1,2,-15,15,1595,1556,67,69,-4,4,63,73,20,100,169
19031,Aug 15 2012,Friendly in Niger,Niger,Nigeria,1294,1645,0,0,6,-6,1300,1639,134,53,1,-2,135,51,20,100,-251
19032,Aug 15 2012,Friendly in Norway,Norway,Greece,1760,1778,2,3,-12,12,1748,1790,30,20,-1,2,29,22,20,100,82
19033,Aug 15 2012,Friendly in Northern Ireland,Northern Ireland,Finland,1449,1626,3,3,2,-2,1451,1624,97,53,1,1,98,54,20,100,-77
19034,Aug 15 2012,Friendly in Oman,Oman,Egypt,1550,1712,1,1,2,-2,1552,1710,75,36,-1,0,74,36,20,100,-62
19035,Aug 15 2012,Friendly in Portugal,Portugal,Panama,1941,1716,2,0,4,-4,1945,1712,6,34,1,0,7,34,20,100,325
19036,Aug 15 2012,Friendly in Puerto Rico,Puerto Rico,Spain,1072,2155,1,2,0,0,1072,2155,182,1,0,0,182,1,20,0,-1083
19037,Aug 15 2012,Friendly in Russia,Russia,Ivory Coast,1847,1797,1,1,-4,4,1843,1801,15,16,0,2,15,18,20,100,150
19038,Aug 15 2012,Friendly in Scotland,Scotland,Australia,1694,1798,3,1,15,-15,1709,1783,36,32,1,-7,37,25,20,100,-4
19039,Aug 15 2012,Friendly in Serbia,Serbia,Ireland,1713,1737,0,0,-2,2,1711,1739,35,30,0,0,35,30,20,100,76
19040,Aug 15 2012,Friendly in Singapore,Singapore,Hong Kong,1239,1199,2,0,9,-9,1248,1190,146,161,1,-2,147,159,20,100,140
19041,Aug 15 2012,Friendly in Slovenia,Slovenia,Romania,1656,1729,4,3,9,-9,1665,1720,44,33,1,-1,45,32,20,100,27
19042,Aug 15 2012,Friendly in South Korea,South Korea,Zambia,1799,1612,2,1,3,-3,1802,1609,17,63,0,-3,17,60,20,100,287
19043,Aug 15 2012,Friendly in Sweden,Sweden,Brazil,1889,2045,0,3,-15,15,1874,2060,12,1,0,1,12,2,20,100,-56
19044,Aug 15 2012,Friendly in Ukraine,Ukraine,Czechia,1728,1789,0,0,-1,1,1727,1790,30,22,1,0,31,22,20,100,39
19045,Aug 15 2012,Friendly in Wales,Wales,Bosnia and Herzegovina,1629,1682,0,2,-17,17,1612,1699,64,38,-5,2,59,40,20,100,47
19046,Aug 22 2012,Nehru Gold Cup in India,India,Syria,1121,1573,2,1,35,-35,1156,1538,154,84,11,-7,165,77,40,100,-352
19047,Aug 23 2012,Nehru Gold Cup in India,Maldives,Nepal,1090,917,2,1,11,-11,1101,906,178,202,1,-2,179,200,40,0,173
19048,Aug 25 2012,Nehru Gold Cup in India,India,Maldives,1156,1101,3,0,20,-20,1176,1081,155,183,5,-2,160,181,40,100,155
19049,Aug 26 2012,Friendly in Botswana,Botswana,Uganda,1327,1517,0,0,3,-3,1330,1514,125,85,1,0,126,85,20,100,-90
19050,Aug 26 2012,Friendly in Tunisia,Libya,Sudan,1607,1479,3,0,11,-11,1618,1468,53,95,4,-1,57,94,20,0,128
19051,Aug 27 2012,Nehru Gold Cup in India,Maldives,Syria,1081,1538,2,1,37,-37,1118,1501,173,97,4,-10,177,87,40,0,-457
19052,Aug 28 2012,Nehru Gold Cup in India,India,Nepal,1176,906,0,0,-16,16,1160,922,170,196,-5,2,165,198,40,100,370
19053,Aug 30 2012,Nehru Gold Cup in India,Syria,Nepal,1501,922,2,0,2,-2,1503,920,85,198,1,0,86,198,30,0,579
19054,Sep 1 2012,Friendly in St Vincent & Grenadines,St Vincent & Grenadines,Barbados,1156,1152,2,0,11,-11,1167,1141,156,173,5,-3,161,170,20,100,104
19055,Sep 2 2012,Friendly in St Vincent & Grenadines,St Vincent & Grenadines,Barbados,1167,1141,1,1,-3,3,1164,1144,163,168,-1,1,162,169,20,100,126
19056,Sep 4 2012,Friendly in Liberia,Liberia,Malawi,1272,1416,1,0,11,-11,1283,1405,138,109,2,-2,140,107,20,100,-44
19057,Sep 5 2012,Friendly in Cambodia,Cambodia,Philippines,778,1126,0,0,6,-6,784,1120,211,180,0,-4,211,176,20,100,-248
19058,Sep 5 2012,Friendly in Jordan,Jordan,Iran,1550,1714,0,0,2,-2,1552,1712,72,33,1,0,73,33,20,100,-64
19059,Sep 5 2012,CONCACAF Ch & Car Ch q in Martinique,Martinique,British Virgin Islands,1346,767,16,0,3,-3,1349,764,116,214,1,-1,117,213,30,0,579
19060,Sep 5 2012,CONCACAF Ch & Car Ch q in Martinique,Suriname,Montserrat,1198,512,7,1,2,-2,1200,510,157,233,0,0,157,233,40,0,686
19061,Sep 6 2012,Friendly in Japan,Japan,United Arab Emirates,1793,1421,1,0,1,-1,1794,1420,19,104,1,0,20,104,20,100,472
19062,Sep 6 2012,Friendly in Lebanon,Lebanon,Australia,1284,1783,0,3,-3,3,1281,1786,143,25,-2,0,141,25,20,100,-399
19063,Sep 6 2012,Friendly in Sweden,Sweden,China,1874,1635,1,0,2,-2,1876,1633,12,53,0,0,12,53,20,100,339
19064,Sep 6 2012,Friendly in Germany,Tajikistan,Qatar,1231,1507,2,1,17,-17,1248,1490,144,97,3,-6,147,91,20,0,-276
19065,Sep 7 2012,World Cup qualifier in Albania,Albania,Cyprus,1498,1466,3,1,19,-19,1517,1447,77,103,6,-4,83,99,40,100,132
19066,Sep 7 2012,World Cup qualifier in Andorra,Andorra,Hungary,1003,1684,0,5,-3,3,1000,1687,189,42,0,0,189,42,40,100,-581
19067,Sep 7 2012,World Cup qualifier in Argentina,Argentina,Paraguay,1979,1759,3,1,8,-8,1987,1751,5,25,0,1,5,26,40,100,320
19068,Sep 7 2012,World Cup qualifier in Azerbaijan,Azerbaijan,Israel,1393,1654,1,1,9,-9,1402,1645,107,49,2,-1,109,48,40,100,-161
19069,Sep 7 2012,Friendly in Brazil,Brazil,South Africa,2060,1576,1,0,1,-1,2061,1575,2,67,0,0,2,67,20,0,484
19070,Sep 7 2012,World Cup qualifier in Bulgaria,Bulgaria,Italy,1643,1910,2,2,9,-9,1652,1901,42,13,4,-2,46,11,40,100,-167
19071,Sep 7 2012,World Cup qualifier in Canada,Canada,Panama,1600,1712,1,0,21,-21,1621,1691,50,47,6,-7,56,40,40,100,-12
19072,Sep 7 2012,World Cup qualifier in Colombia,Colombia,Uruguay,1794,1976,4,0,46,-46,1840,1930,12,10,4,-2,16,8,40,100,-82
19073,Sep 7 2012,World Cup qualifier in Costa Rica,Costa Rica,Mexico,1662,1885,0,2,-20,20,1642,1905,52,9,-3,1,49,10,40,100,-123
19074,Sep 7 2012,World Cup qualifier in Croatia,Croatia,Macedonia,1865,1502,1,0,3,-3,1868,1499,13,90,0,-2,13,88,30,0,363
19075,Sep 7 2012,World Cup qualifier in Cuba,Cuba,Honduras,1367,1620,0,3,-21,21,1346,1641,123,44,-4,6,119,50,40,100,-153
19076,Sep 7 2012,World Cup qualifier in Ecuador,Ecuador,Bolivia,1810,1576,1,0,5,-5,1815,1571,20,71,-2,-2,18,69,40,100,334
19077,Sep 7 2012,World Cup qualifier in El Salvador,El Salvador,Guyana,1562,1340,2,2,-15,15,1547,1355,79,109,-4,6,75,115,40,100,322
19078,Sep 7 2012,World Cup qualifier in Estonia,Estonia,Romania,1534,1720,0,2,-23,23,1511,1743,94,26,-8,3,86,29,40,100,-86
19079,Sep 7 2012,World Cup qualifier in Finland,Finland,France,1624,1855,0,1,-13,13,1611,1868,64,12,-5,1,59,13,40,100,-131
19080,Sep 7 2012,World Cup qualifier in Georgia,Georgia,Belarus,1499,1592,1,0,20,-20,1519,1572,77,72,5,-4,82,68,40,100,7
19081,Sep 7 2012,World Cup qualifier in Germany,Germany,Faroe Islands,2038,1219,3,0,0,0,2038,1219,3,154,0,0,3,154,20,0,819
19082,Sep 7 2012,World Cup qualifier in Guatemala,Guatemala,Antigua and Barbuda,1521,1296,3,1,8,-8,1529,1288,76,140,3,-2,79,138,40,100,325
19083,Sep 7 2012,CONCACAF Ch & Car Ch q in Haiti,Haiti,Saint Martin,1415,898,7,0,3,-3,1418,895,105,202,0,0,105,202,30,0,517
19084,Sep 7 2012,World Cup qualifier in Iceland,Iceland,Norway,1438,1748,2,0,46,-46,1484,1702,82,49,10,-10,92,39,40,100,-210
19085,Sep 7 2012,World Cup qualifier in Jamaica,Jamaica,United States,1645,1761,2,1,21,-21,1666,1740,41,34,4,-4,45,30,40,100,-16
19086,Sep 7 2012,World Cup qualifier in Kazakhstan,Kazakhstan,Ireland,1345,1739,1,2,-6,6,1339,1745,122,24,-1,3,121,27,40,100,-294
19087,Sep 7 2012,World Cup qualifier in Latvia,Latvia,Greece,1537,1790,1,2,-12,12,1525,1802,83,16,-3,3,80,19,40,100,-153
19088,Sep 7 2012,World Cup qualifier in Liechtenstein,Liechtenstein,Bosnia and Herzegovina,1230,1699,1,8,-10,10,1220,1709,153,34,-1,3,152,37,40,100,-369
19089,Sep 7 2012,World Cup qualifier in Lithuania,Lithuania,Slovakia,1469,1614,1,1,3,-3,1472,1611,95,60,-1,-1,94,59,40,100,-45
19090,Sep 7 2012,World Cup qualifier in Luxembourg,Luxembourg,Portugal,1145,1945,1,2,-1,1,1144,1946,168,7,0,0,168,7,30,100,-700
19091,Sep 7 2012,World Cup qualifier in Malta,Malta,Armenia,1241,1531,0,1,-10,10,1231,1541,149,75,0,2,149,77,40,100,-190
19092,Sep 7 2012,CONCACAF Ch & Car Ch q in Martinique,Martinique,Montserrat,1349,510,5,0,0,0,1349,510,117,233,0,0,117,233,20,0,839
19093,Sep 7 2012,World Cup qualifier in Moldova,Moldova,England,1405,1986,0,5,-5,5,1400,1991,113,4,-3,0,110,4,40,100,-481
19094,Sep 7 2012,World Cup qualifier in Montenegro,Montenegro,Poland,1654,1684,2,2,-4,4,1650,1688,47,40,0,1,47,41,40,100,70
19095,Sep 7 2012,World Cup qualifier in the Netherlands,Netherlands,Turkey,1944,1755,2,0,10,-10,1954,1745,4,26,2,1,6,27,40,100,289
19096,Sep 7 2012,World Cup qualifier in New Caledonia,New Caledonia,New Zealand,1336,1521,0,2,-23,23,1313,1544,136,70,-7,6,129,76,40,100,-85
19097,Sep 7 2012,World Cup qualifier in Peru,Peru,Venezuela,1706,1699,2,1,14,-14,1720,1685,28,46,5,-3,33,43,40,100,107
19098,Sep 7 2012,CONCACAF Ch & Car Ch q in Haiti,Puerto Rico,Bermuda,1072,1209,2,1,28,-28,1100,1181,178,163,2,-4,180,159,40,0,-137
19099,Sep 7 2012,World Cup qualifier in Russia,Russia,Northern Ireland,1843,1451,2,0,3,-3,1846,1448,15,98,0,0,15,98,20,0,392
19100,Sep 7 2012,Friendly in Singapore,Singapore,Philippines,1248,1120,0,2,-24,24,1224,1144,155,160,-4,8,151,168,20,100,228
19101,Sep 7 2012,World Cup qualifier in Slovenia,Slovenia,Switzerland,1665,1788,0,2,-28,28,1637,1816,59,10,-7,7,52,17,40,100,-23
19102,Sep 7 2012,World Cup qualifier in the Solomon Islands,Solomon Islands,Tahiti,1249,1326,2,0,28,-28,1277,1298,140,142,3,-7,143,135,40,100,23
19103,Sep 7 2012,Friendly in Spain,Spain,Saudi Arabia,2155,1498,5,0,1,-1,2156,1497,1,91,0,-1,1,90,20,0,657
19104,Sep 7 2012,CONCACAF Ch & Car Ch q in Martinique,Suriname,British Virgin Islands,1200,764,4,0,6,-6,1206,758,153,213,2,0,155,213,40,0,436
19105,Sep 7 2012,Friendly in Uzbekistan,Uzbekistan,Kuwait,1592,1522,3,0,10,-10,1602,1512,60,90,2,-5,62,85,20,100,170
19106,Sep 7 2012,World Cup qualifier in Wales,Wales,Belgium,1612,1704,0,2,-31,31,1581,1735,70,23,-5,8,65,31,40,100,8
19107,Sep 8 2012,African Nations Cup qualifier in Cape Verde,Cape Verde,Cameroon,1396,1637,2,0,42,-42,1438,1595,93,72,9,-10,102,62,40,100,-141
19108,Sep 8 2012,African Nations Cup qualifier in Central African Republic,Central African Republic,Burkina Faso,1304,1440,1,0,22,-22,1326,1418,117,108,8,-3,125,105,40,100,-36
19109,Sep 8 2012,World Cup qualifier in Denmark,Denmark,Czechia,1796,1790,0,0,-6,6,1790,1796,26,20,-2,2,24,22,40,100,106
19110,Sep 8 2012,African Nations Cup qualifier in Gabon,Gabon,Togo,1568,1346,1,1,-15,15,1553,1361,72,111,-1,4,71,115,40,100,322
19111,Sep 8 2012,African Nations Cup qualifier in Ghana,Ghana,Malawi,1681,1405,2,0,6,-6,1687,1399,40,115,2,-4,42,111,40,100,376
19112,Sep 8 2012,African Nations Cup qualifier in Ivory Coast,Ivory Coast,Senegal,1801,1549,4,2,7,-7,1808,1542,17,78,2,-2,19,76,40,100,352
19113,Sep 8 2012,African Nations Cup qualifier in Liberia,Liberia,Nigeria,1283,1639,2,2,13,-13,1296,1626,133,55,3,-2,136,53,40,100,-256
19114,Sep 8 2012,African Nations Cup qualifier in Mali,Mali,Botswana,1576,1330,3,0,8,-8,1584,1322,64,127,1,-1,65,126,40,100,346
19115,Sep 8 2012,World Cup qualifier in Scotland,Scotland,Serbia,1709,1711,0,0,-5,5,1704,1716,39,33,-1,1,38,34,40,100,98
19116,Sep 8 2012,African Nations Cup qualifier in Sierra Leone,Sierra Leone,Tunisia,1334,1614,2,2,10,-10,1344,1604,120,62,1,-2,121,60,30,0,-280
19117,Sep 8 2012,Friendly in Saint Barthélemy,Saint Barthélemy,Guadeloupe,696,1442,1,8,-1,1,695,1443,218,99,0,1,218,100,20,0,-746
19118,Sep 8 2012,African Nations Cup qualifier in Sudan,Sudan,Ethiopia,1468,1332,5,3,12,-12,1480,1320,91,131,2,-4,93,127,40,100,236
19119,Sep 8 2012,African Nations Cup qualifier in Zambia,Zambia,Uganda,1609,1514,1,0,10,-10,1619,1504,51,88,5,-2,56,86,40,100,195
19120,Sep 9 2012,African Nations Cup qualifier in Morocco,Algeria,Libya,1522,1618,1,0,25,-25,1547,1593,67,67,7,-5,74,62,40,0,-96
19121,Sep 9 2012,African Nations Cup qualifier in the Dem Rep of the Congo,DR Congo,Equatorial Guinea,1460,1283,4,0,13,-13,1473,1270,92,146,2,-3,94,143,40,100,277
19122,Sep 9 2012,African Nations Cup qualifier in Guinea,Guinea,Niger,1556,1300,1,0,5,-5,1561,1295,68,138,1,-2,69,136,40,100,356
19123,Sep 9 2012,CONCACAF Ch & Car Ch q in Haiti,Haiti,Bermuda,1418,1181,3,1,8,-8,1426,1173,101,161,2,-1,103,160,40,100,337
19124,Sep 9 2012,CONCACAF Ch & Car Ch q in Martinique,Martinique,Suriname,1349,1206,2,2,-12,12,1337,1218,128,155,-5,0,123,155,40,100,243
19125,Sep 9 2012,CONCACAF Ch & Car Ch q in Martinique,Montserrat,British Virgin Islands,510,758,7,0,73,-73,583,685,223,225,5,-6,228,219,40,0,-248
19126,Sep 9 2012,African Nations Cup qualifier in Mozambique,Mozambique,Morocco,1305,1595,2,0,45,-45,1350,1550,103,84,15,-11,118,73,40,100,-190
19127,Sep 9 2012,CONCACAF Ch & Car Ch q in Haiti,Puerto Rico,Saint Martin,1100,895,9,0,24,-24,1124,871,168,208,6,-3,174,205,40,0,205
19128,Sep 9 2012,African Nations Cup qualifier in Zimbabwe,Zimbabwe,Angola,1347,1499,3,1,34,-34,1381,1465,107,104,6,-8,113,96,40,100,-52
19129,Sep 10 2012,Friendly in Brazil,Brazil,China,2061,1633,8,0,2,-2,2063,1631,2,52,0,0,2,52,20,100,528
19130,Sep 10 2012,Friendly in Indonesia,Indonesia,North Korea,1265,1540,0,2,-8,8,1257,1548,146,69,-1,5,145,74,20,100,-175
19131,Sep 10 2012,Friendly in Laos,Laos,Philippines,842,1144,2,1,15,-15,857,1129,206,176,1,-4,207,172,20,100,-202
19132,Sep 11 2012,World Cup qualifier in Antigua and Barbuda,Antigua and Barbuda,Guatemala,1288,1529,0,1,-12,12,1276,1541,141,78,-1,1,140,79,40,100,-141
19133,Sep 11 2012,World Cup qualifier in Austria,Austria,Germany,1622,2038,1,2,-6,6,1616,2044,58,3,-2,0,56,3,40,100,-316
19134,Sep 11 2012,World Cup qualifier in Belgium,Belgium,Croatia,1735,1868,1,1,2,-2,1737,1866,31,17,0,-2,31,15,40,100,-33
19135,Sep 11 2012,CONCACAF Ch & Car Ch q in Haiti,Bermuda,Saint Martin,1173,871,8,0,14,-14,1187,857,158,207,1,-1,159,206,40,0,302
19136,Sep 11 2012,World Cup qualifier in Bosnia and Herzegovina,Bosnia and Herzegovina,Latvia,1709,1525,4,1,11,-11,1720,1514,33,83,2,-1,35,82,40,100,284
19137,Sep 11 2012,World Cup qualifier in Bulgaria,Bulgaria,Armenia,1652,1541,1,0,9,-9,1661,1532,44,81,1,-1,45,80,40,100,211
19138,Sep 11 2012,World Cup qualifier in Chile,Chile,Colombia,1909,1840,1,3,-44,44,1865,1884,23,6,-7,5,16,11,40,100,169
19139,Sep 11 2012,World Cup qualifier in Cyprus,Cyprus,Iceland,1447,1484,1,0,16,-16,1463,1468,95,97,2,-3,97,94,40,100,63
19140,Sep 11 2012,Friendly in Czechia,Czechia,Finland,1796,1611,0,1,-17,17,1779,1628,26,45,-2,6,24,51,20,100,285
19141,Sep 11 2012,World Cup qualifier in England,England,Ukraine,1991,1727,1,1,-16,16,1975,1743,6,28,-1,2,5,30,40,100,364
19142,Sep 11 2012,World Cup qualifier in France,France,Belarus,1868,1572,3,1,6,-6,1874,1566,13,69,0,-1,13,68,40,100,396
19143,Sep 11 2012,Friendly in France,Gabon,Saudi Arabia,1553,1497,1,0,8,-8,1561,1489,72,91,-1,-1,71,90,20,0,56
19144,Sep 11 2012,World Cup qualifier in Georgia,Georgia,Spain,1519,2156,0,1,-2,2,1517,2158,80,1,1,0,81,1,40,100,-537
19145,Sep 11 2012,World Cup qualifier in Greece,Greece,Lithuania,1802,1472,2,0,5,-5,1807,1467,20,95,0,0,20,95,40,100,430
19146,Sep 11 2012,World Cup qualifier in Guyana,Guyana,El Salvador,1355,1547,2,3,-15,15,1340,1562,127,65,-5,5,122,70,40,100,-92
19147,Sep 11 2012,CONCACAF Ch & Car Ch q in Haiti,Haiti,Puerto Rico,1426,1124,2,1,4,-4,1430,1120,105,180,-1,-3,104,177,30,0,302
19148,Sep 11 2012,World Cup qualifier in Honduras,Honduras,Cuba,1641,1346,1,0,4,-4,1645,1342,46,122,2,-1,48,121,40,100,395
19149,Sep 11 2012,World Cup qualifier in Hungary,Hungary,Netherlands,1687,1954,1,4,-19,19,1668,1973,44,6,-1,0,43,6,40,100,-167
19150,Sep 11 2012,Friendly in England,Ireland,Oman,1745,1552,4,1,9,-9,1754,1543,25,83,1,-6,26,77,20,0,193
19151,Sep 11 2012,World Cup qualifier in Israel,Israel,Russia,1645,1846,0,4,-27,27,1618,1873,62,13,-7,1,55,14,40,100,-101
19152,Sep 11 2012,World Cup qualifier in Italy,Italy,Malta,1901,1231,2,0,1,-1,1902,1230,9,149,1,0,10,149,20,0,670
19153,Sep 11 2012,World Cup qualifier in Japan,Japan,Iraq,1794,1592,1,0,6,-6,1800,1586,19,63,2,0,21,63,40,100,302
19154,Sep 11 2012,World Cup qualifier in Jordan,Jordan,Australia,1552,1786,2,1,27,-27,1579,1759,59,25,6,0,65,25,40,100,-134
19155,Sep 11 2012,World Cup qualifier in Lebanon,Lebanon,Iran,1281,1712,1,0,35,-35,1316,1677,124,49,8,-7,132,42,40,100,-331
19156,Sep 11 2012,Friendly in Liberia,Liberia,Ghana,1296,1687,2,0,25,-25,1321,1662,123,46,6,-2,129,44,20,100,-291
19157,Sep 11 2012,Friendly in Malaysia,Malaysia,Vietnam,1220,1291,0,2,-16,16,1204,1307,158,134,-3,2,155,136,20,100,29
19158,Sep 11 2012,World Cup qualifier in Mexico,Mexico,Costa Rica,1905,1642,1,0,4,-4,1909,1638,8,49,1,0,9,49,20,0,263
19159,Sep 11 2012,Friendly in Myanmar,Myanmar,Singapore,1012,1224,1,1,3,-3,1015,1221,187,151,0,0,187,151,20,100,-112
19160,Sep 11 2012,World Cup qualifier in New Zealand,New Zealand,Solomon Islands,1544,1277,6,1,9,-9,1553,1268,69,142,4,0,73,142,40,100,367
19161,Sep 11 2012,World Cup qualifier in Norway,Norway,Slovenia,1702,1637,2,1,11,-11,1713,1626,33,53,3,-1,36,52,40,100,165
19162,Sep 11 2012,World Cup qualifier in Northern Ireland,Northern Ireland,Luxembourg,1448,1144,1,1,-16,16,1432,1160,108,164,-5,2,103,166,40,100,404
19163,Sep 11 2012,World Cup qualifier in Panama,Panama,Canada,1691,1621,2,0,16,-16,1707,1605,38,63,1,-4,39,59,40,100,170
19164,Sep 11 2012,World Cup qualifier in Paraguay,Paraguay,Venezuela,1751,1685,0,2,-43,43,1708,1728,50,24,-12,10,38,34,40,100,166
19165,Sep 11 2012,World Cup qualifier in Peru,Peru,Argentina,1720,1987,1,1,9,-9,1729,1978,33,3,0,1,33,4,40,100,-167
19166,Sep 11 2012,World Cup qualifier in Poland,Poland,Moldova,1688,1400,2,0,6,-6,1694,1394,39,112,1,-1,40,111,40,100,388
19167,Sep 11 2012,World Cup qualifier in Portugal,Portugal,Azerbaijan,1946,1402,3,0,2,-2,1948,1400,7,109,0,0,7,109,30,0,544
19168,Sep 11 2012,World Cup qualifier in Romania,Romania,Andorra,1743,1000,4,0,1,-1,1744,999,29,189,0,0,29,189,20,0,743
19169,Sep 11 2012,World Cup qualifier in San Marino,San Marino,Montenegro,890,1650,0,6,-2,2,888,1652,204,47,0,0,204,47,40,100,-660
19170,Sep 11 2012,World Cup qualifier in Scotland,Scotland,Macedonia,1704,1499,1,1,-14,14,1690,1513,44,78,-3,5,41,83,40,100,305
19171,Sep 11 2012,World Cup qualifier in Serbia,Serbia,Wales,1716,1581,6,1,16,-16,1732,1565,30,73,2,-4,32,69,40,100,235
19172,Sep 11 2012,World Cup qualifier in Slovakia,Slovakia,Liechtenstein,1611,1220,2,0,3,-3,1614,1217,57,156,0,-2,57,154,20,0,391
19173,Sep 11 2012,Friendly in South Africa,South Africa,Mozambique,1575,1350,2,0,4,-4,1579,1346,64,120,1,-1,65,119,20,100,325
19174,Sep 11 2012,World Cup qualifier in Sweden,Sweden,Kazakhstan,1876,1339,2,0,1,-1,1877,1338,12,124,0,-1,12,123,20,0,537
19175,Sep 11 2012,World Cup qualifier in Switzerland,Switzerland,Albania,1816,1517,2,0,5,-5,1821,1512,19,85,-1,-1,18,84,20,0,299
19176,Sep 11 2012,World Cup qualifier in Tahiti,Tahiti,New Caledonia,1298,1313,0,4,-46,46,1252,1359,156,103,-11,14,145,117,40,100,85
19177,Sep 11 2012,World Cup qualifier in Turkey,Turkey,Estonia,1745,1511,3,0,9,-9,1754,1502,25,89,1,-2,26,87,40,100,334
19178,Sep 11 2012,Friendly in the United Arab Emirates,United Arab Emirates,Kuwait,1420,1512,3,0,17,-17,1437,1495,99,92,3,-4,102,88,20,100,8
19179,Sep 11 2012,World Cup qualifier in Uruguay,Uruguay,Ecuador,1930,1815,1,1,-11,11,1919,1826,8,16,0,1,8,17,40,100,215
19180,Sep 11 2012,World Cup qualifier in the United States,United States,Jamaica,1740,1666,1,0,11,-11,1751,1655,26,47,2,-1,28,46,40,100,174
19181,Sep 11 2012,World Cup qualifier in Uzbekistan,Uzbekistan,South Korea,1602,1802,2,2,6,-6,1608,1796,56,24,2,-2,58,22,40,100,-100
19182,Sep 12 2012,Friendly in Thailand,Thailand,Laos,1376,857,2,1,1,-1,1377,856,115,210,0,-2,115,208,20,0,519
19183,Sep 15 2012,Friendly in Indonesia,Indonesia,Vietnam,1257,1307,0,0,-1,1,1256,1308,144,134,0,1,144,135,20,100,50
19184,Sep 15 2012,Friendly in Mauritius,Mauritius,Réunion,1024,1332,1,1,5,-5,1029,1327,185,127,0,-1,185,126,20,100,-208
19185,Sep 16 2012,Friendly in French Guiana,French Guiana,Haiti,1196,1430,1,2,-6,6,1190,1436,157,102,0,1,157,103,20,100,-134
19186,Sep 19 2012,Friendly tournament in Brazil,Brazil,Argentina,2063,1978,2,1,8,-8,2071,1970,2,8,0,-2,2,6,20,0,85
19187,Sep 20 2012,Friendly in Malaysia,Malaysia,Cambodia,1204,784,3,0,2,-2,1206,782,155,211,0,0,155,211,20,100,520
19188,Sep 20 2012,Friendly in Nepal,Nepal,Bangladesh,920,943,1,1,-2,2,918,945,198,194,0,0,198,194,20,100,77
19189,Sep 22 2012,French Territory Cup in France,Guadeloupe,Saint Pierre and Miquelon,1443,688,13,0,1,-1,1444,687,99,218,0,0,99,218,20,0,755
19190,Sep 22 2012,French Territory Cup in France,Martinique,New Caledonia,1337,1359,2,0,24,-24,1361,1335,108,133,8,-8,116,125,30,0,-22
19191,Sep 22 2012,French Territory Cup in France,Mayotte,Tahiti,1164,1252,3,1,28,-28,1192,1224,152,155,5,-5,157,150,30,0,-88
19192,Sep 22 2012,French Territory Cup in France,Réunion,French Guiana,1327,1190,2,0,14,-14,1341,1176,118,163,4,-3,122,160,30,0,137
19193,Sep 23 2012,CONCACAF Ch & Car Ch q in Barbados,Aruba,Dominican Republic,982,1126,2,2,8,-8,990,1118,191,181,0,-4,191,177,40,0,-144
19194,Sep 23 2012,CONCACAF Ch & Car Ch q in Barbados,Barbados,Dominica,1144,1022,1,0,9,-9,1153,1013,167,188,1,-1,168,187,40,100,222
19195,Sep 24 2012,French Territory Cup in France,Guadeloupe,French Guiana,1444,1176,4,2,8,-8,1452,1168,99,162,0,-1,99,161,30,0,268
19196,Sep 24 2012,French Territory Cup in France,Mayotte,New Caledonia,1192,1335,2,0,31,-31,1223,1304,145,147,6,-11,151,136,30,0,-143
19197,Sep 24 2012,French Territory Cup in France,Réunion,Saint Pierre and Miquelon,1341,687,10,0,2,-2,1343,685,118,218,2,0,120,218,30,0,654
19198,Sep 24 2012,French Territory Cup in France,Tahiti,Martinique,1224,1361,3,2,21,-21,1245,1340,144,128,3,-6,147,122,30,0,-137
19199,Sep 25 2012,CONCACAF Ch & Car Ch q in Barbados,Barbados,Dominican Republic,1153,1118,0,1,-27,27,1126,1145,178,161,-5,8,173,169,40,100,135
19200,Sep 25 2012,CONCACAF Ch & Car Ch q in Barbados,Dominica,Aruba,1013,990,3,2,19,-19,1032,971,181,193,3,-1,184,192,40,0,23
19201,Sep 25 2012,Friendly tournament in the Philippines,Macao,Taiwan,649,900,2,2,9,-9,658,891,222,205,1,-2,223,203,30,0,-251
19202,Sep 25 2012,Friendly tournament in the Philippines,Philippines,Guam,1129,657,1,0,1,-1,1130,656,172,225,0,-1,172,224,20,0,472
19203,Sep 26 2012,Friendly in Brunei,Brunei,Indonesia,649,1256,0,5,-2,2,647,1258,225,146,0,-1,225,145,20,100,-507
19204,Sep 26 2012,French Territory Cup in France,French Guiana,Saint Pierre and Miquelon,1168,685,11,1,5,-5,1173,680,161,224,0,-3,161,221,30,0,483
19205,Sep 26 2012,French Territory Cup in France,Martinique,Mayotte,1340,1223,3,0,18,-18,1358,1205,114,161,4,-5,118,156,30,0,117
19206,Sep 26 2012,French Territory Cup in France,Réunion,Guadeloupe,1343,1452,2,1,20,-20,1363,1432,112,107,4,-4,116,103,30,0,-109
19207,Sep 26 2012,French Territory Cup in France,Tahiti,New Caledonia,1245,1304,1,0,18,-18,1263,1286,139,140,4,-2,143,138,30,0,-59
19208,Sep 27 2012,CONCACAF Ch & Car Ch q in Barbados,Barbados,Aruba,1126,971,2,1,7,-7,1133,964,169,194,2,-1,171,193,40,100,255
19209,Sep 27 2012,CONCACAF Ch & Car Ch q in Barbados,Dominican Republic,Dominica,1145,1032,2,1,14,-14,1159,1018,167,188,1,-2,168,186,40,0,113
19210,Sep 27 2012,Friendly tournament in the Philippines,Philippines,Macao,1130,658,5,0,2,-2,1132,656,174,223,-1,0,173,223,20,0,472
19211,Sep 27 2012,Friendly tournament in the Philippines,Taiwan,Guam,891,656,2,0,9,-9,900,647,199,224,2,0,201,224,30,0,235
19212,Sep 28 2012,French Territory Cup in France,French Guiana,Tahiti,1173,1263,2,1,19,-19,1192,1244,155,151,3,-4,158,147,30,0,-90
19213,Sep 28 2012,French Territory Cup in France,New Caledonia,Saint Pierre and Miquelon,1286,680,16,1,3,-3,1289,677,138,221,0,0,138,221,30,0,606
19214,Sep 28 2012,Friendly in Oman,Oman,Yemen,1543,1314,2,1,3,-3,1546,1311,77,134,0,-1,77,133,20,100,329
19215,Sep 29 2012,French Territory Cup in France,Guadeloupe,Mayotte,1432,1205,1,0,6,-6,1438,1199,97,158,3,-1,100,157,30,0,227
19216,Sep 29 2012,Friendly tournament in the Philippines,Guam,Macao,647,656,3,0,27,-27,674,629,222,229,1,-3,223,226,30,0,-9
19217,Sep 29 2012,French Territory Cup in France,Martinique,Réunion,1358,1363,2,2,0,0,1358,1363,118,116,0,0,118,116,20,0,-5
19218,Sep 29 2012,Friendly tournament in the Philippines,Philippines,Taiwan,1132,900,3,1,6,-6,1138,894,169,205,2,-2,171,203,20,0,232
19219,Oct 5 2012,Southeast Asian Champ qual in Myanmar,East Timor,Cambodia,525,782,5,1,61,-61,586,721,223,215,5,-2,228,213,40,0,-257
19220,Oct 5 2012,Southeast Asian Champ qual in Myanmar,Myanmar,Brunei,1015,647,1,0,3,-3,1018,644,185,224,1,0,186,224,30,0,368
19221,Oct 7 2012,Southeast Asian Champ qual in Myanmar,Laos,Cambodia,856,721,1,0,13,-13,869,708,204,213,2,0,206,213,40,0,135
19222,Oct 7 2012,Southeast Asian Champ qual in Myanmar,Myanmar,East Timor,1018,586,2,1,2,-2,1020,584,186,228,0,0,186,228,20,0,432
19223,Oct 8 2012,Friendly in Qatar,Qatar,Jordan,1490,1579,1,1,0,0,1490,1579,89,65,0,0,89,65,20,100,11
19224,Oct 9 2012,Southeast Asian Champ qual in Myanmar,Brunei,Cambodia,644,708,3,2,24,-24,668,684,224,225,0,-6,224,219,40,0,-64
19225,Oct 9 2012,Southeast Asian Champ qual in Myanmar,East Timor,Laos,584,869,3,1,50,-50,634,819,222,212,3,-3,225,209,40,0,-285
19226,Oct 9 2012,Friendly in Niger,Niger,Liberia,1295,1321,4,3,8,-8,1303,1313,136,134,0,-3,136,131,20,100,74
19227,Oct 9 2012,Friendly in Qatar,Qatar,Oman,1490,1546,1,1,-1,1,1489,1547,89,75,0,1,89,76,20,100,44
19228,Oct 10 2012,CONCACAF Ch & Car Ch q in Saint Kitts and Nevis,Saint Kitts and Nevis,Anguilla,1204,560,2,0,1,-1,1205,559,156,231,0,0,156,231,20,0,644
19229,Oct 10 2012,CONCACAF Ch & Car Ch q in Saint Kitts and Nevis,Trinidad and Tobago,French Guiana,1480,1192,4,1,11,-11,1491,1181,87,162,2,-2,89,160,40,0,288
19230,Oct 11 2012,Friendly in Sweden,Brazil,Iraq,2071,1586,6,0,2,-2,2073,1584,2,63,0,0,2,63,20,0,485
19231,Oct 11 2012,Friendly in Kuwait,Kuwait,Syria,1495,1503,1,1,-3,3,1492,1506,88,84,0,1,88,85,20,100,92
19232,Oct 11 2012,Southeast Asian Champ qual in Myanmar,Laos,Brunei,819,668,3,1,18,-18,837,650,207,224,1,0,208,224,40,0,151
19233,Oct 11 2012,Southeast Asian Champ qual in Myanmar,Myanmar,Cambodia,1020,684,3,0,5,-5,1025,679,186,221,0,-1,186,220,40,100,436
19234,Oct 12 2012,World Cup qualifier in Albania,Albania,Iceland,1512,1468,1,2,-28,28,1484,1496,102,80,-9,7,93,87,40,100,144
19235,Oct 12 2012,World Cup qualifier in Antigua and Barbuda,Antigua and Barbuda,United States,1276,1751,1,2,-4,4,1272,1755,140,28,0,0,140,28,40,100,-375
19236,Oct 12 2012,World Cup qualifier in Argentina,Argentina,Uruguay,1970,1919,3,0,21,-21,1991,1898,2,12,2,-2,4,10,40,100,151
19237,Oct 12 2012,World Cup qualifier in Armenia,Armenia,Italy,1532,1902,1,3,-10,10,1522,1912,82,6,-1,2,81,8,40,100,-270
19238,Oct 12 2012,Friendly in Bahrain,Bahrain,Philippines,1443,1138,0,0,-8,8,1435,1146,107,169,-4,1,103,170,20,100,405
19239,Oct 12 2012,World Cup qualifier in Belarus,Belarus,Spain,1566,2158,0,4,-4,4,1562,2162,72,1,-2,0,70,1,40,100,-492
19240,Oct 12 2012,World Cup qualifier in Bolivia,Bolivia,Peru,1571,1729,1,1,3,-3,1574,1726,69,35,-1,-1,68,34,40,100,-58
19241,Oct 12 2012,World Cup qualifier in Bulgaria,Bulgaria,Denmark,1661,1790,1,1,2,-2,1663,1788,43,23,1,0,44,23,40,100,-29
19242,Oct 12 2012,World Cup qualifier in Canada,Canada,Cuba,1605,1342,3,0,8,-8,1613,1334,55,128,2,-3,57,125,40,100,363
19243,Oct 12 2012,World Cup qualifier in Colombia,Colombia,Paraguay,1884,1708,2,0,10,-10,1894,1698,11,36,0,1,11,37,40,100,276
19244,Oct 12 2012,World Cup qualifier in Czechia,Czechia,Malta,1779,1230,3,1,1,-1,1780,1229,26,147,-1,1,25,148,20,0,549
19245,Oct 12 2012,World Cup qualifier in Ecuador,Ecuador,Chile,1826,1865,3,1,25,-25,1851,1840,15,18,1,-1,16,17,30,0,-39
19246,Oct 12 2012,Friendly in the United Arab Emirates,Egypt,Congo,1710,1393,3,0,5,-5,1715,1388,35,112,1,0,36,112,20,0,317
19247,Oct 12 2012,World Cup qualifier in El Salvador,El Salvador,Costa Rica,1562,1638,0,1,-21,21,1541,1659,88,43,-9,3,79,46,40,100,24
19248,Oct 12 2012,World Cup qualifier in England,England,San Marino,1975,888,5,0,0,0,1975,888,6,204,-1,0,5,204,20,0,1087
19249,Oct 12 2012,World Cup qualifier in Estonia,Estonia,Hungary,1502,1668,0,1,-16,16,1486,1684,95,39,-4,2,91,41,40,100,-66
19250,Oct 12 2012,World Cup qualifier in the Faroe Islands,Faroe Islands,Sweden,1219,1877,1,2,-2,2,1217,1879,154,14,-1,-1,153,13,40,100,-558
19251,Oct 12 2012,World Cup qualifier in Finland,Finland,Georgia,1628,1517,1,1,-11,11,1617,1528,61,79,-5,1,56,80,40,100,211
19252,Oct 12 2012,Friendly in France,France,Japan,1874,1800,0,1,-15,15,1859,1815,17,15,-2,3,15,18,20,100,174
19253,Oct 12 2012,CONCACAF Ch & Car Ch q in Saint Kitts and Nevis,French Guiana,Anguilla,1181,559,4,1,2,-2,1183,557,160,231,0,0,160,231,40,0,622
19254,Oct 12 2012,World Cup qualifier in Greece,Greece,Bosnia and Herzegovina,1807,1720,0,0,-10,10,1797,1730,22,27,-1,4,21,31,40,100,187
19255,Oct 12 2012,World Cup qualifier in Guatemala,Guatemala,Jamaica,1541,1655,2,1,21,-21,1562,1634,61,52,9,-3,70,49,40,100,-14
19256,Oct 12 2012,World Cup qualifier in Ireland,Ireland,Germany,1754,2044,1,6,-20,20,1734,2064,32,3,-3,0,29,3,40,100,-190
19257,Oct 12 2012,World Cup qualifier in Kazakhstan,Kazakhstan,Austria,1338,1616,0,0,9,-9,1347,1607,116,60,4,-2,120,58,40,100,-178
19258,Oct 12 2012,Friendly in Lesotho,Lesotho,Swaziland,1151,1103,2,1,6,-6,1157,1097,167,182,1,-1,168,181,20,100,148
19259,Oct 12 2012,World Cup qualifier in Liechtenstein,Liechtenstein,Lithuania,1217,1467,0,2,-18,18,1199,1485,156,89,-1,3,155,92,40,100,-150
19260,Oct 12 2012,World Cup qualifier in Luxembourg,Luxembourg,Israel,1160,1618,0,6,-10,10,1150,1628,172,49,-3,3,169,52,40,100,-358
19261,Oct 12 2012,World Cup qualifier in Macedonia,Macedonia,Croatia,1513,1866,1,2,-8,8,1505,1874,83,13,0,1,83,14,40,100,-253
19262,Oct 12 2012,World Cup qualifier in the United States,Mexico,Guyana,1909,1340,5,0,3,-3,1912,1337,7,123,1,0,8,123,40,0,569
19263,Oct 12 2012,World Cup qualifier in Moldova,Moldova,Ukraine,1394,1743,0,0,12,-12,1406,1731,105,30,3,0,108,30,40,100,-249
19264,Oct 12 2012,World Cup qualifier in the Netherlands,Netherlands,Andorra,1973,999,3,0,0,0,1973,999,7,189,-1,0,6,189,20,0,974
19265,Oct 12 2012,World Cup qualifier in Panama,Panama,Honduras,1707,1645,0,0,-9,9,1698,1654,35,46,2,1,37,47,40,100,162
19266,Oct 12 2012,Friendly in Poland,Poland,South Africa,1694,1579,1,0,4,-4,1698,1575,34,69,3,-2,37,67,20,100,215
19267,Oct 12 2012,World Cup qualifier in Russia,Russia,Portugal,1873,1948,1,0,19,-19,1892,1929,10,7,2,0,12,7,40,100,25
19268,Oct 12 2012,World Cup qualifier in Serbia,Serbia,Belgium,1732,1737,0,3,-44,44,1688,1781,48,17,-8,7,40,24,40,100,95
19269,Oct 12 2012,World Cup qualifier in Slovakia,Slovakia,Latvia,1614,1514,2,1,10,-10,1624,1504,51,86,3,-2,54,84,40,100,200
19270,Oct 12 2012,World Cup qualifier in Slovenia,Slovenia,Cyprus,1626,1463,2,1,7,-7,1633,1456,48,97,2,0,50,97,40,100,263
19271,Oct 12 2012,World Cup qualifier in the Solomon Islands,Solomon Islands,New Caledonia,1268,1289,2,6,-46,46,1222,1335,158,110,-8,14,150,124,40,100,79
19272,Oct 12 2012,CONCACAF Ch & Car Ch q in Saint Kitts and Nevis,Saint Kitts and Nevis,Trinidad and Tobago,1205,1491,0,1,-10,10,1195,1501,158,83,-1,3,157,86,40,100,-186
19273,Oct 12 2012,World Cup qualifier in Switzerland,Switzerland,Norway,1821,1713,1,1,-11,11,1810,1724,20,34,-1,1,19,35,40,100,208
19274,Oct 12 2012,World Cup qualifier in Tahiti,Tahiti,New Zealand,1244,1553,0,2,-14,14,1230,1567,147,65,0,4,147,69,40,100,-209
19275,Oct 12 2012,World Cup qualifier in Turkey,Turkey,Romania,1754,1744,0,1,-26,26,1728,1770,38,23,-6,3,32,26,40,100,110
19276,Oct 12 2012,Friendly in the United Arab Emirates,United Arab Emirates,Uzbekistan,1437,1608,2,2,2,-2,1439,1606,96,60,3,-1,99,59,20,100,-71
19277,Oct 12 2012,World Cup qualifier in Wales,Wales,Scotland,1565,1690,2,1,21,-21,1586,1669,57,45,6,-2,63,43,40,100,-25
19278,Oct 13 2012,African Nations Cup qualifier in Botswana,Botswana,Mali,1322,1584,1,4,-20,20,1302,1604,146,54,-9,5,137,59,40,100,-162
19279,Oct 13 2012,Southeast Asian Champ qual in Myanmar,Brunei,East Timor,650,634,2,1,19,-19,669,615,224,229,0,-2,224,227,40,0,16
19280,Oct 13 2012,African Nations Cup qualifier in Malawi,Malawi,Ghana,1399,1662,0,1,-11,11,1388,1673,111,41,0,2,111,43,40,100,-163
19281,Oct 13 2012,African Nations Cup qualifier in Morocco,Morocco,Mozambique,1550,1346,4,0,11,-11,1561,1335,70,125,2,-2,72,123,40,100,304
19282,Oct 13 2012,Southeast Asian Champ qual in Myanmar,Myanmar,Laos,1025,837,0,0,-14,14,1011,851,190,208,-2,0,188,208,40,100,288
19283,Oct 13 2012,Friendly in Namibia,Namibia,Rwanda,1312,1404,0,0,0,0,1312,1404,129,109,2,0,131,109,20,100,8
19284,Oct 13 2012,African Nations Cup qualifier in Nigeria,Nigeria,Liberia,1626,1313,6,1,7,-7,1633,1306,47,138,3,-3,50,135,40,100,413
19285,Oct 13 2012,African Nations Cup qualifier in Senegal,Senegal,Ivory Coast,1542,1808,0,2,-17,17,1525,1825,82,16,-2,2,80,18,40,100,-166
19286,Oct 13 2012,African Nations Cup qualifier in Tunisia,Tunisia,Sierra Leone,1604,1344,0,0,-16,16,1588,1360,66,114,-3,4,63,118,40,100,360
19287,Oct 13 2012,African Nations Cup qualifier in Uganda,Uganda,Zambia,1504,1619,1,0,21,-21,1525,1598,76,65,4,-5,80,60,40,100,-15
19288,Oct 14 2012,African Nations Cup qualifier in Algeria,Algeria,Libya,1547,1593,2,0,25,-25,1572,1568,60,76,8,-7,68,69,30,0,-46
19289,Oct 14 2012,African Nations Cup qualifier in Angola,Angola,Zimbabwe,1465,1381,2,0,15,-15,1480,1366,92,119,2,-3,94,116,40,100,184
19290,Oct 14 2012,African Nations Cup qualifier in Burkina Faso,Burkina Faso,Central African Republic,1418,1326,3,1,15,-15,1433,1311,100,137,3,-5,103,132,40,100,192
19291,Oct 14 2012,African Nations Cup qualifier in Cameroon,Cameroon,Cape Verde,1595,1438,2,1,7,-7,1602,1431,59,110,1,-5,60,105,40,100,257
19292,Oct 14 2012,African Nations Cup qualifier in Equatorial Guinea,Equatorial Guinea,DR Congo,1270,1473,2,1,26,-26,1296,1447,135,99,3,-2,138,97,40,100,-103
19293,Oct 14 2012,African Nations Cup qualifier in Ethiopia,Ethiopia,Sudan,1320,1480,2,0,35,-35,1355,1445,112,102,8,-4,120,98,40,100,-60
19294,Oct 14 2012,Friendly in Lesotho,Lesotho,Swaziland,1157,1097,0,1,-14,14,1143,1111,172,177,-2,2,170,179,20,100,160
19295,Oct 14 2012,African Nations Cup qualifier in Niger,Niger,Guinea,1303,1561,2,0,43,-43,1346,1518,110,92,13,-10,123,82,40,100,-158
19296,Oct 14 2012,Friendly in Saudi Arabia,Saudi Arabia,Congo,1489,1388,3,2,5,-5,1494,1383,87,115,1,-2,88,113,20,100,201
19297,Oct 14 2012,CONCACAF Ch & Car Ch q in Saint Kitts and Nevis,Saint Kitts and Nevis,French Guiana,1195,1183,0,3,-46,46,1149,1229,179,136,-11,12,168,148,40,100,112
19298,Oct 14 2012,African Nations Cup qualifier in Togo,Togo,Gabon,1361,1561,2,1,26,-26,1387,1535,107,82,5,-5,112,77,40,100,-100
19299,Oct 14 2012,CONCACAF Ch & Car Ch q in Saint Kitts and Nevis,Trinidad and Tobago,Anguilla,1501,557,10,0,0,0,1501,557,86,231,0,0,86,231,20,0,944
19300,Oct 16 2012,World Cup qualifier in Albania,Albania,Slovenia,1484,1633,1,0,23,-23,1507,1610,77,64,8,-7,85,57,40,100,-49
19301,Oct 16 2012,World Cup qualifier in Andorra,Andorra,Estonia,999,1486,0,1,-4,4,995,1490,191,89,-1,1,190,90,40,100,-387
19302,Oct 16 2012,World Cup qualifier in Qatar,Australia,Iraq,1759,1584,2,1,11,-11,1770,1573,23,70,2,-3,25,67,40,0,175
19303,Oct 16 2012,World Cup qualifier in Austria,Austria,Kazakhstan,1607,1347,4,0,8,-8,1615,1339,55,128,1,-3,56,125,40,100,360
19304,Oct 16 2012,World Cup qualifier in Belarus,Belarus,Georgia,1562,1528,2,0,19,-19,1581,1509,57,88,7,-5,64,83,40,100,134
19305,Oct 16 2012,World Cup qualifier in Belgium,Belgium,Scotland,1781,1669,2,0,14,-14,1795,1655,20,52,2,-4,22,48,40,100,212
19306,Oct 16 2012,World Cup qualifier in Bolivia,Bolivia,Uruguay,1574,1898,4,1,55,-55,1629,1843,39,22,14,-6,53,16,40,100,-224
19307,Oct 16 2012,World Cup qualifier in Bosnia and Herzegovina,Bosnia and Herzegovina,Lithuania,1730,1485,3,0,8,-8,1738,1477,31,94,0,-1,31,93,40,100,345
19308,Oct 16 2012,Friendly in Poland,Brazil,Japan,2073,1815,4,0,7,-7,2080,1808,2,23,0,-2,2,21,20,0,258
19309,Oct 16 2012,World Cup qualifier in Chile,Chile,Argentina,1840,1991,1,2,-17,17,1823,2008,21,4,-2,0,19,4,40,100,-51
19310,Oct 16 2012,Friendly in Colombia,Colombia,Cameroon,1894,1602,3,0,3,-3,1897,1599,9,62,1,-1,10,61,20,100,392
19311,Oct 16 2012,World Cup qualifier in Costa Rica,Costa Rica,Guyana,1659,1337,7,0,7,-7,1666,1330,46,130,0,-3,46,127,40,100,422
19312,Oct 16 2012,World Cup qualifier in Croatia,Croatia,Wales,1874,1586,2,0,6,-6,1880,1580,12,69,1,-3,13,66,40,100,388
19313,Oct 16 2012,World Cup qualifier in Cuba,Cuba,Panama,1334,1698,1,1,13,-13,1347,1685,119,45,4,-4,123,41,40,100,-264
19314,Oct 16 2012,World Cup qualifier in Cyprus,Cyprus,Norway,1456,1724,1,3,-17,17,1439,1741,105,23,-5,6,100,29,40,100,-168
19315,Oct 16 2012,World Cup qualifier in Czechia,Czechia,Bulgaria,1780,1663,0,0,-11,11,1769,1674,27,43,-1,1,26,44,40,100,217
19316,Oct 16 2012,World Cup qualifier in the Faroe Islands,Faroe Islands,Ireland,1217,1734,1,4,-6,6,1211,1740,154,31,0,-1,154,30,40,100,-417
19317,Oct 16 2012,World Cup qualifier in Germany,Germany,Sweden,2064,1879,4,4,-14,14,2050,1893,3,9,0,2,3,11,40,100,285
19318,Oct 16 2012,World Cup qualifier in Honduras,Honduras,Canada,1654,1613,8,1,28,-28,1682,1585,37,70,5,-7,42,63,40,100,141
19319,Oct 16 2012,Friendly in Hong Kong,Hong Kong,Malaysia,1190,1206,0,3,-22,22,1168,1228,162,145,-2,5,160,150,20,100,84
19320,Oct 16 2012,World Cup qualifier in Hungary,Hungary,Turkey,1684,1728,3,1,25,-25,1709,1703,29,40,6,-4,35,36,30,0,-44
19321,Oct 16 2012,World Cup qualifier in Iceland,Iceland,Switzerland,1496,1810,0,2,-14,14,1482,1824,95,16,-4,2,91,18,40,100,-214
19322,Oct 16 2012,World Cup qualifier in Iran,Iran,South Korea,1677,1796,1,0,21,-21,1698,1775,36,24,3,-1,39,23,40,100,-19
19323,Oct 16 2012,World Cup qualifier in Israel,Israel,Luxembourg,1628,1150,3,0,2,-2,1630,1148,51,169,1,-1,52,168,20,0,478
19324,Oct 16 2012,World Cup qualifier in Italy,Italy,Denmark,1912,1788,3,1,13,-13,1925,1775,6,23,1,0,7,23,40,100,224
19325,Oct 16 2012,World Cup qualifier in Jamaica,Jamaica,Antigua and Barbuda,1634,1272,4,1,5,-5,1639,1267,49,141,0,0,49,141,40,100,462
19326,Oct 16 2012,Friendly in Kenya,Kenya,South Africa,1319,1575,1,2,-6,6,1313,1581,131,62,-1,2,130,64,20,100,-156
19327,Oct 16 2012,Friendly in Kuwait,Kuwait,Philippines,1492,1146,2,1,1,-1,1493,1145,89,169,0,0,89,169,20,100,446
19328,Oct 16 2012,World Cup qualifier in Latvia,Latvia,Liechtenstein,1504,1199,2,0,5,-5,1509,1194,81,158,2,-1,83,157,40,100,405
19329,Oct 16 2012,Friendly in Lebanon,Lebanon,Yemen,1316,1311,2,1,7,-7,1323,1304,128,138,1,-3,129,135,20,100,105
19330,Oct 16 2012,World Cup qualifier in Macedonia,Macedonia,Serbia,1505,1688,1,0,25,-25,1530,1663,72,54,6,-7,78,47,40,100,-83
19331,Oct 16 2012,World Cup qualifier in Mexico,Mexico,El Salvador,1912,1541,2,0,4,-4,1916,1537,8,76,0,0,8,76,40,100,471
19332,Oct 16 2012,World Cup qualifier in New Caledonia,New Caledonia,Solomon Islands,1335,1222,5,0,18,-18,1353,1204,117,159,4,-4,121,155,40,100,213
19333,Oct 16 2012,World Cup qualifier in New Zealand,New Zealand,Tahiti,1567,1230,3,0,5,-5,1572,1225,66,157,2,-5,68,152,40,100,437
19334,Oct 16 2012,World Cup qualifier in Oman,Oman,Jordan,1547,1579,2,1,16,-16,1563,1563,67,77,4,-6,71,71,30,0,-32
19335,Oct 16 2012,World Cup qualifier in Paraguay,Paraguay,Peru,1698,1726,1,0,16,-16,1714,1710,29,34,4,0,33,34,30,0,-28
19336,Oct 16 2012,World Cup qualifier in Portugal,Portugal,Northern Ireland,1929,1432,1,1,-19,19,1910,1451,11,90,-2,7,9,97,40,100,597
19337,Oct 16 2012,World Cup qualifier in Qatar,Qatar,Uzbekistan,1489,1606,0,1,-19,19,1470,1625,98,50,-4,4,94,54,40,100,-17
19338,Oct 16 2012,World Cup qualifier in Romania,Romania,Netherlands,1770,1973,1,4,-25,25,1745,1998,30,4,-2,1,28,5,40,100,-103
19339,Oct 16 2012,World Cup qualifier in Russia,Russia,Azerbaijan,1892,1400,1,0,1,-1,1893,1399,10,110,1,0,11,110,20,0,492
19340,Oct 16 2012,World Cup qualifier in San Marino,San Marino,Moldova,888,1406,0,2,-5,5,883,1411,204,106,0,1,204,107,40,100,-418
19341,Oct 16 2012,Friendly in Singapore,Singapore,India,1221,1160,2,0,9,-9,1230,1151,142,167,5,-1,147,166,20,100,161
19342,Oct 16 2012,World Cup qualifier in Slovakia,Slovakia,Greece,1624,1797,0,1,-16,16,1608,1813,62,19,-4,1,58,20,40,100,-73
19343,Oct 16 2012,World Cup qualifier in Spain,Spain,France,2162,1859,1,1,-16,16,2146,1875,1,13,0,1,1,14,40,100,403
19344,Oct 16 2012,Friendly in the United Arab Emirates,Tunisia,Egypt,1588,1715,1,0,14,-14,1602,1701,58,40,2,-2,60,38,20,0,-127
19345,Oct 16 2012,Friendly in the United Arab Emirates,United Arab Emirates,Bahrain,1439,1435,6,2,13,-13,1452,1422,93,110,3,-4,96,106,20,100,104
19346,Oct 16 2012,World Cup qualifier in Ukraine,Ukraine,Montenegro,1731,1652,0,1,-29,29,1702,1681,44,38,-7,5,37,43,40,100,179
19347,Oct 16 2012,World Cup qualifier in the United States,United States,Guatemala,1755,1562,3,1,9,-9,1764,1553,26,77,1,-3,27,74,40,100,293
19348,Oct 16 2012,World Cup qualifier in Venezuela,Venezuela,Ecuador,1728,1851,1,1,1,-1,1729,1850,32,14,0,1,32,15,20,100,-23
19349,Oct 16 2012,Friendly in Vietnam,Vietnam,Indonesia,1308,1258,0,0,-4,4,1304,1262,136,141,-1,1,135,142,20,100,150
19350,Oct 17 2012,World Cup qualifier in Poland,Poland,England,1698,1975,1,1,9,-9,1707,1966,33,6,3,0,36,6,40,100,-177
19351,Oct 21 2012,CONCACAF Ch & Car Ch q in Saint Lucia,Saint Lucia,Curaçao,978,1087,5,1,38,-38,1016,1049,183,184,4,-1,187,183,40,100,-9
19352,Oct 21 2012,CONCACAF Ch & Car Ch q in Saint Lucia,St Vincent & Grenadines,Guyana,1164,1330,2,1,29,-29,1193,1301,154,147,4,-10,158,137,40,0,-166
19353,Oct 23 2012,CONCACAF Ch & Car Ch q in Guadeloupe,Guadeloupe,Dominican Republic,1438,1159,0,2,-54,54,1384,1213,123,143,-11,11,112,154,40,100,379
19354,Oct 23 2012,CONCACAF Ch & Car Ch q in Saint Lucia,Guyana,Curaçao,1301,1049,2,1,8,-8,1309,1041,127,183,5,0,132,183,40,0,252
19355,Oct 23 2012,CONCACAF Ch & Car Ch q in Guadeloupe,Martinique,Puerto Rico,1358,1120,2,1,8,-8,1366,1112,113,179,3,-1,116,178,40,0,238
19356,Oct 23 2012,CONCACAF Ch & Car Ch q in Saint Lucia,Saint Lucia,St Vincent & Grenadines,1016,1193,1,0,24,-24,1040,1169,181,164,3,-3,184,161,40,100,-77
19357,Oct 24 2012,Friendly tournament in Vietnam,Vietnam,Turkmenistan,1304,1350,0,1,-17,17,1287,1367,143,110,-4,6,139,116,30,100,54
19358,Oct 25 2012,CONCACAF Ch & Car Ch q in Guadeloupe,Dominican Republic,Martinique,1213,1366,1,1,8,-8,1221,1358,152,123,1,-3,153,120,40,0,-153
19359,Oct 25 2012,CONCACAF Ch & Car Ch q in Guadeloupe,Guadeloupe,Puerto Rico,1384,1112,4,1,7,-7,1391,1105,108,182,2,-2,110,180,40,100,372
19360,Oct 25 2012,CONCACAF Ch & Car Ch q in Saint Lucia,Saint Lucia,Guyana,1040,1309,0,3,-19,19,1021,1328,186,124,-1,4,185,128,40,100,-169
19361,Oct 25 2012,CONCACAF Ch & Car Ch q in Saint Lucia,St Vincent & Grenadines,Curaçao,1169,1041,4,0,24,-24,1193,1017,157,191,2,-4,159,187,40,0,128
19362,Oct 26 2012,Friendly tournament in Vietnam,Vietnam,Laos,1287,851,4,0,2,-2,1289,849,139,208,0,0,139,208,20,100,536
19363,Oct 27 2012,CONCACAF Ch & Car Ch q in Guadeloupe,Dominican Republic,Puerto Rico,1221,1105,3,1,20,-20,1241,1085,139,182,7,-1,146,181,40,0,116
19364,Oct 27 2012,CONCACAF Ch & Car Ch q in Guadeloupe,Guadeloupe,Martinique,1391,1358,3,3,-7,7,1384,1365,114,116,-2,2,112,118,40,100,133
19365,Oct 28 2012,Friendly tournament in Vietnam,Turkmenistan,Laos,1367,849,4,2,2,-2,1369,847,116,208,0,0,116,208,30,0,518
19366,Nov 3 2012,Friendly in Vietnam,Vietnam,Malaysia,1289,1228,1,0,6,-6,1295,1222,137,155,1,-2,138,153,20,100,161
19367,Nov 6 2012,Friendly in Iran,Iran,Tajikistan,1698,1248,6,1,2,-2,1700,1246,40,145,0,0,40,145,20,100,550
19368,Nov 7 2012,Friendly in Qatar,Qatar,Iraq,1470,1573,2,1,10,-10,1480,1563,90,73,2,-3,92,70,20,100,-3
19369,Nov 7 2012,Friendly in Thailand,Thailand,Malaysia,1377,1222,2,0,6,-6,1383,1216,111,155,2,-1,113,154,20,100,255
19370,Nov 8 2012,Friendly in Bahrain,Bahrain,Jordan,1422,1563,3,0,20,-20,1442,1543,95,80,5,-5,100,75,20,100,-41
19371,Nov 8 2012,Friendly in Oman,Oman,Estonia,1563,1490,1,2,-15,15,1548,1505,76,84,-3,3,73,87,20,100,173
19372,Nov 11 2012,Friendly in Swaziland,Swaziland,Lesotho,1111,1143,0,0,-2,2,1109,1145,178,168,0,1,178,169,20,100,68
19373,Nov 14 2012,Friendly in Switzerland,Albania,Cameroon,1507,1599,0,0,3,-3,1510,1596,83,61,1,0,84,61,20,0,-92
19374,Nov 14 2012,Friendly in Algeria,Algeria,Bosnia and Herzegovina,1572,1738,0,1,-8,8,1564,1746,71,29,-2,1,69,30,20,100,-66
19375,Nov 14 2012,Friendly in Andorra,Andorra,Iceland,995,1482,0,2,-3,3,992,1485,191,91,0,0,191,91,20,100,-387
19376,Nov 14 2012,Friendly in Portugal,Angola,Congo,1480,1383,1,1,-3,3,1477,1386,94,111,-1,1,93,112,20,0,97
19377,Nov 14 2012,Friendly in Armenia,Armenia,Lithuania,1522,1477,4,2,9,-9,1531,1468,75,94,3,0,78,94,20,100,145
19378,Nov 14 2012,Friendly in Austria,Austria,Ivory Coast,1615,1825,0,3,-12,12,1603,1837,60,17,-2,0,58,17,20,100,-110
19379,Nov 14 2012,Friendly in Bolivia,Bolivia,Costa Rica,1629,1666,1,1,-2,2,1627,1668,53,46,0,0,53,46,20,100,63
19380,Nov 14 2012,Friendly in the United States,Brazil,Colombia,2080,1897,1,1,-5,5,2075,1902,2,12,0,-1,2,11,20,0,183
19381,Nov 14 2012,Friendly in Bulgaria,Bulgaria,Ukraine,1674,1702,0,1,-12,12,1662,1714,50,28,-3,5,47,33,20,100,72
19382,Nov 14 2012,Friendly in Morocco,Burkina Faso,DR Congo,1433,1447,1,0,10,-10,1443,1437,97,106,3,-4,100,102,20,0,-14
19383,Nov 14 2012,Friendly in China,China,New Zealand,1631,1572,1,1,-4,4,1627,1576,55,67,-2,0,53,67,20,100,159
19384,Nov 14 2012,CONCACAF Ch & Car Ch q in Trinidad and Tobago,Cuba,Suriname,1347,1218,5,0,26,-26,1373,1192,109,163,7,-5,116,158,40,0,129
19385,Nov 14 2012,Friendly in Cyprus,Cyprus,Finland,1439,1617,0,3,-14,14,1425,1631,107,49,-3,3,104,52,20,100,-78
19386,Nov 14 2012,Friendly in Czechia,Czechia,Slovakia,1769,1608,3,0,6,-6,1775,1602,24,60,1,-1,25,59,20,100,261
19387,Nov 14 2012,Friendly in Gabon,Gabon,Portugal,1535,1910,2,2,7,-7,1542,1903,71,11,3,-1,74,10,20,100,-275
19388,Nov 14 2012,Friendly in Georgia,Georgia,Egypt,1509,1701,0,0,3,-3,1512,1698,83,35,0,2,83,37,20,100,-92
19389,Nov 14 2012,Friendly in Portugal,Ghana,Cape Verde,1673,1431,1,0,4,-4,1677,1427,43,102,1,1,44,103,20,0,242
19390,Nov 14 2012,CONCACAF Ch & Car Ch q in Grenada,Grenada,French Guiana,1166,1229,1,1,-2,2,1164,1231,163,149,0,0,163,149,30,100,37
19391,Nov 14 2012,CONCACAF Ch & Car Ch q in Grenada,Haiti,Guyana,1436,1328,1,0,14,-14,1450,1314,92,132,5,-2,97,130,40,0,108
19392,Nov 14 2012,Friendly in the United States,Honduras,Peru,1682,1710,0,0,1,-1,1683,1709,40,36,1,-1,41,35,20,0,-28
19393,Nov 14 2012,Friendly in Hungary,Hungary,Norway,1709,1741,0,2,-18,18,1691,1759,43,27,-4,1,39,28,20,100,68
19394,Nov 14 2012,Friendly in Indonesia,Indonesia,East Timor,1262,615,1,0,0,0,1262,615,142,227,0,0,142,227,20,0,647
19395,Nov 14 2012,World Cup qualifier in Iran,Iran,Uzbekistan,1700,1625,0,1,-29,29,1671,1654,50,44,-5,5,45,49,40,100,175
19396,Nov 14 2012,World Cup qualifier in Qatar,Iraq,Jordan,1563,1543,1,0,19,-19,1582,1524,60,85,5,-5,65,80,40,0,20
19397,Nov 14 2012,Friendly in Ireland,Ireland,Greece,1740,1813,0,1,-11,11,1729,1824,32,18,-1,1,31,19,20,100,27
19398,Nov 14 2012,Friendly in Israel,Israel,Belarus,1630,1581,1,2,-14,14,1616,1595,60,60,-4,2,56,62,20,100,149
19399,Nov 14 2012,Friendly in Italy,Italy,France,1925,1875,1,2,-14,14,1911,1889,9,10,-1,2,8,12,20,100,150
19400,Nov 14 2012,Friendly in Kuwait,Kuwait,Bahrain,1493,1442,1,1,-4,4,1489,1446,88,96,1,2,89,98,20,100,151
19401,Nov 14 2012,Friendly in Liechtenstein,Liechtenstein,Malta,1194,1229,0,1,-12,12,1182,1241,162,143,-2,3,160,146,20,100,65
19402,Nov 14 2012,Friendly in Luxembourg,Luxembourg,Scotland,1148,1655,1,2,-2,2,1146,1657,168,48,0,0,168,48,20,100,-407
19403,Nov 14 2012,Friendly in Macedonia,Macedonia,Slovenia,1530,1610,3,2,9,-9,1539,1601,72,63,3,-3,75,60,20,100,20
19404,Nov 14 2012,Friendly in Malaysia,Malaysia,Hong Kong,1216,1168,1,1,-4,4,1212,1172,152,162,1,0,153,162,20,100,148
19405,Nov 14 2012,World Cup qualifier in Montenegro,Montenegro,San Marino,1681,883,3,0,0,0,1681,883,41,204,1,0,42,204,20,0,798
19406,Nov 14 2012,Friendly in Morocco,Morocco,Togo,1561,1387,0,1,-17,17,1544,1404,75,107,-2,2,73,109,20,100,274
19407,Nov 14 2012,Friendly in the Netherlands,Netherlands,Germany,1998,2050,0,0,-1,1,1997,2051,5,3,0,0,5,3,20,100,48
19408,Nov 14 2012,Friendly in Niger,Niger,Senegal,1346,1525,1,1,2,-2,1348,1523,124,83,0,-2,124,81,20,100,-79
19409,Nov 14 2012,Friendly in the United States,Nigeria,Venezuela,1633,1729,3,1,19,-19,1652,1710,50,36,0,-2,50,34,20,0,-96
19410,Nov 14 2012,World Cup qualifier in Northern Ireland,Northern Ireland,Azerbaijan,1451,1399,1,1,-8,8,1443,1407,103,105,-3,2,100,107,40,100,152
19411,Nov 14 2012,World Cup qualifier in Oman,Oman,Japan,1548,1808,1,2,-11,11,1537,1819,79,19,-3,1,76,20,40,100,-160
19412,Nov 14 2012,Friendly in Panama,Panama,Spain,1685,2146,1,5,-4,4,1681,2150,43,1,-1,0,42,1,20,100,-361
19413,Nov 14 2012,Friendly in Paraguay,Paraguay,Guatemala,1714,1553,3,1,5,-5,1719,1548,31,70,1,1,32,71,20,100,261
19414,Nov 14 2012,Friendly in Poland,Poland,Uruguay,1707,1843,1,3,-13,13,1694,1856,40,14,-2,1,38,15,20,100,-36
19415,Nov 14 2012,World Cup qualifier in Qatar,Qatar,Lebanon,1480,1323,1,0,7,-7,1487,1316,88,129,2,0,90,129,40,100,257
19416,Nov 14 2012,Friendly in Romania,Romania,Belgium,1745,1795,2,1,9,-9,1754,1786,30,22,-1,0,29,22,20,100,50
19417,Nov 14 2012,Friendly in Russia,Russia,United States,1893,1764,2,2,-6,6,1887,1770,15,25,-2,1,13,26,20,100,229
19418,Nov 14 2012,Friendly in Rwanda,Rwanda,Namibia,1404,1312,2,2,-5,5,1399,1317,112,125,-2,3,110,128,20,100,192
19419,Nov 14 2012,Friendly in Saudi Arabia,Saudi Arabia,Argentina,1494,2008,0,0,8,-8,1502,2000,85,4,2,0,87,4,20,100,-414
19420,Nov 14 2012,Friendly in Switzerland,Serbia,Chile,1663,1823,3,1,21,-21,1684,1802,33,23,7,-2,40,21,20,0,-160
19421,Nov 14 2012,Friendly tournament in South Africa,South Africa,Zambia,1581,1598,0,1,-19,19,1562,1617,76,48,-6,7,70,55,30,100,83
19422,Nov 14 2012,Friendly in South Korea,South Korea,Australia,1775,1770,1,2,-13,13,1762,1783,31,21,-4,2,27,23,20,100,105
19423,Nov 14 2012,Friendly in Sweden,Sweden,England,1893,1966,4,2,14,-14,1907,1952,7,6,2,0,9,6,20,100,27
19424,Nov 14 2012,Friendly in Tanzania,Tanzania,Kenya,1293,1313,1,0,8,-8,1301,1305,135,138,2,-4,137,134,20,100,80
19425,Nov 14 2012,Friendly in Thailand,Thailand,Bhutan,1383,542,5,0,0,0,1383,542,115,233,-1,0,114,233,20,0,841
19426,Nov 14 2012,CONCACAF Ch & Car Ch q in Trinidad and Tobago,Trinidad and Tobago,St Vincent & Grenadines,1501,1193,1,1,-17,17,1484,1210,96,151,-4,4,92,155,40,100,408
19427,Nov 14 2012,Friendly in Tunisia,Tunisia,Switzerland,1602,1824,1,2,-7,7,1595,1831,64,18,-2,0,62,18,20,100,-122
19428,Nov 14 2012,Friendly in Turkey,Turkey,Denmark,1703,1775,1,1,-1,1,1702,1776,35,25,1,-1,36,24,20,100,28
19429,Nov 14 2012,Friendly in the United Arab Emirates,United Arab Emirates,Estonia,1452,1505,2,1,9,-9,1461,1496,94,89,1,-1,95,88,20,100,47
19430,Nov 15 2012,Friendly in the Philippines,Philippines,Singapore,1145,1230,1,0,10,-10,1155,1220,163,154,3,-2,166,152,20,100,15
19431,Nov 16 2012,CONCACAF Ch & Car Ch q in Trinidad and Tobago,Cuba,St Vincent & Grenadines,1373,1210,1,1,-9,9,1364,1219,122,151,-3,2,119,153,40,0,163
19432,Nov 16 2012,CONCACAF Ch & Car Ch q in Grenada,French Guiana,Haiti,1231,1450,1,0,31,-31,1262,1419,135,113,7,-8,142,105,40,0,-219
19433,Nov 16 2012,CONCACAF Ch & Car Ch q in Grenada,Grenada,Guyana,1164,1314,2,1,23,-23,1187,1291,153,148,5,-9,158,139,40,100,-50
19434,Nov 16 2012,CONCACAF Ch & Car Ch q in Trinidad and Tobago,Trinidad and Tobago,Suriname,1484,1192,3,0,7,-7,1491,1185,86,162,3,-2,89,160,40,100,392
19435,Nov 17 2012,Friendly in Jordan,Palestine,Syria,1250,1506,1,1,6,-6,1256,1500,145,88,0,-1,145,87,20,0,-256
19436,Nov 17 2012,Friendly in Thailand,Thailand,Bangladesh,1383,945,5,0,2,-2,1385,943,112,194,1,0,113,194,20,100,538
19437,Nov 18 2012,CONCACAF Ch & Car Ch q in Grenada,Grenada,Haiti,1187,1419,0,2,-19,19,1168,1438,168,97,-5,4,163,101,40,100,-132
19438,Nov 18 2012,CONCACAF Ch & Car Ch q in Grenada,Guyana,French Guiana,1291,1262,4,3,18,-18,1309,1244,123,150,8,-4,131,146,40,0,29
19439,Nov 18 2012,CONCACAF Ch & Car Ch q in Trinidad and Tobago,Suriname,St Vincent & Grenadines,1185,1219,1,0,22,-22,1207,1197,150,163,5,-5,155,158,40,0,-34
19440,Nov 18 2012,CONCACAF Ch & Car Ch q in Trinidad and Tobago,Trinidad and Tobago,Cuba,1491,1364,1,0,9,-9,1500,1355,85,123,2,-2,87,121,40,100,227
19441,Nov 19 2012,Friendly in Singapore,Singapore,Pakistan,1220,907,4,0,3,-3,1223,904,152,200,0,0,152,200,20,100,413
19442,Nov 20 2012,Friendly in Malaysia,Malaysia,Bangladesh,1212,943,1,1,-8,8,1204,951,157,194,-2,0,155,194,20,100,369
19443,Nov 20 2012,Friendly in Jordan,Palestine,Syria,1256,1500,2,1,16,-16,1272,1484,138,97,3,-5,141,92,20,0,-244
19444,Nov 21 2012,Friendly tournament in Argentina,Argentina,Brazil,2000,2075,2,1,14,-14,2014,2061,4,2,0,0,4,2,30,100,25
19445,Nov 24 2012,CECAFA Cup in Uganda,Ethiopia,South Sudan,1355,1107,1,0,8,-8,1363,1099,117,181,2,-1,119,180,40,0,248
19446,Nov 24 2012,Friendly in Guam,Guam,Northern Mariana Islands,674,465,8,0,7,-7,681,458,215,235,4,0,219,235,20,100,309
19447,Nov 24 2012,Southeast Asian Champ in Thailand,Myanmar,Vietnam,1011,1295,1,1,13,-13,1024,1282,181,139,4,0,185,139,40,0,-284
19448,Nov 24 2012,Southeast Asian Champ in Thailand,Thailand,Philippines,1385,1155,2,1,5,-5,1390,1150,109,168,2,-1,111,167,40,100,330
19449,Nov 24 2012,CECAFA Cup in Uganda,Uganda,Kenya,1525,1305,1,0,5,-5,1530,1300,79,140,0,-3,79,137,40,100,320
19450,Nov 25 2012,CECAFA Cup in Uganda,Burundi,Somalia,1259,895,5,1,8,-8,1267,887,140,205,2,-2,142,203,40,0,364
19451,Nov 25 2012,Southeast Asian Champ in Malaysia,Indonesia,Laos,1262,847,2,2,-17,17,1245,864,149,204,-3,2,146,206,40,0,415
19452,Nov 25 2012,Southeast Asian Champ in Malaysia,Malaysia,Singapore,1204,1223,0,3,-43,43,1161,1266,173,136,-9,8,164,144,40,100,81
19453,Nov 25 2012,CECAFA Cup in Uganda,Tanzania,Sudan,1301,1445,2,0,42,-42,1343,1403,114,120,11,-11,125,109,40,0,-144
19454,Nov 26 2012,CECAFA Cup in Uganda,Eritrea,Zanzibar,1161,1308,0,0,8,-8,1169,1300,160,139,2,-3,162,136,40,0,-147
19455,Nov 26 2012,CECAFA Cup in Uganda,Rwanda,Malawi,1399,1388,2,0,29,-29,1428,1359,94,130,8,-9,102,121,40,0,11
19456,Nov 27 2012,CECAFA Cup in Uganda,Kenya,South Sudan,1300,1099,2,0,14,-14,1314,1085,126,180,5,0,131,180,40,0,201
19457,Nov 27 2012,Southeast Asian Champ in Thailand,Philippines,Vietnam,1150,1282,1,0,27,-27,1177,1255,153,149,7,-5,160,144,40,0,-132
19458,Nov 27 2012,Southeast Asian Champ in Thailand,Thailand,Myanmar,1390,1024,4,0,5,-5,1395,1019,111,187,0,-1,111,186,40,100,466
19459,Nov 27 2012,CECAFA Cup in Uganda,Uganda,Ethiopia,1530,1363,1,0,7,-7,1537,1356,73,124,3,-3,76,121,40,100,267
19460,Nov 28 2012,CECAFA Cup in Uganda,Burundi,Tanzania,1267,1343,1,0,24,-24,1291,1319,137,131,2,-3,139,128,40,0,-76
19461,Nov 28 2012,Southeast Asian Champ in Malaysia,Indonesia,Singapore,1245,1266,1,0,21,-21,1266,1245,140,149,3,-3,143,146,40,0,-21
19462,Nov 28 2012,Southeast Asian Champ in Malaysia,Malaysia,Laos,1161,864,4,1,6,-6,1167,858,164,206,1,0,165,206,40,100,397
19463,Nov 28 2012,CECAFA Cup in Uganda,Sudan,Somalia,1403,887,1,0,2,-2,1405,885,108,203,1,0,109,203,40,0,516
19464,Nov 29 2012,Friendly in Qatar,Bahrain,Palestine,1446,1272,2,0,8,-8,1454,1264,97,145,0,-2,97,143,20,0,174
19465,Nov 29 2012,CECAFA Cup in Uganda,Malawi,Eritrea,1359,1169,3,2,10,-10,1369,1159,110,169,5,-3,115,166,40,0,190
19466,Nov 29 2012,CECAFA Cup in Uganda,Zanzibar,Rwanda,1300,1428,2,1,27,-27,1327,1401,119,118,9,-8,128,110,40,0,-128
19467,Nov 30 2012,CECAFA Cup in Uganda,Kenya,Ethiopia,1314,1356,3,1,34,-34,1348,1322,114,137,9,-8,123,129,40,0,-42
19468,Nov 30 2012,Southeast Asian Champ in Thailand,Philippines,Myanmar,1177,1019,2,0,17,-17,1194,1002,156,192,2,-3,158,189,40,0,158
19469,Nov 30 2012,Southeast Asian Champ in Thailand,Thailand,Vietnam,1395,1255,3,1,12,-12,1407,1243,101,150,5,-3,106,147,40,100,240
19470,Nov 30 2012,CECAFA Cup in Uganda,Uganda,South Sudan,1537,1085,4,0,3,-3,1540,1082,74,182,1,-1,75,181,20,0,452
19471,Dec 1 2012,CECAFA Cup in Uganda,Burundi,Sudan,1291,1405,1,0,26,-26,1317,1379,121,119,9,-5,130,114,40,0,-114
19472,Dec 1 2012,East Asian Championship qual in Hong Kong,Hong Kong,Guam,1172,681,2,1,1,-1,1173,680,164,221,-1,-1,163,220,20,0,491
19473,Dec 1 2012,CECAFA Cup in Uganda,Malawi,Zanzibar,1369,1327,2,0,26,-26,1395,1301,107,148,4,-10,111,138,40,0,42
19474,Dec 1 2012,Southeast Asian Champ in Malaysia,Malaysia,Indonesia,1167,1266,2,0,30,-30,1197,1236,150,156,7,-7,157,149,40,100,1
19475,Dec 1 2012,East Asian Championship qual in Hong Kong,North Korea,Taiwan,1548,894,6,1,2,-2,1550,892,71,202,0,0,71,202,40,0,654
19476,Dec 1 2012,CECAFA Cup in Uganda,Rwanda,Eritrea,1401,1159,2,0,12,-12,1413,1147,99,170,6,-2,105,168,40,0,242
19477,Dec 1 2012,Southeast Asian Champ in Malaysia,Singapore,Laos,1245,858,4,3,4,-4,1249,854,141,210,2,-2,143,208,40,0,387
19478,Dec 1 2012,CECAFA Cup in Uganda,Tanzania,Somalia,1319,885,7,0,7,-7,1326,878,126,205,2,-1,128,204,40,0,434
19479,Dec 3 2012,Friendly in Qatar,Bahrain,Iraq,1454,1582,0,0,4,-4,1458,1578,95,67,1,-1,96,66,20,0,-128
19480,Dec 3 2012,CECAFA Cup in Uganda,Burundi,Zanzibar,1317,1301,0,0,-1,1,1316,1302,132,136,-1,1,131,137,30,0,16
19481,Dec 3 2012,East Asian Championship qual in Hong Kong,Hong Kong,Australia,1173,1783,0,1,-2,2,1171,1785,163,23,0,0,163,23,30,100,-510
19482,Dec 3 2012,East Asian Championship qual in Hong Kong,North Korea,Guam,1550,680,5,0,1,-1,1551,679,71,220,0,0,71,220,40,0,870
19483,Dec 3 2012,CECAFA Cup in Uganda,Tanzania,Rwanda,1326,1413,2,0,37,-37,1363,1376,110,125,9,-10,119,115,40,0,-87
19484,Dec 4 2012,CECAFA Cup in Uganda,Kenya,Malawi,1348,1395,1,0,23,-23,1371,1372,108,120,8,-5,116,115,40,0,-47
19485,Dec 4 2012,CECAFA Cup in Uganda,Uganda,Ethiopia,1540,1322,2,0,8,-8,1548,1314,69,135,3,-3,72,132,40,100,318
19486,Dec 5 2012,East Asian Championship qual in Hong Kong,Australia,North Korea,1785,1551,1,1,-12,12,1773,1563,27,69,-2,1,25,70,40,0,234
19487,Dec 5 2012,East Asian Championship qual in Hong Kong,Guam,Taiwan,679,892,1,1,11,-11,690,881,214,204,3,-1,217,203,40,0,-213
19488,Dec 5 2012,Friendly in Saudi Arabia,Saudi Arabia,Zambia,1502,1617,2,1,10,-10,1512,1607,80,57,3,-1,83,56,20,100,-15
19489,Dec 6 2012,CECAFA Cup in Uganda,Kenya,Zanzibar,1371,1302,2,2,-4,4,1367,1306,118,133,-1,2,117,135,40,0,69
19490,Dec 6 2012,CECAFA Cup in Uganda,Uganda,Tanzania,1548,1363,3,0,11,-11,1559,1352,72,128,0,-4,72,124,40,100,285
19491,Dec 7 2012,CONCACAF Ch q & Car Ch in Antigua and Barbuda,Antigua and Barbuda,Dominican Republic,1267,1241,1,2,-27,27,1240,1268,155,135,-7,6,148,141,40,100,126
19492,Dec 7 2012,East Asian Championship qual in Hong Kong,Australia,Guam,1773,690,9,0,0,0,1773,690,25,217,0,0,25,217,20,0,1083
19493,Dec 7 2012,CONCACAF Ch q & Car Ch in Antigua and Barbuda,Haiti,Trinidad and Tobago,1438,1500,0,0,4,-4,1442,1496,100,87,0,0,100,87,40,0,-62
19494,Dec 7 2012,East Asian Championship qual in Hong Kong,Hong Kong,Taiwan,1171,881,2,0,6,-6,1177,875,161,205,1,-1,162,204,40,100,390
19495,Dec 8 2012,CONCACAF Ch q & Car Ch in Antigua and Barbuda,French Guiana,Jamaica,1244,1639,2,1,36,-36,1280,1603,135,63,5,-6,140,57,40,0,-395
19496,Dec 8 2012,West Asian Championship in Kuwait,Kuwait,Palestine,1489,1264,2,1,5,-5,1494,1259,89,144,0,-1,89,143,40,100,325
19497,Dec 8 2012,West Asian Championship in Kuwait,Lebanon,Oman,1316,1537,1,0,31,-31,1347,1506,120,95,5,-9,125,86,40,0,-221
19498,Dec 8 2012,CONCACAF Ch q & Car Ch in Antigua and Barbuda,Martinique,Cuba,1365,1355,1,0,19,-19,1384,1336,103,132,8,-5,111,127,40,0,10
19499,Dec 8 2012,Southeast Asian Champ in the Philippines,Philippines,Singapore,1194,1249,0,0,-3,3,1191,1252,159,145,0,-1,159,144,40,100,45
19500,Dec 8 2012,CECAFA Cup in Uganda,Tanzania,Zanzibar,1352,1306,1,1,-3,3,1349,1309,122,133,1,1,123,134,40,0,46
19501,Dec 8 2012,CECAFA Cup in Uganda,Uganda,Kenya,1559,1367,2,1,6,-6,1565,1361,66,123,3,-3,69,120,40,100,292
19502,Dec 9 2012,CONCACAF Ch q & Car Ch in Antigua and Barbuda,Antigua and Barbuda,Trinidad and Tobago,1240,1496,2,0,43,-43,1283,1453,132,107,8,-10,140,97,40,100,-156
19503,Dec 9 2012,East Asian Championship qual in Hong Kong,Australia,Taiwan,1773,875,8,0,1,-1,1774,874,25,204,0,0,25,204,40,0,898
19504,Dec 9 2012,West Asian Championship in Kuwait,Bahrain,Yemen,1458,1304,1,0,12,-12,1470,1292,90,141,3,-2,93,139,40,0,154
19505,Dec 9 2012,CONCACAF Ch q & Car Ch in Antigua and Barbuda,Haiti,Dominican Republic,1442,1268,2,1,11,-11,1453,1257,94,146,3,-2,97,144,40,0,174
19506,Dec 9 2012,East Asian Championship qual in Hong Kong,Hong Kong,North Korea,1177,1563,0,4,-12,12,1165,1575,166,65,-2,3,164,68,40,100,-286
19507,Dec 9 2012,West Asian Championship in Kuwait,Iran,Saudi Arabia,1671,1512,0,0,-9,9,1662,1521,47,80,-1,1,46,81,30,100,259
19508,Dec 9 2012,Southeast Asian Champ in Malaysia,Malaysia,Thailand,1197,1407,1,1,6,-6,1203,1401,155,112,1,-3,156,109,40,100,-110
19509,Dec 10 2012,CONCACAF Ch q & Car Ch in Antigua and Barbuda,Cuba,French Guiana,1336,1280,2,1,17,-17,1353,1263,117,143,5,-1,122,142,40,0,56
19510,Dec 10 2012,West Asian Championship in Kuwait,Iraq,Jordan,1578,1524,1,0,17,-17,1595,1507,56,91,5,-6,61,85,40,0,54
19511,Dec 10 2012,CONCACAF Ch q & Car Ch in Antigua and Barbuda,Jamaica,Martinique,1603,1384,0,0,-11,11,1592,1395,71,109,-7,1,64,110,30,100,319
19512,Dec 11 2012,CONCACAF Ch q & Car Ch in Antigua and Barbuda,Antigua and Barbuda,Haiti,1283,1453,0,1,-16,16,1267,1469,144,89,-2,4,142,93,40,100,-70
19513,Dec 11 2012,West Asian Championship in Kuwait,Kuwait,Oman,1494,1506,0,2,-37,37,1457,1543,106,64,-9,11,97,75,40,100,88
19514,Dec 11 2012,West Asian Championship in Kuwait,Palestine,Lebanon,1259,1347,1,0,25,-25,1284,1322,137,132,3,-3,140,129,40,0,-88
19515,Dec 11 2012,CONCACAF Ch q & Car Ch in Antigua and Barbuda,Trinidad and Tobago,Dominican Republic,1453,1257,2,1,10,-10,1463,1247,93,146,2,-1,95,145,40,0,196
19516,Dec 12 2012,West Asian Championship in Kuwait,Bahrain,Iran,1470,1662,0,0,10,-10,1480,1652,90,52,1,-3,91,49,40,0,-192
19517,Dec 12 2012,CONCACAF Ch q & Car Ch in Antigua and Barbuda,Cuba,Jamaica,1353,1592,1,0,32,-32,1385,1560,102,80,10,-8,112,72,40,0,-239
19518,Dec 12 2012,CONCACAF Ch q & Car Ch in Antigua and Barbuda,Martinique,French Guiana,1395,1263,3,1,19,-19,1414,1244,100,149,5,-3,105,146,40,0,132
19519,Dec 12 2012,West Asian Championship in Kuwait,Saudi Arabia,Yemen,1521,1292,1,0,8,-8,1529,1284,79,139,1,0,80,139,40,0,229
19520,Dec 12 2012,Southeast Asian Champ in Singapore,Singapore,Philippines,1252,1191,1,0,11,-11,1263,1180,142,163,1,-2,143,161,40,100,161
19521,Dec 13 2012,West Asian Championship in Kuwait,Iraq,Syria,1595,1484,1,1,-6,6,1589,1490,65,86,-2,2,63,88,40,0,111
19522,Dec 13 2012,Southeast Asian Champ in Thailand,Thailand,Malaysia,1401,1203,2,0,9,-9,1410,1194,104,160,3,-2,107,158,40,100,298
19523,Dec 14 2012,Caribbean Championship in Antigua and Barbuda,Cuba,Haiti,1385,1469,1,0,25,-25,1410,1444,102,103,5,-5,107,98,40,0,-84
19524,Dec 14 2012,West Asian Championship in Kuwait,Kuwait,Lebanon,1457,1322,2,1,8,-8,1465,1314,91,133,3,-2,94,131,40,100,235
19525,Dec 14 2012,Caribbean Championship in Antigua and Barbuda,Martinique,Trinidad and Tobago,1414,1463,1,1,3,-3,1417,1460,105,97,0,-1,105,96,40,0,-49
19526,Dec 14 2012,West Asian Championship in Kuwait,Oman,Palestine,1543,1284,2,1,7,-7,1550,1277,71,143,2,-2,73,141,40,0,259
19527,Dec 14 2012,Friendly in Turkey,Poland,Macedonia,1694,1539,4,1,10,-10,1704,1529,34,81,2,-2,36,79,20,0,155
19528,Dec 15 2012,Friendly in Angola,Angola,Gambia,1477,1329,1,1,-6,6,1471,1335,92,126,0,1,92,127,20,100,248
19529,Dec 15 2012,West Asian Championship in Kuwait,Bahrain,Saudi Arabia,1480,1529,1,0,23,-23,1503,1506,83,93,4,-7,87,86,40,0,-49
19530,Dec 15 2012,West Asian Championship in Kuwait,Iran,Yemen,1652,1284,2,1,4,-4,1656,1280,47,139,1,0,48,139,40,0,368
19531,Dec 16 2012,Caribbean Championship in Antigua and Barbuda,Cuba,Trinidad and Tobago,1410,1460,1,0,23,-23,1433,1437,97,104,5,-4,102,100,40,0,-50
19532,Dec 16 2012,Caribbean Championship in Antigua and Barbuda,Haiti,Martinique,1444,1417,1,0,18,-18,1462,1399,92,117,3,-6,95,111,40,0,27
19533,Dec 16 2012,West Asian Championship in Kuwait,Syria,Jordan,1490,1507,2,1,21,-21,1511,1486,77,95,6,-5,83,90,40,0,-17
19534,Dec 18 2012,West Asian Championship in Kuwait,Bahrain,Syria,1503,1511,1,1,0,0,1503,1511,87,83,0,0,87,83,20,0,-8
19535,Dec 18 2012,West Asian Championship in Kuwait,Iraq,Oman,1589,1550,2,0,27,-27,1616,1523,45,85,9,-6,54,79,40,0,39
19536,Dec 19 2012,Friendly in Angola,Angola,Cameroon,1471,1596,1,0,11,-11,1482,1585,92,65,0,-2,92,63,20,100,-25
19537,Dec 19 2012,Friendly in Oman,Oman,Benin,1523,1407,2,0,7,-7,1530,1400,77,110,1,-1,78,109,20,100,216
19538,Dec 19 2012,Southeast Asian Champ in Singapore,Singapore,Thailand,1263,1410,3,1,34,-34,1297,1376,133,123,5,-8,138,115,40,100,-47
19539,Dec 20 2012,West Asian Championship in Kuwait,Oman,Bahrain,1530,1503,1,0,18,-18,1548,1485,68,93,5,-3,73,90,40,0,27
19540,Dec 20 2012,West Asian Championship in Kuwait,Syria,Iraq,1511,1616,1,0,26,-26,1537,1590,71,70,6,-8,77,62,40,0,-105
19541,Dec 22 2012,Friendly in Angola,Angola,Rwanda,1482,1376,1,0,5,-5,1487,1371,84,117,4,-1,88,116,20,100,206
19542,Dec 22 2012,Friendly in South Africa,South Africa,Malawi,1562,1372,3,1,5,-5,1567,1367,67,119,2,-1,69,118,20,100,290
19543,Dec 22 2012,Friendly in Tanzania,Tanzania,Zambia,1349,1607,1,0,14,-14,1363,1593,116,67,4,-6,120,61,20,100,-158
19544,Dec 22 2012,Southeast Asian Champ in Thailand,Thailand,Singapore,1376,1297,1,0,11,-11,1387,1286,107,140,4,-1,111,139,40,100,179
19545,Dec 25 2012,Friendly in Qatar,United Arab Emirates,Yemen,1461,1280,2,0,8,-8,1469,1272,90,144,3,-2,93,142,20,0,181
19546,Dec 26 2012,Friendly in Bahrain,Bahrain,Burkina Faso,1485,1443,0,0,-4,4,1481,1447,93,98,-1,0,92,98,20,100,142
19547,Dec 28 2012,Friendly in Qatar,Qatar,Egypt,1487,1698,0,2,-10,10,1477,1708,96,34,-4,2,92,36,20,100,-111
19548,Dec 29 2012,Friendly in Bahrain,Bahrain,Guinea,1481,1518,3,0,14,-14,1495,1504,85,90,3,-4,88,86,20,100,63
19549,Dec 29 2012,Friendly in Oman,Oman,Togo,1548,1404,0,1,-16,16,1532,1420,83,104,-5,2,78,106,20,100,244
19550,Dec 29 2012,Friendly in Qatar,United Arab Emirates,Yemen,1469,1272,3,1,7,-7,1476,1265,93,144,0,-1,93,143,20,0,197
19551,Dec 30 2012,Friendly in Ethiopia,Ethiopia,Niger,1314,1348,1,0,8,-8,1322,1340,127,125,2,0,129,125,20,100,66
19552,Dec 30 2012,Friendly in the United Arab Emirates,Tunisia,Iraq,1595,1590,2,1,10,-10,1605,1580,51,66,4,-2,55,64,20,0,5
19553,Jan 5 2013,Friendly in South Africa,Angola,Zambia,1487,1593,2,0,19,-19,1506,1574,81,73,4,-6,85,67,20,0,-106
19554,Jan 5 2013,Gulf Cup in Bahrain,Bahrain,Oman,1495,1532,0,0,-4,4,1491,1536,92,78,-2,0,90,78,40,100,63
19555,Jan 5 2013,Friendly in Niger,Niger,Togo,1340,1420,3,1,14,-14,1354,1406,123,110,1,-2,124,108,20,100,20
19556,Jan 5 2013,Gulf Cup in Bahrain,United Arab Emirates,Qatar,1476,1477,3,1,30,-30,1506,1447,77,102,8,-5,85,97,40,0,-1
19557,Jan 6 2013,Gulf Cup in Bahrain,Iraq,Saudi Arabia,1580,1506,2,0,24,-24,1604,1482,49,99,7,-7,56,92,40,0,74
19558,Jan 6 2013,Gulf Cup in Bahrain,Kuwait,Yemen,1465,1265,2,0,14,-14,1479,1251,92,143,1,0,93,143,40,0,200
19559,Jan 7 2013,Friendly in Qatar,Ethiopia,Tunisia,1322,1605,1,1,7,-7,1329,1598,129,65,0,-5,129,60,20,0,-283
19560,Jan 8 2013,Gulf Cup in Bahrain,Bahrain,United Arab Emirates,1491,1506,1,2,-25,25,1466,1531,101,71,-6,7,95,78,40,100,85
19561,Jan 8 2013,Friendly in South Africa,Morocco,Zambia,1544,1574,0,0,1,-1,1545,1573,74,67,0,0,74,67,20,0,-30
19562,Jan 8 2013,Gulf Cup in Bahrain,Qatar,Oman,1447,1536,2,1,25,-25,1472,1511,89,88,4,-5,93,83,40,0,-89
19563,Jan 8 2013,Friendly in South Africa,South Africa,Norway,1567,1759,0,1,-7,7,1560,1766,73,26,-2,1,71,27,20,100,-92
19564,Jan 9 2013,Friendly in Portugal,Cape Verde,Nigeria,1427,1652,0,0,6,-6,1433,1646,101,50,1,0,102,50,20,0,-225
19565,Jan 9 2013,Gulf Cup in Bahrain,Iraq,Kuwait,1604,1479,1,0,13,-13,1617,1466,53,96,1,-2,54,94,40,0,125
19566,Jan 9 2013,Gulf Cup in Bahrain,Saudi Arabia,Yemen,1482,1251,2,0,13,-13,1495,1238,87,153,2,-5,89,148,40,0,231
19567,Jan 10 2013,Friendly in South Africa,Burkina Faso,Niger,1447,1354,0,0,-3,3,1444,1357,98,124,0,0,98,124,20,0,93
19568,Jan 10 2013,Friendly in the United Arab Emirates,Gabon,Tunisia,1542,1598,1,1,2,-2,1544,1596,73,60,1,0,74,60,20,0,-56
19569,Jan 10 2013,Friendly in the United Arab Emirates,Ghana,Egypt,1677,1708,3,0,19,-19,1696,1689,32,44,6,-4,38,40,20,0,-31
19570,Jan 10 2013,Friendly in Panama,Panama,Guatemala,1681,1548,3,0,7,-7,1688,1541,40,77,1,-2,41,75,20,100,233
19571,Jan 11 2013,Gulf Cup in Bahrain,Bahrain,Qatar,1466,1472,1,0,15,-15,1481,1457,90,100,2,-4,92,96,30,0,-6
19572,Jan 11 2013,Friendly in Ethiopia,Ethiopia,Tanzania,1329,1363,2,1,8,-8,1337,1355,125,128,2,-4,127,124,20,100,66
19573,Jan 11 2013,Gulf Cup in Bahrain,United Arab Emirates,Oman,1531,1511,2,0,28,-28,1559,1483,68,99,5,-8,73,91,40,0,20
19574,Jan 12 2013,Gulf Cup in Bahrain,Iraq,Yemen,1617,1238,2,0,6,-6,1623,1232,54,150,0,-1,54,149,40,0,379
19575,Jan 12 2013,Gulf Cup in Bahrain,Kuwait,Saudi Arabia,1466,1495,1,0,22,-22,1488,1473,82,98,6,-5,88,93,40,0,-29
19576,Jan 12 2013,Friendly in South Africa,Morocco,Namibia,1545,1317,2,1,4,-4,1549,1313,74,134,0,-2,74,132,20,0,228
19577,Jan 12 2013,Friendly in South Africa,South Africa,Algeria,1560,1564,0,0,-3,3,1557,1567,75,68,-2,1,73,69,20,100,96
19578,Jan 12 2013,Friendly in Zambia,Zambia,Norway,1573,1766,0,0,3,-3,1576,1763,63,27,2,0,65,27,20,100,-93
19579,Jan 13 2013,Friendly in South Africa,Angola,Botswana,1506,1302,2,0,7,-7,1513,1295,79,139,3,-1,82,138,20,0,204
19580,Jan 13 2013,Friendly in the United Arab Emirates,Ghana,Tunisia,1696,1596,4,2,11,-11,1707,1585,34,62,2,-1,36,61,20,0,100
19581,Jan 13 2013,Friendly in Panama,Panama,Guatemala,1688,1541,2,0,6,-6,1694,1535,37,80,2,-2,39,78,20,100,247
19582,Jan 13 2013,Friendly in Togo,Togo,Niger,1406,1357,2,1,6,-6,1412,1351,104,127,2,-2,106,125,20,100,149
19583,Jan 14 2013,Friendly in the United Arab Emirates,Ivory Coast,Egypt,1837,1689,4,2,9,-9,1846,1680,17,47,0,-3,17,44,20,0,148
19584,Jan 15 2013,Gulf Cup in Bahrain,Bahrain,Iraq,1481,1623,1,1,2,-2,1483,1621,88,54,2,0,90,54,30,100,-42
19585,Jan 15 2013,Friendly in Lebanon,Lebanon,Gabon,1314,1544,0,0,4,-4,1318,1540,129,75,1,0,130,75,20,100,-130
19586,Jan 15 2013,Gulf Cup in Bahrain,United Arab Emirates,Kuwait,1559,1488,1,0,16,-16,1575,1472,62,98,5,-5,67,93,40,0,71
19587,Jan 17 2013,Friendly in South Africa,Burkina Faso,Swaziland,1444,1109,3,0,4,-4,1448,1105,98,178,0,0,98,178,20,0,335
19588,Jan 18 2013,Gulf Cup in Bahrain,Bahrain,Kuwait,1483,1472,1,6,-52,52,1431,1524,116,67,-13,13,103,80,40,100,111
19589,Jan 18 2013,CONCACAF Ch q & C Am Cup in Costa Rica,Costa Rica,Belize,1668,1133,1,0,1,-1,1669,1132,45,176,0,-2,45,174,20,0,535
19590,Jan 18 2013,CONCACAF Ch q & C Am Cup in Costa Rica,El Salvador,Honduras,1537,1683,1,1,8,-8,1545,1675,74,46,1,-2,75,44,40,0,-146
19591,Jan 18 2013,CONCACAF Ch q & C Am Cup in Costa Rica,Guatemala,Nicaragua,1535,1122,1,1,-17,17,1518,1139,86,169,-4,3,82,172,40,0,413
19592,Jan 18 2013,Gulf Cup in Bahrain,United Arab Emirates,Iraq,1575,1621,2,1,23,-23,1598,1598,51,64,8,-5,59,59,40,0,-46
19593,Jan 19 2013,African Nations Cup in South Africa,Angola,Morocco,1513,1549,0,0,3,-3,1516,1546,83,72,0,1,83,73,50,0,-36
19594,Jan 19 2013,Friendly in Chile,Chile,Haiti,1802,1462,3,0,3,-3,1805,1459,21,94,0,0,21,94,20,100,440
19595,Jan 19 2013,African Nations Cup in South Africa,South Africa,Cape Verde,1557,1433,0,0,-14,14,1543,1447,77,95,-2,3,75,98,50,100,224
19596,Jan 20 2013,CONCACAF Ch q & C Am Cup in Costa Rica,Belize,Guatemala,1132,1518,0,0,16,-16,1148,1502,162,92,6,-5,168,87,40,0,-386
19597,Jan 20 2013,CONCACAF Ch q & C Am Cup in Costa Rica,Costa Rica,Nicaragua,1669,1139,2,0,2,-2,1671,1137,45,174,0,-1,45,173,30,0,530
19598,Jan 20 2013,African Nations Cup in South Africa,DR Congo,Ghana,1437,1707,2,2,16,-16,1453,1691,94,40,3,-2,97,38,50,0,-270
19599,Jan 20 2013,CONCACAF Ch q & C Am Cup in Costa Rica,El Salvador,Panama,1545,1694,0,0,8,-8,1553,1686,72,41,1,-1,73,40,40,0,-149
19600,Jan 20 2013,African Nations Cup in South Africa,Mali,Niger,1604,1351,1,0,9,-9,1613,1342,55,125,0,0,55,125,50,0,253
19601,Jan 21 2013,African Nations Cup in South Africa,Burkina Faso,Nigeria,1448,1646,1,1,13,-13,1461,1633,90,50,4,0,94,50,50,0,-198
19602,Jan 21 2013,African Nations Cup in South Africa,Ethiopia,Zambia,1337,1576,1,1,15,-15,1352,1561,123,76,2,-5,125,71,50,0,-239
19603,Jan 22 2013,CONCACAF Ch q & C Am Cup in Costa Rica,Belize,Nicaragua,1148,1137,2,1,19,-19,1167,1118,160,179,4,-3,164,176,40,0,11
19604,Jan 22 2013,CONCACAF Ch q & C Am Cup in Costa Rica,Costa Rica,Guatemala,1671,1502,1,1,-13,13,1658,1515,47,79,-1,4,46,83,40,100,269
19605,Jan 22 2013,CONCACAF Ch q & C Am Cup in Costa Rica,Honduras,Panama,1675,1686,1,1,1,-1,1676,1685,44,40,0,0,44,40,40,0,-11
19606,Jan 22 2013,African Nations Cup in South Africa,Ivory Coast,Togo,1846,1412,2,1,4,-4,1850,1408,15,108,1,-1,16,107,50,0,434
19607,Jan 22 2013,African Nations Cup in South Africa,Tunisia,Algeria,1585,1567,1,0,24,-24,1609,1543,50,79,6,-5,56,74,50,0,18
19608,Jan 23 2013,African Nations Cup in South Africa,Cape Verde,Morocco,1447,1546,1,1,7,-7,1454,1539,97,79,1,-3,98,76,50,0,-99
19609,Jan 23 2013,King's Cup in Thailand,North Korea,Sweden,1575,1907,1,1,11,-11,1586,1896,59,13,4,-2,63,11,30,0,-332
19610,Jan 23 2013,African Nations Cup in South Africa,South Africa,Angola,1543,1516,2,0,24,-24,1567,1492,64,94,5,-6,69,88,50,100,127
19611,Jan 23 2013,King's Cup in Thailand,Thailand,Finland,1387,1631,1,3,-14,14,1373,1645,119,49,-4,1,115,50,30,100,-144
19612,Jan 24 2013,African Nations Cup in South Africa,DR Congo,Niger,1453,1342,0,0,-8,8,1445,1350,99,126,0,0,99,126,30,100,211
19613,Jan 24 2013,African Nations Cup in South Africa,Ghana,Mali,1691,1613,1,0,19,-19,1710,1594,30,69,4,-7,34,62,50,0,78
19614,Jan 25 2013,African Nations Cup in South Africa,Burkina Faso,Ethiopia,1461,1352,4,0,33,-33,1494,1319,82,133,6,-4,88,129,50,0,109
19615,Jan 25 2013,Central American Cup in Costa Rica,Costa Rica,El Salvador,1658,1553,1,0,9,-9,1667,1544,44,73,1,0,45,73,40,100,205
19616,Jan 25 2013,Central American Cup in Costa Rica,Honduras,Belize,1676,1167,1,0,2,-2,1678,1165,44,164,0,0,44,164,30,0,509
19617,Jan 25 2013,African Nations Cup in South Africa,Nigeria,Zambia,1633,1561,1,1,-5,5,1628,1566,51,69,0,1,51,70,20,100,172
19618,Jan 25 2013,CONCACAF Ch q & C Am Cup in Costa Rica,Panama,Guatemala,1685,1515,3,1,16,-16,1701,1499,38,90,1,-4,39,86,40,0,170
19619,Jan 26 2013,African Nations Cup in South Africa,Ivory Coast,Tunisia,1850,1609,3,0,17,-17,1867,1592,14,69,1,-7,15,62,50,0,241
19620,Jan 26 2013,King's Cup in Thailand,Sweden,Finland,1896,1645,3,0,10,-10,1906,1635,7,50,2,0,9,50,30,0,251
19621,Jan 26 2013,King's Cup in Thailand,Thailand,North Korea,1373,1586,2,2,5,-5,1378,1581,115,67,0,-2,115,65,20,0,-213
19622,Jan 26 2013,African Nations Cup in South Africa,Togo,Algeria,1408,1543,2,0,51,-51,1459,1492,83,102,12,-14,95,88,50,0,-135
19623,Jan 27 2013,African Nations Cup in South Africa,Cape Verde,Angola,1454,1492,2,1,28,-28,1482,1464,85,102,7,-7,92,95,50,0,-38
19624,Jan 27 2013,Central American Cup in Costa Rica,Costa Rica,Honduras,1667,1678,1,0,15,-15,1682,1663,39,46,3,-1,42,45,30,0,-11
19625,Jan 27 2013,Central American Cup in Costa Rica,El Salvador,Belize,1544,1165,1,0,4,-4,1548,1161,73,168,0,-2,73,166,40,0,379
19626,Jan 27 2013,African Nations Cup in South Africa,South Africa,Morocco,1567,1539,2,2,-9,9,1558,1548,75,71,-3,2,72,73,50,100,128
19627,Jan 28 2013,African Nations Cup in South Africa,DR Congo,Mali,1445,1594,1,1,10,-10,1455,1584,98,67,1,-3,99,64,50,0,-149
19628,Jan 28 2013,African Nations Cup in South Africa,Ghana,Niger,1710,1350,3,0,10,-10,1720,1340,30,125,2,0,32,125,50,0,360
19629,Jan 29 2013,African Nations Cup in South Africa,Burkina Faso,Zambia,1494,1566,0,0,5,-5,1499,1561,83,71,2,-1,85,70,50,0,-72
19630,Jan 29 2013,African Nations Cup in South Africa,Nigeria,Ethiopia,1628,1319,2,0,11,-11,1639,1308,49,141,1,-6,50,135,50,0,309
19631,Jan 29 2013,Friendly in the United States,United States,Canada,1770,1585,0,0,-7,7,1763,1592,26,60,0,1,26,61,20,100,285
19632,Jan 30 2013,African Nations Cup in South Africa,Algeria,Ivory Coast,1492,1867,2,2,20,-20,1512,1847,74,19,7,-2,81,17,50,0,-375
19633,Jan 30 2013,Friendly in Oman,Oman,China,1483,1627,1,0,11,-11,1494,1616,87,54,2,-1,89,53,20,100,-44
19634,Jan 30 2013,African Nations Cup in South Africa,Togo,Tunisia,1459,1592,1,1,9,-9,1468,1583,92,67,2,-3,94,64,50,0,-133
19635,Jan 31 2013,Friendly in Jordan,Jordan,Indonesia,1486,1236,5,0,5,-5,1491,1231,90,152,0,-2,90,150,20,100,350
19636,Jan 31 2013,Friendly in China,North Korea,United Arab Emirates,1581,1598,1,0,10,-10,1591,1588,57,66,4,-4,61,62,20,0,-17
19637,Jan 31 2013,Friendly in Qatar,Qatar,Lebanon,1457,1318,1,0,4,-4,1461,1314,96,131,1,-1,97,130,20,100,239
19638,Feb 1 2013,Friendly in the United Arab Emirates,Azerbaijan,Uzbekistan,1407,1654,0,0,6,-6,1413,1648,106,49,1,0,107,49,20,0,-247
19639,Feb 1 2013,Friendly in Bahrain,Bahrain,Singapore,1431,1286,3,1,6,-6,1437,1280,100,139,2,0,102,139,20,100,245
19640,Feb 1 2013,Friendly in the United Arab Emirates,Iraq,Malaysia,1598,1194,3,0,3,-3,1601,1191,56,158,1,0,57,158,20,0,404
19641,Feb 2 2013,African Nations Cup in South Africa,Ghana,Cape Verde,1720,1482,2,0,15,-15,1735,1467,30,98,1,-3,31,95,50,0,238
19642,Feb 2 2013,African Nations Cup in South Africa,South Africa,Mali,1558,1584,1,1,-5,5,1553,1589,72,60,0,2,72,62,50,100,74
19643,Feb 3 2013,African Nations Cup in South Africa,Burkina Faso,Togo,1499,1468,1,0,23,-23,1522,1445,76,107,5,-7,81,100,50,0,31
19644,Feb 3 2013,African Nations Cup in South Africa,Nigeria,Ivory Coast,1639,1847,2,1,38,-38,1677,1809,40,23,5,-3,45,20,50,0,-208
19645,Feb 5 2013,Friendly in France,Armenia,Luxembourg,1531,1146,1,1,-8,8,1523,1154,81,164,-2,3,79,167,20,0,385
19646,Feb 5 2013,Friendly in France,Guinea,Senegal,1504,1523,1,1,1,-1,1505,1522,86,80,0,0,86,80,20,0,-19
19647,Feb 6 2013,Friendly in Albania,Albania,Georgia,1510,1512,1,2,-13,13,1497,1525,92,76,-4,3,88,79,20,100,98
19648,Feb 6 2013,Friendly in the United Arab Emirates,Azerbaijan,Liechtenstein,1413,1182,1,0,4,-4,1417,1178,105,164,1,-2,106,162,20,0,231
19649,Feb 6 2013,Asian Cup qualifier in the United Arab Emirates,Bahrain,Yemen,1437,1232,2,0,14,-14,1451,1218,98,156,2,-4,100,152,40,0,205
19650,Feb 6 2013,Friendly in Turkey,Belarus,Hungary,1595,1691,1,1,3,-3,1598,1688,53,44,3,-2,56,42,20,0,-96
19651,Feb 6 2013,Friendly in Belgium,Belgium,Slovakia,1786,1602,2,1,3,-3,1789,1599,24,54,-1,1,23,55,20,100,284
19652,Feb 6 2013,Friendly in Bolivia,Bolivia,Haiti,1627,1459,2,1,4,-4,1631,1455,48,97,2,0,50,97,20,100,268
19653,Feb 6 2013,African Nations Cup in South Africa,Burkina Faso,Ghana,1522,1735,1,1,14,-14,1536,1721,76,37,2,-3,78,34,50,0,-213
19654,Feb 6 2013,Friendly in Spain,Chile,Egypt,1805,1680,2,1,7,-7,1812,1673,19,48,1,-2,20,46,20,0,125
19655,Feb 6 2013,Friendly in the United States,Colombia,Guatemala,1902,1499,4,1,3,-3,1905,1496,5,91,3,-2,8,89,20,0,403
19656,Feb 6 2013,Friendly in England,Croatia,South Korea,1880,1762,4,0,13,-13,1893,1749,8,28,3,0,11,28,20,0,118
19657,Feb 6 2013,Friendly in Cyprus,Cyprus,Serbia,1425,1684,1,3,-9,9,1416,1693,109,39,-2,1,107,40,20,100,-159
19658,Feb 6 2013,Friendly in England,England,Brazil,1952,2061,2,1,10,-10,1962,2051,6,4,0,-1,6,3,20,100,-9
19659,Feb 6 2013,Friendly in France,France,Germany,1889,2051,1,2,-8,8,1881,2059,16,1,-2,1,14,2,20,100,-62
19660,Feb 6 2013,Friendly in Greece,Greece,Switzerland,1824,1831,0,0,-3,3,1821,1834,20,17,-1,0,19,17,20,100,93
19661,Feb 6 2013,World Cup qualifier in Honduras,Honduras,United States,1663,1763,2,1,20,-20,1683,1743,42,34,2,-4,44,30,40,100,0
19662,Feb 6 2013,Friendly in India,India,Palestine,1151,1277,2,4,-14,14,1137,1291,176,135,-4,3,172,138,20,100,-26
19663,Feb 6 2013,Asian Cup qualifier in Iran,Iran,Lebanon,1656,1314,5,0,6,-6,1662,1308,45,138,2,-4,47,134,40,100,442
19664,Feb 6 2013,Asian Cup qualifier in the United Arab Emirates,Iraq,Indonesia,1601,1231,1,0,4,-4,1605,1227,51,148,3,1,54,149,40,0,370
19665,Feb 6 2013,Friendly in Ireland,Ireland,Poland,1729,1704,2,0,10,-10,1739,1694,30,39,1,-1,31,38,20,100,125
19666,Feb 6 2013,Friendly in Israel,Israel,Finland,1616,1635,2,1,8,-8,1624,1627,53,53,0,-1,53,52,20,100,81
19667,Feb 6 2013,Friendly in Japan,Japan,Latvia,1819,1509,3,0,3,-3,1822,1506,17,85,1,0,18,85,20,100,410
19668,Feb 6 2013,Asian Cup qualifier in Jordan,Jordan,Singapore,1491,1280,4,0,11,-11,1502,1269,84,143,3,-2,87,141,40,100,311
19669,Feb 6 2013,Friendly in Turkey,Kazakhstan,Moldova,1339,1411,3,1,18,-18,1357,1393,120,112,3,-2,123,110,20,0,-72
19670,Feb 6 2013,Friendly in Tunisia,Kenya,Libya,1361,1568,3,0,27,-27,1388,1541,101,84,10,-8,111,76,20,0,-207
19671,Feb 6 2013,Friendly in Macedonia,Macedonia,Denmark,1529,1776,3,0,24,-24,1553,1752,65,31,6,-4,71,27,20,100,-147
19672,Feb 6 2013,Friendly in Malta,Malta,Northern Ireland,1241,1443,0,0,3,-3,1244,1440,143,103,2,-1,145,102,20,100,-102
19673,Feb 6 2013,World Cup qualifier in Mexico,Mexico,Jamaica,1916,1560,0,0,-17,17,1899,1577,11,59,-2,6,9,65,40,100,456
19674,Feb 6 2013,Friendly in Myanmar,Myanmar,Philippines,1002,1180,0,1,-8,8,994,1188,191,155,-1,3,190,158,20,100,-78
19675,Feb 6 2013,Friendly in Nepal,Nepal,Pakistan,918,904,0,1,-13,13,905,917,202,196,-2,2,200,198,20,100,114
19676,Feb 6 2013,Friendly in the Netherlands,Netherlands,Italy,1997,1911,1,1,-5,5,1992,1916,5,6,0,1,5,7,20,100,186
19677,Feb 6 2013,African Nations Cup in South Africa,Nigeria,Mali,1677,1589,4,1,33,-33,1710,1556,27,78,9,-8,36,70,50,0,88
19678,Feb 6 2013,Friendly in China,North Korea,Laos,1591,854,1,0,0,0,1591,854,61,208,0,0,61,208,20,0,737
19679,Feb 6 2013,Asian Cup qualifier in Oman,Oman,Syria,1494,1537,1,0,17,-17,1511,1520,79,88,5,-6,84,82,30,0,-43
19680,Feb 6 2013,World Cup qualifier in Panama,Panama,Costa Rica,1701,1682,2,2,-7,7,1694,1689,37,40,1,1,38,41,40,100,119
19681,Feb 6 2013,Friendly in Paraguay,Paraguay,El Salvador,1719,1548,3,0,6,-6,1725,1542,33,77,0,-2,33,75,20,100,271
19682,Feb 6 2013,Friendly in Portugal,Portugal,Ecuador,1903,1850,2,3,-14,14,1889,1864,16,14,-3,1,13,15,20,100,153
19683,Feb 6 2013,Asian Cup qualifier in Qatar,Qatar,Malaysia,1461,1191,2,0,6,-6,1467,1185,92,162,2,-2,94,160,40,100,370
19684,Feb 6 2013,Friendly in Spain,Romania,Australia,1754,1774,3,2,11,-11,1765,1763,19,25,5,0,24,25,20,0,-20
19685,Feb 6 2013,Friendly in Spain,Russia,Iceland,1887,1485,2,0,3,-3,1890,1482,11,93,1,-1,12,92,20,0,402
19686,Feb 6 2013,Friendly in Rwanda,Rwanda,Uganda,1371,1565,2,2,3,-3,1374,1562,116,67,0,1,116,68,20,100,-94
19687,Feb 6 2013,Asian Cup qualifier in Saudi Arabia,Saudi Arabia,China,1473,1616,2,1,22,-22,1495,1594,88,65,2,-6,90,59,40,100,-43
19688,Feb 6 2013,Friendly in Scotland,Scotland,Estonia,1657,1496,1,0,4,-4,1661,1492,50,94,-1,-3,49,91,20,100,261
19689,Feb 6 2013,Friendly in Slovenia,Slovenia,Bosnia and Herzegovina,1601,1746,0,3,-15,15,1586,1761,69,22,-6,4,63,26,20,100,-45
19690,Feb 6 2013,Friendly in Qatar,Spain,Uruguay,2150,1856,3,1,5,-5,2155,1851,1,17,0,-1,1,16,20,0,294
19691,Feb 6 2013,Friendly in Sweden,Sweden,Argentina,1906,2014,2,3,-10,10,1896,2024,11,4,-1,0,10,4,20,100,-8
19692,Feb 6 2013,Friendly in Tanzania,Tanzania,Cameroon,1355,1585,1,0,14,-14,1369,1571,113,70,5,-3,118,67,20,100,-130
19693,Feb 6 2013,Asian Cup qualifier in Thailand,Thailand,Kuwait,1378,1524,1,3,-26,26,1352,1550,135,68,-10,5,125,73,40,100,-46
19694,Feb 6 2013,Friendly in Trinidad and Tobago,Trinidad and Tobago,Peru,1437,1709,0,2,-8,8,1429,1717,106,34,-2,1,104,35,20,100,-172
19695,Feb 6 2013,Friendly in Turkey,Turkey,Czechia,1702,1775,0,2,-16,16,1686,1791,48,20,-5,2,43,22,20,100,27
19696,Feb 6 2013,Friendly in Spain,Ukraine,Norway,1714,1763,2,0,17,-17,1731,1746,30,32,2,-3,32,29,20,0,-49
19697,Feb 6 2013,Asian Cup qualifier in Uzbekistan,Uzbekistan,Hong Kong,1648,1165,0,0,-19,19,1629,1184,52,158,-1,3,51,161,40,100,583
19698,Feb 6 2013,Asian Cup qualifier in Vietnam,Vietnam,United Arab Emirates,1243,1588,1,2,-8,8,1235,1596,148,51,-1,6,147,57,40,100,-245
19699,Feb 6 2013,Friendly in Wales,Wales,Austria,1580,1603,2,1,8,-8,1588,1595,58,61,4,-3,62,58,20,100,77
19700,Feb 6 2013,Friendly in Zimbabwe,Zimbabwe,Botswana,1366,1295,2,1,5,-5,1371,1290,115,140,2,-1,117,139,20,100,171
19701,Feb 9 2013,African Nations Cup in South Africa,Mali,Ghana,1556,1721,3,1,54,-54,1610,1667,38,58,16,-12,54,46,50,0,-165
19702,Feb 9 2013,Friendly in Nepal,Nepal,Pakistan,905,917,0,1,-12,12,893,929,202,196,-1,1,201,197,20,100,88
19703,Feb 10 2013,African Nations Cup in South Africa,Nigeria,Burkina Faso,1710,1536,1,0,13,-13,1723,1523,33,80,1,-1,34,79,50,0,174
19704,Feb 12 2013,Friendly in the Maldives,Maldives,Pakistan,1118,929,1,1,-7,7,1111,936,178,193,-1,2,177,195,20,100,289
19705,Feb 14 2013,Friendly in the Maldives,Maldives,Pakistan,1111,936,3,0,6,-6,1117,930,177,199,0,-2,177,197,20,100,275
19706,Feb 27 2013,Friendly in The Gambia,Gambia,Mauritania,1335,1122,0,2,-26,26,1309,1148,135,163,-4,6,131,169,20,100,313
19707,Mar 2 2013,Asian Cup & Asian Chlg Cup q in Laos,Afghanistan,Sri Lanka,914,857,1,0,17,-17,931,840,195,210,2,-2,197,208,40,0,57
19708,Mar 2 2013,Friendly in The Gambia,Gambia,Mauritania,1309,1148,0,0,-6,6,1303,1154,141,165,-5,2,136,167,20,100,261
19709,Mar 2 2013,Asian Cup & Asian Chlg Cup q in Myanmar,India,Taiwan,1137,874,2,1,7,-7,1144,867,171,206,1,-1,172,205,40,0,263
19710,Mar 2 2013,Asian Cup & Asian Chlg Cup q in Laos,Laos,Mongolia,854,821,1,1,-7,7,847,828,206,209,1,0,207,209,40,100,133
19711,Mar 2 2013,Asian Cup & Asian Chlg Cup q in Myanmar,Myanmar,Guam,994,690,5,0,7,-7,1001,683,188,221,1,-2,189,219,40,100,404
19712,Mar 2 2013,Asian Cup & Asian Chlg Cup q in Nepal,Nepal,Northern Mariana Islands,893,458,6,0,4,-4,897,454,199,235,1,0,200,235,40,100,535
19713,Mar 2 2013,Asian Cup & Asian Chlg Cup q in Nepal,Palestine,Bangladesh,1291,951,1,0,5,-5,1296,946,136,194,1,0,137,194,40,0,340
19714,Mar 4 2013,Asian Cup & Asian Chlg Cup q in Laos,Afghanistan,Mongolia,931,828,1,0,14,-14,945,814,193,209,2,0,195,209,40,0,103
19715,Mar 4 2013,Asian Cup & Asian Chlg Cup q in Myanmar,India,Guam,1144,683,4,0,5,-5,1149,678,166,223,3,-2,169,221,40,0,461
19716,Mar 4 2013,Asian Cup & Asian Chlg Cup q in Laos,Laos,Sri Lanka,847,840,4,2,21,-21,868,819,203,208,2,0,205,208,40,100,107
19717,Mar 4 2013,Asian Cup & Asian Chlg Cup q in Myanmar,Myanmar,Taiwan,1001,867,1,1,-12,12,989,879,193,199,-2,3,191,202,40,100,234
19718,Mar 4 2013,Asian Cup & Asian Chlg Cup q in Nepal,Nepal,Bangladesh,897,946,0,2,-34,34,863,980,212,190,-6,2,206,192,40,100,51
19719,Mar 4 2013,Asian Cup & Asian Chlg Cup q in Nepal,Palestine,Northern Mariana Islands,1296,454,9,0,1,-1,1297,453,137,235,0,0,137,235,30,0,842
19720,Mar 6 2013,Asian Cup & Asian Chlg Cup q in Nepal,Bangladesh,Northern Mariana Islands,980,453,4,0,3,-3,983,450,192,235,0,0,192,235,30,0,527
19721,Mar 6 2013,Asian Cup & Asian Chlg Cup q in Myanmar,Guam,Taiwan,678,879,3,0,53,-53,731,826,203,214,9,-6,212,208,40,0,-201
19722,Mar 6 2013,Asian Cup & Asian Chlg Cup q in Laos,Laos,Afghanistan,868,945,1,1,-1,1,867,946,205,195,0,0,205,195,20,100,23
19723,Mar 6 2013,Asian Cup & Asian Chlg Cup q in Myanmar,Myanmar,India,989,1149,1,0,23,-23,1012,1126,185,179,3,-5,188,174,40,100,-60
19724,Mar 6 2013,Asian Cup & Asian Chlg Cup q in Nepal,Nepal,Palestine,863,1297,0,0,15,-15,878,1282,198,141,4,-2,202,139,40,100,-334
19725,Mar 6 2013,Asian Cup & Asian Chlg Cup q in Laos,Sri Lanka,Mongolia,819,814,3,0,34,-34,853,780,206,211,1,-1,207,210,40,0,5
19726,Mar 7 2013,Friendly in Qatar,Qatar,Egypt,1467,1673,3,1,19,-19,1486,1654,90,53,2,-4,92,49,20,100,-106
19727,Mar 13 2013,Friendly in Mozambique,Mozambique,Swaziland,1335,1105,0,0,-7,7,1328,1112,127,178,0,0,127,178,20,100,330
19728,Mar 17 2013,Friendly in Bahrain,Bahrain,Lebanon,1451,1308,0,0,-6,6,1445,1314,100,125,0,4,100,129,20,100,243
19729,Mar 17 2013,Asian Cup & Asian Chlg Cup q in Kyrgyzstan,Kyrgyzstan,Macao,1123,629,1,0,1,-1,1124,628,175,226,0,0,175,226,20,0,494
19730,Mar 17 2013,Friendly in Malaysia,Malaysia,Saudi Arabia,1185,1495,1,4,-8,8,1177,1503,164,84,-2,3,162,87,20,100,-210
19731,Mar 17 2013,Friendly in Qatar,Qatar,Thailand,1486,1352,1,0,4,-4,1490,1348,92,125,0,0,92,125,20,100,234
19732,Mar 17 2013,Asian Cup & Asian Chlg Cup q in Kyrgyzstan,Tajikistan,Pakistan,1246,930,1,0,6,-6,1252,924,142,200,1,-1,143,199,40,0,316
19733,Mar 19 2013,Friendly in Botswana,Botswana,Malawi,1290,1367,1,0,9,-9,1299,1358,136,124,1,-2,137,122,20,100,23
19734,Mar 19 2013,Asian Cup & Asian Chlg Cup q in Kyrgyzstan,Kyrgyzstan,Pakistan,1124,924,1,0,6,-6,1130,918,173,199,1,0,174,199,40,100,300
19735,Mar 19 2013,Asian Cup & Asian Chlg Cup q in Kyrgyzstan,Tajikistan,Macao,1252,628,3,0,2,-2,1254,626,143,226,0,0,143,226,40,0,624
19736,Mar 20 2013,Friendly in Niger,Niger,Gambia,1340,1303,1,3,-21,21,1319,1324,130,118,-2,9,128,127,20,100,137
19737,Mar 20 2013,Friendly in Oman,Oman,Haiti,1511,1455,3,0,10,-10,1521,1445,80,101,2,-2,82,99,20,100,156
19738,Mar 20 2013,Friendly in Rwanda,Rwanda,Libya,1374,1541,0,1,-8,8,1366,1549,122,72,-3,2,119,74,20,100,-67
19739,Mar 21 2013,Friendly in Switzerland,Brazil,Italy,2051,1916,2,2,-4,4,2047,1920,3,7,0,0,3,7,20,0,135
19740,Mar 21 2013,Friendly in Ecuador,Ecuador,El Salvador,1864,1542,5,0,3,-3,1867,1539,15,78,0,-1,15,77,20,100,422
19741,Mar 21 2013,Friendly in Jordan,Jordan,Belarus,1502,1598,1,0,10,-10,1512,1588,80,67,4,-5,84,62,20,100,4
19742,Mar 21 2013,Friendly in Kuwait,Kuwait,Palestine,1550,1282,2,1,2,-2,1552,1280,73,139,0,0,73,139,20,100,368
19743,Mar 21 2013,Asian Cup & Asian Chlg Cup q in Kyrgyzstan,Kyrgyzstan,Tajikistan,1130,1254,1,0,21,-21,1151,1233,164,151,5,-4,169,147,40,100,-24
19744,Mar 21 2013,Asian Cup & Asian Chlg Cup q in Kyrgyzstan,Pakistan,Macao,918,626,2,0,9,-9,927,617,199,226,0,0,199,226,40,0,292
19745,Mar 22 2013,World Cup qualifier in Andorra,Andorra,Turkey,992,1686,0,2,-2,2,990,1688,191,38,0,2,191,40,40,100,-594
19746,Mar 22 2013,World Cup qualifier in Argentina,Argentina,Venezuela,2024,1710,3,0,6,-6,2030,1704,4,36,0,0,4,36,40,100,414
19747,Mar 22 2013,World Cup qualifier in Austria,Austria,Faroe Islands,1595,1211,6,0,5,-5,1600,1206,58,153,0,0,58,153,40,100,484
19748,Mar 22 2013,Asian Cup qualifier in Bahrain,Bahrain,Qatar,1445,1490,1,0,17,-17,1462,1473,95,96,2,-2,97,94,30,0,-45
19749,Mar 22 2013,World Cup qualifier in Bosnia and Herzegovina,Bosnia and Herzegovina,Greece,1761,1821,3,1,27,-27,1788,1794,22,25,2,-3,24,22,40,100,40
19750,Mar 22 2013,World Cup qualifier in Bulgaria,Bulgaria,Malta,1662,1244,6,0,4,-4,1666,1240,44,148,1,-2,45,146,20,0,418
19751,Mar 22 2013,Asian Cup qualifier in China,China,Iraq,1594,1605,1,0,15,-15,1609,1590,55,65,2,-5,57,60,30,0,-11
19752,Mar 22 2013,World Cup qualifier in Colombia,Colombia,Bolivia,1905,1631,5,0,8,-8,1913,1623,8,54,0,-2,8,52,40,100,374
19753,Mar 22 2013,World Cup qualifier in Croatia,Croatia,Serbia,1893,1693,2,0,9,-9,1902,1684,7,45,2,-3,9,42,40,100,300
19754,Mar 22 2013,World Cup qualifier in Czechia,Czechia,Denmark,1791,1752,0,3,-48,48,1743,1800,40,15,-9,6,31,21,40,100,139
19755,Mar 22 2013,Friendly in Egypt,Egypt,Swaziland,1654,1112,10,0,1,-1,1655,1111,47,178,1,0,48,178,20,100,642
19756,Mar 22 2013,World Cup qualifier in France,France,Georgia,1881,1525,3,1,4,-4,1885,1521,10,86,2,-4,12,82,40,100,456
19757,Mar 22 2013,World Cup qualifier in Honduras,Honduras,Mexico,1683,1899,2,2,6,-6,1689,1893,35,11,4,-1,39,10,20,0,-216
19758,Mar 22 2013,Asian Cup qualifier in Hong Kong,Hong Kong,Vietnam,1184,1235,1,0,17,-17,1201,1218,148,156,6,-5,154,151,30,0,-51
19759,Mar 22 2013,World Cup qualifier in Hungary,Hungary,Romania,1688,1765,2,2,-1,1,1687,1766,41,26,0,-1,41,25,20,100,23
19760,Mar 22 2013,World Cup qualifier in Israel,Israel,Portugal,1624,1889,3,3,9,-9,1633,1880,47,15,3,-1,50,14,40,100,-165
19761,Mar 22 2013,World Cup qualifier in Jamaica,Jamaica,Panama,1577,1694,1,1,1,-1,1578,1693,66,37,0,0,66,37,30,100,-17
19762,Mar 22 2013,Friendly in Qatar,Japan,Canada,1822,1592,2,1,4,-4,1826,1588,18,62,0,-1,18,61,20,0,230
19763,Mar 22 2013,Asian Cup qualifier in Lebanon,Lebanon,Thailand,1314,1348,5,2,28,-28,1342,1320,120,131,5,-3,125,128,40,100,66
19764,Mar 22 2013,World Cup qualifier in Liechtenstein,Liechtenstein,Latvia,1178,1506,1,1,12,-12,1190,1494,157,96,2,-5,159,91,40,100,-228
19765,Mar 22 2013,World Cup qualifier in Luxembourg,Luxembourg,Azerbaijan,1154,1417,0,0,9,-9,1163,1408,165,108,1,-1,166,107,40,100,-163
19766,Mar 22 2013,World Cup qualifier in Macedonia,Macedonia,Belgium,1553,1789,0,2,-19,19,1534,1808,83,17,-6,3,77,20,40,100,-136
19767,Mar 22 2013,Asian Cup qualifier in Malaysia,Malaysia,Yemen,1177,1218,2,1,17,-17,1194,1201,154,156,4,-2,158,154,30,0,-41
19768,Mar 22 2013,World Cup qualifier in Moldova,Moldova,Montenegro,1393,1681,0,1,-10,10,1383,1691,116,32,-3,6,113,38,40,100,-188
19769,Mar 22 2013,World Cup qualifier in the Netherlands,Netherlands,Estonia,1992,1492,3,0,2,-2,1994,1490,5,93,0,-1,5,92,20,0,500
19770,Mar 22 2013,World Cup qualifier in New Zealand,New Zealand,New Caledonia,1576,1353,2,1,5,-5,1581,1348,63,124,2,0,65,124,40,100,323
19771,Mar 22 2013,World Cup qualifier in Norway,Norway,Albania,1746,1497,0,1,-35,35,1711,1532,41,67,-6,11,35,78,40,100,349
19772,Mar 22 2013,World Cup qualifier in Peru,Peru,Chile,1717,1812,1,0,20,-20,1737,1792,29,26,3,-3,32,23,40,100,5
19773,Mar 22 2013,World Cup qualifier in Poland,Poland,Ukraine,1694,1731,1,3,-35,35,1659,1766,57,18,-10,7,47,25,40,100,63
19774,Mar 22 2013,World Cup qualifier in San Marino,San Marino,England,883,1962,0,8,0,0,883,1962,201,6,0,0,201,6,20,0,-1079
19775,Mar 22 2013,World Cup qualifier in Scotland,Scotland,Wales,1661,1588,1,2,-29,29,1632,1617,54,44,-3,9,51,53,40,100,173
19776,Mar 22 2013,World Cup qualifier in Slovakia,Slovakia,Lithuania,1599,1468,1,1,-12,12,1587,1480,70,92,-7,1,63,93,40,100,231
19777,Mar 22 2013,World Cup qualifier in Slovenia,Slovenia,Iceland,1586,1482,1,2,-31,31,1555,1513,76,77,-6,8,70,85,40,100,204
19778,Mar 22 2013,World Cup qualifier in Spain,Spain,Finland,2155,1627,1,1,-19,19,2136,1646,1,46,0,3,1,49,40,100,628
19779,Mar 22 2013,World Cup qualifier in Sweden,Sweden,Ireland,1896,1739,0,0,-13,13,1883,1752,16,27,-3,2,13,29,40,100,257
19780,Mar 22 2013,World Cup qualifier in Tahiti,Tahiti,Solomon Islands,1225,1204,2,0,20,-20,1245,1184,137,169,7,-7,144,162,40,100,121
19781,Mar 22 2013,Asian Cup & Asian Chlg Cup q in the Philippines,Turkmenistan,Cambodia,1369,679,7,0,2,-2,1371,677,115,221,1,0,116,221,40,0,690
19782,Mar 22 2013,Asian Cup qualifier in the United Arab Emirates,United Arab Emirates,Uzbekistan,1596,1629,2,1,16,-16,1612,1613,53,57,2,-3,55,54,30,0,-33
19783,Mar 22 2013,World Cup qualifier in Uruguay,Uruguay,Paraguay,1851,1725,1,1,-11,11,1840,1736,16,33,0,0,16,33,40,100,226
19784,Mar 22 2013,World Cup qualifier in the United States,United States,Costa Rica,1743,1689,1,0,12,-12,1755,1677,26,46,2,-3,28,43,40,100,154
19785,Mar 23 2013,World Cup qualifier in Guinea,Angola,Senegal,1464,1522,1,1,3,-3,1467,1519,94,85,1,-2,95,83,40,0,-58
19786,Mar 23 2013,Friendly in Belize,Belize,Trinidad and Tobago,1161,1429,0,0,4,-4,1165,1425,163,106,2,-1,165,105,20,100,-168
19787,Mar 23 2013,World Cup qualifier in Burkina Faso,Burkina Faso,Niger,1523,1319,4,0,11,-11,1534,1308,73,135,3,-3,76,132,40,100,304
19788,Mar 23 2013,World Cup qualifier in Cameroon,Cameroon,Togo,1571,1445,2,1,9,-9,1580,1436,65,104,1,-2,66,102,40,100,226
19789,Mar 23 2013,World Cup qualifier in Congo,Congo,Gabon,1386,1540,1,0,23,-23,1409,1517,103,93,4,-9,107,84,40,100,-54
19790,Mar 23 2013,World Cup qualifier in Cyprus,Cyprus,Switzerland,1416,1834,0,0,14,-14,1430,1820,102,19,2,-1,104,18,40,100,-318
19791,Mar 23 2013,Asian Cup qualifier in Indonesia,Indonesia,Saudi Arabia,1227,1503,1,2,-11,11,1216,1514,153,81,-2,4,151,85,40,100,-176
19792,Mar 23 2013,World Cup qualifier in Ivory Coast,Ivory Coast,Gambia,1809,1324,3,0,2,-2,1811,1322,19,127,0,0,19,127,20,0,485
19793,Mar 23 2013,World Cup qualifier in Kazakhstan,Kazakhstan,Germany,1357,2059,0,3,-2,2,1355,2061,121,2,1,0,122,2,30,100,-602
19794,Mar 23 2013,World Cup qualifier in Namibia,Namibia,Malawi,1313,1358,0,1,-23,23,1290,1381,145,106,-7,8,138,114,40,100,55
19795,Mar 23 2013,World Cup qualifier in Nigeria,Nigeria,Kenya,1723,1388,1,1,-17,17,1706,1405,36,108,-1,1,35,109,40,100,435
19796,Mar 23 2013,World Cup qualifier in South Africa,South Africa,Central African Republic,1553,1311,2,0,7,-7,1560,1304,69,138,1,-3,70,135,40,100,342
19797,Mar 23 2013,World Cup qualifier in Tunisia,Tunisia,Sierra Leone,1583,1360,2,1,5,-5,1588,1355,58,123,3,-1,61,122,40,100,323
19798,Mar 24 2013,Friendly in the Dominican Republic,Dominican Republic,Haiti,1247,1445,3,1,19,-19,1266,1426,143,108,0,-4,143,104,20,100,-98
19799,Mar 24 2013,World Cup qualifier in the Dem Rep of the Congo,DR Congo,Libya,1455,1549,0,0,0,0,1455,1549,96,69,1,2,97,71,20,100,6
19800,Mar 24 2013,World Cup qualifier in Equatorial Guinea,Equatorial Guinea,Cape Verde,1296,1467,4,3,24,-24,1320,1443,123,103,7,-4,130,99,40,100,-71
19801,Mar 24 2013,World Cup qualifier in Ethiopia,Ethiopia,Botswana,1308,1299,1,0,14,-14,1322,1285,124,140,4,-2,128,138,40,100,109
19802,Mar 24 2013,World Cup qualifier in Ghana,Ghana,Sudan,1667,1379,4,0,7,-7,1674,1372,44,119,0,-2,44,117,40,100,388
19803,Mar 24 2013,World Cup qualifier in Lesotho,Lesotho,Zambia,1145,1561,1,1,14,-14,1159,1547,164,75,4,-3,168,72,40,100,-316
19804,Mar 24 2013,World Cup qualifier in Liberia,Liberia,Uganda,1306,1562,2,0,43,-43,1349,1519,114,94,10,-13,124,81,40,100,-156
19805,Mar 24 2013,World Cup qualifier in Mozambique,Mozambique,Guinea,1328,1505,0,0,4,-4,1332,1501,128,89,-1,0,127,89,40,100,-77
19806,Mar 24 2013,Asian Cup & Asian Chlg Cup q in the Philippines,Philippines,Cambodia,1188,677,8,0,3,-3,1191,674,158,225,1,-2,159,223,40,100,611
19807,Mar 24 2013,World Cup qualifier in Rwanda,Rwanda,Mali,1366,1610,1,2,-12,12,1354,1622,126,50,-3,3,123,53,40,100,-144
19808,Mar 24 2013,World Cup qualifier in Tanzania,Tanzania,Morocco,1369,1548,3,1,37,-37,1406,1511,99,102,10,-14,109,88,40,100,-79
19809,Mar 25 2013,Friendly in Qatar,Belarus,Canada,1588,1588,2,0,15,-15,1603,1573,55,73,3,-6,58,67,20,0,0
19810,Mar 25 2013,Friendly in England,Brazil,Russia,2047,1890,1,1,-4,4,2043,1894,3,9,0,1,3,10,20,0,157
19811,Mar 26 2013,Friendly in Albania,Albania,Lithuania,1532,1480,4,1,10,-10,1542,1470,72,93,2,0,74,93,20,100,152
19812,Mar 26 2013,World Cup qualifier in Algeria,Algeria,Benin,1512,1400,3,1,14,-14,1526,1386,72,113,7,-1,79,112,40,100,212
19813,Mar 26 2013,World Cup qualifier in Armenia,Armenia,Czechia,1523,1743,0,3,-23,23,1500,1766,101,23,-12,4,89,27,40,100,-120
19814,Mar 26 2013,World Cup qualifier in Australia,Australia,Oman,1763,1521,2,2,-15,15,1748,1536,33,74,-3,2,30,76,40,100,342
19815,Mar 26 2013,World Cup qualifier in Azerbaijan,Azerbaijan,Portugal,1408,1880,0,2,-6,6,1402,1886,112,8,-2,3,110,11,40,100,-372
19816,Mar 26 2013,World Cup qualifier in Belgium,Belgium,Macedonia,1808,1534,1,0,4,-4,1812,1530,18,82,1,-4,19,78,40,100,374
19817,Mar 26 2013,World Cup qualifier in Bolivia,Bolivia,Argentina,1623,2030,1,1,14,-14,1637,2016,50,4,1,0,51,4,40,100,-307
19818,Mar 26 2013,World Cup qualifier in Chile,Chile,Uruguay,1792,1840,2,0,26,-26,1818,1814,11,20,6,-2,17,18,30,0,-48
19819,Mar 26 2013,World Cup qualifier in Costa Rica,Costa Rica,Jamaica,1677,1578,2,0,14,-14,1691,1564,39,68,2,-1,41,67,40,100,199
19820,Mar 26 2013,World Cup qualifier in Denmark,Denmark,Bulgaria,1800,1666,1,1,-12,12,1788,1678,25,41,-2,2,23,43,40,100,234
19821,Mar 26 2013,World Cup qualifier in Ecuador,Ecuador,Paraguay,1867,1736,4,1,15,-15,1882,1721,9,35,3,-1,12,34,40,100,231
19822,Mar 26 2013,World Cup qualifier in Egypt,Egypt,Zimbabwe,1655,1371,2,1,4,-4,1659,1367,48,118,0,0,48,118,40,100,384
19823,Mar 26 2013,World Cup qualifier in Estonia,Estonia,Andorra,1490,990,2,0,2,-2,1492,988,92,191,0,0,92,191,20,0,500
19824,Mar 26 2013,World Cup qualifier in France,France,Spain,1885,2136,0,1,-12,12,1873,2148,18,1,-3,0,15,1,40,100,-151
19825,Mar 26 2013,World Cup qualifier in Germany,Germany,Kazakhstan,2061,1355,4,1,1,-1,2062,1354,2,123,0,-1,2,122,20,0,706
19826,Mar 26 2013,Friendly in Iraq,Iraq,Syria,1590,1520,2,1,5,-5,1595,1515,59,88,1,-4,60,84,20,100,170
19827,Mar 26 2013,World Cup qualifier in Ireland,Ireland,Austria,1752,1600,2,2,-12,12,1740,1612,33,51,-2,4,31,55,40,100,252
19828,Mar 26 2013,World Cup qualifier in Jordan,Jordan,Japan,1512,1826,2,1,31,-31,1543,1795,60,25,13,-4,73,21,40,100,-214
19829,Mar 26 2013,Asian Cup qualifier in Kuwait,Kuwait,Iran,1552,1662,1,1,1,-1,1553,1661,70,46,0,0,70,46,40,100,-10
19830,Mar 26 2013,Friendly in Luxembourg,Luxembourg,Finland,1163,1646,0,3,-3,3,1160,1649,167,51,0,-1,167,50,20,100,-383
19831,Mar 26 2013,Friendly in Malaysia,Malaysia,Palestine,1194,1280,0,2,-16,16,1178,1296,164,135,-3,2,161,137,20,100,14
19832,Mar 26 2013,World Cup qualifier in Malta,Malta,Italy,1240,1920,0,2,-2,2,1238,1922,144,7,1,0,145,7,30,100,-580
19833,Mar 26 2013,World Cup qualifier in Mexico,Mexico,United States,1893,1755,0,0,-12,12,1881,1767,15,24,-2,2,13,26,40,100,238
19834,Mar 26 2013,World Cup qualifier in Montenegro,Montenegro,England,1691,1962,1,1,9,-9,1700,1953,40,6,-1,0,39,6,40,100,-171
19835,Mar 26 2013,World Cup qualifier in the Netherlands,Netherlands,Romania,1994,1766,4,0,10,-10,2004,1756,5,31,0,-3,5,28,40,100,328
19836,Mar 26 2013,World Cup qualifier in New Caledonia,New Caledonia,Tahiti,1348,1245,1,0,9,-9,1357,1236,115,148,5,-2,120,146,40,100,203
19837,Mar 26 2013,World Cup qualifier in Northern Ireland,Northern Ireland,Israel,1440,1633,0,2,-22,22,1418,1655,112,48,-6,1,106,49,40,100,-93
19838,Mar 26 2013,World Cup qualifier in Panama,Panama,Honduras,1693,1689,2,0,21,-21,1714,1668,33,51,2,-6,35,45,40,100,104
19839,Mar 26 2013,Friendly in Peru,Peru,Trinidad and Tobago,1737,1425,3,0,3,-3,1740,1422,30,105,1,0,31,105,20,100,412
19840,Mar 26 2013,Asian Cup & Asian Chlg Cup q in the Philippines,Philippines,Turkmenistan,1191,1371,1,0,25,-25,1216,1346,143,132,8,-7,151,125,40,100,-80
19841,Mar 26 2013,World Cup qualifier in Poland,Poland,San Marino,1659,883,5,0,1,-1,1660,882,47,201,0,0,47,201,30,0,776
19842,Mar 26 2013,World Cup qualifier in Serbia,Serbia,Scotland,1684,1632,2,0,18,-18,1702,1614,34,57,4,-3,38,54,40,100,152
19843,Mar 26 2013,Friendly in Slovakia,Slovakia,Sweden,1587,1883,0,0,5,-5,1592,1878,59,15,2,-1,61,14,20,100,-196
19844,Mar 26 2013,World Cup qualifier in the Solomon Islands,Solomon Islands,New Zealand,1184,1581,0,2,-9,9,1175,1590,162,62,0,1,162,63,40,100,-297
19845,Mar 26 2013,World Cup qualifier in South Korea,South Korea,Qatar,1749,1473,2,1,4,-4,1753,1469,28,94,1,0,29,94,40,100,376
19846,Mar 26 2013,World Cup qualifier in Turkey,Turkey,Hungary,1688,1687,1,1,-6,6,1682,1693,44,39,-2,1,42,40,40,100,101
19847,Mar 26 2013,World Cup qualifier in Ukraine,Ukraine,Moldova,1766,1383,2,1,2,-2,1768,1381,25,114,0,0,25,114,20,0,383
19848,Mar 26 2013,World Cup qualifier in Uzbekistan,Uzbekistan,Lebanon,1613,1342,1,0,4,-4,1617,1338,51,126,2,0,53,126,40,100,371
19849,Mar 26 2013,World Cup qualifier in Venezuela,Venezuela,Colombia,1704,1913,1,0,26,-26,1730,1887,30,12,3,-2,33,10,40,100,-109
19850,Mar 26 2013,World Cup qualifier in Wales,Wales,Croatia,1617,1902,1,2,-10,10,1607,1912,62,7,-4,1,58,8,40,100,-185
19851,Apr 6 2013,Friendly in Bolivia,Bolivia,Brazil,1637,2043,0,4,-5,5,1632,2048,51,3,0,0,51,3,20,100,-306
19852,Apr 17 2013,Friendly in the United States,Mexico,Peru,1881,1740,0,0,-4,4,1877,1744,15,31,-1,0,14,31,20,0,141
19853,Apr 17 2013,Friendly in Qatar,Qatar,Palestine,1469,1296,2,0,5,-5,1474,1291,92,137,1,0,93,137,20,100,273
19854,Apr 21 2013,Windward Islands Champ in St Vincent & Grenadines,St Vincent & Grenadines,Saint Lucia,1197,1021,0,2,-37,37,1160,1058,174,181,-8,2,166,183,30,100,276
19855,Apr 23 2013,Windward Islands Champ in St Vincent & Grenadines,Grenada,Saint Lucia,1168,1058,2,1,10,-10,1178,1048,157,183,3,0,160,183,30,0,110
19856,Apr 24 2013,Friendly in Brazil,Brazil,Chile,2048,1818,2,2,-7,7,2041,1825,3,15,0,1,3,16,20,100,330
19857,Apr 25 2013,Windward Islands Champ in St Vincent & Grenadines,St Vincent & Grenadines,Grenada,1160,1178,0,1,-18,18,1142,1196,180,156,-7,2,173,158,30,100,82
19858,Apr 28 2013,Friendly in Zambia,Zambia,Zimbabwe,1547,1367,2,0,5,-5,1552,1362,70,120,1,-1,71,119,20,100,280
19859,May 13 2013,Friendly in Libya,Libya,Mauritania,1549,1154,2,0,2,-2,1551,1152,72,168,0,0,72,168,20,100,495
19860,May 22 2013,Friendly in Oman,Oman,Iran,1536,1661,3,1,16,-16,1552,1645,66,54,5,-4,71,50,20,100,-25
19861,May 22 2013,Friendly in Venezuela,Venezuela,El Salvador,1730,1539,2,1,3,-3,1733,1536,33,77,0,-1,33,76,20,100,291
19862,May 24 2013,Friendly in Qatar,Qatar,Latvia,1474,1494,3,1,12,-12,1486,1482,91,95,1,-2,92,93,20,100,80
19863,May 25 2013,Friendly in Algeria,Algeria,Mauritania,1526,1152,1,0,1,-1,1527,1151,79,168,0,0,79,168,20,100,474
19864,May 25 2013,Friendly in Ethiopia,Ethiopia,Sudan,1322,1372,2,0,13,-13,1335,1359,126,121,1,-2,127,119,20,100,50
19865,May 25 2013,Friendly in Malawi,Malawi,Zimbabwe,1381,1362,1,1,-3,3,1378,1365,118,115,-2,2,116,117,20,100,119
19866,May 25 2013,Friendly in Namibia,Namibia,Zambia,1290,1552,0,0,4,-4,1294,1548,136,75,1,-2,137,73,20,100,-162
19867,May 27 2013,Friendly in Iraq,Iraq,Liberia,1595,1349,0,1,-18,18,1577,1367,70,110,-5,7,65,117,20,100,346
19868,May 27 2013,Friendly in Jordan,Jordan,Libya,1543,1551,1,0,7,-7,1550,1544,70,76,2,-2,72,74,20,100,92
19869,May 28 2013,Friendly in Canada,Canada,Costa Rica,1573,1691,0,1,-9,9,1564,1700,66,37,0,2,66,39,20,100,-18
19870,May 28 2013,Friendly in Germany,Latvia,Turkey,1482,1682,3,3,5,-5,1487,1677,91,44,1,-1,92,43,20,0,-200
19871,May 29 2013,Friendly in England,England,Ireland,1953,1740,1,1,-7,7,1946,1747,6,30,0,1,6,31,20,100,313
19872,May 29 2013,Friendly in the United States,Germany,Ecuador,2062,1882,4,2,8,-8,2070,1874,2,16,0,-2,2,14,20,0,180
19873,May 29 2013,Friendly in Qatar,Lebanon,Oman,1338,1552,1,1,5,-5,1343,1547,126,75,0,-2,126,73,20,0,-214
19874,May 29 2013,Friendly in Qatar,Qatar,Azerbaijan,1486,1402,1,1,-5,5,1481,1407,93,106,0,2,93,108,20,100,184
19875,May 29 2013,Friendly in the United States,United States,Belgium,1767,1812,2,4,-17,17,1750,1829,32,13,-3,3,29,16,20,100,55
19876,May 30 2013,Friendly in Japan,Japan,Bulgaria,1795,1678,0,2,-23,23,1772,1701,27,36,-3,3,24,39,20,100,217
19877,May 31 2013,Friendly in Italy,Italy,San Marino,1922,882,4,0,0,0,1922,882,7,201,0,0,7,201,20,0,1040
19878,May 31 2013,Friendly in the United States,Mexico,Nigeria,1877,1706,2,2,-5,5,1872,1711,17,35,-2,1,15,36,20,0,171
19879,May 31 2013,Friendly in Germany,Slovenia,Turkey,1555,1677,2,0,20,-20,1575,1657,63,51,3,-4,66,47,20,0,-122
19880,Jun 1 2013,Friendly in Libya,Libya,Uganda,1544,1519,3,0,11,-11,1555,1508,66,93,4,-6,70,87,20,100,125
19881,Jun 1 2013,Friendly in Panama,Panama,Peru,1714,1744,1,2,-12,12,1702,1756,39,22,-2,5,37,27,20,100,70
19882,Jun 2 2013,Friendly in Algeria,Algeria,Burkina Faso,1527,1534,2,0,11,-11,1538,1523,73,81,3,-2,76,79,20,100,93
19883,Jun 2 2013,Friendly in Brazil,Brazil,England,2041,1946,2,2,-5,5,2036,1951,3,6,0,0,3,6,20,100,195
19884,Jun 2 2013,Friendly in Ireland,Ireland,Georgia,1747,1521,4,0,5,-5,1752,1516,30,84,1,-2,31,82,20,100,326
19885,Jun 2 2013,Friendly in the United States,Israel,Honduras,1655,1668,2,0,16,-16,1671,1652,40,52,4,-4,44,48,20,0,-13
19886,Jun 2 2013,Friendly in Lesotho,Lesotho,South Africa,1159,1560,0,2,-5,5,1154,1565,167,65,0,2,167,67,20,100,-301
19887,Jun 2 2013,Friendly in Ethiopia,Sudan,Tanzania,1359,1406,0,0,1,-1,1360,1405,120,109,0,0,120,109,20,0,-47
19888,Jun 2 2013,Friendly in Ukraine,Ukraine,Cameroon,1768,1580,0,0,-7,7,1761,1587,29,64,-2,0,27,64,20,100,288
19889,Jun 2 2013,Friendly in the United States,United States,Germany,1750,2070,4,3,16,-16,1766,2054,20,2,5,0,25,2,20,100,-220
19890,Jun 3 2013,Friendly in Estonia,Estonia,Belarus,1492,1603,0,2,-15,15,1477,1618,95,47,-2,6,93,53,20,100,-11
19891,Jun 3 2013,Friendly in Sweden,Sweden,Macedonia,1878,1530,1,0,1,-1,1879,1529,12,78,0,0,12,78,20,100,448
19892,Jun 4 2013,Friendly in Egypt,Egypt,Botswana,1659,1285,1,1,-9,9,1650,1294,52,135,-3,2,49,137,20,100,474
19893,Jun 4 2013,Friendly in Hong Kong,Hong Kong,Philippines,1201,1216,0,1,-12,12,1189,1228,161,147,-3,2,158,149,20,100,85
19894,Jun 4 2013,World Cup qualifier in Jamaica,Jamaica,Mexico,1564,1872,0,1,-9,9,1555,1881,72,9,-2,3,70,12,40,100,-208
19895,Jun 4 2013,World Cup qualifier in Japan,Japan,Australia,1772,1748,1,1,-7,7,1765,1755,28,28,-2,2,26,30,40,100,124
19896,Jun 4 2013,Friendly in Kazakhstan,Kazakhstan,Bulgaria,1354,1701,1,2,-4,4,1350,1705,127,35,-2,2,125,37,20,100,-247
19897,Jun 4 2013,World Cup qualifier in Lebanon,Lebanon,South Korea,1343,1753,1,1,14,-14,1357,1739,116,34,5,-2,121,32,40,100,-310
19898,Jun 4 2013,Friendly in Myanmar,Myanmar,Singapore,1012,1269,0,2,-9,9,1003,1278,190,141,-1,0,189,141,20,100,-157
19899,Jun 4 2013,World Cup qualifier in Oman,Oman,Iraq,1547,1577,1,0,16,-16,1563,1561,62,73,6,-4,68,69,30,0,-30
19900,Jun 4 2013,Friendly in Poland,Poland,Liechtenstein,1660,1190,2,0,1,-1,1661,1189,45,157,0,1,45,158,20,100,570
19901,Jun 4 2013,World Cup qualifier in Qatar,Qatar,Iran,1481,1645,0,1,-16,16,1465,1661,98,40,-3,5,95,45,40,100,-64
19902,Jun 4 2013,Friendly in Romania,Romania,Trinidad and Tobago,1756,1422,4,0,3,-3,1759,1419,28,105,0,0,28,105,20,100,434
19903,Jun 4 2013,Friendly in Tajikistan,Tajikistan,Afghanistan,1233,946,3,2,2,-2,1235,944,147,195,0,0,147,195,20,100,387
19904,Jun 5 2013,Friendly in Denmark,Denmark,Georgia,1788,1516,2,1,2,-2,1790,1514,22,84,0,-1,22,83,20,100,372
19905,Jun 5 2013,Friendly in Equatorial Guinea,Equatorial Guinea,Togo,1320,1436,0,1,-10,10,1310,1446,134,98,-2,1,132,99,20,100,-16
19906,Jun 5 2013,World Cup qualifier in Kenya,Kenya,Nigeria,1405,1711,0,1,-9,9,1396,1720,113,35,-2,0,111,35,40,100,-206
19907,Jun 5 2013,World Cup qualifier in Malawi,Malawi,Namibia,1378,1294,0,0,-10,10,1368,1304,116,135,0,1,116,136,40,100,184
19908,Jun 5 2013,Friendly in Uruguay,Uruguay,France,1814,1873,1,0,9,-9,1823,1864,17,15,1,0,18,15,20,100,41
19909,Jun 6 2013,Friendly in China,China,Uzbekistan,1609,1617,1,2,-13,13,1596,1630,60,50,-1,2,59,52,20,100,92
19910,Jun 6 2013,Friendly in Hungary,Hungary,Kuwait,1693,1553,1,0,4,-4,1697,1549,42,74,0,-1,42,73,20,100,240
19911,Jun 7 2013,World Cup qualifier in Albania,Albania,Norway,1542,1711,1,1,4,-4,1546,1707,71,36,2,0,73,36,40,100,-69
19912,Jun 7 2013,World Cup qualifier in Argentina,Argentina,Colombia,2016,1887,0,0,-12,12,2004,1899,6,8,-1,1,5,9,40,100,229
19913,Jun 7 2013,World Cup qualifier in Armenia,Armenia,Malta,1500,1238,0,1,-36,36,1464,1274,101,139,-6,3,95,142,40,100,362
19914,Jun 7 2013,World Cup qualifier in Austria,Austria,Sweden,1612,1879,2,1,29,-29,1641,1850,46,17,5,-2,51,15,40,100,-167
19915,Jun 7 2013,World Cup qualifier in Azerbaijan,Azerbaijan,Luxembourg,1407,1160,1,1,-15,15,1392,1175,114,158,-3,4,111,162,40,100,347
19916,Jun 7 2013,World Cup qualifier in Belgium,Belgium,Serbia,1829,1702,2,1,9,-9,1838,1693,18,44,-1,-3,17,41,40,100,227
19917,Jun 7 2013,World Cup qualifier in Bolivia,Bolivia,Venezuela,1632,1733,1,1,0,0,1632,1733,55,33,-2,0,53,33,20,100,-1
19918,Jun 7 2013,World Cup qualifier in Costa Rica,Costa Rica,Honduras,1700,1652,1,0,12,-12,1712,1640,30,56,5,-4,35,52,40,100,148
19919,Jun 7 2013,World Cup qualifier in Croatia,Croatia,Scotland,1912,1614,0,1,-36,36,1876,1650,16,43,-4,6,12,49,40,100,398
19920,Jun 7 2013,World Cup qualifier in Czechia,Czechia,Italy,1766,1922,0,0,3,-3,1769,1919,30,7,-3,0,27,7,40,100,-56
19921,Jun 7 2013,Friendly in Estonia,Estonia,Trinidad and Tobago,1477,1419,1,0,6,-6,1483,1413,86,107,3,-1,89,106,20,100,158
19922,Jun 7 2013,World Cup qualifier in Finland,Finland,Belarus,1649,1618,1,0,13,-13,1662,1605,38,64,6,-5,44,59,40,100,131
19923,Jun 7 2013,World Cup qualifier in Iceland,Iceland,Slovenia,1513,1575,2,4,-33,33,1480,1608,95,49,-5,8,90,57,40,100,38
19924,Jun 7 2013,Friendly in Indonesia,Indonesia,Netherlands,1216,2004,0,3,-1,1,1215,2005,152,3,0,1,152,4,20,100,-688
19925,Jun 7 2013,World Cup qualifier in Ireland,Ireland,Faroe Islands,1752,1206,3,0,2,-2,1754,1204,31,154,0,0,31,154,30,0,546
19926,Jun 7 2013,World Cup qualifier in Jamaica,Jamaica,United States,1555,1766,1,2,-14,14,1541,1780,80,26,-5,-1,75,25,40,100,-111
19927,Jun 7 2013,Friendly in Laos,Laos,Singapore,867,1278,2,5,-5,5,862,1283,205,139,0,1,205,140,20,100,-311
19928,Jun 7 2013,World Cup qualifier in Latvia,Latvia,Bosnia and Herzegovina,1487,1788,0,5,-19,19,1468,1807,91,19,0,2,91,21,40,100,-201
19929,Jun 7 2013,World Cup qualifier in Libya,Libya,DR Congo,1555,1455,0,0,-10,10,1545,1465,78,89,-4,4,74,93,40,100,200
19930,Jun 7 2013,World Cup qualifier in Liechtenstein,Liechtenstein,Slovakia,1189,1592,1,1,14,-14,1203,1578,152,70,3,-5,155,65,40,100,-303
19931,Jun 7 2013,World Cup qualifier in Lithuania,Lithuania,Greece,1470,1794,0,1,-9,9,1461,1803,101,23,-4,-1,97,22,40,100,-224
19932,Jun 7 2013,World Cup qualifier in Moldova,Moldova,Poland,1381,1661,1,1,10,-10,1391,1651,110,51,2,-3,112,48,30,0,-280
19933,Jun 7 2013,World Cup qualifier in Montenegro,Montenegro,Ukraine,1700,1761,0,4,-42,42,1658,1803,52,17,-6,5,46,22,40,100,39
19934,Jun 7 2013,World Cup qualifier in Panama,Panama,Mexico,1702,1881,0,0,4,-4,1706,1877,36,10,1,1,37,11,40,100,-79
19935,Jun 7 2013,World Cup qualifier in Paraguay,Paraguay,Chile,1721,1825,1,2,-20,20,1701,1845,44,15,-5,1,39,16,40,100,-4
19936,Jun 7 2013,World Cup qualifier in Peru,Peru,Ecuador,1756,1874,1,0,21,-21,1777,1853,23,14,3,0,26,14,40,100,-18
19937,Jun 7 2013,World Cup qualifier in Portugal,Portugal,Russia,1886,1894,1,0,15,-15,1901,1879,5,11,3,-1,8,10,30,0,-8
19938,Jun 7 2013,World Cup qualifier in Sudan,Sudan,Ghana,1360,1674,1,3,-14,14,1346,1688,130,41,-5,1,125,42,40,100,-214
19939,Jun 8 2013,World Cup qualifier in Angola,Angola,Senegal,1467,1519,1,1,-3,3,1464,1522,96,80,-2,0,94,80,40,100,48
19940,Jun 8 2013,World Cup qualifier in Botswana,Botswana,Ethiopia,1294,1335,1,2,-23,23,1271,1358,146,115,-4,6,142,121,40,100,59
19941,Jun 8 2013,World Cup qualifier in Cape Verde,Cape Verde,Equatorial Guinea,1443,1310,2,1,8,-8,1451,1302,98,140,1,-4,99,136,40,100,233
19942,Jun 8 2013,World Cup qualifier in Gabon,Gabon,Congo,1517,1409,0,0,-11,11,1506,1420,91,103,-5,2,86,105,40,100,208
19943,Jun 8 2013,World Cup qualifier in The Gambia,Gambia,Ivory Coast,1322,1811,0,3,-7,7,1315,1818,133,20,-2,0,131,20,40,100,-389
19944,Jun 8 2013,World Cup qualifier in Morocco,Morocco,Tanzania,1511,1405,2,1,9,-9,1520,1396,77,110,4,-1,81,109,40,100,206
19945,Jun 8 2013,World Cup qualifier in Sierra Leone,Sierra Leone,Tunisia,1355,1588,2,2,7,-7,1362,1581,116,65,3,-1,119,64,40,100,-133
19946,Jun 8 2013,World Cup qualifier in Cameroon,South Africa,Central African Republic,1565,1304,3,0,13,-13,1578,1291,64,138,1,-1,65,137,40,0,261
19947,Jun 8 2013,Friendly in the United States,Spain,Haiti,2148,1426,2,1,0,0,2148,1426,1,103,0,0,1,103,20,0,722
19948,Jun 8 2013,World Cup qualifier in Switzerland,Switzerland,Cyprus,1820,1430,1,0,2,-2,1822,1428,19,102,0,0,19,102,20,0,390
19949,Jun 8 2013,World Cup qualifier in Uganda,Uganda,Liberia,1508,1367,1,0,8,-8,1516,1359,78,123,4,-3,82,120,40,100,241
19950,Jun 8 2013,World Cup qualifier in Zambia,Zambia,Lesotho,1548,1154,4,0,4,-4,1552,1150,68,171,2,-2,70,169,20,0,394
19951,Jun 9 2013,World Cup qualifier in Benin,Benin,Algeria,1386,1538,1,3,-26,26,1360,1564,125,56,-6,10,119,66,40,100,-52
19952,Jun 9 2013,Friendly in Brazil,Brazil,France,2036,1864,3,0,6,-6,2042,1858,3,13,0,0,3,13,20,100,272
19953,Jun 9 2013,World Cup qualifier in Guinea,Guinea,Mozambique,1501,1332,6,1,14,-14,1515,1318,79,130,4,-1,83,129,40,100,269
19954,Jun 9 2013,World Cup qualifier in Mali,Mali,Rwanda,1622,1354,1,1,-16,16,1606,1370,61,106,-3,9,58,115,40,100,368
19955,Jun 9 2013,World Cup qualifier in Niger,Niger,Burkina Faso,1308,1523,0,1,-14,14,1294,1537,138,75,-2,2,136,77,40,100,-115
19956,Jun 9 2013,World Cup qualifier in Togo,Togo,Cameroon,1446,1587,2,0,34,-34,1480,1553,80,77,10,-7,90,70,40,100,-41
19957,Jun 9 2013,World Cup qualifier in Zimbabwe,Zimbabwe,Egypt,1365,1650,2,4,-15,15,1350,1665,131,39,-7,5,124,44,40,100,-185
19958,Jun 10 2013,Friendly in Switzerland,Portugal,Croatia,1901,1876,1,0,9,-9,1910,1867,8,12,0,0,8,12,20,0,25
19959,Jun 11 2013,World Cup qualifier in Australia,Australia,Jordan,1755,1550,4,0,11,-11,1766,1539,24,78,3,-3,27,75,40,100,305
19960,Jun 11 2013,World Cup qualifier in Belarus,Belarus,Finland,1605,1662,1,1,-2,2,1603,1664,59,47,0,-1,59,46,30,100,43
19961,Jun 11 2013,World Cup qualifier in Chile,Chile,Bolivia,1845,1632,3,1,8,-8,1853,1624,14,53,1,0,15,53,40,100,313
19962,Jun 11 2013,Friendly in China,China,Netherlands,1596,2005,0,2,-4,4,1592,2009,60,4,0,0,60,4,20,100,-309
19963,Jun 11 2013,World Cup qualifier in Colombia,Colombia,Peru,1899,1777,2,0,13,-13,1912,1764,5,30,2,-2,7,28,40,100,222
19964,Jun 11 2013,World Cup qualifier in Denmark,Denmark,Armenia,1790,1464,0,4,-69,69,1721,1533,42,61,-9,17,33,78,40,100,426
19965,Jun 11 2013,World Cup qualifier in Ecuador,Ecuador,Argentina,1853,2004,1,1,3,-3,1856,2001,14,5,0,0,14,5,40,100,-51
19966,Jun 11 2013,Friendly in Estonia,Estonia,Kyrgyzstan,1483,1151,1,1,-8,8,1475,1159,95,167,-3,0,92,167,20,100,432
19967,Jun 11 2013,Friendly in Guatemala,Guatemala,Belize,1496,1165,0,0,-8,8,1488,1173,90,165,-1,0,89,165,20,100,431
19968,Jun 11 2013,Friendly in Brazil,Haiti,Italy,1426,1919,2,2,9,-9,1435,1910,99,9,2,-1,101,8,20,0,-493
19969,Jun 11 2013,World Cup qualifier in Honduras,Honduras,Jamaica,1640,1541,2,0,14,-14,1654,1527,46,82,3,-3,49,79,40,100,199
19970,Jun 11 2013,World Cup qualifier in Iran,Iran,Lebanon,1661,1357,4,0,7,-7,1668,1350,42,124,2,-1,44,123,40,100,404
19971,Jun 11 2013,World Cup qualifier in Qatar,Japan,Iraq,1765,1561,1,0,9,-9,1774,1552,22,71,3,-1,25,70,40,0,204
19972,Jun 11 2013,World Cup qualifier in Mexico,Mexico,Costa Rica,1877,1712,0,0,-13,13,1864,1725,13,29,-1,3,12,32,40,100,265
19973,Jun 11 2013,Friendly in Norway,Norway,Macedonia,1707,1529,2,0,5,-5,1712,1524,34,81,1,-1,35,80,20,100,278
19974,Jun 11 2013,Friendly in Qatar,Qatar,North Korea,1465,1591,0,0,1,-1,1466,1590,95,61,-1,0,94,61,20,100,-26
19975,Jun 11 2013,World Cup qualifier in South Korea,South Korea,Uzbekistan,1739,1630,1,0,9,-9,1748,1621,30,54,1,0,31,54,40,100,209
19976,Jun 11 2013,Friendly in the United States,Spain,Ireland,2148,1754,2,0,3,-3,2151,1751,1,29,0,1,1,30,20,0,394
19977,Jun 11 2013,World Cup qualifier in Sweden,Sweden,Faroe Islands,1850,1204,2,0,1,-1,1851,1203,17,154,-1,0,16,154,20,0,646
19978,Jun 11 2013,World Cup qualifier in the United States,United States,Panama,1780,1706,2,0,16,-16,1796,1690,23,45,1,-4,24,41,40,100,174
19979,Jun 11 2013,World Cup qualifier in Venezuela,Venezuela,Uruguay,1733,1823,0,1,-21,21,1712,1844,37,16,-2,1,35,17,40,100,10
19980,Jun 12 2013,Friendly in Ghana,Ghana,Ivory Coast,1688,1818,2,1,11,-11,1699,1807,36,20,3,0,39,20,20,100,-30
19981,Jun 12 2013,World Cup qualifier in Malawi,Malawi,Kenya,1368,1396,2,2,-4,4,1364,1400,116,107,0,1,116,108,40,100,72
19982,Jun 12 2013,World Cup qualifier in Namibia,Namibia,Nigeria,1304,1720,1,1,14,-14,1318,1706,124,38,5,-2,129,36,40,100,-316
19983,Jun 14 2013,Friendly in Ghana,Ghana,Ivory Coast,1699,1807,1,1,0,0,1699,1807,39,20,0,0,39,20,20,100,-8
19984,Jun 14 2013,Friendly in Guatemala,Guatemala,Argentina,1488,2001,0,4,-3,3,1485,2004,89,5,0,0,89,5,20,100,-413
19985,Jun 14 2013,World Cup qualifier in Libya,Libya,Togo,1545,1480,2,0,17,-17,1562,1463,64,102,5,-6,69,96,40,100,165
19986,Jun 14 2013,Friendly in Moldova,Moldova,Kyrgyzstan,1391,1159,2,1,3,-3,1394,1156,110,167,1,0,111,167,20,100,332
19987,Jun 15 2013,World Cup qualifier in Botswana,Botswana,Central African Republic,1271,1291,3,2,15,-15,1286,1276,132,145,5,-4,137,141,40,100,80
19988,Jun 15 2013,Confederations Cup in Brazil,Brazil,Japan,2042,1774,3,0,9,-9,2051,1765,3,29,0,-2,3,27,30,0,268
19989,Jun 15 2013,World Cup qualifier in Cape Verde,Cape Verde,Sierra Leone,1451,1362,1,0,10,-10,1461,1352,94,130,3,-6,97,124,40,100,189
19990,Jun 15 2013,Friendly in China,China,Thailand,1592,1320,1,5,-34,34,1558,1354,78,118,-9,5,69,123,20,100,372
19991,Jun 15 2013,World Cup qualifier in Congo,Congo,Burkina Faso,1420,1537,0,1,-19,19,1401,1556,109,64,-2,6,107,70,40,100,-17
19992,Jun 15 2013,World Cup qualifier in Gabon,Gabon,Niger,1506,1294,4,1,10,-10,1516,1284,80,140,4,-2,84,138,40,100,312
19993,Jun 15 2013,World Cup qualifier in Morocco,Morocco,Gambia,1520,1315,2,0,9,-9,1529,1306,76,136,3,-2,79,134,40,100,305
19994,Jun 15 2013,World Cup qualifier in Uganda,Uganda,Angola,1516,1464,2,1,12,-12,1528,1452,77,105,3,-5,80,100,40,100,152
19995,Jun 15 2013,World Cup qualifier in Zambia,Zambia,Sudan,1552,1346,1,1,-14,14,1538,1360,81,110,-5,8,76,118,40,100,306
19996,Jun 16 2013,World Cup qualifier in the Dem Rep of the Congo,DR Congo,Cameroon,1465,1553,0,0,-1,1,1464,1554,94,69,0,1,94,70,30,100,12
19997,Jun 16 2013,World Cup qualifier in Equatorial Guinea,Equatorial Guinea,Tunisia,1302,1581,1,1,9,-9,1311,1572,127,66,4,-2,131,64,40,100,-179
19998,Jun 16 2013,World Cup qualifier in Ethiopia,Ethiopia,South Africa,1358,1578,2,1,27,-27,1385,1551,105,81,8,-9,113,72,40,100,-120
19999,Jun 16 2013,World Cup qualifier in Guinea,Guinea,Zimbabwe,1515,1350,1,0,7,-7,1522,1343,83,129,1,-2,84,127,40,100,265
20000,Jun 16 2013,Confederations Cup in Brazil,Italy,Mexico,1910,1864,2,1,22,-22,1932,1842,6,20,1,-4,7,16,50,0,46
20001,Jun 16 2013,World Cup qualifier in Lesotho,Lesotho,Ghana,1150,1699,0,2,-4,4,1146,1703,173,37,-2,1,171,38,40,100,-449
20002,Jun 16 2013,World Cup qualifier in Liberia,Liberia,Senegal,1359,1522,0,2,-25,25,1334,1547,136,65,-8,9,128,74,40,100,-63
20003,Jun 16 2013,World Cup qualifier in Mali,Mali,Benin,1606,1360,2,2,-15,15,1591,1375,60,114,-1,2,59,116,40,100,346
20004,Jun 16 2013,World Cup qualifier in Mozambique,Mozambique,Egypt,1318,1665,0,1,-8,8,1310,1673,135,41,-3,2,132,43,40,100,-247
20005,Jun 16 2013,World Cup qualifier in Rwanda,Rwanda,Algeria,1370,1564,0,1,-15,15,1355,1579,127,59,-6,3,121,62,40,100,-94
20006,Jun 16 2013,Confederations Cup in Brazil,Spain,Uruguay,2151,1844,2,1,7,-7,2158,1837,1,19,0,-1,1,18,50,0,307
20007,Jun 16 2013,World Cup qualifier in Tanzania,Tanzania,Ivory Coast,1396,1807,2,4,-9,9,1387,1816,114,20,-2,0,112,20,40,100,-311
20008,Jun 17 2013,Confederations Cup in Brazil,Nigeria,Tahiti,1706,1236,6,1,6,-6,1712,1230,32,150,2,-2,34,148,50,0,470
20009,Jun 18 2013,World Cup qualifier in Australia,Australia,Iraq,1766,1552,1,0,6,-6,1772,1546,24,79,1,-4,25,75,40,100,314
20010,Jun 18 2013,World Cup qualifier in Costa Rica,Costa Rica,Panama,1725,1690,2,0,19,-19,1744,1671,30,46,1,-2,31,44,40,100,135
20011,Jun 18 2013,World Cup qualifier in Jordan,Jordan,Oman,1539,1563,1,0,16,-16,1555,1547,62,80,7,-7,69,73,30,0,-24
20012,Jun 18 2013,World Cup qualifier in South Korea,South Korea,Iran,1748,1668,0,1,-30,30,1718,1698,35,35,-2,5,33,40,40,100,180
20013,Jun 18 2013,World Cup qualifier in the United States,United States,Honduras,1796,1654,1,0,8,-8,1804,1646,20,53,2,-2,22,51,40,100,242
20014,Jun 18 2013,World Cup qualifier in Uzbekistan,Uzbekistan,Qatar,1621,1466,5,1,14,-14,1635,1452,52,105,1,-6,53,99,40,100,255
20015,Jun 19 2013,Confederations Cup in Brazil,Brazil,Mexico,2051,1842,2,0,11,-11,2062,1831,1,20,1,-2,2,18,50,100,309
20016,Jun 19 2013,Confederations Cup in Brazil,Italy,Japan,1932,1765,4,3,14,-14,1946,1751,7,31,0,-2,7,29,50,0,167
20017,Jun 20 2013,Confederations Cup in Brazil,Spain,Tahiti,2158,1230,10,0,1,-1,2159,1229,1,148,0,0,1,148,40,0,928
20018,Jun 20 2013,Confederations Cup in Brazil,Uruguay,Nigeria,1837,1712,2,1,16,-16,1853,1696,11,48,3,-7,14,41,50,0,125
20019,Jun 22 2013,Confederations Cup in Brazil,Brazil,Italy,2062,1946,4,2,17,-17,2079,1929,2,7,0,0,2,7,50,100,216
20020,Jun 22 2013,Confederations Cup in Brazil,Mexico,Japan,1831,1751,2,1,19,-19,1850,1732,16,33,1,-2,17,31,50,0,80
20021,Jun 22 2013,Friendly in France,Monaco,Vatican,895,700,2,0,7,-7,902,693,200,218,0,-1,200,217,20,0,195
20022,Jun 23 2013,Confederations Cup in Brazil,Spain,Nigeria,2159,1696,3,0,6,-6,2165,1690,1,43,0,-1,1,42,50,0,463
20023,Jun 23 2013,Confederations Cup in Brazil,Uruguay,Tahiti,1853,1229,8,0,3,-3,1856,1226,12,150,1,-1,13,149,40,0,624
20024,Jun 26 2013,Confederations Cup in Brazil,Brazil,Uruguay,2079,1856,2,1,7,-7,2086,1849,2,21,0,-4,2,17,30,0,223
20025,Jun 27 2013,Confederations Cup in Brazil,Italy,Spain,1929,2165,0,0,15,-15,1944,2150,7,1,0,0,7,1,50,0,-236
20026,Jun 30 2013,Confederations Cup in Brazil,Brazil,Spain,2086,2150,3,0,39,-39,2125,2111,0,3,1,-1,1,2,50,100,36
20027,Jun 30 2013,Confederations Cup in Brazil,Italy,Uruguay,1944,1849,2,2,-7,7,1937,1856,7,9,0,4,7,13,50,0,95
20028,Jul 5 2013,Friendly in the United States,United States,Guatemala,1804,1485,6,0,3,-3,1807,1482,20,89,1,0,21,89,20,100,419
20029,Jul 6 2013,Friendly in Malawi,Malawi,Mozambique,1364,1310,0,1,-14,14,1350,1324,129,126,-6,3,123,129,20,100,154
20030,Jul 6 2013,COSAFA Cup in Zambia,Namibia,Mauritius,1318,1029,2,1,6,-6,1324,1023,129,185,0,0,129,185,40,0,289
20031,Jul 7 2013,COSAFA Cup in Zambia,Botswana,Swaziland,1286,1111,0,0,-9,9,1277,1120,143,174,-3,2,140,176,40,0,175
20032,Jul 7 2013,CONCACAF Championship in the United States,Martinique,Canada,1399,1564,1,0,36,-36,1435,1528,93,95,8,-15,101,80,50,0,-165
20033,Jul 7 2013,CONCACAF Championship in the United States,Panama,Mexico,1671,1850,2,1,37,-37,1708,1813,28,23,8,-3,36,20,50,0,-179
20034,Jul 8 2013,CONCACAF Championship in the United States,El Salvador,Trinidad and Tobago,1536,1413,2,2,-8,8,1528,1421,81,103,-2,2,79,105,30,100,223
20035,Jul 8 2013,CONCACAF Championship in the United States,Honduras,Haiti,1646,1435,2,0,17,-17,1663,1418,43,111,4,-5,47,106,50,0,211
20036,Jul 8 2013,COSAFA Cup in Zambia,Kenya,Lesotho,1400,1146,2,2,-12,12,1388,1158,113,163,-2,4,111,167,30,100,354
20037,Jul 8 2013,COSAFA Cup in Zambia,Namibia,Seychelles,1324,1012,4,2,9,-9,1333,1003,129,188,0,0,129,188,40,0,312
20038,Jul 9 2013,COSAFA Cup in Zambia,Botswana,Lesotho,1277,1158,3,3,-7,7,1270,1165,144,165,-2,1,142,166,40,0,119
20039,Jul 9 2013,CONCACAF Championship in the United States,Costa Rica,Cuba,1744,1433,3,0,13,-13,1757,1420,28,108,1,-3,29,105,50,0,311
20040,Jul 9 2013,COSAFA Cup in Zambia,Kenya,Swaziland,1388,1120,2,0,11,-11,1399,1109,107,180,2,-2,109,178,40,0,268
20041,Jul 9 2013,CONCACAF Championship in the United States,United States,Belize,1807,1173,6,1,1,-1,1808,1172,21,165,0,0,21,165,20,0,634
20042,Jul 10 2013,COSAFA Cup in Zambia,Mauritius,Seychelles,1023,1003,4,0,35,-35,1058,968,181,196,2,-4,183,192,40,0,20
20043,Jul 11 2013,COSAFA Cup in Zambia,Botswana,Kenya,1270,1399,2,1,27,-27,1297,1372,130,123,6,-7,136,116,40,0,-129
20044,Jul 11 2013,COSAFA Cup in Zambia,Lesotho,Swaziland,1165,1109,2,0,25,-25,1190,1084,152,182,7,-2,159,180,40,0,56
20045,Jul 11 2013,CONCACAF Championship in the United States,Mexico,Canada,1813,1528,2,0,12,-12,1825,1516,16,89,2,-5,18,84,50,0,285
20046,Jul 11 2013,CONCACAF Championship in the United States,Panama,Martinique,1708,1435,1,0,9,-9,1717,1426,32,103,2,-1,34,102,50,0,273
20047,Jul 12 2013,CONCACAF Championship in the United States,Haiti,Trinidad and Tobago,1418,1421,2,0,38,-38,1456,1383,90,122,8,-9,98,113,50,0,-3
20048,Jul 12 2013,CONCACAF Championship in the United States,Honduras,El Salvador,1663,1528,1,0,16,-16,1679,1512,41,97,3,-9,44,88,50,0,135
20049,Jul 13 2013,CONCACAF Championship in the United States,Costa Rica,Belize,1757,1172,1,0,2,-2,1759,1170,27,166,1,0,28,166,50,0,585
20050,Jul 13 2013,COSAFA Cup in Zambia,Malawi,Zimbabwe,1350,1343,1,1,0,0,1350,1343,123,127,0,0,123,127,20,0,7
20051,Jul 13 2013,COSAFA Cup in Zambia,South Africa,Namibia,1551,1333,2,1,9,-9,1560,1324,62,129,4,0,66,129,40,0,218
20052,Jul 13 2013,CONCACAF Championship in the United States,United States,Cuba,1808,1420,4,1,5,-5,1813,1415,21,107,0,-1,21,106,30,0,388
20053,Jul 14 2013,COSAFA Cup in Zambia,Angola,Lesotho,1452,1190,1,1,-13,13,1439,1203,102,149,-1,5,101,154,40,0,262
20054,Jul 14 2013,Island Games in Bermuda,Bermuda,Greenland,1187,967,3,0,10,-10,1197,957,157,195,2,-1,159,194,40,100,320
20055,Jul 14 2013,CONCACAF Championship in the United States,Canada,Panama,1516,1717,0,0,13,-13,1529,1704,73,40,5,-3,78,37,50,0,-201
20056,Jul 14 2013,CONCACAF Championship in the United States,Mexico,Martinique,1825,1426,3,1,7,-7,1832,1419,18,105,0,-1,18,104,50,0,399
20057,Jul 14 2013,COSAFA Cup in Zambia,Zambia,Mozambique,1538,1324,3,1,8,-8,1546,1316,72,131,2,-1,74,130,40,100,314
20058,Jul 15 2013,Island Games in Bermuda,Bermuda,Falkland Islands,1197,593,8,0,2,-2,1199,591,157,228,1,0,158,228,30,0,604
20059,Jul 15 2013,CONCACAF Championship in the United States,El Salvador,Haiti,1512,1456,1,0,21,-21,1533,1435,66,106,11,-4,77,102,50,0,56
20060,Jul 15 2013,CONCACAF Championship in the United States,Trinidad and Tobago,Honduras,1383,1679,2,0,63,-63,1446,1616,87,64,13,-10,100,54,50,0,-296
20061,Jul 16 2013,COSAFA Cup in Zambia,Angola,Malawi,1439,1350,3,2,15,-15,1454,1335,97,133,2,-5,99,128,40,0,89
20062,Jul 16 2013,CONCACAF Championship in the United States,Cuba,Belize,1415,1170,4,0,18,-18,1433,1152,99,170,4,-2,103,168,50,0,245
20063,Jul 16 2013,COSAFA Cup in Zambia,Mozambique,Namibia,1316,1324,1,0,20,-20,1336,1304,124,141,3,-6,127,135,40,0,-8
20064,Jul 16 2013,CONCACAF Championship in the United States,United States,Costa Rica,1813,1759,1,0,15,-15,1828,1744,17,32,2,-2,19,30,50,100,154
20065,Jul 17 2013,Island Games in Bermuda,Greenland,Falkland Islands,957,591,9,0,11,-11,968,580,190,230,2,-1,192,229,40,0,366
20066,Jul 17 2013,COSAFA Cup in Zambia,Zambia,South Africa,1546,1560,0,0,-5,5,1541,1565,78,64,-2,1,76,65,40,100,86
20067,Jul 17 2013,COSAFA Cup in Zambia,Zimbabwe,Lesotho,1343,1203,2,1,12,-12,1355,1191,114,166,6,-6,120,160,40,0,140
20068,Jul 18 2013,Island Games in Bermuda,Bermuda,Greenland,1199,968,1,0,5,-5,1204,963,151,196,3,-2,154,194,40,100,331
20069,Jul 18 2013,COSAFA Cup in Zambia,Mozambique,Angola,1336,1454,1,0,27,-27,1363,1427,107,109,10,-5,117,104,40,0,-118
20070,Jul 20 2013,CONCACAF Championship in the United States,Mexico,Trinidad and Tobago,1832,1446,1,0,5,-5,1837,1441,18,100,0,0,18,100,50,0,386
20071,Jul 20 2013,CONCACAF Championship in the United States,Panama,Cuba,1704,1433,6,1,17,-17,1721,1416,27,112,5,-5,32,107,50,0,271
20072,Jul 20 2013,COSAFA Cup in Zambia,South Africa,Lesotho,1565,1191,2,1,4,-4,1569,1187,65,162,0,-1,65,161,40,0,374
20073,Jul 20 2013,East Asian Championship in South Korea,South Korea,Australia,1718,1772,0,0,-3,3,1715,1775,35,25,-1,0,34,25,40,100,46
20074,Jul 20 2013,COSAFA Cup in Zambia,Zambia,Zimbabwe,1541,1355,2,0,10,-10,1551,1345,66,133,5,-6,71,127,40,100,286
20075,Jul 21 2013,East Asian Championship in South Korea,China,Japan,1558,1732,3,3,9,-9,1567,1723,65,29,1,1,66,30,40,0,-174
20076,Jul 21 2013,CONCACAF Championship in the United States,Honduras,Costa Rica,1616,1744,1,0,34,-34,1650,1710,46,42,4,-6,50,36,50,0,-128
20077,Jul 21 2013,CONCACAF Championship in the United States,United States,El Salvador,1828,1533,5,1,9,-9,1837,1524,17,87,1,-5,18,82,30,0,295
20078,Jul 24 2013,CONCACAF Championship in the United States,Panama,Mexico,1721,1837,2,1,33,-33,1754,1804,27,26,2,-4,29,22,50,0,-116
20079,Jul 24 2013,East Asian Championship in South Korea,South Korea,China,1715,1567,0,0,-12,12,1703,1579,41,58,-4,4,37,62,40,100,248
20080,Jul 24 2013,CONCACAF Championship in the United States,United States,Honduras,1837,1650,3,1,12,-12,1849,1638,16,54,1,-2,17,52,50,100,287
20081,Jul 25 2013,East Asian Championship in South Korea,Japan,Australia,1723,1775,3,2,23,-23,1746,1752,31,33,0,-4,31,29,40,0,-52
20082,Jul 28 2013,East Asian Championship in South Korea,China,Australia,1579,1752,4,3,29,-29,1608,1723,50,33,6,-2,56,31,40,0,-173
20083,Jul 28 2013,East Asian Championship in South Korea,South Korea,Japan,1703,1746,1,2,-23,23,1680,1769,49,19,-6,6,43,25,40,100,57
20084,Jul 28 2013,CONCACAF Championship in the United States,United States,Panama,1849,1754,1,0,12,-12,1861,1742,7,32,5,-2,12,30,50,100,195
20085,Aug 6 2013,Friendly in Jordan,Jordan,Palestine,1555,1291,4,1,4,-4,1559,1287,67,137,1,0,68,137,20,100,364
20086,Aug 9 2013,Friendly in Jordan,Jordan,Libya,1559,1562,2,1,7,-7,1566,1555,66,71,1,-2,67,69,20,100,97
20087,Aug 14 2013,Friendly in Albania,Albania,Armenia,1546,1533,2,0,10,-10,1556,1523,63,87,6,-5,69,82,20,100,113
20088,Aug 14 2013,Friendly in Algeria,Algeria,Guinea,1579,1522,2,2,-4,4,1575,1526,67,76,-2,4,65,80,20,100,157
20089,Aug 14 2013,Friendly in Austria,Austria,Greece,1641,1803,0,2,-12,12,1629,1815,55,19,-2,2,53,21,20,100,-62
20090,Aug 14 2013,Friendly in Azerbaijan,Azerbaijan,Malta,1392,1274,3,0,8,-8,1400,1266,106,142,2,0,108,142,20,100,218
20091,Aug 14 2013,Friendly in Belarus,Belarus,Montenegro,1603,1658,1,1,-1,1,1602,1659,57,49,1,-1,58,48,20,100,45
20092,Aug 14 2013,Friendly in Belgium,Belgium,France,1838,1858,0,0,-2,2,1836,1860,20,13,-1,0,19,13,20,100,80
20093,Aug 14 2013,Friendly in Bosnia and Herzegovina,Bosnia and Herzegovina,United States,1807,1861,3,4,-11,11,1796,1872,27,8,-3,2,24,10,20,100,46
20094,Aug 14 2013,Friendly in Portugal,Cape Verde,Gabon,1461,1516,1,1,2,-2,1463,1514,92,87,2,-1,94,86,20,0,-55
20095,Aug 14 2013,Friendly in Denmark,Chile,Iraq,1853,1546,6,0,6,-6,1859,1540,12,79,2,-2,14,77,20,0,307
20096,Aug 14 2013,Friendly in Spain,Colombia,Serbia,1912,1693,1,0,4,-4,1916,1689,8,41,0,0,8,41,20,0,219
20097,Aug 14 2013,Friendly in the Dominican Republic,Dominican Republic,Costa Rica,1266,1710,0,4,-5,5,1261,1715,144,29,0,3,144,32,20,100,-344
20098,Aug 14 2013,Friendly in Ecuador,Ecuador,Spain,1856,2111,0,2,-9,9,1847,2120,18,0,-2,1,16,1,20,100,-155
20099,Aug 14 2013,Friendly in Egypt,Egypt,Uganda,1673,1528,3,0,7,-7,1680,1521,42,86,1,-3,43,83,20,100,245
20100,Aug 14 2013,Friendly in England,England,Scotland,1951,1650,3,2,2,-2,1953,1648,6,50,0,0,6,50,20,100,401
20101,Aug 14 2013,Friendly in Estonia,Estonia,Latvia,1475,1468,1,1,-3,3,1472,1471,91,92,0,0,91,92,20,100,107
20102,Aug 14 2013,Friendly in Finland,Finland,Slovenia,1664,1608,2,0,9,-9,1673,1599,44,62,1,-3,45,59,20,100,156
20103,Aug 14 2013,Friendly in Germany,Germany,Paraguay,2054,1701,3,3,-9,9,2045,1710,3,32,0,3,3,35,20,100,453
20104,Aug 14 2013,Friendly in Hungary,Hungary,Czechia,1697,1769,1,1,-1,1,1696,1770,40,25,0,0,40,25,20,100,28
20105,Aug 14 2013,Friendly in Iceland,Iceland,Faroe Islands,1480,1203,1,0,2,-2,1482,1201,88,157,1,-1,89,156,20,100,377
20106,Aug 14 2013,Friendly in Indonesia,Indonesia,Philippines,1215,1228,2,0,11,-11,1226,1217,144,156,4,-4,148,152,20,100,87
20107,Aug 14 2013,Friendly tournament in Italy,Italy,Argentina,1937,2004,1,2,-16,16,1921,2020,7,3,0,1,7,4,30,100,33
20108,Aug 14 2013,Friendly in Japan,Japan,Uruguay,1769,1856,2,4,-16,16,1753,1872,29,6,-2,4,27,10,20,100,13
20109,Aug 14 2013,Friendly in Kazakhstan,Kazakhstan,Georgia,1350,1514,1,0,12,-12,1362,1502,114,89,5,-1,119,88,20,100,-64
20110,Aug 14 2013,Friendly in Libya,Libya,Central African Republic,1555,1276,0,0,-8,8,1547,1284,79,135,-5,3,74,138,20,100,379
20111,Aug 14 2013,Friendly in Liechtenstein,Liechtenstein,Croatia,1203,1867,2,3,-1,1,1202,1868,155,13,0,-1,155,12,20,100,-564
20112,Aug 14 2013,Friendly in Luxembourg,Luxembourg,Lithuania,1175,1461,2,1,15,-15,1190,1446,157,104,3,-4,160,100,20,100,-186
20113,Aug 14 2013,Friendly in Macedonia,Macedonia,Bulgaria,1524,1705,2,0,18,-18,1542,1687,70,48,6,-6,76,42,20,100,-81
20114,Aug 14 2013,Friendly in the United States,Mexico,Ivory Coast,1804,1816,4,1,18,-18,1822,1798,18,26,2,-3,20,23,20,0,-12
20115,Aug 14 2013,Friendly in Moldova,Moldova,Andorra,1394,988,1,1,-9,9,1385,997,113,188,-2,1,111,189,20,100,506
20116,Aug 14 2013,Friendly in Morocco,Morocco,Burkina Faso,1529,1556,1,2,-12,12,1517,1568,90,64,-6,2,84,66,20,100,73
20117,Aug 14 2013,World Cup qualifier in Northern Ireland,Northern Ireland,Russia,1418,1879,1,0,36,-36,1454,1843,90,24,8,-7,98,17,40,100,-361
20118,Aug 14 2013,Friendly in Poland,Poland,Denmark,1651,1721,3,2,9,-9,1660,1712,45,34,2,-1,47,33,20,100,30
20119,Aug 14 2013,Friendly in Portugal,Portugal,Netherlands,1910,2009,1,1,0,0,1910,2009,9,6,0,-1,9,5,20,100,1
20120,Aug 14 2013,Friendly in Romania,Romania,Slovakia,1759,1578,1,1,-7,7,1752,1585,28,62,0,1,28,63,20,100,281
20121,Aug 14 2013,Friendly in Rwanda,Rwanda,Malawi,1355,1335,0,1,-13,13,1342,1348,135,122,-7,3,128,125,20,100,120
20122,Aug 14 2013,Friendly in France,Senegal,Zambia,1547,1551,1,1,0,0,1547,1551,75,71,-1,0,74,71,20,0,-4
20123,Aug 14 2013,Asian Cup qualifier in Singapore,Singapore,Oman,1283,1547,0,2,-17,17,1266,1564,145,63,-3,5,142,68,40,100,-164
20124,Aug 14 2013,Friendly tournament in South Africa,South Africa,Nigeria,1569,1690,0,2,-21,21,1548,1711,80,26,-7,8,73,34,30,100,-21
20125,Aug 14 2013,Friendly in South Korea,South Korea,Peru,1680,1764,0,0,0,0,1680,1764,43,25,0,1,43,26,20,100,16
20126,Aug 14 2013,Friendly in Sweden,Sweden,Norway,1851,1712,4,2,6,-6,1857,1706,13,41,2,-4,15,37,20,100,239
20127,Aug 14 2013,Friendly in Switzerland,Switzerland,Brazil,1822,2125,1,0,15,-15,1837,2110,17,3,1,-1,18,2,20,100,-203
20128,Aug 14 2013,Friendly in Tajikistan,Tajikistan,India,1235,1126,3,0,8,-8,1243,1118,146,175,0,0,146,175,20,100,209
20129,Aug 14 2013,Friendly in Tunisia,Tunisia,Congo,1572,1401,3,0,6,-6,1578,1395,63,110,1,-1,64,109,20,100,271
20130,Aug 14 2013,Friendly in Turkey,Turkey,Ghana,1657,1703,2,2,-2,2,1655,1705,50,39,-1,-1,49,38,20,100,54
20131,Aug 14 2013,Friendly in Ukraine,Ukraine,Israel,1803,1671,2,0,6,-6,1809,1665,21,47,1,-1,22,46,20,100,232
20132,Aug 14 2013,Friendly in Venezuela,Venezuela,Bolivia,1712,1624,2,2,-5,5,1707,1629,39,52,-3,1,36,53,20,100,188
20133,Aug 14 2013,Friendly in Wales,Wales,Ireland,1607,1751,0,0,1,-1,1608,1750,54,29,2,0,56,29,20,100,-44
20134,Aug 15 2013,Asian Cup qualifier in Iran,Jordan,Syria,1566,1515,1,1,-3,3,1563,1518,69,83,-1,1,68,84,40,0,51
20135,Aug 17 2013,Friendly in South Africa,South Africa,Burkina Faso,1548,1568,2,0,12,-12,1560,1556,63,72,5,-3,68,69,20,100,80
20136,Aug 20 2013,Friendly in Afghanistan,Afghanistan,Pakistan,944,927,3,0,12,-12,956,915,195,199,0,0,195,199,20,100,117
20137,Aug 27 2013,Friendly in Tunisia,Libya,Mali,1547,1591,1,0,11,-11,1558,1580,64,66,5,-3,69,63,20,0,-44
20138,Aug 30 2013,Friendly in Tunisia,Libya,Ghana,1558,1705,1,0,14,-14,1572,1691,63,42,3,-2,66,40,20,0,-147
20139,Aug 31 2013,Friendly in Botswana,Botswana,Uganda,1297,1521,1,3,-10,10,1287,1531,136,73,0,5,136,78,20,100,-124
20140,Aug 31 2013,South Asian Championship in Nepal,Nepal,Bangladesh,878,983,2,0,30,-30,908,953,198,199,2,-4,200,195,40,100,-5
20141,Sep 1 2013,South Asian Championship in Nepal,India,Pakistan,1118,915,1,0,9,-9,1127,906,175,201,0,-1,175,200,40,0,203
20142,Sep 2 2013,South Asian Championship in Nepal,Afghanistan,Bhutan,956,542,3,0,6,-6,962,536,194,233,0,0,194,233,40,0,414
20143,Sep 2 2013,South Asian Championship in Nepal,Maldives,Sri Lanka,1117,853,10,0,19,-19,1136,834,171,207,3,0,174,207,40,0,264
20144,Sep 3 2013,South Asian Championship in Nepal,Bangladesh,India,953,1127,1,1,9,-9,962,1118,193,176,1,0,194,176,40,0,-174
20145,Sep 3 2013,Friendly in Botswana,Botswana,Malawi,1287,1348,1,0,9,-9,1296,1339,136,131,0,-3,136,128,20,100,39
20146,Sep 3 2013,South Asian Championship in Nepal,Nepal,Pakistan,908,906,1,1,-6,6,902,912,201,198,-1,1,200,199,40,100,102
20147,Sep 4 2013,South Asian Championship in Nepal,Afghanistan,Sri Lanka,962,834,3,1,19,-19,981,815,188,209,3,-1,191,208,40,0,128
20148,Sep 4 2013,Friendly in Equatorial Guinea,Equatorial Guinea,Libya,1311,1572,1,1,4,-4,1315,1568,131,66,0,0,131,66,20,100,-161
20149,Sep 4 2013,South Asian Championship in Nepal,Maldives,Bhutan,1136,536,8,2,3,-3,1139,533,174,233,0,0,174,233,40,0,600
20150,Sep 5 2013,South Asian Championship in Nepal,Nepal,India,902,1118,2,1,26,-26,928,1092,198,180,1,-2,199,178,40,100,-116
20151,Sep 5 2013,South Asian Championship in Nepal,Pakistan,Bangladesh,912,962,2,1,23,-23,935,939,195,195,2,0,197,195,40,0,-50
20152,Sep 5 2013,Friendly in Qatar,Qatar,Mauritius,1452,1058,3,0,2,-2,1454,1056,97,183,1,0,98,183,20,100,494
20153,Sep 5 2013,Friendly tournament in Saudi Arabia,Saudi Arabia,New Zealand,1514,1590,0,1,-16,16,1498,1606,90,54,-2,3,88,57,30,100,24
20154,Sep 5 2013,Friendly tournament in Saudi Arabia,Trinidad and Tobago,United Arab Emirates,1441,1612,3,3,7,-7,1448,1605,99,61,1,-3,100,58,30,0,-171
20155,Sep 6 2013,South Asian Championship in Nepal,Afghanistan,Maldives,981,1139,0,0,9,-9,990,1130,191,176,0,-1,191,175,40,0,-158
20156,Sep 6 2013,Friendly in Belarus,Belarus,Kyrgyzstan,1602,1156,3,1,1,-1,1603,1155,61,167,-1,0,60,167,20,100,546
20157,Sep 6 2013,World Cup qualifier in Bosnia and Herzegovina,Bosnia and Herzegovina,Slovakia,1796,1585,0,1,-34,34,1762,1619,26,46,-1,8,25,54,40,100,311
20158,Sep 6 2013,World Cup qualifier in Chile,Chile,Venezuela,1859,1707,3,0,13,-13,1872,1694,10,42,2,-3,12,39,40,100,252
20159,Sep 6 2013,Friendly in China,China,Singapore,1608,1266,6,1,3,-3,1611,1263,55,142,0,0,55,142,20,100,442
20160,Sep 6 2013,World Cup qualifier in Colombia,Colombia,Ecuador,1916,1847,1,0,11,-11,1927,1836,6,20,1,-2,7,18,40,100,169
20161,Sep 6 2013,World Cup qualifier in Costa Rica,Costa Rica,United States,1715,1872,3,1,35,-35,1750,1837,22,24,5,-7,27,17,40,100,-57
20162,Sep 6 2013,World Cup qualifier in Czechia,Czechia,Armenia,1770,1523,1,2,-35,35,1735,1558,33,59,-4,12,29,71,40,100,347
20163,Sep 6 2013,World Cup qualifier in England,England,Moldova,1953,1385,4,0,2,-2,1955,1383,6,115,0,-2,6,113,30,0,568
20164,Sep 6 2013,World Cup qualifier in Estonia,Estonia,Netherlands,1472,2009,2,2,17,-17,1489,1992,89,5,1,0,90,5,40,100,-437
20165,Sep 6 2013,World Cup qualifier in Finland,Finland,Spain,1673,2120,0,2,-7,7,1666,2127,47,1,-1,0,46,1,40,100,-347
20166,Sep 6 2013,World Cup qualifier in Georgia,Georgia,France,1502,1860,0,0,13,-13,1515,1847,83,17,2,-2,85,15,40,100,-258
20167,Sep 6 2013,World Cup qualifier in Germany,Germany,Austria,2045,1629,3,0,3,-3,2048,1626,3,51,0,1,3,52,20,0,416
20168,Sep 6 2013,World Cup qualifier in Ghana,Ghana,Zambia,1691,1551,2,1,8,-8,1699,1543,34,81,3,-4,37,77,40,100,240
20169,Sep 6 2013,World Cup qualifier in Ireland,Ireland,Sweden,1750,1857,1,2,-20,20,1730,1877,31,7,-1,4,30,11,40,100,-7
20170,Sep 6 2013,World Cup qualifier in Italy,Italy,Bulgaria,1921,1687,1,0,5,-5,1926,1682,9,42,-1,0,8,42,40,100,334
20171,Sep 6 2013,Friendly in Japan,Japan,Guatemala,1753,1482,3,0,4,-4,1757,1478,25,95,1,-3,26,92,20,100,371
20172,Sep 6 2013,World Cup qualifier in Jordan,Jordan,Uzbekistan,1563,1635,1,1,-2,2,1561,1637,68,50,0,1,68,51,40,100,28
20173,Sep 6 2013,World Cup qualifier in Kazakhstan,Kazakhstan,Faroe Islands,1362,1201,2,1,7,-7,1369,1194,115,162,2,-3,117,159,40,100,261
20174,Sep 6 2013,Friendly in Kuwait,Kuwait,North Korea,1549,1590,2,1,8,-8,1557,1582,70,63,2,-1,72,62,20,100,59
20175,Sep 6 2013,World Cup qualifier in Latvia,Latvia,Lithuania,1471,1446,2,1,13,-13,1484,1433,90,101,1,0,91,101,40,100,125
20176,Sep 6 2013,Friendly in Lebanon,Lebanon,Syria,1350,1518,2,0,18,-18,1368,1500,112,90,6,-3,118,87,20,100,-68
20177,Sep 6 2013,World Cup qualifier in Liechtenstein,Liechtenstein,Greece,1202,1815,0,1,-2,2,1200,1817,157,19,-1,1,156,20,40,100,-513
20178,Sep 6 2013,World Cup qualifier in Macedonia,Macedonia,Wales,1542,1608,2,1,18,-18,1560,1590,62,67,7,-6,69,61,30,0,-66
20179,Sep 6 2013,World Cup qualifier in Malta,Malta,Denmark,1266,1712,1,2,-5,5,1261,1717,144,35,-1,-1,143,34,40,100,-346
20180,Sep 6 2013,World Cup qualifier in Mexico,Mexico,Honduras,1822,1638,1,2,-33,33,1789,1671,26,39,-3,6,23,45,40,100,284
20181,Sep 6 2013,Friendly in Myanmar,Myanmar,Hong Kong,1003,1189,0,0,2,-2,1005,1187,188,161,0,0,188,161,20,100,-86
20182,Sep 6 2013,World Cup qualifier in Norway,Norway,Cyprus,1706,1428,2,0,6,-6,1712,1422,33,107,2,-2,35,105,40,100,378
20183,Sep 6 2013,World Cup qualifier in Northern Ireland,Northern Ireland,Portugal,1454,1910,2,4,-7,7,1447,1917,102,9,-2,0,100,9,40,100,-356
20184,Sep 6 2013,World Cup qualifier in Panama,Panama,Jamaica,1742,1527,0,0,-14,14,1728,1541,34,76,-2,2,32,78,40,100,315
20185,Sep 6 2013,World Cup qualifier in Paraguay,Paraguay,Bolivia,1710,1629,4,0,20,-20,1730,1609,25,61,5,-4,30,57,40,100,181
20186,Sep 6 2013,World Cup qualifier in Peru,Peru,Uruguay,1764,1872,1,2,-20,20,1744,1892,30,10,-2,0,28,10,40,100,-8
20187,Sep 6 2013,World Cup qualifier in Poland,Poland,Montenegro,1660,1659,1,1,-6,6,1654,1665,53,46,-3,1,50,47,40,100,101
20188,Sep 6 2013,World Cup qualifier in Romania,Romania,Hungary,1752,1696,3,0,20,-20,1772,1676,20,49,4,-5,24,44,40,100,156
20189,Sep 6 2013,World Cup qualifier in Russia,Russia,Luxembourg,1843,1190,4,1,1,-1,1844,1189,15,160,1,0,16,160,20,0,653
20190,Sep 6 2013,World Cup qualifier in Scotland,Scotland,Belgium,1648,1836,0,2,-23,23,1625,1859,56,9,-3,5,53,14,40,100,-88
20191,Sep 6 2013,World Cup qualifier in Serbia,Serbia,Croatia,1689,1868,1,1,4,-4,1693,1864,39,14,1,-1,40,13,40,100,-79
20192,Sep 6 2013,World Cup qualifier in Slovenia,Slovenia,Albania,1599,1556,1,0,12,-12,1611,1544,50,82,5,-6,55,76,40,100,143
20193,Sep 6 2013,Friendly in South Korea,South Korea,Haiti,1680,1435,4,1,4,-4,1684,1431,39,102,2,0,41,102,20,100,345
20194,Sep 6 2013,South Asian Championship in Nepal,Sri Lanka,Bhutan,815,533,5,2,12,-12,827,521,206,233,1,0,207,233,40,0,282
20195,Sep 6 2013,World Cup qualifier in Switzerland,Switzerland,Iceland,1837,1482,4,4,-17,17,1820,1499,20,87,-1,1,19,88,40,100,455
20196,Sep 6 2013,World Cup qualifier in Turkey,Turkey,Andorra,1655,997,5,0,1,-1,1656,996,49,189,0,0,49,189,20,0,658
20197,Sep 6 2013,World Cup qualifier in Ukraine,Ukraine,San Marino,1809,882,9,0,0,0,1809,882,20,202,1,0,21,202,20,0,927
20198,Sep 7 2013,World Cup qualifier in Angola,Angola,Liberia,1427,1334,4,1,17,-17,1444,1317,99,131,2,-1,101,130,40,100,193
20199,Sep 7 2013,Friendly in Brazil,Brazil,Australia,2110,1723,6,0,2,-2,2112,1721,2,33,0,0,2,33,20,100,487
20200,Sep 7 2013,World Cup qualifier in Burkina Faso,Burkina Faso,Gabon,1556,1514,1,0,12,-12,1568,1502,57,88,8,-1,65,87,40,100,142
20201,Sep 7 2013,World Cup qualifier in Congo,Ethiopia,Central African Republic,1385,1284,2,1,14,-14,1399,1270,107,142,2,-2,109,140,40,0,101
20202,Sep 7 2013,World Cup qualifier in The Gambia,Gambia,Tanzania,1306,1387,2,0,28,-28,1334,1359,124,134,5,-12,129,122,30,0,-81
20203,Sep 7 2013,World Cup qualifier in Israel,Israel,Azerbaijan,1665,1400,1,1,-16,16,1649,1416,53,106,-3,1,50,107,40,100,365
20204,Sep 7 2013,World Cup qualifier in Ivory Coast,Ivory Coast,Morocco,1798,1517,1,1,-16,16,1782,1533,24,74,-1,5,23,79,40,100,381
20205,Sep 7 2013,World Cup qualifier in Niger,Niger,Congo,1284,1395,2,2,1,-1,1285,1394,138,111,0,-1,138,110,40,100,-11
20206,Sep 7 2013,World Cup qualifier in Nigeria,Nigeria,Malawi,1711,1339,2,0,4,-4,1715,1335,34,128,1,0,35,128,40,100,472
20207,Sep 7 2013,World Cup qualifier in Morocco,Senegal,Uganda,1547,1531,1,0,19,-19,1566,1512,61,90,7,-5,68,85,40,0,16
20208,Sep 7 2013,World Cup qualifier in Sierra Leone,Sierra Leone,Equatorial Guinea,1352,1315,3,2,12,-12,1364,1303,112,139,6,-4,118,135,40,100,137
20209,Sep 7 2013,World Cup qualifier in South Africa,South Africa,Botswana,1560,1296,4,1,8,-8,1568,1288,61,136,4,0,65,136,40,100,364
20210,Sep 7 2013,World Cup qualifier in Tunisia,Tunisia,Cape Verde,1578,1463,0,2,-47,47,1531,1510,96,78,-16,8,80,86,40,100,215
20211,Sep 8 2013,World Cup qualifier in Benin,Benin,Rwanda,1375,1342,2,0,19,-19,1394,1323,106,129,4,-1,110,128,40,100,133
20212,Sep 8 2013,World Cup qualifier in Cameroon,Cameroon,Libya,1554,1568,1,0,15,-15,1569,1553,56,83,9,-9,65,74,40,100,86
20213,Sep 8 2013,Friendly in Spain,Canada,Mauritania,1529,1151,0,0,-8,8,1521,1159,85,165,-2,2,83,167,20,0,378
20214,Sep 8 2013,World Cup qualifier in Kenya,Kenya,Namibia,1372,1304,1,0,11,-11,1383,1293,111,136,2,-1,113,135,40,100,168
20215,Sep 8 2013,South Asian Championship in Nepal,Nepal,Afghanistan,928,990,0,1,-22,22,906,1012,201,185,-1,3,200,188,40,100,38
20216,Sep 8 2013,World Cup qualifier in Sudan,Sudan,Lesotho,1360,1187,1,3,-50,50,1310,1237,141,133,-10,14,131,147,40,100,273
20217,Sep 8 2013,World Cup qualifier in Togo,Togo,DR Congo,1463,1464,2,1,14,-14,1477,1450,93,102,1,-4,94,98,40,100,99
20218,Sep 8 2013,World Cup qualifier in Zimbabwe,Zimbabwe,Mozambique,1345,1363,1,1,-5,5,1340,1368,124,115,1,2,125,117,40,100,82
20219,Sep 9 2013,South Asian Championship in Nepal,India,Maldives,1092,1130,1,0,22,-22,1114,1108,174,179,2,-2,176,177,40,0,-38
20220,Sep 9 2013,Friendly in Kuwait,Kuwait,Bahrain,1557,1462,2,1,5,-5,1562,1457,67,97,3,-1,70,96,20,100,195
20221,Sep 9 2013,Friendly in Qatar,Qatar,Lebanon,1454,1368,1,1,-5,5,1449,1373,101,115,-2,1,99,116,20,100,186
20222,Sep 9 2013,Friendly tournament in Saudi Arabia,Saudi Arabia,Trinidad and Tobago,1498,1448,1,3,-32,32,1466,1480,100,85,-5,7,95,92,30,100,150
20223,Sep 9 2013,Friendly tournament in Saudi Arabia,United Arab Emirates,New Zealand,1605,1606,2,0,23,-23,1628,1583,45,64,7,-3,52,61,30,0,-1
20224,Sep 10 2013,World Cup qualifier in Algeria,Algeria,Mali,1575,1580,1,0,15,-15,1590,1565,54,69,5,-3,59,66,30,0,-5
20225,Sep 10 2013,World Cup qualifier in Andorra,Andorra,Netherlands,996,1992,0,2,0,0,996,1992,190,5,0,0,190,5,20,0,-996
20226,Sep 10 2013,World Cup qualifier in Armenia,Armenia,Denmark,1558,1717,0,1,-17,17,1541,1734,77,20,-2,7,75,27,40,100,-59
20227,Sep 10 2013,World Cup qualifier in Austria,Austria,Ireland,1626,1730,1,0,20,-20,1646,1710,49,44,2,-7,51,37,40,100,-4
20228,Sep 10 2013,World Cup qualifier in Belarus,Belarus,France,1603,1847,2,4,-18,18,1585,1865,61,13,-1,1,60,14,40,100,-144
20229,Sep 10 2013,World Cup qualifier in Bolivia,Bolivia,Ecuador,1609,1836,1,1,7,-7,1616,1829,54,20,2,-1,56,19,40,100,-127
20230,Sep 10 2013,Friendly in the United States,Brazil,Portugal,2112,1917,3,1,7,-7,2119,1910,2,9,0,0,2,9,20,0,195
20231,Sep 10 2013,Friendly in Switzerland,Chile,Spain,1872,2127,2,2,6,-6,1878,2121,12,1,0,0,12,1,20,0,-255
20232,Sep 10 2013,Friendly in China,China,Malaysia,1611,1178,2,0,1,-1,1612,1177,58,163,-1,0,57,163,20,100,533
20233,Sep 10 2013,World Cup qualifier in Cyprus,Cyprus,Slovenia,1422,1611,0,2,-22,22,1400,1633,111,50,-3,3,108,53,40,100,-89
20234,Sep 10 2013,World Cup qualifier in Egypt,Egypt,Guinea,1680,1526,4,2,11,-11,1691,1515,37,85,3,-2,40,83,40,100,254
20235,Sep 10 2013,World Cup qualifier in the Faroe Islands,Faroe Islands,Germany,1194,2048,0,3,-1,1,1193,2049,162,3,-1,0,161,3,30,100,-754
20236,Sep 10 2013,World Cup qualifier in Georgia,Georgia,Finland,1515,1666,0,1,-17,17,1498,1683,94,42,-5,2,89,44,40,100,-51
20237,Sep 10 2013,World Cup qualifier in Greece,Greece,Latvia,1817,1484,1,0,3,-3,1820,1481,20,89,0,1,20,90,20,0,333
20238,Sep 10 2013,World Cup qualifier in Honduras,Honduras,Panama,1671,1728,2,2,-2,2,1669,1730,49,24,-2,4,47,28,30,100,43
20239,Sep 10 2013,Friendly in Hong Kong,Hong Kong,Singapore,1187,1263,1,0,9,-9,1196,1254,156,146,3,-2,159,144,20,100,24
20240,Sep 10 2013,World Cup qualifier in Hungary,Hungary,Estonia,1676,1489,5,1,12,-12,1688,1477,40,96,2,-3,42,93,40,100,287
20241,Sep 10 2013,World Cup qualifier in Iceland,Iceland,Albania,1499,1544,2,1,17,-17,1516,1527,75,85,7,-5,82,80,30,0,-45
20242,Sep 10 2013,World Cup qualifier in Italy,Italy,Czechia,1926,1735,2,1,6,-6,1932,1729,6,29,1,0,7,29,40,100,291
20243,Sep 10 2013,World Cup qualifier in Jamaica,Jamaica,Costa Rica,1541,1750,1,1,6,-6,1547,1744,69,25,4,1,73,26,40,100,-109
20244,Sep 10 2013,Friendly in Japan,Japan,Ghana,1757,1699,3,1,9,-9,1766,1690,24,45,1,-4,25,41,20,100,158
20245,Sep 10 2013,World Cup qualifier in Kazakhstan,Kazakhstan,Sweden,1369,1877,0,1,-3,3,1366,1880,119,11,-1,0,118,11,30,100,-408
20246,Sep 10 2013,World Cup qualifier in Lithuania,Lithuania,Liechtenstein,1433,1200,2,0,8,-8,1441,1192,100,167,1,-5,101,162,40,100,333
20247,Sep 10 2013,World Cup qualifier in Luxembourg,Luxembourg,Northern Ireland,1189,1447,3,2,29,-29,1218,1418,143,110,9,-5,152,105,40,100,-158
20248,Sep 10 2013,World Cup qualifier in Macedonia,Macedonia,Scotland,1560,1625,1,2,-22,22,1538,1647,82,46,-5,4,77,50,40,100,35
20249,Sep 10 2013,World Cup qualifier in Malta,Malta,Bulgaria,1261,1682,1,2,-5,5,1256,1687,143,44,0,-1,143,43,40,100,-321
20250,Sep 10 2013,Friendly in Spain,Mauritania,Canada,1159,1521,1,0,18,-18,1177,1503,159,89,4,-3,163,86,20,0,-362
20251,Sep 10 2013,Friendly in Nigeria,Nigeria,Burkina Faso,1715,1568,4,1,7,-7,1722,1561,31,72,2,-3,33,69,20,100,247
20252,Sep 10 2013,World Cup qualifier in Norway,Norway,Switzerland,1712,1820,0,2,-29,29,1683,1849,52,17,-8,1,44,18,40,100,-8
20253,Sep 10 2013,World Cup qualifier in Paraguay,Paraguay,Argentina,1730,2020,2,5,-18,18,1712,2038,40,4,-5,0,35,4,40,100,-190
20254,Sep 10 2013,World Cup qualifier in Romania,Romania,Turkey,1772,1656,0,2,-47,47,1725,1703,40,28,-8,10,32,38,40,100,216
20255,Sep 10 2013,World Cup qualifier in Russia,Russia,Israel,1844,1649,3,1,9,-9,1853,1640,18,54,-1,-2,17,52,40,100,295
20256,Sep 10 2013,World Cup qualifier in San Marino,San Marino,Poland,882,1654,1,5,-2,2,880,1656,202,49,0,0,202,49,40,100,-672
20257,Sep 10 2013,World Cup qualifier in Slovakia,Slovakia,Bosnia and Herzegovina,1619,1762,1,2,-18,18,1601,1780,61,21,-3,2,58,23,40,100,-43
20258,Sep 10 2013,Friendly in South Africa,South Africa,Zimbabwe,1568,1340,1,2,-17,17,1551,1357,78,119,-6,3,72,122,20,100,328
20259,Sep 10 2013,Friendly in South Korea,South Korea,Croatia,1684,1864,1,2,-8,8,1676,1872,51,13,-5,0,46,13,20,100,-80
20260,Sep 10 2013,World Cup qualifier in Ukraine,Ukraine,England,1809,1955,0,0,3,-3,1812,1952,21,6,0,0,21,6,40,100,-46
20261,Sep 10 2013,World Cup qualifier in Uruguay,Uruguay,Colombia,1892,1927,2,0,24,-24,1916,1903,6,13,2,-3,8,10,40,100,65
20262,Sep 10 2013,World Cup qualifier in the United States,United States,Mexico,1837,1789,2,0,18,-18,1855,1771,15,26,1,-2,16,24,40,100,148
20263,Sep 10 2013,World Cup qualifier in Uzbekistan,Uzbekistan,Jordan,1637,1561,1,1,-9,9,1628,1570,57,55,-3,8,54,63,40,100,176
20264,Sep 10 2013,World Cup qualifier in Venezuela,Venezuela,Peru,1694,1744,3,2,17,-17,1711,1727,33,34,3,-3,36,31,30,0,-50
20265,Sep 10 2013,World Cup qualifier in Wales,Wales,Serbia,1590,1693,0,3,-35,35,1555,1728,80,20,-10,10,70,30,40,100,-3
20266,Sep 11 2013,South Asian Championship in Nepal,Afghanistan,India,1012,1114,2,0,39,-39,1051,1075,180,186,4,-5,184,181,40,0,-102
20267,Sep 30 2013,Friendly in Botswana,Botswana,Burkina Faso,1288,1561,1,0,15,-15,1303,1546,132,77,2,-4,134,73,20,100,-173
20268,Sep 30 2013,Friendly in Egypt,Egypt,Uganda,1691,1512,2,0,5,-5,1696,1507,40,86,0,-1,40,85,20,100,279
20269,Oct 2 2013,Friendly in Egypt,Egypt,Uganda,1696,1507,3,0,6,-6,1702,1501,38,89,1,-2,39,87,20,100,289
20270,Oct 5 2013,Friendly in China,United Arab Emirates,Laos,1628,862,2,0,0,0,1628,862,54,205,0,0,54,205,20,0,766
20271,Oct 6 2013,Friendly in Lebanon,Iraq,Yemen,1540,1201,3,2,2,-2,1542,1199,74,157,1,0,75,157,20,0,339
20272,Oct 8 2013,Friendly in Lebanon,Lebanon,Iraq,1373,1542,1,1,2,-2,1375,1540,116,77,0,-1,116,76,20,100,-69
20273,Oct 9 2013,Friendly in Jordan,Jordan,Kuwait,1570,1562,1,1,-3,3,1567,1565,65,64,-1,2,64,66,20,100,108
20274,Oct 9 2013,Friendly in Oman,Oman,Mauritania,1564,1177,0,0,-9,9,1555,1186,69,163,-1,0,68,163,20,100,487
20275,Oct 9 2013,Friendly in Qatar,Qatar,Vietnam,1449,1218,1,2,-17,17,1432,1235,103,144,-2,4,101,148,20,100,331
20276,Oct 9 2013,Friendly in China,United Arab Emirates,Malaysia,1628,1177,3,1,2,-2,1630,1175,54,165,0,-1,54,164,20,0,451
20277,Oct 10 2013,Friendly in Singapore,Singapore,Laos,1254,862,1,0,1,-1,1255,861,144,205,0,0,144,205,20,100,492
20278,Oct 10 2013,Friendly in Thailand,Thailand,Bahrain,1354,1457,1,0,10,-10,1364,1447,114,100,5,-2,119,98,20,100,-3
20279,Oct 11 2013,World Cup qualifier in Albania,Albania,Switzerland,1527,1849,1,2,-9,9,1518,1858,84,14,-2,2,82,16,40,100,-222
20280,Oct 11 2013,World Cup qualifier in Andorra,Andorra,Romania,996,1725,0,4,-2,2,994,1727,192,26,-1,3,191,29,40,100,-629
20281,Oct 11 2013,World Cup qualifier in Argentina,Argentina,Peru,2038,1727,3,1,5,-5,2043,1722,4,33,0,-1,4,32,40,100,411
20282,Oct 11 2013,World Cup qualifier in Armenia,Armenia,Bulgaria,1541,1687,2,1,23,-23,1564,1664,63,49,6,-3,69,46,40,100,-46
20283,Oct 11 2013,World Cup qualifier in Azerbaijan,Azerbaijan,Northern Ireland,1416,1418,2,0,22,-22,1438,1396,96,111,5,-3,101,108,40,100,98
20284,Oct 11 2013,World Cup qualifier in Bosnia and Herzegovina,Bosnia and Herzegovina,Liechtenstein,1780,1192,4,1,1,-1,1781,1191,25,160,-1,1,24,161,20,0,588
20285,Oct 11 2013,World Cup qualifier in Colombia,Colombia,Chile,1903,1878,3,3,-7,7,1896,1885,8,10,1,1,9,11,40,100,125
20286,Oct 11 2013,World Cup qualifier in Croatia,Croatia,Belgium,1872,1859,1,2,-26,26,1846,1885,25,7,-6,4,19,11,40,100,113
20287,Oct 11 2013,World Cup qualifier in Denmark,Denmark,Italy,1734,1932,2,2,5,-5,1739,1927,27,7,0,0,27,7,20,0,-198
20288,Oct 11 2013,World Cup qualifier in Ecuador,Ecuador,Uruguay,1829,1916,1,0,19,-19,1848,1897,17,8,1,0,18,8,30,0,-87
20289,Oct 11 2013,World Cup qualifier in England,England,Montenegro,1952,1665,4,1,7,-7,1959,1658,6,48,0,0,6,48,40,100,387
20290,Oct 11 2013,World Cup qualifier in Estonia,Estonia,Turkey,1477,1703,0,2,-20,20,1457,1723,97,24,-2,7,95,31,40,100,-126
20291,Oct 11 2013,World Cup qualifier in the Faroe Islands,Faroe Islands,Kazakhstan,1193,1366,1,1,4,-4,1197,1362,155,124,3,-3,158,121,40,100,-73
20292,Oct 11 2013,Friendly in France,France,Australia,1865,1721,6,0,8,-8,1873,1713,14,38,0,-2,14,36,20,100,244
20293,Oct 11 2013,World Cup qualifier in Germany,Germany,Ireland,2049,1710,3,0,5,-5,2054,1705,3,37,0,0,3,37,40,100,439
20294,Oct 11 2013,World Cup qualifier in Greece,Greece,Slovakia,1820,1601,1,0,5,-5,1825,1596,20,58,0,0,20,58,40,100,319
20295,Oct 11 2013,World Cup qualifier in Honduras,Honduras,Costa Rica,1669,1744,1,0,19,-19,1688,1725,37,34,5,-4,42,30,40,100,25
20296,Oct 11 2013,World Cup qualifier in Iceland,Iceland,Cyprus,1516,1400,2,0,13,-13,1529,1387,76,114,3,-3,79,111,40,100,216
20297,Oct 11 2013,World Cup qualifier in Lithuania,Lithuania,Latvia,1441,1481,2,0,25,-25,1466,1456,86,102,7,-6,93,96,30,0,-40
20298,Oct 11 2013,World Cup qualifier in Luxembourg,Luxembourg,Russia,1218,1853,0,4,-3,3,1215,1856,153,17,0,0,153,17,40,100,-535
20299,Oct 11 2013,World Cup qualifier in Malta,Malta,Czechia,1256,1729,1,4,-7,7,1249,1736,145,27,-1,1,144,28,40,100,-373
20300,Oct 11 2013,World Cup qualifier in Mexico,Mexico,Panama,1771,1730,2,1,12,-12,1783,1718,20,40,2,-6,22,34,40,100,141
20301,Oct 11 2013,World Cup qualifier in Moldova,Moldova,San Marino,1383,880,3,0,2,-2,1385,878,111,202,1,0,112,202,20,0,503
20302,Oct 11 2013,Friendly in Morocco,Morocco,South Africa,1533,1551,1,1,-2,2,1531,1553,76,71,1,0,77,71,20,100,82
20303,Oct 11 2013,World Cup qualifier in the Netherlands,Netherlands,Hungary,1992,1688,8,1,8,-8,2000,1680,5,46,0,-2,5,44,40,100,404
20304,Oct 11 2013,Friendly tournament in the Philippines,Philippines,Taiwan,1217,826,1,2,-28,28,1189,854,170,206,-8,1,162,207,30,100,491
20305,Oct 11 2013,World Cup qualifier in Portugal,Portugal,Israel,1910,1640,1,1,-16,16,1894,1656,11,46,-1,3,10,49,40,100,370
20306,Oct 11 2013,Friendly in Serbia,Serbia,Japan,1728,1766,2,0,12,-12,1740,1754,22,25,4,0,26,25,20,100,62
20307,Oct 11 2013,World Cup qualifier in Slovenia,Slovenia,Norway,1633,1683,3,0,30,-30,1663,1653,41,56,6,-6,47,50,30,0,-50
20308,Oct 11 2013,World Cup qualifier in Spain,Spain,Belarus,2121,1585,2,1,1,-1,2122,1584,1,60,0,0,1,60,20,0,536
20309,Oct 11 2013,World Cup qualifier in Sweden,Sweden,Austria,1880,1646,2,1,5,-5,1885,1641,11,55,0,-2,11,53,40,100,334
20310,Oct 11 2013,World Cup qualifier in Ukraine,Ukraine,Poland,1812,1656,1,0,7,-7,1819,1649,21,53,0,-2,21,51,40,100,256
20311,Oct 11 2013,World Cup qualifier in the United States,United States,Jamaica,1855,1547,2,0,5,-5,1860,1542,14,78,1,-3,15,75,40,100,408
20312,Oct 11 2013,World Cup qualifier in Venezuela,Venezuela,Paraguay,1711,1712,1,1,-6,6,1705,1718,38,33,-1,1,37,34,40,100,99
20313,Oct 11 2013,World Cup qualifier in Wales,Wales,Macedonia,1555,1538,1,0,14,-14,1569,1524,58,83,5,-3,63,80,30,0,17
20314,Oct 12 2013,World Cup qualifier in Burkina Faso,Burkina Faso,Algeria,1546,1590,3,2,17,-17,1563,1573,65,65,4,-3,69,62,30,0,-44
20315,Oct 12 2013,World Cup qualifier in Ivory Coast,Ivory Coast,Senegal,1782,1566,3,1,8,-8,1790,1558,21,74,1,-4,22,70,40,100,316
20316,Oct 12 2013,Friendly in South Korea,South Korea,Brazil,1676,2119,0,2,-4,4,1672,2123,45,0,0,1,45,1,20,100,-343
20317,Oct 13 2013,World Cup qualifier in Ethiopia,Ethiopia,Nigeria,1399,1722,1,2,-9,9,1390,1731,113,26,-3,3,110,29,40,100,-223
20318,Oct 13 2013,Friendly tournament in the Philippines,Pakistan,Taiwan,935,854,1,0,12,-12,947,842,193,207,2,0,195,207,30,0,81
20319,Oct 13 2013,Asian Cup qualifier in Qatar,Qatar,Yemen,1432,1199,6,0,11,-11,1443,1188,100,168,1,-6,101,162,40,100,333
20320,Oct 13 2013,World Cup qualifier in Tunisia,Tunisia,Cameroon,1531,1569,0,0,-4,4,1527,1573,81,61,-2,1,79,62,40,100,62
20321,Oct 15 2013,Friendly in England,Australia,Canada,1713,1503,3,0,8,-8,1721,1495,28,93,4,-4,32,89,20,0,210
20322,Oct 15 2013,World Cup qualifier in Azerbaijan,Azerbaijan,Russia,1438,1856,1,1,14,-14,1452,1842,92,17,5,0,97,17,40,100,-318
20323,Oct 15 2013,Friendly in Belarus,Belarus,Japan,1584,1754,1,0,12,-12,1596,1742,55,31,2,-3,57,28,20,100,-70
20324,Oct 15 2013,World Cup qualifier in Belgium,Belgium,Wales,1885,1569,1,1,-17,17,1868,1586,17,56,-3,4,14,60,40,100,416
20325,Oct 15 2013,Friendly in China,Brazil,Zambia,2123,1543,2,0,1,-1,2124,1542,1,76,0,-1,1,75,20,0,580
20326,Oct 15 2013,World Cup qualifier in Bulgaria,Bulgaria,Czechia,1664,1736,0,1,-22,22,1642,1758,54,22,-4,3,50,25,40,100,28
20327,Oct 15 2013,World Cup qualifier in Chile,Chile,Ecuador,1885,1848,2,1,12,-12,1897,1836,9,18,1,0,10,18,40,100,137
20328,Oct 15 2013,World Cup qualifier in Costa Rica,Costa Rica,Mexico,1725,1783,2,1,18,-18,1743,1765,23,25,4,-1,27,24,40,100,42
20329,Oct 15 2013,World Cup qualifier in Cyprus,Cyprus,Albania,1387,1518,0,0,2,-2,1389,1516,113,78,-1,2,112,80,40,100,-31
20330,Oct 15 2013,World Cup qualifier in Denmark,Denmark,Malta,1739,1249,6,0,3,-3,1742,1246,29,146,-1,-1,28,145,40,100,590
20331,Oct 15 2013,World Cup qualifier in England,England,Poland,1959,1649,2,0,5,-5,1964,1644,6,47,0,2,6,49,40,100,410
20332,Oct 15 2013,World Cup qualifier in the Faroe Islands,Faroe Islands,Austria,1197,1641,0,3,-8,8,1189,1649,163,43,-3,5,160,48,40,100,-344
20333,Oct 15 2013,World Cup qualifier in France,France,Finland,1873,1683,3,0,11,-11,1884,1672,10,47,2,-2,12,45,40,100,290
20334,Oct 15 2013,World Cup qualifier in Ghana,Ghana,Egypt,1690,1702,6,1,30,-30,1720,1672,25,51,8,-6,33,45,40,100,88
20335,Oct 15 2013,World Cup qualifier in Greece,Greece,Liechtenstein,1825,1191,2,0,1,-1,1826,1190,18,158,1,1,19,159,20,0,634
20336,Oct 15 2013,Asian Cup qualifier in Hong Kong,Hong Kong,United Arab Emirates,1196,1630,0,4,-10,10,1186,1640,166,50,-4,2,162,52,40,100,-334
20337,Oct 15 2013,World Cup qualifier in Hungary,Hungary,Andorra,1680,994,2,0,1,-1,1681,993,42,191,1,0,43,191,20,0,686
20338,Oct 15 2013,Asian Cup qualifier in Indonesia,Indonesia,China,1226,1612,1,1,14,-14,1240,1598,144,55,3,1,147,56,40,100,-286
20339,Oct 15 2013,Asian Cup qualifier in Iran,Iran,Thailand,1698,1364,2,1,3,-3,1701,1361,38,122,1,-2,39,120,20,0,334
20340,Oct 15 2013,World Cup qualifier in Ireland,Ireland,Kazakhstan,1705,1362,3,1,4,-4,1709,1358,33,123,2,-1,35,122,20,0,343
20341,Oct 15 2013,World Cup qualifier in Israel,Israel,Northern Ireland,1656,1396,1,1,-16,16,1640,1412,55,109,-3,-1,52,108,40,100,360
20342,Oct 15 2013,World Cup qualifier in Italy,Italy,Armenia,1927,1564,2,2,-17,17,1910,1581,11,58,-2,5,9,63,40,100,463
20343,Oct 15 2013,World Cup qualifier in Jamaica,Jamaica,Honduras,1542,1688,2,2,3,-3,1545,1685,73,40,1,1,74,41,40,100,-46
20344,Oct 15 2013,Asian Cup qualifier in Jordan,Jordan,Oman,1567,1555,0,0,-6,6,1561,1561,69,63,-2,4,67,67,40,100,112
20345,Oct 15 2013,Friendly in Kyrgyzstan,Kyrgyzstan,Tajikistan,1155,1243,1,4,-18,18,1137,1261,178,140,-5,3,173,143,20,100,12
20346,Oct 15 2013,World Cup qualifier in Latvia,Latvia,Slovakia,1456,1596,2,2,2,-2,1458,1594,92,60,2,-1,94,59,30,100,-40
20347,Oct 15 2013,Asian Cup qualifier in Lebanon,Lebanon,Kuwait,1375,1565,1,1,5,-5,1380,1560,114,72,1,-3,115,69,20,0,-190
20348,Oct 15 2013,World Cup qualifier in Lithuania,Lithuania,Bosnia and Herzegovina,1466,1781,0,1,-9,9,1457,1790,97,20,-2,2,95,22,40,100,-215
20349,Oct 15 2013,Asian Cup qualifier in Malaysia,Malaysia,Bahrain,1175,1447,1,1,9,-9,1184,1438,164,107,0,-4,164,103,40,100,-172
20350,Oct 15 2013,World Cup qualifier in Montenegro,Montenegro,Moldova,1658,1385,2,5,-63,63,1595,1448,68,88,-10,12,58,100,40,100,373
20351,Oct 15 2013,World Cup qualifier in Norway,Norway,Iceland,1653,1529,1,1,-11,11,1642,1540,50,74,0,2,50,76,40,100,224
20352,Oct 15 2013,World Cup qualifier in Panama,Panama,United States,1718,1860,2,3,-18,18,1700,1878,46,11,-6,2,40,13,40,100,-42
20353,Oct 15 2013,World Cup qualifier in Paraguay,Paraguay,Colombia,1718,1896,1,2,-16,16,1702,1912,42,7,-4,1,38,8,40,100,-78
20354,Oct 15 2013,World Cup qualifier in Peru,Peru,Bolivia,1722,1616,1,1,-11,11,1711,1627,35,54,-1,1,34,55,40,100,206
20355,Oct 15 2013,Friendly tournament in the Philippines,Philippines,Pakistan,1189,947,3,1,6,-6,1195,941,155,195,3,0,158,195,20,0,242
20356,Oct 15 2013,World Cup qualifier in Portugal,Portugal,Luxembourg,1894,1215,3,0,1,-1,1895,1214,12,153,-1,0,11,153,20,0,679
20357,Oct 15 2013,World Cup qualifier in Romania,Romania,Estonia,1727,1457,2,0,6,-6,1733,1451,30,101,0,-3,30,98,40,100,370
20358,Oct 15 2013,World Cup qualifier in San Marino,San Marino,Ukraine,878,1819,0,8,-1,1,877,1820,204,19,-1,1,203,20,30,100,-841
20359,Oct 15 2013,Asian Cup qualifier in Jordan,Saudi Arabia,Iraq,1466,1540,2,0,36,-36,1502,1504,77,92,8,-8,85,84,40,0,-74
20360,Oct 15 2013,World Cup qualifier in Scotland,Scotland,Croatia,1647,1846,2,0,38,-38,1685,1808,30,23,11,-2,41,21,40,100,-99
20361,Oct 15 2013,World Cup qualifier in Serbia,Serbia,Macedonia,1740,1524,5,1,10,-10,1750,1514,26,84,0,-2,26,82,40,100,316
20362,Oct 15 2013,Asian Cup qualifier in Singapore,Singapore,Syria,1255,1500,2,1,28,-28,1283,1472,135,98,4,-5,139,93,40,100,-145
20363,Oct 15 2013,Friendly in South Korea,South Korea,Mali,1672,1565,3,1,7,-7,1679,1558,43,74,1,-4,44,70,20,100,207
20364,Oct 15 2013,World Cup qualifier in Spain,Spain,Georgia,2122,1498,2,0,1,-1,2123,1497,2,87,0,1,2,88,20,0,624
20365,Oct 15 2013,World Cup qualifier in Sweden,Sweden,Germany,1885,2054,3,5,-24,24,1861,2078,21,3,-5,0,16,3,40,100,-69
20366,Oct 15 2013,World Cup qualifier in Switzerland,Switzerland,Slovenia,1858,1663,1,0,6,-6,1864,1657,14,47,1,0,15,47,40,100,295
20367,Oct 15 2013,Friendly in Trinidad and Tobago,Trinidad and Tobago,New Zealand,1480,1583,0,0,0,0,1480,1583,90,62,0,-1,90,61,20,100,-3
20368,Oct 15 2013,World Cup qualifier in Turkey,Turkey,Netherlands,1723,2000,0,2,-16,16,1707,2016,40,5,-4,0,36,5,40,100,-177
20369,Oct 15 2013,World Cup qualifier in Uruguay,Uruguay,Argentina,1897,2043,3,2,23,-23,1920,2020,6,4,1,0,7,4,40,100,-46
20370,Oct 15 2013,Asian Cup qualifier in Uzbekistan,Uzbekistan,Vietnam,1628,1235,3,1,3,-3,1631,1232,53,150,1,-1,54,149,20,0,393
20371,Oct 28 2013,Friendly in Jordan,Jordan,Nigeria,1561,1731,1,0,12,-12,1573,1719,61,35,3,-2,64,33,20,100,-70
20372,Nov 1 2013,Friendly in Indonesia,Indonesia,Kyrgyzstan,1240,1137,4,0,9,-9,1249,1128,143,175,2,-1,145,174,20,100,203
20373,Nov 6 2013,Friendly in Qatar,Jordan,Zambia,1573,1542,1,0,9,-9,1582,1533,60,77,2,-1,62,76,20,0,31
20374,Nov 8 2013,Friendly in Kuwait,Kuwait,Malaysia,1560,1184,3,0,2,-2,1562,1182,67,164,1,0,68,164,20,100,476
20375,Nov 9 2013,Friendly in Bahrain,Bahrain,Lebanon,1438,1380,1,0,6,-6,1444,1374,99,117,2,-1,101,116,20,100,158
20376,Nov 9 2013,Friendly in the United Arab Emirates,United Arab Emirates,Philippines,1640,1195,4,0,2,-2,1642,1193,48,158,2,0,50,158,20,100,545
20377,Nov 11 2013,Friendly in Jordan,Iraq,Syria,1504,1472,2,1,9,-9,1513,1463,82,93,1,0,83,93,20,0,32
20378,Nov 13 2013,World Cup qualifier in Jordan,Jordan,Uruguay,1582,1920,0,5,-16,16,1566,1936,70,7,-4,0,66,7,40,100,-238
20379,Nov 13 2013,World Cup qualifier in Mexico,Mexico,New Zealand,1765,1583,5,1,12,-12,1777,1571,24,69,0,-4,24,65,40,100,282
20380,Nov 14 2013,Friendly in Belgium,Belgium,Colombia,1868,1912,0,2,-17,17,1851,1929,18,8,-2,0,16,8,20,100,56
20381,Nov 14 2013,Friendly tournament in Curaçao,Curaçao,Aruba,1017,964,2,0,13,-13,1030,951,184,195,2,-1,186,194,20,0,53
20382,Nov 14 2013,Friendly in Egypt,Egypt,Zambia,1672,1533,2,0,6,-6,1678,1527,45,78,0,-1,45,77,20,100,239
20383,Nov 14 2013,Friendly tournament in Curaçao,Suriname,Bonaire,1207,1030,2,0,12,-12,1219,1018,152,188,1,-1,153,187,30,0,177
20384,Nov 15 2013,Friendly in Turkey,Albania,Belarus,1516,1596,0,0,2,-2,1518,1594,80,61,0,-2,80,59,20,0,-80
20385,Nov 15 2013,Friendly in the United States,Argentina,Ecuador,2020,1836,0,0,-5,5,2015,1841,6,18,-1,0,5,18,20,0,184
20386,Nov 15 2013,Asian Cup qualifier in Bahrain,Bahrain,Malaysia,1444,1182,1,0,4,-4,1448,1178,99,162,1,1,100,163,20,0,262
20387,Nov 15 2013,Asian Cup qualifier in China,China,Indonesia,1598,1249,1,0,3,-3,1601,1246,58,145,-1,0,57,145,40,100,449
20388,Nov 15 2013,Friendly in Czechia,Czechia,Canada,1758,1495,2,0,3,-3,1761,1492,25,91,0,-1,25,90,20,100,363
20389,Nov 15 2013,Friendly in Denmark,Denmark,Norway,1742,1642,2,1,5,-5,1747,1637,26,56,1,-3,27,53,20,100,200
20390,Nov 15 2013,Friendly in England,England,Chile,1964,1897,0,2,-22,22,1942,1919,6,8,0,1,6,9,20,100,167
20391,Nov 15 2013,Friendly in Estonia,Estonia,Azerbaijan,1451,1452,2,1,7,-7,1458,1445,90,107,4,-5,94,102,20,100,99
20392,Nov 15 2013,World Cup qualifier in Greece,Greece,Romania,1826,1733,3,1,15,-15,1841,1718,17,36,1,-3,18,33,40,100,193
20393,Nov 15 2013,World Cup qualifier in Iceland,Iceland,Croatia,1540,1808,0,0,9,-9,1549,1799,69,21,3,0,72,21,40,100,-168
20394,Nov 15 2013,Friendly in India,India,Philippines,1075,1193,1,1,1,-1,1076,1192,181,158,0,0,181,158,20,100,-18
20395,Nov 15 2013,Friendly in Ireland,Ireland,Latvia,1709,1458,3,0,4,-4,1713,1454,35,102,0,-4,35,98,20,100,351
20396,Nov 15 2013,Friendly in Italy,Italy,Germany,1910,2078,1,1,2,-2,1912,2076,11,3,-1,0,10,3,20,100,-68
20397,Nov 15 2013,Friendly in Jamaica,Jamaica,Trinidad and Tobago,1545,1480,0,1,-14,14,1531,1494,76,88,-1,1,75,89,20,100,165
20398,Nov 15 2013,Asian Cup qualifier in Kuwait,Kuwait,Lebanon,1562,1374,0,0,-14,14,1548,1388,78,110,-5,3,73,113,40,100,288
20399,Nov 15 2013,Friendly in Tunisia,Libya,Niger,1553,1285,1,1,-6,6,1547,1291,76,136,-2,1,74,137,20,0,268
20400,Nov 15 2013,Friendly in Poland,Poland,Slovakia,1644,1594,0,2,-21,21,1623,1615,61,53,-6,3,55,56,20,100,150
20401,Nov 15 2013,World Cup qualifier in Portugal,Portugal,Sweden,1895,1861,1,0,13,-13,1908,1848,11,17,0,-1,11,16,40,100,134
20402,Nov 15 2013,Asian Cup qualifier in the United Arab Emirates,Qatar,Yemen,1443,1188,4,1,13,-13,1456,1175,89,167,7,-3,96,164,40,0,255
20403,Nov 15 2013,Friendly in the United Arab Emirates,Russia,Serbia,1842,1750,1,1,-3,3,1839,1753,23,26,-3,0,20,26,20,0,92
20404,Nov 15 2013,Asian Cup qualifier in Saudi Arabia,Saudi Arabia,Iraq,1502,1513,2,1,15,-15,1517,1498,77,91,4,-4,81,87,30,0,-11
20405,Nov 15 2013,Friendly in Scotland,Scotland,United States,1685,1878,0,0,3,-3,1688,1875,43,11,-1,1,42,12,20,100,-93
20406,Nov 15 2013,Friendly in South Korea,South Korea,Switzerland,1679,1864,2,1,12,-12,1691,1852,38,14,3,0,41,14,20,100,-85
20407,Nov 15 2013,Friendly in Swaziland,Swaziland,South Africa,1084,1553,0,3,-4,4,1080,1557,181,70,-1,1,180,71,20,100,-369
20408,Nov 15 2013,Asian Cup qualifier in Iran,Syria,Singapore,1463,1283,4,0,20,-20,1483,1263,89,145,2,-3,91,142,40,0,180
20409,Nov 15 2013,Asian Cup qualifier in Thailand,Thailand,Iran,1361,1701,0,3,-14,14,1347,1715,128,29,-4,5,124,34,40,100,-240
20410,Nov 15 2013,Friendly in Turkey,Turkey,Northern Ireland,1707,1412,1,0,2,-2,1709,1410,38,108,-1,0,37,108,20,100,395
20411,Nov 15 2013,Asian Cup qualifier in the United Arab Emirates,United Arab Emirates,Hong Kong,1642,1186,4,0,3,-3,1645,1183,48,162,1,0,49,162,20,0,456
20412,Nov 15 2013,World Cup qualifier in Ukraine,Ukraine,France,1820,1884,2,0,27,-27,1847,1857,14,14,3,-1,17,13,30,0,-64
20413,Nov 15 2013,Asian Cup qualifier in Vietnam,Vietnam,Uzbekistan,1232,1631,0,3,-11,11,1221,1642,155,46,-3,4,152,50,40,100,-299
20414,Nov 16 2013,Friendly tournament in Curaçao,Bonaire,Aruba,1018,951,2,1,12,-12,1030,939,185,196,1,-1,186,195,30,0,67
20415,Nov 16 2013,Friendly in the United States,Brazil,Honduras,2124,1685,5,0,3,-3,2127,1682,1,43,0,0,1,43,20,0,439
20416,Nov 16 2013,Friendly tournament in Curaçao,Curaçao,Suriname,1030,1219,1,3,-17,17,1013,1236,190,145,-2,4,188,149,30,100,-89
20417,Nov 16 2013,Friendly in Equatorial Guinea,Equatorial Guinea,Spain,1303,2123,1,2,0,0,1303,2123,134,2,0,0,134,2,20,0,-820
20418,Nov 16 2013,World Cup qualifier in Morocco,Ivory Coast,Senegal,1790,1558,1,1,-12,12,1778,1570,24,63,-1,3,23,66,40,0,232
20419,Nov 16 2013,Friendly in Belgium,Japan,Netherlands,1742,2016,2,2,7,-7,1749,2009,25,6,2,-1,27,5,20,0,-274
20420,Nov 16 2013,Friendly in Laos,Laos,Guam,861,731,1,1,-6,6,855,737,207,212,-1,0,206,212,20,100,230
20421,Nov 16 2013,World Cup qualifier in Nigeria,Nigeria,Ethiopia,1719,1390,2,0,5,-5,1724,1385,28,115,2,-2,30,113,40,100,429
20422,Nov 16 2013,Friendly in Uganda,Uganda,Rwanda,1501,1323,0,0,-7,7,1494,1330,90,128,-2,0,88,128,20,100,278
20423,Nov 16 2013,Friendly in Wales,Wales,Finland,1586,1672,1,1,0,0,1586,1672,60,46,0,0,60,46,20,100,14
20424,Nov 17 2013,World Cup qualifier in Cameroon,Cameroon,Tunisia,1573,1527,4,1,21,-21,1594,1506,55,91,4,-7,59,84,40,100,146
20425,Nov 17 2013,Friendly in Luxembourg,Luxembourg,Montenegro,1214,1595,1,4,-6,6,1208,1601,154,56,0,1,154,57,20,100,-281
20426,Nov 18 2013,Friendly in the United States,Argentina,Bosnia and Herzegovina,2015,1790,2,0,6,-6,2021,1784,4,22,0,0,4,22,20,0,225
20427,Nov 18 2013,Friendly in England,Italy,Nigeria,1912,1724,2,2,-5,5,1907,1729,12,30,-1,0,11,30,20,0,188
20428,Nov 18 2013,Friendly in Tunisia,Libya,Benin,1547,1394,1,0,6,-6,1553,1388,70,113,2,-2,72,111,20,0,153
20429,Nov 18 2013,Friendly in Moldova,Moldova,Lithuania,1448,1457,1,1,-3,3,1445,1460,102,93,-1,1,101,94,20,100,91
20430,Nov 19 2013,World Cup qualifier in Algeria,Algeria,Burkina Faso,1573,1563,1,0,14,-14,1587,1549,58,78,3,-5,61,73,40,100,110
20431,Nov 19 2013,Friendly in Australia,Australia,Costa Rica,1721,1743,1,0,8,-8,1729,1735,31,29,0,0,31,29,20,100,78
20432,Nov 19 2013,Friendly in Austria,Austria,United States,1649,1875,1,0,13,-13,1662,1862,46,14,1,-1,47,13,20,100,-126
20433,Nov 19 2013,Asian Cup qualifier in Bahrain,Bahrain,Yemen,1448,1175,2,0,6,-6,1454,1169,96,166,2,-1,98,165,40,100,373
20434,Nov 19 2013,Friendly in Belgium,Belgium,Japan,1851,1749,2,3,-15,15,1836,1764,21,23,-3,2,18,25,20,100,202
20435,Nov 19 2013,Friendly in Canada,Brazil,Chile,2127,1919,2,1,5,-5,2132,1914,1,11,0,-1,1,10,20,0,208
20436,Nov 19 2013,Asian Cup qualifier in China,China,Saudi Arabia,1601,1517,0,0,-10,10,1591,1527,61,72,-2,4,59,76,40,100,184
20437,Nov 19 2013,World Cup qualifier in Croatia,Croatia,Iceland,1799,1549,2,0,7,-7,1806,1542,21,75,0,-1,21,74,40,100,350
20438,Nov 19 2013,Friendly in the United States,Ecuador,Honduras,1841,1682,2,2,-4,4,1837,1686,16,43,1,0,17,43,20,0,159
20439,Nov 19 2013,World Cup qualifier in Egypt,Egypt,Ghana,1678,1720,2,1,17,-17,1695,1703,39,44,3,-6,42,38,30,0,-42
20440,Nov 19 2013,Friendly in England,England,Germany,1942,2076,0,1,-9,9,1933,2085,10,3,-2,0,8,3,20,100,-34
20441,Nov 19 2013,World Cup qualifier in France,France,Ukraine,1857,1847,3,0,24,-24,1881,1823,11,23,1,-3,12,20,40,100,110
20442,Nov 19 2013,Friendly in Portugal,Gibraltar,Slovakia,1143,1615,0,0,9,-9,1152,1606,165,56,3,0,168,56,20,0,-472
20443,Nov 19 2013,Asian Cup qualifier in Hong Kong,Hong Kong,Uzbekistan,1183,1642,0,2,-7,7,1176,1649,162,48,0,1,162,49,40,100,-359
20444,Nov 19 2013,Friendly in India,India,Nepal,1076,906,2,0,5,-5,1081,901,179,202,1,-1,180,201,20,100,270
20445,Nov 19 2013,Asian Cup qualifier in Indonesia,Indonesia,Iraq,1246,1498,0,2,-18,18,1228,1516,155,76,-5,5,150,81,40,100,-152
20446,Nov 19 2013,Asian Cup qualifier in Kuwait,Kuwait,Thailand,1548,1347,3,1,9,-9,1557,1338,68,126,3,-1,71,125,40,100,301
20447,Nov 19 2013,Friendly in Kyrgyzstan,Kyrgyzstan,Azerbaijan,1128,1445,0,0,6,-6,1134,1439,172,105,1,-2,173,103,20,100,-217
20448,Nov 19 2013,Asian Cup qualifier in Lebanon,Lebanon,Iran,1388,1715,1,4,-15,15,1373,1730,121,26,-5,4,116,30,40,100,-227
20449,Nov 19 2013,Friendly in Liechtenstein,Liechtenstein,Estonia,1190,1458,0,3,-10,10,1180,1468,163,91,-2,2,161,93,20,100,-168
20450,Nov 19 2013,Asian Cup qualifier in Malaysia,Malaysia,Qatar,1178,1456,0,1,-11,11,1167,1467,169,92,-3,2,166,94,40,100,-178
20451,Nov 19 2013,Friendly in Malta,Malta,Faroe Islands,1246,1189,3,2,6,-6,1252,1183,145,160,0,0,145,160,20,100,157
20452,Nov 19 2013,Friendly in Namibia,Namibia,Mozambique,1293,1368,0,0,-1,1,1292,1369,136,117,0,0,136,117,20,100,25
20453,Nov 19 2013,Friendly in the Netherlands,Netherlands,Colombia,2009,1929,0,0,-5,5,2004,1934,5,6,0,1,5,7,20,100,180
20454,Nov 19 2013,Friendly in Norway,Norway,Scotland,1637,1688,0,1,-11,11,1626,1699,55,40,-1,1,54,41,20,100,49
20455,Nov 19 2013,Asian Cup qualifier in Iran,Oman,Syria,1561,1483,1,0,16,-16,1577,1467,61,97,4,-3,65,94,40,0,78
20456,Nov 19 2013,Friendly in Poland,Poland,Ireland,1623,1713,0,0,0,0,1623,1713,55,33,0,1,55,34,20,100,10
20457,Nov 19 2013,World Cup qualifier in Romania,Romania,Greece,1718,1841,1,1,1,-1,1719,1840,33,14,0,2,33,16,20,100,-23
20458,Nov 19 2013,Friendly in the United Arab Emirates,Russia,South Korea,1839,1691,2,1,6,-6,1845,1685,10,47,5,-3,15,44,20,0,148
20459,Nov 19 2013,Friendly in Slovenia,Slovenia,Canada,1657,1492,1,0,4,-4,1661,1488,49,90,-1,0,48,90,20,100,265
20460,Nov 19 2013,Friendly in South Africa,South Africa,Spain,1557,2123,1,0,19,-19,1576,2104,61,2,5,0,66,2,20,0,-566
20461,Nov 19 2013,World Cup qualifier in Sweden,Sweden,Portugal,1848,1908,2,3,-22,22,1826,1930,22,8,-3,1,19,9,40,100,40
20462,Nov 19 2013,Friendly in Tanzania,Tanzania,Zimbabwe,1359,1357,0,0,-3,3,1356,1360,126,118,-3,2,123,120,20,100,102
20463,Nov 19 2013,Friendly in Trinidad and Tobago,Trinidad and Tobago,Jamaica,1494,1531,2,0,12,-12,1506,1519,82,83,3,-4,85,79,20,100,63
20464,Nov 19 2013,Friendly in Turkey,Turkey,Belarus,1709,1594,2,1,4,-4,1713,1590,31,61,3,-1,34,60,20,100,215
20465,Nov 19 2013,Asian Cup qualifier in the United Arab Emirates,United Arab Emirates,Vietnam,1645,1221,5,0,4,-4,1649,1217,49,153,0,0,49,153,40,100,524
20466,Nov 20 2013,World Cup qualifier in New Zealand,New Zealand,Mexico,1571,1777,2,4,-21,21,1550,1798,77,20,-5,2,72,22,40,100,-106
20467,Nov 20 2013,World Cup qualifier in Uruguay,Uruguay,Jordan,1936,1566,0,0,-17,17,1919,1583,12,57,-3,6,9,63,40,100,470
20468,Nov 27 2013,CECAFA Cup in Kenya,Kenya,Ethiopia,1383,1385,0,0,-5,5,1378,1390,116,108,-1,2,115,110,40,100,98
20469,Nov 27 2013,Friendly in the Seychelles,Seychelles,Maldives,968,1108,3,1,17,-17,985,1091,192,178,0,-1,192,177,20,100,-40
20470,Nov 27 2013,CECAFA Cup in Kenya,Zanzibar,South Sudan,1309,1082,2,1,9,-9,1318,1073,126,183,3,-2,129,181,40,0,227
20471,Nov 28 2013,CECAFA Cup in Kenya,Burundi,Somalia,1316,878,2,0,4,-4,1320,874,127,204,2,-1,129,203,40,0,438
20472,Nov 28 2013,CECAFA Cup in Kenya,Tanzania,Zambia,1356,1527,1,1,9,-9,1365,1518,113,82,5,-3,118,79,40,0,-171
20473,Nov 29 2013,Friendly in the Seychelles,Seychelles,Maldives,985,1091,2,1,10,-10,995,1081,190,179,1,-1,191,178,20,100,-6
20474,Nov 29 2013,CECAFA Cup in Kenya,Sudan,Eritrea,1310,1147,3,0,20,-20,1330,1127,124,177,4,-3,128,174,40,0,163
20475,Nov 29 2013,CECAFA Cup in Kenya,Uganda,Rwanda,1494,1330,1,0,11,-11,1505,1319,85,132,2,-2,87,130,40,0,164
20476,Nov 30 2013,Friendly in Dominica,Dominica,Saint Lucia,1018,1048,0,1,-12,12,1006,1060,189,181,-1,2,188,183,20,100,70
20477,Nov 30 2013,CECAFA Cup in Kenya,Ethiopia,Zanzibar,1390,1318,3,1,24,-24,1414,1294,106,139,2,-4,108,135,40,0,72
20478,Nov 30 2013,CECAFA Cup in Kenya,Kenya,South Sudan,1378,1073,3,1,5,-5,1383,1068,113,181,1,0,114,181,40,100,405
20479,Dec 1 2013,Friendly in Dominica,Dominica,Saint Lucia,1006,1060,1,0,9,-9,1015,1051,186,185,1,-1,187,184,20,100,46
20480,Dec 1 2013,CECAFA Cup in Kenya,Tanzania,Somalia,1365,874,1,0,2,-2,1367,872,118,203,0,0,118,203,30,0,491
20481,Dec 1 2013,CECAFA Cup in Kenya,Zambia,Burundi,1518,1320,1,0,10,-10,1528,1310,73,133,3,-2,76,131,40,0,198
20482,Dec 2 2013,CECAFA Cup in Kenya,Sudan,Rwanda,1330,1319,1,0,19,-19,1349,1300,120,139,4,-5,124,134,40,0,11
20483,Dec 2 2013,CECAFA Cup in Kenya,Uganda,Eritrea,1505,1127,3,0,7,-7,1512,1120,81,174,3,0,84,174,40,0,378
20484,Dec 3 2013,CECAFA Cup in Kenya,Ethiopia,South Sudan,1414,1068,2,0,7,-7,1421,1061,104,183,2,-1,106,182,40,0,346
20485,Dec 3 2013,CECAFA Cup in Kenya,Kenya,Zanzibar,1383,1294,2,0,15,-15,1398,1279,106,143,4,-4,110,139,40,100,189
20486,Dec 4 2013,CECAFA Cup in Kenya,Tanzania,Burundi,1367,1310,1,0,17,-17,1384,1293,110,138,4,-4,114,134,40,0,57
20487,Dec 4 2013,CECAFA Cup in Kenya,Zambia,Somalia,1528,872,4,0,2,-2,1530,870,76,203,0,0,76,203,40,0,656
20488,Dec 5 2013,CECAFA Cup in Kenya,Rwanda,Eritrea,1300,1120,1,0,10,-10,1310,1110,127,176,3,-1,130,175,40,0,180
20489,Dec 5 2013,CECAFA Cup in Kenya,Uganda,Sudan,1512,1349,1,0,11,-11,1523,1338,74,126,5,-1,79,125,40,0,163
20490,Dec 7 2013,CECAFA Cup in Kenya,Kenya,Rwanda,1398,1310,1,0,10,-10,1408,1300,110,136,0,-3,110,133,40,100,188
20491,Dec 7 2013,CECAFA Cup in Kenya,Tanzania,Uganda,1384,1523,2,2,8,-8,1392,1515,110,85,2,-3,112,82,40,0,-139
20492,Dec 8 2013,CECAFA Cup in Kenya,Burundi,Zambia,1293,1530,0,0,12,-12,1305,1518,128,82,3,-3,131,79,40,0,-237
20493,Dec 8 2013,CECAFA Cup in Kenya,Sudan,Ethiopia,1338,1421,2,0,37,-37,1375,1384,109,122,8,-8,117,114,40,0,-83
20494,Dec 10 2013,CECAFA Cup in Kenya,Kenya,Tanzania,1408,1392,1,0,14,-14,1422,1378,103,123,3,-6,106,117,30,0,16
20495,Dec 10 2013,CECAFA Cup in Kenya,Sudan,Zambia,1375,1518,2,1,28,-28,1403,1490,103,99,7,-10,110,89,40,0,-143
20496,Dec 12 2013,CECAFA Cup in Kenya,Kenya,Sudan,1422,1403,2,0,20,-20,1442,1383,100,122,3,-6,103,116,40,100,119
20497,Dec 12 2013,CECAFA Cup in Kenya,Tanzania,Zambia,1378,1490,1,1,6,-6,1384,1484,109,91,4,-1,113,90,40,0,-112
20498,Dec 21 2013,Friendly in Qatar,Qatar,Bahrain,1467,1454,1,1,-3,3,1464,1457,96,96,-1,1,95,97,20,100,113
20499,Dec 25 2013,West Asian Championship in Qatar,Bahrain,Oman,1457,1577,0,0,7,-7,1464,1570,95,68,1,-1,96,67,40,0,-120
20500,Dec 25 2013,West Asian Championship in Qatar,Qatar,Palestine,1464,1287,1,0,7,-7,1471,1280,91,137,2,0,93,137,40,100,277
20501,Dec 26 2013,West Asian Championship in Qatar,Jordan,Lebanon,1583,1373,0,0,-11,11,1572,1384,69,108,-3,5,66,113,30,100,310
20502,Dec 28 2013,West Asian Championship in Qatar,Bahrain,Iraq,1464,1516,0,0,3,-3,1467,1513,94,86,1,-3,95,83,40,0,-52
20503,Dec 28 2013,West Asian Championship in Qatar,Palestine,Saudi Arabia,1280,1527,0,0,12,-12,1292,1515,133,82,2,-3,135,79,40,0,-247
20504,Dec 29 2013,West Asian Championship in Qatar,Kuwait,Lebanon,1557,1384,2,0,16,-16,1573,1368,62,125,4,-6,66,119,40,0,173
20505,Dec 31 2013,West Asian Championship in Qatar,Iraq,Oman,1513,1570,0,0,3,-3,1516,1567,75,70,4,-1,79,69,40,0,-57
20506,Dec 31 2013,West Asian Championship in Qatar,Qatar,Saudi Arabia,1471,1515,4,1,29,-29,1500,1486,81,101,6,-11,87,90,40,100,56
20507,Jan 1 2014,West Asian Championship in Qatar,Jordan,Kuwait,1572,1573,2,1,20,-20,1592,1553,51,74,8,-4,59,70,40,0,-1
20508,Jan 4 2014,West Asian Championship in Qatar,Jordan,Bahrain,1592,1467,1,0,13,-13,1605,1454,55,101,2,-3,57,98,40,0,125
20509,Jan 4 2014,West Asian Championship in Qatar,Qatar,Kuwait,1500,1553,3,0,30,-30,1530,1523,63,84,12,-7,75,77,30,0,-53
20510,Jan 7 2014,West Asian Championship in Qatar,Bahrain,Kuwait,1454,1523,0,0,4,-4,1458,1519,96,77,1,0,97,77,40,0,-69
20511,Jan 7 2014,West Asian Championship in Qatar,Qatar,Jordan,1530,1605,2,0,28,-28,1558,1577,63,73,6,-8,69,65,40,100,25
20512,Jan 15 2014,Friendly in the United Arab Emirates,Norway,Moldova,1626,1445,2,1,5,-5,1631,1440,52,105,1,-2,53,103,20,0,181
20513,Jan 17 2014,Friendly in the United Arab Emirates,Sweden,Moldova,1826,1440,2,1,2,-2,1828,1438,19,105,0,-1,19,104,20,0,386
20514,Jan 18 2014,Friendly in the United Arab Emirates,Poland,Norway,1623,1631,3,0,18,-18,1641,1613,49,57,3,-2,52,55,20,0,-8
20515,Jan 20 2014,Friendly in the United Arab Emirates,Poland,Moldova,1641,1438,1,0,5,-5,1646,1433,50,104,1,0,51,104,20,0,203
20516,Jan 21 2014,Friendly in the United Arab Emirates,Sweden,Iceland,1828,1542,2,0,5,-5,1833,1537,19,74,0,0,19,74,20,0,286
20517,Jan 22 2014,Friendly in Chile,Chile,Costa Rica,1914,1735,4,0,6,-6,1920,1729,8,31,1,-1,9,30,20,100,279
20518,Jan 24 2014,Friendly in Oman,Oman,Finland,1567,1672,0,0,0,0,1567,1672,68,46,0,0,68,46,20,100,-5
20519,Jan 25 2014,Friendly in the United States,South Korea,Costa Rica,1685,1729,1,0,11,-11,1696,1718,40,36,2,-3,42,33,20,0,-44
20520,Jan 29 2014,Friendly in the United States,Mexico,South Korea,1798,1696,4,0,13,-13,1811,1683,20,46,1,-2,21,44,20,0,102
20521,Jan 31 2014,Asian Cup qualifier in Oman,Oman,Jordan,1567,1577,0,0,-5,5,1562,1582,68,61,0,2,68,63,40,100,90
20522,Feb 1 2014,Friendly in the United States,United States,South Korea,1862,1683,2,0,5,-5,1867,1678,13,46,0,-1,13,45,20,100,279
20523,Feb 4 2014,Asian Cup qualifier in Singapore,Singapore,Jordan,1263,1582,1,3,-13,13,1250,1595,148,53,-3,5,145,58,40,100,-219
20524,Feb 7 2014,Friendly in St Vincent & Grenadines,St Vincent & Grenadines,Dominica,1142,1015,3,2,4,-4,1146,1011,171,189,0,-1,171,188,20,100,227
20525,Feb 9 2014,Friendly in St Vincent & Grenadines,St Vincent & Grenadines,Dominica,1146,1011,0,0,-6,6,1140,1017,171,186,0,1,171,187,20,100,235
20526,Feb 19 2014,Friendly in Lebanon,Lebanon,Pakistan,1368,941,3,1,1,-1,1369,940,117,194,1,0,118,194,20,100,527
20527,Feb 21 2014,Friendly in the United Arab Emirates,Iraq,North Korea,1516,1582,2,0,18,-18,1534,1564,70,70,5,-3,75,67,20,0,-66
20528,Mar 1 2014,Friendly in Gibraltar,Gibraltar,Faroe Islands,1152,1183,1,4,-21,21,1131,1204,178,150,-5,5,173,155,20,100,69
20529,Mar 1 2014,Friendly in Malaysia,Malaysia,Philippines,1167,1192,0,0,-2,2,1165,1194,166,160,0,-1,166,159,20,100,75
20530,Mar 2 2014,Friendly in Barbados,Barbados,Jamaica,1133,1519,0,2,-5,5,1128,1524,174,76,-1,1,173,77,20,100,-286
20531,Mar 3 2014,Asian Cup qualifier in Iran,Iran,Kuwait,1730,1519,3,2,6,-6,1736,1513,29,87,0,-4,29,83,40,100,311
20532,Mar 5 2014,Friendly in Albania,Albania,Malta,1518,1252,2,0,3,-3,1521,1249,81,144,-1,0,80,144,20,100,366
20533,Mar 5 2014,Friendly in Algeria,Algeria,Slovenia,1587,1661,2,0,14,-14,1601,1647,56,52,3,-2,59,50,20,100,26
20534,Mar 5 2014,Friendly in Andorra,Andorra,Moldova,993,1433,0,3,-4,4,989,1437,192,104,0,0,192,104,20,100,-340
20535,Mar 5 2014,Friendly in Austria,Austria,Uruguay,1662,1919,1,1,4,-4,1666,1915,47,10,0,0,47,10,20,100,-157
20536,Mar 5 2014,Friendly in the United Arab Emirates,Azerbaijan,Philippines,1439,1194,1,0,4,-4,1443,1190,101,159,1,0,102,159,20,0,245
20537,Mar 5 2014,Friendly in Belgium,Belgium,Ivory Coast,1836,1778,2,2,-4,4,1832,1782,18,22,0,1,18,23,20,100,158
20538,Mar 5 2014,Friendly in Botswana,Botswana,South Sudan,1303,1061,3,0,4,-4,1307,1057,128,182,2,0,130,182,20,100,342
20539,Mar 5 2014,Friendly in Bulgaria,Bulgaria,Belarus,1642,1590,2,1,6,-6,1648,1584,46,63,3,-1,49,62,20,100,152
20540,Mar 5 2014,Friendly in France,Burkina Faso,Comoros,1549,870,1,1,-10,10,1539,880,75,201,-1,1,74,202,20,0,679
20541,Mar 5 2014,Friendly in Burundi,Burundi,Rwanda,1305,1300,1,1,-3,3,1302,1303,135,128,-2,3,133,131,20,100,105
20542,Mar 5 2014,Friendly in Spain,Colombia,Tunisia,1934,1506,1,1,-8,8,1926,1514,10,79,-2,3,8,82,20,0,428
20543,Mar 5 2014,Friendly in Costa Rica,Costa Rica,Paraguay,1718,1702,2,1,7,-7,1725,1695,27,45,3,-3,30,42,20,100,116
20544,Mar 5 2014,Friendly in Cyprus,Cyprus,Northern Ireland,1389,1410,0,0,-2,2,1387,1412,115,109,-2,0,113,109,20,100,79
20545,Mar 5 2014,Friendly in Czechia,Czechia,Norway,1761,1613,2,2,-6,6,1755,1619,28,55,-1,0,27,55,20,100,248
20546,Mar 5 2014,Friendly in England,Ecuador,Australia,1837,1729,4,3,7,-7,1844,1722,15,36,1,-3,16,33,20,0,108
20547,Mar 5 2014,Friendly in Austria,Egypt,Bosnia and Herzegovina,1695,1784,2,0,19,-19,1714,1765,28,27,7,-2,35,25,20,0,-89
20548,Mar 5 2014,Friendly in England,England,Denmark,1933,1747,1,0,3,-3,1936,1744,5,28,1,0,6,28,20,100,286
20549,Mar 5 2014,Friendly in France,France,Netherlands,1881,2004,2,0,16,-16,1897,1988,12,5,0,0,12,5,20,100,-23
20550,Mar 5 2014,Friendly in Georgia,Georgia,Liechtenstein,1497,1180,2,0,2,-2,1499,1178,88,163,0,-1,88,162,20,100,417
20551,Mar 5 2014,Friendly in Germany,Germany,Chile,2085,1920,1,0,4,-4,2089,1916,3,9,0,0,3,9,20,100,265
20552,Mar 5 2014,Friendly in Gibraltar,Gibraltar,Estonia,1131,1468,0,2,-6,6,1125,1474,174,94,-1,0,173,94,20,100,-237
20553,Mar 5 2014,Friendly in Greece,Greece,South Korea,1840,1678,0,2,-25,25,1815,1703,24,31,-4,7,20,38,20,100,262
20554,Mar 5 2014,Friendly in Honduras,Honduras,Venezuela,1686,1705,2,1,8,-8,1694,1697,43,45,0,-4,43,41,20,100,81
20555,Mar 5 2014,Friendly in Hungary,Hungary,Finland,1681,1672,1,2,-13,13,1668,1685,48,44,-2,1,46,45,20,100,109
20556,Mar 5 2014,Friendly in India,India,Bangladesh,1081,939,2,2,-6,6,1075,945,182,193,-2,1,180,194,20,100,242
20557,Mar 5 2014,Friendly in Iran,Iran,Guinea,1736,1515,1,2,-17,17,1719,1532,39,70,-5,5,34,75,20,100,321
20558,Mar 5 2014,Asian Cup qualifier in the United Arab Emirates,Iraq,China,1534,1591,3,1,35,-35,1569,1556,57,80,9,-10,66,70,40,0,-57
20559,Mar 5 2014,Friendly in Ireland,Ireland,Serbia,1713,1753,1,2,-12,12,1701,1765,44,23,-5,2,39,25,20,100,60
20560,Mar 5 2014,Friendly in Israel,Israel,Slovakia,1640,1606,1,3,-21,21,1619,1627,57,50,-2,3,55,53,20,100,134
20561,Mar 5 2014,Friendly in Japan,Japan,New Zealand,1764,1550,4,2,4,-4,1768,1546,23,74,1,-1,24,73,20,100,314
20562,Mar 5 2014,Asian Cup qualifier in Jordan,Jordan,Syria,1595,1467,2,1,8,-8,1603,1459,58,97,0,-1,58,96,40,100,228
20563,Mar 5 2014,Friendly in Turkey,Kazakhstan,Lithuania,1358,1460,1,1,3,-3,1361,1457,123,98,0,-1,123,97,20,0,-102
20564,Mar 5 2014,Friendly in Kosovo,Kosovo,Haiti,1379,1431,0,0,-1,1,1378,1432,121,105,-2,0,119,105,20,100,48
20565,Mar 5 2014,Friendly in Luxembourg,Luxembourg,Cape Verde,1208,1510,0,0,5,-5,1213,1505,154,90,0,-3,154,87,20,100,-202
20566,Mar 5 2014,Friendly in Macedonia,Macedonia,Latvia,1514,1454,2,1,6,-6,1520,1448,80,101,1,-1,81,100,20,100,160
20567,Mar 5 2014,Friendly in Malawi,Malawi,Zimbabwe,1335,1360,1,4,-21,21,1314,1381,129,114,-1,4,128,118,20,100,75
20568,Mar 5 2014,Asian Cup qualifier in the United Arab Emirates,Malaysia,Yemen,1165,1169,2,1,20,-20,1185,1149,156,171,5,-3,161,168,40,0,-4
20569,Mar 5 2014,Friendly in France,Mali,Senegal,1558,1570,1,1,0,0,1558,1570,69,64,0,1,69,65,20,0,-12
20570,Mar 5 2014,Friendly in Mauritania,Mauritania,Niger,1186,1291,1,1,0,0,1186,1291,160,137,0,0,160,137,20,100,-5
20571,Mar 5 2014,Friendly in the United States,Mexico,Nigeria,1811,1729,0,0,-2,2,1809,1731,23,28,-1,1,22,29,20,0,82
20572,Mar 5 2014,Friendly in Montenegro,Montenegro,Ghana,1601,1703,1,0,10,-10,1611,1693,57,50,0,-6,57,44,20,100,-2
20573,Mar 5 2014,Friendly in Morocco,Morocco,Gabon,1531,1502,1,1,-4,4,1527,1506,80,83,-2,2,78,85,20,100,129
20574,Mar 5 2014,Friendly in Mozambique,Mozambique,Angola,1369,1444,1,1,-1,1,1368,1445,122,101,-2,0,120,101,20,100,25
20575,Mar 5 2014,Friendly in Namibia,Namibia,Tanzania,1292,1384,1,1,0,0,1292,1384,135,115,0,-1,135,114,20,100,8
20576,Mar 5 2014,Asian Cup qualifier in Oman,Oman,Singapore,1562,1250,3,1,5,-5,1567,1245,66,145,1,0,67,145,40,100,412
20577,Mar 5 2014,Friendly in Poland,Poland,Scotland,1646,1699,0,1,-11,11,1635,1710,53,33,-1,4,52,37,20,100,47
20578,Mar 5 2014,Friendly in Portugal,Portugal,Cameroon,1930,1594,5,1,3,-3,1933,1591,6,63,1,-2,7,61,20,100,436
20579,Mar 5 2014,Asian Cup qualifier in Qatar,Qatar,Bahrain,1558,1458,0,0,-10,10,1548,1468,75,93,-3,2,72,95,40,100,200
20580,Mar 5 2014,Friendly in Romania,Romania,Argentina,1719,2021,0,0,5,-5,1724,2016,30,4,1,0,31,4,20,100,-202
20581,Mar 5 2014,Friendly in Russia,Russia,Armenia,1845,1581,2,0,3,-3,1848,1578,13,62,1,1,14,63,20,100,364
20582,Mar 5 2014,Asian Cup qualifier in Saudi Arabia,Saudi Arabia,Indonesia,1486,1228,1,0,5,-5,1491,1223,90,156,0,-3,90,153,40,100,358
20583,Mar 5 2014,Friendly in South Africa,South Africa,Brazil,1576,2132,0,5,-3,3,1573,2135,63,1,1,0,64,1,20,100,-456
20584,Mar 5 2014,Friendly in Spain,Spain,Italy,2104,1907,1,0,3,-3,2107,1904,2,11,0,0,2,11,20,100,297
20585,Mar 5 2014,Friendly in Saint Lucia,Saint Lucia,Jamaica,1051,1524,0,5,-4,4,1047,1528,186,75,-1,1,185,76,20,100,-373
20586,Mar 5 2014,Friendly in Switzerland,Switzerland,Croatia,1852,1806,2,2,-4,4,1848,1810,14,20,0,1,14,21,20,100,146
20587,Mar 5 2014,Asian Cup qualifier in Thailand,Thailand,Lebanon,1338,1369,2,5,-42,42,1296,1411,142,102,-8,8,134,110,40,100,69
20588,Mar 5 2014,Friendly in Turkey,Turkey,Sweden,1713,1833,2,1,11,-11,1724,1822,28,19,3,0,31,19,20,100,-20
20589,Mar 5 2014,Friendly in Cyprus,Ukraine,United States,1823,1867,2,0,17,-17,1840,1850,14,13,3,0,17,13,20,0,-44
20590,Mar 5 2014,Asian Cup qualifier in Uzbekistan,Uzbekistan,United Arab Emirates,1649,1649,1,1,-6,6,1643,1655,53,47,-2,1,51,48,40,100,100
20591,Mar 5 2014,Asian Cup qualifier in Vietnam,Vietnam,Hong Kong,1217,1176,3,1,18,-18,1235,1158,145,170,4,-4,149,166,40,100,141
20592,Mar 5 2014,Friendly in Wales,Wales,Iceland,1586,1537,3,1,9,-9,1595,1528,57,78,3,-2,60,76,20,100,149
20593,Mar 5 2014,Friendly in Zambia,Zambia,Uganda,1484,1515,2,1,8,-8,1492,1507,87,88,2,-4,89,84,20,100,69
20594,Mar 7 2014,Friendly in Lesotho,Lesotho,Swaziland,1237,1080,0,1,-16,16,1221,1096,159,175,-6,2,153,177,20,100,257
20595,Mar 9 2014,Friendly in Lesotho,Lesotho,Swaziland,1221,1096,0,0,-6,6,1215,1102,153,175,0,1,153,176,20,100,225
20596,Mar 19 2014,Friendly in Saint Lucia,Saint Lucia,Martinique,1047,1419,0,0,7,-7,1054,1412,183,109,1,-1,184,108,20,100,-272
20597,Mar 25 2014,Friendly in Qatar,Yemen,Nepal,1149,901,2,0,6,-6,1155,895,166,201,1,0,167,201,20,0,248
20598,Mar 26 2014,Friendly in Spain,Indonesia,Andorra,1223,989,1,0,4,-4,1227,985,148,192,2,0,150,192,20,0,234
20599,Mar 27 2014,Friendly in Aruba,Aruba,Guam,939,737,2,2,-7,7,932,744,198,212,-1,0,197,212,20,100,302
20600,Mar 29 2014,Friendly in Spain,Cuba,Indonesia,1416,1227,1,0,5,-5,1421,1222,107,154,0,-2,107,152,20,0,189
20601,Mar 30 2014,Friendly in Aruba,Aruba,Guam,932,744,2,0,5,-5,937,739,195,212,1,0,196,212,20,100,288
20602,Apr 2 2014,Friendly in the United States,United States,Mexico,1850,1809,2,2,-4,4,1846,1813,17,20,-2,1,15,21,20,100,141
20603,Apr 11 2014,Friendly in Qatar,Philippines,Nepal,1190,895,3,0,5,-5,1195,890,159,201,0,0,159,201,20,0,295
20604,Apr 12 2014,African Nations Cup qualifier in Mauritania,Mauritania,Mauritius,1186,1056,1,0,8,-8,1194,1048,160,187,0,-2,160,185,40,100,230
20605,Apr 13 2014,Friendly in the United Arab Emirates,Afghanistan,Kyrgyzstan,1051,1134,0,0,2,-2,1053,1132,184,171,0,0,184,171,20,0,-83
20606,Apr 15 2014,Friendly in Qatar,Chad,Yemen,1232,1155,0,0,-2,2,1230,1157,149,167,0,0,149,167,20,0,77
20607,Apr 17 2014,Friendly tournament in Guadeloupe,Guadeloupe,French Guiana,1384,1244,3,2,6,-6,1390,1238,110,146,2,0,112,146,20,0,140
20608,Apr 19 2014,Friendly tournament in Guadeloupe,Guadeloupe,Martinique,1390,1412,0,1,-18,18,1372,1430,126,104,-7,2,119,106,30,100,78
20609,Apr 20 2014,African Nations Cup qualifier in Mauritius,Mauritius,Mauritania,1048,1194,0,2,-26,26,1022,1220,187,146,-1,7,186,153,40,100,-46
20610,Apr 26 2014,Friendly in Tanzania,Tanzania,Burundi,1384,1302,0,3,-26,26,1358,1328,132,121,-9,6,123,127,20,100,182
20611,Apr 27 2014,Friendly in the Philippines,Philippines,Malaysia,1195,1185,0,0,-3,3,1192,1188,160,161,0,0,160,161,20,100,110
20612,Apr 30 2014,Windward Islands Champ in Dominica,Dominica,Saint Lucia,1017,1054,0,2,-27,27,990,1081,195,175,-4,4,191,179,30,100,63
20613,Apr 30 2014,Windward Islands Champ in Dominica,Grenada,St Vincent & Grenadines,1196,1140,0,0,-2,2,1194,1142,159,170,0,0,159,170,20,0,56
20614,May 2 2014,Windward Islands Champ in Dominica,Dominica,St Vincent & Grenadines,990,1142,2,3,-13,13,977,1155,193,166,-1,2,192,168,30,100,-52
20615,May 2 2014,Windward Islands Champ in Dominica,Saint Lucia,Grenada,1081,1194,1,0,20,-20,1101,1174,175,167,2,-4,177,163,30,0,-113
20616,May 4 2014,Windward Islands Champ in Dominica,Dominica,Grenada,977,1174,3,5,-16,16,961,1190,194,157,-1,3,193,160,30,100,-97
20617,May 4 2014,Windward Islands Champ in Dominica,Saint Lucia,St Vincent & Grenadines,1101,1155,0,0,2,-2,1103,1153,175,168,1,0,176,168,20,0,-54
20618,May 4 2014,Friendly in Tajikistan,Tajikistan,Afghanistan,1261,1053,1,0,3,-3,1264,1050,142,184,0,0,142,184,20,100,308
20619,May 4 2014,Friendly in Tanzania,Tanzania,Malawi,1358,1314,0,0,-4,4,1354,1318,125,127,-1,1,124,128,20,100,144
20620,May 10 2014,Friendly in Italy,Monaco,Vatican,902,693,2,0,7,-7,909,686,200,217,0,0,200,217,20,0,209
20621,May 11 2014,Friendly in Botswana,Botswana,Swaziland,1307,1102,1,4,-30,30,1277,1132,147,165,-8,6,139,171,20,100,305
20622,May 12 2014,Friendly in Kuwait,Afghanistan,Kyrgyzstan,1050,1132,1,0,12,-12,1062,1120,182,177,1,-3,183,174,20,0,-82
20623,May 13 2014,Friendly in Germany,Germany,Poland,2089,1635,0,0,-9,9,2080,1644,3,50,0,1,3,51,20,0,454
20624,May 13 2014,Friendly in the Maldives,Maldives,Laos,1081,855,7,1,6,-6,1087,849,178,206,1,0,179,206,20,100,326
20625,May 14 2014,Friendly in Kuwait,Kuwait,Afghanistan,1513,1062,3,2,1,-1,1514,1061,81,183,1,0,82,183,20,0,451
20626,May 16 2014,Friendly in Kuwait,Kuwait,Kyrgyzstan,1514,1120,2,2,-9,9,1505,1129,90,170,-4,2,86,172,20,100,494
20627,May 17 2014,African Nations Cup qualifier in Malawi,Malawi,Chad,1318,1230,2,0,15,-15,1333,1215,126,157,1,-4,127,153,40,100,188
20628,May 17 2014,African Nations Cup qualifier in Mauritania,Mauritania,Equatorial Guinea,1220,1303,1,0,19,-19,1239,1284,139,141,7,-5,146,136,30,0,-83
20629,May 17 2014,African Nations Cup qualifier in Namibia,Namibia,Congo,1292,1394,1,0,20,-20,1312,1374,126,123,4,-6,130,117,40,100,-2
20630,May 17 2014,Friendly in the Netherlands,Netherlands,Ecuador,1988,1844,1,1,-6,6,1982,1850,5,10,0,3,5,13,20,100,244
20631,May 17 2014,African Nations Cup qualifier in São Tomé and Príncipe,São Tomé and Príncipe,Benin,1100,1388,0,2,-15,15,1085,1403,180,110,-1,1,179,111,40,100,-188
20632,May 18 2014,Friendly in Austria,Belarus,Iran,1584,1719,0,0,4,-4,1588,1715,62,34,0,0,62,34,20,0,-135
20633,May 18 2014,African Nations Cup qualifier in Burundi,Burundi,Botswana,1328,1277,0,0,-8,8,1320,1285,130,133,-1,3,129,136,40,100,151
20634,May 18 2014,African Nations Cup qualifier in Congo,Central African Republic,Guinea-Bissau,1270,1226,0,0,-3,3,1267,1229,140,150,0,0,140,150,40,0,44
20635,May 18 2014,African Nations Cup qualifier in Kenya,Kenya,Comoros,1442,880,1,0,1,-1,1443,879,101,202,1,0,102,202,20,0,562
20636,May 18 2014,African Nations Cup qualifier in Liberia,Liberia,Lesotho,1317,1215,1,0,10,-10,1327,1205,127,157,1,-2,128,155,40,100,202
20637,May 18 2014,African Nations Cup qualifier in Tunisia,Libya,Rwanda,1553,1303,0,0,-12,12,1541,1315,75,128,-2,2,73,130,40,0,250
20638,May 18 2014,African Nations Cup qualifier in Madagascar,Madagascar,Uganda,1164,1507,2,1,32,-32,1196,1475,153,103,6,-10,159,93,40,100,-243
20639,May 18 2014,African Nations Cup qualifier in Mozambique,Mozambique,South Sudan,1368,1057,5,0,7,-7,1375,1050,113,184,3,0,116,184,40,100,411
20640,May 18 2014,African Nations Cup qualifier in Swaziland,Swaziland,Sierra Leone,1132,1364,1,1,7,-7,1139,1357,171,126,0,-3,171,123,40,100,-132
20641,May 18 2014,African Nations Cup qualifier in Tanzania,Tanzania,Zimbabwe,1354,1381,1,0,16,-16,1370,1365,114,125,5,-5,119,120,30,0,-27
20642,May 19 2014,Asian Cup q & Asian Chlg Cup in the Maldives,Maldives,Myanmar,1087,1005,2,3,-30,30,1057,1035,188,182,-5,3,183,185,40,100,182
20643,May 19 2014,Asian Cup q & Asian Chlg Cup in the Maldives,Palestine,Kyrgyzstan,1292,1129,1,0,11,-11,1303,1118,132,176,1,-2,133,174,40,0,163
20644,May 20 2014,Asian Cup q & Asian Chlg Cup in the Maldives,Afghanistan,Philippines,1061,1192,0,0,7,-7,1068,1185,180,164,1,-2,181,162,40,0,-131
20645,May 20 2014,Friendly in French Guiana,French Guiana,Suriname,1238,1236,0,0,-3,3,1235,1239,149,144,-1,2,148,146,20,100,102
20646,May 20 2014,Asian Cup q & Asian Chlg Cup in the Maldives,Turkmenistan,Laos,1346,849,5,1,4,-4,1350,845,125,206,0,0,125,206,40,0,497
20647,May 21 2014,Friendly in Burkina Faso,Burkina Faso,Senegal,1539,1570,1,1,-2,2,1537,1572,74,65,0,0,74,65,20,100,69
20648,May 21 2014,Friendly in Finland,Finland,Czechia,1685,1755,2,2,-1,1,1684,1756,45,27,0,0,45,27,20,100,30
20649,May 21 2014,Friendly in Kosovo,Kosovo,Turkey,1378,1724,1,6,-8,8,1370,1732,121,27,-3,2,118,29,20,100,-246
20650,May 21 2014,Friendly in Liechtenstein,Liechtenstein,Belarus,1178,1588,1,5,-5,5,1173,1593,167,60,-2,1,165,61,20,100,-310
20651,May 21 2014,Asian Cup q & Asian Chlg Cup in the Maldives,Maldives,Kyrgyzstan,1057,1118,2,0,27,-27,1084,1091,177,180,3,-3,180,177,40,100,39
20652,May 21 2014,Asian Cup q & Asian Chlg Cup in the Maldives,Palestine,Myanmar,1303,1035,2,0,11,-11,1314,1024,129,187,2,-1,131,186,40,0,268
20653,May 22 2014,Asian Cup q & Asian Chlg Cup in the Maldives,Afghanistan,Turkmenistan,1068,1350,3,1,50,-50,1118,1300,166,141,8,-8,174,133,40,0,-282
20654,May 22 2014,Friendly in Hungary,Hungary,Denmark,1668,1744,2,2,-1,1,1667,1745,46,28,0,0,46,28,20,100,24
20655,May 22 2014,Asian Cup q & Asian Chlg Cup in the Maldives,Philippines,Laos,1185,845,2,0,7,-7,1192,838,158,208,2,-1,160,207,40,0,340
20656,May 22 2014,Friendly in Ukraine,Ukraine,Niger,1840,1291,2,1,0,0,1840,1291,17,135,0,0,17,135,20,100,649
20657,May 23 2014,Friendly in Austria,Bulgaria,Canada,1648,1488,1,1,-4,4,1644,1492,51,86,-1,2,50,88,20,0,160
20658,May 23 2014,Asian Cup q & Asian Chlg Cup in the Maldives,Kyrgyzstan,Myanmar,1091,1024,1,0,16,-16,1107,1008,176,190,1,-2,177,188,40,0,67
20659,May 23 2014,Asian Cup q & Asian Chlg Cup in the Maldives,Maldives,Palestine,1084,1314,0,0,7,-7,1091,1307,177,134,2,-2,179,132,40,100,-130
20660,May 23 2014,Friendly in Portugal,Morocco,Mozambique,1527,1375,4,0,11,-11,1538,1364,70,125,4,-5,74,120,20,0,152
20661,May 23 2014,Friendly in Slovakia,Slovakia,Montenegro,1627,1611,2,0,10,-10,1637,1601,53,59,0,-1,53,58,20,100,116
20662,May 24 2014,Asian Cup q & Asian Chlg Cup in the Maldives,Afghanistan,Laos,1118,838,0,0,-13,13,1105,851,180,205,-3,1,177,206,40,0,280
20663,May 24 2014,Friendly in Spain,Moldova,Saudi Arabia,1437,1491,4,0,22,-22,1459,1469,88,98,8,-4,96,94,20,0,-54
20664,May 24 2014,Asian Cup q & Asian Chlg Cup in the Maldives,Philippines,Turkmenistan,1192,1300,2,0,39,-39,1231,1261,140,151,10,-9,150,142,40,0,-108
20665,May 25 2014,Friendly in France,Guinea,Mali,1532,1558,2,1,11,-11,1543,1547,70,73,3,-2,73,71,20,0,-26
20666,May 25 2014,Friendly in Ireland,Ireland,Turkey,1701,1732,1,2,-12,12,1689,1744,49,29,-5,0,44,29,20,100,69
20667,May 25 2014,Friendly in Switzerland,Senegal,Kosovo,1572,1370,3,1,7,-7,1579,1363,61,123,2,-3,63,120,20,0,202
20668,May 26 2014,Friendly in Australia,Australia,South Africa,1722,1573,1,1,-6,6,1716,1579,33,61,0,2,33,63,20,100,249
20669,May 26 2014,Friendly in Belgium,Belgium,Luxembourg,1832,1213,5,1,1,-1,1833,1212,18,155,0,0,18,155,20,0,619
20670,May 26 2014,Friendly in Austria,Cameroon,Macedonia,1591,1520,2,0,12,-12,1603,1508,54,83,4,-1,58,82,20,0,71
20671,May 26 2014,Friendly in Estonia,Estonia,Gibraltar,1474,1125,1,1,-9,9,1465,1134,97,171,-2,1,95,172,20,100,449
20672,May 26 2014,Friendly in Austria,Iran,Montenegro,1715,1601,0,0,-3,3,1712,1604,36,56,-1,1,35,57,20,0,114
20673,May 26 2014,Friendly in Russia,Russia,Slovakia,1848,1637,1,0,3,-3,1851,1634,12,53,1,0,13,53,20,100,311
20674,May 26 2014,Friendly in the United States,Serbia,Jamaica,1765,1528,2,1,4,-4,1769,1524,23,79,1,-1,24,78,20,0,237
20675,May 27 2014,Friendly in Switzerland,Armenia,United Arab Emirates,1578,1655,4,3,12,-12,1590,1643,61,54,2,-3,63,51,20,0,-77
20676,May 27 2014,Friendly in Austria,Canada,Moldova,1492,1459,1,1,-1,1,1491,1460,90,96,-1,0,89,96,20,0,33
20677,May 27 2014,Friendly in France,France,Norway,1897,1619,4,0,4,-4,1901,1615,12,57,0,-1,12,56,20,100,378
20678,May 27 2014,Friendly in Japan,Japan,Cyprus,1768,1387,1,0,1,-1,1769,1386,23,112,1,0,24,112,20,100,481
20679,May 27 2014,Asian Cup q & Asian Chlg Cup in the Maldives,Maldives,Philippines,1091,1231,2,3,-18,18,1073,1249,185,138,-3,6,182,144,40,100,-40
20680,May 27 2014,Asian Cup q & Asian Chlg Cup in the Maldives,Palestine,Afghanistan,1307,1105,2,0,14,-14,1321,1091,124,179,4,-1,128,178,40,0,202
20681,May 27 2014,Friendly in Suriname,Suriname,French Guiana,1239,1235,1,0,7,-7,1246,1228,146,154,0,-3,146,151,20,100,104
20682,May 27 2014,Friendly in Tanzania,Tanzania,Malawi,1370,1333,1,0,6,-6,1376,1327,113,126,2,0,115,126,20,100,137
20683,May 27 2014,Friendly in the United States,United States,Azerbaijan,1846,1443,2,0,2,-2,1848,1441,14,105,1,-1,15,104,20,100,503
20684,May 27 2014,Friendly in Uzbekistan,Uzbekistan,Oman,1643,1567,0,1,-15,15,1628,1582,54,61,-1,3,53,64,20,100,176
20685,May 28 2014,Friendly in Portugal,Angola,Morocco,1445,1538,2,0,19,-19,1464,1519,90,87,6,-6,96,81,20,0,-93
20686,May 28 2014,Friendly in Denmark,Denmark,Sweden,1745,1822,1,0,9,-9,1754,1813,28,23,0,-2,28,21,20,100,23
20687,May 28 2014,Friendly in Mexico,Mexico,Israel,1813,1619,3,0,5,-5,1818,1614,17,57,2,-1,19,56,20,100,294
20688,May 28 2014,Friendly in England,Nigeria,Scotland,1731,1710,2,2,-1,1,1730,1711,30,35,0,1,30,36,20,0,21
20689,May 28 2014,Friendly in South Korea,South Korea,Tunisia,1703,1514,0,1,-17,17,1686,1531,50,71,-6,5,44,76,20,100,289
20690,May 29 2014,Friendly in Spain,Georgia,Saudi Arabia,1499,1469,2,0,14,-14,1513,1455,77,105,5,-6,82,99,20,0,30
20691,May 29 2014,Baltic Cup in Latvia,Latvia,Estonia,1448,1465,0,0,-4,4,1444,1469,102,93,0,1,102,94,30,100,83
20692,May 29 2014,Baltic Cup in Latvia,Lithuania,Finland,1457,1684,1,0,24,-24,1481,1660,81,49,9,-2,90,47,30,0,-227
20693,May 29 2014,Asian Cup q & Asian Chlg Cup in the Maldives,Maldives,Afghanistan,1073,1091,1,1,-5,5,1068,1096,182,178,0,0,182,178,40,100,82
20694,May 29 2014,Friendly in Austria,Paraguay,Cameroon,1695,1603,2,1,7,-7,1702,1596,36,62,2,-2,38,60,20,0,92
20695,May 29 2014,Friendly in the United States,Turkey,Honduras,1744,1694,2,0,13,-13,1757,1681,25,47,2,-3,27,44,20,0,50
20696,May 29 2014,Friendly in Uzbekistan,Uzbekistan,Oman,1628,1582,0,1,-14,14,1614,1596,57,56,-2,4,55,60,20,100,146
20697,May 30 2014,Friendly in Austria,Angola,Iran,1464,1712,1,1,6,-6,1470,1706,92,37,2,-1,94,36,20,0,-248
20698,May 30 2014,CONCACAF Ch & Car Ch q in Aruba,Aruba,Turks and Caicos Islands,937,765,1,0,7,-7,944,758,194,211,1,0,195,211,40,100,272
20699,May 30 2014,Friendly in Austria,Austria,Iceland,1666,1528,1,1,-6,6,1660,1534,46,75,0,1,46,76,20,100,238
20700,May 30 2014,Friendly in the United States,Bosnia and Herzegovina,Ivory Coast,1765,1782,2,1,10,-10,1775,1772,20,25,3,-1,23,24,20,0,-17
20701,May 30 2014,Friendly in Chile,Chile,Egypt,1916,1714,3,2,3,-3,1919,1711,9,34,0,0,9,34,20,100,302
20702,May 30 2014,African Nations Cup qualifier in the Comoros,Comoros,Kenya,879,1443,1,1,17,-17,896,1426,200,109,1,-3,201,106,40,100,-464
20703,May 30 2014,Friendly in England,England,Peru,1936,1711,3,0,5,-5,1941,1706,6,36,0,0,6,36,20,100,325
20704,May 30 2014,CONCACAF Ch & Car Ch q in Aruba,French Guiana,British Virgin Islands,1228,685,6,0,4,-4,1232,681,149,220,1,-1,150,219,40,0,543
20705,May 30 2014,Friendly in Italy,Macedonia,Qatar,1508,1548,0,0,1,-1,1509,1547,83,70,0,0,83,70,20,0,-40
20706,May 30 2014,CONCACAF Ch & Car Ch q in Montserrat,Montserrat,US Virgin Islands,583,706,1,0,21,-21,604,685,228,220,0,-3,228,217,40,100,-23
20707,May 30 2014,African Nations Cup qualifier in Sudan,Mozambique,South Sudan,1364,1050,0,0,-14,14,1350,1064,129,182,-5,1,124,183,40,0,314
20708,May 30 2014,Friendly in New Zealand,New Zealand,South Africa,1546,1579,0,0,-2,2,1544,1581,72,65,0,0,72,65,20,100,67
20709,May 30 2014,Asian Cup q & Asian Chlg Cup in the Maldives,Palestine,Philippines,1321,1249,1,0,16,-16,1337,1233,122,154,3,-5,125,149,40,0,72
20710,May 30 2014,Friendly in Spain,Spain,Bolivia,2107,1627,2,0,1,-1,2108,1626,2,53,0,0,2,53,20,100,580
20711,May 30 2014,Friendly in Switzerland,Switzerland,Jamaica,1848,1524,1,0,2,-2,1850,1522,13,80,1,-1,14,79,20,100,424
20712,May 30 2014,Friendly in Uruguay,Uruguay,Northern Ireland,1915,1412,1,0,1,-1,1916,1411,10,109,0,0,10,109,20,0,503
20713,May 31 2014,Friendly in Switzerland,Algeria,Armenia,1601,1590,3,1,15,-15,1616,1575,51,68,4,-2,55,66,20,0,11
20714,May 31 2014,African Nations Cup qualifier in Chad,Chad,Malawi,1215,1327,3,1,31,-31,1246,1296,136,137,9,-5,145,132,40,100,-12
20715,May 31 2014,Friendly in Argentina,Colombia,Senegal,1926,1579,2,2,-8,8,1918,1587,10,62,-1,2,9,64,20,0,347
20716,May 31 2014,Friendly in Croatia,Croatia,Mali,1810,1547,2,1,2,-2,1812,1545,22,72,0,-1,22,71,20,100,363
20717,May 31 2014,Baltic Cup in Latvia,Finland,Estonia,1660,1469,2,0,11,-11,1671,1458,44,101,1,-3,45,98,30,0,191
20718,May 31 2014,African Nations Cup qualifier in Guinea-Bissau,Guinea-Bissau,Central African Republic,1229,1267,3,1,25,-25,1254,1242,135,157,8,-9,143,148,30,0,-38
20719,May 31 2014,Friendly in England,Ireland,Italy,1689,1904,0,0,6,-6,1695,1898,40,13,1,-1,41,12,20,0,-215
20720,May 31 2014,Baltic Cup in Latvia,Latvia,Lithuania,1444,1481,1,0,12,-12,1456,1469,96,98,3,-4,99,94,30,100,63
20721,May 31 2014,Friendly in the United States,Mexico,Ecuador,1818,1850,3,1,16,-16,1834,1834,15,20,2,-3,17,17,20,0,-32
20722,May 31 2014,Friendly in the Netherlands,Netherlands,Ghana,1982,1693,1,0,2,-2,1984,1691,5,43,0,-1,5,42,20,100,389
20723,May 31 2014,Friendly in Norway,Norway,Russia,1615,1851,1,1,4,-4,1619,1847,54,17,0,-2,54,15,20,100,-136
20724,May 31 2014,Friendly in the United States,Panama,Serbia,1700,1769,1,1,2,-2,1702,1767,37,27,1,-1,38,26,20,0,-69
20725,May 31 2014,Friendly in Portugal,Portugal,Greece,1933,1815,0,0,-6,6,1927,1821,7,20,0,0,7,20,20,100,218
20726,May 31 2014,Friendly in Switzerland,Romania,Albania,1724,1521,1,0,5,-5,1729,1516,30,80,1,0,31,80,20,0,203
20727,May 31 2014,African Nations Cup qualifier in Rwanda,Rwanda,Libya,1315,1541,3,0,47,-47,1362,1494,114,100,8,-13,122,87,40,100,-126
20728,May 31 2014,African Nations Cup qualifier in Sierra Leone,Sierra Leone,Swaziland,1357,1139,1,0,6,-6,1363,1133,116,173,3,-1,119,172,40,100,318
20729,May 31 2014,African Nations Cup qualifier in Uganda,Uganda,Madagascar,1475,1196,1,0,4,-4,1479,1192,87,160,3,0,90,160,40,100,379
20730,Jun 1 2014,CONCACAF Ch & Car Ch q in Aruba,Aruba,British Virgin Islands,944,681,7,0,10,-10,954,671,193,227,1,-4,194,223,40,100,363
20731,Jun 1 2014,African Nations Cup qualifier in Benin,Benin,São Tomé and Príncipe,1403,1085,2,0,5,-5,1408,1080,111,181,0,-1,111,180,40,100,418
20732,Jun 1 2014,CONCACAF Ch & Car Ch q in Montserrat,Bonaire,US Virgin Islands,1030,685,2,1,5,-5,1035,680,185,221,0,-2,185,219,40,0,345
20733,Jun 1 2014,African Nations Cup qualifier in Botswana,Botswana,Burundi,1285,1320,1,0,16,-16,1301,1304,127,131,4,-1,131,130,40,100,65
20734,Jun 1 2014,African Nations Cup qualifier in Congo,Congo,Namibia,1374,1312,3,0,20,-20,1394,1292,108,140,4,-5,112,135,40,100,162
20735,Jun 1 2014,African Nations Cup qualifier in Equatorial Guinea,Equatorial Guinea,Mauritania,1284,1239,3,0,21,-21,1305,1218,122,161,7,-6,129,155,40,100,145
20736,Jun 1 2014,Friendly in France,France,Paraguay,1901,1702,1,1,-7,7,1894,1709,13,34,-1,2,12,36,20,100,299
20737,Jun 1 2014,CONCACAF Ch & Car Ch q in Aruba,French Guiana,Turks and Caicos Islands,1232,758,6,0,5,-5,1237,753,146,211,3,0,149,211,40,0,474
20738,Jun 1 2014,Friendly in Germany,Germany,Cameroon,2080,1596,2,2,-9,9,2071,1605,3,56,0,2,3,58,20,0,484
20739,Jun 1 2014,Friendly in the United States,Israel,Honduras,1614,1681,4,2,18,-18,1632,1663,50,48,3,-2,53,46,20,0,-67
20740,Jun 1 2014,African Nations Cup qualifier in Lesotho,Lesotho,Liberia,1205,1327,2,0,32,-32,1237,1295,142,140,7,-6,149,134,40,100,-22
20741,Jun 1 2014,Friendly in Sweden,Sweden,Belgium,1813,1833,0,2,-18,18,1795,1851,23,9,-1,5,22,14,20,100,80
20742,Jun 1 2014,Friendly in the United States,United States,Turkey,1848,1757,2,1,5,-5,1853,1752,12,31,1,-2,13,29,20,100,191
20743,Jun 1 2014,African Nations Cup qualifier in Zimbabwe,Zimbabwe,Tanzania,1365,1376,2,2,-5,5,1360,1381,128,117,-5,-1,123,116,40,100,89
20744,Jun 2 2014,Friendly in the United States,Japan,Costa Rica,1769,1725,3,1,13,-13,1782,1712,21,34,2,-1,23,33,20,0,44
20745,Jun 3 2014,CONCACAF Ch & Car Ch q in Aruba,Aruba,French Guiana,954,1237,0,2,-16,16,938,1253,198,139,-2,5,196,144,40,100,-183
20746,Jun 3 2014,Friendly in the United States,Bosnia and Herzegovina,Mexico,1775,1834,1,0,12,-12,1787,1822,22,20,1,-1,23,19,20,0,-59
20747,Jun 3 2014,Friendly in Brazil,Brazil,Panama,2135,1702,4,0,2,-2,2137,1700,1,37,0,1,1,38,20,100,533
20748,Jun 3 2014,Friendly in Czechia,Czechia,Austria,1756,1660,1,2,-15,15,1741,1675,31,41,-2,3,29,44,20,100,196
20749,Jun 3 2014,Friendly in the United States,Greece,Nigeria,1821,1730,0,0,-3,3,1818,1733,20,30,0,0,20,30,20,0,91
20750,Jun 3 2014,CONCACAF Ch & Car Ch q in Montserrat,Montserrat,Bonaire,604,1035,0,0,15,-15,619,1020,224,187,2,-1,226,186,40,100,-331
20751,Jun 3 2014,Friendly in Switzerland,Switzerland,Peru,1850,1706,2,0,6,-6,1856,1700,11,39,2,-1,13,38,20,100,244
20752,Jun 3 2014,CONCACAF Ch & Car Ch q in Aruba,Turks and Caicos Islands,British Virgin Islands,753,671,2,0,23,-23,776,648,211,225,0,-1,211,224,40,0,82
20753,Jun 3 2014,Friendly in Switzerland,United Arab Emirates,Georgia,1643,1513,1,0,6,-6,1649,1507,45,83,3,-1,48,82,20,0,130
20754,Jun 4 2014,Friendly in Switzerland,Algeria,Romania,1616,1729,2,1,13,-13,1629,1716,52,31,2,0,54,31,20,0,-113
20755,Jun 4 2014,Friendly in Argentina,Argentina,Trinidad and Tobago,2016,1506,3,0,1,-1,2017,1505,4,85,0,-1,4,84,20,100,610
20756,Jun 4 2014,Friendly in Chile,Chile,Northern Ireland,1919,1411,2,0,1,-1,1920,1410,8,111,0,-1,8,110,20,100,608
20757,Jun 4 2014,Friendly in the United States,Ecuador,England,1834,1941,2,2,3,-3,1837,1938,18,6,0,0,18,6,20,0,-107
20758,Jun 4 2014,Friendly in England,Egypt,Jamaica,1711,1522,2,2,-5,5,1706,1527,38,76,-2,1,36,77,20,0,189
20759,Jun 4 2014,Friendly in Equatorial Guinea,Equatorial Guinea,São Tomé and Príncipe,1305,1080,3,2,3,-3,1308,1077,129,180,0,0,129,180,20,100,325
20760,Jun 4 2014,Friendly in Portugal,Gibraltar,Malta,1134,1249,1,0,13,-13,1147,1236,171,155,0,-5,171,150,20,0,-115
20761,Jun 4 2014,Friendly in Hungary,Hungary,Albania,1667,1516,1,0,4,-4,1671,1512,44,80,1,0,45,80,20,100,251
20762,Jun 4 2014,Friendly in Iceland,Iceland,Estonia,1534,1458,1,0,5,-5,1539,1453,73,104,1,-3,74,101,20,100,176
20763,Jun 4 2014,Friendly in Italy,Italy,Luxembourg,1898,1212,1,1,-10,10,1888,1222,13,152,-1,2,12,154,20,0,686
20764,Jun 4 2014,Friendly in the United States,Ivory Coast,El Salvador,1772,1524,2,1,4,-4,1776,1520,25,79,0,-1,25,78,20,0,248
20765,Jun 4 2014,Friendly in the Netherlands,Netherlands,Wales,1984,1595,2,0,2,-2,1986,1593,5,62,0,0,5,62,20,100,489
20766,Jun 4 2014,Friendly in Uruguay,Uruguay,Slovenia,1916,1647,2,0,3,-3,1919,1644,8,49,1,0,9,49,20,100,369
20767,Jun 6 2014,Friendly in Brazil,Brazil,Serbia,2137,1767,1,0,1,-1,2138,1766,1,26,0,0,1,26,20,100,470
20768,Jun 6 2014,Friendly in Argentina,Colombia,Jordan,1918,1603,3,0,5,-5,1923,1598,6,60,2,0,8,60,20,0,315
20769,Jun 6 2014,Friendly in the United States,Costa Rica,Ireland,1712,1695,1,1,0,0,1712,1695,31,41,1,0,32,41,20,0,17
20770,Jun 6 2014,Friendly in Brazil,Croatia,Australia,1812,1716,1,0,7,-7,1819,1709,19,37,1,-3,20,34,20,0,96
20771,Jun 6 2014,Friendly in Germany,Germany,Armenia,2071,1575,6,1,1,-1,2072,1574,3,66,0,0,3,66,20,100,596
20772,Jun 6 2014,Friendly in the United States,Greece,Bolivia,1818,1626,2,1,5,-5,1823,1621,18,55,1,0,19,55,20,0,192
20773,Jun 6 2014,Friendly in the United States,Japan,Zambia,1782,1492,4,3,3,-3,1785,1489,24,90,0,-1,24,89,20,0,290
20774,Jun 6 2014,Friendly in Poland,Poland,Lithuania,1644,1469,2,1,3,-3,1647,1466,49,96,0,-1,49,95,20,100,275
20775,Jun 6 2014,Friendly in the United States,Portugal,Mexico,1927,1822,1,0,7,-7,1934,1815,7,23,0,-2,7,21,20,0,105
20776,Jun 6 2014,Friendly in Russia,Russia,Morocco,1847,1519,2,0,2,-2,1849,1517,16,79,0,0,16,79,20,100,428
20777,Jun 7 2014,Friendly in Argentina,Argentina,Slovenia,2017,1644,2,0,2,-2,2019,1642,4,52,0,-1,4,51,20,100,473
20778,Jun 7 2014,Friendly in Belgium,Belgium,Tunisia,1851,1531,1,0,2,-2,1853,1529,15,76,0,0,15,76,20,100,420
20779,Jun 7 2014,Friendly in Cameroon,Cameroon,Moldova,1605,1460,1,0,4,-4,1609,1456,58,98,0,-1,58,97,20,100,245
20780,Jun 7 2014,Friendly in the United States,England,Honduras,1938,1663,0,0,-7,7,1931,1670,8,47,-1,0,7,47,20,0,275
20781,Jun 7 2014,Friendly in Estonia,Estonia,Tajikistan,1453,1264,2,1,3,-3,1456,1261,93,140,4,0,97,140,20,100,289
20782,Jun 7 2014,Friendly in Hungary,Hungary,Kazakhstan,1671,1361,3,0,3,-3,1674,1358,45,124,0,-1,45,123,20,100,410
20783,Jun 7 2014,Friendly in the United States,Spain,El Salvador,2108,1520,2,0,1,-1,2109,1519,2,78,0,0,2,78,20,0,588
20784,Jun 7 2014,Friendly in the United States,United States,Nigeria,1853,1733,2,1,4,-4,1857,1729,12,30,1,0,13,30,20,100,220
20785,Jun 8 2014,Friendly in France,France,Jamaica,1894,1527,8,0,3,-3,1897,1524,11,77,0,0,11,77,20,100,467
20786,Jun 8 2014,Friendly in Brazil,Iran,Trinidad and Tobago,1706,1505,2,0,7,-7,1713,1498,28,88,4,-2,32,86,20,0,201
20787,Jun 8 2014,Friendly in San Marino,San Marino,Albania,877,1512,0,3,-2,2,875,1514,203,80,0,0,203,80,20,100,-535
20788,Jun 9 2014,Friendly in the United States,Ghana,South Korea,1691,1686,4,0,18,-18,1709,1668,28,51,7,-4,35,47,20,0,5
20789,Jun 10 2014,Friendly in the United States,Portugal,Ireland,1934,1695,5,1,8,-8,1942,1687,6,42,0,0,6,42,20,0,239
20790,Jun 12 2014,World Cup in Brazil,Brazil,Croatia,2138,1819,3,1,7,-7,2145,1812,1,22,0,-1,1,21,60,100,419
20791,Jun 13 2014,World Cup in Brazil,Chile,Australia,1920,1709,3,1,21,-21,1941,1688,5,47,2,-6,7,41,60,0,211
20792,Jun 13 2014,World Cup in Brazil,Mexico,Cameroon,1815,1609,1,0,14,-14,1829,1595,18,64,1,-3,19,61,60,0,206
20793,Jun 13 2014,World Cup in Brazil,Netherlands,Spain,1986,2109,5,1,75,-75,2061,2034,1,6,2,-2,3,4,60,0,-123
20794,Jun 14 2014,World Cup in Brazil,Colombia,Greece,1923,1823,3,0,38,-38,1961,1785,3,28,3,-4,6,24,60,0,100
20795,Jun 14 2014,World Cup in Brazil,Costa Rica,Uruguay,1712,1919,3,1,69,-69,1781,1850,17,20,8,-5,25,15,60,0,-207
20796,Jun 14 2014,World Cup in Brazil,Italy,England,1888,1931,2,1,34,-34,1922,1897,6,12,3,-2,9,10,60,0,-43
20797,Jun 14 2014,World Cup in Brazil,Ivory Coast,Japan,1776,1785,2,1,31,-31,1807,1754,17,30,4,-3,21,27,60,0,-9
20798,Jun 15 2014,World Cup in Brazil,Argentina,Bosnia and Herzegovina,2019,1787,2,1,12,-12,2031,1775,5,27,0,-2,5,25,60,0,232
20799,Jun 15 2014,World Cup in Brazil,France,Honduras,1897,1670,3,0,22,-22,1919,1648,10,50,0,-2,10,48,60,0,227
20800,Jun 15 2014,World Cup in Brazil,Switzerland,Ecuador,1856,1837,2,1,28,-28,1884,1809,11,22,1,-2,12,20,60,0,19
20801,Jun 16 2014,World Cup in Brazil,Germany,Portugal,2072,1942,4,0,36,-36,2108,1906,2,13,0,-3,2,10,60,0,130
20802,Jun 16 2014,World Cup in Brazil,Iran,Nigeria,1713,1729,0,0,1,-1,1714,1728,33,31,0,0,33,31,30,0,-16
20803,Jun 16 2014,World Cup in Brazil,United States,Ghana,1857,1709,2,1,18,-18,1875,1691,13,45,0,-5,13,40,60,0,148
20804,Jun 17 2014,World Cup in Brazil,Belgium,Algeria,1853,1629,2,1,13,-13,1866,1616,14,58,0,-2,14,56,60,0,224
20805,Jun 17 2014,World Cup in Brazil,Brazil,Mexico,2145,1829,0,0,-25,25,2120,1854,1,12,0,3,1,15,60,100,416
20806,Jun 17 2014,World Cup in Brazil,Russia,South Korea,1849,1668,1,1,-14,14,1835,1682,20,40,-2,3,18,43,60,0,181
20807,Jun 18 2014,World Cup in Brazil,Chile,Spain,1941,2034,2,0,57,-57,1998,1977,3,8,2,-2,5,6,60,0,-93
20808,Jun 18 2014,Friendly in China,China,Macedonia,1556,1509,2,0,9,-9,1565,1500,67,89,1,-4,68,85,20,100,147
20809,Jun 18 2014,World Cup in Brazil,Croatia,Cameroon,1812,1595,4,0,25,-25,1837,1570,17,71,1,-5,18,66,60,0,217
20810,Jun 18 2014,World Cup in Brazil,Netherlands,Australia,2061,1688,3,2,6,-6,2067,1682,3,43,0,-1,3,42,60,0,373
20811,Jun 19 2014,World Cup in Brazil,Colombia,Ivory Coast,1961,1807,2,1,18,-18,1979,1789,5,23,1,-1,6,22,60,0,154
20812,Jun 19 2014,World Cup in Brazil,Greece,Japan,1785,1754,0,0,-3,3,1782,1757,23,27,0,0,23,27,60,0,31
20813,Jun 19 2014,World Cup in Brazil,Uruguay,England,1850,1897,2,1,34,-34,1884,1863,6,19,5,-4,11,15,60,0,-47
20814,Jun 20 2014,World Cup in Brazil,Costa Rica,Italy,1781,1922,1,0,42,-42,1823,1880,18,14,3,-3,21,11,60,0,-141
20815,Jun 20 2014,World Cup in Brazil,Ecuador,Honduras,1809,1648,2,1,17,-17,1826,1631,20,58,0,-5,20,53,60,0,161
20816,Jun 20 2014,World Cup in Brazil,France,Switzerland,1919,1884,5,2,47,-47,1966,1837,7,23,1,-6,8,17,60,0,35
20817,Jun 21 2014,World Cup in Brazil,Argentina,Iran,2031,1714,1,0,8,-8,2039,1706,4,39,0,-3,4,36,60,0,317
20818,Jun 21 2014,World Cup in Brazil,Germany,Ghana,2108,1691,2,2,-25,25,2083,1716,2,24,0,8,2,32,60,0,417
20819,Jun 21 2014,Friendly in Indonesia,Indonesia,Pakistan,1222,940,4,0,4,-4,1226,936,152,197,1,-1,153,196,20,100,382
20820,Jun 21 2014,World Cup in Brazil,Nigeria,Bosnia and Herzegovina,1728,1775,1,0,34,-34,1762,1741,21,35,5,-5,26,30,60,0,-47
20821,Jun 22 2014,World Cup in Brazil,Algeria,South Korea,1616,1682,4,2,53,-53,1669,1629,36,66,10,-12,46,54,60,0,-66
20822,Jun 22 2014,World Cup in Brazil,Belgium,Russia,1866,1835,1,0,27,-27,1893,1808,7,23,3,-2,10,21,60,0,31
20823,Jun 22 2014,Friendly in China,China,Macedonia,1565,1500,0,0,-4,4,1561,1504,70,85,-1,0,69,85,20,100,165
20824,Jun 22 2014,World Cup in Brazil,Portugal,United States,1906,1875,2,2,-3,3,1903,1878,9,14,0,-1,9,13,60,0,31
20825,Jun 23 2014,World Cup in Brazil,Brazil,Cameroon,2120,1570,4,1,2,-2,2122,1568,1,68,0,-1,1,67,30,0,550
20826,Jun 23 2014,World Cup in Brazil,Mexico,Croatia,1854,1837,3,1,43,-43,1897,1794,5,27,5,-5,10,22,60,0,17
20827,Jun 23 2014,World Cup in Brazil,Netherlands,Chile,2067,1998,2,0,36,-36,2103,1962,1,11,1,-3,2,8,60,0,69
20828,Jun 23 2014,World Cup in Brazil,Spain,Australia,1977,1682,3,0,16,-16,1993,1666,3,50,2,-4,5,46,60,0,295
20829,Jun 24 2014,World Cup in Brazil,Colombia,Japan,1979,1757,4,1,23,-23,2002,1734,4,35,1,-4,5,31,60,0,222
20830,Jun 24 2014,World Cup in Brazil,Costa Rica,England,1823,1863,0,0,3,-3,1826,1860,17,13,1,1,18,14,50,0,-40
20831,Jun 24 2014,World Cup in Brazil,Greece,Ivory Coast,1782,1789,2,1,31,-31,1813,1758,16,29,4,-3,20,26,60,0,-7
20832,Jun 24 2014,World Cup in Brazil,Uruguay,Italy,1884,1880,1,0,30,-30,1914,1850,6,17,3,-2,9,15,60,0,4
20833,Jun 25 2014,World Cup in Brazil,Argentina,Nigeria,2039,1762,3,2,10,-10,2049,1752,4,31,0,-3,4,28,60,0,277
20834,Jun 25 2014,World Cup in Brazil,Bosnia and Herzegovina,Iran,1741,1706,3,1,40,-40,1781,1666,19,54,5,-9,24,45,60,0,35
20835,Jun 25 2014,World Cup in Brazil,Ecuador,France,1826,1966,0,0,11,-11,1837,1955,18,9,0,-1,18,8,60,0,-140
20836,Jun 25 2014,Friendly in Indonesia,Indonesia,Nepal,1226,890,2,0,2,-2,1228,888,153,202,0,0,153,202,20,100,436
20837,Jun 25 2014,World Cup in Brazil,Switzerland,Honduras,1837,1631,3,0,25,-25,1862,1606,11,61,3,-4,14,57,60,0,206
20838,Jun 26 2014,World Cup in Brazil,Algeria,Russia,1669,1808,1,1,11,-11,1680,1797,38,21,3,0,41,21,60,0,-139
20839,Jun 26 2014,World Cup in Brazil,Belgium,South Korea,1893,1629,1,0,11,-11,1904,1618,10,57,1,-2,11,55,60,0,264
20840,Jun 26 2014,World Cup in Brazil,Germany,United States,2083,1878,1,0,14,-14,2097,1864,3,13,0,0,3,13,60,0,205
20841,Jun 26 2014,World Cup in Brazil,Portugal,Ghana,1903,1716,2,1,15,-15,1918,1701,8,40,1,-4,9,36,60,0,187
20842,Jun 28 2014,World Cup in Brazil,Brazil,Chile,2122,1962,1,1,-19,19,2103,1981,1,7,0,0,1,7,60,100,260
20843,Jun 28 2014,World Cup in Brazil,Colombia,Uruguay,2002,1914,2,0,34,-34,2036,1880,5,14,0,-2,5,12,60,0,88
20844,Jun 29 2014,Friendly in China,China,Mali,1561,1545,1,3,-20,20,1541,1565,77,65,-4,3,73,68,20,100,116
20845,Jun 29 2014,World Cup in Brazil,Costa Rica,Greece,1826,1813,1,1,-1,1,1825,1814,19,20,0,0,19,20,30,0,13
20846,Jun 29 2014,World Cup in Brazil,Netherlands,Mexico,2103,1897,2,1,14,-14,2117,1883,1,11,0,0,1,11,60,0,206
20847,Jun 30 2014,World Cup in Brazil,France,Nigeria,1955,1752,2,0,21,-21,1976,1731,8,34,0,-3,8,31,60,0,203
20848,Jun 30 2014,World Cup in Brazil,Germany,Algeria,2097,1680,2,1,5,-5,2102,1675,3,41,0,0,3,41,60,0,417
20849,Jul 1 2014,World Cup in Brazil,Argentina,Switzerland,2049,1862,1,0,15,-15,2064,1847,4,16,0,-1,4,15,60,0,187
20850,Jul 1 2014,World Cup in Brazil,Belgium,United States,1904,1864,2,1,27,-27,1931,1837,8,21,1,-4,9,17,60,0,40
20851,Jul 1 2014,Friendly in Botswana,Botswana,Tanzania,1301,1381,4,2,14,-14,1315,1367,125,118,3,-1,128,117,20,100,20
20852,Jul 2 2014,Friendly in Vietnam,Vietnam,Myanmar,1235,1008,6,0,6,-6,1241,1002,147,188,2,0,149,188,20,100,327
20853,Jul 4 2014,World Cup in Brazil,Brazil,Colombia,2103,2036,2,1,17,-17,2120,2019,2,5,0,0,2,5,60,100,167
20854,Jul 4 2014,World Cup in Brazil,Germany,France,2102,1976,1,0,20,-20,2122,1956,-1,8,2,0,1,8,60,0,126
20855,Jul 5 2014,World Cup in Brazil,Argentina,Belgium,2064,1931,1,0,19,-19,2083,1912,4,11,0,-1,4,10,60,0,133
20856,Jul 5 2014,World Cup in Brazil,Costa Rica,Netherlands,1825,2117,0,0,21,-21,1846,2096,13,3,3,0,16,3,60,0,-292
20857,Jul 6 2014,Friendly in Malawi,Malawi,Mozambique,1296,1350,1,1,-1,1,1295,1351,134,125,-1,0,133,125,20,100,46
20858,Jul 8 2014,World Cup in Brazil,Brazil,Germany,2120,2122,1,7,-81,81,2039,2203,6,1,-2,0,4,1,60,100,98
20859,Jul 9 2014,World Cup in Brazil,Argentina,Netherlands,2083,2096,0,0,1,-1,2084,2095,3,2,0,0,3,2,30,0,-13
20860,Jul 11 2014,Friendly in Uganda,Uganda,Seychelles,1479,995,1,0,1,-1,1480,994,90,190,0,0,90,190,20,0,484
20861,Jul 12 2014,World Cup in Brazil,Brazil,Netherlands,2039,2095,0,3,-59,59,1980,2154,10,2,-3,0,7,2,60,100,44
20862,Jul 12 2014,Friendly in Rwanda,Rwanda,Gabon,1362,1506,1,0,11,-11,1373,1495,111,90,5,-4,116,86,20,100,-44
20863,Jul 13 2014,World Cup in Brazil,Germany,Argentina,2203,2084,1,0,20,-20,2223,2064,1,3,0,0,1,3,60,0,119
20864,Jul 14 2014,Friendly in Botswana,Botswana,Lesotho,1315,1237,2,0,8,-8,1323,1229,128,156,0,-3,128,153,20,100,178
20865,Jul 14 2014,Friendly in Qatar,Qatar,Indonesia,1547,1228,2,2,-8,8,1539,1236,76,147,-3,3,73,150,20,100,419
20866,Jul 15 2014,Friendly in Kenya,Kenya,Burundi,1426,1304,0,0,-6,6,1420,1310,110,127,-2,2,108,129,20,100,222
20867,Jul 15 2014,Friendly in Uganda,Uganda,Malawi,1480,1295,0,0,-7,7,1473,1302,94,131,-2,1,92,132,20,100,285
20868,Jul 19 2014,African Nations Cup qualifier in Botswana,Botswana,Guinea-Bissau,1323,1254,2,0,16,-16,1339,1238,124,155,2,-6,126,149,40,100,169
20869,Jul 19 2014,African Nations Cup qualifier in Sierra Leone,Sierra Leone,Seychelles,1363,994,2,0,4,-4,1367,990,117,190,1,0,118,190,40,100,469
20870,Jul 19 2014,African Nations Cup qualifier in Uganda,Uganda,Mauritania,1473,1218,2,0,7,-7,1480,1211,88,156,2,0,90,156,40,100,355
20871,Jul 20 2014,African Nations Cup qualifier in Benin,Benin,Malawi,1408,1302,1,0,9,-9,1417,1293,105,136,3,-2,108,134,40,100,206
20872,Jul 20 2014,African Nations Cup qualifier in Congo,Congo,Rwanda,1394,1373,2,0,20,-20,1414,1353,106,134,3,-9,109,125,40,100,121
20873,Jul 20 2014,African Nations Cup qualifier in Lesotho,Lesotho,Kenya,1229,1420,1,0,25,-25,1254,1395,133,116,10,-4,143,112,40,100,-91
20874,Jul 20 2014,African Nations Cup qualifier in Tanzania,Tanzania,Mozambique,1367,1351,2,2,-6,6,1361,1357,122,121,-2,2,120,123,40,100,116
20875,Jul 21 2014,East Asian Championship qual in Guam,Guam,Macao,739,617,0,0,-11,11,728,628,212,225,0,1,212,226,40,100,222
20876,Jul 21 2014,East Asian Championship qual in Guam,Mongolia,Northern Mariana Islands,780,450,4,0,10,-10,790,440,208,235,1,0,209,235,40,0,330
20877,Jul 23 2014,East Asian Championship qual in Guam,Guam,Mongolia,728,790,2,0,27,-27,755,763,212,213,0,-2,212,211,40,100,38
20878,Jul 23 2014,East Asian Championship qual in Guam,Northern Mariana Islands,Macao,440,628,2,1,30,-30,470,598,235,230,0,-2,235,228,40,0,-188
20879,Jul 25 2014,East Asian Championship qual in Guam,Guam,Northern Mariana Islands,755,470,5,0,8,-8,763,462,210,235,1,0,211,235,40,100,385
20880,Jul 25 2014,East Asian Championship qual in Guam,Macao,Mongolia,598,763,3,2,29,-29,627,734,224,213,2,-1,226,212,40,0,-165
20881,Jul 27 2014,Friendly in Gabon,Gabon,Rwanda,1495,1353,0,1,-16,16,1479,1369,94,109,-4,8,90,117,20,100,242
20882,Aug 2 2014,African Nations Cup qualifier in Guinea-Bissau,Guinea-Bissau,Botswana,1238,1339,1,1,0,0,1238,1339,150,126,0,0,150,126,20,100,-1
20883,Aug 2 2014,African Nations Cup qualifier in Malawi,Malawi,Benin,1293,1417,1,0,21,-21,1314,1396,124,112,5,-2,129,110,40,100,-24
20884,Aug 2 2014,African Nations Cup qualifier in Rwanda,Rwanda,Congo,1369,1414,2,0,25,-25,1394,1389,107,117,5,-4,112,113,30,0,-45
20885,Aug 3 2014,Friendly in Angola,Angola,Ethiopia,1470,1384,1,0,5,-5,1475,1379,93,117,0,-1,93,116,20,100,186
20886,Aug 3 2014,African Nations Cup qualifier in Kenya,Kenya,Lesotho,1395,1254,0,0,-12,12,1383,1266,117,137,-3,3,114,140,40,100,241
20887,Aug 3 2014,African Nations Cup qualifier in Mauritania,Mauritania,Uganda,1211,1480,0,1,-11,11,1200,1491,160,85,-2,2,158,87,40,100,-169
20888,Aug 3 2014,African Nations Cup qualifier in Mozambique,Mozambique,Tanzania,1357,1361,2,1,15,-15,1372,1346,110,129,7,-4,117,125,30,0,-4
20889,Aug 6 2014,Friendly in Peru,Peru,Panama,1700,1700,3,0,13,-13,1713,1687,29,41,4,-2,33,39,20,100,100
20890,Aug 8 2014,Friendly in Tajikistan,Tajikistan,Malaysia,1261,1188,4,1,9,-9,1270,1179,137,162,2,0,139,162,20,100,173
20891,Aug 12 2014,Friendly in Kazakhstan,Kazakhstan,Tajikistan,1358,1270,2,1,5,-5,1363,1265,117,143,3,-2,120,141,20,100,188
20892,Aug 13 2014,Friendly in Angola,Angola,Botswana,1475,1339,0,0,-6,6,1469,1345,93,126,0,0,93,126,20,100,236
20893,Aug 14 2014,Friendly in Guatemala,Guatemala,Nicaragua,1478,1118,3,0,2,-2,1480,1116,89,174,1,0,90,174,20,100,460
20894,Aug 16 2014,Friendly in the British Virgin Islands,British Virgin Islands,Saint Martin,648,857,2,4,-10,10,638,867,224,205,0,0,224,205,20,100,-109
20895,Aug 20 2014,Friendly in Azerbaijan,Azerbaijan,Uzbekistan,1441,1614,0,0,2,-2,1443,1612,103,56,0,0,103,56,20,100,-73
20896,Aug 20 2014,Friendly in Panama,Panama,Cuba,1687,1421,4,0,4,-4,1691,1417,39,107,0,0,39,107,20,100,366
20897,Aug 23 2014,Friendly in Guatemala,Guatemala,Cuba,1480,1417,1,0,6,-6,1486,1411,90,107,0,0,90,107,20,100,163
20898,Aug 24 2014,Friendly in French Guiana,French Guiana,Suriname,1253,1246,0,1,-13,13,1240,1259,154,143,-5,1,149,144,20,100,107
20899,Aug 26 2014,Friendly in the Seychelles,Seychelles,Sri Lanka,990,827,1,2,-16,16,974,843,192,206,-1,1,191,207,20,100,263
20900,Aug 27 2014,Friendly in Norway,Norway,United Arab Emirates,1619,1649,0,0,-2,2,1617,1651,56,47,-1,0,55,47,20,100,70
20901,Aug 28 2014,Friendly in the Seychelles,Seychelles,Sri Lanka,974,843,3,0,7,-7,981,836,191,209,0,-1,191,208,20,100,231
20902,Aug 30 2014,Friendly in Egypt,Egypt,Kenya,1706,1383,1,0,2,-2,1708,1381,36,116,0,-1,36,115,20,100,423
20903,Aug 30 2014,Friendly in El Salvador,El Salvador,Dominican Republic,1519,1261,2,0,3,-3,1522,1258,78,146,0,-2,78,144,20,100,358
20904,Aug 31 2014,Friendly in Zambia,Zambia,Sudan,1489,1383,3,1,7,-7,1496,1376,83,118,3,-2,86,116,20,100,206
20905,Sep 2 2014,Friendly in Niger,Niger,Uganda,1291,1491,2,0,19,-19,1310,1472,124,96,6,-4,130,92,20,100,-100
20906,Sep 3 2014,CONCACAF Ch & Car Ch q in Antigua and Barbuda,Antigua and Barbuda,Anguilla,1267,557,6,0,1,-1,1268,556,139,231,0,0,139,231,20,0,710
20907,Sep 3 2014,CONCACAF Ch & Car Ch q in Martinique,Barbados,Suriname,1128,1259,1,1,7,-7,1135,1252,171,143,1,0,172,143,40,0,-131
20908,Sep 3 2014,CONCACAF Ch q & C Am Cup in the United States,Costa Rica,Nicaragua,1846,1116,3,0,1,-1,1847,1115,14,174,1,0,15,174,20,0,730
20909,Sep 3 2014,Friendly in Czechia,Czechia,United States,1741,1837,0,1,-10,10,1731,1847,31,12,-1,3,30,15,20,100,4
20910,Sep 3 2014,Friendly in Denmark,Denmark,Turkey,1754,1752,1,2,-13,13,1741,1765,29,24,-1,2,28,26,20,100,102
20911,Sep 3 2014,CONCACAF Ch & Car Ch q in Saint Kitts and Nevis,Dominica,Guyana,961,1309,0,0,15,-15,976,1294,191,136,1,-2,192,134,40,0,-348
20912,Sep 3 2014,Friendly in England,England,Norway,1860,1617,1,0,2,-2,1862,1615,13,55,0,0,13,55,20,100,343
20913,Sep 3 2014,CONCACAF Ch & Car Ch q in Puerto Rico,French Guiana,Grenada,1240,1190,1,1,-3,3,1237,1193,149,159,0,1,149,160,40,0,50
20914,Sep 3 2014,Friendly in Germany,Germany,Argentina,2223,2064,2,4,-24,24,2199,2088,1,3,0,0,1,3,20,100,259
20915,Sep 3 2014,CONCACAF Ch q & C Am Cup in the United States,Guatemala,El Salvador,1486,1522,2,1,22,-22,1508,1500,71,92,9,-7,80,85,40,0,-36
20916,Sep 3 2014,CONCACAF Ch q & C Am Cup in the United States,Honduras,Belize,1606,1152,2,0,4,-4,1610,1148,57,169,0,0,57,169,40,0,454
20917,Sep 3 2014,Friendly in Ireland,Ireland,Oman,1687,1596,2,0,7,-7,1694,1589,38,64,1,-2,39,62,20,100,191
20918,Sep 3 2014,Friendly in Latvia,Latvia,Armenia,1456,1574,2,0,16,-16,1472,1558,87,73,5,-4,92,69,20,100,-18
20919,Sep 3 2014,Friendly in Austria,Lithuania,United Arab Emirates,1466,1651,1,1,5,-5,1471,1646,93,49,1,-1,94,48,20,0,-185
20920,Sep 3 2014,CONCACAF Ch & Car Ch q in Martinique,Martinique,Bonaire,1430,1020,6,0,4,-4,1434,1016,103,190,1,-2,104,188,20,0,410
20921,Sep 3 2014,Friendly in Morocco,Morocco,Qatar,1517,1539,0,0,-2,2,1515,1541,77,71,1,1,78,72,20,100,78
20922,Sep 3 2014,Friendly tournament in the Philippines,Myanmar,Palestine,1002,1337,4,1,46,-46,1048,1291,182,145,3,-9,185,136,30,0,-335
20923,Sep 3 2014,Friendly tournament in the Philippines,Philippines,Taiwan,1233,842,5,1,3,-3,1236,839,147,207,3,0,150,207,30,100,491
20924,Sep 3 2014,CONCACAF Ch & Car Ch q in Puerto Rico,Puerto Rico,Curaçao,1085,1013,2,2,-9,9,1076,1022,181,185,-1,1,180,186,40,100,172
20925,Sep 3 2014,Friendly in Russia,Russia,Azerbaijan,1797,1443,4,0,3,-3,1800,1440,21,103,0,0,21,103,20,100,454
20926,Sep 3 2014,CONCACAF Ch & Car Ch q in Saint Kitts and Nevis,Saint Kitts and Nevis,Saint Lucia,1149,1103,0,0,-8,8,1141,1111,172,173,-1,2,171,175,40,100,146
20927,Sep 3 2014,CONCACAF Ch & Car Ch q in Antigua and Barbuda,St Vincent & Grenadines,Dominican Republic,1153,1258,1,0,26,-26,1179,1232,156,162,6,-9,162,153,40,0,-105
20928,Sep 3 2014,Friendly in Ukraine,Ukraine,Moldova,1840,1456,1,0,1,-1,1841,1455,19,101,-1,-2,18,99,20,100,484
20929,Sep 4 2014,Friendly in Belarus,Belarus,Tajikistan,1593,1265,6,1,3,-3,1596,1262,58,141,1,0,59,141,20,100,428
20930,Sep 4 2014,Friendly in Belgium,Belgium,Australia,1912,1666,2,0,4,-4,1916,1662,10,47,0,-1,10,46,20,100,346
20931,Sep 4 2014,Friendly in Bosnia and Herzegovina,Bosnia and Herzegovina,Liechtenstein,1781,1173,3,0,1,-1,1782,1172,24,166,0,0,24,166,20,0,608
20932,Sep 4 2014,Friendly in China,China,Kuwait,1541,1505,3,1,9,-9,1550,1496,68,90,2,-4,70,86,20,100,136
20933,Sep 4 2014,Friendly in Croatia,Croatia,Cyprus,1794,1386,2,0,2,-2,1796,1384,23,113,0,0,23,113,20,100,508
20934,Sep 4 2014,Friendly in France,France,Spain,1956,1993,1,0,8,-8,1964,1985,8,5,0,0,8,5,20,100,63
20935,Sep 4 2014,Friendly in Italy,Italy,Netherlands,1850,2154,2,0,23,-23,1873,2131,12,2,1,0,13,2,20,100,-204
20936,Sep 4 2014,Friendly in the United Arab Emirates,Peru,Iraq,1713,1569,2,0,9,-9,1722,1560,31,71,1,-3,32,68,20,0,144
20937,Sep 4 2014,Friendly in Slovakia,Slovakia,Malta,1634,1236,1,0,1,-1,1635,1235,51,154,0,-2,51,152,20,100,498
20938,Sep 4 2014,Friendly in Sweden,Sweden,Estonia,1795,1456,2,0,2,-2,1797,1454,22,104,0,-3,22,101,20,100,439
20939,Sep 4 2014,Friendly in Uzbekistan,Uzbekistan,Jordan,1612,1598,2,0,10,-10,1622,1588,50,65,3,-3,53,62,20,100,114
20940,Sep 5 2014,CONCACAF Ch & Car Ch q in Antigua and Barbuda,Antigua and Barbuda,Dominican Republic,1268,1232,2,1,13,-13,1281,1219,133,157,3,-2,136,155,30,0,36
20941,Sep 5 2014,CONCACAF Ch & Car Ch q in Martinique,Bonaire,Suriname,1016,1252,3,2,32,-32,1048,1220,184,165,2,-11,186,154,40,0,-236
20942,Sep 5 2014,Friendly in the United States,Brazil,Colombia,1980,2019,1,0,11,-11,1991,2008,3,4,2,0,5,4,20,0,-39
20943,Sep 5 2014,CONCACAF Ch & Car Ch q in Puerto Rico,Curaçao,Grenada,1022,1193,2,1,29,-29,1051,1164,184,172,1,-6,185,166,40,0,-171
20944,Sep 5 2014,African Nations Cup qualifier in Morocco,Guinea,Togo,1543,1477,2,1,16,-16,1559,1461,66,101,3,-5,69,96,40,0,66
20945,Sep 5 2014,Friendly in Japan,Japan,Uruguay,1734,1880,0,2,-13,13,1721,1893,35,10,-3,1,32,11,20,100,-46
20946,Sep 5 2014,Friendly in Kazakhstan,Kazakhstan,Kyrgyzstan,1363,1107,7,1,5,-5,1368,1102,116,177,2,0,118,177,20,100,356
20947,Sep 5 2014,CONCACAF Ch & Car Ch q in Martinique,Martinique,Barbados,1434,1135,3,2,4,-4,1438,1131,104,176,0,-2,104,174,40,100,399
20948,Sep 5 2014,CONCACAF Ch & Car Ch q in Puerto Rico,Puerto Rico,French Guiana,1076,1237,1,2,-17,17,1059,1254,188,135,-4,7,184,142,40,100,-61
20949,Sep 5 2014,African Nations Cup qualifier in Senegal,Senegal,Egypt,1587,1708,2,0,32,-32,1619,1676,49,44,7,-4,56,40,40,100,-21
20950,Sep 5 2014,Friendly in South Korea,South Korea,Venezuela,1618,1697,3,1,14,-14,1632,1683,49,40,3,-1,52,39,20,100,21
20951,Sep 5 2014,CONCACAF Ch & Car Ch q in Saint Kitts and Nevis,Saint Kitts and Nevis,Dominica,1141,976,5,0,14,-14,1155,962,167,194,2,-1,169,193,40,100,265
20952,Sep 5 2014,CONCACAF Ch & Car Ch q in Saint Kitts and Nevis,Saint Lucia,Guyana,1111,1294,2,0,44,-44,1155,1250,163,152,6,-9,169,143,40,0,-183
20953,Sep 5 2014,CONCACAF Ch & Car Ch q in Antigua and Barbuda,St Vincent & Grenadines,Anguilla,1179,556,4,0,2,-2,1181,554,160,231,1,0,161,231,30,0,623
20954,Sep 5 2014,African Nations Cup qualifier in Sudan,Sudan,South Africa,1376,1581,0,3,-25,25,1351,1606,132,54,-8,5,124,59,40,100,-105
20955,Sep 6 2014,African Nations Cup qualifier in Burkina Faso,Burkina Faso,Lesotho,1537,1266,2,0,6,-6,1543,1260,71,143,2,-2,73,141,40,100,371
20956,Sep 6 2014,Friendly in the United States,Chile,Mexico,1981,1883,0,0,-3,3,1978,1886,7,12,0,0,7,12,20,0,98
20957,Sep 6 2014,African Nations Cup qualifier in the Dem Rep of the Congo,DR Congo,Cameroon,1450,1568,0,2,-28,28,1422,1596,112,57,-5,4,107,61,40,100,-18
20958,Sep 6 2014,Friendly in the United States,Ecuador,Bolivia,1837,1621,4,0,8,-8,1845,1613,17,59,1,-2,18,57,20,0,216
20959,Sep 6 2014,African Nations Cup qualifier in Ethiopia,Ethiopia,Algeria,1379,1675,1,2,-10,10,1369,1685,119,37,-2,2,117,39,40,100,-196
20960,Sep 6 2014,African Nations Cup qualifier in Gabon,Gabon,Angola,1479,1469,1,0,14,-14,1493,1455,84,100,3,-3,87,97,40,100,110
20961,Sep 6 2014,African Nations Cup qualifier in Ghana,Ghana,Uganda,1701,1472,1,1,-15,15,1686,1487,40,89,-2,1,38,90,40,100,329
20962,Sep 6 2014,African Nations Cup qualifier in Ivory Coast,Ivory Coast,Sierra Leone,1758,1367,2,1,2,-2,1760,1365,27,119,0,0,27,119,20,0,391
20963,Sep 6 2014,African Nations Cup qualifier in Niger,Niger,Cape Verde,1310,1505,1,3,-22,22,1288,1527,141,72,-6,5,135,77,40,100,-95
20964,Sep 6 2014,African Nations Cup qualifier in Nigeria,Nigeria,Congo,1731,1389,2,3,-37,37,1694,1426,41,98,-6,7,35,105,40,100,442
20965,Sep 6 2014,Friendly tournament in the Philippines,Palestine,Taiwan,1291,839,7,3,4,-4,1295,835,129,209,3,-1,132,208,30,0,452
20966,Sep 6 2014,Friendly tournament in the Philippines,Philippines,Myanmar,1236,1048,2,3,-25,25,1211,1073,161,176,-6,5,155,181,30,100,288
20967,Sep 6 2014,Friendly in Singapore,Singapore,Papua New Guinea,1245,1064,2,1,3,-3,1248,1061,145,186,0,-2,145,184,20,100,281
20968,Sep 6 2014,Friendly in Trinidad and Tobago,Trinidad and Tobago,Guadeloupe,1498,1372,1,1,-6,6,1492,1378,91,116,-3,0,88,116,20,100,226
20969,Sep 6 2014,African Nations Cup qualifier in Tunisia,Tunisia,Botswana,1529,1345,2,1,7,-7,1536,1338,76,126,0,0,76,126,40,100,284
20970,Sep 6 2014,Friendly in Vietnam,Vietnam,Hong Kong,1241,1158,3,1,8,-8,1249,1150,141,173,3,-3,144,170,20,100,183
20971,Sep 6 2014,African Nations Cup qualifier in Zambia,Zambia,Mozambique,1496,1372,0,0,-11,11,1485,1383,96,112,-5,2,91,114,40,100,224
20972,Sep 7 2014,CONCACAF Ch & Car Ch q in Antigua and Barbuda,Antigua and Barbuda,St Vincent & Grenadines,1281,1181,2,1,10,-10,1291,1171,134,171,1,-5,135,166,40,100,200
20973,Sep 7 2014,CONCACAF Ch & Car Ch q in Martinique,Barbados,Bonaire,1131,1048,4,1,27,-27,1158,1021,164,189,5,-1,169,188,40,0,83
20974,Sep 7 2014,Friendly in Burundi,Burundi,Tanzania,1310,1346,2,0,12,-12,1322,1334,127,127,1,-1,128,126,20,100,64
20975,Sep 7 2014,CONCACAF Ch q & C Am Cup in the United States,Costa Rica,Panama,1847,1691,2,2,-8,8,1839,1699,23,35,-4,1,19,36,40,0,156
20976,Sep 7 2014,CONCACAF Ch & Car Ch q in Puerto Rico,Curaçao,French Guiana,1051,1254,0,0,11,-11,1062,1243,182,148,2,-3,184,145,40,0,-203
20977,Sep 7 2014,European Championship qual in Denmark,Denmark,Armenia,1741,1558,2,1,7,-7,1748,1551,28,72,0,-1,28,71,40,100,283
20978,Sep 7 2014,CONCACAF Ch & Car Ch q in Antigua and Barbuda,Dominican Republic,Anguilla,1219,554,10,0,2,-2,1221,552,152,231,1,0,153,231,30,0,665
20979,Sep 7 2014,CONCACAF Ch q & C Am Cup in the United States,El Salvador,Honduras,1500,1610,1,0,26,-26,1526,1584,76,70,4,-6,80,64,40,0,-110
20980,Sep 7 2014,European Championship qual in the Faroe Islands,Faroe Islands,Finland,1204,1671,1,3,-6,6,1198,1677,162,38,-3,3,159,41,40,100,-367
20981,Sep 7 2014,European Championship qual in Georgia,Georgia,Ireland,1507,1694,1,2,-15,15,1492,1709,90,33,-4,1,86,34,40,100,-87
20982,Sep 7 2014,European Championship qual in Germany,Germany,Scotland,2199,1711,2,1,1,-1,2200,1710,1,33,0,0,1,33,20,0,488
20983,Sep 7 2014,European Championship qual in Greece,Greece,Romania,1814,1716,0,1,-30,30,1784,1746,26,26,-3,3,23,29,40,100,198
20984,Sep 7 2014,CONCACAF Ch q & C Am Cup in the United States,Guatemala,Belize,1508,1148,2,1,4,-4,1512,1144,83,173,-1,-1,82,172,40,0,360
20985,Sep 7 2014,European Championship qual in Hungary,Hungary,Northern Ireland,1674,1410,1,2,-36,36,1638,1446,57,94,-7,8,50,102,40,100,364
20986,Sep 7 2014,Friendly in Kosovo,Kosovo,Oman,1363,1589,1,0,13,-13,1376,1576,114,66,3,-1,117,65,20,100,-126
20987,Sep 7 2014,African Nations Cup qualifier in Mali,Mali,Malawi,1565,1314,2,0,7,-7,1572,1307,66,132,0,-2,66,130,40,100,351
20988,Sep 7 2014,CONCACAF Ch & Car Ch q in Martinique,Martinique,Suriname,1438,1220,0,0,-14,14,1424,1234,109,147,-3,3,106,150,40,100,318
20989,Sep 7 2014,Friendly in Morocco,Morocco,Libya,1515,1494,3,0,12,-12,1527,1482,77,96,1,-5,78,91,20,100,121
20990,Sep 7 2014,Friendly in Austria,Paraguay,United Arab Emirates,1709,1646,0,0,-2,2,1707,1648,36,46,-1,1,35,47,20,0,63
20991,Sep 7 2014,European Championship qual in Portugal,Poland,Gibraltar,1647,1147,7,0,5,-5,1652,1142,45,174,1,-1,46,173,40,0,500
20992,Sep 7 2014,European Championship qual in Portugal,Portugal,Albania,1918,1514,0,1,-38,38,1880,1552,15,60,-3,10,12,70,40,100,504
20993,Sep 7 2014,CONCACAF Ch & Car Ch q in Puerto Rico,Puerto Rico,Grenada,1059,1164,2,2,0,0,1059,1164,187,170,-1,-2,186,168,20,100,-5
20994,Sep 7 2014,Friendly in Serbia,Serbia,France,1766,1964,1,1,3,-3,1769,1961,25,8,0,0,25,8,20,100,-98
20995,Sep 7 2014,CONCACAF Ch & Car Ch q in Saint Kitts and Nevis,Saint Kitts and Nevis,Guyana,1155,1250,2,0,30,-30,1185,1220,154,165,7,-11,161,154,40,100,5
20996,Sep 7 2014,CONCACAF Ch & Car Ch q in Saint Kitts and Nevis,Saint Lucia,Dominica,1155,962,2,1,10,-10,1165,952,166,193,1,0,167,193,40,0,193
20997,Sep 8 2014,Friendly in England,Australia,Saudi Arabia,1662,1455,3,2,5,-5,1667,1450,45,103,0,-3,45,100,20,0,207
20998,Sep 8 2014,European Championship qual in Austria,Austria,Sweden,1675,1797,1,1,1,-1,1676,1796,41,21,1,0,42,21,20,100,-22
20999,Sep 8 2014,European Championship qual in Estonia,Estonia,Slovenia,1454,1642,1,0,25,-25,1479,1617,83,61,9,-6,92,55,40,100,-88
21000,Sep 8 2014,European Championship qual in Luxembourg,Luxembourg,Belarus,1222,1596,1,1,13,-13,1235,1583,146,68,3,-4,149,64,40,100,-274
21001,Sep 8 2014,European Championship qual in Montenegro,Montenegro,Moldova,1604,1455,2,0,12,-12,1616,1443,53,107,3,-5,56,102,40,100,249
21002,Sep 8 2014,European Championship qual in Russia,Russia,Liechtenstein,1800,1172,4,0,1,-1,1801,1171,20,165,0,0,20,165,20,0,628
21003,Sep 8 2014,European Championship qual in San Marino,San Marino,Lithuania,875,1471,0,2,-3,3,872,1474,203,93,0,0,203,93,40,100,-496
21004,Sep 8 2014,Friendly in South Korea,South Korea,Uruguay,1632,1893,0,1,-6,6,1626,1899,54,10,-1,0,53,10,20,100,-161
21005,Sep 8 2014,European Championship qual in Spain,Spain,Macedonia,1985,1504,5,1,3,-3,1988,1501,6,83,0,0,6,83,30,0,481
21006,Sep 8 2014,European Championship qual in Switzerland,Switzerland,England,1847,1862,0,2,-37,37,1810,1899,21,6,-3,4,18,10,40,100,85
21007,Sep 8 2014,European Championship qual in Ukraine,Ukraine,Slovakia,1841,1635,0,1,-34,34,1807,1669,20,37,-1,7,19,44,40,100,306
21008,Sep 8 2014,Friendly in Uzbekistan,Uzbekistan,New Zealand,1622,1544,3,1,8,-8,1630,1536,50,79,2,-3,52,76,20,100,178
21009,Sep 9 2014,European Championship qual in Andorra,Andorra,Wales,985,1593,1,2,-2,2,983,1595,190,61,0,0,190,61,30,100,-508
21010,Sep 9 2014,European Championship qual in Azerbaijan,Azerbaijan,Bulgaria,1440,1644,1,2,-14,14,1426,1658,105,45,-1,2,104,47,40,100,-104
21011,Sep 9 2014,European Championship qual in Bosnia and Herzegovina,Bosnia and Herzegovina,Cyprus,1782,1384,1,2,-38,38,1744,1422,34,103,-5,5,29,108,40,100,498
21012,Sep 9 2014,Friendly in the United States,Brazil,Ecuador,1991,1845,1,0,6,-6,1997,1839,5,16,0,0,5,16,20,0,146
21013,Sep 9 2014,Friendly in Canada,Canada,Jamaica,1491,1524,3,1,12,-12,1503,1512,78,81,5,0,83,81,20,100,67
21014,Sep 9 2014,Friendly in the United States,Chile,Haiti,1978,1432,1,0,1,-1,1979,1431,7,102,0,1,7,103,20,0,546
21015,Sep 9 2014,Friendly in China,China,Jordan,1550,1588,1,1,-2,2,1548,1590,74,62,-1,0,73,62,20,100,62
21016,Sep 9 2014,European Championship qual in Croatia,Croatia,Malta,1796,1235,2,0,1,-1,1797,1234,21,149,0,0,21,149,20,0,561
21017,Sep 9 2014,European Championship qual in Czechia,Czechia,Netherlands,1731,2131,2,1,34,-34,1765,2097,20,2,5,0,25,2,40,100,-300
21018,Sep 9 2014,European Championship qual in Iceland,Iceland,Turkey,1539,1765,3,0,47,-47,1586,1718,51,36,12,-5,63,31,40,100,-126
21019,Sep 9 2014,Friendly in Indonesia,Indonesia,Yemen,1236,1157,0,0,-5,5,1231,1162,154,168,-3,1,151,169,20,100,179
21020,Sep 9 2014,Friendly in Japan,Japan,Venezuela,1721,1683,2,2,-4,4,1717,1687,32,36,0,2,32,38,20,100,138
21021,Sep 9 2014,European Championship qual in Kazakhstan,Kazakhstan,Latvia,1368,1472,0,0,0,0,1368,1472,119,96,0,-1,119,95,20,100,-4
21022,Sep 9 2014,Friendly in Kuwait,Kuwait,Bahrain,1496,1468,0,1,-14,14,1482,1482,96,85,-6,5,90,90,20,100,128
21023,Sep 9 2014,Friendly in the United States,Mexico,Bolivia,1886,1613,1,0,3,-3,1889,1610,14,56,-1,1,13,57,20,0,273
21024,Sep 9 2014,European Championship qual in Norway,Norway,Italy,1615,1873,0,2,-17,17,1598,1890,61,10,-2,2,59,12,40,100,-158
21025,Sep 9 2014,Friendly in Qatar,Qatar,Peru,1541,1722,0,2,-12,12,1529,1734,80,29,-3,1,77,30,20,100,-81
21026,Sep 9 2014,Friendly in Singapore,Singapore,Hong Kong,1248,1150,0,0,-5,5,1243,1155,145,171,-1,0,144,171,20,100,198
21027,Sep 10 2014,African Nations Cup qualifier in Algeria,Algeria,Mali,1685,1572,1,0,9,-9,1694,1563,38,71,1,-2,39,69,40,100,213
21028,Sep 10 2014,African Nations Cup qualifier in Angola,Angola,Burkina Faso,1455,1543,0,3,-36,36,1419,1579,120,56,-11,9,109,65,40,100,12
21029,Sep 10 2014,African Nations Cup qualifier in Botswana,Botswana,Senegal,1338,1619,0,2,-16,16,1322,1635,131,50,-3,2,128,52,40,100,-181
21030,Sep 10 2014,African Nations Cup qualifier in Cameroon,Cameroon,Ivory Coast,1596,1760,4,1,41,-41,1637,1719,42,34,9,-4,51,30,40,100,-64
21031,Sep 10 2014,African Nations Cup qualifier in Cape Verde,Cape Verde,Zambia,1527,1485,2,1,12,-12,1539,1473,74,99,2,-5,76,94,40,100,142
21032,Sep 10 2014,African Nations Cup qualifier in Congo,Congo,Sudan,1426,1351,2,0,16,-16,1442,1335,100,124,2,0,102,124,40,100,175
21033,Sep 10 2014,African Nations Cup qualifier in the Dem Rep of the Congo,DR Congo,Sierra Leone,1422,1365,2,0,17,-17,1439,1348,98,126,5,-3,103,123,40,100,157
21034,Sep 10 2014,African Nations Cup qualifier in Egypt,Egypt,Tunisia,1676,1536,0,1,-32,32,1644,1568,56,59,-7,8,49,67,40,100,240
21035,Sep 10 2014,CONCACAF Ch q & C Am Cup in the United States,El Salvador,Belize,1526,1144,2,0,6,-6,1532,1138,76,176,2,-2,78,174,40,0,382
21036,Sep 10 2014,CONCACAF Ch q & C Am Cup in the United States,Guatemala,Honduras,1512,1584,2,0,36,-36,1548,1548,65,82,8,-9,73,73,40,0,-72
21037,Sep 10 2014,African Nations Cup qualifier in Lesotho,Lesotho,Gabon,1260,1493,1,1,7,-7,1267,1486,137,91,2,-3,139,88,40,100,-133
21038,Sep 10 2014,African Nations Cup qualifier in Malawi,Malawi,Ethiopia,1307,1369,3,2,18,-18,1325,1351,124,126,3,-4,127,122,30,0,-62
21039,Sep 10 2014,African Nations Cup qualifier in Mozambique,Mozambique,Niger,1383,1288,1,1,-10,10,1373,1298,120,126,-3,5,117,131,40,100,195
21040,Sep 10 2014,Friendly in Namibia,Namibia,Swaziland,1292,1133,1,1,-6,6,1286,1139,138,172,-2,1,136,173,20,100,259
21041,Sep 10 2014,CONCACAF Ch q & C Am Cup in the United States,Panama,Nicaragua,1699,1115,2,0,2,-2,1701,1113,36,175,0,0,36,175,30,0,584
21042,Sep 10 2014,African Nations Cup qualifier in South Africa,South Africa,Nigeria,1606,1694,0,0,-1,1,1605,1695,60,39,-1,-1,59,38,30,100,12
21043,Sep 10 2014,African Nations Cup qualifier in Togo,Togo,Ghana,1461,1686,2,3,-13,13,1448,1699,102,35,-3,2,99,37,40,100,-125
21044,Sep 10 2014,African Nations Cup qualifier in Uganda,Uganda,Guinea,1487,1559,2,0,28,-28,1515,1531,76,88,6,-9,82,79,40,100,28
21045,Sep 13 2014,Central American Cup in the United States,Costa Rica,Guatemala,1839,1548,2,1,6,-6,1845,1542,16,77,0,-2,16,75,40,0,291
21046,Sep 13 2014,CONCACAF Ch q & C Am Cup in the United States,Honduras,Nicaragua,1548,1113,1,0,3,-3,1551,1110,71,175,1,0,72,175,40,0,435
21047,Sep 13 2014,Central American Cup in the United States,Panama,El Salvador,1701,1532,1,0,11,-11,1712,1521,30,84,3,-3,33,81,40,0,169
21048,Sep 14 2014,Friendly in Indonesia,Indonesia,Malaysia,1231,1179,2,0,9,-9,1240,1170,143,170,4,-4,147,166,20,100,152
21049,Sep 20 2014,Friendly in Malaysia,Malaysia,Cambodia,1170,674,4,1,1,-1,1171,673,162,222,2,0,164,222,20,100,596
21050,Sep 21 2014,Friendly in the British Virgin Islands,British Virgin Islands,St Vincent & Grenadines,638,1171,0,6,-3,3,635,1174,224,162,0,1,224,163,20,100,-433
21051,Sep 25 2014,Friendly in Indonesia,Indonesia,Cambodia,1240,673,1,0,0,0,1240,673,147,222,0,0,147,222,20,100,667
21052,Oct 6 2014,Friendly in India,India,Palestine,1075,1295,2,3,-7,7,1068,1302,182,129,-1,2,181,131,20,100,-120
21053,Oct 6 2014,Friendly in Qatar,Qatar,Uzbekistan,1529,1630,3,0,18,-18,1547,1612,71,60,4,-3,75,57,20,100,-1
21054,Oct 8 2014,CONCACAF Ch & Car Ch q in Trinidad and Tobago,Antigua and Barbuda,Saint Lucia,1291,1165,2,1,13,-13,1304,1152,127,175,4,-4,131,171,40,0,126
21055,Oct 8 2014,CONCACAF Ch & Car Ch q in Haiti,Barbados,Saint Kitts and Nevis,1158,1185,3,2,22,-22,1180,1163,152,175,9,-7,161,168,40,0,-27
21056,Oct 8 2014,CONCACAF Ch & Car Ch q in Guadeloupe,Curaçao,Martinique,1062,1424,1,1,16,-16,1078,1408,174,116,5,-5,179,111,40,0,-362
21057,Oct 8 2014,CONCACAF Ch & Car Ch q in Guadeloupe,Guadeloupe,St Vincent & Grenadines,1378,1174,3,1,9,-9,1387,1165,113,169,1,-3,114,166,40,100,304
21058,Oct 8 2014,CONCACAF Ch & Car Ch q in Haiti,Haiti,French Guiana,1431,1243,2,2,-14,14,1417,1257,112,140,-4,2,108,142,40,100,288
21059,Oct 8 2014,Friendly in Taiwan,Taiwan,Cambodia,835,673,0,2,-25,25,810,698,208,208,0,7,208,215,20,100,262
21060,Oct 8 2014,CONCACAF Ch & Car Ch q in Trinidad and Tobago,Trinidad and Tobago,Dominican Republic,1492,1221,6,1,8,-8,1500,1213,86,155,0,-1,86,154,40,100,371
21061,Oct 9 2014,European Championship qual in Belarus,Belarus,Ukraine,1583,1807,0,2,-20,20,1563,1827,72,17,-4,1,68,18,40,100,-124
21062,Oct 9 2014,European Championship qual in England,England,San Marino,1899,872,5,0,0,0,1899,872,10,203,0,0,10,203,20,0,1027
21063,Oct 9 2014,European Championship qual in Liechtenstein,Liechtenstein,Montenegro,1171,1616,0,0,15,-15,1186,1601,158,62,3,-3,161,59,40,100,-345
21064,Oct 9 2014,European Championship qual in Lithuania,Lithuania,Estonia,1474,1479,1,0,15,-15,1489,1464,83,98,5,-3,88,95,30,0,-5
21065,Oct 9 2014,European Championship qual in Macedonia,Macedonia,Luxembourg,1501,1235,3,2,4,-4,1505,1231,83,153,1,-2,84,151,20,0,266
21066,Oct 9 2014,Friendly in Mexico,Mexico,Honduras,1889,1551,2,0,2,-2,1891,1549,11,76,1,-2,12,74,20,100,438
21067,Oct 9 2014,European Championship qual in Moldova,Moldova,Austria,1443,1676,1,2,-13,13,1430,1689,105,40,-2,1,103,41,40,100,-133
21068,Oct 9 2014,Friendly in Morocco,Morocco,Central African Republic,1527,1242,4,0,4,-4,1531,1238,78,148,1,-1,79,147,20,100,385
21069,Oct 9 2014,Friendly in Qatar,Qatar,Lebanon,1547,1411,5,0,8,-8,1555,1403,67,113,4,-2,71,111,20,100,236
21070,Oct 9 2014,European Championship qual in Slovakia,Slovakia,Spain,1669,1988,2,1,31,-31,1700,1957,31,10,6,-2,37,8,40,100,-219
21071,Oct 9 2014,European Championship qual in Slovenia,Slovenia,Switzerland,1617,1810,1,0,25,-25,1642,1785,45,26,5,-4,50,22,40,100,-93
21072,Oct 9 2014,European Championship qual in Sweden,Sweden,Russia,1796,1801,1,1,-5,5,1791,1806,20,18,1,1,21,19,40,100,95
21073,Oct 10 2014,CONCACAF Ch & Car Ch q in Trinidad and Tobago,Antigua and Barbuda,Dominican Republic,1304,1213,0,0,-5,5,1299,1218,133,154,-1,0,132,154,20,100,191
21074,Oct 10 2014,Friendly in the United Arab Emirates,Bahrain,Uzbekistan,1482,1612,0,0,4,-4,1486,1608,90,62,0,-3,90,59,20,0,-130
21075,Oct 10 2014,European Championship qual in Belgium,Belgium,Andorra,1916,983,6,0,0,0,1916,983,9,190,0,0,9,190,20,0,933
21076,Oct 10 2014,African Nations Cup qualifier in Botswana,Botswana,Egypt,1322,1644,0,2,-13,13,1309,1657,130,43,-1,3,129,46,40,100,-222
21077,Oct 10 2014,European Championship qual in Bulgaria,Bulgaria,Croatia,1658,1797,0,1,-18,18,1640,1815,56,18,-5,1,51,19,40,100,-39
21078,Oct 10 2014,Friendly in Chile,Chile,Peru,1979,1734,3,0,4,-4,1983,1730,6,29,0,0,6,29,20,100,345
21079,Oct 10 2014,Friendly in China,China,Thailand,1548,1296,3,0,4,-4,1552,1292,67,136,4,-1,71,135,20,100,352
21080,Oct 10 2014,Friendly in the United States,Colombia,El Salvador,2008,1521,3,0,2,-2,2010,1519,4,81,0,0,4,81,20,0,487
21081,Oct 10 2014,European Championship qual in Cyprus,Cyprus,Israel,1422,1632,1,2,-14,14,1408,1646,114,42,-4,6,110,48,40,100,-110
21082,Oct 10 2014,CONCACAF Ch & Car Ch q in Guadeloupe,Guadeloupe,Martinique,1387,1408,1,2,-24,24,1363,1432,122,96,-4,7,118,103,40,100,79
21083,Oct 10 2014,CONCACAF Ch & Car Ch q in Haiti,Haiti,Barbados,1417,1180,4,2,8,-8,1425,1172,102,170,3,-4,105,166,40,100,337
21084,Oct 10 2014,Friendly in Hong Kong,Hong Kong,Singapore,1155,1243,2,1,10,-10,1165,1233,168,151,1,-3,169,148,20,100,12
21085,Oct 10 2014,Friendly in Bahrain,Iraq,Yemen,1560,1162,1,1,-8,8,1552,1170,72,167,-1,1,71,168,20,0,398
21086,Oct 10 2014,European Championship qual in Italy,Italy,Azerbaijan,1890,1426,2,1,1,-1,1891,1425,9,106,2,-1,11,105,20,0,464
21087,Oct 10 2014,Friendly in Japan,Japan,Jamaica,1717,1512,1,0,3,-3,1720,1509,28,83,2,0,30,83,20,100,305
21088,Oct 10 2014,Friendly in Jordan,Jordan,Kuwait,1590,1482,0,1,-15,15,1575,1497,68,84,-3,3,65,87,20,100,208
21089,Oct 10 2014,European Championship qual in Latvia,Latvia,Iceland,1472,1586,0,3,-34,34,1438,1620,110,49,-8,7,102,56,40,100,-14
21090,Oct 10 2014,African Nations Cup qualifier in Lesotho,Lesotho,Angola,1267,1419,0,0,3,-3,1270,1416,139,109,0,-1,139,108,40,100,-52
21091,Oct 10 2014,European Championship qual in Malta,Malta,Norway,1234,1598,0,3,-13,13,1221,1611,155,54,-3,3,152,57,40,100,-264
21092,Oct 10 2014,European Championship qual in the Netherlands,Netherlands,Kazakhstan,2097,1368,3,1,1,-1,2098,1367,2,116,0,1,2,117,30,0,729
21093,Oct 10 2014,Friendly in Oman,Oman,Costa Rica,1576,1845,3,4,-5,5,1571,1850,67,14,-1,1,66,15,20,100,-169
21094,Oct 10 2014,Friendly in Saudi Arabia,Saudi Arabia,Uruguay,1450,1899,1,1,8,-8,1458,1891,94,12,2,-1,96,11,20,100,-349
21095,Oct 10 2014,African Nations Cup qualifier in Senegal,Senegal,Tunisia,1635,1568,0,0,-9,9,1626,1577,57,62,-2,2,55,64,40,100,167
21096,Oct 10 2014,Friendly in South Korea,South Korea,Paraguay,1626,1707,2,0,14,-14,1640,1693,47,44,4,-4,51,40,20,100,19
21097,Oct 10 2014,CONCACAF Ch & Car Ch q in Haiti,Saint Kitts and Nevis,French Guiana,1163,1257,2,1,25,-25,1188,1232,154,156,7,-7,161,149,40,0,-94
21098,Oct 10 2014,CONCACAF Ch & Car Ch q in Guadeloupe,St Vincent & Grenadines,Curaçao,1165,1078,1,0,15,-15,1180,1063,160,189,3,-5,163,184,40,0,87
21099,Oct 10 2014,CONCACAF Ch & Car Ch q in Trinidad and Tobago,Trinidad and Tobago,Saint Lucia,1500,1152,2,0,4,-4,1504,1148,84,171,1,0,85,171,20,0,348
21100,Oct 10 2014,European Championship qual in Turkey,Turkey,Czechia,1718,1765,1,2,-23,23,1695,1788,43,19,-6,3,37,22,40,100,53
21101,Oct 10 2014,Friendly in the United Arab Emirates,United Arab Emirates,Australia,1648,1667,0,0,-2,2,1646,1669,48,44,0,0,48,44,20,100,81
21102,Oct 10 2014,Friendly in the United States,United States,Ecuador,1847,1839,1,1,-3,3,1844,1842,17,17,-1,0,16,17,20,100,108
21103,Oct 10 2014,European Championship qual in Wales,Wales,Bosnia and Herzegovina,1595,1744,0,0,3,-3,1598,1741,63,28,-1,0,62,28,40,100,-49
21104,Oct 11 2014,European Championship qual in Albania,Albania,Denmark,1552,1748,1,1,5,-5,1557,1743,69,26,1,0,70,26,20,0,-196
21105,Oct 11 2014,European Championship qual in Armenia,Armenia,Serbia,1551,1769,1,1,7,-7,1558,1762,64,25,5,0,69,25,40,100,-118
21106,Oct 11 2014,Friendly tournament in China,Brazil,Argentina,1997,2088,2,0,28,-28,2025,2060,3,3,1,0,4,3,30,0,-91
21107,Oct 11 2014,African Nations Cup qualifier in Cameroon,Cameroon,Sierra Leone,1637,1348,0,0,-16,16,1621,1364,58,115,-2,4,56,119,40,100,389
21108,Oct 11 2014,African Nations Cup qualifier in Congo,Congo,South Africa,1442,1605,0,2,-25,25,1417,1630,114,48,-7,6,107,54,40,100,-63
21109,Oct 11 2014,African Nations Cup qualifier in the Dem Rep of the Congo,DR Congo,Ivory Coast,1439,1719,1,2,-10,10,1429,1729,105,29,-2,1,103,30,40,100,-180
21110,Oct 11 2014,African Nations Cup qualifier in Ethiopia,Ethiopia,Mali,1351,1563,0,2,-21,21,1330,1584,130,58,-4,5,126,63,40,100,-112
21111,Oct 11 2014,European Championship qual in Finland,Finland,Greece,1677,1784,1,1,0,0,1677,1784,43,24,0,0,43,24,20,100,-7
21112,Oct 11 2014,Friendly in France,France,Portugal,1961,1880,2,1,5,-5,1966,1875,7,14,0,0,7,14,20,100,181
21113,Oct 11 2014,African Nations Cup qualifier in Gabon,Gabon,Burkina Faso,1486,1579,2,0,29,-29,1515,1550,72,85,9,-11,81,74,40,100,7
21114,Oct 11 2014,African Nations Cup qualifier in Morocco,Ghana,Guinea,1699,1531,1,1,-9,9,1690,1540,44,75,-4,2,40,77,40,0,168
21115,Oct 11 2014,European Championship qual in Ireland,Ireland,Gibraltar,1709,1142,7,0,2,-2,1711,1140,34,172,0,0,34,172,20,0,567
21116,Oct 11 2014,African Nations Cup qualifier in Malawi,Malawi,Algeria,1325,1694,0,2,-11,11,1314,1705,129,33,-1,3,128,36,40,100,-269
21117,Oct 11 2014,African Nations Cup qualifier in Mozambique,Mozambique,Cape Verde,1373,1539,2,0,36,-36,1409,1503,104,93,6,-8,110,85,40,100,-66
21118,Oct 11 2014,African Nations Cup qualifier in Niger,Niger,Zambia,1298,1473,0,0,4,-4,1302,1469,129,95,2,-1,131,94,40,100,-75
21119,Oct 11 2014,European Championship qual in Northern Ireland,Northern Ireland,Faroe Islands,1446,1198,2,0,7,-7,1453,1191,99,161,0,-1,99,160,40,100,348
21120,Oct 11 2014,European Championship qual in Poland,Poland,Germany,1652,2200,2,0,56,-56,1708,2144,23,1,12,0,35,1,40,100,-448
21121,Oct 11 2014,European Championship qual in Romania,Romania,Hungary,1746,1638,1,1,-11,11,1735,1649,29,43,-1,5,28,48,40,100,208
21122,Oct 11 2014,European Championship qual in Scotland,Scotland,Georgia,1710,1492,1,0,6,-6,1716,1486,31,90,1,-1,32,89,40,100,318
21123,Oct 11 2014,African Nations Cup qualifier in Sudan,Sudan,Nigeria,1335,1695,1,0,33,-33,1368,1662,110,55,7,-9,117,46,40,100,-260
21124,Oct 11 2014,African Nations Cup qualifier in Uganda,Uganda,Togo,1515,1448,0,1,-29,29,1486,1477,96,88,-7,5,89,93,40,100,167
21125,Oct 12 2014,European Championship qual in Austria,Austria,Montenegro,1689,1601,1,0,10,-10,1699,1591,35,63,3,-1,38,62,40,100,188
21126,Oct 12 2014,European Championship qual in Belarus,Belarus,Slovakia,1563,1700,1,3,-27,27,1536,1727,86,25,-9,6,77,31,40,100,-37
21127,Oct 12 2014,CONCACAF Ch & Car Ch q in Trinidad and Tobago,Dominican Republic,Saint Lucia,1218,1148,3,2,16,-16,1234,1132,142,177,6,-3,148,174,40,0,70
21128,Oct 12 2014,Southeast Asian Champ qual in Laos,East Timor,Brunei,615,669,4,2,35,-35,650,634,218,227,5,-2,223,225,40,0,-54
21129,Oct 12 2014,European Championship qual in Estonia,Estonia,England,1464,1899,0,1,-5,5,1459,1904,95,10,0,0,95,10,40,100,-335
21130,Oct 12 2014,CONCACAF Ch & Car Ch q in Haiti,French Guiana,Barbados,1232,1172,2,0,25,-25,1257,1147,135,174,7,-4,142,170,40,0,60
21131,Oct 12 2014,CONCACAF Ch & Car Ch q in Guadeloupe,Guadeloupe,Curaçao,1363,1063,0,1,-36,36,1327,1099,132,172,-6,6,126,178,40,100,400
21132,Oct 12 2014,CONCACAF Ch & Car Ch q in Haiti,Haiti,Saint Kitts and Nevis,1425,1188,0,0,-15,15,1410,1203,114,153,-5,4,109,157,40,100,337
21133,Oct 12 2014,Southeast Asian Champ qual in Laos,Laos,Cambodia,851,698,3,2,8,-8,859,690,206,217,0,-1,206,216,40,100,253
21134,Oct 12 2014,European Championship qual in Lithuania,Lithuania,Slovenia,1489,1642,0,2,-25,25,1464,1667,100,39,-6,6,94,45,40,100,-53
21135,Oct 12 2014,European Championship qual in Luxembourg,Luxembourg,Spain,1231,1957,0,4,-2,2,1229,1959,152,8,-1,0,151,8,40,100,-626
21136,Oct 12 2014,CONCACAF Ch & Car Ch q in Guadeloupe,Martinique,St Vincent & Grenadines,1432,1180,4,3,8,-8,1440,1172,101,167,0,-2,101,165,40,0,252
21137,Oct 12 2014,Friendly in Mexico,Mexico,Panama,1891,1712,1,0,3,-3,1894,1709,11,37,0,-2,11,35,20,100,279
21138,Oct 12 2014,Friendly in Pakistan,Pakistan,Palestine,936,1302,0,2,-5,5,931,1307,200,131,-2,0,198,131,20,100,-266
21139,Oct 12 2014,Friendly in the Philippines,Philippines,Papua New Guinea,1211,1061,5,0,8,-8,1219,1053,155,187,0,-1,155,186,20,100,250
21140,Oct 12 2014,European Championship qual in Russia,Russia,Moldova,1806,1430,1,1,-18,18,1788,1448,22,98,-1,2,21,100,40,100,476
21141,Oct 12 2014,European Championship qual in Sweden,Sweden,Liechtenstein,1791,1186,2,0,1,-1,1792,1185,19,162,1,0,20,162,20,0,605
21142,Oct 12 2014,Friendly in Tanzania,Tanzania,Benin,1334,1396,4,1,16,-16,1350,1380,122,117,1,-2,123,115,20,100,38
21143,Oct 12 2014,CONCACAF Ch & Car Ch q in Trinidad and Tobago,Trinidad and Tobago,Antigua and Barbuda,1504,1299,1,0,6,-6,1510,1293,80,135,2,-1,82,134,40,100,305
21144,Oct 12 2014,European Championship qual in Ukraine,Ukraine,Macedonia,1827,1505,1,0,3,-3,1830,1502,18,89,0,-3,18,86,20,0,322
21145,Oct 13 2014,European Championship qual in Andorra,Andorra,Israel,983,1646,1,4,-3,3,980,1649,192,50,-1,0,191,50,40,100,-563
21146,Oct 13 2014,European Championship qual in Bosnia and Herzegovina,Bosnia and Herzegovina,Belgium,1741,1916,1,1,4,-4,1745,1912,25,9,1,0,26,9,40,100,-75
21147,Oct 13 2014,European Championship qual in Croatia,Croatia,Azerbaijan,1815,1425,6,0,5,-5,1820,1420,19,106,0,-1,19,105,40,100,490
21148,Oct 13 2014,European Championship qual in Iceland,Iceland,Netherlands,1620,2098,2,0,54,-54,1674,2044,31,4,13,-1,44,3,40,100,-378
21149,Oct 13 2014,Friendly in Jordan,Jordan,Kuwait,1575,1497,1,1,-5,5,1570,1502,65,85,0,1,65,86,20,100,178
21150,Oct 13 2014,European Championship qual in Kazakhstan,Kazakhstan,Czechia,1367,1788,2,4,-8,8,1359,1796,124,19,-3,1,121,20,40,100,-321
21151,Oct 13 2014,European Championship qual in Latvia,Latvia,Turkey,1438,1695,1,1,8,-8,1446,1687,100,43,1,-2,101,41,40,100,-157
21152,Oct 13 2014,European Championship qual in Malta,Malta,Italy,1221,1891,0,1,-1,1,1220,1892,153,14,0,-1,153,13,20,100,-570
21153,Oct 13 2014,Friendly in Morocco,Morocco,Kenya,1531,1381,3,0,7,-7,1538,1374,75,118,2,-2,77,116,20,100,250
21154,Oct 13 2014,European Championship qual in Norway,Norway,Bulgaria,1611,1640,2,1,16,-16,1627,1624,52,62,3,-5,55,57,30,0,-29
21155,Oct 13 2014,Friendly in Oman,Oman,Uruguay,1571,1891,0,3,-8,8,1563,1899,68,10,-1,1,67,11,20,100,-220
21156,Oct 13 2014,European Championship qual in Wales,Wales,Cyprus,1598,1408,2,1,6,-6,1604,1402,61,113,0,-1,61,112,40,100,290
21157,Oct 14 2014,Friendly in Armenia,Armenia,France,1558,1966,0,3,-5,5,1553,1971,76,7,-4,0,72,7,20,100,-308
21158,Oct 14 2014,Friendly in Bahrain,Bahrain,Iraq,1486,1552,0,0,-1,1,1485,1553,94,73,-3,-1,91,72,20,100,34
21159,Oct 14 2014,Friendly in Singapore,Brazil,Japan,2025,1720,4,0,6,-6,2031,1714,4,36,0,-2,4,34,20,0,305
21160,Oct 14 2014,Friendly in Chile,Chile,Bolivia,1983,1610,2,2,-9,9,1974,1619,6,61,0,-1,6,60,20,100,473
21161,Oct 14 2014,Friendly in China,China,Paraguay,1552,1693,2,1,11,-11,1563,1682,67,45,2,-3,69,42,20,100,-41
21162,Oct 14 2014,Friendly in the United States,Colombia,Canada,2010,1503,1,0,1,-1,2011,1502,5,88,0,-2,5,86,20,0,507
21163,Oct 14 2014,European Championship qual in Denmark,Denmark,Portugal,1743,1875,0,1,-18,18,1725,1893,37,12,-5,1,32,13,40,100,-32
21164,Oct 14 2014,Southeast Asian Champ qual in Laos,East Timor,Myanmar,650,1073,0,0,17,-17,667,1056,223,189,0,-4,223,185,40,0,-423
21165,Oct 14 2014,Friendly in the United States,Ecuador,El Salvador,1842,1519,5,1,5,-5,1847,1514,15,82,1,-1,16,81,20,0,323
21166,Oct 14 2014,European Championship qual in the Faroe Islands,Faroe Islands,Hungary,1191,1649,0,1,-5,5,1186,1654,161,48,0,1,161,49,40,100,-358
21167,Oct 14 2014,European Championship qual in Finland,Finland,Romania,1677,1735,0,2,-34,34,1643,1769,59,20,-8,4,51,24,40,100,42
21168,Oct 14 2014,European Championship qual in Portugal,Georgia,Gibraltar,1486,1140,3,0,8,-8,1494,1132,90,175,-1,-2,89,173,40,0,346
21169,Oct 14 2014,European Championship qual in Germany,Germany,Ireland,2144,1711,1,1,-18,18,2126,1729,1,22,0,6,1,28,40,100,533
21170,Oct 14 2014,European Championship qual in Greece,Greece,Northern Ireland,1784,1453,0,2,-55,55,1729,1508,32,69,-4,15,28,84,40,100,431
21171,Oct 14 2014,Friendly in Hong Kong,Hong Kong,Argentina,1165,2060,0,7,0,0,1165,2060,168,2,0,0,168,2,20,0,-895
21172,Oct 14 2014,Southeast Asian Champ qual in Laos,Laos,Brunei,859,634,4,2,8,-8,867,626,204,229,1,-2,205,227,40,100,325
21173,Oct 14 2014,Friendly in Macao,Macao,Singapore,627,1233,2,2,9,-9,636,1224,221,154,3,-2,224,152,20,0,-606
21174,Oct 14 2014,Friendly in Peru,Peru,Guatemala,1730,1542,1,0,3,-3,1733,1539,25,77,2,-1,27,76,20,100,288
21175,Oct 14 2014,European Championship qual in Poland,Poland,Scotland,1708,1716,2,2,-5,5,1703,1721,38,33,-1,0,37,33,40,100,92
21176,Oct 14 2014,Friendly in Qatar,Qatar,Australia,1555,1669,1,0,10,-10,1565,1659,64,49,3,-2,67,47,20,100,-14
21177,Oct 14 2014,European Championship qual in San Marino,San Marino,Switzerland,872,1785,0,4,-1,1,871,1786,203,23,0,0,203,23,30,100,-813
21178,Oct 14 2014,Friendly in Saudi Arabia,Saudi Arabia,Lebanon,1458,1403,1,1,-4,4,1454,1407,101,111,-2,0,99,111,20,100,155
21179,Oct 14 2014,European Championship qual in Serbia,Serbia,Albania,1762,1557,0,0,-14,14,1748,1571,25,61,0,4,25,65,40,100,305
21180,Oct 14 2014,Friendly in South Korea,South Korea,Costa Rica,1640,1850,1,3,-10,10,1630,1860,53,15,0,0,53,15,20,100,-110
21181,Oct 14 2014,Friendly in the United Arab Emirates,United Arab Emirates,Uzbekistan,1646,1608,0,4,-26,26,1620,1634,66,44,-7,8,59,52,20,100,138
21182,Oct 14 2014,Friendly in the United States,United States,Honduras,1844,1549,1,1,-8,8,1836,1557,18,68,-1,3,17,71,20,100,395
21183,Oct 15 2014,African Nations Cup qualifier in Algeria,Algeria,Malawi,1705,1314,3,0,4,-4,1709,1310,32,128,2,0,34,128,40,100,491
21184,Oct 15 2014,African Nations Cup qualifier in Angola,Angola,Lesotho,1416,1270,4,0,15,-15,1431,1255,101,145,3,-3,104,142,40,100,246
21185,Oct 15 2014,African Nations Cup qualifier in Burkina Faso,Burkina Faso,Gabon,1550,1515,1,1,-7,7,1543,1522,74,80,0,0,74,80,40,100,135
21186,Oct 15 2014,African Nations Cup qualifier in Cameroon,Cameroon,Sierra Leone,1621,1364,2,0,7,-7,1628,1357,50,126,4,-4,54,122,40,100,357
21187,Oct 15 2014,African Nations Cup qualifier in Cape Verde,Cape Verde,Mozambique,1503,1409,1,0,10,-10,1513,1399,79,114,3,-2,82,112,40,100,194
21188,Oct 15 2014,African Nations Cup qualifier in Egypt,Egypt,Botswana,1657,1309,2,0,4,-4,1661,1305,46,133,1,-2,47,131,20,0,348
21189,Oct 15 2014,African Nations Cup qualifier in Ghana,Ghana,Guinea,1690,1540,3,1,12,-12,1702,1528,35,83,2,-4,37,79,40,100,250
21190,Oct 15 2014,African Nations Cup qualifier in Ivory Coast,Ivory Coast,DR Congo,1729,1429,3,4,-36,36,1693,1465,50,87,-11,8,39,95,40,100,400
21191,Oct 15 2014,African Nations Cup qualifier in Mali,Mali,Ethiopia,1584,1330,2,3,-35,35,1549,1365,83,109,-10,8,73,117,40,100,354
21192,Oct 15 2014,African Nations Cup qualifier in Nigeria,Nigeria,Sudan,1662,1368,3,1,6,-6,1668,1362,42,121,2,-2,44,119,40,100,394
21193,Oct 15 2014,African Nations Cup qualifier in South Africa,South Africa,Congo,1630,1417,0,0,-14,14,1616,1431,65,102,-6,2,59,104,40,100,313
21194,Oct 15 2014,African Nations Cup qualifier in Togo,Togo,Uganda,1477,1486,1,0,15,-15,1492,1471,87,98,3,-4,90,94,30,0,-9
21195,Oct 15 2014,African Nations Cup qualifier in Tunisia,Tunisia,Senegal,1577,1626,1,0,17,-17,1594,1609,60,64,2,-4,62,60,30,0,-49
21196,Oct 15 2014,African Nations Cup qualifier in Zambia,Zambia,Niger,1469,1302,3,0,12,-12,1481,1290,92,138,1,-3,93,135,40,100,267
21197,Oct 16 2014,Southeast Asian Champ qual in Laos,Cambodia,East Timor,690,667,3,2,19,-19,709,648,212,223,2,0,214,223,40,0,23
21198,Oct 16 2014,Southeast Asian Champ qual in Laos,Myanmar,Brunei,1056,626,3,1,5,-5,1061,621,183,227,1,0,184,227,40,0,430
21199,Oct 18 2014,Southeast Asian Champ qual in Laos,Laos,East Timor,867,648,2,0,8,-8,875,640,201,223,2,0,203,223,40,100,319
21200,Oct 18 2014,Southeast Asian Champ qual in Laos,Myanmar,Cambodia,1061,709,1,0,5,-5,1066,704,182,214,1,0,183,214,40,0,352
21201,Oct 20 2014,Southeast Asian Champ qual in Laos,Cambodia,Brunei,704,621,1,0,15,-15,719,606,214,229,0,-1,214,228,40,0,83
21202,Oct 20 2014,Southeast Asian Champ qual in Laos,Laos,Myanmar,875,1066,1,2,-15,15,860,1081,209,177,-3,3,206,180,40,100,-91
21203,Oct 24 2014,Friendly in Bangladesh,Bangladesh,Sri Lanka,945,836,1,1,-5,5,940,841,194,207,0,0,194,207,20,100,209
21204,Oct 27 2014,Friendly in Bangladesh,Bangladesh,Sri Lanka,940,841,1,0,5,-5,945,836,194,207,0,0,194,207,20,100,199
21205,Oct 31 2014,Friendly tournament in England,Chagos Islands,Somaliland,800,1000,1,1,8,-8,808,992,210,190,0,0,210,190,30,0,-200
21206,Oct 31 2014,Friendly in the United Arab Emirates,Kuwait,North Korea,1502,1564,1,0,12,-12,1514,1552,76,77,5,-5,81,72,20,0,-62
21207,Oct 31 2014,Friendly in Qatar,Philippines,Nepal,1219,888,3,0,5,-5,1224,883,149,204,3,-1,152,203,20,0,331
21208,Nov 2 2014,Friendly in Bahrain,Bahrain,North Korea,1485,1552,2,2,-1,1,1484,1553,91,68,0,2,91,70,20,100,33
21209,Nov 4 2014,Friendly in the United Arab Emirates,Kuwait,Yemen,1514,1170,1,1,-8,8,1506,1178,91,159,-5,4,86,163,20,0,344
21210,Nov 6 2014,Friendly in Qatar,Qatar,North Korea,1565,1553,3,1,10,-10,1575,1543,62,76,2,-3,64,73,20,100,112
21211,Nov 6 2014,Friendly in Saudi Arabia,Saudi Arabia,Palestine,1454,1307,2,0,6,-6,1460,1301,94,132,3,-1,97,131,20,100,247
21212,Nov 6 2014,Friendly in Saudi Arabia,United Arab Emirates,Lebanon,1620,1407,3,2,5,-5,1625,1402,55,110,1,0,56,110,20,0,213
21213,Nov 7 2014,Friendly in Bahrain,Bahrain,Singapore,1484,1224,2,0,3,-3,1487,1221,91,154,0,-1,91,153,20,100,360
21214,Nov 7 2014,Friendly in Oman,Oman,Yemen,1563,1178,2,0,2,-2,1565,1176,67,163,0,0,67,163,20,100,485
21215,Nov 9 2014,Friendly in Thailand,Thailand,Philippines,1292,1224,3,0,10,-10,1302,1214,130,158,2,-3,132,155,20,100,168
21216,Nov 9 2014,Friendly in Uganda,Uganda,Ethiopia,1471,1365,3,0,8,-8,1479,1357,94,125,0,-4,94,121,20,100,206
21217,Nov 9 2014,Friendly in Vietnam,Vietnam,Palestine,1249,1301,1,3,-17,17,1232,1318,155,125,-6,3,149,128,20,100,48
21218,Nov 11 2014,CONCACAF Ch q & Car Ch in Jamaica,Cuba,French Guiana,1411,1257,1,1,-8,8,1403,1265,110,137,-1,2,109,139,40,0,154
21219,Nov 11 2014,Friendly in Indonesia,Indonesia,East Timor,1240,640,4,0,1,-1,1241,639,144,225,0,0,144,225,20,0,600
21220,Nov 11 2014,CONCACAF Ch q & Car Ch in Jamaica,Trinidad and Tobago,Curaçao,1510,1099,3,2,3,-3,1513,1096,81,178,1,0,82,178,30,0,411
21221,Nov 12 2014,CONCACAF Ch q & Car Ch in Jamaica,Antigua and Barbuda,Haiti,1293,1410,2,2,6,-6,1299,1404,132,108,1,0,133,108,40,0,-117
21222,Nov 12 2014,Friendly in England,Argentina,Croatia,2060,1820,2,1,4,-4,2064,1816,2,19,0,0,2,19,20,0,240
21223,Nov 12 2014,Friendly in Belgium,Belgium,Iceland,1912,1674,3,1,4,-4,1916,1670,9,43,0,0,9,43,20,100,338
21224,Nov 12 2014,CONCACAF Ch q & Car Ch in Jamaica,Jamaica,Martinique,1509,1440,1,1,-9,9,1500,1449,92,99,-4,2,88,101,40,100,169
21225,Nov 12 2014,Friendly in Malaysia,Malaysia,Syria,1171,1459,0,3,-9,9,1162,1468,171,94,-2,2,169,96,20,100,-188
21226,Nov 12 2014,Friendly in the Netherlands,Netherlands,Mexico,2044,1894,2,3,-16,16,2028,1910,5,8,-1,2,4,10,20,100,250
21227,Nov 12 2014,Friendly in Norway,Norway,Estonia,1627,1459,0,1,-16,16,1611,1475,63,92,-4,3,59,95,20,100,268
21228,Nov 12 2014,Friendly in Turkey,Turkey,Brazil,1687,2031,0,4,-7,7,1680,2038,44,2,-2,1,42,3,20,100,-244
21229,Nov 13 2014,Gulf Cup in Saudi Arabia,Bahrain,Yemen,1487,1176,0,0,-14,14,1473,1190,99,159,-4,2,95,161,40,0,311
21230,Nov 13 2014,CONCACAF Ch q & Car Ch in Jamaica,Cuba,Curaçao,1403,1096,3,2,6,-6,1409,1090,107,180,1,-1,108,179,40,0,307
21231,Nov 13 2014,Friendly in Morocco,Morocco,Benin,1538,1380,6,1,7,-7,1545,1373,72,118,2,-2,74,116,20,100,258
21232,Nov 13 2014,East Asian Championship qual in Taiwan,North Korea,Hong Kong,1543,1165,2,1,4,-4,1547,1161,73,171,0,-2,73,169,40,0,378
21233,Nov 13 2014,Gulf Cup in Saudi Arabia,Saudi Arabia,Qatar,1460,1575,1,1,1,-1,1461,1574,99,64,0,0,99,64,30,100,-15
21234,Nov 13 2014,Friendly in Singapore,Singapore,Laos,1221,860,2,0,2,-2,1223,858,152,207,0,0,152,207,20,100,461
21235,Nov 13 2014,East Asian Championship qual in Taiwan,Taiwan,Guam,810,763,1,2,-28,28,782,791,215,207,-3,3,212,210,40,100,147
21236,Nov 13 2014,CONCACAF Ch q & Car Ch in Jamaica,Trinidad and Tobago,French Guiana,1513,1265,4,2,12,-12,1525,1253,78,145,2,-3,80,142,40,0,248
21237,Nov 13 2014,Friendly tournament in Uruguay,Uruguay,Costa Rica,1899,1860,3,3,-6,6,1893,1866,12,15,0,0,12,15,30,100,139
21238,Nov 14 2014,African Nations Cup qualifier in Botswana,Botswana,Tunisia,1305,1594,0,0,10,-10,1315,1584,127,64,2,-1,129,63,30,0,-289
21239,Nov 14 2014,Friendly in Chile,Chile,Venezuela,1974,1687,5,0,4,-4,1978,1683,6,42,0,-1,6,41,20,100,387
21240,Nov 14 2014,Friendly in China,China,New Zealand,1563,1536,1,1,-4,4,1559,1540,66,73,1,2,67,75,20,100,127
21241,Nov 14 2014,Friendly in England,Colombia,United States,2011,1836,2,1,5,-5,2016,1831,5,17,0,0,5,17,20,0,175
21242,Nov 14 2014,Friendly in El Salvador,El Salvador,Panama,1514,1709,1,3,-11,11,1503,1720,88,30,-3,2,85,32,20,100,-95
21243,Nov 14 2014,Friendly in France,France,Albania,1971,1571,1,1,-9,9,1962,1580,7,63,0,1,7,64,20,100,500
21244,Nov 14 2014,European Championship qual in Georgia,Georgia,Poland,1494,1703,0,4,-26,26,1468,1729,101,20,-6,8,95,28,40,100,-109
21245,Nov 14 2014,European Championship qual in Germany,Germany,Gibraltar,2126,1132,4,0,0,0,2126,1132,1,173,0,0,1,173,20,0,994
21246,Nov 14 2014,European Championship qual in Greece,Greece,Faroe Islands,1729,1186,0,1,-39,39,1690,1225,52,142,-12,10,40,152,40,100,643
21247,Nov 14 2014,CONCACAF Ch q & Car Ch in Jamaica,Haiti,Martinique,1404,1449,3,0,40,-40,1444,1409,97,115,6,-7,103,108,40,0,-45
21248,Nov 14 2014,European Championship qual in Hungary,Hungary,Finland,1654,1643,1,0,14,-14,1668,1629,39,55,5,-2,44,53,40,100,111
21249,Nov 14 2014,African Nations Cup qualifier in Ivory Coast,Ivory Coast,Sierra Leone,1693,1357,5,1,6,-6,1699,1351,35,125,2,-2,37,123,40,100,436
21250,Nov 14 2014,CONCACAF Ch q & Car Ch in Jamaica,Jamaica,Antigua and Barbuda,1500,1299,3,0,11,-11,1511,1288,80,137,4,-2,84,135,40,100,301
21251,Nov 14 2014,Friendly in Japan,Japan,Honduras,1714,1557,6,0,8,-8,1722,1549,29,71,2,-1,31,70,20,100,257
21252,Nov 14 2014,Friendly in Jordan,Jordan,South Korea,1570,1630,0,1,-11,11,1559,1641,68,49,-1,2,67,51,20,100,40
21253,Nov 14 2014,Gulf Cup in Saudi Arabia,Kuwait,Iraq,1506,1553,1,0,23,-23,1529,1530,73,86,6,-8,79,78,40,0,-47
21254,Nov 14 2014,Gulf Cup in Saudi Arabia,Oman,United Arab Emirates,1565,1625,0,0,3,-3,1568,1622,65,57,1,-1,66,56,30,0,-60
21255,Nov 14 2014,Friendly in Paraguay,Paraguay,Peru,1682,1733,2,1,9,-9,1691,1724,37,33,2,-3,39,30,20,100,49
21256,Nov 14 2014,Friendly in the Philippines,Philippines,Cambodia,1214,719,3,0,1,-1,1215,718,157,216,-1,0,156,216,20,100,595
21257,Nov 14 2014,European Championship qual in Portugal,Portugal,Armenia,1893,1553,1,0,3,-3,1896,1550,12,68,0,1,12,69,40,100,440
21258,Nov 14 2014,European Championship qual in Romania,Romania,Northern Ireland,1769,1508,2,0,7,-7,1776,1501,24,92,0,-4,24,88,40,100,361
21259,Nov 14 2014,European Championship qual in Scotland,Scotland,Ireland,1721,1729,1,0,15,-15,1736,1714,22,38,5,-5,27,33,30,0,-8
21260,Nov 14 2014,European Championship qual in Serbia,Serbia,Denmark,1748,1725,1,3,-40,40,1708,1765,45,19,-10,6,35,25,40,100,123
21261,Nov 15 2014,African Nations Cup qualifier in Algeria,Algeria,Ethiopia,1709,1357,3,1,4,-4,1713,1353,36,123,-1,-1,35,122,40,100,452
21262,Nov 15 2014,African Nations Cup qualifier in Angola,Angola,Gabon,1431,1522,0,0,-1,1,1430,1523,102,78,1,2,103,80,40,100,9
21263,Nov 15 2014,European Championship qual in Austria,Austria,Russia,1699,1788,1,0,19,-19,1718,1769,29,26,4,-2,33,24,30,0,-89
21264,Nov 15 2014,African Nations Cup qualifier in Cameroon,Cameroon,DR Congo,1628,1465,1,0,7,-7,1635,1458,50,95,2,1,52,96,40,100,263
21265,Nov 15 2014,African Nations Cup qualifier in Cape Verde,Cape Verde,Niger,1513,1290,3,1,8,-8,1521,1282,79,138,2,-2,81,136,40,100,323
21266,Nov 15 2014,African Nations Cup qualifier in Congo,Congo,Nigeria,1431,1668,0,2,-19,19,1412,1687,110,36,-3,4,107,40,40,100,-137
21267,Nov 15 2014,CONCACAF Ch q & Car Ch in Jamaica,Cuba,Trinidad and Tobago,1409,1525,0,0,6,-6,1415,1519,104,83,2,-1,106,82,40,0,-116
21268,Nov 15 2014,African Nations Cup qualifier in Egypt,Egypt,Senegal,1661,1609,0,1,-28,28,1633,1637,60,42,-6,9,54,51,40,100,152
21269,Nov 15 2014,European Championship qual in England,England,Slovenia,1904,1667,3,1,8,-8,1912,1659,9,48,1,-1,10,47,40,100,337
21270,Nov 15 2014,CONCACAF Ch q & Car Ch in Jamaica,French Guiana,Curaçao,1253,1090,4,1,20,-20,1273,1070,136,183,3,-2,139,181,40,0,163
21271,Nov 15 2014,Friendly in Indonesia,Indonesia,Syria,1241,1468,0,2,-10,10,1231,1478,154,89,-5,3,149,92,20,100,-127
21272,Nov 15 2014,African Nations Cup qualifier in Lesotho,Lesotho,Burkina Faso,1255,1543,0,1,-10,10,1245,1553,145,66,-2,4,143,70,40,100,-188
21273,Nov 15 2014,European Championship qual in Luxembourg,Luxembourg,Ukraine,1229,1830,0,3,-4,4,1225,1834,152,16,-1,1,151,17,40,100,-501
21274,Nov 15 2014,European Championship qual in Macedonia,Macedonia,Slovakia,1502,1727,0,2,-20,20,1482,1747,94,23,-4,3,90,26,40,100,-125
21275,Nov 15 2014,African Nations Cup qualifier in Malawi,Malawi,Mali,1310,1549,2,0,41,-41,1351,1508,116,98,7,-14,123,84,40,100,-139
21276,Nov 15 2014,European Championship qual in Moldova,Moldova,Liechtenstein,1448,1185,0,1,-36,36,1412,1221,113,145,-6,9,107,154,40,100,363
21277,Nov 15 2014,European Championship qual in Montenegro,Montenegro,Sweden,1591,1792,1,1,6,-6,1597,1786,62,23,0,-1,62,22,40,100,-101
21278,Nov 15 2014,African Nations Cup qualifier in Mozambique,Mozambique,Zambia,1399,1481,0,1,-21,21,1378,1502,114,83,-1,4,113,87,40,100,18
21279,Nov 15 2014,European Championship qual in San Marino,San Marino,Estonia,871,1475,0,0,18,-18,889,1457,202,103,1,-5,203,98,40,100,-504
21280,Nov 15 2014,African Nations Cup qualifier in South Africa,South Africa,Sudan,1616,1362,2,1,5,-5,1621,1357,58,122,0,-2,58,120,40,100,354
21281,Nov 15 2014,European Championship qual in Spain,Spain,Belarus,1959,1536,3,0,3,-3,1962,1533,6,77,1,0,7,77,20,0,423
21282,Nov 15 2014,European Championship qual in Switzerland,Switzerland,Lithuania,1786,1464,4,0,6,-6,1792,1458,19,94,2,2,21,96,40,100,422
21283,Nov 15 2014,African Nations Cup qualifier in Togo,Togo,Guinea,1492,1528,1,4,-41,41,1451,1569,111,52,-11,14,100,66,40,100,64
21284,Nov 15 2014,African Nations Cup qualifier in Uganda,Uganda,Ghana,1479,1702,1,0,27,-27,1506,1675,78,50,7,-7,85,43,40,100,-123
21285,Nov 16 2014,European Championship qual in Azerbaijan,Azerbaijan,Norway,1420,1611,0,1,-15,15,1405,1626,115,52,-5,4,110,56,40,100,-91
21286,Nov 16 2014,European Championship qual in Belgium,Belgium,Wales,1916,1604,0,0,-17,17,1899,1621,13,55,-2,3,11,58,40,100,412
21287,Nov 16 2014,European Championship qual in Bulgaria,Bulgaria,Malta,1624,1220,1,1,-18,18,1606,1238,66,135,-5,10,61,145,40,100,504
21288,Nov 16 2014,European Championship qual in Cyprus,Cyprus,Andorra,1402,980,5,0,4,-4,1406,976,108,192,1,0,109,192,40,100,522
21289,Nov 16 2014,European Championship qual in Czechia,Czechia,Iceland,1796,1670,2,1,9,-9,1805,1661,20,50,0,-3,20,47,40,100,226
21290,Nov 16 2014,European Championship qual in Israel,Israel,Bosnia and Herzegovina,1649,1745,3,0,35,-35,1684,1710,35,43,7,-8,42,35,40,100,4
21291,Nov 16 2014,European Championship qual in Italy,Italy,Croatia,1892,1816,1,1,-9,9,1883,1825,14,19,0,0,14,19,40,100,176
21292,Nov 16 2014,CONCACAF Ch q & Car Ch in Jamaica,Jamaica,Haiti,1511,1444,2,0,17,-17,1528,1427,77,106,3,-2,80,104,40,100,167
21293,Nov 16 2014,CONCACAF Ch q & Car Ch in Jamaica,Martinique,Antigua and Barbuda,1409,1288,2,0,20,-20,1429,1268,97,144,6,-5,103,139,40,0,121
21294,Nov 16 2014,European Championship qual in the Netherlands,Netherlands,Latvia,2028,1446,6,0,2,-2,2030,1444,4,101,0,0,4,101,30,0,582
21295,Nov 16 2014,East Asian Championship qual in Taiwan,North Korea,Guam,1547,791,5,1,1,-1,1548,790,73,210,0,0,73,210,30,0,756
21296,Nov 16 2014,Gulf Cup in Saudi Arabia,Qatar,Yemen,1574,1190,0,0,-16,16,1558,1206,73,153,-4,5,69,158,40,0,384
21297,Nov 16 2014,Gulf Cup in Saudi Arabia,Saudi Arabia,Bahrain,1461,1473,3,0,26,-26,1487,1447,85,107,5,-7,90,100,40,100,88
21298,Nov 16 2014,Friendly in Swaziland,Swaziland,Tanzania,1139,1350,1,1,3,-3,1142,1347,171,125,0,0,171,125,20,100,-111
21299,Nov 16 2014,East Asian Championship qual in Taiwan,Taiwan,Hong Kong,782,1161,0,1,-7,7,775,1168,214,165,-1,2,213,167,40,100,-279
21300,Nov 16 2014,European Championship qual in Turkey,Turkey,Kazakhstan,1680,1359,3,1,5,-5,1685,1354,40,123,1,-2,41,121,40,100,421
21301,Nov 16 2014,Friendly in Vietnam,Vietnam,Malaysia,1232,1162,3,1,8,-8,1240,1154,140,170,4,-1,144,169,20,100,170
21302,Nov 17 2014,Gulf Cup in Saudi Arabia,Iraq,Oman,1530,1568,1,1,2,-2,1532,1566,80,66,-1,0,79,66,30,0,-38
21303,Nov 17 2014,Gulf Cup in Saudi Arabia,Kuwait,United Arab Emirates,1529,1622,2,2,5,-5,1534,1617,75,63,2,-3,77,60,40,0,-93
21304,Nov 17 2014,Friendly in Singapore,Singapore,Cambodia,1223,718,4,2,1,-1,1224,717,154,216,0,0,154,216,20,100,605
21305,Nov 18 2014,Friendly in Austria,Austria,Brazil,1718,2038,1,2,-4,4,1714,2042,34,3,-1,0,33,3,20,100,-220
21306,Nov 18 2014,Friendly in Belarus,Belarus,Mexico,1533,1910,3,2,17,-17,1550,1893,64,16,7,-3,71,13,20,100,-277
21307,Nov 18 2014,Friendly in Bolivia,Bolivia,Venezuela,1619,1683,3,2,9,-9,1628,1674,51,43,4,0,55,43,20,100,36
21308,Nov 18 2014,Friendly in Chile,Chile,Uruguay,1978,1893,1,2,-15,15,1963,1908,8,9,-1,2,7,11,20,100,185
21309,Nov 18 2014,Friendly in China,China,Honduras,1559,1549,0,0,-3,3,1556,1552,69,68,-1,2,68,70,20,100,110
21310,Nov 18 2014,Friendly in Estonia,Estonia,Jordan,1457,1559,1,0,10,-10,1467,1549,93,79,2,-6,95,73,20,100,-2
21311,Nov 18 2014,Friendly in France,France,Sweden,1962,1786,1,0,3,-3,1965,1783,5,24,1,-1,6,23,20,100,276
21312,Nov 18 2014,Friendly in Greece,Greece,Serbia,1690,1708,0,2,-18,18,1672,1726,51,26,-6,5,45,31,20,100,82
21313,Nov 18 2014,Caribbean Championship in Jamaica,Haiti,Cuba,1427,1415,2,1,19,-19,1446,1396,98,116,3,-5,101,111,40,0,12
21314,Nov 18 2014,Friendly in Hungary,Hungary,Russia,1668,1769,1,2,-10,10,1658,1779,49,24,-2,0,47,24,20,100,-1
21315,Nov 18 2014,Friendly in Iran,Iran,South Korea,1666,1641,1,0,7,-7,1673,1634,42,54,2,-2,44,52,20,100,125
21316,Nov 18 2014,Friendly in Ireland,Ireland,United States,1714,1831,4,1,18,-18,1732,1813,21,20,6,-1,27,19,20,100,-17
21317,Nov 18 2014,Friendly in Italy,Italy,Albania,1883,1580,1,0,2,-2,1885,1578,14,64,0,0,14,64,20,100,403
21318,Nov 18 2014,Caribbean Championship in Jamaica,Jamaica,Trinidad and Tobago,1528,1519,0,0,-6,6,1522,1525,82,75,-1,4,81,79,40,100,109
21319,Nov 18 2014,Friendly in Japan,Japan,Australia,1722,1659,2,1,6,-6,1728,1653,28,50,1,-1,29,49,20,100,163
21320,Nov 18 2014,Friendly in Nicaragua,Nicaragua,El Salvador,1110,1503,0,2,-5,5,1105,1508,177,84,-1,1,176,85,20,100,-293
21321,Nov 18 2014,Friendly in Panama,Panama,Canada,1720,1502,0,0,-7,7,1713,1509,37,81,-3,3,34,84,20,100,318
21322,Nov 18 2014,Friendly in Peru,Peru,Paraguay,1724,1691,2,1,6,-6,1730,1685,27,40,1,-1,28,39,20,100,133
21323,Nov 18 2014,Friendly in Poland,Poland,Switzerland,1729,1792,2,2,-1,1,1728,1793,30,21,-1,0,29,21,20,100,37
21324,Nov 18 2014,Friendly in England,Portugal,Argentina,1896,2064,1,0,14,-14,1910,2050,8,2,2,0,10,2,20,0,-168
21325,Nov 18 2014,Friendly in Romania,Romania,Denmark,1776,1765,2,0,10,-10,1786,1755,21,25,1,0,22,25,20,100,111
21326,Nov 18 2014,Friendly in Scotland,Scotland,England,1736,1912,1,3,-12,12,1724,1924,37,9,-5,0,32,9,20,100,-76
21327,Nov 18 2014,Friendly in Slovakia,Slovakia,Finland,1747,1629,2,1,4,-4,1751,1625,26,59,0,-2,26,57,20,100,218
21328,Nov 18 2014,Friendly in Slovenia,Slovenia,Colombia,1659,2016,0,1,-4,4,1655,2020,48,5,0,0,48,5,20,100,-257
21329,Nov 18 2014,Friendly in Spain,Spain,Germany,1962,2126,0,1,-8,8,1954,2134,9,1,-1,0,8,1,20,100,-64
21330,Nov 18 2014,Friendly in Thailand,Thailand,New Zealand,1302,1540,2,0,21,-21,1323,1519,124,91,4,-8,128,83,20,100,-138
21331,Nov 18 2014,Friendly in Ukraine,Ukraine,Lithuania,1834,1458,0,0,-9,9,1825,1467,17,95,0,0,17,95,20,100,476
21332,Nov 19 2014,Gulf Cup in Saudi Arabia,Bahrain,Qatar,1447,1558,0,0,6,-6,1453,1552,98,69,1,-1,99,68,40,0,-111
21333,Nov 19 2014,African Nations Cup qualifier in Burkina Faso,Burkina Faso,Angola,1553,1430,1,1,-11,11,1542,1441,81,103,-6,0,75,103,40,100,223
21334,Nov 19 2014,African Nations Cup qualifier in the Dem Rep of the Congo,DR Congo,Sierra Leone,1458,1351,3,1,14,-14,1472,1337,91,125,3,-1,94,124,40,100,207
21335,Nov 19 2014,African Nations Cup qualifier in Ethiopia,Ethiopia,Malawi,1353,1351,0,0,-6,6,1347,1357,122,115,0,4,122,119,40,100,102
21336,Nov 19 2014,African Nations Cup qualifier in Gabon,Gabon,Lesotho,1523,1245,4,2,6,-6,1529,1239,78,145,1,-1,79,144,40,100,378
21337,Nov 19 2014,African Nations Cup qualifier in Ghana,Ghana,Togo,1675,1451,3,1,8,-8,1683,1443,38,105,2,-3,40,102,40,100,324
21338,Nov 19 2014,East Asian Championship qual in Taiwan,Guam,Hong Kong,790,1168,0,0,16,-16,806,1152,210,171,0,-2,210,169,40,0,-378
21339,Nov 19 2014,African Nations Cup qualifier in Morocco,Guinea,Uganda,1569,1506,2,0,25,-25,1594,1481,63,97,1,-5,64,92,40,0,63
21340,Nov 19 2014,African Nations Cup qualifier in Ivory Coast,Ivory Coast,Cameroon,1699,1635,0,0,-9,9,1690,1644,35,49,1,1,36,50,40,100,164
21341,Nov 19 2014,African Nations Cup qualifier in Mali,Mali,Algeria,1508,1713,2,0,39,-39,1547,1674,61,50,12,-8,73,42,40,100,-105
21342,Nov 19 2014,African Nations Cup qualifier in Niger,Niger,Mozambique,1282,1378,1,1,0,0,1282,1378,135,113,0,0,135,113,20,100,4
21343,Nov 19 2014,African Nations Cup qualifier in Nigeria,Nigeria,South Africa,1687,1621,2,2,-9,9,1678,1630,44,50,-3,4,41,54,40,100,166
21344,Nov 19 2014,Gulf Cup in Saudi Arabia,Saudi Arabia,Yemen,1487,1206,1,0,4,-4,1491,1202,88,162,1,-2,89,160,40,100,381
21345,Nov 19 2014,African Nations Cup qualifier in Senegal,Senegal,Botswana,1637,1315,3,0,6,-6,1643,1309,52,131,-1,0,51,131,40,100,422
21346,Nov 19 2014,African Nations Cup qualifier in Sudan,Sudan,Congo,1357,1412,0,1,-23,23,1334,1435,131,102,-6,2,125,104,40,100,45
21347,Nov 19 2014,East Asian Championship qual in Taiwan,Taiwan,North Korea,775,1548,0,0,19,-19,794,1529,209,84,2,-5,211,79,40,100,-673
21348,Nov 19 2014,African Nations Cup qualifier in Tunisia,Tunisia,Egypt,1584,1633,2,1,17,-17,1601,1616,61,66,1,-6,62,60,30,0,-49
21349,Nov 19 2014,African Nations Cup qualifier in Zambia,Zambia,Cape Verde,1502,1521,1,0,15,-15,1517,1506,80,92,4,-5,84,87,40,100,81
21350,Nov 20 2014,Gulf Cup in Saudi Arabia,Oman,Kuwait,1566,1534,5,0,36,-36,1602,1498,58,99,4,-11,62,88,40,0,32
21351,Nov 20 2014,Gulf Cup in Saudi Arabia,United Arab Emirates,Iraq,1617,1532,2,0,23,-23,1640,1509,45,88,7,-5,52,83,40,0,85
21352,Nov 22 2014,Southeast Asian Champ in Vietnam,Philippines,Laos,1215,858,4,1,8,-8,1223,850,153,207,2,0,155,207,40,0,357
21353,Nov 22 2014,Southeast Asian Champ in Vietnam,Vietnam,Indonesia,1240,1231,2,2,-6,6,1234,1237,153,144,-5,3,148,147,40,100,109
21354,Nov 23 2014,Southeast Asian Champ in Singapore,Malaysia,Myanmar,1154,1081,0,0,-4,4,1150,1085,170,179,-1,0,169,179,40,0,73
21355,Nov 23 2014,Gulf Cup in Saudi Arabia,Qatar,Oman,1552,1602,3,1,34,-34,1586,1568,62,72,3,-5,65,67,40,0,-50
21356,Nov 23 2014,Gulf Cup in Saudi Arabia,Saudi Arabia,United Arab Emirates,1491,1640,3,2,23,-23,1514,1617,77,66,6,-7,83,59,40,100,-49
21357,Nov 23 2014,Southeast Asian Champ in Singapore,Singapore,Thailand,1224,1323,1,2,-20,20,1204,1343,160,120,-3,4,157,124,40,100,1
21358,Nov 25 2014,Southeast Asian Champ in Vietnam,Philippines,Indonesia,1223,1237,4,0,39,-39,1262,1198,126,177,14,-15,140,162,40,0,-14
21359,Nov 25 2014,Gulf Cup in Saudi Arabia,United Arab Emirates,Oman,1617,1568,1,0,17,-17,1634,1551,45,71,7,-2,52,69,40,0,49
21360,Nov 25 2014,Southeast Asian Champ in Vietnam,Vietnam,Laos,1234,850,3,0,4,-4,1238,846,142,207,3,0,145,207,40,100,484
21361,Nov 26 2014,Gulf Cup in Saudi Arabia,Saudi Arabia,Qatar,1514,1586,1,2,-22,22,1492,1608,95,57,-6,4,89,61,40,100,28
21362,Nov 26 2014,Southeast Asian Champ in Singapore,Singapore,Myanmar,1204,1085,4,2,13,-13,1217,1072,156,181,0,-1,156,180,40,100,219
21363,Nov 26 2014,Southeast Asian Champ in Singapore,Thailand,Malaysia,1343,1150,3,2,10,-10,1353,1140,120,173,2,-2,122,171,40,0,193
21364,Nov 28 2014,Southeast Asian Champ in Vietnam,Indonesia,Laos,1198,846,5,1,9,-9,1207,837,152,207,5,0,157,207,40,0,352
21365,Nov 28 2014,Southeast Asian Champ in Vietnam,Vietnam,Philippines,1238,1262,3,1,24,-24,1262,1238,135,150,5,-5,140,145,30,0,-24
21366,Nov 29 2014,Southeast Asian Champ in Singapore,Singapore,Malaysia,1217,1140,1,3,-44,44,1173,1184,176,155,-10,8,166,163,40,100,177
21367,Nov 29 2014,Southeast Asian Champ in Singapore,Thailand,Myanmar,1353,1072,2,0,10,-10,1363,1062,112,188,5,-4,117,184,40,0,281
21368,Dec 6 2014,Southeast Asian Champ in the Philippines,Philippines,Thailand,1238,1363,0,0,1,-1,1239,1362,143,119,1,-1,144,118,20,100,-25
21369,Dec 7 2014,Southeast Asian Champ in Malaysia,Malaysia,Vietnam,1184,1262,1,2,-21,21,1163,1283,173,130,-5,5,168,135,40,100,22
21370,Dec 10 2014,Southeast Asian Champ in Thailand,Thailand,Philippines,1362,1239,3,0,15,-15,1377,1224,110,162,4,-9,114,153,40,100,223
21371,Dec 11 2014,Southeast Asian Champ in Vietnam,Vietnam,Malaysia,1283,1163,2,4,-47,47,1236,1210,159,144,-12,12,147,156,40,100,220
21372,Dec 13 2014,Friendly in China,China,Kyrgyzstan,1556,1102,4,0,1,-1,1557,1101,67,177,0,0,67,177,20,100,554
21373,Dec 13 2014,Friendly in the United Arab Emirates,Uzbekistan,Palestine,1634,1318,1,0,3,-3,1637,1315,52,130,0,0,52,130,20,0,316
21374,Dec 17 2014,Friendly in China,China,Kyrgyzstan,1557,1101,2,0,1,-1,1558,1100,67,177,0,0,67,177,20,100,556
21375,Dec 17 2014,Southeast Asian Champ in Thailand,Thailand,Malaysia,1377,1210,2,0,11,-11,1388,1199,112,166,1,-5,113,161,40,100,267
21376,Dec 20 2014,Southeast Asian Champ in Malaysia,Malaysia,Thailand,1199,1388,3,2,25,-25,1224,1363,145,121,8,-4,153,117,40,100,-89
21377,Dec 21 2014,Friendly in China,China,Palestine,1558,1315,0,0,-8,8,1550,1323,71,128,-2,1,69,129,20,100,343
21378,Dec 21 2014,Friendly in the United Arab Emirates,Uzbekistan,Jordan,1637,1549,2,1,8,-8,1645,1541,48,78,2,-3,50,75,20,0,88
21379,Dec 22 2014,Friendly in the United Arab Emirates,Iraq,Kuwait,1509,1498,1,1,0,0,1509,1498,83,88,0,0,83,88,20,0,11
21380,Dec 25 2014,Friendly in the United Arab Emirates,Uzbekistan,Iraq,1645,1509,1,0,6,-6,1651,1503,50,89,0,-3,50,86,20,0,136
21381,Dec 27 2014,Friendly in Qatar,Qatar,Estonia,1608,1467,3,0,7,-7,1615,1460,61,98,0,-1,61,97,20,100,241
21382,Dec 28 2014,Friendly in the United Arab Emirates,Iraq,Uzbekistan,1503,1651,0,0,4,-4,1507,1647,84,50,1,0,85,50,20,0,-148
21383,Dec 30 2014,Friendly in Australia,Bahrain,Saudi Arabia,1453,1492,4,1,19,-19,1472,1473,89,97,5,-4,94,93,20,0,-39
21384,Dec 30 2014,Friendly in Australia,United Arab Emirates,Jordan,1634,1541,1,0,7,-7,1641,1534,53,77,0,-1,53,76,20,0,93
21385,Dec 31 2014,Friendly in Australia,Oman,Qatar,1551,1615,2,2,2,-2,1553,1613,66,61,1,0,67,61,20,0,-64
21386,Jan 3 2015,Friendly in Australia,China,Oman,1550,1553,4,1,18,-18,1568,1535,65,83,2,-8,67,75,20,0,-3
21387,Jan 4 2015,Friendly in Australia,Bahrain,Jordan,1472,1534,1,0,12,-12,1484,1522,84,82,5,-3,89,79,20,0,-62
21388,Jan 4 2015,Friendly in Australia,Iran,Iraq,1673,1507,1,0,6,-6,1679,1501,38,87,3,-1,41,86,20,0,166
21389,Jan 4 2015,Friendly in South Africa,South Africa,Zambia,1630,1517,1,0,5,-5,1635,1512,55,82,0,0,55,82,20,100,213
21390,Jan 4 2015,Friendly in Australia,South Korea,Saudi Arabia,1634,1473,2,0,9,-9,1643,1464,50,101,2,-4,52,97,20,0,161
21391,Jan 7 2015,Friendly in Cameroon,Cameroon,DR Congo,1644,1472,1,1,-7,7,1637,1479,57,92,-3,1,54,93,20,100,272
21392,Jan 7 2015,Friendly in Portugal,Cape Verde,Equatorial Guinea,1506,1308,1,1,-5,5,1501,1313,85,130,0,1,85,131,20,0,198
21393,Jan 9 2015,Asian Cup in Australia,Australia,Kuwait,1653,1498,4,1,16,-16,1669,1482,43,90,3,-1,46,89,50,100,255
21394,Jan 9 2015,Friendly in Morocco,Senegal,Gabon,1643,1529,1,0,7,-7,1650,1522,49,80,1,-2,50,78,20,0,114
21395,Jan 10 2015,Friendly in South Africa,Burkina Faso,Swaziland,1542,1142,5,1,3,-3,1545,1139,71,171,1,0,72,171,20,0,400
21396,Jan 10 2015,Friendly in Gabon,Cameroon,South Africa,1637,1635,1,1,0,0,1637,1635,54,55,0,0,54,55,20,0,2
21397,Jan 10 2015,Friendly in Senegal,Cape Verde,Congo,1501,1435,3,2,8,-8,1509,1427,81,106,2,-1,83,105,20,0,66
21398,Jan 10 2015,Asian Cup in Australia,China,Saudi Arabia,1568,1464,1,0,18,-18,1586,1446,65,101,1,-2,66,99,50,0,104
21399,Jan 10 2015,Asian Cup in Australia,South Korea,Oman,1643,1535,1,0,17,-17,1660,1518,46,85,3,-5,49,80,50,0,108
21400,Jan 10 2015,Asian Cup in Australia,Uzbekistan,North Korea,1647,1529,1,0,17,-17,1664,1512,43,86,4,-5,47,81,50,0,118
21401,Jan 11 2015,Asian Cup in Australia,Iran,Bahrain,1679,1484,2,0,18,-18,1697,1466,31,104,5,-8,36,96,50,0,195
21402,Jan 11 2015,Friendly in Tunisia,Tunisia,Algeria,1601,1674,1,1,-1,1,1600,1675,61,45,1,-1,62,44,20,100,27
21403,Jan 11 2015,Asian Cup in Australia,United Arab Emirates,Qatar,1641,1613,4,1,40,-40,1681,1573,31,73,11,-6,42,67,50,0,28
21404,Jan 12 2015,Asian Cup in Australia,Iraq,Jordan,1501,1522,1,0,27,-27,1528,1495,64,98,11,-11,75,87,50,0,-21
21405,Jan 12 2015,Asian Cup in Australia,Japan,Palestine,1728,1323,4,0,8,-8,1736,1315,25,131,2,-1,27,130,50,0,405
21406,Jan 13 2015,Asian Cup in Australia,Australia,Oman,1669,1518,4,0,18,-18,1687,1500,29,92,9,-6,38,86,50,100,251
21407,Jan 13 2015,Friendly in Morocco,Senegal,Guinea,1650,1594,5,2,15,-15,1665,1579,45,66,4,-1,49,65,20,0,56
21408,Jan 13 2015,Asian Cup in Australia,South Korea,Kuwait,1660,1482,1,0,13,-13,1673,1469,44,98,3,-5,47,93,50,0,178
21409,Jan 14 2015,Asian Cup in Australia,China,Uzbekistan,1586,1664,2,1,31,-31,1617,1633,56,60,4,-5,60,55,50,0,-78
21410,Jan 14 2015,Asian Cup in Australia,Saudi Arabia,North Korea,1446,1512,4,1,52,-52,1498,1460,73,114,13,-17,86,97,50,0,-66
21411,Jan 14 2015,Friendly in Gabon,South Africa,Mali,1635,1547,3,0,13,-13,1648,1534,51,77,2,-3,53,74,20,0,88
21412,Jan 15 2015,Asian Cup in Australia,Iran,Qatar,1697,1573,1,0,16,-16,1713,1557,32,67,2,0,34,67,50,0,124
21413,Jan 15 2015,Friendly in the United Arab Emirates,Sweden,Ivory Coast,1783,1690,2,0,11,-11,1794,1679,19,49,2,-6,21,43,20,0,93
21414,Jan 15 2015,Asian Cup in Australia,United Arab Emirates,Bahrain,1681,1466,2,1,11,-11,1692,1455,31,100,6,-2,37,98,50,0,215
21415,Jan 16 2015,Friendly in the United States,Iceland,Canada,1661,1509,2,1,6,-6,1667,1503,48,87,1,-3,49,84,20,0,152
21416,Jan 16 2015,Asian Cup in Australia,Japan,Iraq,1736,1528,1,0,12,-12,1748,1516,27,85,0,-5,27,80,50,0,208
21417,Jan 16 2015,Asian Cup in Australia,Jordan,Palestine,1495,1315,5,1,25,-25,1520,1290,69,136,9,-3,78,133,50,0,180
21418,Jan 17 2015,Asian Cup in Australia,Australia,South Korea,1687,1673,0,1,-33,33,1654,1706,66,27,-14,10,52,37,50,100,114
21419,Jan 17 2015,African Nations Cup in Equatorial Guinea,Equatorial Guinea,Congo,1313,1427,1,1,1,-1,1314,1426,130,105,0,0,130,105,30,100,-14
21420,Jan 17 2015,African Nations Cup in Equatorial Guinea,Gabon,Burkina Faso,1522,1545,2,0,40,-40,1562,1505,58,97,9,-13,67,84,50,0,-23
21421,Jan 17 2015,Asian Cup in Australia,Oman,Kuwait,1500,1469,1,0,23,-23,1523,1446,66,105,10,-6,76,99,50,0,31
21422,Jan 18 2015,African Nations Cup in Equatorial Guinea,Cape Verde,Tunisia,1509,1600,1,1,6,-6,1515,1594,80,65,1,-1,81,64,50,0,-91
21423,Jan 18 2015,Asian Cup in Australia,China,North Korea,1617,1460,2,1,14,-14,1631,1446,52,101,4,-3,56,98,50,0,157
21424,Jan 18 2015,African Nations Cup in Equatorial Guinea,DR Congo,Zambia,1479,1512,1,1,2,-2,1481,1510,87,83,2,-1,89,82,40,0,-33
21425,Jan 18 2015,Asian Cup in Australia,Uzbekistan,Saudi Arabia,1633,1498,3,1,24,-24,1657,1474,47,97,4,-5,51,92,50,0,135
21426,Jan 19 2015,African Nations Cup in Equatorial Guinea,Algeria,South Africa,1675,1648,3,1,35,-35,1710,1613,27,68,9,-7,36,61,50,0,27
21427,Jan 19 2015,Asian Cup in Australia,Bahrain,Qatar,1455,1557,2,1,32,-32,1487,1525,78,80,9,-6,87,74,50,0,-102
21428,Jan 19 2015,Friendly in the United States,Canada,Iceland,1503,1667,1,1,4,-4,1507,1663,83,48,1,0,84,48,20,0,-164
21429,Jan 19 2015,Friendly in the United Arab Emirates,Finland,Sweden,1625,1794,1,0,15,-15,1640,1779,49,25,5,-2,54,23,20,0,-169
21430,Jan 19 2015,Asian Cup in Australia,Iran,United Arab Emirates,1713,1692,1,0,23,-23,1736,1669,22,56,6,-9,28,47,50,0,21
21431,Jan 19 2015,African Nations Cup in Equatorial Guinea,Senegal,Ghana,1665,1683,2,1,26,-26,1691,1657,29,58,10,-8,39,50,50,0,-18
21432,Jan 20 2015,African Nations Cup in Equatorial Guinea,Cameroon,Mali,1637,1534,1,1,-7,7,1630,1541,57,71,-1,1,56,72,50,0,103
21433,Jan 20 2015,African Nations Cup in Equatorial Guinea,Guinea,Ivory Coast,1579,1679,1,1,7,-7,1586,1672,65,47,0,-2,65,45,50,0,-100
21434,Jan 20 2015,Asian Cup in Australia,Iraq,Palestine,1516,1290,2,0,16,-16,1532,1274,68,141,6,-4,74,137,50,0,226
21435,Jan 20 2015,Asian Cup in Australia,Japan,Jordan,1748,1520,2,0,16,-16,1764,1504,23,92,2,-7,25,85,50,0,228
21436,Jan 21 2015,African Nations Cup in Equatorial Guinea,Congo,Gabon,1426,1562,1,0,34,-34,1460,1528,87,81,9,-7,96,74,50,0,-136
21437,Jan 21 2015,African Nations Cup in Equatorial Guinea,Equatorial Guinea,Burkina Faso,1314,1505,0,0,6,-6,1320,1499,130,88,0,-2,130,86,50,100,-91
21438,Jan 22 2015,Asian Cup in Australia,Australia,China,1654,1631,2,0,25,-25,1679,1606,33,69,10,-7,43,62,50,100,123
21439,Jan 22 2015,African Nations Cup in Equatorial Guinea,Cape Verde,DR Congo,1515,1481,0,0,-2,2,1513,1483,80,86,0,2,80,88,40,0,34
21440,Jan 22 2015,Friendly in the United Arab Emirates,Finland,Yemen,1640,1202,0,0,-9,9,1631,1211,52,154,1,3,53,157,20,0,438
21441,Jan 22 2015,Asian Cup in Australia,South Korea,Uzbekistan,1706,1657,2,0,32,-32,1738,1625,18,64,10,-7,28,57,50,0,49
21442,Jan 22 2015,African Nations Cup in Equatorial Guinea,Tunisia,Zambia,1594,1510,2,1,19,-19,1613,1491,56,91,4,-5,60,86,50,0,84
21443,Jan 23 2015,African Nations Cup in Equatorial Guinea,Ghana,Algeria,1657,1710,1,0,29,-29,1686,1681,25,49,13,-6,38,43,50,0,-53
21444,Jan 23 2015,Asian Cup in Australia,Iran,Iraq,1736,1532,3,3,-13,13,1723,1545,39,67,-5,3,34,70,50,0,204
21445,Jan 23 2015,Asian Cup in Australia,Japan,United Arab Emirates,1764,1669,1,1,-7,7,1757,1676,25,44,0,2,25,46,50,0,95
21446,Jan 23 2015,African Nations Cup in Equatorial Guinea,Senegal,South Africa,1691,1613,1,1,-6,6,1685,1619,39,58,0,1,39,59,50,0,78
21447,Jan 24 2015,African Nations Cup in Equatorial Guinea,Cameroon,Guinea,1630,1586,1,1,-3,3,1627,1589,56,65,-1,0,55,65,40,0,44
21448,Jan 24 2015,African Nations Cup in Equatorial Guinea,Ivory Coast,Mali,1672,1541,1,1,-9,9,1663,1550,50,64,-1,4,49,68,30,100,231
21449,Jan 25 2015,African Nations Cup in Equatorial Guinea,Congo,Burkina Faso,1460,1499,2,1,28,-28,1488,1471,74,103,11,-9,85,94,50,0,-39
21450,Jan 25 2015,African Nations Cup in Equatorial Guinea,Equatorial Guinea,Gabon,1320,1528,2,0,49,-49,1369,1479,104,108,13,-17,117,91,50,100,-108
21451,Jan 26 2015,African Nations Cup in Equatorial Guinea,Cape Verde,Zambia,1513,1491,0,0,-2,2,1511,1493,79,84,0,0,79,84,50,0,22
21452,Jan 26 2015,African Nations Cup in Equatorial Guinea,DR Congo,Tunisia,1483,1613,1,1,9,-9,1492,1604,83,65,2,-2,85,63,50,0,-130
21453,Jan 26 2015,Asian Cup in Australia,South Korea,Iraq,1738,1545,2,0,19,-19,1757,1526,22,75,3,-2,25,73,50,0,193
21454,Jan 27 2015,African Nations Cup in Equatorial Guinea,Algeria,Senegal,1681,1685,2,0,38,-38,1719,1647,27,65,8,-13,35,52,50,0,-4
21455,Jan 27 2015,Asian Cup in Australia,Australia,United Arab Emirates,1679,1676,2,0,27,-27,1706,1649,34,56,5,-5,39,51,50,100,103
21456,Jan 27 2015,African Nations Cup in Equatorial Guinea,Ghana,South Africa,1686,1619,2,1,20,-20,1706,1599,40,67,-1,-4,39,63,50,0,67
21457,Jan 28 2015,Friendly in Chile,Chile,United States,1963,1813,3,2,4,-4,1967,1809,5,19,1,0,6,19,20,100,250
21458,Jan 28 2015,African Nations Cup in Equatorial Guinea,Guinea,Mali,1589,1550,1,1,-3,3,1586,1553,65,66,0,1,65,67,50,0,39
21459,Jan 28 2015,African Nations Cup in Equatorial Guinea,Ivory Coast,Cameroon,1663,1627,1,0,22,-22,1685,1605,35,67,6,-6,41,61,50,0,36
21460,Jan 30 2015,Friendly tournament in Suriname,Aruba,Curaçao,938,1070,0,0,5,-5,943,1065,196,184,0,-2,196,182,30,0,-132
21461,Jan 30 2015,Friendly tournament in Suriname,Suriname,Bonaire,1234,1021,3,0,7,-7,1241,1014,138,188,5,0,143,188,30,100,313
21462,Jan 30 2015,Asian Cup in Australia,United Arab Emirates,Iraq,1649,1526,3,2,17,-17,1666,1509,45,85,3,-6,48,79,50,0,123
21463,Jan 31 2015,Asian Cup in Australia,Australia,South Korea,1706,1757,2,1,21,-21,1727,1736,25,31,7,-3,32,28,50,100,49
21464,Jan 31 2015,African Nations Cup in Equatorial Guinea,DR Congo,Congo,1492,1488,4,2,37,-37,1529,1451,61,110,12,-12,73,98,50,0,4
21465,Jan 31 2015,African Nations Cup in Equatorial Guinea,Equatorial Guinea,Tunisia,1369,1604,2,1,34,-34,1403,1570,103,70,7,-4,110,66,50,100,-135
21466,Feb 1 2015,Friendly in Barbados,Barbados,Guyana,1147,1220,2,2,-1,1,1146,1221,170,154,0,1,170,155,20,100,27
21467,Feb 1 2015,Friendly tournament in Suriname,Curaçao,Bonaire,1065,1014,4,1,22,-22,1087,992,176,190,3,-1,179,189,30,0,51
21468,Feb 1 2015,African Nations Cup in Equatorial Guinea,Ghana,Guinea,1706,1586,3,0,29,-29,1735,1557,18,68,11,-2,29,66,50,0,120
21469,Feb 1 2015,African Nations Cup in Equatorial Guinea,Ivory Coast,Algeria,1685,1719,3,1,41,-41,1726,1678,27,52,7,-8,34,44,50,0,-34
21470,Feb 1 2015,Friendly tournament in Suriname,Suriname,Aruba,1241,943,1,0,3,-3,1244,940,143,196,0,0,143,196,20,0,298
21471,Feb 2 2015,Bangabandhu Gold Cup in Bangladesh,Bangladesh,Sri Lanka,945,836,1,0,7,-7,952,829,193,208,1,0,194,208,20,0,109
21472,Feb 4 2015,Friendly in Honduras,Honduras,Venezuela,1552,1674,2,3,-9,9,1543,1683,74,42,-3,2,71,44,20,100,-22
21473,Feb 4 2015,African Nations Cup in Equatorial Guinea,Ivory Coast,DR Congo,1726,1529,3,1,18,-18,1744,1511,22,83,6,-5,28,78,50,0,197
21474,Feb 5 2015,African Nations Cup in Equatorial Guinea,Equatorial Guinea,Ghana,1403,1735,0,3,-18,18,1385,1753,116,24,-3,3,113,27,50,100,-232
21475,Feb 6 2015,Friendly in Pakistan,Pakistan,Afghanistan,931,1096,2,1,12,-12,943,1084,193,180,3,-1,196,179,20,100,-65
21476,Feb 7 2015,African Nations Cup in Equatorial Guinea,Equatorial Guinea,DR Congo,1385,1511,0,0,2,-2,1387,1509,113,80,0,-1,113,79,50,100,-26
21477,Feb 8 2015,African Nations Cup in Equatorial Guinea,Ghana,Ivory Coast,1753,1744,0,0,-1,1,1752,1745,27,29,0,0,27,29,40,0,9
21478,Feb 8 2015,Friendly in the United States,United States,Panama,1809,1713,2,0,7,-7,1816,1706,19,41,0,-1,19,40,20,100,196
21479,Feb 11 2015,Friendly in Venezuela,Venezuela,Honduras,1683,1543,2,1,4,-4,1687,1539,38,71,3,0,41,71,20,100,240
21480,Feb 18 2015,Friendly in Turkey,Kazakhstan,Moldova,1354,1412,1,1,2,-2,1356,1410,123,107,0,0,123,107,20,0,-58
21481,Feb 28 2015,Friendly in Anguilla,Anguilla,British Virgin Islands,552,635,1,0,10,-10,562,625,233,229,0,-1,233,228,20,100,17
21482,Mar 1 2015,Friendly in Anguilla,Anguilla,British Virgin Islands,562,625,3,1,13,-13,575,612,231,230,1,-1,232,229,20,100,37
21483,Mar 6 2015,Friendly in Barbados,Barbados,St Vincent & Grenadines,1146,1172,3,1,12,-12,1158,1160,168,169,1,-1,169,168,20,100,74
21484,Mar 6 2015,Friendly in Bermuda,Bermuda,Grenada,1204,1164,2,2,-4,4,1200,1168,161,166,-1,1,160,167,20,100,140
21485,Mar 8 2015,Friendly in Antigua and Barbuda,Antigua and Barbuda,US Virgin Islands,1268,680,2,0,1,-1,1269,679,139,222,0,0,139,222,20,0,588
21486,Mar 8 2015,Friendly in Barbados,Barbados,St Vincent & Grenadines,1158,1160,2,2,-3,3,1155,1163,169,166,0,1,169,167,20,100,98
21487,Mar 8 2015,Friendly in Bermuda,Bermuda,Grenada,1200,1168,2,0,10,-10,1210,1158,156,169,2,-1,158,168,20,100,132
21488,Mar 12 2015,World Cup & Asian Cup qual in Cambodia,Cambodia,Macao,717,636,3,0,18,-18,735,618,212,232,2,-3,214,229,40,100,181
21489,Mar 12 2015,World Cup & Asian Cup qual in East Timor,East Timor,Mongolia,639,734,4,1,34,-34,673,700,225,220,0,-3,225,217,40,100,5
21490,Mar 12 2015,World Cup & Asian Cup qual in India,India,Nepal,1068,883,2,0,10,-10,1078,873,179,204,1,0,180,204,40,100,285
21491,Mar 12 2015,World Cup & Asian Cup qual in Sri Lanka,Sri Lanka,Bhutan,829,521,0,1,-37,37,792,558,212,233,-2,1,210,234,40,100,408
21492,Mar 12 2015,World Cup & Asian Cup qual in Taiwan,Taiwan,Brunei,794,606,0,1,-34,34,760,640,215,222,-2,4,213,226,40,100,288
21493,Mar 12 2015,World Cup & Asian Cup qual in Qatar,Yemen,Pakistan,1211,943,3,1,11,-11,1222,932,153,200,2,-2,155,198,40,0,268
21494,Mar 15 2015,Friendly in Antigua and Barbuda,Antigua and Barbuda,Dominica,1269,952,1,0,2,-2,1271,950,139,196,0,-1,139,195,20,100,417
21495,Mar 17 2015,World Cup & Asian Cup qual in Bhutan,Bhutan,Sri Lanka,558,792,2,1,27,-27,585,765,228,216,3,-3,231,213,40,100,-134
21496,Mar 17 2015,World Cup & Asian Cup qual in Brunei,Brunei,Taiwan,640,760,0,2,-28,28,612,788,232,209,-3,2,229,211,40,100,-20
21497,Mar 17 2015,World Cup & Asian Cup qual in Macao,Macao,Cambodia,618,735,1,1,1,-1,619,734,225,214,2,0,227,214,30,100,-17
21498,Mar 17 2015,World Cup & Asian Cup qual in Mongolia,Mongolia,East Timor,700,673,0,1,-27,27,673,700,233,209,-8,8,225,217,40,100,127
21499,Mar 17 2015,World Cup & Asian Cup qual in Nepal,Nepal,India,873,1078,0,0,6,-6,879,1072,204,182,0,-1,204,181,40,100,-105
21500,Mar 22 2015,Friendly in Antigua and Barbuda,Antigua and Barbuda,British Virgin Islands,1271,612,1,0,0,0,1271,612,139,229,0,0,139,229,20,0,659
21501,Mar 22 2015,World Cup qualifier in Barbados,Barbados,US Virgin Islands,1155,679,0,1,-39,39,1116,718,179,210,-5,6,174,216,40,100,576
21502,Mar 22 2015,Friendly in Guyana,Guyana,Saint Lucia,1221,1132,2,0,8,-8,1229,1124,144,173,6,0,150,173,20,100,189
21503,Mar 23 2015,World Cup qualifier in Nicaragua,Nicaragua,Anguilla,1105,575,5,0,2,-2,1107,573,176,233,0,0,176,233,20,0,530
21504,Mar 23 2015,World Cup & Asian Cup qual in Bahrain,Pakistan,Yemen,932,1222,0,0,14,-14,946,1208,194,160,2,-2,196,158,40,0,-290
21505,Mar 23 2015,World Cup qualifier in Saint Kitts and Nevis,Saint Kitts and Nevis,Turks and Caicos Islands,1203,776,6,2,3,-3,1206,773,160,212,0,0,160,212,20,0,427
21506,Mar 25 2015,World Cup qualifier in the Bahamas,Bahamas,Bermuda,932,1210,0,5,-21,21,911,1231,201,141,-1,8,200,149,40,100,-178
21507,Mar 25 2015,World Cup qualifier in Belize,Belize,Cayman Islands,1138,936,0,0,-14,14,1124,950,173,192,-1,3,172,195,40,100,302
21508,Mar 25 2015,Friendly in Denmark,Denmark,United States,1755,1816,3,2,9,-9,1764,1807,24,19,1,0,25,19,20,100,39
21509,Mar 25 2015,Friendly in the Dominican Republic,Dominican Republic,Cuba,1234,1396,0,3,-14,14,1220,1410,165,103,-8,4,157,107,20,100,-62
21510,Mar 25 2015,CONCACAF Champ qual in French Guiana,French Guiana,Honduras,1273,1539,3,1,43,-43,1316,1496,124,99,7,-14,131,85,40,100,-166
21511,Mar 25 2015,Friendly in France,Gabon,Mali,1479,1553,4,3,12,-12,1491,1541,84,73,3,-3,87,70,20,0,-74
21512,Mar 25 2015,Friendly in Georgia,Georgia,Malta,1468,1238,2,0,4,-4,1472,1234,92,151,1,-3,93,148,20,100,330
21513,Mar 25 2015,Friendly in Germany,Germany,Australia,2134,1727,2,2,-9,9,2125,1736,1,26,0,4,1,30,20,100,507
21514,Mar 25 2015,Friendly in Indonesia,Indonesia,Cameroon,1207,1605,0,1,-3,3,1204,1608,161,57,-1,2,160,59,20,100,-298
21515,Mar 25 2015,Friendly in Mauritius,Mauritius,Burundi,1022,1322,2,2,5,-5,1027,1317,187,130,0,0,187,130,20,100,-200
21516,Mar 25 2015,Friendly in Nigeria,Nigeria,Uganda,1678,1481,0,1,-17,17,1661,1498,53,77,-4,6,49,83,20,100,297
21517,Mar 25 2015,Friendly in Scotland,Scotland,Northern Ireland,1724,1501,1,0,3,-3,1727,1498,34,82,1,1,35,83,20,100,323
21518,Mar 25 2015,Friendly in Swaziland,Swaziland,South Africa,1139,1599,1,3,-3,3,1136,1602,170,62,0,0,170,62,20,100,-360
21519,Mar 26 2015,Friendly in Bahrain,Bahrain,Colombia,1487,2020,0,6,-3,3,1484,2023,90,5,-1,0,89,5,20,100,-433
21520,Mar 26 2015,Friendly in Costa Rica,Costa Rica,Paraguay,1866,1685,0,0,-7,7,1859,1692,15,40,0,1,15,41,20,100,281
21521,Mar 26 2015,World Cup qualifier in Dominica,Dominica,British Virgin Islands,950,612,3,2,3,-3,953,609,193,231,1,-1,194,230,20,0,338
21522,Mar 26 2015,Friendly in Egypt,Egypt,Equatorial Guinea,1616,1387,2,0,4,-4,1620,1383,58,113,0,0,58,113,20,100,329
21523,Mar 26 2015,Friendly in France,France,Brazil,1965,2042,1,3,-16,16,1949,2058,7,1,0,1,7,2,20,100,23
21524,Mar 26 2015,Friendly in Austria,Iran,Chile,1723,1967,2,0,24,-24,1747,1943,23,10,7,-2,30,8,20,0,-244
21525,Mar 26 2015,Friendly in Ivory Coast,Ivory Coast,Angola,1745,1441,2,0,3,-3,1748,1438,29,104,0,0,29,104,20,100,404
21526,Mar 26 2015,Friendly in Jordan,Jordan,Syria,1504,1478,0,1,-13,13,1491,1491,90,81,-4,5,86,86,20,100,126
21527,Mar 26 2015,Friendly in the Maldives,Maldives,Tajikistan,1068,1262,0,2,-11,11,1057,1273,188,138,-3,1,185,139,20,100,-94
21528,Mar 26 2015,Friendly in Oman,Oman,Malaysia,1523,1224,6,0,4,-4,1527,1220,72,158,1,-2,73,156,20,100,399
21529,Mar 26 2015,Friendly in Qatar,Qatar,Algeria,1525,1678,1,0,12,-12,1537,1666,72,47,0,-1,72,46,20,100,-53
21530,Mar 26 2015,Friendly in Thailand,Thailand,Singapore,1363,1173,2,0,5,-5,1368,1168,118,166,0,0,118,166,20,100,290
21531,Mar 26 2015,World Cup qualifier in Turks and Caicos Islands,Turks and Caicos Islands,Saint Kitts and Nevis,773,1206,2,6,-10,10,763,1216,214,157,-1,1,213,158,40,100,-333
21532,Mar 26 2015,World Cup qualifier in the US Virgin Islands,US Virgin Islands,Barbados,718,1116,0,4,-11,11,707,1127,216,170,0,2,216,172,40,100,-298
21533,Mar 27 2015,Friendly in the United States,Canada,Guatemala,1507,1539,1,0,11,-11,1518,1528,71,75,5,-2,76,73,20,0,-32
21534,Mar 27 2015,Friendly in China,China,Haiti,1606,1446,2,2,-6,6,1600,1452,66,97,-3,1,63,98,20,100,260
21535,Mar 27 2015,World Cup qualifier in Curaçao,Curaçao,Montserrat,1087,619,2,1,1,-1,1088,618,178,229,0,-1,178,228,20,0,468
21536,Mar 27 2015,European Championship qual in England,England,Lithuania,1924,1467,4,0,3,-3,1927,1464,9,93,0,1,9,94,20,0,457
21537,Mar 27 2015,Friendly in The Gambia,Gambia,Mauritania,1334,1200,1,0,4,-4,1338,1196,125,163,1,-1,126,162,20,100,234
21538,Mar 27 2015,Friendly in Jamaica,Jamaica,Venezuela,1522,1687,2,1,12,-12,1534,1675,69,46,3,-2,72,44,20,100,-65
21539,Mar 27 2015,Friendly in Japan,Japan,Tunisia,1757,1570,2,0,5,-5,1762,1565,26,67,0,-1,26,66,20,100,287
21540,Mar 27 2015,European Championship qual in Liechtenstein,Liechtenstein,Austria,1221,1714,0,5,-8,8,1213,1722,161,38,-3,0,158,38,40,100,-393
21541,Mar 27 2015,European Championship qual in Macedonia,Macedonia,Belarus,1482,1550,1,2,-22,22,1460,1572,100,63,-5,2,95,65,40,100,32
21542,Mar 27 2015,European Championship qual in Moldova,Moldova,Sweden,1410,1779,0,2,-11,11,1399,1790,115,21,-4,1,111,22,40,100,-269
21543,Mar 27 2015,European Championship qual in Montenegro,Montenegro,Russia,1597,1779,0,0,5,-5,1602,1774,59,25,2,-1,61,24,20,0,-182
21544,Mar 27 2015,European Championship qual in Slovakia,Slovakia,Luxembourg,1751,1225,3,0,2,-2,1753,1223,26,156,1,-2,27,154,20,0,526
21545,Mar 27 2015,European Championship qual in Slovenia,Slovenia,San Marino,1655,889,6,0,1,-1,1656,888,51,203,0,0,51,203,20,0,766
21546,Mar 27 2015,Friendly in South Korea,South Korea,Uzbekistan,1736,1625,1,1,-5,5,1731,1630,35,52,-2,2,33,54,20,100,211
21547,Mar 27 2015,European Championship qual in Spain,Spain,Ukraine,1954,1825,1,0,8,-8,1962,1817,6,19,0,-1,6,18,40,100,229
21548,Mar 27 2015,European Championship qual in Switzerland,Switzerland,Estonia,1793,1460,3,0,5,-5,1798,1455,21,96,0,0,21,96,40,100,433
21549,Mar 27 2015,Friendly in Trinidad and Tobago,Trinidad and Tobago,Panama,1525,1706,0,1,-8,8,1517,1714,80,38,-3,1,77,39,20,100,-81
21550,Mar 28 2015,European Championship qual in Andorra,Andorra,Bosnia and Herzegovina,976,1710,0,3,-2,2,974,1712,192,40,0,0,192,40,40,100,-634
21551,Mar 28 2015,Friendly in the United States,Argentina,El Salvador,2050,1508,2,0,1,-1,2051,1507,3,79,0,1,3,80,20,0,542
21552,Mar 28 2015,European Championship qual in Azerbaijan,Azerbaijan,Malta,1405,1234,2,0,10,-10,1415,1224,105,156,2,-4,107,152,40,100,271
21553,Mar 28 2015,European Championship qual in Belgium,Belgium,Cyprus,1899,1406,5,0,3,-3,1902,1403,12,110,0,-1,12,109,30,0,493
21554,Mar 28 2015,European Championship qual in Bulgaria,Bulgaria,Italy,1606,1885,2,2,9,-9,1615,1876,56,14,2,0,58,14,40,100,-179
21555,Mar 28 2015,European Championship qual in Croatia,Croatia,Norway,1825,1626,5,1,11,-11,1836,1615,17,60,0,-2,17,58,40,100,299
21556,Mar 28 2015,European Championship qual in Czechia,Czechia,Latvia,1805,1444,1,1,-17,17,1788,1461,24,88,-2,7,22,95,40,100,461
21557,Mar 28 2015,Friendly in Hong Kong,Hong Kong,Guam,1152,806,1,0,1,-1,1153,805,169,209,0,0,169,209,20,100,446
21558,Mar 28 2015,Friendly in the United Arab Emirates,Iraq,DR Congo,1509,1509,2,1,10,-10,1519,1499,71,83,4,-2,75,81,20,0,0
21559,Mar 28 2015,European Championship qual in Israel,Israel,Wales,1684,1621,0,3,-50,50,1634,1671,63,35,-10,11,53,46,40,100,163
21560,Mar 28 2015,European Championship qual in Kazakhstan,Kazakhstan,Iceland,1356,1663,0,3,-16,16,1340,1679,127,38,-2,5,125,43,40,100,-207
21561,Mar 28 2015,Friendly in Mauritius,Mauritius,Togo,1027,1443,1,1,7,-7,1034,1436,187,105,0,-1,187,104,20,100,-316
21562,Mar 28 2015,Friendly in the United States,Mexico,Ecuador,1893,1847,1,0,9,-9,1902,1838,11,16,1,0,12,16,20,0,46
21563,Mar 28 2015,Friendly in Morocco,Morocco,Uruguay,1545,1908,0,1,-4,4,1541,1912,69,9,0,1,69,10,20,100,-263
21564,Mar 28 2015,European Championship qual in the Netherlands,Netherlands,Turkey,2030,1685,1,1,-17,17,2013,1702,6,40,-1,1,5,41,40,100,445
21565,Mar 28 2015,Friendly in France,Senegal,Ghana,1647,1752,2,1,13,-13,1660,1739,48,32,2,-2,50,30,20,0,-105
21566,Mar 29 2015,European Championship qual in Albania,Albania,Armenia,1578,1550,2,1,13,-13,1591,1537,64,72,0,-2,64,70,40,100,128
21567,Mar 29 2015,World Cup qualifier in Anguilla,Anguilla,Nicaragua,573,1107,0,3,-5,5,568,1112,233,174,0,1,233,175,40,100,-434
21568,Mar 29 2015,World Cup qualifier in Bermuda,Bermuda,Bahamas,1231,911,3,0,6,-6,1237,905,146,202,1,-1,147,201,40,100,420
21569,Mar 29 2015,Friendly in Botswana,Botswana,Mozambique,1309,1378,1,2,-11,11,1298,1389,132,112,0,1,132,113,20,100,31
21570,Mar 29 2015,Friendly in England,Brazil,Chile,2058,1943,1,0,7,-7,2065,1936,2,8,0,0,2,8,20,0,115
21571,Mar 29 2015,World Cup qualifier in the Cayman Islands,Cayman Islands,Belize,950,1124,1,1,4,-4,954,1120,192,175,2,-1,194,174,40,100,-74
21572,Mar 29 2015,World Cup qualifier in Dominica,Dominica,British Virgin Islands,953,609,0,0,-17,17,936,626,202,224,-4,3,198,227,40,100,444
21573,Mar 29 2015,Friendly in France,France,Denmark,1949,1764,2,0,5,-5,1954,1759,7,27,0,-1,7,26,20,100,285
21574,Mar 29 2015,European Championship qual in Georgia,Georgia,Germany,1472,2125,0,2,-2,2,1470,2127,94,1,-1,0,93,1,30,100,-553
21575,Mar 29 2015,Friendly in Guyana,Guyana,Grenada,1229,1158,2,0,8,-8,1237,1150,145,170,2,-1,147,169,20,100,171
21576,Mar 29 2015,CONCACAF Champ qual in Honduras,Honduras,French Guiana,1496,1316,3,0,12,-12,1508,1304,78,131,3,0,81,131,40,100,280
21577,Mar 29 2015,European Championship qual in Hungary,Hungary,Greece,1658,1672,0,0,-5,5,1653,1677,53,43,-1,1,52,44,40,100,86
21578,Mar 29 2015,European Championship qual in Ireland,Ireland,Poland,1732,1728,1,1,-6,6,1726,1734,40,29,-4,3,36,32,40,100,104
21579,Mar 29 2015,Friendly in Ivory Coast,Ivory Coast,Equatorial Guinea,1748,1383,1,1,-9,9,1739,1392,30,111,-1,1,29,112,20,100,465
21580,Mar 29 2015,European Championship qual in Northern Ireland,Northern Ireland,Finland,1498,1631,2,1,22,-22,1520,1609,68,64,7,-5,75,59,40,100,-33
21581,Mar 29 2015,European Championship qual in Portugal,Portugal,Serbia,1910,1726,2,1,7,-7,1917,1719,9,39,1,-1,10,38,40,100,284
21582,Mar 29 2015,European Championship qual in Romania,Romania,Faroe Islands,1786,1225,1,0,1,-1,1787,1224,23,151,0,0,23,151,20,0,561
21583,Mar 29 2015,European Championship qual in Scotland,Scotland,Gibraltar,1727,1132,6,1,1,-1,1728,1131,34,171,1,0,35,171,20,0,595
21584,Mar 29 2015,Friendly in South Africa,South Africa,Nigeria,1602,1661,1,1,-1,1,1601,1662,63,49,-1,0,62,49,20,100,41
21585,Mar 29 2015,Friendly in Tanzania,Tanzania,Malawi,1347,1357,1,1,-3,3,1344,1360,125,119,-1,1,124,120,20,100,90
21586,Mar 29 2015,Friendly in Zambia,Zambia,Rwanda,1493,1394,2,0,7,-7,1500,1387,81,116,2,-2,83,114,20,100,199
21587,Mar 30 2015,Friendly in Qatar,Algeria,Oman,1666,1527,4,1,11,-11,1677,1516,41,84,3,-5,44,79,20,0,139
21588,Mar 30 2015,Friendly in Bahrain,Bahrain,Philippines,1484,1224,2,1,2,-2,1486,1222,87,157,1,-3,88,154,20,100,360
21589,Mar 30 2015,Friendly in Turkey,Belarus,Gabon,1572,1491,0,0,-2,2,1570,1493,65,86,0,0,65,86,20,0,81
21590,Mar 30 2015,Friendly in the United Arab Emirates,Colombia,Kuwait,2023,1446,3,1,1,-1,2024,1445,4,103,0,-1,4,102,20,0,577
21591,Mar 30 2015,Friendly in Indonesia,Indonesia,Myanmar,1204,1062,2,1,4,-4,1208,1058,158,183,1,0,159,183,20,100,242
21592,Mar 30 2015,Friendly in Jamaica,Jamaica,Cuba,1534,1410,3,0,8,-8,1542,1402,66,110,3,-1,69,109,20,100,224
21593,Mar 30 2015,Friendly in Macedonia,Macedonia,Australia,1460,1736,0,0,5,-5,1465,1731,92,33,2,-1,94,32,20,100,-176
21594,Mar 30 2015,Friendly in Puerto Rico,Puerto Rico,Canada,1059,1518,0,3,-4,4,1055,1522,186,70,-1,4,185,74,20,100,-359
21595,Mar 30 2015,Friendly in Qatar,Qatar,Slovenia,1537,1656,1,0,11,-11,1548,1645,66,53,2,-1,68,52,20,100,-19
21596,Mar 30 2015,Friendly in Saudi Arabia,Saudi Arabia,Jordan,1474,1491,2,1,8,-8,1482,1483,89,92,1,-3,90,89,20,100,83
21597,Mar 30 2015,Friendly in Thailand,Thailand,Cameroon,1368,1608,2,3,-6,6,1362,1614,120,58,-1,1,119,59,20,100,-140
21598,Mar 31 2015,Friendly in the United States,Argentina,Ecuador,2051,1838,2,1,5,-5,2056,1833,3,18,0,-1,3,17,20,0,213
21599,Mar 31 2015,Friendly in Austria,Austria,Bosnia and Herzegovina,1722,1712,1,1,-3,3,1719,1715,37,40,0,0,37,40,20,100,110
21600,Mar 31 2015,Friendly in China,China,Tunisia,1600,1565,1,1,-4,4,1596,1569,63,66,0,0,63,66,20,100,135
21601,Mar 31 2015,Friendly in the United States,El Salvador,Guatemala,1507,1528,0,0,1,-1,1508,1527,80,77,1,-2,81,75,20,0,-21
21602,Mar 31 2015,Friendly in Estonia,Estonia,Iceland,1455,1679,1,1,3,-3,1458,1676,97,49,0,-3,97,46,20,100,-124
21603,Mar 31 2015,Friendly in France,Ghana,Mali,1739,1541,1,1,-5,5,1734,1546,31,68,-1,1,30,69,20,0,198
21604,Mar 31 2015,Friendly in the United Arab Emirates,Iraq,DR Congo,1519,1499,1,0,9,-9,1528,1490,72,90,2,-3,74,87,20,0,20
21605,Mar 31 2015,European Championship qual in Israel,Israel,Belgium,1634,1902,0,1,-11,11,1623,1913,55,8,-1,2,54,10,40,100,-168
21606,Mar 31 2015,Friendly in Italy,Italy,England,1876,1927,1,1,-1,1,1875,1928,14,9,0,0,14,9,20,100,49
21607,Mar 31 2015,Friendly in Japan,Japan,Uzbekistan,1762,1630,5,1,8,-8,1770,1622,23,56,1,-1,24,55,20,100,232
21608,Mar 31 2015,Friendly in Liechtenstein,Liechtenstein,San Marino,1213,888,1,0,2,-2,1215,886,158,203,0,0,158,203,20,100,425
21609,Mar 31 2015,Friendly in Luxembourg,Luxembourg,Turkey,1223,1702,1,2,-2,2,1221,1704,155,41,-1,0,154,41,20,100,-379
21610,Mar 31 2015,Friendly in Mauritania,Mauritania,Niger,1196,1282,2,0,14,-14,1210,1268,156,143,3,-4,159,139,20,100,14
21611,Mar 31 2015,Friendly in the United States,Mexico,Paraguay,1902,1692,1,0,5,-5,1907,1687,12,42,0,0,12,42,20,0,210
21612,Mar 31 2015,World Cup qualifier in Montserrat,Montserrat,Curaçao,618,1088,2,2,16,-16,634,1072,223,182,3,-2,226,180,40,100,-370
21613,Mar 31 2015,Friendly in the Netherlands,Netherlands,Spain,2013,1962,2,0,9,-9,2022,1953,5,8,0,-1,5,7,20,100,151
21614,Mar 31 2015,Friendly in Panama,Panama,Costa Rica,1714,1859,2,1,11,-11,1725,1848,33,15,3,0,36,15,20,100,-45
21615,Mar 31 2015,Friendly in Portugal,Portugal,Cape Verde,1917,1511,0,2,-28,28,1889,1539,16,64,-3,8,13,72,20,100,506
21616,Mar 31 2015,Friendly in Russia,Russia,Kazakhstan,1774,1340,0,0,-9,9,1765,1349,26,121,-1,2,25,123,20,100,534
21617,Mar 31 2015,Friendly in Singapore,Singapore,Guam,1168,805,2,2,-9,9,1159,814,168,207,-1,1,167,208,20,100,463
21618,Mar 31 2015,Friendly in Slovakia,Slovakia,Czechia,1753,1788,1,0,8,-8,1761,1780,25,24,1,-1,26,23,20,100,65
21619,Mar 31 2015,Friendly in South Korea,South Korea,New Zealand,1731,1519,1,0,3,-3,1734,1516,28,82,2,-3,30,79,20,100,312
21620,Mar 31 2015,Friendly in Sweden,Sweden,Iran,1790,1747,3,1,9,-9,1799,1738,19,30,1,-1,20,29,20,100,143
21621,Mar 31 2015,Friendly in Switzerland,Switzerland,United States,1798,1807,1,1,-3,3,1795,1810,22,17,-1,1,21,18,20,100,91
21622,Mar 31 2015,Friendly in Tajikistan,Tajikistan,Syria,1273,1491,2,3,-7,7,1266,1498,141,81,-1,3,140,84,20,100,-118
21623,Mar 31 2015,Friendly in Ukraine,Ukraine,Latvia,1817,1461,1,1,-9,9,1808,1470,20,90,-1,3,19,93,20,100,456
21624,Mar 31 2015,Friendly in the United States,Venezuela,Peru,1675,1730,1,0,12,-12,1687,1718,38,44,4,-5,42,39,20,0,-55
21625,Apr 15 2015,Friendly in the United States,United States,Mexico,1810,1907,2,0,15,-15,1825,1892,18,12,0,0,18,12,20,100,3
21626,Apr 30 2015,Friendly in Suriname,Suriname,Guyana,1244,1237,1,0,7,-7,1251,1230,141,151,1,-2,142,149,20,100,107
21627,May 10 2015,Friendly in Barbados,Barbados,Saint Kitts and Nevis,1127,1216,1,3,-15,15,1112,1231,176,141,-2,8,174,149,20,100,11
21628,May 10 2015,Friendly in Zambia,Zambia,Malawi,1500,1360,2,0,6,-6,1506,1354,83,124,0,-2,83,122,20,100,240
21629,May 12 2015,Friendly in Kazakhstan,Kazakhstan,Burkina Faso,1349,1471,0,0,1,-1,1350,1470,123,92,0,0,123,92,20,100,-22
21630,May 12 2015,Windward Islands Champ in Saint Lucia,Saint Lucia,Dominica,1124,936,1,1,-10,10,1114,946,174,194,-1,2,173,196,30,100,288
21631,May 12 2015,Windward Islands Champ in Saint Lucia,St Vincent & Grenadines,Grenada,1163,1150,3,2,14,-14,1177,1136,162,169,2,0,164,169,30,0,13
21632,May 13 2015,Friendly in the Dominican Republic,Dominican Republic,Cayman Islands,1220,954,6,0,5,-5,1225,949,148,196,4,-1,152,195,20,100,366
21633,May 14 2015,Windward Islands Champ in Saint Lucia,Dominica,Grenada,946,1136,2,1,22,-22,968,1114,190,175,3,-3,193,172,30,0,-190
21634,May 14 2015,Friendly in Lesotho,Lesotho,South Africa,1239,1601,0,0,6,-6,1245,1595,144,64,0,-1,144,63,20,100,-262
21635,May 14 2015,Windward Islands Champ in Saint Lucia,Saint Lucia,St Vincent & Grenadines,1114,1177,1,2,-17,17,1097,1194,181,162,-4,1,177,163,30,100,37
21636,May 16 2015,Friendly in Lesotho,Lesotho,South Africa,1245,1595,1,1,6,-6,1251,1589,140,65,2,-1,142,64,20,100,-250
21637,May 16 2015,Windward Islands Champ in Saint Lucia,Saint Lucia,Grenada,1097,1114,0,2,-28,28,1069,1142,185,166,-4,3,181,169,30,100,83
21638,May 16 2015,Windward Islands Champ in Saint Lucia,St Vincent & Grenadines,Dominica,1194,968,1,0,6,-6,1200,962,161,195,1,-1,162,194,30,0,226
21639,May 17 2015,COSAFA Cup in South Africa,Namibia,Seychelles,1286,981,0,0,-14,14,1272,995,140,187,-3,2,137,189,40,0,305
21640,May 17 2015,Friendly in Vietnam,Vietnam,North Korea,1236,1446,1,1,3,-3,1239,1443,142,103,3,-1,145,102,20,100,-110
21641,May 17 2015,COSAFA Cup in South Africa,Zimbabwe,Mauritius,1360,1034,2,0,8,-8,1368,1026,116,187,2,0,118,187,40,0,326
21642,May 18 2015,COSAFA Cup in South Africa,Madagascar,Lesotho,1192,1251,2,1,23,-23,1215,1228,152,158,6,-8,158,150,40,0,-59
21643,May 18 2015,COSAFA Cup in South Africa,Swaziland,Tanzania,1136,1344,1,0,31,-31,1167,1313,164,135,3,-5,167,130,40,0,-208
21644,May 19 2015,COSAFA Cup in South Africa,Namibia,Mauritius,1272,1026,2,0,12,-12,1284,1014,131,187,3,0,134,187,40,0,246
21645,May 19 2015,COSAFA Cup in South Africa,Zimbabwe,Seychelles,1368,995,1,0,4,-4,1372,991,118,193,0,-2,118,191,40,0,373
21646,May 20 2015,Friendly in the Netherlands,Curaçao,Suriname,1072,1251,3,2,15,-15,1087,1236,175,154,2,-6,177,148,20,0,-179
21647,May 20 2015,COSAFA Cup in South Africa,Madagascar,Tanzania,1215,1313,2,0,38,-38,1253,1275,126,142,16,-6,142,136,40,0,-98
21648,May 20 2015,COSAFA Cup in South Africa,Swaziland,Lesotho,1167,1228,2,0,35,-35,1202,1193,157,180,5,-15,162,165,40,0,-61
21649,May 20 2015,Friendly in Thailand,Thailand,North Korea,1362,1443,0,1,-11,11,1351,1454,124,96,-2,3,122,99,20,100,19
21650,May 21 2015,COSAFA Cup in South Africa,Mauritius,Seychelles,1014,991,1,0,19,-19,1033,972,187,193,0,-1,187,192,40,0,23
21651,May 21 2015,COSAFA Cup in South Africa,Namibia,Zimbabwe,1284,1372,4,1,44,-44,1328,1328,121,136,6,-9,127,127,40,0,-88
21652,May 22 2015,COSAFA Cup in South Africa,Lesotho,Tanzania,1193,1275,1,0,25,-25,1218,1250,151,146,7,-5,158,141,40,0,-82
21653,May 22 2015,COSAFA Cup in South Africa,Madagascar,Swaziland,1253,1202,1,1,-3,3,1250,1205,140,164,1,-1,141,163,40,0,51
21654,May 22 2015,Friendly in South Africa,South Africa,Malawi,1589,1354,2,1,3,-3,1592,1351,62,120,1,0,63,120,20,100,335
21655,May 24 2015,Friendly in Lebanon,Lebanon,Syria,1402,1498,2,2,0,0,1402,1498,109,82,0,1,109,83,20,100,4
21656,May 24 2015,COSAFA Cup in South Africa,Namibia,Zambia,1328,1506,0,0,9,-9,1337,1497,123,87,2,-2,125,85,40,0,-178
21657,May 24 2015,COSAFA Cup in South Africa,South Africa,Botswana,1592,1298,0,0,-16,16,1576,1314,65,130,-1,1,64,131,40,100,394
21658,May 24 2015,World Cup & Asian Cup qual in Thailand,Thailand,Vietnam,1351,1239,1,0,9,-9,1360,1230,118,154,1,-5,119,149,40,100,212
21659,May 25 2015,COSAFA Cup in South Africa,Madagascar,Ghana,1250,1734,2,1,38,-38,1288,1696,127,52,7,-11,134,41,40,0,-484
21660,May 25 2015,COSAFA Cup in South Africa,Malawi,Mozambique,1351,1389,2,2,2,-2,1353,1387,121,113,0,0,121,113,30,0,-38
21661,May 27 2015,COSAFA Cup in South Africa,South Africa,Malawi,1576,1353,0,0,-15,15,1561,1368,68,115,-2,3,66,118,40,100,323
21662,May 27 2015,COSAFA Cup in South Africa,Zambia,Ghana,1497,1696,3,0,53,-53,1550,1643,51,63,17,-11,68,52,40,0,-199
21663,May 28 2015,COSAFA Cup in South Africa,Mozambique,Botswana,1387,1314,2,1,16,-16,1403,1298,103,133,5,-1,108,132,40,0,73
21664,May 28 2015,COSAFA Cup in South Africa,Namibia,Madagascar,1337,1288,3,2,17,-17,1354,1271,119,140,3,-3,122,137,40,0,49
21665,May 29 2015,Friendly in Laos,Laos,Afghanistan,837,1084,0,2,-9,9,828,1093,207,176,0,1,207,177,20,100,-147
21666,May 29 2015,COSAFA Cup in South Africa,Malawi,Zambia,1368,1550,1,0,30,-30,1398,1520,108,86,5,-9,113,77,40,0,-182
21667,May 30 2015,Friendly in Bahrain,Bahrain,Oman,1486,1516,0,0,-2,2,1484,1518,88,78,0,1,88,79,20,100,70
21668,May 30 2015,Friendly in Bangladesh,Bangladesh,Singapore,952,1159,1,2,-7,7,945,1166,199,168,-2,0,197,168,20,100,-107
21669,May 30 2015,Friendly in Jordan,Jordan,Lebanon,1483,1402,0,0,-5,5,1478,1407,93,106,-2,2,91,108,20,100,181
21670,May 30 2015,COSAFA Cup in South Africa,Madagascar,Botswana,1271,1298,2,1,22,-22,1293,1276,129,140,4,-4,133,136,40,0,-27
21671,May 30 2015,Friendly in Mexico,Mexico,Guatemala,1892,1527,3,0,2,-2,1894,1525,12,75,0,0,12,75,20,100,465
21672,May 30 2015,COSAFA Cup in South Africa,Namibia,Mozambique,1354,1403,2,0,34,-34,1388,1369,106,130,8,-11,114,119,40,0,-49
21673,May 31 2015,Friendly in the United States,Honduras,El Salvador,1508,1508,2,0,15,-15,1523,1493,70,88,6,-3,76,85,20,0,0
21674,May 31 2015,Friendly in England,Northern Ireland,Qatar,1520,1548,1,1,1,-1,1521,1547,79,68,-1,0,78,68,20,0,-28
21675,Jun 2 2015,Friendly in Bangladesh,Bangladesh,Afghanistan,945,1093,1,1,1,-1,946,1092,195,177,1,0,196,177,20,100,-48
21676,Jun 2 2015,Friendly in Cambodia,Cambodia,Laos,734,828,1,1,0,0,734,828,214,207,0,0,214,207,20,100,6
21677,Jun 3 2015,Friendly in Panama,Panama,Ecuador,1725,1833,1,1,0,0,1725,1833,35,17,0,0,35,17,20,100,-8
21678,Jun 3 2015,Friendly in Peru,Peru,Mexico,1718,1894,1,1,2,-2,1720,1892,34,12,2,0,36,12,20,100,-76
21679,Jun 4 2015,Friendly in Ireland,Ireland,Northern Ireland,1726,1521,0,0,-7,7,1719,1528,38,70,-2,4,36,74,20,100,305
21680,Jun 5 2015,Friendly in Bermuda,Bermuda,Puerto Rico,1237,1055,1,1,-7,7,1230,1062,150,181,-2,2,148,183,20,100,282
21681,Jun 5 2015,Friendly in Thailand,Cambodia,Myanmar,734,1058,1,0,17,-17,751,1041,214,189,0,-3,214,186,20,0,-324
21682,Jun 5 2015,Friendly in Chile,Chile,El Salvador,1936,1493,1,0,1,-1,1937,1492,8,87,0,-1,8,86,20,0,443
21683,Jun 5 2015,Friendly in Curaçao,Curaçao,Trinidad and Tobago,1087,1517,1,0,17,-17,1104,1500,174,85,2,-2,176,83,20,100,-330
21684,Jun 5 2015,Friendly in Hungary,Hungary,Lithuania,1653,1464,4,0,6,-6,1659,1458,50,96,0,0,50,96,20,100,289
21685,Jun 5 2015,Friendly in Turkey,Jordan,Kuwait,1478,1445,2,2,-1,1,1477,1446,91,102,0,0,91,102,20,0,33
21686,Jun 5 2015,Friendly in the Netherlands,Netherlands,United States,2022,1825,3,4,-17,17,2005,1842,5,14,0,2,5,16,20,100,297
21687,Jun 5 2015,Friendly in Oman,Oman,Syria,1518,1498,1,2,-13,13,1505,1511,84,79,-2,2,82,81,20,100,120
21688,Jun 5 2015,Friendly in Scotland,Scotland,Qatar,1728,1547,1,0,3,-3,1731,1544,31,70,1,-1,32,69,20,100,281
21689,Jun 5 2015,Friendly in Thailand,Thailand,Bahrain,1360,1484,1,1,1,-1,1361,1483,121,88,0,0,121,88,20,100,-24
21690,Jun 6 2015,Friendly in Andorra,Andorra,Equatorial Guinea,974,1392,0,1,-3,3,971,1395,193,113,-1,0,192,113,20,100,-318
21691,Jun 6 2015,Friendly tournament in Argentina,Argentina,Bolivia,2056,1628,5,0,3,-3,2059,1625,3,53,0,0,3,53,20,0,428
21692,Jun 6 2015,Friendly in France,Cameroon,Burkina Faso,1614,1470,3,2,6,-6,1620,1464,53,98,3,-3,56,95,20,0,144
21693,Jun 6 2015,Friendly in France,Chad,Guinea,1246,1557,2,1,17,-17,1263,1540,139,75,2,-4,141,71,20,0,-311
21694,Jun 6 2015,Friendly in Argentina,Colombia,Costa Rica,2024,1848,1,0,5,-5,2029,1843,4,15,0,0,4,15,20,0,176
21695,Jun 6 2015,Friendly in Ecuador,Ecuador,Panama,1833,1725,4,0,9,-9,1842,1716,14,42,2,-4,16,38,20,100,208
21696,Jun 6 2015,Friendly in Morocco,Libya,Mali,1482,1546,2,2,2,-2,1484,1544,85,66,2,1,87,67,20,0,-64
21697,Jun 6 2015,Friendly in Malaysia,Malaysia,Hong Kong,1220,1153,0,0,-4,4,1216,1157,159,169,-1,0,158,169,20,100,167
21698,Jun 6 2015,Friendly in Niger,Niger,Gabon,1268,1493,2,1,13,-13,1281,1480,129,95,5,-5,134,90,20,100,-125
21699,Jun 6 2015,Friendly in Paraguay,Paraguay,Honduras,1687,1523,2,2,-6,6,1681,1529,43,71,-1,3,42,74,20,100,264
21700,Jun 6 2015,Friendly tournament in Rwanda,Rwanda,Kenya,1387,1374,0,0,-5,5,1382,1379,115,115,0,1,115,116,30,100,113
21701,Jun 6 2015,Friendly in Singapore,Singapore,Brunei,1166,612,5,1,1,-1,1167,611,168,230,0,0,168,230,20,0,554
21702,Jun 6 2015,Friendly in Uruguay,Uruguay,Guatemala,1912,1525,5,1,2,-2,1914,1523,9,78,1,-1,10,77,20,100,487
21703,Jun 7 2015,Friendly in Brazil,Brazil,Mexico,2065,1892,2,0,5,-5,2070,1887,2,14,0,-1,2,13,20,100,273
21704,Jun 7 2015,Friendly in Croatia,Croatia,Gibraltar,1836,1131,4,0,0,0,1836,1131,18,173,0,-1,18,172,20,100,805
21705,Jun 7 2015,Friendly in Ethiopia,Ethiopia,Zambia,1347,1520,0,1,-8,8,1339,1528,124,71,0,4,124,75,20,100,-73
21706,Jun 7 2015,Friendly in France,France,Belgium,1954,1913,3,4,-14,14,1940,1927,8,7,-1,2,7,9,20,100,141
21707,Jun 7 2015,Friendly in Ireland,Ireland,England,1719,1928,0,0,3,-3,1722,1925,35,11,0,-1,35,10,20,100,-109
21708,Jun 7 2015,Friendly tournament in Rwanda,Kenya,South Sudan,1379,1064,2,0,6,-6,1385,1058,114,184,1,-1,115,183,30,0,315
21709,Jun 7 2015,World Cup qualifier in Nicaragua,Nicaragua,Suriname,1112,1236,1,0,21,-21,1133,1215,169,170,2,-12,171,158,40,100,-24
21710,Jun 7 2015,Friendly in Russia,Russia,Belarus,1765,1570,4,2,5,-5,1770,1565,23,66,1,-1,24,65,20,100,295
21711,Jun 7 2015,Friendly in Austria,Serbia,Azerbaijan,1719,1415,4,1,5,-5,1724,1410,33,107,1,0,34,107,20,0,304
21712,Jun 8 2015,Friendly in Denmark,Denmark,Montenegro,1759,1602,2,1,4,-4,1763,1598,25,61,1,0,26,61,20,100,257
21713,Jun 8 2015,Friendly in Egypt,Egypt,Malawi,1620,1398,2,1,3,-3,1623,1395,52,112,2,0,54,112,20,100,322
21714,Jun 8 2015,Friendly in Ghana,Ghana,Togo,1643,1436,1,0,3,-3,1646,1433,50,104,1,0,51,104,20,100,307
21715,Jun 8 2015,Friendly in Malta,Malta,Lithuania,1224,1458,2,0,21,-21,1245,1437,136,110,8,-7,144,103,20,100,-134
21716,Jun 8 2015,Friendly in Norway,Norway,Sweden,1615,1799,0,0,2,-2,1617,1797,58,20,0,0,58,20,20,100,-84
21717,Jun 8 2015,Friendly in Turkey,Turkey,Bulgaria,1704,1615,4,0,9,-9,1713,1606,40,62,0,-2,40,60,20,100,189
21718,Jun 9 2015,Friendly in Belgium,Cameroon,DR Congo,1620,1490,1,1,-4,4,1616,1494,59,82,-1,2,58,84,20,0,130
21719,Jun 9 2015,Friendly in Finland,Finland,Estonia,1609,1458,0,2,-24,24,1585,1482,67,82,-4,7,63,89,20,100,251
21720,Jun 9 2015,Friendly in Luxembourg,Luxembourg,Moldova,1221,1399,0,0,2,-2,1223,1397,153,111,1,0,154,111,20,100,-78
21721,Jun 9 2015,Friendly in Uganda,Uganda,Gambia,1498,1338,1,1,-6,6,1492,1344,86,123,-1,1,85,124,20,100,260
21722,Jun 9 2015,Friendly in Austria,Ukraine,Georgia,1808,1470,2,1,3,-3,1811,1467,19,96,0,-2,19,94,20,0,338
21723,Jun 10 2015,World Cup qualifier in Antigua and Barbuda,Antigua and Barbuda,Saint Lucia,1271,1069,1,3,-51,51,1220,1120,171,167,-16,7,155,174,40,100,302
21724,Jun 10 2015,World Cup qualifier in Aruba,Aruba,Barbados,940,1112,0,2,-24,24,916,1136,200,168,-1,3,199,171,40,100,-72
21725,Jun 10 2015,Friendly in Brazil,Brazil,Honduras,2070,1529,1,0,0,0,2070,1529,2,74,0,0,2,74,20,100,641
21726,Jun 10 2015,World Cup qualifier in Curaçao,Curaçao,Cuba,1104,1402,0,0,10,-10,1114,1392,176,116,0,-3,176,113,30,0,-298
21727,Jun 10 2015,Friendly in Germany,Germany,United States,2127,1842,1,2,-18,18,2109,1860,1,14,0,1,1,15,20,100,385
21728,Jun 10 2015,World Cup qualifier in St Vincent & Grenadines,St Vincent & Grenadines,Guyana,1200,1230,2,2,-4,4,1196,1234,166,144,-1,2,165,146,40,100,70
21729,Jun 10 2015,Friendly in Switzerland,Switzerland,Liechtenstein,1795,1215,3,0,1,-1,1796,1214,21,160,0,-1,21,159,20,0,580
21730,Jun 11 2015,World Cup & Asian Cup qual in Bangladesh,Bangladesh,Kyrgyzstan,946,1100,1,3,-25,25,921,1125,200,172,-2,3,198,175,40,100,-54
21731,Jun 11 2015,World Cup & Asian Cup qual in Cambodia,Cambodia,Singapore,751,1167,0,4,-10,10,741,1177,214,164,0,2,214,166,40,100,-316
21732,Jun 11 2015,Copa América in Chile,Chile,Ecuador,1937,1842,2,0,18,-18,1955,1824,6,19,1,-1,7,18,50,100,195
21733,Jun 11 2015,World Cup qualifier in Dominica,Dominica,Canada,962,1522,0,2,-4,4,958,1526,194,75,0,2,194,77,40,100,-460
21734,Jun 11 2015,World Cup qualifier in the Dominican Republic,Dominican Republic,Belize,1225,1120,1,2,-31,31,1194,1151,179,166,-14,4,165,170,40,100,205
21735,Jun 11 2015,World Cup & Asian Cup qual in Guam,Guam,Turkmenistan,814,1261,1,0,35,-35,849,1226,206,159,1,-9,207,150,40,100,-347
21736,Jun 11 2015,World Cup & Asian Cup qual in Hong Kong,Hong Kong,Bhutan,1157,585,7,0,2,-2,1159,583,169,231,0,0,169,231,20,0,572
21737,Jun 11 2015,World Cup & Asian Cup qual in India,India,Oman,1072,1505,1,2,-5,5,1067,1510,181,82,0,0,181,82,40,100,-333
21738,Jun 11 2015,Friendly in Japan,Japan,Iraq,1770,1528,4,0,5,-5,1775,1523,24,81,0,-3,24,78,20,100,342
21739,Jun 11 2015,World Cup & Asian Cup qual in Laos,Laos,Myanmar,828,1041,2,2,6,-6,834,1035,209,186,-1,0,208,186,40,100,-113
21740,Jun 11 2015,World Cup & Asian Cup qual in Lebanon,Lebanon,Kuwait,1407,1446,0,1,-23,23,1384,1469,122,85,-7,8,115,93,40,100,61
21741,Jun 11 2015,World Cup & Asian Cup qual in Malaysia,Malaysia,East Timor,1216,700,1,1,-19,19,1197,719,169,214,-6,2,163,216,40,100,616
21742,Jun 11 2015,World Cup & Asian Cup qual in the Maldives,Maldives,Qatar,1057,1544,0,1,-4,4,1053,1548,184,67,0,0,184,67,40,100,-387
21743,Jun 11 2015,World Cup & Asian Cup qual in Qatar,North Korea,Yemen,1454,1208,1,0,8,-8,1462,1200,96,161,1,0,97,161,40,0,246
21744,Jun 11 2015,World Cup & Asian Cup qual in the Philippines,Philippines,Bahrain,1222,1483,2,1,29,-29,1251,1454,126,110,14,-11,140,99,40,100,-161
21745,Jun 11 2015,World Cup & Asian Cup qual in Saudi Arabia,Saudi Arabia,Palestine,1482,1274,3,2,6,-6,1488,1268,85,138,2,0,87,138,40,100,308
21746,Jun 11 2015,Friendly in Malaysia,South Korea,United Arab Emirates,1734,1666,3,0,14,-14,1748,1652,26,53,2,-3,28,50,20,0,68
21747,Jun 11 2015,Friendly in Spain,Spain,Costa Rica,1953,1843,2,1,5,-5,1958,1838,6,16,0,0,6,16,20,100,210
21748,Jun 11 2015,World Cup qualifier in Saint Kitts and Nevis,Saint Kitts and Nevis,El Salvador,1231,1492,2,2,9,-9,1240,1483,141,93,3,-4,144,89,40,100,-161
21749,Jun 11 2015,World Cup & Asian Cup qual in Iran,Syria,Afghanistan,1511,1092,6,0,7,-7,1518,1085,79,179,1,0,80,179,40,0,419
21750,Jun 11 2015,World Cup & Asian Cup qual in Tajikistan,Tajikistan,Jordan,1266,1477,1,3,-21,21,1245,1498,145,76,-3,8,142,84,40,100,-111
21751,Jun 11 2015,Friendly in Uzbekistan,Uzbekistan,Iran,1622,1738,0,1,-10,10,1612,1748,60,27,-2,1,58,28,20,100,-16
21752,Jun 12 2015,European Championship qual in Andorra,Andorra,Cyprus,971,1403,1,3,-8,8,963,1411,192,108,0,0,192,108,40,100,-332
21753,Jun 12 2015,Copa América in Chile,Bolivia,Mexico,1625,1887,0,0,16,-16,1641,1871,53,15,0,-1,53,14,50,0,-262
21754,Jun 12 2015,European Championship qual in Bosnia and Herzegovina,Bosnia and Herzegovina,Israel,1715,1623,3,1,15,-15,1730,1608,29,62,5,-4,34,58,40,100,192
21755,Jun 12 2015,European Championship qual in Croatia,Croatia,Italy,1836,1875,1,1,-3,3,1833,1878,17,12,0,1,17,13,30,100,61
21756,Jun 12 2015,World Cup qualifier in Guatemala,Guatemala,Bermuda,1523,1230,0,0,-16,16,1507,1246,84,136,-3,6,81,142,40,100,393
21757,Jun 12 2015,European Championship qual in Iceland,Iceland,Czechia,1676,1780,2,1,20,-20,1696,1760,39,31,3,-4,42,27,40,100,-4
21758,Jun 12 2015,European Championship qual in Kazakhstan,Kazakhstan,Turkey,1350,1713,0,1,-7,7,1343,1720,125,34,-1,3,124,37,40,100,-263
21759,Jun 12 2015,European Championship qual in Latvia,Latvia,Netherlands,1470,2005,0,2,-5,5,1465,2010,96,5,-2,0,94,5,40,100,-435
21760,Jun 12 2015,European Championship qual in Malta,Malta,Bulgaria,1245,1606,0,1,-7,7,1238,1613,150,53,-4,3,146,56,40,100,-261
21761,Jun 12 2015,African Nations Cup qualifier in Morocco,Morocco,Libya,1541,1484,1,0,12,-12,1553,1472,64,94,3,-3,67,91,40,100,157
21762,Jun 12 2015,European Championship qual in Norway,Norway,Azerbaijan,1617,1410,0,0,-14,14,1603,1424,62,105,-3,1,59,106,40,100,307
21763,Jun 12 2015,World Cup qualifier in Puerto Rico,Puerto Rico,Grenada,1062,1142,1,0,19,-19,1081,1123,178,179,2,-4,180,175,40,100,20
21764,Jun 12 2015,African Nations Cup qualifier in Morocco,Swaziland,Guinea,1205,1540,2,1,35,-35,1240,1505,128,93,16,-11,144,82,40,0,-335
21765,Jun 12 2015,African Nations Cup qualifier in Tunisia,Tunisia,Djibouti,1569,789,8,1,1,-1,1570,788,64,210,0,0,64,210,30,0,780
21766,Jun 12 2015,European Championship qual in Wales,Wales,Belgium,1671,1927,1,0,28,-28,1699,1899,36,13,5,-2,41,11,40,100,-156
21767,Jun 13 2015,Friendly in Albania,Albania,France,1591,1940,1,0,16,-16,1607,1924,56,10,3,-1,59,9,20,100,-249
21768,Jun 13 2015,African Nations Cup qualifier in Algeria,Algeria,Seychelles,1677,972,4,0,1,-1,1678,971,47,191,-1,0,46,191,20,0,705
21769,Jun 13 2015,African Nations Cup qualifier in Angola,Angola,Central African Republic,1438,1238,4,0,11,-11,1449,1227,102,156,0,-5,102,151,40,100,300
21770,Jun 13 2015,Copa América in Chile,Argentina,Paraguay,2059,1681,2,2,-20,20,2039,1701,3,38,0,3,3,41,50,0,378
21771,Jun 13 2015,European Championship qual in Armenia,Armenia,Portugal,1537,1889,2,3,-8,8,1529,1897,74,12,-1,0,73,12,40,100,-252
21772,Jun 13 2015,African Nations Cup qualifier in Burkina Faso,Burkina Faso,Comoros,1464,896,2,0,1,-1,1465,895,90,202,3,0,93,202,20,0,568
21773,Jun 13 2015,African Nations Cup qualifier in Cape Verde,Cape Verde,São Tomé and Príncipe,1539,1077,7,1,3,-3,1542,1074,69,181,1,0,70,181,20,0,462
21774,Jun 13 2015,European Championship qual in Denmark,Denmark,Serbia,1763,1724,2,0,19,-19,1782,1705,19,45,3,-5,22,40,40,100,139
21775,Jun 13 2015,European Championship qual in the Faroe Islands,Faroe Islands,Greece,1224,1677,2,1,35,-35,1259,1642,127,59,13,-7,140,52,40,100,-353
21776,Jun 13 2015,European Championship qual in Finland,Finland,Hungary,1585,1659,0,1,-21,21,1564,1680,67,41,-2,4,65,45,40,100,26
21777,Jun 13 2015,European Championship qual in Portugal,Germany,Gibraltar,2109,1131,7,0,0,0,2109,1131,1,173,0,0,1,173,20,0,978
21778,Jun 13 2015,European Championship qual in Ireland,Ireland,Scotland,1722,1731,1,1,-5,5,1717,1736,40,32,-2,0,38,32,40,100,91
21779,Jun 13 2015,African Nations Cup qualifier in Malawi,Malawi,Zimbabwe,1395,1328,1,2,-29,29,1366,1357,128,118,-9,5,119,123,40,100,167
21780,Jun 13 2015,African Nations Cup qualifier in Mali,Mali,South Sudan,1544,1058,2,0,2,-2,1546,1056,69,183,0,0,69,183,20,0,486
21781,Jun 13 2015,African Nations Cup qualifier in Nigeria,Nigeria,Chad,1662,1263,2,0,3,-3,1665,1260,47,139,0,0,47,139,20,0,399
21782,Jun 13 2015,European Championship qual in Northern Ireland,Northern Ireland,Romania,1528,1787,0,0,9,-9,1537,1778,68,24,3,-1,71,23,30,0,-259
21783,Jun 13 2015,European Championship qual in Poland,Poland,Georgia,1734,1467,4,0,8,-8,1742,1459,29,101,1,-4,30,97,40,100,367
21784,Jun 13 2015,African Nations Cup qualifier in Senegal,Senegal,Burundi,1660,1317,3,1,4,-4,1664,1313,48,130,0,0,48,130,20,0,343
21785,Jun 13 2015,African Nations Cup qualifier in South Africa,South Africa,Gambia,1561,1344,0,0,-14,14,1547,1358,70,121,-2,1,68,122,40,100,317
21786,Jun 13 2015,African Nations Cup qualifier in Uganda,Uganda,Botswana,1492,1276,2,0,8,-8,1500,1268,80,137,3,0,83,137,40,100,316
21787,Jun 13 2015,Copa América in Chile,Uruguay,Jamaica,1914,1542,1,0,5,-5,1919,1537,10,72,0,-1,10,71,50,0,372
21788,Jun 13 2015,African Nations Cup qualifier in Zambia,Zambia,Guinea-Bissau,1528,1238,0,0,-16,16,1512,1254,84,136,-5,5,79,141,40,100,390
21789,Jun 14 2015,World Cup qualifier in Antigua and Barbuda,Antigua and Barbuda,Saint Lucia,1220,1120,4,1,17,-17,1237,1103,143,180,6,-2,149,178,40,100,200
21790,Jun 14 2015,World Cup qualifier in Barbados,Barbados,Aruba,1136,916,1,0,5,-5,1141,911,171,199,0,0,171,199,40,100,320
21791,Jun 14 2015,European Championship qual in Belarus,Belarus,Spain,1565,1958,0,1,-6,6,1559,1964,66,6,-1,0,65,6,40,100,-293
21792,Jun 14 2015,World Cup qualifier in Belize,Belize,Dominican Republic,1151,1194,3,0,29,-29,1180,1165,160,173,5,-4,165,169,30,0,-43
21793,Jun 14 2015,Copa América in Chile,Brazil,Peru,2070,1720,2,1,6,-6,2076,1714,2,45,0,-5,2,40,50,0,350
21794,Jun 14 2015,African Nations Cup qualifier in Cameroon,Cameroon,Mauritania,1616,1210,1,0,2,-2,1618,1208,55,159,0,0,55,159,20,0,406
21795,Jun 14 2015,African Nations Cup qualifier in Congo,Congo,Kenya,1451,1385,1,1,-9,9,1442,1394,103,107,-1,3,102,110,40,100,166
21796,Jun 14 2015,World Cup qualifier in Cuba,Cuba,Curaçao,1392,1114,1,1,-16,16,1376,1130,119,171,-4,3,115,174,40,100,378
21797,Jun 14 2015,African Nations Cup qualifier in the Dem Rep of the Congo,DR Congo,Madagascar,1494,1293,2,1,6,-6,1500,1287,80,133,3,0,83,133,40,100,301
21798,Jun 14 2015,African Nations Cup qualifier in Egypt,Egypt,Tanzania,1623,1250,3,0,4,-4,1627,1246,54,143,0,0,54,143,20,0,373
21799,Jun 14 2015,African Nations Cup qualifier in Equatorial Guinea,Equatorial Guinea,Benin,1395,1373,1,1,-7,7,1388,1380,114,111,-2,3,112,114,40,100,122
21800,Jun 14 2015,European Championship qual in Estonia,Estonia,San Marino,1482,886,2,0,1,-1,1483,885,89,203,0,0,89,203,20,0,596
21801,Jun 14 2015,African Nations Cup qualifier in Ethiopia,Ethiopia,Lesotho,1339,1218,2,1,9,-9,1348,1209,124,160,1,-2,125,158,40,100,221
21802,Jun 14 2015,Friendly in Gabon,Gabon,Ivory Coast,1480,1739,0,0,4,-4,1484,1735,86,35,2,-2,88,33,20,100,-159
21803,Jun 14 2015,African Nations Cup qualifier in Ghana,Ghana,Mauritius,1646,1033,7,1,1,-1,1647,1032,50,187,0,0,50,187,20,0,613
21804,Jun 14 2015,World Cup qualifier in Guyana,Guyana,St Vincent & Grenadines,1234,1196,4,4,-8,8,1226,1204,155,158,-3,3,152,161,40,100,138
21805,Jun 14 2015,European Championship qual in Liechtenstein,Liechtenstein,Moldova,1214,1397,1,1,5,-5,1219,1392,154,113,2,-2,156,111,20,0,-183
21806,Jun 14 2015,European Championship qual in Lithuania,Lithuania,Switzerland,1437,1796,1,2,-7,7,1430,1803,105,21,-1,0,104,21,40,100,-259
21807,Jun 14 2015,African Nations Cup qualifier in Mozambique,Mozambique,Rwanda,1369,1382,0,1,-25,25,1344,1407,134,103,-8,6,126,109,40,100,87
21808,Jun 14 2015,African Nations Cup qualifier in Niger,Niger,Namibia,1281,1388,1,0,20,-20,1301,1368,130,122,2,-5,132,117,40,100,-7
21809,Jun 14 2015,European Championship qual in Russia,Russia,Austria,1770,1719,0,1,-28,28,1742,1747,35,21,-5,8,30,29,40,100,151
21810,Jun 14 2015,European Championship qual in Slovakia,Slovakia,Macedonia,1761,1465,2,1,4,-4,1765,1461,24,99,1,-3,25,96,40,100,396
21811,Jun 14 2015,European Championship qual in Slovenia,Slovenia,England,1645,1925,2,3,-10,10,1635,1935,55,8,-2,0,53,8,40,100,-180
21812,Jun 14 2015,African Nations Cup qualifier in Sudan,Sudan,Sierra Leone,1334,1337,1,0,15,-15,1349,1322,120,131,4,-2,124,129,30,0,-3
21813,Jun 14 2015,European Championship qual in Sweden,Sweden,Montenegro,1797,1598,3,1,9,-9,1806,1589,20,63,0,-1,20,62,40,100,299
21814,Jun 14 2015,African Nations Cup qualifier in Togo,Togo,Liberia,1433,1295,2,1,8,-8,1441,1287,102,134,1,-1,103,133,40,100,238
21815,Jun 14 2015,European Championship qual in Ukraine,Ukraine,Luxembourg,1811,1223,3,0,1,-1,1812,1222,19,156,0,-1,19,155,20,0,588
21816,Jun 14 2015,Copa América in Chile,Venezuela,Colombia,1687,2029,1,0,44,-44,1731,1985,24,6,10,-1,34,5,50,0,-342
21817,Jun 15 2015,World Cup qualifier in Bermuda,Bermuda,Guatemala,1246,1507,0,1,-11,11,1235,1518,155,73,-6,4,149,77,40,100,-161
21818,Jun 15 2015,Copa América in Chile,Bolivia,Ecuador,1641,1824,3,2,37,-37,1678,1787,40,24,6,-3,46,21,50,0,-183
21819,Jun 15 2015,Copa América in Chile,Chile,Mexico,1955,1871,3,3,-12,12,1943,1883,7,12,0,1,7,13,50,100,184
21820,Jun 16 2015,Copa América in Chile,Argentina,Uruguay,2039,1919,1,0,17,-17,2056,1902,3,12,0,-1,3,11,50,0,120
21821,Jun 16 2015,World Cup & Asian Cup qual in Bangladesh,Bangladesh,Tajikistan,921,1245,1,1,11,-11,932,1234,196,154,1,-5,197,149,30,0,-324
21822,Jun 16 2015,World Cup & Asian Cup qual in Bhutan,Bhutan,China,583,1596,0,6,0,0,583,1596,231,59,0,1,231,60,20,0,-1013
21823,Jun 16 2015,World Cup & Asian Cup qual in Cambodia,Cambodia,Afghanistan,741,1085,0,1,-8,8,733,1093,214,179,0,0,214,179,40,100,-244
21824,Jun 16 2015,World Cup qualifier in Canada,Canada,Dominica,1526,958,4,0,2,-2,1528,956,73,194,1,0,74,194,30,0,568
21825,Jun 16 2015,World Cup & Asian Cup qual in East Timor,East Timor,United Arab Emirates,719,1652,0,1,0,0,719,1652,216,50,0,0,216,50,20,0,-933
21826,Jun 16 2015,World Cup qualifier in El Salvador,El Salvador,Saint Kitts and Nevis,1483,1240,4,1,9,-9,1492,1231,85,155,2,-5,87,150,40,100,343
21827,Jun 16 2015,World Cup qualifier in Grenada,Grenada,Puerto Rico,1123,1081,2,0,18,-18,1141,1063,168,182,4,-1,172,181,40,100,142
21828,Jun 16 2015,World Cup & Asian Cup qual in Guam,Guam,India,849,1067,2,1,27,-27,876,1040,203,186,2,-2,205,184,40,100,-118
21829,Jun 16 2015,World Cup & Asian Cup qual in Hong Kong,Hong Kong,Maldives,1159,1053,2,0,14,-14,1173,1039,166,186,2,-1,168,185,40,100,206
21830,Jun 16 2015,World Cup & Asian Cup qual in Japan,Japan,Singapore,1775,1177,0,0,-19,19,1756,1196,28,158,-2,4,26,162,40,0,598
21831,Jun 16 2015,Friendly in Jordan,Jordan,Trinidad and Tobago,1498,1500,3,0,13,-13,1511,1487,76,95,5,-6,81,89,20,100,98
21832,Jun 16 2015,World Cup & Asian Cup qual in Kyrgyzstan,Kyrgyzstan,Australia,1125,1731,1,2,-2,2,1123,1733,177,32,-1,1,176,33,30,100,-506
21833,Jun 16 2015,World Cup & Asian Cup qual in Laos,Laos,Lebanon,834,1384,0,2,-4,4,830,1388,208,111,0,1,208,112,40,100,-450
21834,Jun 16 2015,World Cup & Asian Cup qual in Malaysia,Malaysia,Palestine,1197,1268,0,6,-46,46,1151,1314,178,123,-7,7,171,130,40,100,29
21835,Jun 16 2015,World Cup & Asian Cup qual in North Korea,North Korea,Uzbekistan,1462,1612,4,2,34,-34,1496,1578,77,67,9,-5,86,62,40,100,-50
21836,Jun 16 2015,Copa América in Chile,Paraguay,Jamaica,1701,1537,1,0,14,-14,1715,1523,38,79,2,-4,40,75,50,0,164
21837,Jun 16 2015,World Cup & Asian Cup qual in Qatar,Philippines,Yemen,1251,1200,2,0,26,-26,1277,1174,134,170,4,-4,138,166,40,0,51
21838,Jun 16 2015,Friendly in Poland,Poland,Greece,1742,1642,0,0,-5,5,1737,1647,30,50,0,1,30,51,20,100,200
21839,Jun 16 2015,Friendly in Switzerland,Portugal,Italy,1897,1878,1,0,9,-9,1906,1869,8,14,2,0,10,14,20,0,19
21840,Jun 16 2015,Friendly in South Africa,South Africa,Angola,1547,1449,2,1,5,-5,1552,1444,66,101,1,0,67,101,20,100,198
21841,Jun 16 2015,World Cup & Asian Cup qual in Thailand,South Korea,Myanmar,1748,1035,2,0,1,-1,1749,1034,27,186,0,0,27,186,30,0,713
21842,Jun 16 2015,World Cup qualifier in Suriname,Suriname,Nicaragua,1215,1133,1,3,-44,44,1171,1177,181,156,-12,8,169,164,40,100,182
21843,Jun 16 2015,World Cup & Asian Cup qual in Taiwan,Taiwan,Thailand,788,1361,0,2,-4,4,784,1365,212,118,-1,1,211,119,40,100,-473
21844,Jun 16 2015,World Cup & Asian Cup qual in Turkmenistan,Turkmenistan,Iran,1226,1748,1,1,17,-17,1243,1731,136,41,8,-7,144,34,40,100,-422
21845,Jun 17 2015,Copa América in Chile,Colombia,Brazil,1985,2076,1,0,31,-31,2016,2045,3,4,1,-1,4,3,50,0,-91
21846,Jun 18 2015,Copa América in Chile,Peru,Venezuela,1714,1731,1,0,26,-26,1740,1705,19,48,11,-7,30,41,50,0,-17
21847,Jun 19 2015,Copa América in Chile,Chile,Bolivia,1943,1678,5,0,11,-11,1954,1667,7,48,0,-1,7,47,30,0,265
21848,Jun 19 2015,Copa América in Chile,Ecuador,Mexico,1787,1883,2,1,32,-32,1819,1851,15,17,3,-2,18,15,50,0,-96
21849,Jun 20 2015,Copa América in Chile,Argentina,Jamaica,2056,1523,1,0,2,-2,2058,1521,2,77,0,-1,2,76,40,0,533
21850,Jun 20 2015,Copa América in Chile,Paraguay,Uruguay,1715,1902,1,1,12,-12,1727,1890,34,13,3,-1,37,12,50,0,-187
21851,Jun 21 2015,Copa América in Chile,Brazil,Venezuela,2045,1705,2,1,6,-6,2051,1699,3,43,0,-1,3,42,50,0,340
21852,Jun 21 2015,Copa América in Chile,Colombia,Peru,2016,1740,0,0,-17,17,1999,1757,6,22,-1,4,5,26,50,0,276
21853,Jun 24 2015,Copa América in Chile,Chile,Uruguay,1954,1890,1,0,14,-14,1968,1876,5,12,1,0,6,12,50,100,164
21854,Jun 25 2015,Copa América in Chile,Peru,Bolivia,1757,1667,3,1,28,-28,1785,1639,18,57,4,-5,22,52,50,0,90
21855,Jun 26 2015,Copa América in Chile,Argentina,Colombia,2058,1999,0,0,-4,4,2054,2003,2,5,0,0,2,5,20,100,159
21856,Jun 27 2015,Copa América in Chile,Brazil,Paraguay,2051,1727,1,1,-18,18,2033,1745,3,23,0,7,3,30,50,0,324
21857,Jun 27 2015,Friendly in the United States,Costa Rica,Mexico,1838,1851,2,2,0,0,1838,1851,16,15,0,0,16,15,20,0,-13
21858,Jun 29 2015,Copa América in Chile,Chile,Peru,1968,1785,2,1,8,-8,1976,1777,6,26,0,-2,6,24,30,0,183
21859,Jun 30 2015,Copa América in Chile,Argentina,Paraguay,2054,1745,6,1,14,-14,2068,1731,2,40,0,-5,2,35,50,0,309
21860,Jul 1 2015,Friendly in the United States,Honduras,Mexico,1529,1851,0,0,7,-7,1536,1844,72,15,0,0,72,15,20,0,-322
21861,Jul 3 2015,Copa América in Chile,Peru,Paraguay,1777,1731,2,0,33,-33,1810,1698,16,51,4,-8,20,43,50,0,46
21862,Jul 3 2015,Friendly in the United States,Trinidad and Tobago,Haiti,1487,1452,1,0,9,-9,1496,1443,83,102,3,-1,86,101,20,0,35
21863,Jul 3 2015,Friendly in the United States,United States,Guatemala,1860,1518,4,0,3,-3,1863,1515,14,81,0,-2,14,79,20,100,442
21864,Jul 4 2015,Copa América in Chile,Chile,Argentina,1976,2068,0,0,-1,1,1975,2069,6,2,0,0,6,2,50,100,8
21865,Jul 6 2015,Friendly in Malawi,Malawi,Uganda,1366,1500,1,0,11,-11,1377,1489,112,92,3,-4,115,88,20,100,-34
21866,Jul 7 2015,CONCACAF Championship in the United States,Haiti,Panama,1443,1716,1,1,16,-16,1459,1700,93,41,4,-1,97,40,50,0,-273
21867,Jul 7 2015,CONCACAF Championship in the United States,United States,Honduras,1863,1536,2,1,4,-4,1867,1532,14,72,0,0,14,72,30,0,327
21868,Jul 8 2015,CONCACAF Championship in the United States,Canada,El Salvador,1528,1492,0,0,-3,3,1525,1495,76,87,-1,0,75,87,50,0,36
21869,Jul 8 2015,CONCACAF Championship in the United States,Costa Rica,Jamaica,1838,1521,2,2,-18,18,1820,1539,18,66,-1,5,17,71,50,0,317
21870,Jul 9 2015,CONCACAF Championship in the United States,Mexico,Cuba,1844,1376,6,0,7,-7,1851,1369,15,118,0,-1,15,117,50,0,468
21871,Jul 9 2015,CONCACAF Championship in the United States,Trinidad and Tobago,Guatemala,1496,1515,3,1,40,-40,1536,1475,61,103,12,-12,73,91,50,0,-19
21872,Jul 10 2015,CONCACAF Championship in the United States,Honduras,Panama,1532,1700,1,1,11,-11,1543,1689,66,48,4,-4,70,44,50,0,-168
21873,Jul 10 2015,CONCACAF Championship in the United States,United States,Haiti,1867,1459,1,0,3,-3,1870,1456,12,99,1,-1,13,98,30,0,408
21874,Jul 11 2015,CONCACAF Championship in the United States,Costa Rica,El Salvador,1820,1495,1,1,-18,18,1802,1513,27,72,-5,7,22,79,50,0,325
21875,Jul 11 2015,CONCACAF Championship in the United States,Jamaica,Canada,1539,1525,1,0,24,-24,1563,1501,58,92,7,-8,65,84,50,0,14
21876,Jul 12 2015,CONCACAF Championship in the United States,Guatemala,Mexico,1475,1851,0,0,20,-20,1495,1831,83,17,4,-1,87,16,50,0,-376
21877,Jul 12 2015,CONCACAF Championship in the United States,Trinidad and Tobago,Cuba,1536,1369,2,0,21,-21,1557,1348,60,131,7,-7,67,124,50,0,167
21878,Jul 13 2015,CONCACAF Championship in the United States,Haiti,Honduras,1456,1543,1,0,31,-31,1487,1512,82,86,8,-7,90,79,50,0,-87
21879,Jul 13 2015,CONCACAF Championship in the United States,United States,Panama,1870,1689,1,1,-17,17,1853,1706,15,34,-1,5,14,39,50,100,281
21880,Jul 14 2015,CONCACAF Championship in Canada,Canada,Costa Rica,1501,1802,0,0,13,-13,1514,1789,72,22,6,0,78,22,50,100,-201
21881,Jul 14 2015,CONCACAF Championship in Canada,Jamaica,El Salvador,1563,1513,1,0,21,-21,1584,1492,59,96,3,-9,62,87,50,0,50
21882,Jul 15 2015,CONCACAF Championship in the United States,Cuba,Guatemala,1348,1495,1,0,35,-35,1383,1460,104,108,10,-11,114,97,50,0,-147
21883,Jul 15 2015,CONCACAF Championship in the United States,Mexico,Trinidad and Tobago,1831,1557,4,4,-16,16,1815,1573,18,61,-1,3,17,64,40,100,374
21884,Jul 18 2015,CONCACAF Championship in the United States,Jamaica,Haiti,1584,1487,1,0,18,-18,1602,1469,58,95,2,-3,60,92,50,0,97
21885,Jul 18 2015,CONCACAF Championship in the United States,United States,Cuba,1853,1383,6,0,4,-4,1857,1379,14,116,0,-1,14,115,30,0,470
21886,Jul 19 2015,CONCACAF Championship in the United States,Mexico,Costa Rica,1815,1789,1,0,23,-23,1838,1766,13,26,2,-2,15,24,50,0,26
21887,Jul 19 2015,CONCACAF Championship in the United States,Panama,Trinidad and Tobago,1706,1573,1,1,-9,9,1697,1582,47,62,-4,1,43,63,30,100,233
21888,Jul 22 2015,CONCACAF Championship in the United States,Mexico,Panama,1838,1697,2,1,15,-15,1853,1682,13,45,1,-1,14,44,50,0,141
21889,Jul 22 2015,CONCACAF Championship in the United States,United States,Jamaica,1857,1602,1,2,-44,44,1813,1646,20,44,-3,8,17,52,50,100,355
21890,Jul 25 2015,CONCACAF Championship in the United States,United States,Panama,1813,1682,1,1,-15,15,1798,1697,25,42,-4,1,21,43,50,100,231
21891,Jul 26 2015,CONCACAF Championship in the United States,Mexico,Jamaica,1853,1646,3,1,17,-17,1870,1629,12,56,1,-2,13,54,50,0,207
21892,Jul 31 2015,Indian Ocean Games in Réunion,Mayotte,Maldives,1199,1039,3,1,13,-13,1212,1026,153,189,4,-2,157,187,30,0,160
21893,Jul 31 2015,Indian Ocean Games in Réunion,Réunion,Mauritius,1363,1032,1,0,2,-2,1365,1030,118,185,1,1,119,186,20,100,431
21894,Aug 2 2015,East Asian Championship in China,China,South Korea,1596,1749,0,2,-25,25,1571,1774,67,20,-3,4,64,24,40,100,-53
21895,Aug 2 2015,Indian Ocean Games in Réunion,Madagascar,Mayotte,1287,1212,1,1,-3,3,1284,1215,136,157,-1,0,135,157,30,0,75
21896,Aug 2 2015,Indian Ocean Games in Réunion,Maldives,Seychelles,1026,971,2,1,13,-13,1039,958,183,195,2,-2,185,193,30,0,55
21897,Aug 2 2015,East Asian Championship in China,North Korea,Japan,1496,1756,2,1,33,-33,1529,1723,63,45,11,-9,74,36,40,0,-260
21898,Aug 4 2015,Indian Ocean Games in Réunion,Madagascar,Maldives,1284,1039,4,0,11,-11,1295,1028,133,189,1,-2,134,187,30,0,245
21899,Aug 4 2015,Indian Ocean Games in Réunion,Mayotte,Seychelles,1215,958,1,0,6,-6,1221,952,155,195,1,-1,156,194,30,0,257
21900,Aug 5 2015,East Asian Championship in China,China,North Korea,1571,1529,2,0,18,-18,1589,1511,58,88,3,-7,61,81,40,100,142
21901,Aug 5 2015,East Asian Championship in China,Japan,South Korea,1723,1774,1,1,3,-3,1726,1771,36,24,0,0,36,24,40,0,-51
21902,Aug 6 2015,Indian Ocean Games in Réunion,Mayotte,Mauritius,1221,1030,2,1,7,-7,1228,1023,148,188,4,-1,152,187,30,0,191
21903,Aug 6 2015,Indian Ocean Games in Réunion,Réunion,Madagascar,1365,1295,1,0,8,-8,1373,1287,117,134,1,0,118,134,20,0,70
21904,Aug 7 2015,Indian Ocean Games in Réunion,Mauritius,Madagascar,1023,1287,3,1,37,-37,1060,1250,177,150,5,-8,182,142,30,0,-264
21905,Aug 8 2015,Indian Ocean Games in Réunion,Réunion,Mayotte,1373,1228,3,1,9,-9,1382,1219,110,160,4,-4,114,156,20,0,145
21906,Aug 9 2015,East Asian Championship in China,China,Japan,1589,1726,1,1,2,-2,1591,1724,61,36,0,0,61,36,30,100,-37
21907,Aug 9 2015,East Asian Championship in China,North Korea,South Korea,1511,1771,0,0,13,-13,1524,1758,69,30,6,-3,75,27,40,0,-260
21908,Aug 19 2015,Friendly in Fiji,Fiji,Tonga,1280,685,5,0,1,-1,1281,684,135,221,0,0,135,221,20,0,595
21909,Aug 20 2015,Friendly in Cambodia,Cambodia,Bhutan,733,583,2,0,6,-6,739,577,214,233,0,-1,214,232,20,100,250
21910,Aug 26 2015,Friendly in Lebanon,Lebanon,Iraq,1388,1523,2,3,-9,9,1379,1532,118,72,-3,2,115,74,20,100,-35
21911,Aug 27 2015,Friendly in Fiji,Fiji,Eastern Samoa,1281,382,6,0,0,0,1281,382,135,239,0,0,135,239,20,0,899
21912,Aug 28 2015,Friendly in Turkey,Libya,Tanzania,1472,1246,2,1,4,-4,1476,1242,91,145,0,-1,91,144,20,0,226
21913,Aug 28 2015,Friendly in Oman,Oman,Yemen,1510,1174,1,0,2,-2,1512,1172,77,170,3,-2,80,168,20,100,436
21914,Aug 28 2015,Friendly in Qatar,Qatar,Singapore,1548,1196,4,0,3,-3,1551,1193,70,162,0,0,70,162,20,100,452
21915,Aug 28 2015,Friendly in Rwanda,Rwanda,Ethiopia,1407,1348,3,1,9,-9,1416,1339,107,129,1,-2,108,127,20,100,159
21916,Aug 28 2015,Friendly in St Vincent & Grenadines,St Vincent & Grenadines,Barbados,1204,1141,2,2,-4,4,1200,1145,161,172,0,0,161,172,20,100,163
21917,Aug 28 2015,Friendly in the United Arab Emirates,United Arab Emirates,Myanmar,1652,1034,1,0,0,0,1652,1034,49,186,0,0,49,186,20,100,718
21918,Aug 29 2015,Friendly in Thailand,Laos,Cambodia,830,739,2,1,7,-7,837,732,208,214,0,0,208,214,20,0,91
21919,Aug 29 2015,Friendly in Malaysia,Malaysia,Bangladesh,1151,932,0,0,-7,7,1144,939,173,197,-1,0,172,197,20,100,319
21920,Aug 31 2015,Friendly in India,India,Nepal,1040,879,0,0,-6,6,1034,885,185,202,0,1,185,203,20,100,261
21921,Aug 31 2015,Friendly in Lebanon,Lebanon,Palestine,1379,1314,0,0,-4,4,1375,1318,121,130,-3,0,118,130,20,100,165
21922,Aug 31 2015,WC & Oce Cup q in Tonga,Samoa,Eastern Samoa,681,382,3,2,6,-6,687,376,220,239,1,0,221,239,40,0,299
21923,Aug 31 2015,WC & Oce Cup q in Tonga,Tonga,Cook Islands,684,675,0,3,-46,46,638,721,229,208,-4,8,225,216,40,100,109
21924,Sep 1 2015,Friendly in Congo,Congo,Ghana,1442,1647,2,3,-7,7,1435,1654,104,48,-1,1,103,49,20,100,-105
21925,Sep 2 2015,WC & Oce Cup q in Tonga,Cook Islands,Samoa,721,687,1,0,18,-18,739,669,212,227,2,-3,214,224,40,0,34
21926,Sep 2 2015,WC & Oce Cup q in Tonga,Tonga,Eastern Samoa,638,376,1,2,-36,36,602,412,235,237,-5,1,230,238,40,100,362
21927,Sep 3 2015,World Cup & Asian Cup qual in Australia,Australia,Bangladesh,1733,939,5,0,0,0,1733,939,33,197,0,0,33,197,20,0,794
21928,Sep 3 2015,European Championship qual in Azerbaijan,Azerbaijan,Croatia,1424,1833,0,0,14,-14,1438,1819,98,15,4,0,102,15,40,100,-309
21929,Sep 3 2015,World Cup & Asian Cup qual in Bahrain,Bahrain,North Korea,1454,1524,0,1,-22,22,1432,1546,108,66,-4,5,104,71,40,100,30
21930,Sep 3 2015,European Championship qual in Belgium,Belgium,Bosnia and Herzegovina,1899,1730,3,1,11,-11,1910,1719,9,39,1,-2,10,37,40,100,269
21931,Sep 3 2015,European Championship qual in Bulgaria,Bulgaria,Norway,1613,1603,0,1,-26,26,1587,1629,65,48,-4,6,61,54,40,100,110
21932,Sep 3 2015,World Cup & Asian Cup qual in China,China,Hong Kong,1591,1173,0,0,-18,18,1573,1191,67,157,-3,5,64,162,40,100,518
21933,Sep 3 2015,European Championship qual in Cyprus,Cyprus,Wales,1411,1699,0,1,-10,10,1401,1709,109,38,0,1,109,39,40,100,-188
21934,Sep 3 2015,European Championship qual in Czechia,Czechia,Kazakhstan,1760,1343,2,1,2,-2,1762,1341,26,126,0,0,26,126,20,0,417
21935,Sep 3 2015,World Cup & Asian Cup qual in Iran,Iran,Guam,1731,876,6,0,0,0,1731,876,36,205,-1,0,35,205,20,0,855
21936,Sep 3 2015,World Cup & Asian Cup qual in Iran,Iraq,Taiwan,1532,784,5,1,1,-1,1533,783,76,211,-1,0,75,211,30,0,748
21937,Sep 3 2015,European Championship qual in Israel,Israel,Andorra,1608,963,4,0,1,-1,1609,962,58,193,0,-1,58,192,20,0,645
21938,Sep 3 2015,European Championship qual in Italy,Italy,Malta,1869,1238,1,0,1,-1,1870,1237,12,144,1,1,13,145,20,0,631
21939,Sep 3 2015,World Cup & Asian Cup qual in Japan,Japan,Cambodia,1724,732,3,0,0,0,1724,732,36,215,0,0,36,215,20,0,992
21940,Sep 3 2015,World Cup & Asian Cup qual in Jordan,Jordan,Kyrgyzstan,1511,1123,0,0,-18,18,1493,1141,87,168,-2,4,85,172,40,100,488
21941,Sep 3 2015,World Cup & Asian Cup qual in Qatar,Kuwait,Myanmar,1469,1034,9,0,8,-8,1477,1026,92,187,0,-1,92,186,40,0,435
21942,Sep 3 2015,European Championship qual in the Netherlands,Netherlands,Iceland,2010,1696,0,1,-37,37,1973,1733,8,22,-2,11,6,33,40,100,414
21943,Sep 3 2015,World Cup & Asian Cup qual in Oman,Oman,Turkmenistan,1512,1243,3,1,6,-6,1518,1237,76,147,2,-2,78,145,40,100,369
21944,Sep 3 2015,Friendly in the Philippines,Philippines,Maldives,1277,1028,2,0,4,-4,1281,1024,133,187,2,0,135,187,20,100,349
21945,Sep 3 2015,World Cup & Asian Cup qual in Qatar,Qatar,Bhutan,1551,577,15,0,0,0,1551,577,70,232,0,0,70,232,20,0,974
21946,Sep 3 2015,World Cup & Asian Cup qual in Saudi Arabia,Saudi Arabia,East Timor,1488,719,7,0,1,-1,1489,718,86,217,1,0,87,217,20,0,769
21947,Sep 3 2015,World Cup & Asian Cup qual in South Korea,South Korea,Laos,1758,837,8,0,0,0,1758,837,27,208,0,0,27,208,20,0,921
21948,Sep 3 2015,World Cup & Asian Cup qual in Oman,Syria,Singapore,1518,1193,1,0,5,-5,1523,1188,77,164,0,-1,77,163,40,0,325
21949,Sep 3 2015,Friendly in Thailand,Thailand,Afghanistan,1365,1093,2,0,3,-3,1368,1090,118,179,1,0,119,179,20,100,372
21950,Sep 3 2015,European Championship qual in Turkey,Turkey,Latvia,1720,1465,1,1,-15,15,1705,1480,43,88,-3,3,40,91,40,100,355
21951,Sep 3 2015,World Cup & Asian Cup qual in the United Arab Emirates,United Arab Emirates,Malaysia,1652,1144,10,0,3,-3,1655,1141,48,172,1,0,49,172,20,0,508
21952,Sep 3 2015,World Cup & Asian Cup qual in Uzbekistan,Uzbekistan,Yemen,1578,1172,1,0,2,-2,1580,1170,62,170,1,-1,63,169,20,0,406
21953,Sep 4 2015,World Cup qualifier in Antigua and Barbuda,Antigua and Barbuda,Guatemala,1237,1460,1,0,27,-27,1264,1433,133,109,6,-6,139,103,40,100,-123
21954,Sep 4 2015,Friendly in the United States,Argentina,Bolivia,2069,1639,7,0,3,-3,2072,1636,2,50,0,1,2,51,20,0,430
21955,Sep 4 2015,World Cup qualifier in Canada,Canada,Belize,1514,1180,3,0,5,-5,1519,1175,76,166,2,-1,78,165,40,100,434
21956,Sep 4 2015,World Cup qualifier in Curaçao,Curaçao,El Salvador,1130,1492,0,1,-7,7,1123,1499,176,84,0,1,176,85,40,100,-262
21957,Sep 4 2015,European Championship qual in Denmark,Denmark,Albania,1782,1607,0,0,-13,13,1769,1620,24,51,-1,4,23,55,40,100,275
21958,Sep 4 2015,African Nations Cup qualifier in Djibouti,Djibouti,Togo,788,1441,0,2,-2,2,786,1443,210,99,0,1,210,100,30,100,-553
21959,Sep 4 2015,WC & Oce Cup q in Tonga,Eastern Samoa,Cook Islands,412,739,2,0,52,-52,464,687,236,228,1,-7,237,221,40,0,-327
21960,Sep 4 2015,European Championship qual in the Faroe Islands,Faroe Islands,Northern Ireland,1259,1537,1,3,-16,16,1243,1553,146,62,-3,6,143,68,40,100,-178
21961,Sep 4 2015,European Championship qual in Georgia,Georgia,Scotland,1459,1736,1,0,29,-29,1488,1707,80,49,9,-9,89,40,40,100,-177
21962,Sep 4 2015,European Championship qual in Germany,Germany,Poland,2109,1737,3,1,4,-4,2113,1733,1,32,0,-1,1,31,40,100,472
21963,Sep 4 2015,European Championship qual in Greece,Greece,Finland,1647,1564,0,1,-30,30,1617,1594,63,52,-6,7,57,59,40,100,183
21964,Sep 4 2015,World Cup qualifier in Grenada,Grenada,Haiti,1141,1469,1,3,-13,13,1128,1482,178,90,-3,2,175,92,40,100,-228
21965,Sep 4 2015,European Championship qual in Hungary,Hungary,Romania,1680,1778,0,0,0,0,1680,1778,43,21,1,1,44,22,20,100,2
21966,Sep 4 2015,European Championship qual in Portugal,Ireland,Gibraltar,1717,1131,4,0,2,-2,1719,1129,34,173,2,1,36,174,30,0,586
21967,Sep 4 2015,World Cup qualifier in Jamaica,Jamaica,Nicaragua,1629,1177,2,3,-38,38,1591,1215,66,151,-6,7,60,158,40,100,552
21968,Sep 4 2015,Friendly in the United States,Mexico,Trinidad and Tobago,1870,1582,3,3,-7,7,1863,1589,15,60,-1,1,14,61,20,0,288
21969,Sep 4 2015,Friendly in Panama,Panama,Uruguay,1697,1876,0,1,-8,8,1689,1884,42,12,1,0,43,12,20,100,-79
21970,Sep 4 2015,Friendly in Portugal,Portugal,France,1906,1924,0,1,-12,12,1894,1936,11,7,0,1,11,8,20,100,82
21971,Sep 4 2015,European Championship qual in Serbia,Serbia,Armenia,1705,1529,2,0,10,-10,1715,1519,36,80,2,-2,38,78,40,100,276
21972,Sep 4 2015,World Cup qualifier in St Vincent & Grenadines,St Vincent & Grenadines,Aruba,1200,911,2,0,6,-6,1206,905,163,201,-1,-1,162,200,40,100,389
21973,Sep 4 2015,WC & Oce Cup q in Tonga,Tonga,Samoa,602,669,0,3,-38,38,564,707,238,210,-4,7,234,217,40,100,33
21974,Sep 4 2015,Friendly in the United States,United States,Peru,1798,1810,2,1,8,-8,1806,1802,15,24,3,-3,18,21,20,100,88
21975,Sep 4 2015,Friendly in Venezuela,Venezuela,Honduras,1699,1512,0,3,-29,29,1670,1541,50,69,-4,6,46,75,20,100,287
21976,Sep 5 2015,European Championship qual in Austria,Austria,Moldova,1747,1392,1,0,3,-3,1750,1389,30,111,-1,0,29,111,30,0,355
21977,Sep 5 2015,African Nations Cup qualifier in Botswana,Botswana,Burkina Faso,1268,1465,1,0,25,-25,1293,1440,130,104,4,-4,134,100,40,100,-97
21978,Sep 5 2015,Friendly in the United States,Brazil,Costa Rica,2033,1766,1,0,4,-4,2037,1762,3,24,0,0,3,24,20,0,267
21979,Sep 5 2015,African Nations Cup qualifier in Burundi,Burundi,Niger,1313,1301,2,0,21,-21,1334,1280,123,141,4,-4,127,137,40,100,112
21980,Sep 5 2015,Friendly in Chile,Chile,Paraguay,1975,1698,3,2,2,-2,1977,1696,5,42,0,0,5,42,20,100,377
21981,Sep 5 2015,African Nations Cup qualifier in the Comoros,Comoros,Uganda,895,1489,0,1,-2,2,893,1491,202,91,0,-2,202,89,30,100,-494
21982,Sep 5 2015,European Championship qual in Estonia,Estonia,Lithuania,1483,1430,1,0,12,-12,1495,1418,81,109,5,-2,86,107,40,100,153
21983,Sep 5 2015,Friendly in Gabon,Gabon,Sudan,1484,1349,4,0,8,-8,1492,1341,86,126,2,-1,88,125,20,100,235
21984,Sep 5 2015,African Nations Cup qualifier in Guinea-Bissau,Guinea-Bissau,Congo,1254,1435,2,4,-23,23,1231,1458,161,90,-10,6,151,96,40,100,-81
21985,Sep 5 2015,African Nations Cup qualifier in Liberia,Liberia,Tunisia,1287,1570,1,0,30,-30,1317,1540,130,82,2,-8,132,74,40,100,-183
21986,Sep 5 2015,European Championship qual in Luxembourg,Luxembourg,Macedonia,1222,1461,1,0,28,-28,1250,1433,131,107,12,-5,143,102,40,100,-139
21987,Sep 5 2015,African Nations Cup qualifier in Mauritania,Mauritania,South Africa,1208,1552,3,1,48,-48,1256,1504,124,96,18,-13,142,83,40,100,-244
21988,Sep 5 2015,European Championship qual in Montenegro,Montenegro,Liechtenstein,1589,1219,2,0,4,-4,1593,1215,59,160,1,-2,60,158,40,100,470
21989,Sep 5 2015,African Nations Cup qualifier in Namibia,Namibia,Senegal,1368,1664,0,2,-15,15,1353,1679,127,42,-4,3,123,45,40,100,-196
21990,Sep 5 2015,European Championship qual in Russia,Russia,Sweden,1742,1806,1,0,18,-18,1760,1788,23,24,3,-3,26,21,30,0,-64
21991,Sep 5 2015,African Nations Cup qualifier in Rwanda,Rwanda,Ghana,1416,1654,0,1,-12,12,1404,1666,108,46,0,2,108,48,40,100,-138
21992,Sep 5 2015,European Championship qual in San Marino,San Marino,England,885,1935,0,6,0,0,885,1935,203,9,0,0,203,9,20,0,-1050
21993,Sep 5 2015,African Nations Cup qualifier in São Tomé and Príncipe,São Tomé and Príncipe,Morocco,1074,1553,0,3,-7,7,1067,1560,182,64,-1,2,181,66,40,100,-379
21994,Sep 5 2015,African Nations Cup qualifier in the Seychelles,Seychelles,Ethiopia,952,1339,1,1,14,-14,966,1325,188,131,3,-2,191,129,40,100,-287
21995,Sep 5 2015,African Nations Cup qualifier in South Sudan,South Sudan,Equatorial Guinea,1056,1388,1,0,32,-32,1088,1356,177,132,3,-10,180,122,40,100,-232
21996,Sep 5 2015,European Championship qual in Spain,Spain,Slovakia,1964,1765,2,0,9,-9,1973,1756,5,31,1,-3,6,28,40,100,299
21997,Sep 5 2015,European Championship qual in Switzerland,Switzerland,Slovenia,1803,1635,3,2,7,-7,1810,1628,16,54,2,-1,18,53,40,100,268
21998,Sep 5 2015,African Nations Cup qualifier in Tanzania,Tanzania,Nigeria,1242,1665,0,0,15,-15,1257,1650,138,53,3,-3,141,50,40,100,-323
21999,Sep 5 2015,European Championship qual in Ukraine,Ukraine,Belarus,1812,1559,3,1,7,-7,1819,1552,13,69,2,-1,15,68,40,100,353
22000,Sep 6 2015,African Nations Cup qualifier in Benin,Benin,Mali,1380,1546,1,1,4,-4,1384,1542,109,74,2,-2,111,72,20,0,-166
22001,Sep 6 2015,European Championship qual in Bosnia and Herzegovina,Bosnia and Herzegovina,Andorra,1719,962,3,0,1,-1,1720,961,34,193,1,0,35,193,30,0,757
22002,Sep 6 2015,African Nations Cup qualifier in Egypt,Cape Verde,Libya,1542,1476,2,1,16,-16,1558,1460,62,93,5,1,67,94,40,0,66
22003,Sep 6 2015,African Nations Cup qualifier in Chad,Chad,Egypt,1260,1627,1,5,-13,13,1247,1640,150,50,-5,2,145,52,40,100,-267
22004,Sep 6 2015,African Nations Cup qualifier in Central African Republic,Central African Republic,DR Congo,1227,1500,2,0,44,-44,1271,1456,124,108,15,-12,139,96,40,100,-173
22005,Sep 6 2015,European Championship qual in Cyprus,Cyprus,Belgium,1401,1910,0,1,-3,3,1398,1913,109,10,0,0,109,10,30,100,-409
22006,Sep 6 2015,African Nations Cup qualifier in The Gambia,Gambia,Cameroon,1358,1618,0,1,-11,11,1347,1629,129,52,-5,2,124,54,40,100,-160
22007,Sep 6 2015,European Championship qual in Iceland,Iceland,Kazakhstan,1733,1341,0,0,-18,18,1715,1359,45,115,-7,5,38,120,40,100,492
22008,Sep 6 2015,European Championship qual in Italy,Italy,Bulgaria,1870,1587,1,0,4,-4,1874,1583,13,63,0,0,13,63,40,100,383
22009,Sep 6 2015,African Nations Cup qualifier in Nigeria,Ivory Coast,Sierra Leone,1735,1322,0,0,-17,17,1718,1339,44,122,-7,4,37,126,40,0,413
22010,Sep 6 2015,African Nations Cup qualifier in Kenya,Kenya,Zambia,1394,1512,1,2,-19,19,1375,1531,120,71,-5,5,115,76,40,100,-18
22011,Sep 6 2015,European Championship qual in Latvia,Latvia,Czechia,1480,1762,1,2,-10,10,1470,1772,93,22,0,1,93,23,40,100,-182
22012,Sep 6 2015,African Nations Cup qualifier in Lesotho,Lesotho,Algeria,1209,1678,1,3,-6,6,1203,1684,164,42,-2,2,162,44,40,100,-369
22013,Sep 6 2015,African Nations Cup qualifier in Madagascar,Madagascar,Angola,1250,1444,0,0,5,-5,1255,1439,143,102,0,-2,143,100,20,0,-194
22014,Sep 6 2015,European Championship qual in Malta,Malta,Azerbaijan,1237,1438,2,2,6,-6,1243,1432,145,105,1,-2,146,103,40,100,-101
22015,Sep 6 2015,African Nations Cup qualifier in Mauritius,Mauritius,Mozambique,1060,1344,1,0,30,-30,1090,1314,175,140,4,-8,179,132,40,100,-184
22016,Sep 6 2015,European Championship qual in Norway,Norway,Croatia,1629,1819,2,0,38,-38,1667,1781,44,27,4,-6,48,21,40,100,-90
22017,Sep 6 2015,African Nations Cup qualifier in Swaziland,Swaziland,Malawi,1240,1377,2,2,2,-2,1242,1375,150,115,-2,0,148,115,30,100,-37
22018,Sep 6 2015,European Championship qual in Turkey,Turkey,Netherlands,1705,1973,3,0,51,-51,1756,1922,15,12,13,-3,28,9,40,100,-168
22019,Sep 6 2015,European Championship qual in Wales,Wales,Israel,1709,1609,0,0,-10,10,1699,1619,43,56,-2,1,41,57,40,100,200
22020,Sep 6 2015,African Nations Cup qualifier in Zimbabwe,Zimbabwe,Guinea,1357,1505,1,1,3,-3,1360,1502,118,84,1,-1,119,83,40,100,-48
22021,Sep 7 2015,European Championship qual in Albania,Albania,Portugal,1620,1894,0,1,-11,11,1609,1905,60,11,-2,0,58,11,40,100,-174
22022,Sep 7 2015,European Championship qual in Armenia,Armenia,Denmark,1519,1769,0,0,8,-8,1527,1761,76,26,1,-1,77,25,40,100,-150
22023,Sep 7 2015,European Championship qual in Finland,Finland,Faroe Islands,1594,1243,1,0,3,-3,1597,1240,59,150,0,-2,59,148,40,100,451
22024,Sep 7 2015,Friendly in France,France,Serbia,1936,1715,2,1,3,-3,1939,1712,7,40,0,-1,7,39,20,100,321
22025,Sep 7 2015,European Championship qual in Ireland,Ireland,Georgia,1719,1488,1,0,5,-5,1724,1483,32,90,2,0,34,90,40,100,331
22026,Sep 7 2015,Friendly in Myanmar,Myanmar,New Zealand,1026,1516,1,1,8,-8,1034,1508,184,81,1,0,185,81,20,100,-390
22027,Sep 7 2015,European Championship qual in Northern Ireland,Northern Ireland,Hungary,1553,1680,1,1,2,-2,1555,1678,68,47,0,-1,68,46,40,100,-27
22028,Sep 7 2015,European Championship qual in Poland,Poland,Gibraltar,1733,1129,8,1,2,-2,1735,1127,31,176,0,-1,31,175,30,0,604
22029,Sep 7 2015,European Championship qual in Romania,Romania,Greece,1778,1617,0,0,-13,13,1765,1630,24,50,-1,4,23,54,40,100,261
22030,Sep 7 2015,European Championship qual in Scotland,Scotland,Germany,1707,2113,2,3,-6,6,1701,2119,40,1,0,0,40,1,40,100,-306
22031,Sep 8 2015,Friendly in the United States,Argentina,Mexico,2072,1863,2,2,-5,5,2067,1868,2,14,0,0,2,14,20,0,209
22032,Sep 8 2015,World Cup qualifier in Aruba,Aruba,St Vincent & Grenadines,905,1206,2,1,30,-30,935,1176,194,169,3,-4,197,165,40,100,-201
22033,Sep 8 2015,World Cup & Asian Cup qual in Qatar,Bahrain,Yemen,1432,1170,4,0,14,-14,1446,1156,93,171,5,-1,98,170,40,0,262
22034,Sep 8 2015,World Cup & Asian Cup qual in Bangladesh,Bangladesh,Jordan,939,1493,0,4,-5,5,934,1498,199,84,-1,1,198,85,40,100,-454
22035,Sep 8 2015,European Championship qual in Belarus,Belarus,Luxembourg,1552,1250,2,0,5,-5,1557,1245,69,146,0,-1,69,145,40,100,402
22036,Sep 8 2015,World Cup qualifier in Belize,Belize,Canada,1175,1519,1,1,12,-12,1187,1507,161,83,2,-2,163,81,40,100,-244
22037,Sep 8 2015,World Cup & Asian Cup qual in Cambodia,Cambodia,Syria,732,1523,0,6,-2,2,730,1525,214,78,0,0,214,78,40,100,-691
22038,Sep 8 2015,World Cup & Asian Cup qual in China,China,Maldives,1573,1024,3,0,2,-2,1575,1022,65,187,0,0,65,187,30,0,549
22039,Sep 8 2015,Friendly in the United States,Colombia,Peru,2003,1802,1,1,-5,5,1998,1807,4,15,0,2,4,17,20,0,201
22040,Sep 8 2015,Friendly in Costa Rica,Costa Rica,Uruguay,1762,1884,1,0,11,-11,1773,1873,20,14,2,-1,22,13,20,100,-22
22041,Sep 8 2015,Friendly in Ecuador,Ecuador,Honduras,1819,1541,2,0,3,-3,1822,1538,15,75,0,-1,15,74,20,100,378
22042,Sep 8 2015,World Cup qualifier in El Salvador,El Salvador,Curaçao,1499,1123,1,0,2,-2,1501,1121,82,176,1,0,83,176,20,0,376
22043,Sep 8 2015,European Championship qual in England,England,Switzerland,1935,1810,2,0,13,-13,1948,1797,6,21,1,-2,7,19,40,100,225
22044,Sep 8 2015,World Cup & Asian Cup qual in Guam,Guam,Oman,876,1518,0,0,18,-18,894,1500,199,88,3,-4,202,84,40,100,-542
22045,Sep 8 2015,World Cup qualifier in Guatemala,Guatemala,Antigua and Barbuda,1433,1264,2,0,11,-11,1444,1253,97,146,2,-3,99,143,40,100,269
22046,Sep 8 2015,World Cup qualifier in Haiti,Haiti,Grenada,1482,1128,3,0,5,-5,1487,1123,87,176,2,-1,89,175,40,100,454
22047,Sep 8 2015,World Cup & Asian Cup qual in Hong Kong,Hong Kong,Qatar,1191,1551,2,3,-7,7,1184,1558,165,64,-1,3,164,67,40,100,-260
22048,Sep 8 2015,World Cup & Asian Cup qual in India,India,Iran,1034,1731,0,3,-2,2,1032,1733,187,33,-1,0,186,33,30,100,-597
22049,Sep 8 2015,World Cup & Asian Cup qual in Iran,Japan,Afghanistan,1724,1090,6,0,2,-2,1726,1088,34,181,0,-1,34,180,30,0,634
22050,Sep 8 2015,World Cup & Asian Cup qual in Laos,Laos,Kuwait,837,1477,0,2,-3,3,834,1480,208,92,0,0,208,92,40,100,-540
22051,Sep 8 2015,World Cup & Asian Cup qual in Lebanon,Lebanon,South Korea,1375,1758,0,3,-11,11,1364,1769,121,21,-3,3,118,24,40,100,-283
22052,Sep 8 2015,European Championship qual in Liechtenstein,Liechtenstein,Russia,1215,1760,0,7,-6,6,1209,1766,158,24,0,1,158,25,40,100,-445
22053,Sep 8 2015,European Championship qual in Lithuania,Lithuania,San Marino,1418,885,2,1,1,-1,1419,884,107,207,0,-2,107,205,20,0,533
22054,Sep 8 2015,European Championship qual in Macedonia,Macedonia,Spain,1433,1973,0,1,-3,3,1430,1976,107,6,-3,0,104,6,40,100,-440
22055,Sep 8 2015,World Cup & Asian Cup qual in Malaysia,Malaysia,Saudi Arabia,1141,1489,1,2,-8,8,1133,1497,174,83,-1,3,173,86,40,100,-248
22056,Sep 8 2015,European Championship qual in Moldova,Moldova,Montenegro,1389,1593,0,2,-21,21,1368,1614,124,56,-7,2,117,58,40,100,-104
22057,Sep 8 2015,World Cup qualifier in Nicaragua,Nicaragua,Jamaica,1215,1591,0,2,-10,10,1205,1601,162,59,-2,1,160,60,40,100,-276
22058,Sep 8 2015,Friendly in Nigeria,Nigeria,Niger,1650,1280,2,0,2,-2,1652,1278,49,137,1,0,50,137,20,100,470
22059,Sep 8 2015,World Cup & Asian Cup qual in Palestine,Palestine,United Arab Emirates,1318,1655,0,0,12,-12,1330,1643,126,52,2,-1,128,51,40,100,-237
22060,Sep 8 2015,World Cup & Asian Cup qual in the Philippines,Philippines,Uzbekistan,1281,1580,1,5,-18,18,1263,1598,143,58,-4,3,139,61,40,100,-199
22061,Sep 8 2015,European Championship qual in Slovakia,Slovakia,Ukraine,1756,1819,0,0,-2,2,1754,1821,30,17,-1,-1,29,16,30,100,37
22062,Sep 8 2015,European Championship qual in Slovenia,Slovenia,Estonia,1628,1495,1,0,8,-8,1636,1487,50,93,3,-4,53,89,40,100,233
22063,Sep 8 2015,Friendly tournament in South Africa,South Africa,Senegal,1504,1679,1,0,18,-18,1522,1661,76,53,3,-4,79,49,30,100,-75
22064,Sep 8 2015,European Championship qual in Sweden,Sweden,Austria,1788,1750,1,4,-48,48,1740,1798,40,6,-10,12,30,18,40,100,138
22065,Sep 8 2015,World Cup & Asian Cup qual in Taiwan,Taiwan,Vietnam,783,1230,1,2,-5,5,778,1235,211,146,0,4,211,150,40,100,-347
22066,Sep 8 2015,World Cup & Asian Cup qual in Tajikistan,Tajikistan,Australia,1234,1733,0,3,-6,6,1228,1739,157,30,-3,1,154,31,40,100,-399
22067,Sep 8 2015,World Cup & Asian Cup qual in Thailand,Thailand,Iraq,1368,1533,2,2,4,-4,1372,1529,114,75,2,0,116,75,20,0,-165
22068,Sep 8 2015,Friendly in the United States,United States,Brazil,1806,2037,1,4,-11,11,1795,2048,22,3,-2,0,20,3,20,100,-131
22069,Sep 8 2015,Friendly in Venezuela,Venezuela,Panama,1670,1689,1,1,-2,2,1668,1691,45,43,1,0,46,43,20,100,81
22070,Sep 8 2015,Friendly in Zambia,Zambia,Gabon,1531,1492,1,1,-4,4,1527,1496,76,87,0,0,76,87,20,100,139
22071,Sep 12 2015,Friendly in Rwanda,Rwanda,Gabon,1404,1496,0,1,-10,10,1394,1506,110,77,-1,5,109,82,20,100,8
22072,Sep 30 2015,Friendly in Botswana,Botswana,Ethiopia,1293,1325,2,3,-12,12,1281,1337,134,124,0,3,134,127,20,100,68
22073,Oct 2 2015,Friendly in Oman,Oman,Syria,1500,1525,2,1,8,-8,1508,1517,75,80,5,-1,80,79,20,100,75
22074,Oct 3 2015,Friendly in Jordan,Jordan,Iraq,1498,1529,3,0,14,-14,1512,1515,74,83,6,-4,80,79,20,100,69
22075,Oct 7 2015,World Cup qualifier in the Comoros,Comoros,Lesotho,893,1203,0,0,11,-11,904,1192,201,161,1,0,202,161,30,0,-310
22076,Oct 7 2015,World Cup qualifier in Mauritius,Mauritius,Kenya,1090,1375,2,5,-18,18,1072,1393,183,106,-2,4,181,110,40,100,-185
22077,Oct 7 2015,World Cup qualifier in the Seychelles,Seychelles,Burundi,966,1334,0,1,-7,7,959,1341,195,122,-2,3,193,125,40,100,-268
22078,Oct 7 2015,World Cup qualifier in Tanzania,Tanzania,Malawi,1257,1375,2,0,32,-32,1289,1343,128,134,6,-10,134,124,40,100,-18
22079,Oct 8 2015,European Championship qual in Albania,Albania,Serbia,1609,1712,0,2,-30,30,1579,1742,71,23,-6,8,65,31,40,100,-3
22080,Oct 8 2015,World Cup qualifier in Argentina,Argentina,Ecuador,2067,1822,0,2,-53,53,2014,1875,4,11,-1,2,3,13,40,100,345
22081,Oct 8 2015,World Cup & Asian Cup qual in Bahrain,Bahrain,Uzbekistan,1446,1598,0,4,-32,32,1414,1630,116,43,-9,9,107,52,40,100,-52
22082,Oct 8 2015,World Cup & Asian Cup qual in Bhutan,Bhutan,Maldives,577,1022,3,4,-5,5,572,1027,231,183,0,2,231,185,40,100,-345
22083,Oct 8 2015,World Cup qualifier in Bolivia,Bolivia,Uruguay,1636,1873,0,2,-19,19,1617,1892,61,11,-4,1,57,12,40,100,-137
22084,Oct 8 2015,World Cup qualifier in Chile,Chile,Brazil,1977,2048,2,0,28,-28,2005,2020,5,1,0,1,5,2,40,100,29
22085,Oct 8 2015,World Cup qualifier in Colombia,Colombia,Peru,1998,1807,2,0,9,-9,2007,1798,4,17,0,0,4,17,40,100,291
22086,Oct 8 2015,Friendly in Costa Rica,Costa Rica,South Africa,1773,1522,0,1,-18,18,1755,1540,32,69,-5,4,27,73,20,100,351
22087,Oct 8 2015,Friendly in Belgium,DR Congo,Nigeria,1456,1652,2,0,23,-23,1479,1629,88,56,4,-3,92,53,20,0,-196
22088,Oct 8 2015,World Cup & Asian Cup qual in East Timor,East Timor,Palestine,718,1330,1,1,18,-18,736,1312,212,131,2,-1,214,130,40,100,-512
22089,Oct 8 2015,Friendly in France,France,Armenia,1939,1527,4,0,2,-2,1941,1525,8,81,0,-3,8,78,20,100,512
22090,Oct 8 2015,European Championship qual in Georgia,Georgia,Gibraltar,1483,1127,4,0,5,-5,1488,1122,87,176,2,-1,89,175,40,100,456
22091,Oct 8 2015,Friendly in Honduras,Honduras,Guatemala,1538,1444,1,1,-5,5,1533,1449,76,97,-1,1,75,98,20,100,194
22092,Oct 8 2015,European Championship qual in Hungary,Hungary,Faroe Islands,1678,1240,2,1,2,-2,1680,1238,43,154,1,-3,44,151,30,0,438
22093,Oct 8 2015,European Championship qual in Ireland,Ireland,Germany,1724,2119,1,0,34,-34,1758,2085,15,1,10,0,25,1,40,100,-295
22094,Oct 8 2015,World Cup & Asian Cup qual in Oman,Japan,Syria,1726,1517,3,0,16,-16,1742,1501,28,94,3,-8,31,86,40,0,209
22095,Oct 8 2015,World Cup & Asian Cup qual in Jordan,Jordan,Australia,1512,1739,2,0,41,-41,1553,1698,62,51,9,-10,71,41,40,100,-127
22096,Oct 8 2015,World Cup & Asian Cup qual in Kuwait,Kuwait,South Korea,1480,1769,0,1,-10,10,1470,1779,94,20,-1,2,93,22,40,100,-189
22097,Oct 8 2015,World Cup & Asian Cup qual in Kyrgyzstan,Kyrgyzstan,Tajikistan,1141,1228,2,2,-1,1,1140,1229,172,154,0,0,172,154,30,100,13
22098,Oct 8 2015,World Cup & Asian Cup qual in Thailand,Lebanon,Myanmar,1364,1034,2,0,8,-8,1372,1026,113,187,2,-1,115,186,40,0,330
22099,Oct 8 2015,World Cup qualifier in Liberia,Liberia,Guinea-Bissau,1317,1231,1,1,-10,10,1307,1241,133,148,-1,2,132,150,40,100,186
22100,Oct 8 2015,Friendly in Thailand,Malaysia,Laos,1133,834,3,1,5,-5,1138,829,173,208,0,0,173,208,20,0,299
22101,Oct 8 2015,World Cup & Asian Cup qual in North Korea,North Korea,Philippines,1546,1263,0,0,-16,16,1530,1279,81,134,-5,3,76,137,40,100,383
22102,Oct 8 2015,European Championship qual in Northern Ireland,Northern Ireland,Greece,1555,1630,3,1,28,-28,1583,1602,56,67,7,-6,63,61,40,100,25
22103,Oct 8 2015,World Cup & Asian Cup qual in Oman,Oman,Iran,1508,1733,1,1,7,-7,1515,1726,79,37,1,-2,80,35,40,100,-125
22104,Oct 8 2015,Friendly in Panama,Panama,Trinidad and Tobago,1691,1589,1,2,-15,15,1676,1604,47,57,-2,3,45,60,20,100,202
22105,Oct 8 2015,European Championship qual in Portugal,Portugal,Denmark,1905,1761,1,0,8,-8,1913,1753,9,31,1,-2,10,29,40,100,244
22106,Oct 8 2015,World Cup & Asian Cup qual in Qatar,Qatar,China,1558,1575,1,0,15,-15,1573,1560,65,69,1,-2,66,67,40,100,83
22107,Oct 8 2015,European Championship qual in Romania,Romania,Finland,1765,1597,1,1,-13,13,1752,1610,34,56,-4,3,30,59,40,100,268
22108,Oct 8 2015,World Cup qualifier in São Tomé and Príncipe,São Tomé and Príncipe,Ethiopia,1067,1337,1,0,29,-29,1096,1308,176,134,3,-3,179,131,40,100,-170
22109,Oct 8 2015,World Cup & Asian Cup qual in Saudi Arabia,Saudi Arabia,United Arab Emirates,1497,1643,2,1,23,-23,1520,1620,71,59,8,-4,79,55,40,100,-46
22110,Oct 8 2015,European Championship qual in Scotland,Scotland,Poland,1701,1735,2,2,-4,4,1697,1739,44,36,-2,-2,42,34,40,100,66
22111,Oct 8 2015,World Cup & Asian Cup qual in Singapore,Singapore,Afghanistan,1188,1088,1,0,10,-10,1198,1078,160,183,1,-2,161,181,40,100,200
22112,Oct 8 2015,World Cup qualifier in South Sudan,South Sudan,Mauritania,1088,1256,1,1,4,-4,1092,1252,181,145,-1,-2,180,143,20,0,-168
22113,Oct 8 2015,World Cup & Asian Cup qual in Turkmenistan,Turkmenistan,India,1237,1032,2,1,6,-6,1243,1026,145,186,2,0,147,186,40,100,305
22114,Oct 8 2015,World Cup qualifier in Venezuela,Venezuela,Paraguay,1668,1696,0,1,-24,24,1644,1720,52,30,-3,6,49,36,40,100,72
22115,Oct 8 2015,World Cup & Asian Cup qual in Vietnam,Vietnam,Iraq,1235,1515,1,1,10,-10,1245,1505,140,89,5,-5,145,84,30,0,-280
22116,Oct 9 2015,Friendly in Algeria,Algeria,Guinea,1684,1502,1,2,-17,17,1667,1519,47,75,-2,5,45,80,20,100,282
22117,Oct 9 2015,World Cup qualifier in Djibouti,Djibouti,Swaziland,786,1242,0,6,-10,10,776,1252,212,137,-1,6,211,143,40,100,-356
22118,Oct 9 2015,European Championship qual in England,England,Estonia,1948,1487,2,0,2,-2,1950,1485,7,90,0,0,7,90,20,0,461
22119,Oct 9 2015,World Cup qualifier in The Gambia,Gambia,Namibia,1347,1353,1,1,-5,5,1342,1358,125,118,-1,2,124,120,40,100,94
22120,Oct 9 2015,Friendly in the United States,Haiti,El Salvador,1487,1501,3,1,16,-16,1503,1485,82,94,4,-4,86,90,20,0,-14
22121,Oct 9 2015,European Championship qual in Liechtenstein,Liechtenstein,Sweden,1209,1740,0,2,-5,5,1204,1745,162,27,-2,3,160,30,40,100,-431
22122,Oct 9 2015,European Championship qual in Macedonia,Macedonia,Ukraine,1430,1821,0,2,-9,9,1421,1830,109,16,-3,0,106,16,40,100,-291
22123,Oct 9 2015,Friendly in France,Mali,Burkina Faso,1542,1440,4,1,13,-13,1555,1427,68,108,2,-4,70,104,20,0,102
22124,Oct 9 2015,European Championship qual in Moldova,Moldova,Russia,1368,1766,1,2,-6,6,1362,1772,117,22,0,1,117,23,40,100,-298
22125,Oct 9 2015,European Championship qual in Montenegro,Montenegro,Austria,1614,1798,2,3,-15,15,1599,1813,66,17,-4,0,62,17,40,100,-84
22126,Oct 9 2015,Friendly in Morocco,Morocco,Ivory Coast,1560,1718,0,1,-8,8,1552,1726,77,30,-5,4,72,34,20,100,-58
22127,Oct 9 2015,World Cup qualifier in Ethiopia,Niger,Somalia,1278,870,2,0,5,-5,1283,865,131,208,4,-1,135,207,40,0,408
22128,Oct 9 2015,European Championship qual in Slovakia,Slovakia,Belarus,1754,1557,0,1,-34,34,1720,1591,44,56,-8,7,36,63,40,100,297
22129,Oct 9 2015,European Championship qual in Slovenia,Slovenia,Lithuania,1636,1419,1,1,-14,14,1622,1433,57,96,-3,5,54,101,40,100,317
22130,Oct 9 2015,European Championship qual in Spain,Spain,Luxembourg,1976,1245,4,0,1,-1,1977,1244,6,149,0,-2,6,147,20,0,731
22131,Oct 9 2015,European Championship qual in Switzerland,Switzerland,San Marino,1797,884,7,0,0,0,1797,884,19,205,0,0,19,205,20,0,913
22132,Oct 9 2015,Friendly in Taiwan,Taiwan,Macao,778,619,5,1,7,-7,785,612,209,228,1,0,210,228,20,100,259
22133,Oct 9 2015,Friendly in Thailand,Thailand,Hong Kong,1372,1184,1,0,3,-3,1375,1181,115,164,0,0,115,164,20,100,288
22134,Oct 9 2015,Friendly in Tunisia,Tunisia,Gabon,1540,1506,3,3,-4,4,1536,1510,75,81,-1,1,74,82,20,100,134
22135,Oct 10 2015,European Championship qual in Andorra,Andorra,Belgium,961,1913,1,4,-1,1,960,1914,192,10,0,0,192,10,40,100,-852
22136,Oct 10 2015,European Championship qual in Azerbaijan,Azerbaijan,Italy,1432,1874,1,3,-7,7,1425,1881,108,14,-3,0,105,14,40,100,-342
22137,Oct 10 2015,European Championship qual in Bosnia and Herzegovina,Bosnia and Herzegovina,Wales,1720,1699,2,0,20,-20,1740,1679,28,46,4,-3,32,43,40,100,121
22138,Oct 10 2015,World Cup qualifier in Chad,Chad,Sierra Leone,1247,1339,1,0,20,-20,1267,1319,137,129,4,-1,141,128,40,100,8
22139,Oct 10 2015,European Championship qual in Croatia,Croatia,Bulgaria,1781,1583,3,0,11,-11,1792,1572,21,70,0,-3,21,67,40,100,298
22140,Oct 10 2015,European Championship qual in Czechia,Czechia,Turkey,1772,1756,0,2,-40,40,1732,1796,45,14,-11,6,34,20,40,100,116
22141,Oct 10 2015,World Cup qualifier in Eritrea,Eritrea,Botswana,1110,1281,0,2,-24,24,1086,1305,183,130,-3,3,180,133,40,100,-71
22142,Oct 10 2015,European Championship qual in Iceland,Iceland,Latvia,1715,1470,2,2,-15,15,1700,1485,39,87,0,3,39,90,40,100,345
22143,Oct 10 2015,European Championship qual in Israel,Israel,Cyprus,1619,1398,1,2,-35,35,1584,1433,70,94,-7,7,63,101,40,100,321
22144,Oct 10 2015,European Championship qual in Kazakhstan,Kazakhstan,Netherlands,1359,1922,1,2,-3,3,1356,1925,123,9,-2,0,121,9,40,100,-463
22145,Oct 10 2015,Friendly in Kosovo,Kosovo,Equatorial Guinea,1376,1356,2,0,10,-10,1386,1346,108,122,3,0,111,122,20,100,120
22146,Oct 10 2015,World Cup qualifier in Madagascar,Madagascar,Central African Republic,1255,1271,3,0,27,-27,1282,1244,133,152,4,-6,137,146,30,0,-16
22147,Oct 10 2015,European Championship qual in Norway,Norway,Malta,1667,1243,2,0,3,-3,1670,1240,45,152,0,-2,45,150,40,100,524
22148,Oct 10 2015,CONCACAF Cup in the United States,United States,Mexico,1795,1868,2,3,-22,22,1773,1890,26,11,-3,2,23,13,40,100,27
22149,Oct 11 2015,European Championship qual in Armenia,Armenia,Albania,1525,1579,0,3,-40,40,1485,1619,100,47,-11,9,89,56,40,100,46
22150,Oct 11 2015,Friendly in Denmark,Denmark,France,1753,1941,1,2,-8,8,1745,1949,29,8,-1,0,28,8,20,100,-88
22151,Oct 11 2015,Friendly in the United Arab Emirates,Egypt,Zambia,1640,1527,3,0,12,-12,1652,1515,48,81,1,-2,49,79,20,0,113
22152,Oct 11 2015,World Cup qualifier in Ethiopia,Ethiopia,São Tomé and Príncipe,1308,1096,3,0,10,-10,1318,1086,127,182,2,-2,129,180,40,100,312
22153,Oct 11 2015,European Championship qual in the Faroe Islands,Faroe Islands,Romania,1238,1752,0,3,-6,6,1232,1758,153,22,-1,3,152,25,40,100,-414
22154,Oct 11 2015,European Championship qual in Finland,Finland,Northern Ireland,1610,1583,1,1,-7,7,1603,1590,63,64,-3,0,60,64,40,100,127
22155,Oct 11 2015,European Championship qual in Germany,Germany,Georgia,2085,1488,2,1,1,-1,2086,1487,1,87,0,1,1,88,20,0,597
22156,Oct 11 2015,European Championship qual in Greece,Greece,Hungary,1602,1680,4,3,19,-19,1621,1661,49,52,5,-5,54,47,40,100,22
22157,Oct 11 2015,World Cup qualifier in Kenya,Kenya,Mauritius,1393,1072,0,0,-17,17,1376,1089,118,176,-4,3,114,179,40,100,421
22158,Oct 11 2015,World Cup qualifier in Malawi,Malawi,Tanzania,1343,1289,1,0,12,-12,1355,1277,121,145,1,-5,122,140,40,100,154
22159,Oct 11 2015,Friendly in Belgium,Nigeria,Cameroon,1629,1629,3,0,18,-18,1647,1611,48,64,2,-6,50,58,20,0,0
22160,Oct 11 2015,European Championship qual in Poland,Poland,Ireland,1739,1758,2,1,15,-15,1754,1743,21,35,6,-5,27,30,40,100,81
22161,Oct 11 2015,European Championship qual in Portugal,Scotland,Gibraltar,1697,1122,6,0,3,-3,1700,1119,37,177,2,-1,39,176,40,0,575
22162,Oct 11 2015,European Championship qual in Serbia,Serbia,Portugal,1742,1913,1,2,-16,16,1726,1929,38,7,-4,2,34,9,40,100,-71
22163,Oct 12 2015,European Championship qual in Austria,Austria,Liechtenstein,1813,1204,3,0,1,-1,1814,1203,15,160,1,0,16,160,20,0,609
22164,Oct 12 2015,European Championship qual in Belarus,Belarus,Macedonia,1591,1421,0,0,-13,13,1578,1434,67,95,-2,6,65,101,40,100,270
22165,Oct 12 2015,Friendly in Belgium,DR Congo,Gabon,1479,1510,2,1,11,-11,1490,1499,83,91,5,-5,88,86,20,0,-31
22166,Oct 12 2015,European Championship qual in Estonia,Estonia,Switzerland,1485,1797,0,1,-9,9,1476,1806,97,17,-4,1,93,18,40,100,-212
22167,Oct 12 2015,European Championship qual in Lithuania,Lithuania,England,1433,1950,0,3,-6,6,1427,1956,107,7,-3,0,104,7,40,100,-417
22168,Oct 12 2015,European Championship qual in Luxembourg,Luxembourg,Slovakia,1244,1720,2,4,-6,6,1238,1726,154,31,-4,3,150,34,40,100,-376
22169,Oct 12 2015,Friendly in Morocco,Morocco,Guinea,1552,1519,1,1,-4,4,1548,1523,72,76,0,1,72,77,20,100,133
22170,Oct 12 2015,European Championship qual in Russia,Russia,Montenegro,1772,1599,2,0,10,-10,1782,1589,20,64,2,-1,22,63,40,100,273
22171,Oct 12 2015,European Championship qual in San Marino,San Marino,Slovenia,884,1622,0,2,-1,1,883,1623,205,53,0,0,205,53,20,100,-638
22172,Oct 12 2015,European Championship qual in Sweden,Sweden,Moldova,1745,1362,2,0,4,-4,1749,1358,28,119,0,-1,28,118,30,0,383
22173,Oct 12 2015,European Championship qual in Ukraine,Ukraine,Spain,1830,1977,0,1,-17,17,1813,1994,18,6,-1,0,17,6,40,100,-47
22174,Oct 13 2015,Friendly in Algeria,Algeria,Senegal,1667,1661,1,0,7,-7,1674,1654,41,49,2,-1,43,48,20,100,106
22175,Oct 13 2015,World Cup & Asian Cup qual in Bahrain,Bahrain,Philippines,1414,1279,2,0,12,-12,1426,1267,102,142,3,-2,105,140,40,100,235
22176,Oct 13 2015,European Championship qual in Belgium,Belgium,Israel,1914,1584,3,1,5,-5,1919,1579,11,66,0,-1,11,65,40,100,430
22177,Oct 13 2015,World Cup & Asian Cup qual in Bhutan,Bhutan,Hong Kong,572,1181,0,1,-2,2,570,1183,231,162,0,1,231,163,30,100,-509
22178,Oct 13 2015,World Cup qualifier in Botswana,Botswana,Eritrea,1305,1086,3,1,8,-8,1313,1078,131,180,1,0,132,180,40,100,319
22179,Oct 13 2015,World Cup qualifier in Brazil,Brazil,Venezuela,2020,1644,3,1,4,-4,2024,1640,2,51,0,0,2,51,40,100,476
22180,Oct 13 2015,European Championship qual in Bulgaria,Bulgaria,Azerbaijan,1572,1425,2,0,12,-12,1584,1413,61,110,3,-2,64,108,40,100,247
22181,Oct 13 2015,World Cup qualifier in Burundi,Burundi,Seychelles,1341,959,2,0,4,-4,1345,955,123,195,1,-1,124,194,30,0,382
22182,Oct 13 2015,Friendly in the United States,Canada,Ghana,1507,1666,1,1,4,-4,1511,1662,80,46,1,0,81,46,20,0,-159
22183,Oct 13 2015,Friendly in Congo,Congo,Benin,1458,1384,2,1,5,-5,1463,1379,90,119,3,-4,93,115,20,100,174
22184,Oct 13 2015,European Championship qual in Cyprus,Cyprus,Bosnia and Herzegovina,1433,1740,2,3,-9,9,1424,1749,110,26,-4,3,106,29,40,100,-207
22185,Oct 13 2015,World Cup & Asian Cup qual in East Timor,East Timor,Malaysia,736,1138,0,1,-6,6,730,1144,214,173,0,0,214,173,40,100,-302
22186,Oct 13 2015,World Cup qualifier in Ecuador,Ecuador,Bolivia,1875,1617,2,0,7,-7,1882,1610,15,59,0,-1,15,58,40,100,358
22187,Oct 13 2015,Friendly in the United States,El Salvador,Guatemala,1485,1449,1,1,-1,1,1484,1450,92,98,-1,0,91,98,20,0,36
22188,Oct 13 2015,World Cup qualifier in Guinea-Bissau,Guinea-Bissau,Liberia,1241,1307,1,3,-33,33,1208,1340,168,120,-10,6,158,126,40,100,34
22189,Oct 13 2015,Friendly in Honduras,Honduras,South Africa,1533,1540,1,1,-3,3,1530,1543,77,73,-1,0,76,73,20,100,93
22190,Oct 13 2015,Friendly in Iran,Iran,Japan,1726,1742,1,1,-2,2,1724,1744,42,33,-4,-1,38,32,20,100,84
22191,Oct 13 2015,European Championship qual in Italy,Italy,Norway,1881,1670,2,1,6,-6,1887,1664,14,46,0,-1,14,45,40,100,311
22192,Oct 13 2015,World Cup & Asian Cup qual in Jordan,Jordan,Tajikistan,1553,1229,3,0,6,-6,1559,1223,67,154,2,0,69,154,40,100,424
22193,Oct 13 2015,World Cup & Asian Cup qual in Kuwait,Kuwait,Lebanon,1470,1372,0,0,-10,10,1460,1382,94,110,0,3,94,113,40,100,198
22194,Oct 13 2015,World Cup & Asian Cup qual in Kyrgyzstan,Kyrgyzstan,Bangladesh,1140,934,2,0,9,-9,1149,925,170,200,1,-1,171,199,40,100,306
22195,Oct 13 2015,European Championship qual in Latvia,Latvia,Kazakhstan,1485,1356,0,1,-32,32,1453,1388,104,101,-7,10,97,111,40,100,229
22196,Oct 13 2015,World Cup qualifier in Lesotho,Lesotho,Comoros,1192,904,1,1,-16,16,1176,920,166,198,-2,2,164,200,40,100,388
22197,Oct 13 2015,World Cup qualifier in Madagascar,Madagascar,Central African Republic,1282,1244,2,2,-8,8,1274,1252,142,140,-3,3,139,143,40,100,138
22198,Oct 13 2015,European Championship qual in Malta,Malta,Croatia,1240,1792,0,1,-3,3,1237,1795,147,19,1,1,148,20,40,100,-452
22199,Oct 13 2015,World Cup qualifier in Mauritania,Mauritania,South Sudan,1252,1092,4,0,14,-14,1266,1078,139,182,2,-2,141,180,40,100,260
22200,Oct 13 2015,Friendly in Mexico,Mexico,Panama,1890,1676,1,0,3,-3,1893,1673,11,45,1,-1,12,44,20,100,314
22201,Oct 13 2015,World Cup & Asian Cup qual in Thailand,Myanmar,Laos,1026,829,3,1,15,-15,1041,814,184,208,1,0,185,208,40,0,197
22202,Oct 13 2015,World Cup qualifier in Namibia,Namibia,Gambia,1358,1342,2,1,14,-14,1372,1328,118,132,0,-4,118,128,30,0,16
22203,Oct 13 2015,European Championship qual in the Netherlands,Netherlands,Czechia,1925,1732,2,3,-34,34,1891,1766,16,17,-3,8,13,25,40,100,293
22204,Oct 13 2015,World Cup qualifier in Niger,Niger,Somalia,1283,865,4,0,4,-4,1287,861,135,207,0,0,135,207,40,100,518
22205,Oct 13 2015,World Cup & Asian Cup qual in North Korea,North Korea,Yemen,1530,1156,1,0,2,-2,1532,1154,74,170,1,0,75,170,20,0,374
22206,Oct 13 2015,World Cup & Asian Cup qual in Oman,Oman,India,1515,1026,3,0,2,-2,1517,1024,79,188,0,-1,79,187,20,0,489
22207,Oct 13 2015,World Cup qualifier in Paraguay,Paraguay,Argentina,1720,2014,0,0,10,-10,1730,2004,30,5,4,-1,34,4,30,0,-294
22208,Oct 13 2015,World Cup qualifier in Peru,Peru,Chile,1798,2005,3,4,-14,14,1784,2019,25,1,-3,2,22,3,40,100,-107
22209,Oct 13 2015,World Cup & Asian Cup qual in Qatar,Qatar,Maldives,1573,1027,4,0,2,-2,1575,1025,68,187,-1,-1,67,186,20,0,546
22210,Oct 13 2015,World Cup qualifier in Nigeria,Sierra Leone,Chad,1319,1267,2,1,17,-17,1336,1250,126,149,1,-4,127,145,40,0,52
22211,Oct 13 2015,World Cup & Asian Cup qual in Singapore,Singapore,Cambodia,1198,730,2,1,1,-1,1199,729,161,215,0,0,161,215,20,0,468
22212,Oct 13 2015,Friendly in South Korea,South Korea,Jamaica,1779,1601,3,0,6,-6,1785,1595,19,59,2,1,21,60,20,100,278
22213,Oct 13 2015,World Cup & Asian Cup qual in Oman,Syria,Afghanistan,1501,1078,5,2,6,-6,1507,1072,81,182,2,0,83,182,40,0,423
22214,Oct 13 2015,Friendly in Trinidad and Tobago,Trinidad and Tobago,Nicaragua,1604,1205,0,0,-9,9,1595,1214,61,153,-1,3,60,156,20,100,499
22215,Oct 13 2015,European Championship qual in Turkey,Turkey,Iceland,1796,1700,1,0,10,-10,1806,1690,16,43,2,-2,18,41,40,100,196
22216,Oct 13 2015,World Cup & Asian Cup qual in Turkmenistan,Turkmenistan,Guam,1243,894,1,0,3,-3,1246,891,145,203,1,0,146,203,40,100,449
22217,Oct 13 2015,World Cup qualifier in Uruguay,Uruguay,Colombia,1892,2007,3,0,37,-37,1929,1970,6,8,3,-2,9,6,40,100,-15
22218,Oct 13 2015,Friendly in the United States,United States,Costa Rica,1773,1755,0,1,-13,13,1760,1768,28,22,-2,2,26,24,20,100,118
22219,Oct 13 2015,World Cup & Asian Cup qual in Vietnam,Vietnam,Thailand,1245,1375,0,3,-32,32,1213,1407,169,103,-12,6,157,109,40,100,-30
22220,Oct 13 2015,European Championship qual in Wales,Wales,Andorra,1679,960,2,0,1,-1,1680,959,42,192,0,0,42,192,30,0,719
22221,Oct 17 2015,World Cup qualifier in Swaziland,Swaziland,Djibouti,1252,776,2,1,1,-1,1253,775,141,211,1,0,142,211,20,0,476
22222,Nov 3 2015,Friendly in Cambodia,Cambodia,Brunei,729,611,6,1,9,-9,738,602,213,229,1,0,214,229,20,100,218
22223,Nov 4 2015,Friendly in St Vincent & Grenadines,St Vincent & Grenadines,Antigua and Barbuda,1176,1253,2,1,9,-9,1185,1244,162,150,1,-4,163,146,20,100,23
22224,Nov 5 2015,Friendly in the United Arab Emirates,United Arab Emirates,Turkmenistan,1620,1246,5,1,2,-2,1622,1244,53,145,1,0,54,145,20,100,474
22225,Nov 6 2015,Friendly tournament in Angola,Angola,Namibia,1439,1372,1,0,8,-8,1447,1364,98,118,1,0,99,118,20,0,67
22226,Nov 6 2015,Friendly tournament in Angola,DR Congo,Zambia,1490,1515,3,0,28,-28,1518,1487,70,96,9,-8,79,88,30,0,-25
22227,Nov 7 2015,Friendly tournament in Angola,Angola,DR Congo,1447,1518,1,0,14,-14,1461,1504,89,89,5,-5,94,84,30,100,29
22228,Nov 7 2015,Friendly in Hong Kong,Hong Kong,Myanmar,1183,1041,5,0,8,-8,1191,1033,160,185,2,0,162,185,20,100,242
22229,Nov 7 2015,Friendly tournament in Angola,Namibia,Zambia,1364,1487,0,0,5,-5,1369,1482,118,94,0,-3,118,91,30,0,-123
22230,Nov 7 2015,Friendly in Vanuatu,Vanuatu,Fiji,1174,1281,1,1,0,0,1174,1281,167,136,0,0,167,136,20,100,-7
22231,Nov 9 2015,World Cup & Asian Cup qual in Jordan,Palestine,Saudi Arabia,1312,1520,0,0,11,-11,1323,1509,127,82,3,-2,130,80,40,0,-208
22232,Nov 10 2015,Friendly in Vanuatu,Vanuatu,Fiji,1174,1281,2,1,10,-10,1184,1271,163,142,2,-3,165,139,20,100,-7
22233,Nov 11 2015,Friendly in Estonia,Estonia,Georgia,1476,1487,3,0,13,-13,1489,1474,84,94,4,-3,88,91,20,100,89
22234,Nov 11 2015,Friendly in Turkey,Jordan,Malta,1559,1237,2,0,4,-4,1563,1233,67,150,1,-1,68,149,20,0,322
22235,Nov 11 2015,World Cup qualifier in Mozambique,Mozambique,Gabon,1314,1499,1,0,25,-25,1339,1474,120,96,6,-5,126,91,40,100,-85
22236,Nov 11 2015,World Cup qualifier in Sudan,Sudan,Zambia,1341,1482,0,1,-18,18,1323,1500,135,81,-5,5,130,86,40,100,-41
22237,Nov 12 2015,World Cup & Asian Cup qual in Iran,Afghanistan,Cambodia,1072,738,3,0,9,-9,1081,729,178,216,2,-1,180,215,40,0,334
22238,Nov 12 2015,Friendly in Andorra,Andorra,Saint Kitts and Nevis,959,1231,0,1,-5,5,954,1236,196,143,-2,4,194,147,20,100,-172
22239,Nov 12 2015,World Cup & Asian Cup qual in Australia,Australia,Kyrgyzstan,1698,1149,3,0,2,-2,1700,1147,38,171,1,0,39,171,30,0,549
22240,Nov 12 2015,World Cup qualifier in Benin,Benin,Burkina Faso,1379,1427,2,1,17,-17,1396,1410,105,113,5,-5,110,108,30,0,-48
22241,Nov 12 2015,World Cup qualifier in Bolivia,Bolivia,Venezuela,1610,1640,4,2,24,-24,1634,1616,46,63,6,-6,52,57,30,0,-30
22242,Nov 12 2015,World Cup qualifier in Burundi,Burundi,DR Congo,1345,1504,2,3,-17,17,1328,1521,132,70,-4,7,128,77,40,100,-59
22243,Nov 12 2015,World Cup qualifier in Chile,Chile,Colombia,2019,1970,1,1,-8,8,2011,1978,3,6,0,0,3,6,40,100,149
22244,Nov 12 2015,World Cup & Asian Cup qual in China,China,Bhutan,1560,570,12,0,0,0,1560,570,69,231,0,0,69,231,20,0,990
22245,Nov 12 2015,World Cup qualifier in Ecuador,Ecuador,Uruguay,1882,1929,2,1,17,-17,1899,1912,9,13,3,-2,12,11,30,0,-47
22246,Nov 12 2015,World Cup & Asian Cup qual in India,India,Guam,1024,891,1,0,8,-8,1032,883,183,205,2,-1,185,204,40,100,233
22247,Nov 12 2015,World Cup & Asian Cup qual in Iran,Iran,Turkmenistan,1724,1244,3,1,2,-2,1726,1242,32,145,3,0,35,145,20,0,480
22248,Nov 12 2015,World Cup & Asian Cup qual in Lebanon,Lebanon,Laos,1382,814,7,0,2,-2,1384,812,115,208,-1,0,114,208,20,0,568
22249,Nov 12 2015,Friendly in Macedonia,Macedonia,Montenegro,1434,1589,4,1,20,-20,1454,1569,95,71,3,-4,98,67,20,100,-55
22250,Nov 12 2015,World Cup & Asian Cup qual in the Maldives,Maldives,Hong Kong,1025,1191,0,1,-16,16,1009,1207,188,158,-1,2,187,160,40,100,-66
22251,Nov 12 2015,World Cup qualifier in Morocco,Morocco,Equatorial Guinea,1548,1346,2,0,9,-9,1557,1337,70,129,1,-3,71,126,40,100,302
22252,Nov 12 2015,World Cup qualifier in Namibia,Namibia,Guinea,1369,1523,0,1,-17,17,1352,1540,126,71,-4,3,122,74,40,100,-54
22253,Nov 12 2015,European Championship qual in Norway,Norway,Hungary,1664,1661,0,1,-26,26,1638,1687,57,37,-6,5,51,42,40,100,103
22254,Nov 12 2015,Friendly in Oman,Oman,New Zealand,1517,1508,0,1,-13,13,1504,1521,92,73,-7,4,85,77,20,100,109
22255,Nov 12 2015,World Cup & Asian Cup qual in Jordan,Palestine,Malaysia,1323,1144,6,0,22,-22,1345,1122,116,175,7,-1,123,174,40,0,179
22256,Nov 12 2015,World Cup & Asian Cup qual in the Philippines,Philippines,Yemen,1267,1154,0,1,-31,31,1236,1185,154,158,-7,6,147,164,40,100,213
22257,Nov 12 2015,World Cup & Asian Cup qual in Singapore,Singapore,Japan,1199,1744,0,3,-5,5,1194,1749,163,26,-1,3,162,29,40,100,-445
22258,Nov 12 2015,World Cup & Asian Cup qual in South Korea,South Korea,Myanmar,1785,1033,4,0,1,-1,1786,1032,21,185,0,0,21,185,30,0,752
22259,Nov 12 2015,World Cup & Asian Cup qual in Tajikistan,Tajikistan,Bangladesh,1223,925,5,0,7,-7,1230,918,150,201,2,-1,152,200,40,100,398
22260,Nov 12 2015,World Cup & Asian Cup qual in Thailand,Thailand,Taiwan,1407,785,4,2,1,-1,1408,784,109,210,0,0,109,210,20,0,622
22261,Nov 12 2015,World Cup qualifier in Togo,Togo,Uganda,1443,1491,0,1,-23,23,1420,1514,112,73,-6,7,106,80,40,100,52
22262,Nov 12 2015,World Cup & Asian Cup qual in the United Arab Emirates,United Arab Emirates,East Timor,1622,730,8,0,0,0,1622,730,54,213,0,1,54,214,20,0,892
22263,Nov 12 2015,World Cup & Asian Cup qual in Uzbekistan,Uzbekistan,North Korea,1630,1532,3,1,15,-15,1645,1517,48,83,2,-4,50,79,40,100,198
22264,Nov 13 2015,World Cup qualifier in Angola,Angola,South Africa,1461,1543,1,3,-32,32,1429,1575,106,57,-6,8,100,65,40,100,18
22265,Nov 13 2015,World Cup qualifier in Argentina,Argentina,Brazil,2004,2024,1,1,-5,5,1999,2029,6,2,-1,0,5,2,40,100,80
22266,Nov 13 2015,Friendly in Belgium,Belgium,Italy,1919,1887,3,1,10,-10,1929,1877,8,15,1,0,9,15,20,100,132
22267,Nov 13 2015,European Championship qual in Bosnia and Herzegovina,Bosnia and Herzegovina,Ireland,1749,1743,1,1,-6,6,1743,1749,37,25,-4,4,33,29,40,100,106
22268,Nov 13 2015,World Cup qualifier in Canada,Canada,Honduras,1511,1530,1,0,15,-15,1526,1515,71,84,5,-4,76,80,40,100,81
22269,Nov 13 2015,World Cup qualifier in the Comoros,Comoros,Ghana,920,1662,0,0,19,-19,939,1643,195,50,2,-2,197,48,40,0,-742
22270,Nov 13 2015,World Cup qualifier in Costa Rica,Costa Rica,Haiti,1768,1503,1,0,4,-4,1772,1499,26,88,-1,-1,25,87,20,0,265
22271,Nov 13 2015,Friendly in Czechia,Czechia,Serbia,1766,1726,4,1,11,-11,1777,1715,23,41,1,-3,24,38,20,100,140
22272,Nov 13 2015,Friendly in France,France,Germany,1949,2086,2,0,17,-17,1966,2069,6,1,1,0,7,1,20,100,-37
22273,Nov 13 2015,World Cup qualifier in Guatemala,Guatemala,Trinidad and Tobago,1450,1595,1,2,-17,17,1433,1612,98,56,1,2,99,58,40,100,-45
22274,Nov 13 2015,World Cup qualifier in Jamaica,Jamaica,Panama,1595,1673,0,2,-32,32,1563,1705,76,33,-8,6,68,39,40,100,22
22275,Nov 13 2015,World Cup qualifier in Kenya,Kenya,Cape Verde,1376,1558,1,0,25,-25,1401,1533,103,80,7,-5,110,75,40,100,-82
22276,Nov 13 2015,Friendly in Kosovo,Kosovo,Albania,1386,1619,2,2,4,-4,1390,1615,111,58,1,-1,112,57,20,100,-133
22277,Nov 13 2015,World Cup qualifier in Liberia,Liberia,Ivory Coast,1340,1726,0,1,-6,6,1334,1732,130,35,-3,0,127,35,40,100,-286
22278,Nov 13 2015,World Cup qualifier in Tunisia,Libya,Rwanda,1460,1394,1,0,16,-16,1476,1378,87,123,4,-6,91,117,40,0,66
22279,Nov 13 2015,Friendly in Luxembourg,Luxembourg,Greece,1238,1621,1,0,17,-17,1255,1604,136,63,5,-4,141,59,20,100,-283
22280,Nov 13 2015,World Cup qualifier in Madagascar,Madagascar,Senegal,1274,1654,2,2,13,-13,1287,1641,132,51,3,-2,135,49,40,100,-280
22281,Nov 13 2015,World Cup qualifier in Mauritania,Mauritania,Tunisia,1266,1536,1,2,-11,11,1255,1547,142,71,-1,2,141,73,40,100,-170
22282,Nov 13 2015,World Cup qualifier in Mexico,Mexico,El Salvador,1893,1484,3,0,4,-4,1897,1480,15,90,-1,0,14,90,40,100,509
22283,Nov 13 2015,World Cup qualifier in Niger,Niger,Cameroon,1287,1611,0,3,-15,15,1272,1626,141,48,-3,5,138,53,40,100,-224
22284,Nov 13 2015,Friendly in Northern Ireland,Northern Ireland,Latvia,1590,1453,1,0,4,-4,1594,1449,60,97,1,1,61,98,20,100,237
22285,Nov 13 2015,World Cup qualifier in Peru,Peru,Paraguay,1784,1730,1,0,12,-12,1796,1718,18,40,2,-3,20,37,40,100,154
22286,Nov 13 2015,Friendly in Poland,Poland,Iceland,1754,1690,4,2,8,-8,1762,1682,24,45,2,-2,26,43,20,100,164
22287,Nov 13 2015,Friendly in Qatar,Qatar,Turkey,1575,1806,1,2,-6,6,1569,1812,66,18,0,0,66,18,20,100,-131
22288,Nov 13 2015,Friendly in Slovakia,Slovakia,Switzerland,1726,1806,3,2,9,-9,1735,1797,33,20,1,-1,34,19,20,100,20
22289,Nov 13 2015,Friendly in Spain,Spain,England,1994,1956,2,0,9,-9,2003,1947,3,9,1,-1,4,8,20,100,138
22290,Nov 13 2015,World Cup qualifier in Swaziland,Swaziland,Nigeria,1253,1647,0,0,14,-14,1267,1633,139,55,1,-3,140,52,40,100,-294
22291,Nov 13 2015,World Cup qualifier in the United States,United States,St Vincent & Grenadines,1760,1185,6,1,2,-2,1762,1183,26,168,0,-2,26,166,30,0,575
22292,Nov 13 2015,Friendly in Wales,Wales,Netherlands,1680,1891,2,3,-7,7,1673,1898,47,12,-2,1,45,13,20,100,-111
22293,Nov 14 2015,World Cup qualifier in Botswana,Botswana,Mali,1313,1555,2,1,28,-28,1341,1527,115,78,9,-3,124,75,40,100,-142
22294,Nov 14 2015,World Cup qualifier in Chad,Chad,Egypt,1250,1652,1,0,34,-34,1284,1618,130,62,7,-8,137,54,40,100,-302
22295,Nov 14 2015,World Cup qualifier in Ethiopia,Ethiopia,Congo,1318,1463,3,4,-17,17,1301,1480,136,88,-2,3,134,91,40,100,-45
22296,Nov 14 2015,World Cup qualifier in Gabon,Gabon,Mozambique,1474,1339,1,0,8,-8,1482,1331,88,132,2,-4,90,128,40,100,235
22297,Nov 14 2015,Friendly in Russia,Russia,Portugal,1782,1929,1,0,11,-11,1793,1918,21,11,1,-1,22,10,20,100,-47
22298,Nov 14 2015,European Championship qual in Sweden,Sweden,Denmark,1749,1745,2,1,14,-14,1763,1731,23,38,3,-3,26,35,40,100,104
22299,Nov 14 2015,World Cup qualifier in Tanzania,Tanzania,Algeria,1277,1674,2,2,14,-14,1291,1660,133,46,2,-1,135,45,40,100,-297
22300,Nov 14 2015,European Championship qual in Ukraine,Ukraine,Slovenia,1813,1623,2,0,10,-10,1823,1613,15,60,1,-3,16,57,40,100,290
22301,Nov 15 2015,World Cup qualifier in the Dem Rep of the Congo,DR Congo,Burundi,1521,1328,2,2,-14,14,1507,1342,89,119,-6,5,83,124,40,100,293
22302,Nov 15 2015,World Cup qualifier in Equatorial Guinea,Equatorial Guinea,Morocco,1337,1557,1,0,27,-27,1364,1530,111,79,7,-4,118,75,40,100,-120
22303,Nov 15 2015,World Cup qualifier in Morocco,Guinea,Namibia,1540,1352,2,0,15,-15,1555,1337,69,130,2,-4,71,126,40,0,188
22304,Nov 15 2015,European Championship qual in Hungary,Hungary,Norway,1687,1638,2,1,12,-12,1699,1626,42,53,0,-2,42,51,40,100,149
22305,Nov 15 2015,World Cup qualifier in Uganda,Uganda,Togo,1514,1420,3,0,17,-17,1531,1403,67,112,7,-3,74,109,40,100,194
22306,Nov 15 2015,World Cup qualifier in Zambia,Zambia,Sudan,1500,1323,2,0,10,-10,1510,1313,76,132,5,0,81,132,40,100,277
22307,Nov 16 2015,Friendly in Albania,Albania,Georgia,1615,1474,2,2,-6,6,1609,1480,60,88,-2,3,58,91,20,100,241
22308,Nov 16 2015,European Championship qual in Ireland,Ireland,Bosnia and Herzegovina,1749,1743,2,0,21,-21,1770,1722,22,40,4,-4,26,36,40,100,106
22309,Nov 17 2015,World Cup qualifier in Algeria,Algeria,Tanzania,1660,1291,7,0,6,-6,1666,1285,45,137,0,-1,45,136,40,100,469
22310,Nov 17 2015,Friendly in Austria,Austria,Switzerland,1814,1797,1,2,-13,13,1801,1810,23,17,-3,1,20,18,20,100,117
22311,Nov 17 2015,Friendly in Azerbaijan,Azerbaijan,Moldova,1413,1358,2,1,6,-6,1419,1352,106,122,0,-1,106,121,20,100,155
22312,Nov 17 2015,World Cup & Asian Cup qual in Bangladesh,Bangladesh,Australia,918,1700,0,4,-1,1,917,1701,200,38,0,1,200,39,20,100,-682
22313,Nov 17 2015,World Cup & Asian Cup qual in Bhutan,Bhutan,Qatar,570,1569,0,3,0,0,570,1569,231,68,0,-1,231,67,20,0,-999
22314,Nov 17 2015,World Cup qualifier in Brazil,Brazil,Peru,2029,1796,3,0,9,-9,2038,1787,2,24,0,-2,2,22,40,100,333
22315,Nov 17 2015,World Cup qualifier in Burkina Faso,Burkina Faso,Benin,1410,1396,2,0,20,-20,1430,1376,93,121,7,-5,100,116,40,100,114
22316,Nov 17 2015,World Cup & Asian Cup qual in Cambodia,Cambodia,Japan,729,1749,0,2,0,0,729,1749,213,31,1,0,214,31,20,0,-1020
22317,Nov 17 2015,World Cup qualifier in Cameroon,Cameroon,Niger,1626,1272,0,0,-17,17,1609,1289,63,131,-6,4,57,135,40,100,454
22318,Nov 17 2015,World Cup qualifier in Cape Verde,Cape Verde,Kenya,1533,1401,2,0,12,-12,1545,1389,71,114,1,-2,72,112,40,100,232
22319,Nov 17 2015,World Cup qualifier in Colombia,Colombia,Argentina,1978,1999,0,1,-24,24,1954,2023,8,1,-1,2,7,3,40,100,79
22320,Nov 17 2015,World Cup qualifier in Congo,Congo,Ethiopia,1480,1301,2,1,7,-7,1487,1294,85,134,3,0,88,134,40,100,279
22321,Nov 17 2015,European Championship qual in Denmark,Denmark,Sweden,1731,1763,2,2,-4,4,1727,1767,36,27,-1,0,35,27,40,100,68
22322,Nov 17 2015,World Cup & Asian Cup qual in East Timor,East Timor,Saudi Arabia,730,1509,0,10,-2,2,728,1511,216,80,-1,1,215,81,30,100,-679
22323,Nov 17 2015,World Cup qualifier in Egypt,Egypt,Chad,1618,1284,4,0,6,-6,1624,1278,50,141,2,-2,52,139,40,100,434
22324,Nov 17 2015,World Cup qualifier in El Salvador,El Salvador,Canada,1480,1526,0,0,-3,3,1477,1529,93,77,-1,0,92,77,40,100,54
22325,Nov 17 2015,Friendly in England,England,France,1947,1966,2,0,12,-12,1959,1954,4,7,2,0,6,7,20,100,81
22326,Nov 17 2015,Friendly in Estonia,Estonia,Saint Kitts and Nevis,1489,1236,3,0,4,-4,1493,1232,86,153,1,-3,87,150,20,100,353
22327,Nov 17 2015,World Cup qualifier in Ghana,Ghana,Comoros,1643,939,2,0,1,-1,1644,938,49,197,-1,0,48,197,20,0,704
22328,Nov 17 2015,World Cup & Asian Cup qual in Guam,Guam,Iran,883,1726,0,6,-1,1,882,1727,206,35,-1,0,205,35,20,100,-743
22329,Nov 17 2015,World Cup qualifier in Haiti,Haiti,Jamaica,1499,1563,0,1,-22,22,1477,1585,97,56,-5,6,92,62,40,100,36
22330,Nov 17 2015,World Cup qualifier in Honduras,Honduras,Mexico,1515,1897,0,2,-10,10,1505,1907,92,12,-6,1,86,13,40,100,-282
22331,Nov 17 2015,World Cup & Asian Cup qual in Hong Kong,Hong Kong,China,1207,1560,0,0,12,-12,1219,1548,150,72,5,-1,155,71,30,0,-353
22332,Nov 17 2015,Friendly in Italy,Italy,Romania,1877,1758,2,2,-6,6,1871,1764,15,28,0,1,15,29,20,100,219
22333,Nov 17 2015,World Cup qualifier in Ivory Coast,Ivory Coast,Liberia,1732,1334,3,0,4,-4,1736,1330,33,130,0,-1,33,129,40,100,498
22334,Nov 17 2015,World Cup & Asian Cup qual in Kyrgyzstan,Kyrgyzstan,Jordan,1147,1563,1,0,34,-34,1181,1529,159,86,6,-9,165,77,40,100,-316
22335,Nov 17 2015,World Cup & Asian Cup qual in Laos,Laos,South Korea,812,1786,0,5,-1,1,811,1787,208,21,0,1,208,22,40,100,-874
22336,Nov 17 2015,Friendly in Luxembourg,Luxembourg,Portugal,1255,1918,0,2,-1,1,1254,1919,144,12,-1,-1,143,11,20,0,-663
22337,Nov 17 2015,Friendly in Macedonia,Macedonia,Lebanon,1454,1384,0,1,-15,15,1439,1399,101,106,-2,4,99,110,20,100,170
22338,Nov 17 2015,World Cup & Asian Cup qual in Malaysia,Malaysia,United Arab Emirates,1122,1622,1,2,-4,4,1118,1626,178,47,-2,3,176,50,40,100,-400
22339,Nov 17 2015,World Cup qualifier in Mali,Mali,Botswana,1527,1341,2,0,10,-10,1537,1331,70,129,3,-2,73,127,40,100,286
22340,Nov 17 2015,World Cup qualifier in Nigeria,Nigeria,Swaziland,1633,1267,2,0,4,-4,1637,1263,48,143,1,-1,49,142,40,100,466
22341,Nov 17 2015,World Cup & Asian Cup qual in North Korea,North Korea,Bahrain,1517,1426,2,0,15,-15,1532,1411,69,111,5,-4,74,107,40,100,191
22342,Nov 17 2015,World Cup qualifier in Panama,Panama,Costa Rica,1705,1772,1,2,-22,22,1683,1794,45,17,-3,4,42,21,40,100,33
22343,Nov 17 2015,World Cup qualifier in Paraguay,Paraguay,Bolivia,1718,1634,2,1,10,-10,1728,1624,31,55,3,-3,34,52,40,100,184
22344,Nov 17 2015,Friendly in Poland,Poland,Czechia,1762,1777,3,1,11,-11,1773,1766,22,32,3,-4,25,28,20,100,85
22345,Nov 17 2015,Friendly in Russia,Russia,Croatia,1793,1795,1,3,-19,19,1774,1814,26,13,-2,4,24,17,20,100,98
22346,Nov 17 2015,World Cup qualifier in Rwanda,Rwanda,Libya,1378,1476,1,3,-30,30,1348,1506,127,76,-5,9,122,85,40,100,2
22347,Nov 17 2015,World Cup qualifier in Senegal,Senegal,Madagascar,1641,1287,3,0,5,-5,1646,1282,46,138,1,-1,47,137,40,100,454
22348,Nov 17 2015,World Cup & Asian Cup qual in Singapore,Singapore,Syria,1194,1507,1,2,-9,9,1185,1516,164,77,-1,3,163,80,40,100,-213
22349,Nov 17 2015,Friendly in Slovakia,Slovakia,Iceland,1735,1682,3,1,9,-9,1744,1673,32,43,0,0,32,43,20,100,153
22350,Nov 17 2015,European Championship qual in Slovenia,Slovenia,Ukraine,1613,1823,1,1,6,-6,1619,1817,52,16,2,0,54,16,40,100,-110
22351,Nov 17 2015,World Cup qualifier in South Africa,South Africa,Angola,1575,1429,1,0,8,-8,1583,1421,63,110,1,-5,64,105,40,100,246
22352,Nov 17 2015,World Cup qualifier in St Vincent & Grenadines,St Vincent & Grenadines,Guatemala,1183,1433,0,4,-22,22,1161,1455,176,93,-5,3,171,96,40,100,-150
22353,Nov 17 2015,World Cup & Asian Cup qual in Taiwan,Taiwan,Iraq,784,1505,0,2,-2,2,782,1507,210,81,0,2,210,83,40,100,-621
22354,Nov 17 2015,World Cup qualifier in Trinidad and Tobago,Trinidad and Tobago,United States,1612,1762,0,0,3,-3,1615,1759,53,32,2,-2,55,30,40,100,-50
22355,Nov 17 2015,World Cup qualifier in Tunisia,Tunisia,Mauritania,1547,1255,2,1,4,-4,1551,1251,68,148,2,-3,70,145,40,100,392
22356,Nov 17 2015,Friendly in Turkey,Turkey,Greece,1812,1604,0,0,-7,7,1805,1611,20,53,-1,3,19,56,20,100,308
22357,Nov 17 2015,World Cup & Asian Cup qual in Turkmenistan,Turkmenistan,Oman,1242,1504,2,1,29,-29,1271,1475,134,102,6,-8,140,94,40,100,-162
22358,Nov 17 2015,World Cup qualifier in Uruguay,Uruguay,Chile,1912,2011,3,0,35,-35,1947,1976,7,7,2,-2,9,5,40,100,1
22359,Nov 17 2015,World Cup & Asian Cup qual in Qatar,Uzbekistan,Yemen,1645,1185,3,1,4,-4,1649,1181,46,166,0,-1,46,165,40,0,460
22360,Nov 17 2015,World Cup qualifier in Venezuela,Venezuela,Ecuador,1616,1899,1,3,-16,16,1600,1915,65,12,-5,0,60,12,40,100,-183
22361,Nov 21 2015,CECAFA Cup in Ethiopia,Burundi,Zanzibar,1342,1279,1,0,16,-16,1358,1263,116,144,4,-3,120,141,40,0,63
22362,Nov 21 2015,CECAFA Cup in Ethiopia,Ethiopia,Rwanda,1294,1348,0,1,-23,23,1271,1371,142,112,-4,5,138,117,40,100,46
22363,Nov 22 2015,CECAFA Cup in Ethiopia,Kenya,Uganda,1389,1531,2,0,42,-42,1431,1489,88,99,12,-12,100,87,40,0,-142
22364,Nov 22 2015,CECAFA Cup in Ethiopia,Tanzania,Somalia,1285,861,4,0,6,-6,1291,855,133,207,1,0,134,207,40,0,424
22365,Nov 23 2015,CECAFA Cup in Ethiopia,Malawi,Sudan,1355,1313,2,1,18,-18,1373,1295,112,134,5,-1,117,133,40,0,42
22366,Nov 23 2015,CECAFA Cup in Ethiopia,South Sudan,Djibouti,1078,775,2,0,9,-9,1087,766,177,211,2,0,179,211,40,0,303
22367,Nov 24 2015,CECAFA Cup in Ethiopia,Tanzania,Rwanda,1291,1371,2,1,25,-25,1316,1346,130,128,2,-5,132,123,40,0,-80
22368,Nov 24 2015,CECAFA Cup in Ethiopia,Uganda,Zanzibar,1489,1263,4,0,16,-16,1505,1247,83,149,2,-4,85,145,40,0,226
22369,Nov 25 2015,CECAFA Cup in Ethiopia,Burundi,Kenya,1358,1431,1,1,4,-4,1362,1427,118,104,1,-2,119,102,40,0,-73
22370,Nov 25 2015,CECAFA Cup in Ethiopia,Ethiopia,Somalia,1271,855,2,0,3,-3,1274,852,138,207,0,0,138,207,20,0,416
22371,Nov 25 2015,CECAFA Cup in Ethiopia,Malawi,Djibouti,1373,766,3,0,2,-2,1375,764,117,213,0,-1,117,212,30,0,607
22372,Nov 25 2015,CECAFA Cup in Ethiopia,South Sudan,Sudan,1087,1295,0,0,11,-11,1098,1284,177,136,1,-1,178,135,40,0,-208
22373,Nov 27 2015,CECAFA Cup in Ethiopia,Rwanda,Somalia,1346,852,3,0,4,-4,1350,848,121,207,1,0,122,207,40,0,494
22374,Nov 27 2015,CECAFA Cup in Ethiopia,South Sudan,Malawi,1098,1375,2,0,50,-50,1148,1325,166,145,6,-14,172,131,40,0,-277
22375,Nov 27 2015,CECAFA Cup in Ethiopia,Sudan,Djibouti,1284,764,4,0,4,-4,1288,760,137,214,-1,-1,136,213,40,0,520
22376,Nov 27 2015,CECAFA Cup in Ethiopia,Zanzibar,Kenya,1247,1427,3,1,44,-44,1291,1383,123,124,11,-11,134,113,40,0,-180
22377,Nov 28 2015,CECAFA Cup in Ethiopia,Ethiopia,Tanzania,1274,1316,1,1,-3,3,1271,1319,139,132,0,0,139,132,40,100,58
22378,Nov 28 2015,CECAFA Cup in Ethiopia,Uganda,Burundi,1505,1362,1,0,12,-12,1517,1350,73,124,6,-3,79,121,40,0,143
22379,Nov 30 2015,CECAFA Cup in Ethiopia,Ethiopia,Tanzania,1271,1319,1,1,-3,3,1268,1322,143,130,-2,1,141,131,40,100,52
22380,Nov 30 2015,CECAFA Cup in Ethiopia,Uganda,Malawi,1517,1325,2,0,15,-15,1532,1310,69,133,5,-1,74,132,40,0,192
22381,Dec 1 2015,CECAFA Cup in Ethiopia,Kenya,Rwanda,1383,1350,0,0,-2,2,1381,1352,115,119,-1,1,114,120,40,0,33
22382,Dec 1 2015,CECAFA Cup in Ethiopia,South Sudan,Sudan,1148,1288,0,0,8,-8,1156,1280,172,138,0,-1,172,137,40,0,-140
22383,Dec 3 2015,CECAFA Cup in Ethiopia,Ethiopia,Uganda,1268,1532,0,0,9,-9,1277,1523,137,82,2,-4,139,78,40,100,-164
22384,Dec 3 2015,CECAFA Cup in Ethiopia,Rwanda,Sudan,1352,1280,1,1,-4,4,1348,1284,124,135,-2,1,122,136,40,0,72
22385,Dec 5 2015,CECAFA Cup in Ethiopia,Ethiopia,Sudan,1277,1284,1,1,-5,5,1272,1289,139,134,0,1,139,135,40,100,93
22386,Dec 5 2015,CECAFA Cup in Ethiopia,Uganda,Rwanda,1523,1348,1,0,11,-11,1534,1337,70,124,4,-1,74,123,40,0,175
22387,Dec 8 2015,Friendly in Nicaragua,Nicaragua,Cuba,1214,1379,5,0,24,-24,1238,1355,137,123,10,-4,147,119,20,100,-65
22388,Dec 11 2015,Friendly in Nicaragua,Nicaragua,Cuba,1238,1355,1,0,10,-10,1248,1345,145,123,1,-2,146,121,20,100,-17
22389,Dec 15 2015,Friendly in Costa Rica,Costa Rica,Nicaragua,1794,1248,1,0,0,0,1794,1248,21,146,0,0,21,146,20,100,646
22390,Dec 16 2015,Friendly in Honduras,Honduras,Cuba,1505,1345,2,0,5,-5,1510,1340,78,123,4,-1,82,122,20,100,260
22391,Dec 17 2015,Friendly in Bangladesh,Bangladesh,Nepal,917,885,1,0,6,-6,923,879,200,207,0,-2,200,205,20,100,132
22392,Dec 23 2015,South Asian Championship in India,Sri Lanka,Nepal,765,879,1,0,26,-26,791,853,209,207,1,-1,210,206,40,0,-114
22393,Dec 24 2015,South Asian Championship in India,Afghanistan,Bangladesh,1081,923,4,0,22,-22,1103,901,175,204,3,-2,178,202,40,0,158
22394,Dec 24 2015,South Asian Championship in India,Maldives,Bhutan,1009,570,3,1,4,-4,1013,566,187,233,0,-1,187,232,40,0,439
22395,Dec 25 2015,South Asian Championship in India,India,Sri Lanka,1032,791,2,0,7,-7,1039,784,185,210,0,0,185,210,40,100,341
22396,Dec 26 2015,South Asian Championship in India,Afghanistan,Bhutan,1103,566,3,0,3,-3,1106,563,178,236,0,-2,178,234,40,0,537
22397,Dec 26 2015,South Asian Championship in India,Maldives,Bangladesh,1013,901,3,1,21,-21,1034,880,185,206,1,-2,186,204,40,0,112
22398,Dec 26 2015,Friendly in Martinique,Martinique,Guadeloupe,1429,1327,2,0,7,-7,1436,1320,99,132,1,-1,100,131,20,100,202
22399,Dec 27 2015,South Asian Championship in India,India,Nepal,1039,853,4,1,11,-11,1050,842,185,208,0,-1,185,207,40,100,286
22400,Dec 28 2015,South Asian Championship in India,Afghanistan,Maldives,1106,1034,4,1,28,-28,1134,1006,170,188,4,-1,174,187,40,0,72
22401,Dec 28 2015,South Asian Championship in India,Bangladesh,Bhutan,880,563,3,0,10,-10,890,553,200,234,2,0,202,234,40,0,317
22402,Dec 31 2015,South Asian Championship in India,Afghanistan,Sri Lanka,1134,784,5,0,9,-9,1143,775,174,212,0,-1,174,211,40,0,350
22403,Dec 31 2015,South Asian Championship in India,India,Maldives,1050,1006,3,2,12,-12,1062,994,183,189,1,-1,184,188,40,100,144
22404,Jan 3 2016,South Asian Championship in India,India,Afghanistan,1062,1143,2,1,19,-19,1081,1124,180,174,2,0,182,174,40,100,19
22405,Jan 6 2016,Friendly in the United Arab Emirates,Estonia,Sweden,1493,1767,1,1,7,-7,1500,1760,87,31,0,-2,87,29,20,0,-274
22406,Jan 8 2016,Bangabandhu Gold Cup in Bangladesh,Bangladesh,Sri Lanka,890,775,4,2,10,-10,900,765,202,211,0,0,202,211,20,0,115
22407,Jan 8 2016,Copa América qualifier in Panama,Haiti,Trinidad and Tobago,1477,1615,1,0,28,-28,1505,1587,82,67,5,-6,87,61,40,0,-138
22408,Jan 8 2016,Copa América qualifier in Panama,Panama,Cuba,1683,1340,4,0,5,-5,1688,1335,42,128,0,-3,42,125,20,0,343
22409,Jan 10 2016,Friendly in the United Arab Emirates,Sweden,Finland,1760,1603,3,0,10,-10,1770,1593,23,62,3,-2,26,60,20,0,157
22410,Jan 11 2016,Bangabandhu Gold Cup in Bangladesh,Maldives,Cambodia,994,729,3,2,5,-5,999,724,186,218,1,-2,187,216,30,0,265
22411,Jan 13 2016,Friendly in the United Arab Emirates,Iceland,Finland,1673,1593,1,0,8,-8,1681,1585,43,62,0,-1,43,61,20,0,80
22412,Jan 13 2016,Bangabandhu Gold Cup in Bangladesh,Nepal,Sri Lanka,842,765,1,0,12,-12,854,753,205,215,1,-2,206,213,30,0,77
22413,Jan 15 2016,Bangabandhu Gold Cup in Bangladesh,Bangladesh,Nepal,900,854,0,0,-6,6,894,860,202,206,0,0,202,206,30,100,146
22414,Jan 16 2016,Friendly in the United Arab Emirates,United Arab Emirates,Iceland,1626,1681,2,1,9,-9,1635,1672,50,45,0,-1,50,44,20,100,45
22415,Jan 19 2016,Bangabandhu Gold Cup in Bangladesh,Nepal,Maldives,860,999,4,1,36,-36,896,963,198,193,4,-3,202,190,30,0,-139
22416,Jan 27 2016,Friendly in Egypt,Egypt,Jordan,1624,1529,0,1,-15,15,1609,1544,58,69,-3,4,55,73,20,100,195
22417,Jan 27 2016,Friendly in Nicaragua,Nicaragua,Honduras,1248,1510,1,3,-8,8,1240,1518,148,78,-1,2,147,80,20,100,-162
22418,Jan 29 2016,Friendly in Egypt,Egypt,Libya,1609,1506,2,0,7,-7,1616,1499,53,90,1,-2,54,88,20,100,203
22419,Jan 31 2016,Friendly in the United States,United States,Iceland,1759,1672,3,2,5,-5,1764,1667,28,44,1,0,29,44,20,100,187
22420,Feb 2 2016,Friendly in Venezuela,Venezuela,Costa Rica,1600,1794,1,0,13,-13,1613,1781,52,25,3,-2,55,23,20,100,-94
22421,Feb 5 2016,Friendly in Bahrain,Bahrain,Lebanon,1411,1399,2,0,10,-10,1421,1389,103,112,2,-1,105,111,20,100,112
22422,Feb 5 2016,Friendly in the United States,United States,Canada,1764,1529,1,0,3,-3,1767,1526,27,78,1,0,28,78,20,100,335
22423,Feb 6 2016,Friendly in Guadeloupe,Guadeloupe,Martinique,1320,1436,1,1,0,0,1320,1436,131,100,0,0,131,100,20,100,-16
22424,Feb 10 2016,Friendly in Guatemala,Guatemala,Honduras,1455,1518,3,1,13,-13,1468,1505,94,90,1,-5,95,85,20,100,37
22425,Feb 14 2016,Friendly in the United Arab Emirates,Uzbekistan,Lebanon,1649,1389,2,0,5,-5,1654,1384,46,113,0,-1,46,112,20,0,260
22426,Feb 17 2016,Friendly in Panama,Panama,El Salvador,1688,1477,1,0,3,-3,1691,1474,42,95,0,-1,42,94,20,100,311
22427,Feb 21 2016,Friendly in Guyana,Guyana,Suriname,1226,1171,2,0,9,-9,1235,1162,146,171,4,-1,150,170,20,100,155
22428,Feb 21 2016,Friendly in Saint Kitts and Nevis,Saint Kitts and Nevis,Bermuda,1232,1235,3,0,13,-13,1245,1222,141,161,5,-6,146,155,20,100,97
22429,Feb 25 2016,Friendly in French Guiana,French Guiana,Suriname,1304,1162,2,3,-16,16,1288,1178,139,164,-3,3,136,167,20,100,242
22430,Mar 2 2016,Friendly in Guatemala,Guatemala,El Salvador,1468,1474,1,0,7,-7,1475,1467,91,96,2,-1,93,95,20,100,94
22431,Mar 9 2016,Friendly in Nicaragua,Nicaragua,El Salvador,1240,1467,1,1,4,-4,1244,1463,146,95,1,0,147,95,20,100,-127
22432,Mar 13 2016,Friendly in Sint Maarten,Sint Maarten,Anguilla,928,568,2,0,2,-2,930,566,199,231,0,0,199,231,20,100,460
22433,Mar 13 2016,Friendly in St Vincent & Grenadines,St Vincent & Grenadines,Martinique,1161,1436,0,4,-10,10,1151,1446,173,98,-1,1,172,99,20,100,-175
22434,Mar 15 2016,Friendly in Nicaragua,Nicaragua,Panama,1244,1691,1,0,18,-18,1262,1673,139,42,4,0,143,42,20,100,-347
22435,Mar 18 2016,Friendly in Iran,Syria,Iraq,1516,1507,1,0,10,-10,1526,1497,76,93,2,-5,78,88,20,0,9
22436,Mar 18 2016,Friendly in the United Arab Emirates,United Arab Emirates,Bangladesh,1635,894,6,1,0,0,1635,894,50,203,0,0,50,203,20,100,841
22437,Mar 19 2016,Friendly in Grenada,Grenada,Trinidad and Tobago,1123,1587,2,2,8,-8,1131,1579,173,68,1,-4,174,64,20,100,-364
22438,Mar 19 2016,Friendly in Taiwan,Taiwan,Guam,782,882,3,2,10,-10,792,872,210,205,0,0,210,205,20,100,0
22439,Mar 22 2016,CONCACAF Ch & Car Ch q in Cuba,Cuba,Bermuda,1335,1222,2,1,9,-9,1344,1213,119,159,3,-2,122,157,40,100,213
22440,Mar 22 2016,CONCACAF Ch & Car Ch q in Grenada,Grenada,Sint Maarten,1131,930,5,0,12,-12,1143,918,174,199,0,0,174,199,40,100,301
22441,Mar 22 2016,CONCACAF Ch & Car Ch q in Guyana,Guyana,Anguilla,1235,566,7,0,1,-1,1236,565,148,231,1,0,149,231,20,0,669
22442,Mar 22 2016,Friendly in Sierra Leone,Sierra Leone,Malawi,1336,1310,1,1,-3,3,1333,1313,126,132,-1,0,125,132,20,100,126
22443,Mar 23 2016,CONCACAF Ch & Car Ch q in Antigua and Barbuda,Antigua and Barbuda,Aruba,1244,935,2,1,3,-3,1247,932,146,198,1,0,147,198,20,0,309
22444,Mar 23 2016,CONCACAF Ch & Car Ch q in Barbados,Barbados,Curaçao,1145,1121,1,0,13,-13,1158,1108,169,182,2,-3,171,179,40,100,124
22445,Mar 23 2016,African Nations Cup qualifier in Chad,Chad,Tanzania,1278,1322,0,1,-23,23,1255,1345,148,112,-5,9,143,121,40,100,56
22446,Mar 23 2016,Friendly in Croatia,Croatia,Israel,1814,1579,2,0,4,-4,1818,1575,15,68,1,-2,16,66,20,100,335
22447,Mar 23 2016,Friendly in Gibraltar,Gibraltar,Liechtenstein,1119,1203,0,0,0,0,1119,1203,177,161,0,0,177,161,20,100,16
22448,Mar 23 2016,CONCACAF Ch & Car Ch q in Guadeloupe,Guadeloupe,Suriname,1320,1178,0,0,-12,12,1308,1190,133,157,-1,5,132,162,40,100,242
22449,Mar 23 2016,African Nations Cup qualifier in Guinea-Bissau,Guinea-Bissau,Kenya,1208,1381,1,0,24,-24,1232,1357,145,120,7,-3,152,117,40,100,-73
22450,Mar 23 2016,CONCACAF Ch & Car Ch q in Martinique,Martinique,British Virgin Islands,1446,626,3,0,0,0,1446,626,99,227,0,0,99,227,20,0,820
22451,Mar 23 2016,Friendly in Poland,Poland,Serbia,1773,1715,1,0,6,-6,1779,1709,23,38,1,0,24,38,20,100,158
22452,Mar 23 2016,Friendly in Romania,Romania,Lithuania,1764,1427,1,0,1,-1,1765,1426,30,102,0,0,30,102,20,100,437
22453,Mar 23 2016,African Nations Cup qualifier in São Tomé and Príncipe,São Tomé and Príncipe,Libya,1086,1499,2,1,34,-34,1120,1465,171,101,5,-7,176,94,40,100,-313
22454,Mar 23 2016,Friendly in Slovenia,Slovenia,Macedonia,1619,1439,1,0,3,-3,1622,1436,53,100,0,0,53,100,20,100,280
22455,Mar 23 2016,African Nations Cup qualifier in South Sudan,South Sudan,Benin,1156,1376,1,2,-13,13,1143,1389,175,107,-2,4,173,111,40,100,-120
22456,Mar 23 2016,African Nations Cup qualifier in Zambia,Zambia,Congo,1510,1487,1,1,-7,7,1503,1494,88,87,-3,1,85,88,40,100,123
22457,Mar 24 2016,World Cup & Asian Cup qual in Australia,Australia,Tajikistan,1701,1230,7,0,3,-3,1704,1227,41,154,-1,0,40,154,20,0,471
22458,Mar 24 2016,World Cup & Asian Cup qual in Bahrain,Bahrain,Yemen,1421,1181,3,0,9,-9,1430,1172,97,172,4,-3,101,169,40,100,340
22459,Mar 24 2016,World Cup qualifier in Bolivia,Bolivia,Colombia,1624,1954,2,3,-8,8,1616,1962,58,3,-3,2,55,5,40,100,-230
22460,Mar 24 2016,World Cup qualifier in Chile,Chile,Argentina,1976,2023,1,2,-23,23,1953,2046,11,1,-3,1,8,2,40,100,53
22461,Mar 24 2016,World Cup & Asian Cup qual in China,China,Maldives,1548,963,4,0,1,-1,1549,962,71,194,0,-2,71,192,20,0,585
22462,Mar 24 2016,African Nations Cup qualifier in the Comoros,Comoros,Botswana,938,1331,1,0,34,-34,972,1297,183,137,7,-5,190,132,40,100,-293
22463,Mar 24 2016,Friendly in Czechia,Czechia,Scotland,1766,1700,0,1,-14,14,1752,1714,31,36,-1,2,30,38,20,100,166
22464,Mar 24 2016,Friendly in Denmark,Denmark,Iceland,1727,1667,2,1,6,-6,1733,1661,35,46,0,-1,35,45,20,100,160
22465,Mar 24 2016,African Nations Cup qualifier in Djibouti,Djibouti,Liberia,760,1330,0,1,-3,3,757,1333,212,123,0,3,212,126,40,100,-470
22466,Mar 24 2016,World Cup qualifier in Ecuador,Ecuador,Paraguay,1915,1728,2,2,-14,14,1901,1742,14,32,-1,1,13,33,40,100,287
22467,Mar 24 2016,Friendly in Estonia,Estonia,Norway,1500,1626,0,0,1,-1,1501,1625,86,53,0,-1,86,52,20,100,-26
22468,Mar 24 2016,African Nations Cup qualifier in Ghana,Ghana,Mozambique,1644,1331,3,1,5,-5,1649,1326,46,131,1,-2,47,129,40,100,413
22469,Mar 24 2016,Friendly in Greece,Greece,Montenegro,1611,1569,2,1,6,-6,1617,1563,52,69,2,-1,54,68,20,100,142
22470,Mar 24 2016,World Cup & Asian Cup qual in Iran,Iran,India,1727,1081,4,0,1,-1,1728,1080,37,182,-1,0,36,182,20,0,646
22471,Mar 24 2016,World Cup & Asian Cup qual in Iran,Iraq,Thailand,1497,1408,2,2,-5,5,1492,1413,89,108,-1,0,88,108,20,100,189
22472,Mar 24 2016,Friendly in Italy,Italy,Spain,1871,2003,1,1,1,-1,1872,2002,15,4,0,0,15,4,20,100,-32
22473,Mar 24 2016,World Cup & Asian Cup qual in Japan,Japan,Afghanistan,1749,1124,5,0,1,-1,1750,1123,31,175,0,0,31,175,20,0,625
22474,Mar 24 2016,World Cup & Asian Cup qual in Jordan,Jordan,Bangladesh,1544,894,8,0,1,-1,1545,893,71,203,1,0,72,203,20,0,650
22475,Mar 24 2016,African Nations Cup qualifier in Madagascar,Madagascar,Central African Republic,1282,1252,1,1,-7,7,1275,1259,137,141,0,2,137,143,40,100,130
22476,Mar 24 2016,Friendly in Malta,Malta,Moldova,1233,1352,0,0,1,-1,1234,1351,149,119,1,0,150,119,20,100,-19
22477,Mar 24 2016,World Cup & Asian Cup qual in Oman,Oman,Guam,1475,872,1,0,1,-1,1476,871,92,205,0,0,92,205,20,0,603
22478,Mar 24 2016,World Cup qualifier in Peru,Peru,Venezuela,1787,1613,2,2,-13,13,1774,1626,27,47,-3,4,24,51,40,100,274
22479,Mar 24 2016,World Cup & Asian Cup qual in Qatar,Qatar,Hong Kong,1569,1219,2,0,4,-4,1573,1215,67,160,0,-2,67,158,20,0,350
22480,Mar 24 2016,World Cup & Asian Cup qual in Saudi Arabia,Saudi Arabia,Malaysia,1511,1118,2,0,3,-3,1514,1115,81,178,0,0,81,178,20,0,393
22481,Mar 24 2016,Friendly in Singapore,Singapore,Myanmar,1185,1032,2,1,4,-4,1189,1028,162,186,1,0,163,186,20,100,253
22482,Mar 24 2016,Friendly in the Solomon Islands,Solomon Islands,Papua New Guinea,1175,1053,2,0,7,-7,1182,1046,163,185,3,0,166,185,20,100,222
22483,Mar 24 2016,World Cup & Asian Cup qual in South Korea,South Korea,Lebanon,1787,1384,1,0,2,-2,1789,1382,21,113,0,0,21,113,20,0,403
22484,Mar 24 2016,World Cup & Asian Cup qual in Oman,Syria,Cambodia,1526,724,6,0,1,-1,1527,723,78,216,0,0,78,216,30,0,802
22485,Mar 24 2016,Friendly in Turkey,Turkey,Sweden,1805,1770,2,1,6,-6,1811,1764,17,32,1,-3,18,29,20,100,135
22486,Mar 24 2016,World Cup & Asian Cup qual in the United Arab Emirates,United Arab Emirates,Palestine,1635,1345,2,0,6,-6,1641,1339,48,125,1,-2,49,123,40,100,390
22487,Mar 24 2016,Friendly in Ukraine,Ukraine,Cyprus,1817,1424,1,0,1,-1,1818,1423,15,107,1,-2,16,105,20,100,493
22488,Mar 24 2016,World Cup & Asian Cup qual in Uzbekistan,Uzbekistan,Philippines,1654,1236,1,0,2,-2,1656,1234,46,151,0,-1,46,150,20,0,418
22489,Mar 24 2016,World Cup & Asian Cup qual in Vietnam,Vietnam,Taiwan,1213,792,4,1,3,-3,1216,789,156,210,1,0,157,210,20,0,421
22490,Mar 24 2016,Friendly in Wales,Wales,Northern Ireland,1673,1594,1,1,-5,5,1668,1599,44,59,-1,0,43,59,20,100,179
22491,Mar 25 2016,African Nations Cup qualifier in Algeria,Algeria,Ethiopia,1666,1272,7,1,5,-5,1671,1267,40,144,2,-3,42,141,40,100,494
22492,Mar 25 2016,Friendly in Armenia,Armenia,Belarus,1485,1578,0,0,0,0,1485,1578,93,65,-2,0,91,65,20,100,7
22493,Mar 25 2016,World Cup qualifier in Brazil,Brazil,Uruguay,2038,1947,2,2,-10,10,2028,1957,3,7,0,1,3,8,40,100,191
22494,Mar 25 2016,World Cup qualifier in Canada,Canada,Mexico,1526,1907,0,3,-12,12,1514,1919,83,10,-2,1,81,11,40,100,-281
22495,Mar 25 2016,World Cup qualifier in El Salvador,El Salvador,Honduras,1463,1505,2,2,-3,3,1460,1508,95,85,0,-1,95,84,40,100,58
22496,Mar 25 2016,Friendly in Gabon,Gabon,Sierra Leone,1482,1333,2,1,4,-4,1486,1329,90,128,0,-1,90,127,20,100,249
22497,Mar 25 2016,World Cup qualifier in Guatemala,Guatemala,United States,1475,1767,2,0,45,-45,1520,1722,67,47,13,-10,80,37,40,100,-192
22498,Mar 25 2016,African Nations Cup qualifier in Guinea,Guinea,Malawi,1555,1313,0,0,-15,15,1540,1328,79,126,-5,2,74,128,40,100,342
22499,Mar 25 2016,World Cup qualifier in Haiti,Haiti,Panama,1505,1673,0,0,4,-4,1509,1669,83,44,0,-1,83,43,20,0,-168
22500,Mar 25 2016,Friendly in Ireland,Ireland,Switzerland,1770,1810,1,0,8,-8,1778,1802,20,19,3,0,23,19,20,100,60
22501,Mar 25 2016,African Nations Cup qualifier in Ivory Coast,Ivory Coast,Sudan,1736,1289,1,0,2,-2,1738,1287,30,138,2,-2,32,136,30,0,447
22502,Mar 25 2016,World Cup qualifier in Jamaica,Jamaica,Costa Rica,1585,1781,1,1,5,-5,1590,1776,62,26,-1,-2,61,24,20,0,-196
22503,Mar 25 2016,Friendly in Luxembourg,Luxembourg,Bosnia and Herzegovina,1254,1722,0,3,-4,4,1250,1726,147,35,-1,1,146,36,20,100,-368
22504,Mar 25 2016,African Nations Cup qualifier in Mali,Mali,Equatorial Guinea,1537,1364,1,0,7,-7,1544,1357,72,117,1,-1,73,116,40,100,273
22505,Mar 25 2016,African Nations Cup qualifier in Mauritania,Mauritania,Gambia,1251,1328,2,1,19,-19,1270,1309,134,132,6,-2,140,130,40,100,23
22506,Mar 25 2016,Friendly in the Netherlands,Netherlands,France,1898,1954,2,3,-11,11,1887,1965,14,3,0,2,14,5,20,100,44
22507,Mar 25 2016,African Nations Cup qualifier in Nigeria,Nigeria,Egypt,1637,1616,1,1,-7,7,1630,1623,50,51,0,2,50,53,40,100,121
22508,Mar 25 2016,Friendly in Portugal,Portugal,Bulgaria,1919,1584,0,1,-18,18,1901,1602,13,56,-1,3,12,59,20,100,435
22509,Mar 25 2016,Friendly in Slovakia,Slovakia,Latvia,1744,1449,0,0,-8,8,1736,1457,34,96,-1,1,33,97,20,100,395
22510,Mar 25 2016,World Cup qualifier in St Vincent & Grenadines,St Vincent & Grenadines,Trinidad and Tobago,1151,1579,2,3,-5,5,1146,1584,172,62,0,1,172,63,40,100,-328
22511,Mar 25 2016,African Nations Cup qualifier in Swaziland,Swaziland,Zimbabwe,1263,1360,1,1,0,0,1263,1360,143,114,-1,1,142,115,20,100,3
22512,Mar 25 2016,African Nations Cup qualifier in Tunisia,Tunisia,Togo,1551,1403,1,0,8,-8,1559,1395,68,109,1,0,69,109,40,100,248
22513,Mar 26 2016,CONCACAF Ch & Car Ch q in Anguilla,Anguilla,Puerto Rico,565,1063,0,4,-7,7,558,1070,235,184,-2,0,233,184,40,100,-398
22514,Mar 26 2016,CONCACAF Ch & Car Ch q in Aruba,Aruba,Saint Kitts and Nevis,932,1245,0,2,-14,14,918,1259,198,140,0,4,198,144,40,100,-213
22515,Mar 26 2016,Friendly in Austria,Austria,Albania,1801,1609,2,1,3,-3,1804,1606,18,57,1,0,19,57,20,100,292
22516,Mar 26 2016,CONCACAF Ch & Car Ch q in Bermuda,Bermuda,French Guiana,1213,1288,2,1,19,-19,1232,1269,145,145,7,-5,152,140,40,100,25
22517,Mar 26 2016,CONCACAF Ch & Car Ch q in the British Virgin Islands,British Virgin Islands,Dominica,626,956,0,7,-19,19,607,975,229,189,-1,2,228,191,40,100,-230
22518,Mar 26 2016,African Nations Cup qualifier in Burkina Faso,Burkina Faso,Uganda,1430,1534,1,0,20,-20,1450,1514,97,87,2,-6,99,81,40,100,-4
22519,Mar 26 2016,African Nations Cup qualifier in Burundi,Burundi,Namibia,1350,1337,1,3,-39,39,1311,1376,136,106,-8,9,128,115,40,100,113
22520,Mar 26 2016,African Nations Cup qualifier in Cameroon,Cameroon,South Africa,1609,1583,2,2,-7,7,1602,1590,59,58,-1,3,58,61,40,100,126
22521,Mar 26 2016,African Nations Cup qualifier in Cape Verde,Cape Verde,Morocco,1545,1530,0,1,-26,26,1519,1556,87,63,-8,7,79,70,40,100,115
22522,Mar 26 2016,CONCACAF Ch & Car Ch q in Curaçao,Curaçao,Dominican Republic,1108,1165,2,1,18,-18,1126,1147,171,170,4,0,175,170,40,100,43
22523,Mar 26 2016,African Nations Cup qualifier in the Dem Rep of the Congo,DR Congo,Angola,1507,1421,2,1,10,-10,1517,1411,75,108,5,-1,80,107,40,100,186
22524,Mar 26 2016,Friendly in Germany,Germany,England,2069,1959,2,3,-15,15,2054,1974,1,3,0,2,1,5,20,100,210
22525,Mar 26 2016,Friendly in Hungary,Hungary,Croatia,1699,1818,1,1,1,-1,1700,1817,41,18,0,-1,41,17,20,100,-19
22526,Mar 26 2016,Friendly in Turkey,Kazakhstan,Azerbaijan,1388,1419,1,0,11,-11,1399,1408,106,109,3,-1,109,108,20,0,-31
22527,Mar 26 2016,African Nations Cup qualifier in Mauritius,Mauritius,Rwanda,1089,1337,1,0,28,-28,1117,1309,177,134,2,-5,179,129,40,100,-148
22528,Mar 26 2016,Friendly in Poland,Poland,Finland,1779,1585,5,0,6,-6,1785,1579,22,66,0,-2,22,64,20,100,294
22529,Mar 26 2016,Friendly in Russia,Russia,Lithuania,1774,1426,3,0,2,-2,1776,1424,23,103,1,0,24,103,20,100,448
22530,Mar 26 2016,African Nations Cup qualifier in Senegal,Senegal,Niger,1646,1289,2,0,4,-4,1650,1285,46,136,1,-1,47,135,40,100,457
22531,Mar 26 2016,African Nations Cup qualifier in the Seychelles,Seychelles,Lesotho,955,1176,2,0,40,-40,995,1136,182,180,6,-6,188,174,40,100,-121
22532,Mar 26 2016,CONCACAF Ch & Car Ch q in Sint Maarten,Sint Maarten,US Virgin Islands,918,707,1,2,-34,34,884,741,207,211,-4,3,203,214,40,100,311
22533,Mar 26 2016,Friendly in Vanuatu,Vanuatu,New Caledonia,1184,1357,2,1,12,-12,1196,1345,159,124,3,-4,162,120,20,100,-73
22534,Mar 27 2016,African Nations Cup qualifier in Benin,Benin,South Sudan,1389,1143,4,1,8,-8,1397,1135,108,176,2,-2,110,174,40,100,346
22535,Mar 27 2016,African Nations Cup qualifier in Botswana,Botswana,Comoros,1297,972,2,1,3,-3,1300,969,132,192,0,0,132,192,20,0,325
22536,Mar 27 2016,African Nations Cup qualifier in Congo,Congo,Zambia,1494,1503,1,1,-5,5,1489,1508,90,84,-1,1,89,85,40,100,91
22537,Mar 27 2016,African Nations Cup qualifier in Kenya,Kenya,Guinea-Bissau,1357,1232,0,1,-31,31,1326,1263,137,132,-10,10,127,142,40,100,225
22538,Mar 27 2016,African Nations Cup qualifier in Mozambique,Mozambique,Ghana,1326,1649,0,0,11,-11,1337,1638,119,50,4,-1,123,49,30,0,-323
22539,Mar 27 2016,Friendly in Romania,Romania,Spain,1765,2002,0,0,4,-4,1769,1998,27,4,0,0,27,4,20,100,-137
22540,Mar 27 2016,Friendly in the Solomon Islands,Solomon Islands,Papua New Guinea,1182,1046,1,2,-16,16,1166,1062,170,185,-2,0,168,185,20,100,236
22541,Mar 27 2016,Friendly in Thailand,Thailand,South Korea,1413,1789,0,1,-3,3,1410,1792,108,21,-1,0,107,21,20,100,-276
22542,Mar 28 2016,African Nations Cup qualifier in Central African Republic,Central African Republic,Madagascar,1259,1275,2,1,15,-15,1274,1260,127,152,9,-8,136,144,40,100,84
22543,Mar 28 2016,African Nations Cup qualifier in Equatorial Guinea,Equatorial Guinea,Mali,1357,1544,0,1,-15,15,1342,1559,125,65,-4,4,121,69,40,100,-87
22544,Mar 28 2016,Friendly in Spain,Faroe Islands,Liechtenstein,1232,1203,3,2,9,-9,1241,1194,147,163,3,-1,150,162,20,0,29
22545,Mar 28 2016,African Nations Cup qualifier in Algeria,Libya,São Tomé and Príncipe,1465,1120,4,0,9,-9,1474,1111,92,183,1,-3,93,180,40,0,345
22546,Mar 28 2016,Friendly in Malta,Moldova,Andorra,1351,954,1,0,2,-2,1353,952,116,195,1,0,117,195,20,0,397
22547,Mar 28 2016,Friendly in Northern Ireland,Northern Ireland,Slovenia,1599,1622,1,0,8,-8,1607,1614,54,58,3,-2,57,56,20,100,77
22548,Mar 28 2016,Friendly in Sierra Leone,Sierra Leone,Gabon,1329,1486,1,0,12,-12,1341,1474,119,96,3,-3,122,93,20,100,-57
22549,Mar 28 2016,Friendly in Ukraine,Ukraine,Wales,1818,1668,1,0,4,-4,1822,1664,16,44,0,0,16,44,20,100,250
22550,Mar 28 2016,African Nations Cup qualifier in Zimbabwe,Zimbabwe,Swaziland,1360,1263,4,0,18,-18,1378,1245,114,156,1,-7,115,149,40,100,197
22551,Mar 29 2016,World Cup & Asian Cup qual in Iran,Afghanistan,Singapore,1123,1189,2,1,24,-24,1147,1165,166,174,5,-5,171,169,40,0,-66
22552,Mar 29 2016,African Nations Cup qualifier in Angola,Angola,DR Congo,1411,1517,0,2,-29,29,1382,1546,118,68,-6,6,112,74,40,100,-6
22553,Mar 29 2016,World Cup qualifier in Argentina,Argentina,Bolivia,2046,1616,2,0,3,-3,2049,1613,2,55,0,0,2,55,30,0,430
22554,Mar 29 2016,World Cup & Asian Cup qual in Australia,Australia,Jordan,1704,1545,5,1,14,-14,1718,1531,38,77,1,-2,39,75,40,100,259
22555,Mar 29 2016,Friendly in Austria,Austria,Turkey,1804,1811,1,2,-13,13,1791,1824,21,14,-1,2,20,16,20,100,93
22556,Mar 29 2016,World Cup & Asian Cup qual in China,China,Qatar,1549,1573,2,0,24,-24,1573,1549,62,79,5,-6,67,73,30,0,-24
22557,Mar 29 2016,World Cup qualifier in Colombia,Colombia,Ecuador,1962,1901,3,1,17,-17,1979,1884,3,16,2,-2,5,14,40,100,161
22558,Mar 29 2016,World Cup qualifier in Costa Rica,Costa Rica,Jamaica,1776,1590,3,0,11,-11,1787,1579,18,67,3,-3,21,64,40,100,286
22559,Mar 29 2016,CONCACAF Ch & Car Ch q in Dominica,Dominica,Martinique,975,1446,1,4,-7,7,968,1453,193,98,-1,1,192,99,40,100,-371
22560,Mar 29 2016,CONCACAF Ch & Car Ch q in the Dominican Republic,Dominican Republic,Barbados,1147,1158,2,0,22,-22,1169,1136,164,179,3,-5,167,174,40,100,89
22561,Mar 29 2016,African Nations Cup qualifier in Egypt,Egypt,Nigeria,1623,1630,1,0,15,-15,1638,1615,43,54,5,-2,48,52,30,0,-7
22562,Mar 29 2016,Friendly in England,England,Netherlands,1974,1887,1,2,-15,15,1959,1902,13,12,-4,1,9,13,20,100,187
22563,Mar 29 2016,Friendly in Estonia,Estonia,Serbia,1501,1709,0,1,-7,7,1494,1716,89,41,-1,-1,88,40,20,100,-108
22564,Mar 29 2016,African Nations Cup qualifier in Ethiopia,Ethiopia,Algeria,1267,1671,3,3,14,-14,1281,1657,133,50,4,-4,137,46,40,100,-304
22565,Mar 29 2016,Friendly in France,France,Russia,1965,1776,4,2,5,-5,1970,1771,6,26,0,-1,6,25,20,100,289
22566,Mar 29 2016,CONCACAF Ch & Car Ch q in French Guiana,French Guiana,Cuba,1269,1344,3,0,32,-32,1301,1312,122,138,9,-9,131,129,30,0,-75
22567,Mar 29 2016,African Nations Cup qualifier in The Gambia,Gambia,Mauritania,1309,1270,0,0,-8,8,1301,1278,133,137,-2,1,131,138,40,100,139
22568,Mar 29 2016,Friendly in Georgia,Georgia,Kazakhstan,1480,1399,1,1,-5,5,1475,1404,91,107,0,1,91,108,20,100,181
22569,Mar 29 2016,Friendly in Germany,Germany,Italy,2054,1872,4,1,6,-6,2060,1866,1,15,0,0,1,15,20,100,282
22570,Mar 29 2016,Friendly in Gibraltar,Gibraltar,Latvia,1119,1457,0,5,-8,8,1111,1465,177,93,0,2,177,95,20,100,-238
22571,Mar 29 2016,Friendly in Greece,Greece,Iceland,1617,1661,2,3,-12,12,1605,1673,66,41,-6,2,60,43,20,100,56
22572,Mar 29 2016,World Cup qualifier in Honduras,Honduras,El Salvador,1508,1460,2,0,18,-18,1526,1442,67,105,9,-5,76,100,40,100,148
22573,Mar 29 2016,World Cup & Asian Cup qual in India,India,Turkmenistan,1080,1271,1,2,-15,15,1065,1286,184,135,-1,1,183,136,40,100,-91
22574,Mar 29 2016,World Cup & Asian Cup qual in Iran,Iran,Oman,1728,1476,2,0,7,-7,1735,1469,33,96,1,-2,34,94,40,100,352
22575,Mar 29 2016,World Cup & Asian Cup qual in Iran,Iraq,Vietnam,1492,1216,1,0,7,-7,1499,1209,86,160,1,-1,87,159,40,0,276
22576,Mar 29 2016,Friendly in Ireland,Ireland,Slovakia,1778,1736,2,2,-4,4,1774,1740,25,33,-1,0,24,33,20,100,142
22577,Mar 29 2016,World Cup & Asian Cup qual in Japan,Japan,Syria,1750,1527,5,0,11,-11,1761,1516,26,82,2,-3,28,79,40,100,323
22578,Mar 29 2016,World Cup & Asian Cup qual in Lebanon,Lebanon,Myanmar,1382,1028,1,1,-17,17,1365,1045,117,186,-2,0,115,186,40,100,454
22579,Mar 29 2016,African Nations Cup qualifier in Lesotho,Lesotho,Seychelles,1136,995,2,1,8,-8,1144,987,171,192,1,-2,172,190,40,100,241
22580,Mar 29 2016,African Nations Cup qualifier in Liberia,Liberia,Djibouti,1333,757,5,0,2,-2,1335,755,123,212,1,0,124,212,30,0,576
22581,Mar 29 2016,Friendly in Luxembourg,Luxembourg,Albania,1250,1606,0,2,-6,6,1244,1612,153,54,-3,2,150,56,20,100,-256
22582,Mar 29 2016,Friendly in Macedonia,Macedonia,Bulgaria,1436,1602,0,2,-12,12,1424,1614,103,47,-1,6,102,53,20,100,-66
22583,Mar 29 2016,African Nations Cup qualifier in Malawi,Malawi,Guinea,1328,1540,1,2,-14,14,1314,1554,130,70,-2,2,128,72,40,100,-112
22584,Mar 29 2016,Friendly in Malaysia,Malaysia,Macao,1115,612,0,0,-9,9,1106,621,179,227,0,0,179,227,20,0,503
22585,Mar 29 2016,World Cup & Asian Cup qual in the Maldives,Maldives,Bhutan,962,553,4,2,3,-3,965,550,192,234,1,0,193,234,20,0,409
22586,Mar 29 2016,World Cup qualifier in Mexico,Mexico,Canada,1919,1514,2,0,3,-3,1922,1511,9,79,1,1,10,80,20,0,405
22587,Mar 29 2016,Friendly in Montenegro,Montenegro,Belarus,1563,1578,0,0,-2,2,1561,1580,70,61,-1,2,69,63,20,100,85
22588,Mar 29 2016,African Nations Cup qualifier in Morocco,Morocco,Cape Verde,1556,1519,2,0,19,-19,1575,1500,59,93,6,-7,65,86,40,100,137
22589,Mar 29 2016,African Nations Cup qualifier in Namibia,Namibia,Burundi,1376,1311,1,3,-43,43,1333,1354,134,104,-9,12,125,116,40,100,165
22590,Mar 29 2016,African Nations Cup qualifier in Niger,Niger,Senegal,1285,1650,1,2,-7,7,1278,1657,141,45,-3,1,138,46,40,100,-265
22591,Mar 29 2016,Friendly in Norway,Norway,Finland,1625,1579,2,0,9,-9,1634,1570,48,72,2,-4,50,68,20,100,146
22592,Mar 29 2016,World Cup & Asian Cup qual in Palestine,Palestine,East Timor,1339,728,7,0,1,-1,1340,727,121,215,1,0,122,215,20,0,611
22593,Mar 29 2016,World Cup qualifier in Panama,Panama,Haiti,1669,1509,1,0,7,-7,1676,1502,41,84,1,0,42,84,40,100,260
22594,Mar 29 2016,World Cup qualifier in Paraguay,Paraguay,Brazil,1742,2028,2,2,10,-10,1752,2018,31,3,0,0,31,3,30,0,-286
22595,Mar 29 2016,World Cup & Asian Cup qual in the Philippines,Philippines,North Korea,1234,1532,3,2,30,-30,1264,1502,134,93,9,-9,143,84,40,100,-198
22596,Mar 29 2016,Friendly in Portugal,Portugal,Belgium,1901,1929,2,1,8,-8,1909,1921,12,12,0,-1,12,11,20,100,72
22597,Mar 29 2016,CONCACAF Ch & Car Ch q in Puerto Rico,Puerto Rico,Guyana,1070,1236,0,1,-16,16,1054,1252,186,145,-1,3,185,148,40,100,-66
22598,Mar 29 2016,African Nations Cup qualifier in Rwanda,Rwanda,Mauritius,1309,1117,5,0,13,-13,1322,1104,125,182,2,-2,127,180,40,100,292
22599,Mar 29 2016,Friendly in Scotland,Scotland,Denmark,1714,1733,1,0,8,-8,1722,1725,38,38,0,-2,38,36,20,100,81
22600,Mar 29 2016,African Nations Cup qualifier in South Africa,South Africa,Cameroon,1590,1602,0,0,-5,5,1585,1607,63,57,-1,1,62,58,40,100,88
22601,Mar 29 2016,CONCACAF Ch & Car Ch q in Saint Kitts and Nevis,Saint Kitts and Nevis,Antigua and Barbuda,1259,1247,1,0,14,-14,1273,1233,137,158,4,-5,141,153,30,0,12
22602,Mar 29 2016,African Nations Cup qualifier in Sudan,Sudan,Ivory Coast,1287,1738,1,1,15,-15,1302,1723,126,42,4,-5,130,37,40,100,-351
22603,Mar 29 2016,CONCACAF Ch & Car Ch q in Suriname,Suriname,Guadeloupe,1190,1308,3,2,21,-21,1211,1287,153,139,5,-4,158,135,40,100,-18
22604,Mar 29 2016,Friendly in Sweden,Sweden,Czechia,1764,1752,1,1,-3,3,1761,1755,28,31,0,-1,28,30,20,100,112
22605,Mar 29 2016,Friendly in Switzerland,Switzerland,Bosnia and Herzegovina,1802,1726,0,2,-22,22,1780,1748,26,28,-3,4,23,32,20,100,176
22606,Mar 29 2016,World Cup & Asian Cup qual in Tajikistan,Tajikistan,Kyrgyzstan,1227,1181,0,1,-28,28,1199,1209,169,152,-7,7,162,159,40,100,146
22607,Mar 29 2016,African Nations Cup qualifier in Togo,Togo,Tunisia,1395,1559,0,0,4,-4,1399,1555,107,73,2,-2,109,71,20,0,-164
22608,Mar 29 2016,World Cup qualifier in Trinidad and Tobago,Trinidad and Tobago,St Vincent & Grenadines,1584,1146,6,0,4,-4,1588,1142,59,175,2,-2,61,173,40,100,538
22609,Mar 29 2016,World Cup & Asian Cup qual in the United Arab Emirates,United Arab Emirates,Saudi Arabia,1641,1514,1,1,-11,11,1630,1525,54,73,-3,4,51,77,40,100,227
22610,Mar 29 2016,African Nations Cup qualifier in Uganda,Uganda,Burkina Faso,1514,1450,0,0,-9,9,1505,1459,85,95,-2,2,83,97,40,100,164
22611,Mar 29 2016,World Cup qualifier in Uruguay,Uruguay,Peru,1957,1774,1,0,7,-7,1964,1767,8,28,0,-1,8,27,40,100,283
22612,Mar 29 2016,World Cup qualifier in the United States,United States,Guatemala,1722,1520,4,0,11,-11,1733,1509,33,84,2,-3,35,81,40,100,302
22613,Mar 29 2016,CONCACAF Ch & Car Ch q in the US Virgin Islands,US Virgin Islands,Grenada,741,1143,1,2,-6,6,735,1149,214,168,0,2,214,170,40,100,-302
22614,Mar 29 2016,World Cup & Asian Cup qual in Uzbekistan,Uzbekistan,Bahrain,1656,1430,1,0,5,-5,1661,1425,44,100,1,1,45,101,40,100,326
22615,Mar 29 2016,World Cup qualifier in Venezuela,Venezuela,Chile,1626,1953,1,4,-15,15,1611,1968,63,5,-6,2,57,7,40,100,-227
22616,Apr 27 2016,Friendly in Martinique,Martinique,Panama,1453,1676,0,2,-10,10,1443,1686,99,42,0,0,99,42,20,100,-123
22617,May 20 2016,Friendly in Hungary,Hungary,Ivory Coast,1700,1723,0,0,-2,2,1698,1725,41,35,0,1,41,36,20,100,77
22618,May 21 2016,Friendly in Botswana,Botswana,Lesotho,1300,1144,2,1,4,-4,1304,1140,127,174,3,-1,130,173,20,100,256
22619,May 22 2016,Friendly in England,England,Turkey,1959,1824,2,1,4,-4,1963,1820,9,18,0,-1,9,17,20,100,235
22620,May 22 2016,Friendly in Puerto Rico,Puerto Rico,United States,1054,1733,1,3,-1,1,1053,1734,185,35,0,0,185,35,20,0,-679
22621,May 23 2016,Friendly in Peru,Peru,Trinidad and Tobago,1767,1588,4,0,6,-6,1773,1582,23,63,2,-1,25,62,20,100,279
22622,May 24 2016,Friendly in Panama,Panama,Venezuela,1686,1611,0,0,-5,5,1681,1616,42,47,0,5,42,52,20,100,175
22623,May 25 2016,Friendly in Italy,DR Congo,Romania,1546,1769,1,1,6,-6,1552,1763,72,27,1,0,73,27,20,0,-223
22624,May 25 2016,Friendly in Serbia,Serbia,Cyprus,1716,1423,2,1,2,-2,1718,1421,38,105,1,0,39,105,20,100,393
22625,May 25 2016,Friendly in the United States,United States,Ecuador,1734,1884,1,0,11,-11,1745,1873,31,14,2,0,33,14,20,100,-50
22626,May 26 2016,Friendly in Austria,Andorra,Azerbaijan,952,1408,0,0,9,-9,961,1399,195,109,0,-1,195,108,20,0,-456
22627,May 27 2016,Friendly in Argentina,Argentina,Honduras,2049,1526,1,0,1,-1,2050,1525,2,76,0,0,2,76,20,0,523
22628,May 27 2016,Friendly in Chile,Chile,Jamaica,1968,1579,1,2,-19,19,1949,1598,11,58,-2,3,9,61,20,100,489
22629,May 27 2016,Friendly in Costa Rica,Costa Rica,Venezuela,1787,1616,2,1,3,-3,1790,1613,21,60,0,-4,21,56,20,100,271
22630,May 27 2016,Friendly in Croatia,Croatia,Moldova,1817,1353,1,0,1,-1,1818,1352,18,117,0,0,18,117,20,0,464
22631,May 27 2016,Friendly in Austria,Czechia,Malta,1755,1234,6,0,2,-2,1757,1232,30,154,0,-1,30,153,20,0,521
22632,May 27 2016,Friendly in England,England,Australia,1963,1718,2,1,2,-2,1965,1716,7,41,1,-1,8,40,20,100,345
22633,May 27 2016,Friendly in Ireland,Ireland,Netherlands,1774,1902,1,1,1,-1,1775,1901,24,13,0,0,24,13,20,100,-28
22634,May 27 2016,Friendly in Lesotho,Lesotho,Swaziland,1140,1245,0,2,-15,15,1125,1260,179,143,-3,3,176,146,20,100,-5
22635,May 27 2016,Friendly in Morocco,Morocco,Congo,1575,1489,2,0,8,-8,1583,1481,61,91,2,-1,63,90,20,100,186
22636,May 27 2016,Friendly in France,Nigeria,Mali,1615,1559,1,0,8,-8,1623,1551,51,76,1,-3,52,73,20,0,56
22637,May 27 2016,Friendly in Northern Ireland,Northern Ireland,Belarus,1607,1580,3,0,11,-11,1618,1569,48,73,5,-5,53,68,20,100,127
22638,May 27 2016,Friendly in Austria,Slovakia,Georgia,1740,1475,3,1,5,-5,1745,1470,32,95,1,-2,33,93,20,0,265
22639,May 27 2016,Friendly in Togo,Togo,Zambia,1399,1508,1,0,10,-10,1409,1498,106,92,1,-5,107,87,20,100,-9
22640,May 27 2016,Friendly in Uruguay,Uruguay,Trinidad and Tobago,1964,1582,3,1,2,-2,1966,1580,6,66,1,-2,7,64,20,100,482
22641,May 28 2016,Friendly in the United States,Armenia,Guatemala,1485,1509,7,1,23,-23,1508,1486,73,97,8,-8,81,89,20,0,-24
22642,May 28 2016,Friendly in Spain,Mauritania,Gabon,1278,1474,2,0,23,-23,1301,1451,126,105,6,-7,132,98,20,0,-196
22643,May 28 2016,Friendly in the United States,Mexico,Paraguay,1922,1752,1,0,5,-5,1927,1747,12,35,-1,-2,11,33,20,0,170
22644,May 28 2016,Friendly in Myanmar,Myanmar,Malaysia,1045,1106,0,0,-1,1,1044,1107,186,179,0,0,186,179,20,100,39
22645,May 28 2016,WC q & Oce Cup in Papua New Guinea,New Zealand,Fiji,1521,1271,3,1,14,-14,1535,1257,72,152,3,-5,75,147,50,0,250
22646,May 28 2016,Friendly in the United States,Peru,El Salvador,1773,1442,3,1,4,-4,1777,1438,21,100,2,0,23,100,20,0,331
22647,May 28 2016,Friendly in Rwanda,Rwanda,Senegal,1322,1657,0,2,-6,6,1316,1663,127,44,0,1,127,45,20,100,-235
22648,May 28 2016,WC q & Oce Cup in Papua New Guinea,Solomon Islands,Vanuatu,1166,1196,1,0,27,-27,1193,1169,160,171,4,-4,164,167,50,0,-30
22649,May 28 2016,Friendly in Switzerland,Switzerland,Belgium,1780,1921,1,2,-9,9,1771,1930,27,9,-2,1,25,10,20,100,-41
22650,May 28 2016,Friendly in the United States,United States,Bolivia,1745,1613,4,0,8,-8,1753,1605,29,62,2,-3,31,59,20,100,232
22651,May 29 2016,Friendly in Austria,Albania,Qatar,1612,1549,3,1,12,-12,1624,1537,47,74,5,0,52,74,20,0,63
22652,May 29 2016,Friendly in the United States,Brazil,Panama,2018,1681,2,0,4,-4,2022,1677,3,42,0,0,3,42,20,0,337
22653,May 29 2016,Friendly in Cambodia,Cambodia,East Timor,723,727,2,0,11,-11,734,716,213,219,2,-2,215,217,20,100,96
22654,May 29 2016,Friendly in the United States,Colombia,Haiti,1979,1502,3,1,2,-2,1981,1500,5,85,0,-1,5,84,20,0,477
22655,May 29 2016,Friendly in Germany,Germany,Slovakia,2060,1745,1,3,-27,27,2033,1772,3,16,-1,9,2,25,20,100,415
22656,May 29 2016,Friendly in Malta,Italy,Scotland,1866,1722,1,0,6,-6,1872,1716,15,40,0,-1,15,39,20,0,144
22657,May 29 2016,Friendly in Kenya,Kenya,Tanzania,1326,1345,1,1,-2,2,1324,1347,126,118,0,0,126,118,20,100,81
22658,May 29 2016,Friendly in Laos,Laos,Nepal,811,896,1,1,0,0,811,896,208,201,0,0,208,201,20,100,15
22659,May 29 2016,Baltic Cup in Lithuania,Lithuania,Estonia,1424,1494,2,0,21,-21,1445,1473,96,94,3,-3,99,91,30,100,30
22660,May 29 2016,Friendly in Austria,Macedonia,Azerbaijan,1424,1399,3,1,14,-14,1438,1385,100,113,1,-2,101,111,20,0,25
22661,May 29 2016,WC q & Oce Cup in Papua New Guinea,Papua New Guinea,New Caledonia,1062,1345,1,1,12,-12,1074,1333,182,130,1,-6,183,124,50,100,-183
22662,May 29 2016,Friendly in Portugal,Portugal,Norway,1909,1634,3,0,4,-4,1913,1630,12,50,0,0,12,50,20,100,375
22663,May 29 2016,Friendly in Switzerland,Spain,Bosnia and Herzegovina,1998,1748,3,1,6,-6,2004,1742,4,36,0,-2,4,34,20,0,250
22664,May 29 2016,WC q & Oce Cup in Papua New Guinea,Tahiti,Samoa,1226,707,4,0,4,-4,1230,703,155,218,0,0,155,218,40,0,519
22665,May 29 2016,Friendly in Turkey,Turkey,Montenegro,1820,1561,1,0,2,-2,1822,1559,17,69,0,0,17,69,20,100,359
22666,May 29 2016,Friendly in Italy,Ukraine,Romania,1822,1763,4,3,8,-8,1830,1755,16,35,0,-4,16,31,20,0,59
22667,May 30 2016,Friendly in France,France,Cameroon,1970,1607,3,2,1,-1,1971,1606,6,58,0,0,6,58,20,100,463
22668,May 30 2016,Friendly in The Gambia,Gambia,Zambia,1301,1498,0,0,3,-3,1304,1495,128,87,2,0,130,87,20,100,-97
22669,May 30 2016,Friendly in Sweden,Sweden,Slovenia,1761,1614,0,0,-6,6,1755,1620,32,53,-2,1,30,54,20,100,247
22670,May 31 2016,Friendly in Austria,Austria,Malta,1791,1232,2,1,0,0,1791,1232,20,153,0,0,20,153,20,100,659
22671,May 31 2016,WC q & Oce Cup in Papua New Guinea,Fiji,Solomon Islands,1257,1193,1,0,20,-20,1277,1173,133,166,7,-1,140,165,50,0,64
22672,May 31 2016,Friendly in Ireland,Ireland,Belarus,1775,1569,1,2,-17,17,1758,1586,32,56,-4,6,28,62,20,100,306
22673,May 31 2016,Friendly in Kenya,Kenya,Sudan,1324,1302,1,1,-3,3,1321,1305,126,128,0,2,126,130,20,100,122
22674,May 31 2016,Friendly in Luxembourg,Luxembourg,Nigeria,1244,1623,1,3,-5,5,1239,1628,152,51,-1,1,151,52,20,100,-279
22675,May 31 2016,WC q & Oce Cup in Papua New Guinea,New Zealand,Vanuatu,1535,1169,5,0,11,-11,1546,1158,73,171,1,-2,74,169,50,0,366
22676,May 31 2016,Friendly in Serbia,Serbia,Israel,1718,1575,3,1,6,-6,1724,1569,38,71,0,-3,38,68,20,100,243
22677,May 31 2016,Friendly in Vietnam,Vietnam,Syria,1209,1516,2,0,23,-23,1232,1493,147,93,6,-7,153,86,20,100,-207
22678,May 31 2016,Friendly in Zimbabwe,Zimbabwe,Uganda,1378,1505,2,0,16,-16,1394,1489,106,92,4,-5,110,87,20,100,-27
22679,Jun 1 2016,Friendly in the United States,Armenia,El Salvador,1508,1438,4,0,15,-15,1523,1423,78,107,1,-3,79,104,20,0,70
22680,Jun 1 2016,Friendly in Belgium,Belgium,Finland,1930,1570,1,1,-9,9,1921,1579,12,65,-1,1,11,66,20,100,460
22681,Jun 1 2016,CONCACAF Ch & Car Ch q in Curaçao,Curaçao,Guyana,1126,1252,5,2,38,-38,1164,1214,163,167,6,-9,169,158,40,100,-26
22682,Jun 1 2016,Friendly in Austria,Czechia,Russia,1757,1771,2,1,10,-10,1767,1761,23,29,3,-2,26,27,20,0,-14
22683,Jun 1 2016,Friendly in Estonia,Estonia,Andorra,1473,961,2,0,1,-1,1474,960,91,195,0,0,91,195,20,0,512
22684,Jun 1 2016,CONCACAF Ch & Car Ch q in French Guiana,French Guiana,Bermuda,1301,1232,0,1,-29,29,1272,1261,151,139,-9,7,142,146,40,100,169
22685,Jun 1 2016,CONCACAF Ch & Car Ch q in Grenada,Grenada,Puerto Rico,1149,1053,3,3,-10,10,1139,1063,176,185,-3,0,173,185,40,100,196
22686,Jun 1 2016,Friendly in the United States,Guatemala,Venezuela,1486,1613,1,1,4,-4,1490,1609,86,57,1,0,87,57,20,0,-127
22687,Jun 1 2016,Baltic Cup in Latvia,Latvia,Lithuania,1465,1445,2,1,10,-10,1475,1435,86,103,4,-2,90,101,30,100,120
22688,Jun 1 2016,CONCACAF Ch & Car Ch q in Martinique,Martinique,Guadeloupe,1443,1287,2,0,11,-11,1454,1276,96,144,2,-4,98,140,40,100,256
22689,Jun 1 2016,Friendly in the United States,Mexico,Chile,1927,1949,1,0,11,-11,1938,1938,7,9,2,0,9,9,20,0,-22
22690,Jun 1 2016,WC q & Oce Cup in Papua New Guinea,New Caledonia,Samoa,1333,703,7,0,3,-3,1336,700,122,220,1,-1,123,219,50,0,630
22691,Jun 1 2016,Friendly in Norway,Norway,Iceland,1630,1673,3,2,8,-8,1638,1665,46,43,2,0,48,43,20,100,57
22692,Jun 1 2016,WC q & Oce Cup in Papua New Guinea,Papua New Guinea,Tahiti,1074,1230,2,2,4,-4,1078,1226,181,154,1,1,182,155,20,0,-156
22693,Jun 1 2016,Friendly in Poland,Poland,Netherlands,1785,1901,1,2,-10,10,1775,1911,24,13,-1,0,23,13,20,100,-16
22694,Jun 1 2016,Friendly in Austria,Spain,South Korea,2004,1792,6,1,9,-9,2013,1783,4,23,0,-2,4,21,20,0,212
22695,Jun 1 2016,CONCACAF Ch & Car Ch q in Saint Kitts and Nevis,Saint Kitts and Nevis,Suriname,1273,1211,1,0,11,-11,1284,1200,130,163,6,-2,136,161,40,100,162
22696,Jun 2 2016,Friendly in England,England,Portugal,1965,1913,1,0,6,-6,1971,1907,4,14,2,-1,6,13,20,100,152
22697,Jun 2 2016,Asian Cup qualifier in Laos,Laos,India,811,1065,0,1,-12,12,799,1077,208,184,0,0,208,184,40,100,-154
22698,Jun 2 2016,Friendly in Macedonia,Macedonia,Iran,1438,1735,1,3,-7,7,1431,1742,102,33,-1,1,101,34,20,100,-197
22699,Jun 2 2016,Asian Cup qualifier in Malaysia,Malaysia,East Timor,1107,716,3,0,4,-4,1111,712,175,217,2,0,177,217,40,100,491
22700,Jun 2 2016,Asian Cup qualifier in the Maldives,Maldives,Yemen,965,1172,0,2,-21,21,944,1193,201,162,-4,2,197,164,40,100,-107
22701,Jun 2 2016,African Nations Cup qualifier in the Seychelles,Seychelles,Algeria,987,1657,0,2,-2,2,985,1659,190,47,0,0,190,47,30,100,-570
22702,Jun 2 2016,World Football Cup in Georgia,Somaliland,Chagos Islands,992,808,3,2,10,-10,1002,798,186,209,1,0,187,209,40,0,184
22703,Jun 2 2016,Asian Cup qualifier in Taiwan,Taiwan,Cambodia,789,734,2,2,-8,8,781,742,210,213,0,1,210,214,40,100,155
22704,Jun 2 2016,Asian Cup qualifier in Tajikistan,Tajikistan,Bangladesh,1199,893,5,0,7,-7,1206,886,160,202,1,0,161,202,40,100,406
22705,Jun 3 2016,Friendly in Austria,Azerbaijan,Canada,1385,1511,1,1,3,-3,1388,1508,112,80,0,0,112,80,20,0,-126
22706,Jun 3 2016,Friendly tournament in Japan,Bosnia and Herzegovina,Denmark,1742,1725,2,2,-1,1,1741,1726,34,36,0,0,34,36,30,0,17
22707,Jun 3 2016,Friendly in China,China,Trinidad and Tobago,1573,1580,4,2,11,-11,1584,1569,61,69,3,-2,64,67,20,100,93
22708,Jun 3 2016,African Nations Cup qualifier in Djibouti,Djibouti,Tunisia,755,1555,0,3,-1,1,754,1556,212,72,0,-1,212,71,20,100,-700
22709,Jun 3 2016,Friendly tournament in Myanmar,Hong Kong,Vietnam,1215,1232,2,2,1,-1,1216,1231,157,155,0,-1,157,154,30,0,-17
22710,Jun 3 2016,Friendly tournament in Japan,Japan,Bulgaria,1761,1614,7,2,12,-12,1773,1602,21,62,3,-3,24,59,20,0,147
22711,Jun 3 2016,King's Cup in Thailand,Jordan,United Arab Emirates,1531,1630,3,1,29,-29,1560,1601,62,69,7,-9,69,60,30,0,-99
22712,Jun 3 2016,Friendly in Germany,Kosovo,Faroe Islands,1390,1241,2,0,9,-9,1399,1232,107,154,2,-2,109,152,20,0,149
22713,Jun 3 2016,African Nations Cup qualifier in Tunisia,Libya,Morocco,1474,1583,1,1,6,-6,1480,1577,89,68,1,-2,90,66,40,0,-109
22714,Jun 3 2016,African Nations Cup qualifier in Mauritania,Mauritania,Cameroon,1301,1606,0,1,-9,9,1292,1615,133,52,0,3,133,55,40,100,-205
22715,Jun 3 2016,Friendly tournament in Myanmar,Myanmar,Singapore,1044,1165,0,1,-14,14,1030,1179,186,164,0,2,186,166,30,100,-21
22716,Jun 3 2016,Friendly in Romania,Romania,Georgia,1755,1470,5,1,4,-4,1759,1466,28,95,1,-1,29,94,20,100,385
22717,Jun 3 2016,Friendly in Switzerland,Switzerland,Moldova,1771,1352,2,1,1,-1,1772,1351,25,117,0,0,25,117,20,100,519
22718,Jun 3 2016,King's Cup in Thailand,Thailand,Syria,1410,1493,2,2,-1,1,1409,1494,106,86,0,0,106,86,30,100,17
22719,Jun 3 2016,Friendly in Italy,Ukraine,Albania,1830,1624,3,1,7,-7,1837,1617,16,55,0,-1,16,54,20,0,206
22720,Jun 3 2016,Copa América in the United States,United States,Colombia,1753,1981,0,2,-24,24,1729,2005,38,5,-3,0,35,5,50,100,-128
22721,Jun 4 2016,Friendly in Australia,Australia,Greece,1716,1605,1,0,5,-5,1721,1600,39,65,0,-4,39,61,20,100,211
22722,Jun 4 2016,Friendly in Austria,Austria,Netherlands,1791,1911,0,2,-14,14,1777,1925,25,10,-3,1,22,11,20,100,-20
22723,Jun 4 2016,CONCACAF Ch & Car Ch q in Bermuda,Bermuda,Dominican Republic,1261,1169,0,1,-30,30,1231,1199,158,158,-6,5,152,163,40,100,192
22724,Jun 4 2016,African Nations Cup qualifier in Botswana,Botswana,Uganda,1304,1489,1,2,-15,15,1289,1504,137,76,-3,6,134,82,40,100,-85
22725,Jun 4 2016,Copa América in the United States,Brazil,Ecuador,2022,1873,0,0,-10,10,2012,1883,5,14,-1,0,4,14,50,0,149
22726,Jun 4 2016,African Nations Cup qualifier in Burundi,Burundi,Senegal,1354,1663,0,2,-14,14,1340,1677,126,39,-5,3,121,42,40,100,-209
22727,Jun 4 2016,Copa América in the United States,Costa Rica,Paraguay,1790,1747,0,0,-3,3,1787,1750,18,32,1,0,19,32,50,0,43
22728,Jun 4 2016,Friendly in Croatia,Croatia,San Marino,1818,883,10,0,0,0,1818,883,18,204,0,0,18,204,20,0,935
22729,Jun 4 2016,Baltic Cup in Estonia,Estonia,Latvia,1474,1475,0,0,-4,4,1470,1479,90,89,1,1,91,90,30,100,99
22730,Jun 4 2016,Friendly in France,France,Scotland,1971,1716,3,0,4,-4,1975,1712,6,41,0,-1,6,40,20,100,355
22731,Jun 4 2016,African Nations Cup qualifier in The Gambia,Gambia,South Africa,1304,1585,0,4,-20,20,1284,1605,141,51,-5,6,136,57,40,100,-181
22732,Jun 4 2016,Friendly in Germany,Germany,Hungary,2033,1698,2,0,2,-2,2035,1696,2,41,0,0,2,41,20,100,435
22733,Jun 4 2016,CONCACAF Ch & Car Ch q in Guadeloupe,Guadeloupe,Dominica,1276,968,2,1,3,-3,1279,965,138,192,1,0,139,192,20,0,308
22734,Jun 4 2016,African Nations Cup qualifier in Guinea-Bissau,Guinea-Bissau,Zambia,1263,1495,3,2,27,-27,1290,1468,122,101,11,-8,133,93,40,100,-132
22735,Jun 4 2016,Friendly in Ivory Coast,Ivory Coast,Gabon,1725,1451,2,1,2,-2,1727,1449,35,99,1,0,36,99,20,100,374
22736,Jun 4 2016,African Nations Cup qualifier in Namibia,Namibia,Niger,1333,1278,1,0,12,-12,1345,1266,113,146,6,-4,119,142,40,100,155
22737,Jun 4 2016,WC q & Oce Cup in Papua New Guinea,New Zealand,Solomon Islands,1546,1173,1,0,5,-5,1551,1168,75,171,0,-2,75,169,50,0,373
22738,Jun 4 2016,Copa América in the United States,Peru,Haiti,1777,1500,1,0,8,-8,1785,1492,18,90,2,-4,20,86,50,0,277
22739,Jun 4 2016,CONCACAF Ch & Car Ch q in Puerto Rico,Puerto Rico,Antigua and Barbuda,1063,1233,2,1,24,-24,1087,1209,179,167,3,-8,182,159,40,100,-70
22740,Jun 4 2016,African Nations Cup qualifier in Rwanda,Rwanda,Mozambique,1316,1337,2,3,-24,24,1292,1361,131,110,-2,6,129,116,40,100,79
22741,Jun 4 2016,African Nations Cup qualifier in São Tomé and Príncipe,São Tomé and Príncipe,Cape Verde,1111,1500,1,2,-6,6,1105,1506,181,80,-2,1,179,81,40,100,-289
22742,Jun 4 2016,African Nations Cup qualifier in Sierra Leone,Sierra Leone,Sudan,1341,1305,1,0,13,-13,1354,1292,114,128,3,1,117,129,30,0,36
22743,Jun 4 2016,Friendly in Slovakia,Slovakia,Northern Ireland,1772,1618,0,0,-6,6,1766,1624,29,51,-2,1,27,52,20,100,254
22744,Jun 4 2016,African Nations Cup qualifier in South Sudan,South Sudan,Mali,1135,1551,0,3,-10,10,1125,1561,175,64,0,5,175,69,40,100,-316
22745,Jun 4 2016,CONCACAF Ch & Car Ch q in Suriname,Suriname,St Vincent & Grenadines,1200,1142,2,1,11,-11,1211,1131,154,176,4,-2,158,174,40,100,158
22746,Jun 4 2016,African Nations Cup qualifier in Tanzania,Tanzania,Egypt,1347,1638,0,2,-15,15,1332,1653,132,48,-7,0,125,48,40,100,-191
22747,Jun 4 2016,CONCACAF Ch & Car Ch q in the US Virgin Islands,US Virgin Islands,Guyana,735,1214,0,7,-9,9,726,1223,215,152,0,3,215,155,40,100,-379
22748,Jun 4 2016,WC q & Oce Cup in Papua New Guinea,Vanuatu,Fiji,1158,1277,3,2,33,-33,1191,1244,162,157,4,-9,166,148,50,0,-119
22749,Jun 5 2016,Friendly in Belgium,Belgium,Norway,1921,1638,3,2,2,-2,1923,1636,12,51,0,-1,12,50,20,100,383
22750,Jun 5 2016,African Nations Cup qualifier in Central African Republic,Central African Republic,Angola,1274,1382,3,1,31,-31,1305,1351,116,121,12,-4,128,117,40,100,-8
22751,Jun 5 2016,African Nations Cup qualifier in the Comoros,Comoros,Burkina Faso,969,1459,0,1,-4,4,965,1463,191,92,0,2,191,94,40,100,-390
22752,Jun 5 2016,Friendly in Czechia,Czechia,South Korea,1767,1783,1,2,-12,12,1755,1795,36,17,-5,2,31,19,20,100,84
22753,Jun 5 2016,African Nations Cup qualifier in Kenya,Kenya,Congo,1321,1481,2,1,23,-23,1344,1458,114,104,6,-8,120,96,40,100,-60
22754,Jun 5 2016,African Nations Cup qualifier in Lesotho,Lesotho,Ethiopia,1125,1281,1,2,-17,17,1108,1298,181,120,-3,9,178,129,40,100,-56
22755,Jun 5 2016,African Nations Cup qualifier in Liberia,Liberia,Togo,1335,1409,2,2,-1,1,1334,1410,124,110,0,-2,124,108,20,100,26
22756,Jun 5 2016,African Nations Cup qualifier in Madagascar,Madagascar,DR Congo,1260,1552,1,6,-20,20,1240,1572,151,60,-3,7,148,67,40,100,-192
22757,Jun 5 2016,African Nations Cup qualifier in Mauritius,Mauritius,Ghana,1104,1638,0,2,-5,5,1099,1643,182,49,-1,0,181,49,40,100,-434
22758,Jun 5 2016,Copa América in the United States,Mexico,Uruguay,1938,1966,3,1,41,-41,1979,1925,3,12,3,-2,6,10,50,0,-28
22759,Jun 5 2016,WC q & Oce Cup in Papua New Guinea,New Caledonia,Tahiti,1336,1226,1,1,-8,8,1328,1234,129,146,-3,4,126,150,30,100,210
22760,Jun 5 2016,WC q & Oce Cup in Papua New Guinea,Papua New Guinea,Samoa,1078,700,8,0,7,-7,1085,693,183,221,0,-1,183,220,30,0,378
22761,Jun 5 2016,Friendly in Monaco,Russia,Serbia,1761,1724,1,1,-1,1,1760,1725,28,38,0,0,28,38,20,0,37
22762,Jun 5 2016,Friendly in Slovenia,Slovenia,Turkey,1620,1822,0,1,-7,7,1613,1829,59,17,-3,0,56,17,20,100,-102
22763,Jun 5 2016,African Nations Cup qualifier in Swaziland,Swaziland,Guinea,1260,1554,1,0,30,-30,1290,1524,125,83,10,-5,135,78,40,100,-194
22764,Jun 5 2016,Friendly in Sweden,Sweden,Wales,1755,1664,3,0,9,-9,1764,1655,23,49,4,-2,27,47,20,100,191
22765,Jun 5 2016,King's Cup in Thailand,Syria,United Arab Emirates,1494,1601,1,0,19,-19,1513,1582,75,66,5,-3,80,63,30,0,-107
22766,Jun 5 2016,King's Cup in Thailand,Thailand,Jordan,1409,1560,2,0,26,-26,1435,1534,94,80,6,-5,100,75,30,100,-51
22767,Jun 5 2016,Copa América in the United States,Venezuela,Jamaica,1609,1598,1,0,24,-24,1633,1574,46,70,5,-4,51,66,50,0,11
22768,Jun 5 2016,African Nations Cup qualifier in Zimbabwe,Zimbabwe,Malawi,1394,1314,3,0,18,-18,1412,1296,103,133,4,-3,107,130,40,100,180
22769,Jun 6 2016,Copa América in the United States,Argentina,Chile,2050,1938,2,1,17,-17,2067,1921,1,15,0,-3,1,12,50,0,112
22770,Jun 6 2016,Friendly in Iceland,Iceland,Liechtenstein,1665,1194,4,0,1,-1,1666,1193,44,162,0,1,44,163,20,100,571
22771,Jun 6 2016,Friendly in Italy,Italy,Finland,1872,1579,2,0,3,-3,1875,1576,15,66,0,-1,15,65,20,100,393
22772,Jun 6 2016,Asian Cup qualifier in Malaysia,Malaysia,East Timor,1111,712,3,0,4,-4,1115,708,176,217,0,0,176,217,40,100,499
22773,Jun 6 2016,Friendly tournament in Myanmar,Myanmar,Hong Kong,1030,1216,3,0,33,-33,1063,1183,186,177,0,-10,186,167,30,100,-86
22774,Jun 6 2016,Copa América in the United States,Panama,Bolivia,1677,1605,2,1,20,-20,1697,1585,40,65,1,-4,41,61,50,0,72
22775,Jun 6 2016,Friendly in Poland,Poland,Lithuania,1775,1435,0,0,-9,9,1766,1444,27,100,-2,0,25,100,20,100,440
22776,Jun 6 2016,Friendly tournament in Myanmar,Vietnam,Singapore,1231,1179,3,0,22,-22,1253,1157,141,172,6,-2,147,170,30,0,52
22777,Jun 7 2016,CONCACAF Ch & Car Ch q in Antigua and Barbuda,Antigua and Barbuda,Grenada,1209,1139,5,1,20,-20,1229,1119,152,176,3,-2,155,174,40,100,170
22778,Jun 7 2016,Friendly in Australia,Australia,Greece,1721,1600,1,2,-16,16,1705,1616,41,51,-1,4,40,55,20,100,221
22779,Jun 7 2016,Asian Cup qualifier in Bangladesh,Bangladesh,Tajikistan,886,1206,0,1,-9,9,877,1215,206,157,-2,2,204,159,40,100,-220
22780,Jun 7 2016,Asian Cup qualifier in Cambodia,Cambodia,Taiwan,742,781,2,0,25,-25,767,756,206,214,4,-2,210,212,30,0,-39
22781,Jun 7 2016,Friendly in Austria,Canada,Uzbekistan,1508,1661,2,1,14,-14,1522,1647,79,51,1,-3,80,48,20,0,-153
22782,Jun 7 2016,Friendly in China,China,Kazakhstan,1584,1404,0,1,-17,17,1567,1421,76,103,-7,3,69,106,20,100,280
22783,Jun 7 2016,Copa América in the United States,Colombia,Paraguay,2005,1750,2,1,9,-9,2014,1741,1,40,2,-4,3,36,50,0,255
22784,Jun 7 2016,CONCACAF Ch & Car Ch q in Curaçao,Curaçao,US Virgin Islands,1164,726,7,0,4,-4,1168,722,167,217,1,-1,168,216,40,100,538
22785,Jun 7 2016,Friendly tournament in Japan,Denmark,Bulgaria,1726,1602,4,0,18,-18,1744,1584,31,64,3,-3,34,61,30,0,124
22786,Jun 7 2016,CONCACAF Ch & Car Ch q in Dominica,Dominica,Martinique,965,1454,0,4,-7,7,958,1461,197,92,-3,3,194,95,40,100,-389
22787,Jun 7 2016,CONCACAF Ch & Car Ch q in the Dominican Republic,Dominican Republic,French Guiana,1199,1272,2,1,18,-18,1217,1254,154,150,4,-4,158,146,30,0,-73
22788,Jun 7 2016,Asian Cup qualifier in India,India,Laos,1077,799,6,1,8,-8,1085,791,181,210,2,-1,183,209,40,100,378
22789,Jun 7 2016,Friendly in Iran,Iran,Kyrgyzstan,1742,1209,6,0,1,-1,1743,1208,37,164,-2,-3,35,161,20,100,633
22790,Jun 7 2016,Friendly tournament in Japan,Japan,Bosnia and Herzegovina,1773,1741,1,2,-20,20,1753,1761,41,20,-9,7,32,27,30,100,132
22791,Jun 7 2016,Friendly in Spain,Spain,Georgia,2013,1466,0,1,-20,20,1993,1486,7,83,-2,5,5,88,20,100,647
22792,Jun 7 2016,CONCACAF Ch & Car Ch q in St Vincent & Grenadines,St Vincent & Grenadines,Saint Kitts and Nevis,1131,1284,0,1,-17,17,1114,1301,178,119,-2,10,176,129,40,100,-53
22793,Jun 7 2016,Copa América in the United States,United States,Costa Rica,1729,1787,4,0,41,-41,1770,1746,11,46,12,-13,23,33,50,100,42
22794,Jun 7 2016,Asian Cup qualifier in Qatar,Yemen,Maldives,1193,944,2,0,12,-12,1205,932,163,197,0,0,163,197,40,0,249
22795,Jun 8 2016,Copa América in the United States,Brazil,Haiti,2012,1492,7,1,5,-5,2017,1487,2,88,1,-1,3,87,50,0,520
22796,Jun 8 2016,Copa América in the United States,Ecuador,Peru,1883,1785,2,2,-7,7,1876,1792,14,20,0,0,14,20,50,0,98
22797,Jun 8 2016,Friendly in Namibia,Namibia,Malawi,1345,1296,0,0,-4,4,1341,1300,123,129,-2,1,121,130,20,100,149
22798,Jun 8 2016,Oceania Nations Cup in Papua New Guinea,New Zealand,New Caledonia,1551,1328,1,0,11,-11,1562,1317,67,126,3,0,70,126,50,0,223
22799,Jun 8 2016,Oceania Nations Cup in Papua New Guinea,Papua New Guinea,Solomon Islands,1085,1168,2,1,24,-24,1109,1144,173,174,5,-3,178,171,50,100,17
22800,Jun 8 2016,Friendly in Portugal,Portugal,Estonia,1907,1470,7,0,2,-2,1909,1468,13,93,0,-1,13,92,20,100,537
22801,Jun 9 2016,Copa América in the United States,Mexico,Jamaica,1979,1574,2,0,7,-7,1986,1567,6,71,0,-3,6,68,50,0,405
22802,Jun 9 2016,Copa América in the United States,Venezuela,Uruguay,1633,1925,1,0,42,-42,1675,1883,37,17,7,-4,44,13,50,0,-292
22803,Jun 10 2016,Copa América in the United States,Argentina,Panama,2067,1697,5,0,11,-11,2078,1686,1,43,0,-1,1,42,50,0,370
22804,Jun 10 2016,Copa América in the United States,Chile,Bolivia,1921,1585,2,1,6,-6,1927,1579,7,64,2,-2,9,62,50,0,336
22805,Jun 10 2016,European Championship in France,France,Romania,1975,1759,2,1,7,-7,1982,1752,7,35,0,-3,7,32,30,0,216
22806,Jun 11 2016,Copa América in the United States,Costa Rica,Colombia,1746,2014,3,2,41,-41,1787,1973,9,10,12,-3,21,7,50,0,-268
22807,Jun 11 2016,European Championship in France,England,Russia,1971,1760,1,1,-14,14,1957,1774,8,22,0,3,8,25,40,100,311
22808,Jun 11 2016,COSAFA Cup in Namibia,Madagascar,Seychelles,1240,985,1,0,7,-7,1247,978,147,190,1,0,148,190,40,0,255
22809,Jun 11 2016,Oceania Nations Cup in Papua New Guinea,Papua New Guinea,New Zealand,1109,1562,0,0,19,-19,1128,1543,168,76,5,-3,173,73,50,100,-353
22810,Jun 11 2016,COSAFA Cup in Namibia,Swaziland,Zimbabwe,1290,1412,2,2,7,-7,1297,1405,128,110,4,-1,132,109,40,0,-122
22811,Jun 11 2016,European Championship in France,Switzerland,Albania,1772,1617,1,0,15,-15,1787,1602,20,62,1,-4,21,58,50,0,155
22812,Jun 11 2016,Copa América in the United States,United States,Paraguay,1770,1741,1,0,16,-16,1786,1725,23,38,0,-1,23,37,50,100,129
22813,Jun 11 2016,European Championship in France,Wales,Slovakia,1655,1766,2,1,33,-33,1688,1733,37,46,5,-11,42,35,50,0,-111
22814,Jun 12 2016,African Nations Cup qualifier in Benin,Benin,Equatorial Guinea,1397,1342,2,1,12,-12,1409,1330,107,130,2,-5,109,125,40,100,155
22815,Jun 12 2016,European Championship in France,Croatia,Turkey,1818,1829,1,0,26,-26,1844,1803,14,21,2,-2,16,19,50,0,-11
22816,Jun 12 2016,Copa América in the United States,Ecuador,Haiti,1876,1487,4,0,9,-9,1885,1478,12,93,1,-3,13,90,50,0,389
22817,Jun 12 2016,European Championship in France,Germany,Ukraine,2035,1837,2,0,18,-18,2053,1819,2,20,0,-2,2,18,50,0,198
22818,Jun 12 2016,COSAFA Cup in Namibia,Lesotho,Mauritius,1108,1099,3,0,34,-34,1142,1065,165,188,7,-3,172,185,40,0,9
22819,Jun 12 2016,COSAFA Cup in Namibia,Malawi,Angola,1300,1351,3,0,40,-40,1340,1311,110,139,10,-11,120,128,40,0,-51
22820,Jun 12 2016,Copa América in the United States,Peru,Brazil,1792,2017,1,0,39,-39,1831,1978,14,9,3,-3,17,6,50,0,-225
22821,Jun 12 2016,European Championship in France,Poland,Northern Ireland,1766,1624,1,0,15,-15,1781,1609,22,59,2,-3,24,56,50,0,142
22822,Jun 13 2016,European Championship in France,Ireland,Sweden,1758,1764,1,1,0,0,1758,1764,29,27,0,0,29,27,20,0,-6
22823,Jun 13 2016,European Championship in France,Italy,Belgium,1875,1923,2,0,43,-43,1918,1880,7,19,4,-4,11,15,50,0,-48
22824,Jun 13 2016,COSAFA Cup in Namibia,Madagascar,Zimbabwe,1247,1405,0,0,9,-9,1256,1396,142,112,3,-1,145,111,40,0,-158
22825,Jun 13 2016,Copa América in the United States,Mexico,Venezuela,1986,1675,1,1,-18,18,1968,1693,10,39,-3,3,7,42,50,0,311
22826,Jun 13 2016,European Championship in France,Spain,Czechia,1993,1755,1,0,10,-10,2003,1745,3,34,0,-2,3,32,50,0,238
22827,Jun 13 2016,COSAFA Cup in Namibia,Swaziland,Seychelles,1297,978,4,0,10,-10,1307,968,126,190,3,0,129,190,40,0,319
22828,Jun 13 2016,Copa América in the United States,Uruguay,Jamaica,1883,1567,3,0,12,-12,1895,1555,12,76,1,-4,13,72,50,0,316
22829,Jun 14 2016,Copa América in the United States,Argentina,Bolivia,2078,1579,3,0,5,-5,2083,1574,1,66,0,-2,1,64,50,0,499
22830,Jun 14 2016,Copa América in the United States,Chile,Panama,1927,1686,4,2,15,-15,1942,1671,9,48,0,-2,9,46,50,0,241
22831,Jun 14 2016,European Championship in France,Hungary,Austria,1696,1777,2,0,46,-46,1742,1731,27,47,7,-11,34,36,50,0,-81
22832,Jun 14 2016,European Championship in France,Iceland,Portugal,1666,1909,1,1,15,-15,1681,1894,42,14,2,-1,44,13,50,0,-243
22833,Jun 14 2016,COSAFA Cup in Namibia,Lesotho,Angola,1142,1311,2,0,44,-44,1186,1267,162,154,5,-13,167,141,40,0,-169
22834,Jun 14 2016,COSAFA Cup in Namibia,Malawi,Mauritius,1340,1065,1,0,7,-7,1347,1058,116,187,2,-1,118,186,40,0,275
22835,Jun 15 2016,European Championship in France,France,Albania,1982,1602,2,0,4,-4,1986,1598,4,58,0,0,4,58,40,100,480
22836,Jun 15 2016,European Championship in France,Romania,Switzerland,1752,1787,1,1,3,-3,1755,1784,28,25,1,-2,29,23,50,0,-35
22837,Jun 15 2016,European Championship in France,Slovakia,Russia,1733,1774,2,1,28,-28,1761,1746,17,37,9,-6,26,31,50,0,-41
22838,Jun 15 2016,COSAFA Cup in Namibia,Swaziland,Madagascar,1307,1256,1,0,17,-17,1324,1239,124,153,2,-4,126,149,40,0,51
22839,Jun 15 2016,COSAFA Cup in Namibia,Zimbabwe,Seychelles,1396,968,5,0,6,-6,1402,962,109,194,1,-2,110,192,40,0,428
22840,Jun 16 2016,European Championship in France,England,Wales,1957,1688,2,1,9,-9,1966,1679,8,45,0,-1,8,44,50,0,269
22841,Jun 16 2016,European Championship in France,Germany,Poland,2053,1781,0,0,-16,16,2037,1797,2,16,0,4,2,20,40,100,372
22842,Jun 16 2016,COSAFA Cup in Namibia,Lesotho,Malawi,1186,1347,1,0,29,-29,1215,1318,151,134,8,-8,159,126,40,0,-161
22843,Jun 16 2016,COSAFA Cup in Namibia,Mauritius,Angola,1058,1267,2,0,46,-46,1104,1221,176,171,5,-15,181,156,40,0,-209
22844,Jun 16 2016,European Championship in France,Northern Ireland,Ukraine,1609,1819,2,0,58,-58,1667,1761,38,32,9,-7,47,25,50,0,-210
22845,Jun 16 2016,Copa América in the United States,United States,Ecuador,1786,1885,2,1,25,-25,1811,1860,14,16,4,-1,18,15,50,100,1
22846,Jun 17 2016,Copa América in the United States,Colombia,Peru,1973,1831,0,0,-10,10,1963,1841,10,15,-2,1,8,16,50,0,142
22847,Jun 17 2016,European Championship in France,Croatia,Czechia,1844,1745,2,2,-7,7,1837,1752,18,28,-1,2,17,30,50,0,99
22848,Jun 17 2016,European Championship in France,Italy,Sweden,1918,1764,1,0,15,-15,1933,1749,9,38,1,-7,10,31,50,0,154
22849,Jun 17 2016,Friendly in Papua New Guinea,Papua New Guinea,Malaysia,1128,1115,2,0,10,-10,1138,1105,172,181,1,-2,173,179,20,100,113
22850,Jun 17 2016,European Championship in France,Spain,Turkey,2003,1803,3,0,21,-21,2024,1782,3,27,0,-4,3,23,50,0,200
22851,Jun 18 2016,Copa América in the United States,Argentina,Venezuela,2083,1693,4,1,8,-8,2091,1685,1,42,0,0,1,42,50,0,390
22852,Jun 18 2016,European Championship in France,Austria,Portugal,1731,1894,0,0,11,-11,1742,1883,32,15,2,-1,34,14,50,0,-163
22853,Jun 18 2016,European Championship in France,Belgium,Ireland,1880,1758,3,0,29,-29,1909,1729,8,45,3,-9,11,36,50,0,122
22854,Jun 18 2016,Copa América in the United States,Chile,Mexico,1942,1968,7,0,60,-60,2002,1908,-1,18,5,-6,4,12,50,0,-26
22855,Jun 18 2016,European Championship in France,Hungary,Iceland,1742,1681,1,1,-4,4,1738,1685,35,41,0,1,35,42,20,100,161
22856,Jun 18 2016,COSAFA Cup in Namibia,Lesotho,South Africa,1215,1605,1,1,16,-16,1231,1589,147,59,6,-1,153,58,40,0,-390
22857,Jun 18 2016,COSAFA Cup in Namibia,Namibia,Botswana,1341,1289,1,1,-8,8,1333,1297,125,127,-3,5,122,132,40,100,152
22858,Jun 19 2016,European Championship in France,Albania,Romania,1598,1755,1,0,36,-36,1634,1719,49,51,4,-12,53,39,50,0,-157
22859,Jun 19 2016,COSAFA Cup in Namibia,DR Congo,Mozambique,1572,1361,1,0,9,-9,1581,1352,59,117,3,-1,62,116,40,0,211
22860,Jun 19 2016,European Championship in France,France,Switzerland,1986,1784,0,0,-18,18,1968,1802,7,16,-1,3,6,19,50,100,302
22861,Jun 19 2016,CONCACAF Ch & Car Ch q in French Guiana,French Guiana,Bermuda,1254,1231,3,0,23,-23,1277,1208,137,169,4,-8,141,161,40,100,123
22862,Jun 19 2016,COSAFA Cup in Namibia,Swaziland,Zambia,1324,1468,0,0,8,-8,1332,1460,121,98,2,-3,123,95,40,0,-144
22863,Jun 20 2016,European Championship in France,England,Slovakia,1966,1761,0,0,-13,13,1953,1774,9,24,-1,0,8,24,50,0,205
22864,Jun 20 2016,European Championship in France,Wales,Russia,1679,1746,3,0,52,-52,1731,1694,24,54,10,-12,34,42,50,0,-67
22865,Jun 21 2016,European Championship in France,Croatia,Spain,1837,2024,2,1,37,-37,1874,1987,13,5,2,-1,15,4,50,0,-187
22866,Jun 21 2016,European Championship in France,Germany,Northern Ireland,2037,1667,1,0,5,-5,2042,1662,2,47,0,0,2,47,50,0,370
22867,Jun 21 2016,COSAFA Cup in Namibia,Namibia,Mozambique,1333,1352,3,0,27,-27,1360,1325,108,134,7,-9,115,125,40,100,81
22868,Jun 21 2016,European Championship in France,Poland,Ukraine,1797,1761,1,0,22,-22,1819,1739,16,37,2,-6,18,31,50,0,36
22869,Jun 21 2016,European Championship in France,Turkey,Czechia,1782,1752,2,0,34,-34,1816,1718,15,50,4,-11,19,39,50,0,30
22870,Jun 21 2016,Copa América in the United States,United States,Argentina,1811,2091,0,4,-25,25,1786,2116,28,1,-5,0,23,1,50,100,-180
22871,Jun 21 2016,COSAFA Cup in Namibia,Zambia,Lesotho,1460,1231,3,2,8,-8,1468,1223,89,155,3,-1,92,154,40,0,229
22872,Jun 22 2016,European Championship in France,Belgium,Sweden,1909,1749,1,0,14,-14,1923,1735,9,37,1,-5,10,32,50,0,160
22873,Jun 22 2016,COSAFA Cup in Namibia,Botswana,DR Congo,1297,1581,0,0,13,-13,1310,1568,124,72,4,-5,128,67,40,0,-284
22874,Jun 22 2016,Copa América in the United States,Chile,Colombia,2002,1963,2,0,33,-33,2035,1930,3,9,0,-1,3,8,50,0,39
22875,Jun 22 2016,European Championship in France,Hungary,Portugal,1738,1883,3,3,10,-10,1748,1873,24,16,4,-1,28,15,50,0,-145
22876,Jun 22 2016,European Championship in France,Iceland,Austria,1685,1742,2,1,29,-29,1714,1713,35,50,4,-10,39,40,50,0,-57
22877,Jun 22 2016,European Championship in France,Ireland,Italy,1729,1933,1,0,38,-38,1767,1895,16,15,9,-3,25,12,50,0,-204
22878,Jun 22 2016,Friendly in New Caledonia,New Caledonia,Malaysia,1317,1105,1,2,-17,17,1300,1122,135,173,-4,3,131,176,20,100,312
22879,Jun 22 2016,COSAFA Cup in Namibia,South Africa,Swaziland,1589,1332,5,1,14,-14,1603,1318,58,128,0,-3,58,125,40,0,257
22880,Jun 24 2016,COSAFA Cup in Namibia,Namibia,Zambia,1360,1468,1,0,20,-20,1380,1448,113,106,1,-7,114,99,30,0,-108
22881,Jun 25 2016,European Championship in France,Poland,Switzerland,1819,1802,1,1,-1,1,1818,1803,18,20,0,0,18,20,30,0,17
22882,Jun 25 2016,European Championship in France,Portugal,Croatia,1873,1874,1,0,25,-25,1898,1849,9,18,3,-2,12,16,50,0,-1
22883,Jun 25 2016,COSAFA Cup in Namibia,South Africa,Botswana,1603,1310,3,2,6,-6,1609,1304,58,130,0,-1,58,129,40,0,293
22884,Jun 25 2016,COSAFA Cup in Namibia,Swaziland,DR Congo,1318,1568,1,0,32,-32,1350,1536,111,81,7,-7,118,74,40,0,-250
22885,Jun 25 2016,Copa América in the United States,United States,Colombia,1786,1930,0,1,-22,22,1764,1952,27,8,-2,0,25,8,50,100,-44
22886,Jun 25 2016,European Championship in France,Wales,Northern Ireland,1731,1662,1,0,20,-20,1751,1642,23,55,5,-4,28,51,50,0,69
22887,Jun 26 2016,Copa América in the United States,Argentina,Chile,2116,2035,0,0,-6,6,2110,2041,1,3,0,0,1,3,50,0,81
22888,Jun 26 2016,European Championship in France,Belgium,Hungary,1923,1748,4,0,25,-25,1948,1723,8,43,1,-7,9,36,50,0,175
22889,Jun 26 2016,Friendly in Fiji,Fiji,Malaysia,1244,1122,1,1,-6,6,1238,1128,151,174,-2,1,149,175,20,100,222
22890,Jun 26 2016,European Championship in France,France,Ireland,1968,1767,2,1,8,-8,1976,1759,6,26,0,-1,6,25,50,100,301
22891,Jun 26 2016,European Championship in France,Germany,Slovakia,2042,1774,3,0,15,-15,2057,1759,2,27,0,-2,2,25,50,0,268
22892,Jun 27 2016,European Championship in France,Iceland,England,1714,1953,2,1,40,-40,1754,1913,15,15,12,-4,27,11,50,0,-239
22893,Jun 27 2016,European Championship in France,Italy,Spain,1895,1987,2,0,47,-47,1942,1940,3,14,5,-5,8,9,50,0,-92
22894,Jun 30 2016,East Asian Championship qual in Guam,Macao,Mongolia,621,673,2,2,3,-3,624,670,227,224,0,0,227,224,40,0,-52
22895,Jun 30 2016,European Championship in France,Poland,Portugal,1818,1898,1,1,6,-6,1824,1892,18,15,0,-1,18,14,50,0,-80
22896,Jun 30 2016,East Asian Championship qual in Guam,Taiwan,Northern Mariana Islands,756,462,8,1,14,-14,770,448,208,238,2,0,210,238,40,0,294
22897,Jul 1 2016,European Championship in France,Wales,Belgium,1751,1948,3,1,57,-57,1808,1891,11,21,9,-7,20,14,50,0,-197
22898,Jul 2 2016,European Championship in France,Germany,Italy,2057,1942,1,1,-8,8,2049,1950,2,7,0,0,2,7,30,100,215
22899,Jul 2 2016,East Asian Championship qual in Guam,Macao,Northern Mariana Islands,624,448,3,1,16,-16,640,432,223,238,2,0,225,238,40,0,176
22900,Jul 2 2016,East Asian Championship qual in Guam,Taiwan,Mongolia,770,670,2,0,22,-22,792,648,208,224,1,0,209,224,40,0,100
22901,Jul 3 2016,European Championship in France,France,Iceland,1976,1754,5,2,12,-12,1988,1742,3,34,1,-3,4,31,50,100,322
22902,Jul 4 2016,East Asian Championship qual in Guam,Mongolia,Northern Mariana Islands,648,432,8,0,21,-21,669,411,224,238,0,0,224,238,40,0,216
22903,Jul 4 2016,East Asian Championship qual in Guam,Taiwan,Macao,792,640,3,2,12,-12,804,628,207,229,1,-2,208,227,40,0,152
22904,Jul 6 2016,European Championship in France,Portugal,Wales,1892,1808,2,0,29,-29,1921,1779,7,26,3,-3,10,23,50,0,84
22905,Jul 7 2016,European Championship in France,France,Germany,1988,2049,2,0,33,-33,2021,2016,2,6,1,-2,3,4,50,100,39
22906,Jul 10 2016,European Championship in France,France,Portugal,2021,1921,0,1,-38,38,1983,1959,5,2,-1,4,4,6,50,100,200
22907,Jul 24 2016,Friendly in Uzbekistan,Uzbekistan,Iraq,1647,1499,2,1,4,-4,1651,1495,49,85,0,0,49,85,20,100,248
22908,Jul 28 2016,Friendly in Cambodia,Cambodia,Singapore,767,1157,2,1,17,-17,784,1140,211,174,0,-2,211,172,20,100,-290
22909,Aug 8 2016,Friendly in Oman,Oman,Turkmenistan,1469,1286,1,0,3,-3,1472,1283,91,140,0,-1,91,139,20,100,283
22910,Aug 8 2016,Friendly in Qatar,Qatar,Iraq,1537,1495,2,1,6,-6,1543,1489,71,87,1,-1,72,86,20,100,142
22911,Aug 10 2016,Friendly in Panama,Panama,Guatemala,1671,1490,0,0,-7,7,1664,1497,46,85,0,0,46,85,20,100,281
22912,Aug 13 2016,Friendly in Bhutan,Bhutan,India,550,1085,0,3,-3,3,547,1088,234,182,0,1,234,183,20,100,-435
22913,Aug 16 2016,Friendly in Malaysia,North Korea,Iraq,1502,1489,1,0,10,-10,1512,1479,80,90,2,-2,82,88,20,0,13
22914,Aug 18 2016,Friendly in Switzerland,Qatar,Jordan,1543,1534,3,2,10,-10,1553,1524,72,79,0,-2,72,77,20,0,9
22915,Aug 21 2016,Friendly in Malaysia,Iraq,North Korea,1479,1512,1,1,1,-1,1480,1511,86,82,1,0,87,82,20,0,-33
22916,Aug 24 2016,Friendly in Honduras,Honduras,Nicaragua,1525,1262,1,0,2,-2,1527,1260,77,144,-1,0,76,144,20,100,363
22917,Aug 24 2016,Friendly in China,North Korea,United Arab Emirates,1511,1582,2,0,18,-18,1529,1564,68,73,7,-6,75,67,20,0,-71
22918,Aug 24 2016,Friendly in Qatar,Saudi Arabia,Laos,1525,791,4,0,1,-1,1526,790,79,210,-2,0,77,210,20,0,734
22919,Aug 24 2016,Friendly in Uzbekistan,Uzbekistan,Burkina Faso,1651,1463,1,0,3,-3,1654,1460,47,95,1,-1,48,94,20,100,288
22920,Aug 25 2016,Friendly in Qatar,Qatar,Thailand,1553,1435,3,0,8,-8,1561,1427,64,103,4,-1,68,102,20,100,218
22921,Aug 27 2016,Friendly in Tajikistan,Tajikistan,Syria,1215,1513,0,0,5,-5,1220,1508,155,82,2,0,157,82,20,100,-198
22922,Aug 28 2016,Friendly in the Dominican Republic,Dominican Republic,Puerto Rico,1217,1087,5,0,8,-8,1225,1079,149,184,5,0,154,184,20,100,230
22923,Aug 30 2016,Friendly in Egypt,Egypt,Guinea,1653,1524,1,1,-6,6,1647,1530,49,72,0,3,49,75,20,100,229
22924,Aug 30 2016,Friendly in Kyrgyzstan,Kyrgyzstan,Kazakhstan,1208,1421,2,0,20,-20,1228,1401,149,114,6,-4,155,110,20,100,-113
22925,Aug 30 2016,Friendly in Puerto Rico,Puerto Rico,Dominican Republic,1079,1225,0,1,-9,9,1070,1234,186,146,-1,4,185,150,20,100,-46
22926,Aug 30 2016,Friendly in Uganda,Uganda,Kenya,1504,1344,0,0,-6,6,1498,1350,84,117,0,1,84,118,20,100,260
22927,Aug 31 2016,Friendly in Albania,Albania,Morocco,1634,1577,0,0,-4,4,1630,1581,51,61,1,0,52,61,20,100,157
22928,Aug 31 2016,Friendly in Czechia,Czechia,Armenia,1718,1523,3,0,5,-5,1723,1518,35,82,2,-1,37,81,20,100,295
22929,Aug 31 2016,Friendly in Denmark,Denmark,Liechtenstein,1744,1193,5,0,1,-1,1745,1192,29,165,0,0,29,165,20,100,651
22930,Aug 31 2016,Friendly in Estonia,Estonia,Malta,1468,1232,1,1,-7,7,1461,1239,92,142,0,5,92,147,20,100,336
22931,Aug 31 2016,Friendly in Germany,Germany,Finland,2016,1576,2,0,1,-1,2017,1575,3,62,0,0,3,62,20,100,540
22932,Aug 31 2016,Friendly in Ireland,Ireland,Oman,1759,1472,4,0,4,-4,1763,1468,24,91,1,0,25,91,20,100,387
22933,Aug 31 2016,Friendly in Lebanon,Lebanon,Jordan,1365,1524,1,1,2,-2,1367,1522,115,79,0,0,115,79,20,100,-59
22934,Aug 31 2016,Friendly in Nicaragua,Nicaragua,Saint Kitts and Nevis,1260,1301,0,0,-2,2,1258,1303,144,130,0,0,144,130,20,100,59
22935,Aug 31 2016,Friendly in Norway,Norway,Belarus,1636,1586,0,1,-14,14,1622,1600,56,59,-2,0,54,59,20,100,150
22936,Aug 31 2016,Friendly in Turkey,Turkey,Russia,1816,1694,0,0,-6,6,1810,1700,19,43,0,0,19,43,20,100,222
22937,Sep 1 2016,World Cup qualifier in Argentina,Argentina,Uruguay,2110,1895,1,0,6,-6,2116,1889,1,13,0,0,1,13,40,100,315
22938,Sep 1 2016,World Cup qualifier in Australia,Australia,Iraq,1705,1480,2,0,8,-8,1713,1472,38,93,2,-3,40,90,40,100,325
22939,Sep 1 2016,Friendly in Bahrain,Bahrain,Singapore,1425,1140,3,1,3,-3,1428,1137,101,174,1,-1,102,173,20,100,385
22940,Sep 1 2016,Friendly in Belgium,Belgium,Spain,1891,1940,0,2,-17,17,1874,1957,14,7,0,1,14,8,20,100,51
22941,Sep 1 2016,World Cup qualifier in Bolivia,Bolivia,Peru,1574,1841,2,0,43,-43,1617,1798,49,25,7,-4,56,21,40,100,-167
22942,Sep 1 2016,World Cup qualifier in Colombia,Colombia,Venezuela,1952,1685,2,0,6,-6,1958,1679,7,44,0,0,7,44,40,100,367
22943,Sep 1 2016,World Cup qualifier in Ecuador,Ecuador,Brazil,1860,1978,0,3,-33,33,1827,2011,17,1,-1,2,16,3,40,100,-18
22944,Sep 1 2016,Friendly in Hong Kong,Hong Kong,Cambodia,1183,784,4,2,2,-2,1185,782,168,211,0,0,168,211,20,100,499
22945,Sep 1 2016,World Cup qualifier in Iran,Iran,Qatar,1743,1561,2,0,10,-10,1753,1551,28,76,1,-4,29,72,40,100,282
22946,Sep 1 2016,Friendly in Italy,Italy,France,1950,1983,1,3,-18,18,1932,2001,10,6,-1,-1,9,5,20,100,67
22947,Sep 1 2016,World Cup qualifier in Japan,Japan,United Arab Emirates,1753,1564,1,2,-34,34,1719,1598,48,55,-10,6,38,61,40,100,289
22948,Sep 1 2016,Friendly in the Maldives,Maldives,Bangladesh,932,877,5,0,12,-12,944,865,197,208,0,-2,197,206,20,100,155
22949,Sep 1 2016,Friendly in the Netherlands,Netherlands,Greece,1925,1616,1,2,-18,18,1907,1634,14,49,-2,3,12,52,20,100,409
22950,Sep 1 2016,World Cup qualifier in Paraguay,Paraguay,Chile,1725,2041,2,1,31,-31,1756,2010,21,6,7,-2,28,4,40,100,-216
22951,Sep 1 2016,Friendly in Portugal,Portugal,Gibraltar,1959,1111,5,0,0,0,1959,1111,6,179,0,0,6,179,20,0,848
22952,Sep 1 2016,World Cup qualifier in Saudi Arabia,Saudi Arabia,Thailand,1526,1427,1,0,10,-10,1536,1417,70,110,4,-4,74,106,40,100,199
22953,Sep 1 2016,World Cup qualifier in South Korea,South Korea,China,1795,1567,3,2,5,-5,1800,1562,19,68,1,-1,20,67,40,100,328
22954,Sep 1 2016,World Cup qualifier in Uzbekistan,Uzbekistan,Syria,1654,1508,1,0,8,-8,1662,1500,46,84,1,-1,47,83,40,100,246
22955,Sep 2 2016,World Cup qualifier in El Salvador,El Salvador,Mexico,1423,1908,1,3,-6,6,1417,1914,106,9,-1,1,105,10,40,100,-385
22956,Sep 2 2016,World Cup qualifier in Haiti,Haiti,Costa Rica,1478,1787,0,1,-9,9,1469,1796,91,22,-1,0,90,22,40,100,-209
22957,Sep 2 2016,World Cup qualifier in Honduras,Honduras,Canada,1527,1522,2,1,14,-14,1541,1508,68,83,5,-2,73,81,40,100,105
22958,Sep 2 2016,Friendly in Latvia,Latvia,Luxembourg,1479,1239,3,1,4,-4,1483,1235,86,153,1,-3,87,150,20,100,340
22959,Sep 2 2016,World Cup qualifier in Panama,Panama,Jamaica,1664,1555,2,0,14,-14,1678,1541,44,75,1,-2,45,73,40,100,209
22960,Sep 2 2016,African Nations Cup qualifier in South Africa,South Africa,Mauritania,1609,1292,1,1,-17,17,1592,1309,63,123,-2,5,61,128,40,100,417
22961,Sep 2 2016,World Cup qualifier in St Vincent & Grenadines,St Vincent & Grenadines,United States,1114,1764,0,6,-3,3,1111,1767,178,24,0,0,178,24,30,100,-550
22962,Sep 2 2016,Friendly in Sudan,Sudan,Gabon,1292,1449,1,2,-8,8,1284,1457,141,96,-4,1,137,97,20,100,-57
22963,Sep 2 2016,World Cup qualifier in Trinidad and Tobago,Trinidad and Tobago,Guatemala,1569,1497,2,2,-9,9,1560,1506,71,79,-3,3,68,82,40,100,172
22964,Sep 3 2016,African Nations Cup qualifier in Angola,Angola,Madagascar,1221,1239,1,1,-5,5,1216,1244,162,147,-2,0,160,147,40,100,82
22965,Sep 3 2016,African Nations Cup qualifier in Cameroon,Cameroon,Gambia,1615,1284,2,0,5,-5,1620,1279,55,141,1,-2,56,139,40,100,431
22966,Sep 3 2016,African Nations Cup qualifier in Cape Verde,Cape Verde,Libya,1506,1480,0,1,-27,27,1479,1507,94,76,-6,6,88,82,40,100,126
22967,Sep 3 2016,African Nations Cup qualifier in Ethiopia,Ethiopia,Seychelles,1298,962,2,1,3,-3,1301,959,133,194,0,-1,133,193,20,0,336
22968,Sep 3 2016,African Nations Cup qualifier in Ghana,Ghana,Rwanda,1643,1292,1,1,-17,17,1626,1309,58,122,-4,6,54,128,40,100,451
22969,Sep 3 2016,Friendly in India,India,Puerto Rico,1088,1070,4,1,12,-12,1100,1058,181,187,1,-1,182,186,20,100,118
22970,Sep 3 2016,African Nations Cup qualifier in Ivory Coast,Ivory Coast,Sierra Leone,1727,1354,1,1,-18,18,1709,1372,50,114,-8,1,42,115,40,100,473
22971,Sep 3 2016,African Nations Cup qualifier in Mozambique,Mozambique,Mauritius,1325,1104,1,0,5,-5,1330,1099,121,185,2,-2,123,183,40,100,321
22972,Sep 3 2016,African Nations Cup qualifier in Nigeria,Nigeria,Tanzania,1628,1332,1,0,4,-4,1632,1328,50,127,2,-2,52,125,40,100,396
22973,Sep 3 2016,African Nations Cup qualifier in Senegal,Senegal,Namibia,1677,1380,2,0,6,-6,1683,1374,42,114,2,0,44,114,40,100,397
22974,Sep 4 2016,African Nations Cup qualifier in Algeria,Algeria,Lesotho,1659,1223,6,0,4,-4,1663,1219,46,160,1,-2,47,158,40,100,536
22975,Sep 4 2016,Friendly in Bahrain,Bahrain,Jordan,1428,1522,0,0,0,0,1428,1522,102,79,0,0,102,79,20,100,6
22976,Sep 4 2016,African Nations Cup qualifier in Burkina Faso,Burkina Faso,Botswana,1460,1304,2,1,7,-7,1467,1297,90,135,2,-2,92,133,40,100,256
22977,Sep 4 2016,African Nations Cup qualifier in Congo,Congo,Guinea-Bissau,1458,1290,1,0,7,-7,1465,1283,90,140,3,-2,93,138,40,100,268
22978,Sep 4 2016,World Cup qualifier in Czechia,Czechia,Northern Ireland,1723,1642,0,0,-10,10,1713,1652,41,48,-3,1,38,49,40,100,181
22979,Sep 4 2016,World Cup qualifier in Denmark,Denmark,Armenia,1745,1518,1,0,5,-5,1750,1513,28,80,1,0,29,80,40,100,327
22980,Sep 4 2016,African Nations Cup qualifier in the Dem Rep of the Congo,DR Congo,Central African Republic,1536,1305,4,1,9,-9,1545,1296,69,138,3,-4,72,134,40,100,331
22981,Sep 4 2016,African Nations Cup qualifier in Equatorial Guinea,Equatorial Guinea,South Sudan,1330,1125,4,0,11,-11,1341,1114,115,178,4,-1,119,177,40,100,305
22982,Sep 4 2016,African Nations Cup qualifier in Guinea,Guinea,Zimbabwe,1530,1402,1,0,8,-8,1538,1394,75,113,1,-2,76,111,40,100,228
22983,Sep 4 2016,World Cup qualifier in Kazakhstan,Kazakhstan,Poland,1401,1824,2,2,15,-15,1416,1809,104,19,3,-1,107,18,40,100,-323
22984,Sep 4 2016,World Cup qualifier in Lithuania,Lithuania,Slovenia,1444,1613,2,2,4,-4,1448,1609,98,58,1,0,99,58,40,100,-69
22985,Sep 4 2016,African Nations Cup qualifier in Malawi,Malawi,Swaziland,1318,1350,1,0,16,-16,1334,1334,116,124,5,-3,121,121,30,0,-32
22986,Sep 4 2016,African Nations Cup qualifier in Mali,Mali,Benin,1561,1409,5,2,13,-13,1574,1396,63,112,2,-2,65,110,40,100,252
22987,Sep 4 2016,World Cup qualifier in Malta,Malta,Scotland,1239,1712,1,5,-8,8,1231,1720,158,31,-5,5,153,36,40,100,-373
22988,Sep 4 2016,African Nations Cup qualifier in Morocco,Morocco,São Tomé and Príncipe,1581,1105,2,0,2,-2,1583,1103,63,180,0,0,63,180,20,0,476
22989,Sep 4 2016,African Nations Cup qualifier in Niger,Niger,Burundi,1266,1340,3,1,28,-28,1294,1312,128,132,7,-6,135,126,40,100,26
22990,Sep 4 2016,World Cup qualifier in Norway,Norway,Germany,1622,2017,0,3,-11,11,1611,2028,59,2,-2,0,57,2,40,100,-295
22991,Sep 4 2016,World Cup qualifier in Romania,Romania,Montenegro,1719,1559,1,1,-13,13,1706,1572,47,63,-5,3,42,66,40,100,260
22992,Sep 4 2016,World Cup qualifier in San Marino,San Marino,Azerbaijan,883,1388,0,1,-4,4,879,1392,203,112,0,0,203,112,40,100,-405
22993,Sep 4 2016,World Cup qualifier in Slovakia,Slovakia,England,1759,1913,0,1,-17,17,1742,1930,33,9,-3,1,30,10,40,100,-54
22994,Sep 4 2016,African Nations Cup qualifier in Togo,Togo,Djibouti,1410,754,5,0,1,-1,1411,753,109,213,-1,0,108,213,20,0,656
22995,Sep 4 2016,African Nations Cup qualifier in Tunisia,Tunisia,Liberia,1556,1334,4,1,9,-9,1565,1325,66,128,2,-3,68,125,40,100,322
22996,Sep 4 2016,African Nations Cup qualifier in Uganda,Uganda,Comoros,1498,965,1,0,1,-1,1499,964,85,190,0,0,85,190,20,0,533
22997,Sep 4 2016,African Nations Cup qualifier in Zambia,Zambia,Kenya,1448,1350,1,1,-10,10,1438,1360,101,116,-1,1,100,117,40,100,198
22998,Sep 5 2016,World Cup qualifier in Croatia,Croatia,Turkey,1849,1810,1,1,-8,8,1841,1818,15,17,0,0,15,17,40,100,139
22999,Sep 5 2016,World Cup qualifier in Finland,Finland,Kosovo,1575,1399,1,1,-13,13,1562,1412,70,107,-3,1,67,108,40,100,276
23000,Sep 5 2016,World Cup qualifier in Georgia,Georgia,Austria,1486,1713,1,2,-13,13,1473,1726,90,30,-2,4,88,34,40,100,-127
23001,Sep 5 2016,World Cup qualifier in Israel,Israel,Italy,1569,1932,1,3,-11,11,1558,1943,73,9,-3,0,70,9,40,100,-263
23002,Sep 5 2016,Friendly in Lebanon,Lebanon,Afghanistan,1367,1147,2,0,4,-4,1371,1143,116,172,0,-1,116,171,20,100,320
23003,Sep 5 2016,World Cup qualifier in Serbia,Serbia,Ireland,1725,1763,2,2,-4,4,1721,1767,38,23,-2,1,36,24,40,100,62
23004,Sep 5 2016,World Cup qualifier in Spain,Spain,Liechtenstein,1957,1192,8,0,1,-1,1958,1191,6,165,1,0,7,165,20,0,765
23005,Sep 5 2016,World Cup qualifier in Ukraine,Ukraine,Iceland,1739,1742,1,1,-5,5,1734,1747,34,30,-1,0,33,30,40,100,97
23006,Sep 5 2016,World Cup qualifier in Wales,Wales,Moldova,1779,1351,4,0,3,-3,1782,1348,23,118,0,0,23,118,20,0,428
23007,Sep 6 2016,World Cup qualifier in Albania,Albania,Macedonia,1630,1431,2,1,6,-6,1636,1425,49,103,2,-1,51,102,40,100,299
23008,Sep 6 2016,World Cup qualifier in Andorra,Andorra,Latvia,960,1483,0,1,-3,3,957,1486,198,88,-3,-1,195,87,40,100,-423
23009,Sep 6 2016,Asian Cup qualifier in Bangladesh,Bangladesh,Bhutan,865,547,0,0,-17,17,848,564,206,230,0,2,206,232,40,100,418
23010,Sep 6 2016,World Cup qualifier in Belarus,Belarus,France,1600,2001,0,0,14,-14,1614,1987,55,5,2,0,57,5,40,100,-301
23011,Sep 6 2016,World Cup qualifier in Bosnia and Herzegovina,Bosnia and Herzegovina,Estonia,1761,1461,5,0,7,-7,1768,1454,24,100,1,-3,25,97,40,100,400
23012,Sep 6 2016,World Cup qualifier in Brazil,Brazil,Colombia,2011,1958,2,1,12,-12,2023,1946,3,7,0,0,3,7,40,100,153
23013,Sep 6 2016,World Cup qualifier in Bulgaria,Bulgaria,Luxembourg,1584,1235,4,3,3,-3,1587,1232,60,155,1,-3,61,152,40,100,449
23014,Sep 6 2016,Friendly in Cameroon,Cameroon,Gabon,1620,1457,2,1,4,-4,1624,1453,55,99,0,-1,55,98,20,100,263
23015,Sep 6 2016,World Cup qualifier in Canada,Canada,El Salvador,1508,1417,3,1,15,-15,1523,1402,75,113,3,-4,78,109,40,100,191
23016,Sep 6 2016,World Cup qualifier in Chile,Chile,Bolivia,2010,1617,0,0,-18,18,1992,1635,4,48,0,4,4,52,40,100,493
23017,Sep 6 2016,World Cup qualifier in China,China,Iran,1562,1753,0,0,5,-5,1567,1748,65,28,1,0,66,28,20,0,-191
23018,Sep 6 2016,World Cup qualifier in Costa Rica,Costa Rica,Panama,1796,1678,3,1,13,-13,1809,1665,18,48,2,-1,20,47,40,100,218
23019,Sep 6 2016,World Cup qualifier in Cyprus,Cyprus,Belgium,1421,1874,0,3,-8,8,1413,1882,106,14,-1,0,105,14,40,100,-353
23020,Sep 6 2016,World Cup qualifier in the Faroe Islands,Faroe Islands,Hungary,1232,1723,0,0,16,-16,1248,1707,142,47,5,-6,147,41,40,100,-391
23021,Sep 6 2016,World Cup qualifier in Portugal,Gibraltar,Greece,1111,1634,1,4,-3,3,1108,1637,178,49,0,1,178,50,20,100,-423
23022,Sep 6 2016,World Cup qualifier in Guatemala,Guatemala,St Vincent & Grenadines,1506,1111,9,3,5,-5,1511,1106,83,180,0,-1,83,179,40,100,495
23023,Sep 6 2016,Friendly in Indonesia,Indonesia,Malaysia,1208,1128,3,0,9,-9,1217,1119,156,175,3,0,159,175,20,100,180
23024,Sep 6 2016,World Cup qualifier in Malaysia,Iraq,Saudi Arabia,1472,1536,1,2,-16,16,1456,1552,101,65,-6,6,95,71,40,0,-64
23025,Sep 6 2016,World Cup qualifier in Jamaica,Jamaica,Haiti,1541,1469,0,2,-44,44,1497,1513,98,72,-12,9,86,81,40,100,172
23026,Sep 6 2016,Friendly in Kyrgyzstan,Kyrgyzstan,Philippines,1228,1264,1,2,-12,12,1216,1276,165,143,-5,0,160,143,20,100,64
23027,Sep 6 2016,Asian Cup qualifier in the Maldives,Maldives,Laos,944,790,4,0,14,-14,958,776,189,212,4,-1,193,211,40,100,254
23028,Sep 6 2016,World Cup qualifier in Mexico,Mexico,Honduras,1914,1541,0,0,-18,18,1896,1559,15,64,-2,5,13,69,40,100,473
23029,Sep 6 2016,Friendly in Palestine,Palestine,Tajikistan,1340,1220,1,1,-6,6,1334,1226,120,153,0,2,120,155,20,100,220
23030,Sep 6 2016,World Cup qualifier in Peru,Peru,Ecuador,1798,1827,2,1,16,-16,1814,1811,15,22,3,-3,18,19,30,0,-29
23031,Sep 6 2016,World Cup qualifier in Qatar,Qatar,Uzbekistan,1551,1662,0,1,-19,19,1532,1681,81,44,-5,2,76,46,40,100,-11
23032,Sep 6 2016,Friendly in Russia,Russia,Ghana,1700,1626,1,0,5,-5,1705,1621,43,58,0,-2,43,56,20,100,174
23033,Sep 6 2016,Friendly tournament in South Africa,South Africa,Egypt,1592,1647,1,0,13,-13,1605,1634,59,56,1,-3,60,53,30,100,45
23034,Sep 6 2016,World Cup qualifier in Sweden,Sweden,Netherlands,1735,1907,1,1,4,-4,1739,1903,32,12,0,0,32,12,40,100,-72
23035,Sep 6 2016,World Cup qualifier in Switzerland,Switzerland,Portugal,1803,1959,2,0,35,-35,1838,1924,13,14,3,-4,16,10,40,100,-56
23036,Sep 6 2016,World Cup qualifier in Malaysia,Syria,South Korea,1500,1800,0,0,14,-14,1514,1786,76,24,4,-2,80,22,40,0,-300
23037,Sep 6 2016,World Cup qualifier in Thailand,Thailand,Japan,1417,1719,0,2,-14,14,1403,1733,111,30,-3,4,108,34,40,100,-202
23038,Sep 6 2016,World Cup qualifier in the United Arab Emirates,United Arab Emirates,Australia,1598,1713,0,1,-19,19,1579,1732,66,31,-3,4,63,35,40,100,-15
23039,Sep 6 2016,World Cup qualifier in Uruguay,Uruguay,Paraguay,1889,1756,4,0,16,-16,1905,1740,9,35,2,-4,11,31,40,100,233
23040,Sep 6 2016,World Cup qualifier in the United States,United States,Trinidad and Tobago,1767,1560,4,0,11,-11,1778,1549,24,75,0,-3,24,72,40,100,307
23041,Sep 6 2016,World Cup qualifier in Venezuela,Venezuela,Argentina,1679,2116,2,2,15,-15,1694,2101,43,1,1,0,44,1,40,100,-337
23042,Sep 29 2016,Friendly in Qatar,Qatar,Serbia,1532,1721,3,0,22,-22,1554,1699,66,49,5,-6,71,43,20,100,-89
23043,Sep 30 2016,Friendly in Botswana,Botswana,Angola,1297,1216,1,1,-5,5,1292,1221,137,154,-2,3,135,157,20,100,181
23044,Oct 4 2016,Friendly in the Dem Rep of the Congo,DR Congo,Kenya,1545,1360,0,1,-17,17,1528,1377,80,111,-3,3,77,114,20,100,285
23045,Oct 4 2016,Friendly in Togo,Togo,Uganda,1411,1499,1,0,10,-10,1421,1489,101,87,3,-1,104,86,20,100,12
23046,Oct 5 2016,CONCACAF Ch & Car Ch q in Curaçao,Curaçao,Antigua and Barbuda,1168,1229,3,0,31,-31,1199,1198,159,176,5,-11,164,165,30,0,-61
23047,Oct 5 2016,Friendly in the Solomon Islands,Solomon Islands,New Caledonia,1144,1300,0,3,-15,15,1129,1315,178,120,-4,6,174,126,20,100,-56
23048,Oct 5 2016,Friendly in Tajikistan,Tajikistan,Palestine,1226,1334,3,3,0,0,1226,1334,153,120,1,0,154,120,20,100,-8
23049,Oct 5 2016,CONCACAF Ch & Car Ch q in Trinidad and Tobago,Trinidad and Tobago,Dominican Republic,1549,1234,4,0,6,-6,1555,1228,69,156,2,-3,71,153,40,100,415
23050,Oct 6 2016,World Cup qualifier in Austria,Austria,Wales,1726,1782,2,2,-3,3,1723,1785,36,23,0,0,36,23,40,100,44
23051,Oct 6 2016,World Cup qualifier in Brazil,Brazil,Bolivia,2023,1635,5,0,5,-5,2028,1630,1,56,1,-2,2,54,40,100,488
23052,Oct 6 2016,Friendly in Cambodia,Cambodia,Hong Kong,782,1185,0,2,-4,4,778,1189,210,165,0,2,210,167,20,100,-303
23053,Oct 6 2016,Friendly in Morocco,Canada,Mauritania,1523,1309,4,0,8,-8,1531,1301,76,133,1,-2,77,131,20,0,214
23054,Oct 6 2016,World Cup qualifier in China,China,Syria,1567,1514,0,1,-28,28,1539,1542,84,68,-9,6,75,74,40,100,153
23055,Oct 6 2016,World Cup qualifier in Albania,Croatia,Kosovo,1841,1412,6,0,7,-7,1848,1405,17,107,-1,0,16,107,40,0,429
23056,Oct 6 2016,World Cup qualifier in Ecuador,Ecuador,Chile,1811,1992,3,0,43,-43,1854,1949,11,10,4,-3,15,7,40,100,-81
23057,Oct 6 2016,World Cup qualifier in Iceland,Iceland,Finland,1747,1562,3,2,6,-6,1753,1556,27,72,1,-2,28,70,40,100,285
23058,Oct 6 2016,World Cup qualifier in Ireland,Ireland,Georgia,1767,1473,1,0,4,-4,1771,1469,24,89,1,0,25,89,40,100,394
23059,Oct 6 2016,World Cup qualifier in Italy,Italy,Spain,1943,1958,1,1,-5,5,1938,1963,8,4,0,1,8,5,40,100,85
23060,Oct 6 2016,World Cup qualifier in Japan,Japan,Iraq,1733,1456,2,1,4,-4,1737,1452,32,101,1,-3,33,98,40,100,377
23061,Oct 6 2016,Friendly in Kyrgyzstan,Kyrgyzstan,Lebanon,1216,1371,0,0,2,-2,1218,1369,158,117,1,0,159,117,20,100,-55
23062,Oct 6 2016,World Cup qualifier in Liechtenstein,Liechtenstein,Albania,1191,1636,0,2,-7,7,1184,1643,172,49,-3,1,169,50,40,100,-345
23063,Oct 6 2016,World Cup qualifier in Macedonia,Macedonia,Israel,1425,1558,1,2,-18,18,1407,1576,110,58,-4,6,106,64,40,100,-33
23064,Oct 6 2016,World Cup qualifier in Moldova,Moldova,Serbia,1348,1699,0,3,-13,13,1335,1712,120,35,-1,4,119,39,40,100,-251
23065,Oct 6 2016,World Cup qualifier in Paraguay,Paraguay,Colombia,1740,1946,0,1,-14,14,1726,1960,39,5,-4,1,35,6,40,100,-106
23066,Oct 6 2016,World Cup qualifier in Peru,Peru,Argentina,1814,2101,2,2,10,-10,1824,2091,18,1,0,0,18,1,30,0,-287
23067,Oct 6 2016,World Cup qualifier in Saudi Arabia,Saudi Arabia,Australia,1552,1732,2,2,5,-5,1557,1727,65,33,4,1,69,34,20,0,-180
23068,Oct 6 2016,World Cup qualifier in South Korea,South Korea,Qatar,1786,1554,3,2,5,-5,1791,1549,22,72,0,0,22,72,40,100,332
23069,Oct 6 2016,World Cup qualifier in Turkey,Turkey,Ukraine,1818,1734,2,2,-10,10,1808,1744,25,27,-4,3,21,30,40,100,184
23070,Oct 6 2016,World Cup qualifier in the United Arab Emirates,United Arab Emirates,Thailand,1579,1403,3,1,10,-10,1589,1393,59,114,2,-3,61,111,40,100,276
23071,Oct 6 2016,World Cup qualifier in Uruguay,Uruguay,Venezuela,1905,1694,3,0,10,-10,1915,1684,11,44,0,0,11,44,40,100,311
23072,Oct 6 2016,World Cup qualifier in Uzbekistan,Uzbekistan,Iran,1681,1748,0,1,-22,22,1659,1770,50,24,-2,2,48,26,40,100,33
23073,Oct 6 2016,Friendly in Vietnam,Vietnam,North Korea,1253,1529,5,2,26,-26,1279,1503,134,92,6,-8,140,84,20,100,-176
23074,Oct 7 2016,World Cup qualifier in Belgium,Belgium,Bosnia and Herzegovina,1882,1768,4,0,17,-17,1899,1751,12,29,1,-1,13,28,40,100,214
23075,Oct 7 2016,Friendly in Cuba,Cuba,United States,1312,1778,0,2,-3,3,1309,1781,129,24,-1,0,128,24,20,100,-366
23076,Oct 7 2016,World Cup qualifier in Estonia,Estonia,Gibraltar,1454,1108,4,0,5,-5,1459,1103,92,180,2,-1,94,179,20,0,346
23077,Oct 7 2016,World Cup qualifier in France,France,Bulgaria,1987,1587,4,1,4,-4,1991,1583,4,62,0,0,4,62,40,100,500
23078,Oct 7 2016,World Cup qualifier in Ghana,Ghana,Uganda,1621,1489,0,0,-12,12,1609,1501,58,84,-1,1,57,85,40,100,232
23079,Oct 7 2016,World Cup qualifier in Greece,Greece,Cyprus,1637,1413,2,0,8,-8,1645,1405,49,107,1,-1,50,106,40,100,324
23080,Oct 7 2016,World Cup qualifier in Hungary,Hungary,Switzerland,1707,1838,2,3,-18,18,1689,1856,45,13,-2,2,43,15,40,100,-31
23081,Oct 7 2016,World Cup qualifier in Latvia,Latvia,Faroe Islands,1486,1248,0,2,-52,52,1434,1300,115,119,-14,14,101,133,40,100,338
23082,Oct 7 2016,World Cup qualifier in Luxembourg,Luxembourg,Sweden,1232,1739,0,1,-4,4,1228,1743,153,30,-1,1,152,31,40,100,-407
23083,Oct 7 2016,World Cup qualifier in the Netherlands,Netherlands,Belarus,1903,1614,4,1,7,-7,1910,1607,12,61,0,-2,12,59,40,100,389
23084,Oct 7 2016,Friendly in Oman,Oman,Jordan,1468,1522,1,1,-1,1,1467,1523,88,79,1,0,89,79,20,100,46
23085,Oct 7 2016,Friendly in the Philippines,Philippines,Bahrain,1276,1428,1,3,-13,13,1263,1441,146,97,-1,2,145,99,20,100,-52
23086,Oct 7 2016,World Cup qualifier in Portugal,Portugal,Andorra,1924,957,6,0,0,0,1924,957,10,195,0,0,10,195,20,0,967
23087,Oct 7 2016,Friendly in Singapore,Singapore,Malaysia,1137,1119,0,0,-3,3,1134,1122,174,175,-1,0,173,175,20,100,118
23088,Oct 8 2016,CONCACAF Ch & Car Ch q in Antigua and Barbuda,Antigua and Barbuda,Puerto Rico,1198,1058,2,0,12,-12,1210,1046,157,186,4,0,161,186,40,100,240
23089,Oct 8 2016,World Cup qualifier in Armenia,Armenia,Romania,1513,1706,0,5,-30,30,1483,1736,90,25,-5,8,85,33,40,100,-93
23090,Oct 8 2016,World Cup qualifier in Azerbaijan,Azerbaijan,Norway,1392,1611,1,0,27,-27,1419,1584,96,68,8,-6,104,62,40,100,-119
23091,Oct 8 2016,Friendly in Belize,Belize,Honduras,1187,1559,1,2,-3,3,1184,1562,168,66,0,1,168,67,20,100,-272
23092,Oct 8 2016,World Cup qualifier in Burkina Faso,Burkina Faso,South Africa,1467,1605,1,1,2,-2,1469,1603,89,58,0,1,89,59,30,100,-38
23093,Oct 8 2016,CONCACAF Ch & Car Ch q in the Dominican Republic,Dominican Republic,Martinique,1228,1461,1,2,-13,13,1215,1474,168,82,-8,5,160,87,40,100,-133
23094,Oct 8 2016,World Cup qualifier in the Dem Rep of the Congo,DR Congo,Libya,1528,1507,4,0,25,-25,1553,1482,66,89,6,-3,72,86,40,100,121
23095,Oct 8 2016,World Cup qualifier in England,England,Malta,1930,1231,2,0,1,-1,1931,1230,9,151,0,0,9,151,20,0,699
23096,Oct 8 2016,CONCACAF Ch & Car Ch q in French Guiana,French Guiana,Saint Kitts and Nevis,1277,1303,1,0,16,-16,1293,1287,126,146,9,-8,135,138,30,0,-26
23097,Oct 8 2016,World Cup qualifier in Gabon,Gabon,Morocco,1453,1583,0,0,2,-2,1455,1581,96,66,0,-2,96,64,40,100,-30
23098,Oct 8 2016,World Cup qualifier in Germany,Germany,Czechia,2028,1713,3,0,6,-6,2034,1707,2,42,0,-2,2,40,40,100,415
23099,Oct 8 2016,World Cup qualifier in Ivory Coast,Ivory Coast,Mali,1709,1574,3,1,12,-12,1721,1562,34,69,3,-2,37,67,40,100,235
23100,Oct 8 2016,Friendly in the United States,Mexico,New Zealand,1896,1543,2,1,2,-2,1898,1541,14,77,0,-2,14,75,20,0,353
23101,Oct 8 2016,World Cup qualifier in Montenegro,Montenegro,Kazakhstan,1572,1416,5,0,15,-15,1587,1401,56,114,5,-5,61,109,40,100,256
23102,Oct 8 2016,World Cup qualifier in Northern Ireland,Northern Ireland,San Marino,1652,879,4,0,0,0,1652,879,49,203,0,0,49,203,20,0,773
23103,Oct 8 2016,World Cup qualifier in Poland,Poland,Denmark,1809,1750,3,2,11,-11,1820,1739,19,33,0,-2,19,31,40,100,159
23104,Oct 8 2016,World Cup qualifier in Scotland,Scotland,Lithuania,1720,1448,1,1,-16,16,1704,1464,47,88,-5,5,42,93,40,100,372
23105,Oct 8 2016,World Cup qualifier in Senegal,Senegal,Cape Verde,1683,1479,2,0,9,-9,1692,1470,41,89,2,-1,43,88,40,100,304
23106,Oct 8 2016,World Cup qualifier in Slovenia,Slovenia,Slovakia,1609,1742,1,0,22,-22,1631,1720,51,44,3,-6,54,38,40,100,-33
23107,Oct 8 2016,Friendly in the Solomon Islands,Solomon Islands,New Caledonia,1129,1315,0,1,-8,8,1121,1323,176,126,-1,0,175,126,20,100,-86
23108,Oct 8 2016,CONCACAF Ch & Car Ch q in Suriname,Suriname,Guyana,1211,1223,3,2,15,-15,1226,1208,145,169,8,-7,153,162,40,100,88
23109,Oct 8 2016,Asian Cup qualifier in Taiwan,Taiwan,East Timor,804,708,2,1,10,-10,814,698,208,219,0,-1,208,218,40,100,196
23110,Oct 9 2016,World Cup qualifier in Albania,Albania,Spain,1643,1963,0,2,-13,13,1630,1976,59,5,-4,0,55,5,40,100,-220
23111,Oct 9 2016,World Cup qualifier in Algeria,Algeria,Cameroon,1663,1624,1,1,-8,8,1655,1632,49,50,-1,3,48,53,40,100,139
23112,Oct 9 2016,Friendly in Cambodia,Cambodia,Sri Lanka,778,753,4,0,12,-12,790,741,210,215,0,-1,210,214,20,100,125
23113,Oct 9 2016,World Cup qualifier in Congo,Congo,Egypt,1465,1634,1,2,-16,16,1449,1650,104,48,-6,2,98,50,40,100,-69
23114,Oct 9 2016,World Cup qualifier in Finland,Finland,Croatia,1556,1848,0,1,-10,10,1546,1858,76,13,-3,2,73,15,40,100,-192
23115,Oct 9 2016,World Cup qualifier in Iceland,Iceland,Turkey,1753,1808,2,0,26,-26,1779,1782,21,23,3,-1,24,22,30,0,-55
23116,Oct 9 2016,Friendly in Indonesia,Indonesia,Vietnam,1217,1279,2,2,-1,1,1216,1280,159,142,0,0,159,142,20,100,38
23117,Oct 9 2016,World Cup qualifier in Israel,Israel,Liechtenstein,1576,1184,2,1,2,-2,1578,1182,67,170,-1,-1,66,169,20,0,392
23118,Oct 9 2016,World Cup qualifier in Macedonia,Macedonia,Italy,1407,1938,2,3,-3,3,1404,1941,107,8,-1,0,106,8,40,100,-431
23119,Oct 9 2016,World Cup qualifier in Moldova,Moldova,Ireland,1335,1771,1,3,-8,8,1327,1779,127,23,-4,1,123,24,40,100,-336
23120,Oct 9 2016,Friendly in Russia,Russia,Costa Rica,1705,1809,3,4,-10,10,1695,1819,43,20,-1,0,42,20,20,100,-4
23121,Oct 9 2016,World Cup qualifier in Serbia,Serbia,Austria,1712,1723,3,2,15,-15,1727,1708,29,42,5,-3,34,39,30,0,-11
23122,Oct 9 2016,Friendly in Togo,Togo,Mozambique,1421,1330,2,0,7,-7,1428,1323,99,127,2,-2,101,125,20,100,191
23123,Oct 9 2016,World Cup qualifier in Tunisia,Tunisia,Guinea,1565,1538,2,0,19,-19,1584,1519,58,81,4,-2,62,79,40,100,127
23124,Oct 9 2016,World Cup qualifier in Poland,Ukraine,Kosovo,1744,1405,3,0,9,-9,1753,1396,27,112,1,-3,28,109,40,0,339
23125,Oct 9 2016,World Cup qualifier in Wales,Wales,Georgia,1785,1469,1,1,-17,17,1768,1486,31,81,-4,4,27,85,40,100,416
23126,Oct 9 2016,World Cup qualifier in Zambia,Zambia,Nigeria,1438,1632,1,2,-15,15,1423,1647,106,49,-3,2,103,51,40,100,-94
23127,Oct 10 2016,World Cup qualifier in Andorra,Andorra,Switzerland,957,1856,1,2,0,0,957,1856,195,16,0,0,195,16,20,0,-899
23128,Oct 10 2016,World Cup qualifier in Belarus,Belarus,Luxembourg,1607,1228,1,1,-18,18,1589,1246,60,144,-1,4,59,148,40,100,479
23129,Oct 10 2016,World Cup qualifier in Portugal,Belgium,Gibraltar,1899,1103,6,0,1,-1,1900,1102,11,183,1,-2,12,181,30,0,796
23130,Oct 10 2016,Asian Cup qualifier in Bhutan,Bhutan,Bangladesh,564,848,3,1,45,-45,609,803,224,210,4,-2,228,208,40,100,-184
23131,Oct 10 2016,World Cup qualifier in Bosnia and Herzegovina,Bosnia and Herzegovina,Cyprus,1751,1405,2,0,4,-4,1755,1401,29,109,0,-2,29,107,20,0,346
23132,Oct 10 2016,World Cup qualifier in Estonia,Estonia,Greece,1459,1645,0,2,-23,23,1436,1668,104,40,-5,6,99,46,40,100,-86
23133,Oct 10 2016,World Cup qualifier in the Faroe Islands,Faroe Islands,Portugal,1300,1924,0,6,-4,4,1296,1928,132,10,0,0,132,10,40,100,-524
23134,Oct 10 2016,World Cup qualifier in Latvia,Latvia,Hungary,1434,1689,0,2,-17,17,1417,1706,108,38,-4,3,104,41,40,100,-155
23135,Oct 10 2016,Friendly in Morocco,Morocco,Jordan,1581,1523,2,1,6,-6,1587,1517,57,80,4,-1,61,79,20,100,158
23136,Oct 10 2016,World Cup qualifier in the Netherlands,Netherlands,France,1910,1991,0,1,-21,21,1889,2012,16,4,-2,0,14,4,40,100,19
23137,Oct 10 2016,Friendly in the Philippines,Philippines,North Korea,1263,1503,1,3,-9,9,1254,1512,149,80,-2,1,147,81,20,100,-140
23138,Oct 10 2016,World Cup qualifier in Sweden,Sweden,Bulgaria,1743,1583,3,0,13,-13,1756,1570,26,68,2,-2,28,66,40,100,260
23139,Oct 11 2016,World Cup qualifier in Argentina,Argentina,Paraguay,2091,1726,0,1,-37,37,2054,1763,1,20,0,8,1,28,40,100,465
23140,Oct 11 2016,World Cup qualifier in Australia,Australia,Japan,1727,1737,1,1,-5,5,1722,1742,38,34,-2,-1,36,33,40,100,90
23141,Oct 11 2016,World Cup qualifier in Bolivia,Bolivia,Ecuador,1630,1854,2,2,7,-7,1637,1847,53,17,1,0,54,17,40,100,-124
23142,Oct 11 2016,World Cup qualifier in Chile,Chile,Peru,1949,1824,2,1,9,-9,1958,1815,5,22,1,-2,6,20,40,100,225
23143,Oct 11 2016,World Cup qualifier in Colombia,Colombia,Uruguay,1960,1915,2,2,-8,8,1952,1923,8,9,-1,1,7,10,40,100,145
23144,Oct 11 2016,World Cup qualifier in Czechia,Czechia,Azerbaijan,1707,1419,0,0,-16,16,1691,1435,46,97,-3,3,43,100,40,100,388
23145,Oct 11 2016,World Cup qualifier in Denmark,Denmark,Montenegro,1739,1587,0,1,-32,32,1707,1619,47,53,-8,4,39,57,40,100,252
23146,Oct 11 2016,World Cup qualifier in Germany,Germany,Northern Ireland,2034,1652,2,0,4,-4,2038,1648,4,52,-1,-1,3,51,30,0,382
23147,Oct 11 2016,CONCACAF Ch & Car Ch q in Guyana,Guyana,Jamaica,1208,1497,2,4,-15,15,1193,1512,170,78,-4,3,166,81,40,100,-189
23148,Oct 11 2016,Friendly in Hong Kong,Hong Kong,Singapore,1189,1134,2,0,9,-9,1198,1125,163,173,2,0,165,173,20,100,155
23149,Oct 11 2016,World Cup qualifier in Iran,Iran,South Korea,1770,1791,1,0,16,-16,1786,1775,16,29,5,-4,21,25,30,0,-21
23150,Oct 11 2016,World Cup qualifier in Iran,Iraq,Thailand,1452,1393,4,0,31,-31,1483,1362,78,122,9,-5,87,117,40,0,59
23151,Oct 11 2016,World Cup qualifier in Kazakhstan,Kazakhstan,Romania,1401,1736,0,0,12,-12,1413,1724,103,37,2,-2,105,35,40,100,-235
23152,Oct 11 2016,Friendly in Kyrgyzstan,Kyrgyzstan,Turkmenistan,1218,1283,1,0,9,-9,1227,1274,146,148,6,-4,152,144,20,100,35
23153,Oct 11 2016,Asian Cup qualifier in Laos,Laos,Maldives,776,958,1,1,5,-5,781,953,211,197,0,-2,211,195,20,0,-182
23154,Oct 11 2016,Friendly in Lebanon,Lebanon,Equatorial Guinea,1369,1341,1,1,-4,4,1365,1345,115,118,1,0,116,118,20,100,128
23155,Oct 11 2016,World Cup qualifier in Lithuania,Lithuania,Malta,1464,1230,2,0,8,-8,1472,1222,88,160,2,-4,90,156,40,100,334
23156,Oct 11 2016,Friendly in Malaysia,Malaysia,Afghanistan,1122,1143,1,1,-2,2,1120,1145,176,170,-1,0,175,170,20,100,79
23157,Oct 11 2016,CONCACAF Ch & Car Ch q in Martinique,Martinique,Trinidad and Tobago,1474,1555,2,0,28,-28,1502,1527,80,80,4,-5,84,75,30,0,-81
23158,Oct 11 2016,Friendly in the United States,Mexico,Panama,1898,1665,1,0,4,-4,1902,1661,11,49,1,-1,12,48,20,0,233
23159,Oct 11 2016,Friendly in Morocco,Morocco,Canada,1587,1531,4,0,11,-11,1598,1520,59,77,1,0,60,77,20,100,156
23160,Oct 11 2016,World Cup qualifier in Norway,Norway,San Marino,1584,879,4,1,1,-1,1585,878,61,203,1,0,62,203,20,0,705
23161,Oct 11 2016,Friendly in Oman,Oman,Bahrain,1467,1441,2,2,-3,3,1464,1444,95,98,-2,0,93,98,20,100,126
23162,Oct 11 2016,World Cup qualifier in Poland,Poland,Armenia,1820,1483,2,1,3,-3,1823,1480,17,92,1,-3,18,89,20,0,337
23163,Oct 11 2016,CONCACAF Ch & Car Ch q in Puerto Rico,Puerto Rico,Curaçao,1046,1199,2,4,-25,25,1021,1224,186,145,0,10,186,155,40,100,-53
23164,Oct 11 2016,World Cup qualifier in Qatar,Qatar,Syria,1549,1542,1,0,14,-14,1563,1528,62,74,5,0,67,74,40,100,107
23165,Oct 11 2016,World Cup qualifier in Saudi Arabia,Saudi Arabia,United Arab Emirates,1557,1589,3,0,28,-28,1585,1561,55,81,7,-11,62,70,40,100,68
23166,Oct 11 2016,World Cup qualifier in Slovakia,Slovakia,Scotland,1720,1704,3,0,24,-24,1744,1680,26,46,6,-2,32,44,40,100,116
23167,Oct 11 2016,World Cup qualifier in Slovenia,Slovenia,England,1631,1931,0,0,10,-10,1641,1921,52,13,1,-2,53,11,30,0,-300
23168,Oct 11 2016,Friendly in South Africa,South Africa,Ghana,1603,1609,1,1,-3,3,1600,1612,60,59,-1,-1,59,58,20,100,94
23169,Oct 11 2016,Asian Cup qualifier in Taiwan,Taiwan,East Timor,814,698,2,1,9,-9,823,689,207,222,0,-2,207,220,40,100,216
23170,Oct 11 2016,Friendly in the United States,United States,New Zealand,1781,1541,1,1,-8,8,1773,1549,29,69,-3,3,26,72,20,100,340
23171,Oct 11 2016,World Cup qualifier in Uzbekistan,Uzbekistan,China,1659,1539,2,0,13,-13,1672,1526,42,76,3,0,45,76,40,100,220
23172,Oct 11 2016,World Cup qualifier in Venezuela,Venezuela,Brazil,1684,2028,0,2,-12,12,1672,2040,45,1,0,1,45,2,40,100,-244
23173,Oct 15 2016,Southeast Asian Champ qual in Cambodia,Brunei,East Timor,602,689,2,1,25,-25,627,664,226,228,2,-4,228,224,40,0,-87
23174,Oct 15 2016,Southeast Asian Champ qual in Cambodia,Cambodia,Laos,790,781,2,1,14,-14,804,767,206,211,2,0,208,211,40,100,109
23175,Oct 18 2016,Southeast Asian Champ qual in Cambodia,Cambodia,Brunei,804,627,3,0,12,-12,816,615,208,228,0,0,208,228,40,100,277
23176,Oct 18 2016,Southeast Asian Champ qual in Cambodia,Laos,East Timor,767,664,2,1,14,-14,781,650,211,224,0,0,211,224,40,0,103
23177,Oct 21 2016,Southeast Asian Champ qual in Cambodia,Cambodia,East Timor,816,650,3,2,7,-7,823,643,206,224,1,0,207,224,40,100,266
23178,Oct 21 2016,Southeast Asian Champ qual in Cambodia,Laos,Brunei,781,615,4,3,11,-11,792,604,211,232,0,-2,211,230,40,0,166
23179,Nov 2 2016,Asian Solidarity Cup in Malaysia,Brunei,East Timor,604,643,4,0,42,-42,646,601,218,236,6,-6,224,230,40,0,-39
23180,Nov 2 2016,Friendly in Honduras,Honduras,Belize,1562,1184,5,0,2,-2,1564,1182,66,168,1,0,67,168,20,100,478
23181,Nov 3 2016,Asian Solidarity Cup in Malaysia,Laos,Sri Lanka,792,741,2,1,17,-17,809,724,207,216,2,-1,209,215,40,0,51
23182,Nov 3 2016,Asian Solidarity Cup in Malaysia,Macao,Mongolia,628,669,2,1,22,-22,650,647,219,225,4,-1,223,224,40,0,-41
23183,Nov 4 2016,Friendly in Myanmar,Myanmar,Indonesia,1063,1216,0,0,2,-2,1065,1214,185,162,0,-1,185,161,20,100,-53
23184,Nov 5 2016,Asian Solidarity Cup in Malaysia,East Timor,Nepal,601,896,0,0,14,-14,615,882,226,203,2,-1,228,202,40,0,-295
23185,Nov 5 2016,Friendly in Zimbabwe,Zimbabwe,Zambia,1394,1423,1,0,8,-8,1402,1415,103,105,4,-1,107,104,20,100,71
23186,Nov 6 2016,East Asian Championship qual in Hong Kong,Hong Kong,Guam,1198,871,3,2,3,-3,1201,868,165,204,0,0,165,204,20,0,327
23187,Nov 6 2016,Friendly in Jordan,Jordan,Iraq,1517,1483,0,0,-4,4,1513,1487,79,85,0,1,79,86,20,100,134
23188,Nov 6 2016,Asian Solidarity Cup in Malaysia,Macao,Laos,650,809,4,1,50,-50,700,759,211,215,6,-3,217,212,40,0,-159
23189,Nov 6 2016,Asian Solidarity Cup in Malaysia,Mongolia,Sri Lanka,647,724,2,0,37,-37,684,687,222,225,1,-5,223,220,40,0,-77
23190,Nov 6 2016,East Asian Championship qual in Hong Kong,North Korea,Taiwan,1512,823,2,0,1,-1,1513,822,77,209,2,-1,79,208,20,0,689
23191,Nov 7 2016,World Cup qualifier in Tahiti,Tahiti,Solomon Islands,1234,1121,1,0,9,-9,1243,1112,149,180,1,-3,150,177,40,100,213
23192,Nov 8 2016,Asian Solidarity Cup in Malaysia,Nepal,Brunei,882,646,3,0,14,-14,896,632,200,227,1,-1,201,226,40,0,236
23193,Nov 8 2016,Friendly in Uganda,Uganda,Zambia,1501,1415,0,1,-15,15,1486,1430,87,98,-1,3,86,101,20,100,186
23194,Nov 8 2016,Friendly in Vietnam,Vietnam,Indonesia,1280,1214,3,2,6,-6,1286,1208,137,163,2,-1,139,162,20,100,166
23195,Nov 9 2016,Friendly in Greece,Greece,Belarus,1668,1589,0,1,-15,15,1653,1604,51,57,-2,2,49,59,20,100,179
23196,Nov 9 2016,CONCACAF Ch & Car Ch q in Haiti,Haiti,French Guiana,1513,1293,2,5,-60,60,1453,1353,113,101,-17,17,96,118,40,100,320
23197,Nov 9 2016,East Asian Championship qual in Hong Kong,Hong Kong,Taiwan,1201,822,4,2,4,-4,1205,818,163,208,1,0,164,208,40,100,479
23198,Nov 9 2016,Asian Solidarity Cup in Malaysia,Laos,Mongolia,759,684,3,0,28,-28,787,656,210,225,1,-1,211,224,40,0,75
23199,Nov 9 2016,Asian Solidarity Cup in Malaysia,Macao,Sri Lanka,700,687,1,1,-1,1,699,688,217,220,0,0,217,220,30,0,13
23200,Nov 9 2016,Friendly in the Netherlands,Netherlands,Belgium,1889,1900,1,1,-3,3,1886,1903,14,11,0,1,14,12,20,100,89
23201,Nov 9 2016,East Asian Championship qual in Hong Kong,North Korea,Guam,1513,868,2,0,1,-1,1514,867,79,204,0,0,79,204,20,0,645
23202,Nov 9 2016,Friendly in the Philippines,Philippines,Kyrgyzstan,1254,1227,1,0,6,-6,1260,1221,141,160,3,-4,144,156,20,100,127
23203,Nov 9 2016,Friendly in Malaysia,Syria,Singapore,1528,1125,2,0,3,-3,1531,1122,74,173,0,0,74,173,20,0,403
23204,Nov 9 2016,Friendly in Tajikistan,Tajikistan,Turkmenistan,1226,1274,3,0,15,-15,1241,1259,149,146,2,-1,151,145,20,100,52
23205,Nov 9 2016,Friendly in the United Arab Emirates,United Arab Emirates,Bahrain,1561,1444,2,0,7,-7,1568,1437,64,98,3,0,67,98,20,100,217
23206,Nov 10 2016,World Cup qualifier in Brazil,Brazil,Argentina,2040,2054,3,0,27,-27,2067,2027,0,5,1,-2,1,3,30,0,-14
23207,Nov 10 2016,World Cup qualifier in Colombia,Colombia,Chile,1952,1958,0,0,-5,5,1947,1963,7,6,0,0,7,6,40,100,94
23208,Nov 10 2016,Friendly in Malaysia,Iran,Papua New Guinea,1786,1138,8,1,1,-1,1787,1137,21,171,0,0,21,171,20,0,648
23209,Nov 10 2016,Friendly in Lebanon,Lebanon,Palestine,1365,1334,1,1,-4,4,1361,1338,118,120,-1,0,117,120,20,100,131
23210,Nov 10 2016,World Cup qualifier in Paraguay,Paraguay,Peru,1763,1815,1,4,-40,40,1723,1855,42,14,-7,3,35,17,40,100,48
23211,Nov 10 2016,Friendly in Qatar,Qatar,Russia,1563,1695,2,1,11,-11,1574,1684,63,47,3,-3,66,44,20,100,-32
23212,Nov 10 2016,World Cup qualifier in Uruguay,Uruguay,Ecuador,1923,1847,2,1,11,-11,1934,1836,8,19,1,-1,9,18,40,100,176
23213,Nov 10 2016,Friendly in Uzbekistan,Uzbekistan,Jordan,1672,1513,1,0,4,-4,1676,1509,47,84,-1,-2,46,82,20,100,259
23214,Nov 10 2016,World Cup qualifier in Venezuela,Venezuela,Bolivia,1672,1637,5,0,25,-25,1697,1612,37,60,4,-3,41,57,40,100,135
23215,Nov 11 2016,World Cup qualifier in Armenia,Armenia,Montenegro,1480,1619,3,2,22,-22,1502,1597,78,68,5,-6,83,62,40,100,-39
23216,Nov 11 2016,Friendly in Tunisia,Comoros,Togo,964,1428,2,2,9,-9,973,1419,190,104,0,-1,190,103,20,0,-464
23217,Nov 11 2016,World Cup qualifier in Czechia,Czechia,Norway,1691,1585,2,1,9,-9,1700,1576,37,68,3,-3,40,65,40,100,206
23218,Nov 11 2016,World Cup qualifier in Denmark,Denmark,Kazakhstan,1707,1413,4,1,7,-7,1714,1406,35,105,2,0,37,105,40,100,394
23219,Nov 11 2016,World Cup qualifier in England,England,Scotland,1921,1680,3,0,9,-9,1930,1671,9,49,1,-2,10,47,40,100,341
23220,Nov 11 2016,World Cup qualifier in France,France,Sweden,2012,1756,2,1,5,-5,2017,1751,4,34,0,-3,4,31,40,100,356
23221,Nov 11 2016,World Cup qualifier in Honduras,Honduras,Panama,1564,1661,0,1,-20,20,1544,1681,77,43,-4,2,73,45,40,100,3
23222,Nov 11 2016,Friendly in Japan,Japan,Oman,1742,1464,4,0,4,-4,1746,1460,32,92,0,0,32,92,20,100,378
23223,Nov 11 2016,World Cup qualifier in Malta,Malta,Slovenia,1222,1641,0,1,-5,5,1217,1646,163,53,-4,0,159,53,40,100,-319
23224,Nov 11 2016,World Cup qualifier in Northern Ireland,Northern Ireland,Azerbaijan,1648,1435,4,0,11,-11,1659,1424,45,102,3,-1,48,101,40,100,313
23225,Nov 11 2016,World Cup qualifier in Romania,Romania,Poland,1724,1823,0,3,-35,35,1689,1858,52,11,-9,4,43,15,40,100,1
23226,Nov 11 2016,World Cup qualifier in San Marino,San Marino,Germany,878,2038,0,8,0,0,878,2038,203,2,0,0,203,2,20,0,-1160
23227,Nov 11 2016,World Cup qualifier in Slovakia,Slovakia,Lithuania,1744,1472,4,0,8,-8,1752,1464,29,93,1,-2,30,91,40,100,372
23228,Nov 11 2016,Friendly in South Korea,South Korea,Canada,1775,1520,2,0,3,-3,1778,1517,25,77,0,0,25,77,20,100,355
23229,Nov 11 2016,World Cup qualifier in Trinidad and Tobago,Trinidad and Tobago,Costa Rica,1527,1819,0,2,-15,15,1512,1834,83,20,-4,0,79,20,40,100,-192
23230,Nov 11 2016,World Cup qualifier in Algeria,Tunisia,Libya,1584,1482,1,0,14,-14,1598,1468,56,93,4,-3,60,90,40,0,102
23231,Nov 11 2016,World Cup qualifier in the United States,United States,Mexico,1773,1902,1,2,-18,18,1755,1920,28,11,-1,1,27,12,40,100,-29
23232,Nov 12 2016,World Cup qualifier in Albania,Albania,Israel,1630,1578,0,3,-49,49,1581,1627,73,44,-9,10,64,54,40,100,152
23233,Nov 12 2016,World Cup qualifier in Austria,Austria,Ireland,1708,1779,0,1,-22,22,1686,1801,46,19,-4,2,42,21,40,100,29
23234,Nov 12 2016,Asian Solidarity Cup in Malaysia,Brunei,Macao,632,699,1,1,4,-4,636,695,224,217,1,0,225,217,40,0,-67
23235,Nov 12 2016,World Cup qualifier in Cameroon,Cameroon,Zambia,1632,1430,1,1,-14,14,1618,1444,58,92,-2,4,56,96,40,100,302
23236,Nov 12 2016,World Cup qualifier in Cape Verde,Cape Verde,Burkina Faso,1470,1469,0,2,-38,38,1432,1507,112,77,-12,6,100,83,40,100,101
23237,Nov 12 2016,World Cup qualifier in Croatia,Croatia,Iceland,1858,1779,2,0,16,-16,1874,1763,15,27,0,-2,15,25,40,100,179
23238,Nov 12 2016,World Cup qualifier in Georgia,Georgia,Moldova,1486,1327,1,1,-13,13,1473,1340,90,116,-2,4,88,120,40,100,259
23239,Nov 12 2016,East Asian Championship qual in Hong Kong,Hong Kong,North Korea,1205,1514,0,1,-9,9,1196,1523,166,74,-1,2,165,76,40,100,-209
23240,Nov 12 2016,Friendly in Kenya,Kenya,Mozambique,1377,1323,1,0,6,-6,1383,1317,111,126,1,0,112,126,20,100,154
23241,Nov 12 2016,Asian Solidarity Cup in Malaysia,Laos,Nepal,787,896,2,2,6,-6,793,890,211,201,0,0,211,201,40,0,-109
23242,Nov 12 2016,World Cup qualifier in Liechtenstein,Liechtenstein,Italy,1182,1941,0,4,-2,2,1180,1943,170,8,-1,0,169,8,40,100,-659
23243,Nov 12 2016,World Cup qualifier in Mali,Mali,Gabon,1562,1455,0,0,-11,11,1551,1466,73,86,-2,4,71,90,40,100,207
23244,Nov 12 2016,World Cup qualifier in Morocco,Morocco,Ivory Coast,1598,1721,0,0,1,-1,1599,1720,60,36,0,0,60,36,20,100,-23
23245,Nov 12 2016,World Cup qualifier in New Zealand,New Zealand,New Caledonia,1549,1323,2,0,8,-8,1557,1315,67,128,2,-1,69,127,40,100,326
23246,Nov 12 2016,World Cup qualifier in Nigeria,Nigeria,Algeria,1647,1655,3,1,22,-22,1669,1633,44,57,4,-4,48,53,40,100,92
23247,Nov 12 2016,World Cup qualifier in South Africa,South Africa,Senegal,1600,1692,2,1,20,-20,1620,1672,51,50,4,-4,55,46,40,100,8
23248,Nov 12 2016,World Cup qualifier in Spain,Spain,Macedonia,1976,1404,4,0,2,-2,1978,1402,5,106,0,0,5,106,30,0,572
23249,Nov 12 2016,East Asian Championship qual in Hong Kong,Taiwan,Guam,818,867,2,0,34,-34,852,833,202,210,3,-3,205,207,40,0,-49
23250,Nov 12 2016,World Cup qualifier in Turkey,Turkey,Kosovo,1782,1396,2,0,3,-3,1785,1393,24,112,-1,-1,23,111,20,0,386
23251,Nov 12 2016,World Cup qualifier in Uganda,Uganda,Congo,1486,1449,1,0,12,-12,1498,1437,86,97,0,0,86,97,40,100,137
23252,Nov 12 2016,World Cup qualifier in Ukraine,Ukraine,Finland,1753,1546,1,0,6,-6,1759,1540,25,74,2,-1,27,73,40,100,307
23253,Nov 12 2016,World Cup qualifier in Wales,Wales,Serbia,1768,1727,1,1,-8,8,1760,1735,26,33,0,0,26,33,40,100,141
23254,Nov 13 2016,World Cup qualifier in Belgium,Belgium,Estonia,1903,1436,8,1,3,-3,1906,1433,13,99,0,0,13,99,20,0,467
23255,Nov 13 2016,World Cup qualifier in Bulgaria,Bulgaria,Belarus,1570,1604,1,0,16,-16,1586,1588,59,65,4,-3,63,62,30,0,-34
23256,Nov 13 2016,World Cup qualifier in Cyprus,Cyprus,Gibraltar,1401,1102,3,1,5,-5,1406,1097,103,185,3,-2,106,183,20,0,299
23257,Nov 13 2016,World Cup qualifier in Egypt,Egypt,Ghana,1650,1612,2,0,19,-19,1669,1593,45,65,3,-4,48,61,40,100,138
23258,Nov 13 2016,World Cup qualifier in Greece,Greece,Bosnia and Herzegovina,1653,1755,1,1,0,0,1653,1755,52,28,-1,0,51,28,20,100,-2
23259,Nov 13 2016,World Cup qualifier in Guinea,Guinea,DR Congo,1519,1553,1,2,-24,24,1495,1577,95,62,-9,4,86,66,40,100,66
23260,Nov 13 2016,World Cup qualifier in Hungary,Hungary,Andorra,1706,957,4,0,1,-1,1707,956,38,194,0,0,38,194,30,0,749
23261,Nov 13 2016,CONCACAF Ch & Car Ch q in Jamaica,Jamaica,Suriname,1512,1226,1,0,4,-4,1516,1222,77,153,1,0,78,153,40,100,386
23262,Nov 13 2016,World Cup qualifier in Luxembourg,Luxembourg,Netherlands,1246,1886,1,3,-3,3,1243,1889,152,14,-2,0,150,14,40,100,-540
23263,Nov 13 2016,World Cup qualifier in Portugal,Portugal,Latvia,1928,1417,4,1,2,-2,1930,1415,9,104,1,0,10,104,20,0,511
23264,Nov 13 2016,Friendly in Singapore,Singapore,Cambodia,1122,823,1,0,2,-2,1124,821,175,208,-1,0,174,208,20,100,399
23265,Nov 13 2016,World Cup qualifier in the Solomon Islands,Solomon Islands,Tahiti,1112,1243,1,0,22,-22,1134,1221,169,158,4,-4,173,154,40,100,-31
23266,Nov 13 2016,CONCACAF Ch & Car Ch q in Saint Kitts and Nevis,Saint Kitts and Nevis,Haiti,1287,1453,0,2,-24,24,1263,1477,148,81,-5,7,143,88,40,100,-66
23267,Nov 13 2016,World Cup qualifier in Switzerland,Switzerland,Faroe Islands,1856,1296,2,0,1,-1,1857,1295,17,135,0,-1,17,134,20,0,560
23268,Nov 13 2016,Friendly in Tajikistan,Tajikistan,Afghanistan,1241,1145,1,0,5,-5,1246,1140,145,170,3,0,148,170,20,100,196
23269,Nov 13 2016,Friendly in Zimbabwe,Zimbabwe,Tanzania,1402,1328,3,0,9,-9,1411,1319,104,126,1,-1,105,125,20,100,174
23270,Nov 14 2016,Asian Solidarity Cup in Malaysia,Laos,Brunei,793,636,3,2,12,-12,805,624,207,229,2,-2,209,227,40,0,157
23271,Nov 14 2016,Friendly in Malaysia,Malaysia,Papua New Guinea,1120,1137,2,1,8,-8,1128,1129,173,175,1,-2,174,173,20,100,83
23272,Nov 14 2016,Friendly in Myanmar,Myanmar,Oman,1065,1460,0,3,-5,5,1060,1465,185,91,0,1,185,92,20,100,-295
23273,Nov 14 2016,Friendly in Poland,Poland,Slovenia,1858,1646,1,1,-7,7,1851,1653,20,50,-2,1,18,51,20,100,312
23274,Nov 15 2016,World Cup qualifier in Argentina,Argentina,Colombia,2027,1947,3,0,18,-18,2045,1929,1,11,1,-2,2,9,40,100,180
23275,Nov 15 2016,Friendly in Austria,Austria,Slovakia,1686,1752,0,0,-1,1,1685,1753,42,30,0,0,42,30,20,100,34
23276,Nov 15 2016,Friendly in Bahrain,Bahrain,Kyrgyzstan,1437,1221,0,0,-7,7,1430,1228,103,150,-3,2,100,152,20,100,316
23277,Nov 15 2016,World Cup qualifier in Bolivia,Bolivia,Paraguay,1612,1723,1,0,21,-21,1633,1702,49,40,4,-3,53,37,40,100,-11
23278,Nov 15 2016,World Cup qualifier in Chile,Chile,Uruguay,1963,1934,3,1,19,-19,1982,1915,4,13,1,-2,5,11,40,100,129
23279,Nov 15 2016,World Cup qualifier in China,China,Qatar,1526,1574,0,0,-3,3,1523,1577,75,66,0,1,75,67,40,100,52
23280,Nov 15 2016,Friendly in Tunisia,Comoros,Gabon,973,1466,1,1,9,-9,982,1457,190,97,0,-3,190,94,20,0,-493
23281,Nov 15 2016,World Cup qualifier in Costa Rica,Costa Rica,United States,1834,1755,4,0,20,-20,1854,1735,14,36,3,-4,17,32,40,100,179
23282,Nov 15 2016,Friendly in Czechia,Czechia,Denmark,1700,1714,1,1,-2,2,1698,1716,37,33,1,2,38,35,20,100,86
23283,Nov 15 2016,World Cup qualifier in Ecuador,Ecuador,Venezuela,1836,1697,3,0,14,-14,1850,1683,19,46,0,-3,19,43,40,100,239
23284,Nov 15 2016,Friendly in England,England,Spain,1930,1978,2,2,-1,1,1929,1979,8,7,1,-1,9,6,20,100,52
23285,Nov 15 2016,Friendly in France,France,Ivory Coast,2017,1720,0,0,-8,8,2009,1728,4,30,0,3,4,33,20,100,397
23286,Nov 15 2016,World Cup qualifier in Honduras,Honduras,Trinidad and Tobago,1544,1512,3,1,19,-19,1563,1493,68,93,2,-7,70,86,40,100,132
23287,Nov 15 2016,Friendly in Hungary,Hungary,Sweden,1707,1751,0,2,-17,17,1690,1768,42,21,-2,5,40,26,20,100,56
23288,Nov 15 2016,Friendly in Italy,Italy,Germany,1943,2038,0,0,0,0,1943,2038,6,4,1,-1,7,3,20,100,5
23289,Nov 15 2016,World Cup qualifier in Japan,Japan,Saudi Arabia,1746,1585,2,1,7,-7,1753,1578,28,68,2,-2,30,66,40,100,261
23290,Nov 15 2016,Friendly in Jordan,Jordan,Lebanon,1509,1361,0,0,-6,6,1503,1367,81,117,0,0,81,117,20,100,248
23291,Nov 15 2016,Friendly in Kenya,Kenya,Liberia,1383,1325,1,0,6,-6,1389,1319,112,128,0,-2,112,126,20,100,158
23292,Nov 15 2016,Friendly in Malta,Malta,Iceland,1217,1763,0,2,-2,2,1215,1765,159,29,0,-2,159,27,20,100,-446
23293,Nov 15 2016,Friendly in Morocco,Morocco,Togo,1599,1419,2,1,3,-3,1602,1416,58,103,0,0,58,103,20,100,280
23294,Nov 15 2016,Friendly in Mozambique,Mozambique,South Africa,1317,1620,1,1,5,-5,1322,1615,124,59,1,-2,125,57,20,100,-203
23295,Nov 15 2016,Asian Solidarity Cup in Malaysia,Nepal,Macao,890,695,1,0,10,-10,900,685,201,227,0,-5,201,222,40,0,195
23296,Nov 15 2016,World Cup qualifier in New Caledonia,New Caledonia,New Zealand,1315,1557,0,0,8,-8,1323,1549,121,74,3,-2,124,72,40,100,-142
23297,Nov 15 2016,Friendly in Northern Ireland,Northern Ireland,Croatia,1659,1874,0,3,-12,12,1647,1886,54,15,-2,0,52,15,20,100,-115
23298,Nov 15 2016,World Cup qualifier in Panama,Panama,Mexico,1681,1920,0,0,8,-8,1689,1912,38,12,3,0,41,12,40,100,-139
23299,Nov 15 2016,World Cup qualifier in Peru,Peru,Brazil,1855,2067,0,2,-21,21,1834,2088,23,1,-3,0,20,1,40,100,-112
23300,Nov 15 2016,Friendly in Russia,Russia,Romania,1684,1689,1,0,7,-7,1691,1682,35,47,4,-3,39,44,20,100,95
23301,Nov 15 2016,World Cup qualifier in South Korea,South Korea,Uzbekistan,1778,1676,2,1,10,-10,1788,1666,20,53,2,-4,22,49,40,100,202
23302,Nov 15 2016,World Cup qualifier in Malaysia,Syria,Iran,1531,1787,0,0,13,-13,1544,1774,72,26,1,-2,73,24,40,0,-256
23303,Nov 15 2016,World Cup qualifier in Thailand,Thailand,Australia,1362,1722,2,2,13,-13,1375,1709,112,37,2,-1,114,36,40,100,-260
23304,Nov 15 2016,Friendly in Tunisia,Tunisia,Mauritania,1598,1301,0,0,-8,8,1590,1309,63,127,-2,2,61,129,20,100,397
23305,Nov 15 2016,World Cup qualifier in the United Arab Emirates,United Arab Emirates,Iraq,1568,1487,2,0,16,-16,1584,1471,59,91,5,-2,64,89,40,100,181
23306,Nov 15 2016,Friendly in Ukraine,Ukraine,Serbia,1759,1735,2,0,10,-10,1769,1725,23,35,2,-1,25,34,20,100,124
23307,Nov 19 2016,Southeast Asian Champ in the Philippines,Philippines,Singapore,1260,1124,0,0,-12,12,1248,1136,150,167,-3,4,147,171,40,100,236
23308,Nov 19 2016,Friendly in Saint Kitts and Nevis,Saint Kitts and Nevis,Estonia,1263,1433,1,1,2,-2,1265,1431,143,100,0,-1,143,99,20,100,-70
23309,Nov 19 2016,Southeast Asian Champ in the Philippines,Thailand,Indonesia,1375,1208,4,2,17,-17,1392,1191,110,170,2,-4,112,166,40,0,167
23310,Nov 20 2016,Southeast Asian Champ in Myanmar,Malaysia,Cambodia,1128,821,3,2,6,-6,1134,815,171,208,2,0,173,208,40,0,307
23311,Nov 20 2016,Southeast Asian Champ in Myanmar,Myanmar,Vietnam,1060,1286,1,2,-13,13,1047,1299,185,128,0,5,185,133,40,100,-126
23312,Nov 22 2016,Friendly in Antigua and Barbuda,Antigua and Barbuda,Estonia,1210,1431,0,1,-7,7,1203,1438,165,95,-2,2,163,97,20,100,-121
23313,Nov 22 2016,Southeast Asian Champ in the Philippines,Philippines,Indonesia,1248,1191,2,2,-8,8,1240,1199,153,162,-3,2,150,164,40,100,157
23314,Nov 22 2016,Southeast Asian Champ in the Philippines,Thailand,Singapore,1392,1136,1,0,7,-7,1399,1129,108,177,2,-3,110,174,40,0,256
23315,Nov 23 2016,Southeast Asian Champ in Myanmar,Myanmar,Cambodia,1047,815,3,1,8,-8,1055,807,185,208,0,0,185,208,40,100,332
23316,Nov 23 2016,Southeast Asian Champ in Myanmar,Vietnam,Malaysia,1299,1134,1,0,11,-11,1310,1123,125,178,4,-3,129,175,40,0,165
23317,Nov 25 2016,Southeast Asian Champ in the Philippines,Indonesia,Singapore,1199,1129,2,1,16,-16,1215,1113,154,181,5,-4,159,177,40,0,70
23318,Nov 25 2016,Southeast Asian Champ in the Philippines,Philippines,Thailand,1240,1399,0,1,-17,17,1223,1416,156,96,-3,7,153,103,40,100,-59
23319,Nov 26 2016,Southeast Asian Champ in Myanmar,Myanmar,Malaysia,1055,1123,1,0,18,-18,1073,1105,185,182,0,-4,185,178,30,0,-68
23320,Nov 26 2016,Southeast Asian Champ in Myanmar,Vietnam,Cambodia,1310,807,2,1,2,-2,1312,805,127,208,1,0,128,208,30,0,503
23321,Dec 3 2016,Southeast Asian Champ in Indonesia,Indonesia,Vietnam,1215,1312,2,1,20,-20,1235,1292,143,144,8,-8,151,136,40,100,3
23322,Dec 4 2016,Southeast Asian Champ in Myanmar,Myanmar,Thailand,1073,1416,0,2,-12,12,1061,1428,185,99,0,2,185,101,40,100,-243
23323,Dec 7 2016,Southeast Asian Champ in Vietnam,Vietnam,Indonesia,1292,1235,2,2,-8,8,1284,1243,140,147,-2,2,138,149,40,100,157
23324,Dec 8 2016,Southeast Asian Champ in Thailand,Thailand,Myanmar,1428,1061,4,0,5,-5,1433,1056,97,185,2,0,99,185,40,100,467
23325,Dec 14 2016,Southeast Asian Champ in Indonesia,Indonesia,Thailand,1243,1433,2,1,25,-25,1268,1408,137,113,6,-7,143,106,40,100,-90
23326,Dec 17 2016,Southeast Asian Champ in Thailand,Thailand,Indonesia,1408,1268,2,0,12,-12,1420,1256,100,149,3,-3,103,146,40,100,240
23327,Dec 26 2016,Friendly in Ivory Coast,Ivory Coast,Zimbabwe,1728,1411,0,0,-8,8,1720,1419,35,102,-1,2,34,104,20,100,417
23328,Dec 27 2016,Friendly in Nicaragua,Nicaragua,Trinidad and Tobago,1258,1493,2,1,14,-14,1272,1479,141,86,2,0,143,86,20,100,-135
23329,Dec 30 2016,Friendly in Nicaragua,Nicaragua,Trinidad and Tobago,1272,1479,1,3,-11,11,1261,1490,145,86,-1,0,144,86,20,100,-107
23330,Jan 4 2017,CONCACAF Ch & Car Ch q in Trinidad and Tobago,Trinidad and Tobago,Suriname,1490,1222,1,2,-36,36,1454,1258,104,137,-9,9,95,146,40,100,368
23331,Jan 4 2017,Friendly in Tunisia,Tunisia,Uganda,1590,1498,2,0,7,-7,1597,1491,57,86,2,-1,59,85,20,100,192
23332,Jan 5 2017,Friendly in Cameroon,Cameroon,DR Congo,1618,1577,2,0,9,-9,1627,1568,54,71,1,-2,55,69,20,100,141
23333,Jan 6 2017,CONCACAF Ch & Car Ch q in Trinidad and Tobago,Haiti,Suriname,1477,1258,4,2,13,-13,1490,1245,86,152,0,-3,86,149,40,0,219
23334,Jan 7 2017,Friendly in Algeria,Algeria,Mauritania,1633,1309,3,1,2,-2,1635,1307,53,133,0,-2,53,131,20,100,424
23335,Jan 7 2017,Friendly in Morocco,Burkina Faso,Mali,1507,1551,2,1,11,-11,1518,1540,74,75,3,-2,77,73,20,0,-44
23336,Jan 8 2017,Friendly in Egypt,Egypt,Tunisia,1669,1597,1,0,5,-5,1674,1592,45,63,1,-2,46,61,20,100,172
23337,Jan 8 2017,Friendly in the United Arab Emirates,Ivory Coast,Sweden,1720,1768,2,1,11,-11,1731,1757,32,30,1,-2,33,28,20,0,-48
23338,Jan 8 2017,Friendly in Congo,Senegal,Libya,1672,1468,2,1,5,-5,1677,1463,45,93,0,-2,45,91,20,0,204
23339,Jan 8 2017,CONCACAF Ch & Car Ch q in Trinidad and Tobago,Trinidad and Tobago,Haiti,1454,1490,3,4,-24,24,1430,1514,103,74,-4,6,99,80,40,100,64
23340,Jan 9 2017,Friendly in the United Arab Emirates,Finland,Morocco,1540,1602,1,0,12,-12,1552,1590,69,64,2,-3,71,61,20,0,-62
23341,Jan 10 2017,Friendly in Algeria,Algeria,Mauritania,1635,1307,6,0,3,-3,1638,1304,53,131,0,0,53,131,20,100,428
23342,Jan 10 2017,Friendly in Cameroon,Cameroon,Zimbabwe,1627,1419,1,1,-7,7,1620,1426,57,98,-1,3,56,101,20,100,308
23343,Jan 10 2017,Friendly tournament in China,China,Iceland,1523,1765,0,2,-14,14,1509,1779,87,22,-6,2,81,24,30,100,-142
23344,Jan 11 2017,Friendly tournament in China,Chile,Croatia,1982,1886,1,1,-4,4,1978,1890,7,13,-1,1,6,14,30,0,96
23345,Jan 11 2017,Friendly in Congo,Congo,Senegal,1437,1677,0,2,-9,9,1428,1686,103,39,-3,3,100,42,20,100,-140
23346,Jan 11 2017,Friendly in the United Arab Emirates,Ivory Coast,Uganda,1731,1491,3,0,7,-7,1738,1484,31,86,1,0,32,86,20,0,240
23347,Jan 13 2017,CONCACAF Ch q & C Am Cup in Panama,Costa Rica,El Salvador,1854,1402,0,0,-17,17,1837,1419,21,101,-2,4,19,105,40,0,452
23348,Jan 13 2017,CONCACAF Ch q & C Am Cup in Panama,Honduras,Nicaragua,1563,1261,2,1,6,-6,1569,1255,68,148,1,-2,69,146,40,0,302
23349,Jan 13 2017,CONCACAF Ch q & C Am Cup in Panama,Panama,Belize,1689,1182,0,0,-19,19,1670,1201,53,162,-6,3,47,165,40,100,607
23350,Jan 14 2017,African Nations Cup in Gabon,Burkina Faso,Cameroon,1518,1620,1,1,7,-7,1525,1613,74,58,1,-1,75,57,50,0,-102
23351,Jan 14 2017,Friendly tournament in China,China,Croatia,1509,1890,1,1,10,-10,1519,1880,73,16,4,-1,77,15,30,100,-281
23352,Jan 14 2017,African Nations Cup in Gabon,Gabon,Guinea-Bissau,1457,1283,1,1,-16,16,1441,1299,97,126,-2,7,95,133,50,100,274
23353,Jan 14 2017,Friendly in the United Arab Emirates,Saudi Arabia,Cambodia,1578,805,7,2,0,0,1578,805,66,208,0,0,66,208,20,0,773
23354,Jan 15 2017,African Nations Cup in Gabon,Algeria,Zimbabwe,1638,1426,2,2,-14,14,1624,1440,57,91,-2,5,55,96,40,100,312
23355,Jan 15 2017,Friendly tournament in China,Chile,Iceland,1978,1779,1,0,7,-7,1985,1772,4,26,1,-1,5,25,30,0,199
23356,Jan 15 2017,CONCACAF Ch q & C Am Cup in Panama,Costa Rica,Belize,1837,1201,3,0,2,-2,1839,1199,19,165,0,0,19,165,40,0,636
23357,Jan 15 2017,CONCACAF Ch q & C Am Cup in Panama,Honduras,El Salvador,1569,1419,2,1,12,-12,1581,1407,59,109,5,-2,64,107,40,0,150
23358,Jan 15 2017,CONCACAF Ch q & C Am Cup in Panama,Panama,Nicaragua,1670,1255,2,1,2,-2,1672,1253,45,148,1,-1,46,147,20,0,415
23359,Jan 15 2017,African Nations Cup in Gabon,Senegal,Tunisia,1686,1592,2,0,28,-28,1714,1564,31,80,5,-10,36,70,50,0,94
23360,Jan 16 2017,African Nations Cup in Gabon,DR Congo,Morocco,1568,1590,1,0,27,-27,1595,1563,49,80,10,-10,59,70,50,0,-22
23361,Jan 16 2017,African Nations Cup in Gabon,Ivory Coast,Togo,1738,1416,0,0,-18,18,1720,1434,36,91,-2,7,34,98,50,0,322
23362,Jan 17 2017,CONCACAF Ch q & C Am Cup in Panama,Costa Rica,Nicaragua,1839,1253,0,0,-19,19,1820,1272,21,139,-1,4,20,143,40,0,586
23363,Jan 17 2017,African Nations Cup in Gabon,Egypt,Mali,1674,1540,0,0,-9,9,1665,1549,51,70,-3,2,48,72,30,100,234
23364,Jan 17 2017,CONCACAF Ch q & C Am Cup in Panama,El Salvador,Belize,1407,1199,3,1,14,-14,1421,1185,103,171,2,-3,105,168,40,0,208
23365,Jan 17 2017,African Nations Cup in Gabon,Ghana,Uganda,1593,1484,1,0,17,-17,1610,1467,58,90,1,-2,59,88,50,0,109
23366,Jan 17 2017,CONCACAF Ch q & C Am Cup in Panama,Panama,Honduras,1672,1581,0,1,-30,30,1642,1611,58,52,-6,6,52,58,40,100,191
23367,Jan 17 2017,Friendly in Qatar,Qatar,Moldova,1577,1340,1,1,-7,7,1570,1347,69,118,-1,1,68,119,20,100,337
23368,Jan 18 2017,African Nations Cup in Gabon,Cameroon,Guinea-Bissau,1613,1299,2,1,7,-7,1620,1292,55,139,1,-3,56,136,50,0,314
23369,Jan 18 2017,African Nations Cup in Gabon,Gabon,Burkina Faso,1441,1525,1,1,-1,1,1440,1526,95,75,0,0,95,75,30,100,16
23370,Jan 19 2017,African Nations Cup in Gabon,Senegal,Zimbabwe,1714,1440,2,0,13,-13,1727,1427,30,109,3,-7,33,102,50,0,274
23371,Jan 19 2017,African Nations Cup in Gabon,Tunisia,Algeria,1564,1624,2,1,29,-29,1593,1595,55,65,7,-5,62,60,50,0,-60
23372,Jan 20 2017,CONCACAF Ch q & C Am Cup in Panama,Costa Rica,Honduras,1820,1611,1,1,-11,11,1809,1622,20,53,0,2,20,55,30,100,309
23373,Jan 20 2017,African Nations Cup in Gabon,DR Congo,Ivory Coast,1595,1720,2,2,9,-9,1604,1711,58,37,1,-1,59,36,50,0,-125
23374,Jan 20 2017,African Nations Cup in Gabon,Morocco,Togo,1563,1434,3,1,24,-24,1587,1410,58,117,6,-10,64,107,50,0,129
23375,Jan 20 2017,CONCACAF Ch q & C Am Cup in Panama,Nicaragua,Belize,1272,1185,3,1,23,-23,1295,1162,125,170,9,-1,134,169,40,0,87
23376,Jan 20 2017,CONCACAF Ch q & C Am Cup in Panama,Panama,El Salvador,1642,1421,1,0,5,-5,1647,1416,50,105,1,0,51,105,40,100,321
23377,Jan 21 2017,African Nations Cup in Gabon,Egypt,Uganda,1665,1467,1,0,12,-12,1677,1455,42,96,3,-4,45,92,50,0,198
23378,Jan 21 2017,African Nations Cup in Gabon,Ghana,Mali,1610,1549,1,0,21,-21,1631,1528,50,76,4,-2,54,74,50,0,61
23379,Jan 22 2017,Friendly in Bermuda,Bermuda,Canada,1208,1517,2,4,-7,7,1201,1524,166,74,-2,2,164,76,20,100,-209
23380,Jan 22 2017,African Nations Cup in Gabon,Burkina Faso,Guinea-Bissau,1526,1292,2,0,15,-15,1541,1277,73,149,1,-6,74,143,50,0,234
23381,Jan 22 2017,CONCACAF Ch q & C Am Cup in Panama,El Salvador,Nicaragua,1416,1295,1,0,13,-13,1429,1282,95,146,5,-6,100,140,40,0,121
23382,Jan 22 2017,African Nations Cup in Gabon,Gabon,Cameroon,1440,1620,0,0,6,-6,1446,1614,93,59,1,-1,94,58,50,100,-80
23383,Jan 22 2017,CONCACAF Ch q & C Am Cup in Panama,Honduras,Belize,1622,1162,1,0,3,-3,1625,1159,56,169,0,0,56,169,40,0,460
23384,Jan 22 2017,CONCACAF Ch q & C Am Cup in Panama,Panama,Costa Rica,1647,1809,1,0,24,-24,1671,1785,41,24,5,-2,46,22,40,100,-62
23385,Jan 23 2017,African Nations Cup in Gabon,Algeria,Senegal,1595,1727,2,2,9,-9,1604,1718,59,35,1,-1,60,34,50,0,-132
23386,Jan 23 2017,Friendly in the United Arab Emirates,Georgia,Uzbekistan,1473,1666,2,2,5,-5,1478,1661,86,49,0,0,86,49,20,0,-193
23387,Jan 23 2017,African Nations Cup in Gabon,Tunisia,Zimbabwe,1593,1427,4,2,21,-21,1614,1406,54,112,4,-5,58,107,50,0,166
23388,Jan 24 2017,African Nations Cup in Gabon,DR Congo,Togo,1604,1410,3,1,18,-18,1622,1392,54,118,3,-6,57,112,50,0,194
23389,Jan 24 2017,African Nations Cup in Gabon,Morocco,Ivory Coast,1587,1711,1,0,34,-34,1621,1677,52,52,6,-8,58,44,50,0,-124
23390,Jan 25 2017,Friendly in Brazil,Brazil,Colombia,2088,1929,1,0,4,-4,2092,1925,1,11,0,-1,1,10,20,100,259
23391,Jan 25 2017,African Nations Cup in Gabon,Egypt,Ghana,1677,1631,1,0,22,-22,1699,1609,32,68,6,-7,38,61,50,0,46
23392,Jan 25 2017,Friendly in the United Arab Emirates,Jordan,Georgia,1503,1478,1,0,9,-9,1512,1469,80,88,1,-1,81,87,20,0,25
23393,Jan 25 2017,African Nations Cup in Gabon,Mali,Uganda,1528,1455,1,1,-5,5,1523,1460,77,90,-1,1,76,91,20,100,173
23394,Jan 28 2017,African Nations Cup in Gabon,Burkina Faso,Tunisia,1541,1614,2,0,45,-45,1586,1569,54,83,10,-12,64,71,50,0,-73
23395,Jan 28 2017,African Nations Cup in Gabon,Cameroon,Senegal,1614,1718,0,0,7,-7,1621,1711,55,36,2,-1,57,35,50,0,-104
23396,Jan 29 2017,African Nations Cup in Gabon,Egypt,Morocco,1699,1621,1,0,19,-19,1718,1602,30,63,4,-3,34,60,50,0,78
23397,Jan 29 2017,African Nations Cup in Gabon,Ghana,DR Congo,1609,1622,2,1,26,-26,1635,1596,46,68,7,-6,53,62,50,0,-13
23398,Jan 29 2017,Friendly in the United States,United States,Serbia,1735,1725,0,0,-3,3,1732,1728,32,33,0,0,32,33,20,100,110
23399,Feb 1 2017,African Nations Cup in Gabon,Burkina Faso,Egypt,1586,1718,1,1,9,-9,1595,1709,62,38,1,-2,63,36,50,0,-132
23400,Feb 2 2017,African Nations Cup in Gabon,Cameroon,Ghana,1621,1635,2,0,39,-39,1660,1596,43,69,7,-8,50,61,50,0,-14
23401,Feb 3 2017,Friendly in the United States,United States,Jamaica,1732,1516,1,0,3,-3,1735,1513,32,81,0,-1,32,80,20,100,316
23402,Feb 4 2017,African Nations Cup in Gabon,Burkina Faso,Ghana,1595,1596,1,0,25,-25,1620,1571,51,77,6,-8,57,69,50,0,-1
23403,Feb 5 2017,African Nations Cup in Gabon,Cameroon,Egypt,1660,1709,2,1,29,-29,1689,1680,32,54,9,-9,41,45,50,0,-49
23404,Feb 8 2017,Friendly in the United States,Mexico,Iceland,1912,1772,1,0,6,-6,1918,1766,10,27,1,-1,11,26,20,0,140
23405,Feb 16 2017,Friendly in the United States,Jamaica,Honduras,1513,1625,1,0,13,-13,1526,1612,70,60,5,-2,75,58,20,0,-112
23406,Feb 22 2017,Friendly in Ecuador,Ecuador,Honduras,1850,1612,3,1,4,-4,1854,1608,16,58,1,0,17,58,20,100,338
23407,Feb 22 2017,Friendly in San Marino,San Marino,Andorra,878,956,0,2,-16,16,862,972,205,188,-1,3,204,191,20,100,22
23408,Mar 9 2017,Friendly in Qatar,Qatar,Azerbaijan,1570,1424,1,2,-16,16,1554,1440,72,90,-1,6,71,96,20,100,246
23409,Mar 10 2017,Friendly in Trinidad and Tobago,Trinidad and Tobago,Barbados,1430,1136,2,0,3,-3,1433,1133,97,173,1,-1,98,172,20,100,394
23410,Mar 11 2017,Friendly in Burundi,Burundi,Djibouti,1312,753,7,0,1,-1,1313,752,128,213,0,0,128,213,20,100,659
23411,Mar 13 2017,Friendly in Burundi,Burundi,Djibouti,1313,752,1,0,0,0,1313,752,128,213,0,0,128,213,20,100,661
23412,Mar 16 2017,Friendly in Honduras,Honduras,Nicaragua,1608,1282,2,0,2,-2,1610,1280,58,140,0,0,58,140,20,100,426
23413,Mar 18 2017,Friendly in Iran,Iran,Iraq,1774,1471,0,1,-18,18,1756,1489,32,86,-4,0,28,86,20,100,403
23414,Mar 19 2017,Friendly in San Marino,San Marino,Moldova,862,1347,0,2,-3,3,859,1350,204,119,0,0,204,119,20,100,-385
23415,Mar 21 2017,Friendly in Indonesia,Indonesia,Myanmar,1256,1056,1,3,-25,25,1231,1081,158,183,-6,1,152,184,20,100,300
23416,Mar 22 2017,Friendly in Cambodia,Cambodia,India,805,1100,2,3,-5,5,800,1105,214,175,-3,3,211,178,20,100,-195
23417,Mar 22 2017,Friendly in Curaçao,Curaçao,El Salvador,1224,1429,1,1,3,-3,1227,1426,154,103,0,-1,154,102,20,100,-105
23418,Mar 22 2017,Friendly in Cyprus,Cyprus,Kazakhstan,1406,1406,3,1,11,-11,1417,1395,104,114,1,-4,105,110,20,100,100
23419,Mar 22 2017,Friendly in Czechia,Czechia,Lithuania,1698,1464,3,0,4,-4,1702,1460,36,91,1,-1,37,90,20,100,334
23420,Mar 22 2017,African Nations Cup qualifier in Djibouti,Djibouti,South Sudan,752,1114,2,0,49,-49,801,1065,207,195,3,-10,210,185,40,100,-262
23421,Mar 22 2017,Friendly in Germany,Germany,England,2038,1929,1,0,5,-5,2043,1924,3,11,0,-1,3,10,20,100,209
23422,Mar 22 2017,Friendly in Qatar,Palestine,Yemen,1338,1205,1,0,6,-6,1344,1199,121,166,0,-2,121,164,20,0,133
23423,Mar 22 2017,Friendly in the Philippines,Philippines,Malaysia,1223,1105,0,0,-6,6,1217,1111,163,174,-4,2,159,176,20,100,218
23424,Mar 22 2017,African Nations Cup qualifier in São Tomé and Príncipe,São Tomé and Príncipe,Madagascar,1103,1244,0,1,-18,18,1085,1262,185,141,-3,4,182,145,40,100,-41
23425,Mar 22 2017,Friendly in Scotland,Scotland,Canada,1671,1524,1,1,-6,6,1665,1530,51,74,-2,1,49,75,20,100,247
23426,Mar 22 2017,Friendly in Vietnam,Vietnam,Taiwan,1284,852,1,1,-9,9,1275,861,148,203,-5,1,143,204,20,100,532
23427,Mar 23 2017,Friendly in Qatar,Afghanistan,Singapore,1140,1113,2,1,9,-9,1149,1104,170,179,0,-2,170,177,20,0,27
23428,Mar 23 2017,World Cup qualifier in Argentina,Argentina,Chile,2045,1985,1,0,11,-11,2056,1974,2,7,0,-1,2,6,40,100,160
23429,Mar 23 2017,Friendly in Bahrain,Bahrain,Tajikistan,1430,1246,1,1,-7,7,1423,1253,106,148,-3,0,103,148,20,100,284
23430,Mar 23 2017,World Cup qualifier in China,China,South Korea,1519,1788,1,0,29,-29,1548,1759,69,35,5,-7,74,28,40,100,-169
23431,Mar 23 2017,World Cup qualifier in Colombia,Colombia,Bolivia,1925,1633,1,0,4,-4,1929,1629,9,54,0,0,9,54,40,100,392
23432,Mar 23 2017,World Cup qualifier in Iran,Iraq,Australia,1489,1709,1,1,11,-11,1500,1698,84,40,1,-2,85,38,40,0,-220
23433,Mar 23 2017,Friendly in Jordan,Jordan,Hong Kong,1512,1196,4,0,3,-3,1515,1193,79,165,1,0,80,165,20,100,416
23434,Mar 23 2017,Friendly in Kenya,Kenya,Uganda,1389,1460,1,1,-1,1,1388,1461,113,90,0,0,113,90,20,100,29
23435,Mar 23 2017,Friendly in England,Nigeria,Senegal,1669,1711,1,1,1,-1,1670,1710,48,37,0,-1,48,36,20,0,-42
23436,Mar 23 2017,World Cup qualifier in Papua New Guinea,Papua New Guinea,Tahiti,1129,1221,1,3,-31,31,1098,1252,187,143,-7,6,180,149,40,100,8
23437,Mar 23 2017,World Cup qualifier in Paraguay,Paraguay,Ecuador,1702,1854,2,1,23,-23,1725,1831,31,19,3,-1,34,18,40,100,-52
23438,Mar 23 2017,World Cup qualifier in Qatar,Qatar,Iran,1554,1756,0,1,-14,14,1540,1770,79,20,-4,4,75,24,40,100,-102
23439,Mar 23 2017,World Cup qualifier in Malaysia,Syria,Uzbekistan,1544,1661,1,0,26,-26,1570,1635,64,56,5,-3,69,53,40,0,-117
23440,Mar 23 2017,World Cup qualifier in Thailand,Thailand,Saudi Arabia,1420,1578,0,3,-29,29,1391,1607,120,51,-8,8,112,59,40,100,-58
23441,Mar 23 2017,World Cup qualifier in the United Arab Emirates,United Arab Emirates,Japan,1584,1753,0,2,-24,24,1560,1777,77,16,-6,7,71,23,40,100,-69
23442,Mar 23 2017,World Cup qualifier in Uruguay,Uruguay,Brazil,1915,2092,1,4,-27,27,1888,2119,16,1,-2,0,14,1,40,100,-77
23443,Mar 23 2017,World Cup qualifier in Venezuela,Venezuela,Peru,1683,1834,2,2,3,-3,1686,1831,41,17,1,1,42,18,40,100,-51
23444,Mar 24 2017,World Cup qualifier in Austria,Austria,Moldova,1685,1350,2,0,5,-5,1690,1345,39,119,2,0,41,119,40,100,435
23445,Mar 24 2017,African Nations Cup qualifier in the Comoros,Comoros,Mauritius,982,1099,2,0,31,-31,1013,1068,184,189,3,-5,187,184,40,100,-17
23446,Mar 24 2017,World Cup qualifier in Croatia,Croatia,Ukraine,1880,1769,1,0,9,-9,1889,1760,11,29,2,-2,13,27,40,100,211
23447,Mar 24 2017,Friendly in France,Gabon,Guinea,1446,1495,2,2,1,-1,1447,1494,96,86,-1,0,95,86,20,0,-49
23448,Mar 24 2017,World Cup qualifier in Georgia,Georgia,Serbia,1469,1728,1,3,-17,17,1452,1745,101,33,-7,0,94,33,40,100,-159
23449,Mar 24 2017,CONCACAF Champ qual in Haiti,Haiti,Nicaragua,1514,1280,3,1,8,-8,1522,1272,79,147,1,-4,80,143,40,100,334
23450,Mar 24 2017,World Cup qualifier in Ireland,Ireland,Wales,1801,1760,0,0,-8,8,1793,1768,20,25,0,1,20,26,40,100,141
23451,Mar 24 2017,World Cup qualifier in Italy,Italy,Albania,1943,1581,2,0,4,-4,1947,1577,7,66,0,0,7,66,40,100,462
23452,Mar 24 2017,World Cup qualifier in Albania,Kosovo,Iceland,1393,1766,1,2,-4,4,1389,1770,112,22,-1,2,111,24,40,0,-373
23453,Mar 24 2017,Friendly in Egypt,Libya,Togo,1463,1392,0,0,-2,2,1461,1394,87,107,1,2,88,109,20,0,71
23454,Mar 24 2017,World Cup qualifier in Liechtenstein,Liechtenstein,Macedonia,1180,1402,0,3,-23,23,1157,1425,170,97,-1,5,169,102,40,100,-122
23455,Mar 24 2017,Friendly in Mauritania,Mauritania,Benin,1304,1396,1,0,10,-10,1314,1386,125,118,3,-5,128,113,20,100,8
23456,Mar 24 2017,World Cup qualifier in Mexico,Mexico,Costa Rica,1918,1785,2,0,12,-12,1930,1773,5,25,3,-2,8,23,40,100,233
23457,Mar 24 2017,Friendly in Morocco,Morocco,Burkina Faso,1602,1620,2,0,12,-12,1614,1608,53,60,4,-2,57,58,20,100,82
23458,Mar 24 2017,Friendly in Russia,Russia,Ivory Coast,1691,1677,0,2,-20,20,1671,1697,53,34,-7,6,46,40,20,100,114
23459,Mar 24 2017,World Cup qualifier in Spain,Spain,Israel,1979,1627,4,1,5,-5,1984,1622,5,55,0,0,5,55,40,100,452
23460,Mar 24 2017,World Cup qualifier in Trinidad and Tobago,Trinidad and Tobago,Panama,1433,1671,1,0,28,-28,1461,1643,78,57,10,-5,88,52,40,100,-138
23461,Mar 24 2017,Friendly in Tunisia,Tunisia,Cameroon,1569,1689,0,1,-9,9,1560,1698,70,35,0,3,70,38,20,100,-20
23462,Mar 24 2017,World Cup qualifier in Turkey,Turkey,Finland,1785,1552,2,0,8,-8,1793,1544,19,76,1,-2,20,74,40,100,333
23463,Mar 24 2017,World Cup qualifier in the United States,United States,Honduras,1735,1610,6,0,18,-18,1753,1592,30,68,1,-5,31,63,40,100,225
23464,Mar 25 2017,World Cup qualifier in Andorra,Andorra,Faroe Islands,972,1295,0,0,11,-11,983,1284,191,138,0,-2,191,136,30,0,-323
23465,Mar 25 2017,World Cup qualifier in Belgium,Belgium,Greece,1906,1653,1,1,-15,15,1891,1668,12,47,0,1,12,48,40,100,353
23466,Mar 25 2017,World Cup qualifier in Bosnia and Herzegovina,Bosnia and Herzegovina,Gibraltar,1755,1097,5,0,1,-1,1756,1096,30,180,0,0,30,180,20,0,658
23467,Mar 25 2017,World Cup qualifier in Bulgaria,Bulgaria,Netherlands,1586,1889,2,0,46,-46,1632,1843,43,21,11,-4,54,17,40,100,-203
23468,Mar 25 2017,World Cup qualifier in Cyprus,Cyprus,Estonia,1417,1438,0,0,-4,4,1413,1442,105,96,0,1,105,97,40,100,79
23469,Mar 25 2017,World Cup qualifier in Fiji,Fiji,New Zealand,1238,1549,0,2,-14,14,1224,1563,158,68,-3,2,155,70,40,100,-211
23470,Mar 25 2017,World Cup qualifier in Luxembourg,Luxembourg,France,1243,2009,1,3,-1,1,1242,2010,151,4,0,0,151,4,20,100,-666
23471,Mar 25 2017,Friendly in Mozambique,Mozambique,Angola,1322,1221,2,0,7,-7,1329,1214,123,166,1,-5,124,161,20,100,201
23472,Mar 25 2017,World Cup qualifier in Portugal,Portugal,Hungary,1930,1690,3,0,9,-9,1939,1681,8,47,0,-3,8,44,40,100,340
23473,Mar 25 2017,Friendly in South Africa,South Africa,Guinea-Bissau,1615,1277,3,1,2,-2,1617,1275,58,141,-1,0,57,141,20,100,438
23474,Mar 25 2017,World Cup qualifier in Sweden,Sweden,Belarus,1757,1588,4,0,13,-13,1770,1575,19,70,5,-3,24,67,40,100,269
23475,Mar 25 2017,World Cup qualifier in Switzerland,Switzerland,Latvia,1857,1415,1,0,2,-2,1859,1413,14,104,1,1,15,105,30,0,442
23476,Mar 25 2017,Friendly in Tanzania,Tanzania,Botswana,1319,1292,2,0,10,-10,1329,1282,122,140,2,-2,124,138,20,100,127
23477,Mar 26 2017,World Cup qualifier in Armenia,Armenia,Kazakhstan,1502,1395,2,0,14,-14,1516,1381,79,120,2,-6,81,114,40,100,207
23478,Mar 26 2017,World Cup qualifier in Azerbaijan,Azerbaijan,Germany,1440,2043,1,4,-4,4,1436,2047,98,3,0,0,98,3,40,100,-503
23479,Mar 26 2017,Friendly in Barbados,Barbados,Martinique,1133,1502,2,1,16,-16,1149,1486,168,89,2,-3,170,86,20,100,-269
23480,Mar 26 2017,World Cup qualifier in England,England,Lithuania,1924,1460,2,0,2,-2,1926,1458,11,93,0,-1,11,92,20,0,464
23481,Mar 26 2017,Friendly in Kenya,Kenya,DR Congo,1388,1596,2,1,13,-13,1401,1583,104,65,4,-1,108,64,20,100,-108
23482,Mar 26 2017,African Nations Cup qualifier in Madagascar,Madagascar,São Tomé and Príncipe,1262,1085,3,2,7,-7,1269,1078,143,183,1,-1,144,182,40,100,277
23483,Mar 26 2017,World Cup qualifier in Malta,Malta,Slovakia,1215,1753,1,3,-4,4,1211,1757,163,29,-2,1,161,30,40,100,-438
23484,Mar 26 2017,World Cup qualifier in Montenegro,Montenegro,Poland,1597,1851,1,2,-12,12,1585,1863,64,14,-1,1,63,15,40,100,-154
23485,Mar 26 2017,World Cup qualifier in Northern Ireland,Northern Ireland,Norway,1647,1576,2,0,16,-16,1663,1560,49,74,1,-4,50,70,40,100,171
23486,Mar 26 2017,World Cup qualifier in Romania,Romania,Denmark,1682,1716,0,0,-4,4,1678,1720,49,35,-3,0,46,35,40,100,66
23487,Mar 26 2017,World Cup qualifier in San Marino,San Marino,Czechia,859,1702,0,6,-1,1,858,1703,203,37,1,0,204,37,20,100,-743
23488,Mar 26 2017,World Cup qualifier in Scotland,Scotland,Slovenia,1665,1653,1,0,14,-14,1679,1639,41,54,4,-2,45,52,30,0,12
23489,Mar 26 2017,Asian Cup qualifier in Taiwan,Taiwan,Turkmenistan,861,1259,1,3,-9,9,852,1268,206,144,-1,1,205,145,40,100,-298
23490,Mar 26 2017,Friendly in Zimbabwe,Zimbabwe,Zambia,1406,1444,0,0,-2,2,1404,1446,107,96,0,0,107,96,20,100,62
23491,Mar 27 2017,Friendly in Morocco,Gambia,Central African Republic,1279,1296,2,1,10,-10,1289,1286,131,139,4,-3,135,136,20,0,-17
23492,Mar 27 2017,Friendly in France,Ivory Coast,Senegal,1697,1710,1,1,0,0,1697,1710,40,36,0,0,40,36,20,0,-13
23493,Mar 27 2017,Friendly in Mauritania,Mauritania,Congo,1314,1428,2,1,10,-10,1324,1418,124,108,2,-4,126,104,20,100,-14
23494,Mar 27 2017,Friendly in Turkey,Turkey,Moldova,1793,1345,3,1,1,-1,1794,1344,20,121,0,-1,20,120,20,100,548
23495,Mar 28 2017,Asian Cup qualifier in Tajikistan,Afghanistan,Vietnam,1149,1275,1,1,7,-7,1156,1268,170,147,0,-3,170,144,40,0,-126
23496,Mar 28 2017,Friendly in Albania,Albania,Bosnia and Herzegovina,1577,1756,1,2,-8,8,1569,1764,67,27,-1,2,66,29,20,100,-79
23497,Mar 28 2017,World Cup qualifier in Australia,Australia,United Arab Emirates,1698,1560,2,0,12,-12,1710,1548,34,76,2,-3,36,73,40,100,238
23498,Mar 28 2017,Friendly in Austria,Austria,Finland,1690,1544,1,1,-6,6,1684,1550,39,70,1,2,40,72,20,100,246
23499,Mar 28 2017,Asian Cup qualifier in Bahrain,Bahrain,Singapore,1423,1104,0,0,-17,17,1406,1121,107,173,-2,2,105,175,40,100,419
23500,Mar 28 2017,World Cup qualifier in Bolivia,Bolivia,Argentina,1629,2056,2,0,52,-52,1681,2004,31,4,12,-1,43,3,40,100,-327
23501,Mar 28 2017,World Cup qualifier in Brazil,Brazil,Paraguay,2119,1725,3,0,4,-4,2123,1721,1,34,0,0,1,34,40,100,494
23502,Mar 28 2017,World Cup qualifier in Chile,Chile,Venezuela,1974,1686,3,1,6,-6,1980,1680,6,48,0,-3,6,45,40,100,388
23503,Mar 28 2017,World Cup qualifier in Ecuador,Ecuador,Colombia,1831,1929,0,2,-30,30,1801,1959,20,4,-1,3,19,7,40,100,2
23504,Mar 28 2017,Friendly in Egypt,Egypt,Togo,1680,1394,3,0,3,-3,1683,1391,38,109,3,0,41,109,20,100,386
23505,Mar 28 2017,Friendly in Estonia,Estonia,Croatia,1442,1889,3,0,31,-31,1473,1858,75,19,11,-3,86,16,20,100,-347
23506,Mar 28 2017,Friendly in France,France,Spain,2010,1984,0,2,-20,20,1990,2004,6,1,-1,2,5,3,20,100,126
23507,Mar 28 2017,Friendly in Georgia,Georgia,Latvia,1452,1413,5,0,12,-12,1464,1401,84,109,5,-2,89,107,20,100,139
23508,Mar 28 2017,Friendly in Belgium,Guinea,Cameroon,1494,1698,2,1,15,-15,1509,1683,81,44,2,-3,83,41,20,0,-204
23509,Mar 28 2017,Friendly in Guyana,Guyana,Martinique,1193,1486,0,0,5,-5,1198,1481,165,84,0,1,165,85,20,100,-193
23510,Mar 28 2017,World Cup qualifier in Honduras,Honduras,Costa Rica,1592,1773,1,1,5,-5,1597,1768,62,29,0,-3,62,26,20,0,-181
23511,Mar 28 2017,World Cup qualifier in Iran,Iran,China,1770,1548,1,0,5,-5,1775,1543,26,75,-1,-1,25,74,40,100,322
23512,Mar 28 2017,Friendly in Ireland,Ireland,Iceland,1793,1770,0,1,-13,13,1780,1783,27,20,-3,2,24,22,20,100,123
23513,Mar 28 2017,World Cup qualifier in Japan,Japan,Thailand,1777,1391,4,0,4,-4,1781,1387,24,112,-1,-1,23,111,20,0,386
23514,Mar 28 2017,Asian Cup qualifier in Jordan,Jordan,Cambodia,1515,800,7,0,1,-1,1516,799,78,209,2,1,80,210,20,0,715
23515,Mar 28 2017,Asian Cup qualifier in Kyrgyzstan,Kyrgyzstan,Macao,1228,685,1,0,1,-1,1229,684,151,222,1,0,152,222,20,0,543
23516,Mar 28 2017,Asian Cup qualifier in Lebanon,Lebanon,Hong Kong,1367,1193,2,0,10,-10,1377,1183,113,169,2,-2,115,167,40,100,274
23517,Mar 28 2017,Friendly in Luxembourg,Luxembourg,Cape Verde,1242,1432,0,2,-11,11,1231,1443,147,99,2,0,149,99,20,100,-90
23518,Mar 28 2017,Friendly in Macedonia,Macedonia,Belarus,1425,1575,3,0,20,-20,1445,1555,95,74,3,-4,98,70,20,100,-50
23519,Mar 28 2017,Asian Cup qualifier in the Maldives,Maldives,Palestine,953,1344,0,3,-11,11,942,1355,199,116,-2,2,197,118,40,100,-291
23520,Mar 28 2017,African Nations Cup qualifier in Mauritius,Mauritius,Comoros,1068,1013,1,1,-8,8,1060,1021,184,185,0,1,184,186,40,100,155
23521,Mar 28 2017,Friendly in Morocco,Morocco,Tunisia,1614,1560,1,0,6,-6,1620,1554,56,72,1,-1,57,71,20,100,154
23522,Mar 28 2017,Friendly in Mozambique,Mozambique,Lesotho,1329,1219,1,0,5,-5,1334,1214,122,166,1,-5,123,161,20,100,210
23523,Mar 28 2017,Asian Cup qualifier in Myanmar,Myanmar,India,1081,1105,0,1,-24,24,1057,1129,189,172,-4,2,185,174,40,100,76
23524,Mar 28 2017,Friendly in the Netherlands,Netherlands,Italy,1843,1947,1,2,-10,10,1833,1957,19,9,-1,-1,18,8,20,100,-4
23525,Mar 28 2017,World Cup qualifier in New Zealand,New Zealand,Fiji,1563,1224,2,0,4,-4,1567,1220,65,159,2,-2,67,157,20,0,339
23526,Mar 28 2017,CONCACAF Champ qual in Nicaragua,Nicaragua,Haiti,1272,1522,3,0,49,-49,1321,1473,113,92,15,-6,128,86,40,100,-150
23527,Mar 28 2017,Asian Cup qualifier in Oman,Oman,Bhutan,1465,609,14,0,1,-1,1466,608,89,229,-1,0,88,229,30,0,856
23528,Mar 28 2017,World Cup qualifier in Panama,Panama,United States,1643,1753,1,1,1,-1,1644,1752,55,32,-2,0,53,32,40,100,-10
23529,Mar 28 2017,World Cup qualifier in Peru,Peru,Uruguay,1831,1888,2,1,18,-18,1849,1870,16,12,1,1,17,13,40,100,43
23530,Mar 28 2017,Asian Cup qualifier in the Philippines,Philippines,Nepal,1217,900,4,1,6,-6,1223,894,150,201,4,0,154,201,40,100,417
23531,Mar 28 2017,Friendly in Portugal,Portugal,Sweden,1939,1770,2,3,-16,16,1923,1786,14,18,-3,3,11,21,20,100,269
23532,Mar 28 2017,Friendly in Russia,Russia,Belgium,1671,1891,3,3,3,-3,1674,1888,49,12,-1,0,48,12,20,100,-120
23533,Mar 28 2017,World Cup qualifier in Saudi Arabia,Saudi Arabia,Iraq,1607,1500,1,0,9,-9,1616,1491,56,84,2,0,58,84,40,100,207
23534,Mar 28 2017,Friendly in South Africa,South Africa,Angola,1617,1214,0,0,-9,9,1608,1223,61,148,-2,6,59,154,20,100,503
23535,Mar 28 2017,World Cup qualifier in South Korea,South Korea,Syria,1759,1570,1,0,6,-6,1765,1564,27,68,1,0,28,68,40,100,289
23536,Mar 28 2017,African Nations Cup qualifier in South Sudan,South Sudan,Djibouti,1065,801,6,0,9,-9,1074,792,181,214,2,-2,183,212,40,100,364
23537,Mar 28 2017,World Cup qualifier in Tahiti,Tahiti,Papua New Guinea,1252,1098,1,2,-32,32,1220,1130,165,167,-8,6,157,173,40,100,254
23538,Mar 28 2017,Friendly in Tanzania,Tanzania,Burundi,1329,1313,2,1,7,-7,1336,1306,120,135,2,-3,122,132,20,100,116
23539,Mar 28 2017,World Cup qualifier in Trinidad and Tobago,Trinidad and Tobago,Mexico,1461,1930,0,1,-4,4,1457,1934,100,9,-6,0,94,9,40,100,-369
23540,Mar 28 2017,World Cup qualifier in Uzbekistan,Uzbekistan,Qatar,1635,1540,1,0,10,-10,1645,1530,51,75,1,0,52,75,40,100,195
23541,Mar 28 2017,Asian Cup qualifier in Qatar,Yemen,Tajikistan,1199,1253,2,1,23,-23,1222,1230,148,154,8,-3,156,151,40,0,-54
23542,Apr 26 2017,Friendly in Martinique,Martinique,Guadeloupe,1481,1279,4,1,5,-5,1486,1274,85,143,0,-1,85,142,20,100,302
23543,Apr 29 2017,Friendly in Grenada,Grenada,Trinidad and Tobago,1119,1457,2,2,6,-6,1125,1451,174,96,1,-1,175,95,20,100,-238
23544,Apr 29 2017,Friendly in Italy,Monaco,Vatican,909,686,0,0,-6,6,903,692,201,217,-1,2,200,219,20,0,223
23545,May 6 2017,Friendly in Saint Kitts and Nevis,Saint Kitts and Nevis,Barbados,1265,1149,2,1,4,-4,1269,1145,140,171,3,0,143,171,20,100,216
23546,May 17 2017,Friendly in Guadeloupe,Guadeloupe,Dominica,1274,958,2,2,-8,8,1266,966,150,190,-4,2,146,192,20,100,416
23547,May 25 2017,Friendly in Fiji,Fiji,Solomon Islands,1220,1134,1,1,-5,5,1215,1139,161,172,-2,0,159,172,20,100,186
23548,May 26 2017,Friendly in Swaziland,Swaziland,Lesotho,1334,1214,1,0,4,-4,1338,1210,121,163,1,-1,122,162,20,100,220
23549,May 27 2017,Friendly in the United States,Croatia,Mexico,1858,1934,2,1,12,-12,1870,1922,10,13,3,-2,13,11,20,0,-76
23550,May 27 2017,Friendly in the United States,El Salvador,Honduras,1426,1597,2,2,5,-5,1431,1592,101,62,0,0,101,62,20,0,-171
23551,May 28 2017,Friendly in Fiji,Fiji,Solomon Islands,1215,1139,1,0,5,-5,1220,1134,157,172,1,0,158,172,20,100,176
23552,May 28 2017,Friendly in Swaziland,Swaziland,Lesotho,1338,1210,0,1,-16,16,1322,1226,132,146,-5,8,127,154,20,100,228
23553,May 31 2017,Friendly in Italy,Italy,San Marino,1957,858,8,0,0,0,1957,858,8,204,0,0,8,204,20,0,1099
23554,May 31 2017,Friendly in Morocco,Morocco,Netherlands,1620,1833,1,2,-7,7,1613,1840,59,18,-1,0,58,18,20,100,-113
23555,Jun 1 2017,Friendly in Iraq,Iraq,Jordan,1491,1516,1,0,8,-8,1499,1508,84,86,0,-3,84,83,20,100,75
23556,Jun 1 2017,Friendly in the United States,Mexico,Ireland,1922,1780,3,1,9,-9,1931,1771,7,26,2,-1,9,25,20,0,142
23557,Jun 1 2017,Friendly in France,Nigeria,Togo,1670,1391,3,0,6,-6,1676,1385,47,115,1,-3,48,112,20,0,279
23558,Jun 1 2017,Friendly in Switzerland,Switzerland,Belarus,1859,1555,1,0,2,-2,1861,1553,16,72,0,-1,16,71,20,100,404
23559,Jun 2 2017,Friendly in Chile,Chile,Burkina Faso,1980,1608,3,0,2,-2,1982,1606,6,61,0,-1,6,60,20,100,472
23560,Jun 2 2017,Friendly in France,France,Paraguay,1990,1721,5,0,4,-4,1994,1717,5,36,0,-1,5,35,20,100,369
23561,Jun 2 2017,Friendly in Nicaragua,Nicaragua,Bolivia,1321,1681,0,1,-4,4,1317,1685,130,37,-1,3,129,40,20,100,-260
23562,Jun 2 2017,Friendly in Northern Ireland,Northern Ireland,New Zealand,1663,1567,1,0,5,-5,1668,1562,49,69,1,-1,50,68,20,100,196
23563,Jun 2 2017,Friendly in Oman,Oman,Syria,1466,1564,1,1,0,0,1466,1564,88,66,0,1,88,67,20,100,2
23564,Jun 3 2017,Friendly in Ethiopia,Ethiopia,Uganda,1301,1461,0,0,2,-2,1303,1459,133,94,0,-2,133,92,20,100,-60
23565,Jun 3 2017,Friendly in Portugal,Portugal,Cyprus,1923,1413,4,0,1,-1,1924,1412,11,104,0,0,11,104,20,100,610
23566,Jun 3 2017,Friendly in the United States,United States,Venezuela,1752,1680,1,1,-5,5,1747,1685,32,35,0,5,32,40,20,100,172
23567,Jun 4 2017,Friendly in Armenia,Armenia,Saint Kitts and Nevis,1516,1269,5,0,5,-5,1521,1264,80,150,0,-4,80,146,20,100,347
23568,Jun 4 2017,Friendly in Gabon,Gabon,Zambia,1447,1446,0,0,-3,3,1444,1449,100,95,-2,1,98,96,20,100,101
23569,Jun 4 2017,Friendly in Ireland,Ireland,Uruguay,1771,1870,3,1,15,-15,1786,1855,17,19,4,-3,21,16,20,100,1
23570,Jun 4 2017,Friendly in South Africa,Lesotho,Mauritania,1226,1324,1,0,13,-13,1239,1311,146,133,4,-4,150,129,20,0,-98
23571,Jun 4 2017,Friendly in Luxembourg,Luxembourg,Albania,1231,1569,2,1,16,-16,1247,1553,147,74,1,-4,148,70,20,100,-238
23572,Jun 4 2017,Friendly in Montenegro,Montenegro,Iran,1585,1775,1,2,-7,7,1578,1782,65,24,-1,0,64,24,20,100,-90
23573,Jun 4 2017,Friendly in the Netherlands,Netherlands,Ivory Coast,1840,1697,5,0,8,-8,1848,1689,18,39,0,0,18,39,20,100,243
23574,Jun 4 2017,Friendly in France,Togo,Comoros,1385,1021,2,0,3,-3,1388,1018,108,188,2,-1,110,187,20,0,364
23575,Jun 5 2017,Friendly in Belgium,Belgium,Czechia,1888,1703,2,1,3,-3,1891,1700,12,38,0,0,12,38,20,100,285
23576,Jun 5 2017,Friendly in Morocco,DR Congo,Botswana,1583,1282,2,0,5,-5,1588,1277,63,140,0,0,63,140,20,0,301
23577,Jun 5 2017,Friendly in Egypt,Egypt,Libya,1683,1461,1,0,3,-3,1686,1458,39,94,2,-2,41,92,20,100,322
23578,Jun 5 2017,Friendly in Hungary,Hungary,Russia,1681,1674,0,3,-23,23,1658,1697,57,29,-6,10,51,39,20,100,107
23579,Jun 5 2017,Friendly in Liberia,Liberia,Sierra Leone,1319,1372,1,0,9,-9,1328,1363,123,117,2,0,125,117,20,100,47
23580,Jun 5 2017,Friendly in Macedonia,Macedonia,Turkey,1445,1794,0,0,6,-6,1451,1788,93,20,2,0,95,20,20,100,-249
23581,Jun 5 2017,Friendly in Senegal,Senegal,Uganda,1710,1459,0,0,-8,8,1702,1467,38,84,-1,4,37,88,20,100,351
23582,Jun 6 2017,Friendly in the United Arab Emirates,Afghanistan,Maldives,1156,942,2,1,5,-5,1161,937,166,197,2,0,168,197,20,0,214
23583,Jun 6 2017,Friendly in Algeria,Algeria,Guinea,1604,1509,2,1,5,-5,1609,1504,57,84,2,-1,59,83,20,100,195
23584,Jun 6 2017,Friendly in Bahrain,Bahrain,Palestine,1406,1355,0,2,-21,21,1385,1376,117,114,-6,2,111,116,20,100,151
23585,Jun 6 2017,Friendly in Denmark,Denmark,Germany,1720,2047,1,1,6,-6,1726,2041,34,2,0,0,34,2,20,100,-227
23586,Jun 6 2017,Friendly in India,India,Nepal,1129,894,2,0,4,-4,1133,890,172,201,1,0,173,201,20,100,335
23587,Jun 6 2017,Friendly in Israel,Israel,Moldova,1622,1344,1,1,-8,8,1614,1352,58,119,-1,1,57,120,20,100,378
23588,Jun 6 2017,Friendly in Qatar,Qatar,North Korea,1530,1523,2,2,-3,3,1527,1526,77,76,-1,1,76,77,20,100,107
23589,Jun 6 2017,Friendly in Singapore,Singapore,Myanmar,1121,1057,1,1,-4,4,1117,1061,176,183,0,1,176,184,20,100,164
23590,Jun 6 2017,Friendly in Austria,Ukraine,Malta,1760,1211,0,1,-19,19,1741,1230,36,142,-3,10,33,152,20,0,549
23591,Jun 6 2017,Friendly in Uzbekistan,Uzbekistan,Thailand,1645,1387,2,0,3,-3,1648,1384,52,113,0,-1,52,112,20,100,358
23592,Jun 7 2017,Friendly in Bolivia,Bolivia,Nicaragua,1685,1317,3,2,1,-1,1686,1316,40,128,1,0,41,128,20,100,468
23593,Jun 7 2017,Friendly in China,China,Philippines,1543,1223,8,1,4,-4,1547,1219,72,164,1,-4,73,160,20,100,420
23594,Jun 7 2017,World Cup qualifier in Fiji,Fiji,New Caledonia,1220,1323,2,2,0,0,1220,1323,157,126,1,0,158,126,20,100,-3
23595,Jun 7 2017,Friendly in Finland,Finland,Liechtenstein,1550,1157,1,1,-9,9,1541,1166,76,166,-2,2,74,168,20,100,493
23596,Jun 7 2017,Friendly in Georgia,Georgia,Saint Kitts and Nevis,1464,1264,3,0,5,-5,1469,1259,86,146,2,0,88,146,20,100,300
23597,Jun 7 2017,Friendly in Ghana,Ghana,Gambia,1571,1289,2,1,2,-2,1573,1287,65,136,0,0,65,136,20,100,382
23598,Jun 7 2017,Friendly in Hong Kong,Hong Kong,Jordan,1183,1508,0,0,6,-6,1189,1502,167,86,0,-2,167,84,20,100,-225
23599,Jun 7 2017,Friendly in the United Arab Emirates,Iraq,South Korea,1499,1765,0,0,6,-6,1505,1759,80,30,2,-1,82,29,20,0,-266
23600,Jun 7 2017,Friendly in France,Italy,Uruguay,1957,1855,3,0,13,-13,1970,1842,6,20,1,-2,7,18,20,0,102
23601,Jun 7 2017,Friendly in Japan,Japan,Syria,1781,1564,1,1,-7,7,1774,1571,25,66,0,0,25,66,20,100,317
23602,Jun 7 2017,Friendly in Spain,Spain,Colombia,2004,1959,2,2,-4,4,2000,1963,5,9,-1,-1,4,8,20,100,145
23603,Jun 7 2017,Friendly in Malaysia,United Arab Emirates,Laos,1548,805,4,0,1,-1,1549,804,71,208,1,0,72,208,20,0,743
23604,Jun 8 2017,World Cup qualifier in Australia,Australia,Saudi Arabia,1710,1616,3,2,10,-10,1720,1606,34,64,1,-4,35,60,40,100,194
23605,Jun 8 2017,Friendly in Cambodia,Cambodia,Indonesia,799,1231,0,2,-4,4,795,1235,212,151,-1,0,211,151,20,100,-332
23606,Jun 8 2017,World Cup qualifier in Costa Rica,Costa Rica,Panama,1768,1644,0,0,-11,11,1757,1655,32,51,-3,1,29,52,40,100,224
23607,Jun 8 2017,Friendly in the United States,Ecuador,Venezuela,1801,1685,1,1,-3,3,1798,1688,19,39,0,2,19,41,20,0,116
23608,Jun 8 2017,Friendly in Grenada,Grenada,Bermuda,1125,1201,2,2,-1,1,1124,1202,175,164,0,0,175,164,20,100,24
23609,Jun 8 2017,World Cup qualifier in Mexico,Mexico,Honduras,1931,1592,3,0,5,-5,1936,1587,9,64,0,-1,9,63,40,100,439
23610,Jun 8 2017,Friendly in Peru,Peru,Paraguay,1849,1717,1,0,4,-4,1853,1713,16,37,0,-1,16,36,20,100,232
23611,Jun 8 2017,World Cup qualifier in the United States,United States,Trinidad and Tobago,1747,1451,2,0,6,-6,1753,1445,31,99,0,-2,31,97,40,100,396
23612,Jun 9 2017,World Cup qualifier in Andorra,Andorra,Hungary,983,1658,1,0,39,-39,1022,1619,181,57,5,-3,186,54,40,0,-675
23613,Jun 9 2017,Friendly in Australia,Argentina,Brazil,2004,2123,1,0,13,-13,2017,2110,3,1,0,0,3,1,20,0,-119
23614,Jun 9 2017,World Cup qualifier in Belarus,Belarus,Bulgaria,1553,1632,2,1,19,-19,1572,1613,62,57,4,-1,66,56,40,100,21
23615,Jun 9 2017,World Cup qualifier in Bosnia and Herzegovina,Bosnia and Herzegovina,Greece,1764,1668,0,0,-10,10,1754,1678,33,45,-3,2,30,47,40,100,196
23616,Jun 9 2017,World Cup qualifier in Portugal,Cyprus,Gibraltar,1412,1096,2,1,6,-6,1418,1090,102,180,1,0,103,180,40,0,316
23617,Jun 9 2017,World Cup qualifier in Estonia,Estonia,Belgium,1473,1891,0,2,-8,8,1465,1899,94,12,-4,0,90,12,40,100,-318
23618,Jun 9 2017,World Cup qualifier in the Faroe Islands,Faroe Islands,Switzerland,1284,1861,0,2,-4,4,1280,1865,140,13,-1,1,139,14,40,100,-477
23619,Jun 9 2017,World Cup qualifier in Latvia,Latvia,Portugal,1401,1924,0,3,-6,6,1395,1930,108,9,-1,1,107,10,40,100,-423
23620,Jun 9 2017,African Nations Cup qualifier in Egypt,Libya,Seychelles,1458,959,5,1,4,-4,1462,955,90,194,1,0,91,194,40,0,499
23621,Jun 9 2017,World Cup qualifier in the Netherlands,Netherlands,Luxembourg,1848,1247,5,0,1,-1,1849,1246,17,146,0,1,17,147,20,0,601
23622,Jun 9 2017,Friendly in Russia,Russia,Chile,1697,1982,1,1,5,-5,1702,1977,35,4,2,1,37,5,20,100,-185
23623,Jun 9 2017,World Cup qualifier in the Solomon Islands,Solomon Islands,Papua New Guinea,1134,1130,3,2,14,-14,1148,1116,170,178,1,-2,171,176,40,100,104
23624,Jun 9 2017,African Nations Cup qualifier in Sudan,Sudan,Madagascar,1284,1269,1,3,-40,40,1244,1309,160,118,-11,12,149,130,40,100,115
23625,Jun 9 2017,World Cup qualifier in Sweden,Sweden,France,1786,1994,2,1,26,-26,1812,1968,17,9,2,-2,19,7,40,100,-108
23626,Jun 10 2017,World Cup qualifier in Azerbaijan,Azerbaijan,Northern Ireland,1436,1668,0,1,-13,13,1423,1681,102,42,-1,4,101,46,40,100,-132
23627,Jun 10 2017,African Nations Cup qualifier in Botswana,Botswana,Mauritania,1277,1311,0,1,-24,24,1253,1335,152,119,-6,5,146,124,40,100,66
23628,Jun 10 2017,African Nations Cup qualifier in Burkina Faso,Burkina Faso,Angola,1606,1223,3,1,4,-4,1610,1219,56,162,2,-3,58,159,30,0,383
23629,Jun 10 2017,African Nations Cup qualifier in Burundi,Burundi,South Sudan,1306,1074,3,0,9,-9,1315,1065,127,183,3,0,130,183,40,100,332
23630,Jun 10 2017,African Nations Cup qualifier in Cameroon,Cameroon,Morocco,1683,1613,1,0,11,-11,1694,1602,35,66,5,-5,40,61,40,100,170
23631,Jun 10 2017,African Nations Cup qualifier in the Dem Rep of the Congo,DR Congo,Congo,1588,1418,3,1,10,-10,1598,1408,62,105,0,-1,62,104,40,100,270
23632,Jun 10 2017,World Cup qualifier in Germany,Germany,San Marino,2041,858,7,0,0,0,2041,858,2,206,0,-1,2,205,20,0,1183
23633,Jun 10 2017,Friendly in Grenada,Grenada,Bermuda,1124,1202,1,2,-11,11,1113,1213,176,162,-1,1,175,163,20,100,22
23634,Jun 10 2017,African Nations Cup qualifier in Guinea-Bissau,Guinea-Bissau,Namibia,1275,1374,1,0,20,-20,1295,1354,129,121,6,-2,135,119,40,100,1
23635,Jun 10 2017,African Nations Cup qualifier in Ivory Coast,Ivory Coast,Guinea,1689,1504,2,3,-34,34,1655,1538,58,67,-9,8,49,75,40,100,285
23636,Jun 10 2017,World Cup qualifier in Kazakhstan,Kazakhstan,Denmark,1381,1726,1,3,-12,12,1369,1738,120,34,-3,0,117,34,40,100,-245
23637,Jun 10 2017,World Cup qualifier in Lithuania,Lithuania,Slovakia,1458,1757,1,2,-10,10,1448,1767,97,26,-2,1,95,27,40,100,-199
23638,Jun 10 2017,African Nations Cup qualifier in Malawi,Malawi,Comoros,1334,1018,1,0,3,-3,1337,1015,123,188,0,0,123,188,20,0,316
23639,Jun 10 2017,African Nations Cup qualifier in Mali,Mali,Gabon,1523,1444,2,1,11,-11,1534,1433,73,98,3,0,76,98,40,100,179
23640,Jun 10 2017,World Cup qualifier in Montenegro,Montenegro,Armenia,1578,1521,4,1,20,-20,1598,1501,60,88,2,-4,62,84,40,100,157
23641,Jun 10 2017,African Nations Cup qualifier in Niger,Niger,Swaziland,1294,1322,0,0,-4,4,1290,1326,139,125,-2,1,137,126,40,100,72
23642,Jun 10 2017,African Nations Cup qualifier in Nigeria,Nigeria,South Africa,1676,1608,0,2,-43,43,1633,1651,59,43,-5,8,54,51,40,100,168
23643,Jun 10 2017,World Cup qualifier in Norway,Norway,Czechia,1560,1700,1,1,2,-2,1562,1698,67,39,1,0,68,39,30,100,-40
23644,Jun 10 2017,World Cup qualifier in Poland,Poland,Romania,1863,1678,3,1,10,-10,1873,1668,11,49,2,-1,13,48,40,100,285
23645,Jun 10 2017,World Cup qualifier in Scotland,Scotland,England,1679,1926,2,2,8,-8,1687,1918,38,11,4,0,42,11,40,100,-147
23646,Jun 10 2017,African Nations Cup qualifier in Senegal,Senegal,Equatorial Guinea,1702,1345,3,0,5,-5,1707,1340,37,123,0,-1,37,122,40,100,457
23647,Jun 10 2017,African Nations Cup qualifier in Sierra Leone,Sierra Leone,Kenya,1363,1401,2,1,16,-16,1379,1385,110,114,4,-4,114,110,40,100,62
23648,Jun 10 2017,Asian Cup qualifier in Singapore,Singapore,Taiwan,1117,852,1,2,-36,36,1081,888,185,199,-5,3,180,202,40,100,365
23649,Jun 10 2017,World Cup qualifier in Slovenia,Slovenia,Malta,1639,1230,2,0,3,-3,1642,1227,53,156,0,-2,53,154,20,0,409
23650,Jun 10 2017,African Nations Cup qualifier in Tanzania,Tanzania,Lesotho,1336,1239,1,1,-10,10,1326,1249,130,144,-4,3,126,147,40,100,197
23651,Jun 10 2017,African Nations Cup qualifier in Zambia,Zambia,Mozambique,1449,1334,0,1,-31,31,1418,1365,108,113,-6,5,102,118,40,100,215
23652,Jun 11 2017,African Nations Cup qualifier in Algeria,Algeria,Togo,1609,1388,1,0,5,-5,1614,1383,53,114,3,-3,56,111,40,100,321
23653,Jun 11 2017,African Nations Cup qualifier in Benin,Benin,Gambia,1386,1287,1,0,10,-10,1396,1277,103,142,3,-2,106,140,40,100,199
23654,Jun 11 2017,African Nations Cup qualifier in Cape Verde,Cape Verde,Uganda,1443,1467,0,1,-24,24,1419,1491,107,82,-5,3,102,85,40,100,76
23655,Jun 11 2017,African Nations Cup qualifier in Central African Republic,Central African Republic,Rwanda,1286,1309,2,1,16,-16,1302,1293,127,141,6,-5,133,136,30,0,-23
23656,Jun 11 2017,World Cup qualifier in Finland,Finland,Ukraine,1541,1741,1,2,-14,14,1527,1755,80,29,-3,2,77,31,40,100,-100
23657,Jun 11 2017,African Nations Cup qualifier in Ghana,Ghana,Ethiopia,1573,1303,5,0,8,-8,1581,1295,65,134,0,0,65,134,40,100,370
23658,Jun 11 2017,World Cup qualifier in Iceland,Iceland,Croatia,1783,1870,1,0,19,-19,1802,1851,17,18,3,-2,20,16,30,0,-87
23659,Jun 11 2017,World Cup qualifier in Ireland,Ireland,Austria,1786,1684,1,1,-10,10,1776,1694,26,35,-2,5,24,40,40,100,202
23660,Jun 11 2017,World Cup qualifier in Israel,Israel,Albania,1614,1553,0,3,-50,50,1564,1603,82,49,-13,11,69,60,40,100,161
23661,Jun 11 2017,World Cup qualifier in Italy,Italy,Liechtenstein,1970,1166,5,0,0,0,1970,1166,6,168,0,0,6,168,20,0,804
23662,Jun 11 2017,World Cup qualifier in Albania,Kosovo,Turkey,1389,1788,1,4,-6,6,1383,1794,115,23,-4,-1,111,22,40,0,-399
23663,Jun 11 2017,World Cup qualifier in Macedonia,Macedonia,Spain,1451,2000,1,2,-3,3,1448,2003,94,4,0,0,94,4,40,100,-449
23664,Jun 11 2017,World Cup qualifier in Mexico,Mexico,United States,1936,1753,1,1,-13,13,1923,1766,11,25,-1,3,10,28,40,100,283
23665,Jun 11 2017,World Cup qualifier in Moldova,Moldova,Georgia,1352,1469,2,2,1,-1,1353,1468,119,89,1,-1,120,88,30,100,-17
23666,Jun 11 2017,World Cup qualifier in New Caledonia,New Caledonia,Fiji,1323,1220,2,1,9,-9,1332,1211,122,169,3,-6,125,163,40,100,203
23667,Jun 11 2017,World Cup qualifier in Serbia,Serbia,Wales,1745,1768,1,1,-4,4,1741,1772,34,26,-1,0,33,26,40,100,77
23668,Jun 11 2017,African Nations Cup qualifier in Tunisia,Tunisia,Egypt,1554,1686,1,0,22,-22,1576,1664,62,53,4,-5,66,48,40,100,-32
23669,Jun 11 2017,African Nations Cup qualifier in Zimbabwe,Zimbabwe,Liberia,1404,1328,3,0,19,-19,1423,1309,95,135,5,-5,100,130,40,100,176
23670,Jun 12 2017,Friendly in Belarus,Belarus,New Zealand,1572,1562,1,0,7,-7,1579,1555,65,72,1,-1,66,71,20,100,110
23671,Jun 12 2017,World Cup qualifier in Iran,Iran,Uzbekistan,1782,1648,2,0,12,-12,1794,1636,21,54,1,-1,22,53,40,100,234
23672,Jun 12 2017,Friendly in Latvia,Latvia,Estonia,1395,1465,1,2,-11,11,1384,1476,111,84,-2,3,109,87,20,100,30
23673,Jun 13 2017,Friendly in Australia,Australia,Brazil,1720,2110,0,4,-6,6,1714,2116,35,1,0,0,35,1,20,100,-290
23674,Jun 13 2017,Asian Cup qualifier in Bhutan,Bhutan,Maldives,608,937,0,2,-13,13,595,950,231,193,-1,2,230,195,40,100,-229
23675,Jun 13 2017,Asian Cup qualifier in Cambodia,Cambodia,Afghanistan,795,1161,1,0,33,-33,828,1128,205,177,3,-4,208,173,40,100,-266
23676,Jun 13 2017,Friendly in Canada,Canada,Curaçao,1530,1227,2,1,2,-2,1532,1225,78,154,-1,0,77,154,20,100,403
23677,Jun 13 2017,Friendly in Spain,Colombia,Cameroon,1963,1694,4,0,7,-7,1970,1687,4,44,2,-2,6,42,20,0,269
23678,Jun 13 2017,World Cup qualifier in Costa Rica,Costa Rica,Trinidad and Tobago,1757,1445,2,1,3,-3,1760,1442,28,96,1,0,29,96,20,0,312
23679,Jun 13 2017,Friendly in the United States,Ecuador,El Salvador,1798,1431,3,0,4,-4,1802,1427,19,100,1,-1,20,99,20,0,367
23680,Jun 13 2017,Friendly in France,France,England,1968,1918,3,2,6,-6,1974,1912,3,11,2,0,5,11,20,100,150
23681,Jun 13 2017,Asian Cup qualifier in Hong Kong,Hong Kong,North Korea,1189,1526,1,1,12,-12,1201,1514,163,83,2,-2,165,81,40,100,-237
23682,Jun 13 2017,Asian Cup qualifier in India,India,Kyrgyzstan,1133,1229,1,0,20,-20,1153,1209,169,171,2,-9,171,162,40,100,4
23683,Jun 13 2017,Friendly in Indonesia,Indonesia,Puerto Rico,1235,1021,0,0,-7,7,1228,1028,153,185,-1,1,152,186,20,100,314
23684,Jun 13 2017,World Cup qualifier in Iran,Iraq,Japan,1505,1774,1,1,13,-13,1518,1761,78,31,2,-3,80,28,40,0,-269
23685,Jun 13 2017,Asian Cup qualifier in Macao,Macao,Myanmar,684,1061,0,4,-13,13,671,1074,224,182,-1,1,223,183,40,100,-277
23686,Jun 13 2017,Asian Cup qualifier in Malaysia,Malaysia,Lebanon,1111,1377,1,2,-11,11,1100,1388,178,103,-1,6,177,109,40,100,-166
23687,Jun 13 2017,Asian Cup qualifier in Nepal,Nepal,Yemen,890,1222,0,0,12,-12,902,1210,201,166,0,-5,201,161,40,100,-232
23688,Jun 13 2017,Friendly in Norway,Norway,Sweden,1562,1812,1,1,4,-4,1566,1808,68,19,1,0,69,19,20,100,-150
23689,Jun 13 2017,Asian Cup qualifier in Palestine,Palestine,Oman,1376,1466,2,1,19,-19,1395,1447,100,100,8,-5,108,95,30,0,-90
23690,Jun 13 2017,World Cup qualifier in Panama,Panama,Honduras,1655,1587,2,2,-9,9,1646,1596,51,64,-1,0,50,64,40,100,168
23691,Jun 13 2017,World Cup qualifier in Papua New Guinea,Papua New Guinea,Solomon Islands,1116,1148,1,2,-24,24,1092,1172,182,165,-4,3,178,168,40,100,68
23692,Jun 13 2017,Friendly in Peru,Peru,Jamaica,1853,1526,3,1,2,-2,1855,1524,15,79,0,0,15,79,20,100,427
23693,Jun 13 2017,World Cup qualifier in Qatar,Qatar,South Korea,1527,1759,3,2,27,-27,1554,1732,67,39,5,-5,72,34,40,100,-132
23694,Jun 13 2017,Friendly in Romania,Romania,Chile,1668,1977,3,2,15,-15,1683,1962,43,11,2,-3,45,8,20,100,-209
23695,Jun 13 2017,Friendly in Singapore,Singapore,Argentina,1081,2017,0,6,0,0,1081,2017,180,3,0,0,180,3,20,0,-936
23696,Jun 13 2017,Friendly in South Africa,South Africa,Zambia,1651,1418,1,2,-17,17,1634,1435,55,91,-2,6,53,97,20,100,333
23697,Jun 13 2017,World Cup qualifier in Malaysia,Syria,China,1571,1547,2,2,-1,1,1570,1548,68,73,0,0,68,73,20,0,24
23698,Jun 13 2017,Asian Cup qualifier in Tajikistan,Tajikistan,Philippines,1230,1219,3,4,-26,26,1204,1245,174,140,-11,9,163,149,40,100,111
23699,Jun 13 2017,World Cup qualifier in Thailand,Thailand,United Arab Emirates,1384,1549,1,1,4,-4,1388,1545,109,76,0,-2,109,74,20,0,-165
23700,Jun 13 2017,Asian Cup qualifier in Turkmenistan,Turkmenistan,Bahrain,1268,1385,1,2,-19,19,1249,1404,151,105,-5,1,146,106,40,100,-17
23701,Jun 13 2017,Asian Cup qualifier in Vietnam,Vietnam,Jordan,1268,1502,0,0,7,-7,1275,1495,141,85,0,-1,141,84,40,100,-134
23702,Jun 17 2017,Friendly in Curaçao,Curaçao,Nicaragua,1225,1316,0,0,0,0,1225,1316,154,128,0,0,154,128,20,100,9
23703,Jun 17 2017,Friendly in French Guiana,French Guiana,Barbados,1353,1145,3,0,5,-5,1358,1140,118,172,1,0,119,172,20,100,308
23704,Jun 17 2017,Confederations Cup in Russia,Russia,New Zealand,1702,1555,2,0,15,-15,1717,1540,32,77,3,-3,35,74,50,100,247
23705,Jun 18 2017,Confederations Cup in Russia,Chile,Cameroon,1962,1687,2,0,13,-13,1975,1674,2,52,3,-5,5,47,50,0,275
23706,Jun 18 2017,Confederations Cup in Russia,Mexico,Portugal,1923,1930,2,2,1,-1,1924,1929,10,9,0,0,10,9,50,0,-7
23707,Jun 19 2017,Confederations Cup in Russia,Germany,Australia,2041,1714,3,2,7,-7,2048,1707,2,38,0,-1,2,37,50,0,327
23708,Jun 21 2017,Confederations Cup in Russia,Mexico,New Zealand,1924,1540,2,1,5,-5,1929,1535,10,76,0,-1,10,75,50,0,384
23709,Jun 21 2017,Confederations Cup in Russia,Russia,Portugal,1717,1929,0,1,-17,17,1700,1946,41,9,-3,0,38,9,50,100,-112
23710,Jun 22 2017,Confederations Cup in Russia,Australia,Cameroon,1707,1674,1,1,-2,2,1705,1676,38,47,-1,0,37,47,40,0,33
23711,Jun 22 2017,Confederations Cup in Russia,Chile,Germany,1975,2048,1,1,5,-5,1980,2043,5,2,0,0,5,2,50,0,-73
23712,Jun 22 2017,Caribbean Championship in Martinique,Jamaica,French Guiana,1524,1358,1,1,-9,9,1515,1367,81,117,-1,1,80,118,40,0,166
23713,Jun 22 2017,Caribbean Championship in Martinique,Martinique,Curaçao,1486,1225,1,2,-36,36,1450,1261,98,132,-6,11,92,143,40,100,361
23714,Jun 24 2017,Confederations Cup in Russia,Portugal,New Zealand,1946,1535,4,0,8,-8,1954,1527,9,79,0,-2,9,77,50,0,411
23715,Jun 24 2017,Confederations Cup in Russia,Russia,Mexico,1700,1929,1,2,-16,16,1684,1945,48,10,-5,0,43,10,50,100,-129
23716,Jun 25 2017,COSAFA Cup in South Africa,Angola,Mauritius,1219,1060,1,0,11,-11,1230,1049,150,185,3,0,153,185,40,0,159
23717,Jun 25 2017,Confederations Cup in Russia,Australia,Chile,1705,1980,1,1,16,-16,1721,1964,33,11,2,-3,35,8,50,0,-275
23718,Jun 25 2017,Caribbean Championship in Martinique,Curaçao,Jamaica,1261,1515,2,1,32,-32,1293,1483,129,90,7,-5,136,85,40,0,-254
23719,Jun 25 2017,Confederations Cup in Russia,Germany,Cameroon,2043,1676,3,1,8,-8,2051,1668,2,47,0,0,2,47,50,0,367
23720,Jun 25 2017,Caribbean Championship in Martinique,Martinique,French Guiana,1450,1367,0,1,-30,30,1420,1397,112,96,-10,11,102,107,40,100,183
23721,Jun 25 2017,COSAFA Cup in South Africa,Tanzania,Malawi,1326,1337,2,0,31,-31,1357,1306,114,141,6,-9,120,132,40,0,-11
23722,Jun 26 2017,COSAFA Cup in South Africa,Madagascar,Seychelles,1309,955,2,0,7,-7,1316,948,125,198,2,-2,127,196,40,0,354
23723,Jun 26 2017,COSAFA Cup in South Africa,Zimbabwe,Mozambique,1423,1365,4,0,31,-31,1454,1334,84,129,8,-5,92,124,40,0,58
23724,Jun 27 2017,COSAFA Cup in South Africa,Angola,Tanzania,1230,1357,0,0,7,-7,1237,1350,153,123,0,-2,153,121,40,0,-127
23725,Jun 27 2017,COSAFA Cup in South Africa,Malawi,Mauritius,1306,1049,0,0,-13,13,1293,1062,138,185,-3,0,135,185,40,0,257
23726,Jun 28 2017,Confederations Cup in Russia,Chile,Portugal,1964,1954,0,0,-1,1,1963,1955,8,9,0,0,8,9,40,0,10
23727,Jun 28 2017,Windward Islands Champ in Grenada,Grenada,Dominica,1113,966,1,1,-9,9,1104,975,176,192,-1,0,175,192,30,100,247
23728,Jun 28 2017,COSAFA Cup in South Africa,Madagascar,Zimbabwe,1316,1454,0,0,8,-8,1324,1446,127,98,0,-3,127,95,40,0,-138
23729,Jun 28 2017,Friendly in the United States,Mexico,Ghana,1945,1581,1,0,2,-2,1947,1579,10,65,0,0,10,65,20,0,364
23730,Jun 28 2017,COSAFA Cup in South Africa,Mozambique,Seychelles,1334,948,2,1,4,-4,1338,944,122,198,1,-1,123,197,40,0,386
23731,Jun 28 2017,Windward Islands Champ in Grenada,Saint Lucia,St Vincent & Grenadines,1103,1106,2,1,15,-15,1118,1091,172,181,2,-3,174,178,30,0,-3
23732,Jun 29 2017,COSAFA Cup in South Africa,Angola,Malawi,1237,1293,0,0,3,-3,1240,1290,153,141,0,-3,153,138,40,0,-56
23733,Jun 29 2017,Confederations Cup in Russia,Germany,Mexico,2051,1947,4,1,31,-31,2082,1916,2,10,0,0,2,10,50,0,104
23734,Jun 29 2017,COSAFA Cup in South Africa,Mauritius,Tanzania,1062,1350,1,1,14,-14,1076,1336,181,125,2,-2,183,123,40,0,-288
23735,Jun 30 2017,Windward Islands Champ in Grenada,Dominica,Barbados,975,1140,2,1,22,-22,997,1118,188,176,2,-2,190,174,30,0,-165
23736,Jun 30 2017,Windward Islands Champ in Grenada,Grenada,Saint Lucia,1104,1118,2,0,17,-17,1121,1101,171,176,2,-1,173,175,30,100,86
23737,Jun 30 2017,COSAFA Cup in South Africa,Madagascar,Mozambique,1324,1338,4,1,36,-36,1360,1302,111,140,8,-9,119,131,40,0,-14
23738,Jun 30 2017,COSAFA Cup in South Africa,Zimbabwe,Seychelles,1446,944,6,0,4,-4,1450,940,89,197,3,0,92,197,40,0,502
23739,Jul 1 2017,COSAFA Cup in South Africa,Lesotho,Namibia,1249,1354,0,0,6,-6,1255,1348,143,122,2,-1,145,121,40,0,-105
23740,Jul 1 2017,Friendly in the United States,Mexico,Paraguay,1916,1713,2,1,5,-5,1921,1708,10,36,0,0,10,36,20,0,203
23741,Jul 1 2017,Friendly in the United States,United States,Ghana,1766,1579,2,1,3,-3,1769,1576,25,67,1,-1,26,66,20,100,287
23742,Jul 1 2017,COSAFA Cup in South Africa,Zambia,Botswana,1435,1253,2,1,10,-10,1445,1243,95,158,1,-6,96,152,40,0,182
23743,Jul 2 2017,Confederations Cup in Russia,Germany,Chile,2082,1963,1,0,17,-17,2099,1946,2,10,0,-1,2,9,50,0,119
23744,Jul 2 2017,Confederations Cup in Russia,Portugal,Mexico,1955,1921,2,1,23,-23,1978,1898,1,14,4,-2,5,12,50,0,34
23745,Jul 2 2017,COSAFA Cup in South Africa,South Africa,Tanzania,1634,1336,0,1,-36,36,1598,1372,69,113,-8,5,61,118,40,100,398
23746,Jul 2 2017,COSAFA Cup in South Africa,Zimbabwe,Swaziland,1450,1326,2,1,13,-13,1463,1313,86,130,3,-2,89,128,40,0,124
23747,Jul 3 2017,Windward Islands Champ in Grenada,Barbados,Saint Lucia,1118,1101,1,1,-1,1,1117,1102,174,175,0,0,174,175,30,0,17
23748,Jul 3 2017,Windward Islands Champ in Grenada,Grenada,St Vincent & Grenadines,1121,1091,4,3,10,-10,1131,1081,171,180,1,-1,172,179,30,100,130
23749,Jul 3 2017,Friendly in the United States,Nicaragua,Canada,1316,1532,3,1,23,-23,1339,1509,122,86,2,-5,124,81,20,0,-216
23750,Jul 4 2017,Windward Islands Champ in Grenada,Dominica,Saint Lucia,997,1102,0,0,4,-4,1001,1098,190,177,0,-1,190,176,30,0,-105
23751,Jul 4 2017,COSAFA Cup in South Africa,Namibia,Swaziland,1348,1313,1,0,18,-18,1366,1295,118,136,2,-4,120,132,40,0,35
23752,Jul 4 2017,COSAFA Cup in South Africa,South Africa,Botswana,1598,1243,2,0,4,-4,1602,1239,59,154,1,-1,60,153,40,100,455
23753,Jul 4 2017,Windward Islands Champ in Grenada,St Vincent & Grenadines,Barbados,1081,1117,4,2,25,-25,1106,1092,169,180,5,-3,174,177,30,0,-36
23754,Jul 5 2017,COSAFA Cup in South Africa,Zambia,Tanzania,1445,1372,4,2,24,-24,1469,1348,82,126,7,-4,89,122,40,0,73
23755,Jul 5 2017,COSAFA Cup in South Africa,Zimbabwe,Lesotho,1463,1255,4,3,9,-9,1472,1246,87,149,1,-2,88,147,40,0,208
23756,Jul 6 2017,Windward Islands Champ in Grenada,Dominica,St Vincent & Grenadines,1001,1106,2,2,4,-4,1005,1102,188,174,1,0,189,174,30,0,-105
23757,Jul 6 2017,Windward Islands Champ in Grenada,Grenada,Barbados,1131,1092,0,2,-31,31,1100,1123,178,169,-3,4,175,173,30,100,139
23758,Jul 7 2017,CONCACAF Championship in the United States,Canada,French Guiana,1509,1397,4,2,26,-26,1535,1371,69,127,6,-10,75,117,50,0,112
23759,Jul 7 2017,CONCACAF Championship in the United States,Costa Rica,Honduras,1760,1596,1,0,14,-14,1774,1582,21,64,4,0,25,64,50,0,164
23760,Jul 7 2017,COSAFA Cup in South Africa,Lesotho,Tanzania,1246,1348,0,0,6,-6,1252,1342,145,122,1,0,146,122,40,0,-102
23761,Jul 7 2017,COSAFA Cup in South Africa,South Africa,Namibia,1602,1366,1,0,5,-5,1607,1361,56,119,2,0,58,119,40,100,336
23762,Jul 8 2017,CONCACAF Championship in the United States,Martinique,Nicaragua,1420,1339,2,0,29,-29,1449,1310,86,130,8,-3,94,127,50,0,81
23763,Jul 8 2017,CONCACAF Championship in the United States,United States,Panama,1769,1646,1,1,-14,14,1755,1660,31,48,-2,1,29,49,50,100,223
23764,Jul 9 2017,CONCACAF Championship in the United States,Jamaica,Curaçao,1483,1293,2,0,19,-19,1502,1274,79,149,3,-7,82,142,50,0,190
23765,Jul 9 2017,CONCACAF Championship in the United States,Mexico,El Salvador,1898,1427,3,1,5,-5,1903,1422,10,104,1,-2,11,102,50,0,471
23766,Jul 9 2017,COSAFA Cup in South Africa,Zimbabwe,Zambia,1472,1469,3,1,30,-30,1502,1439,76,107,6,-9,82,98,40,0,3
23767,Jul 11 2017,CONCACAF Championship in the United States,Canada,Costa Rica,1535,1774,1,1,15,-15,1550,1759,69,31,3,-3,72,28,50,0,-239
23768,Jul 11 2017,CONCACAF Championship in the United States,French Guiana,Honduras,1371,1582,0,0,14,-14,1385,1568,105,72,6,-4,111,68,50,0,-211
23769,Jul 12 2017,CONCACAF Championship in the United States,Panama,Nicaragua,1660,1310,2,1,6,-6,1666,1304,47,131,1,-2,48,129,50,0,350
23770,Jul 12 2017,CONCACAF Championship in the United States,United States,Martinique,1755,1449,3,2,4,-4,1759,1445,27,99,1,-3,28,96,30,0,306
23771,Jul 13 2017,CONCACAF Championship in the United States,El Salvador,Curaçao,1422,1274,2,0,22,-22,1444,1252,92,148,5,-3,97,145,50,0,148
23772,Jul 13 2017,CONCACAF Championship in the United States,Jamaica,Mexico,1502,1903,0,0,20,-20,1522,1883,76,13,3,-1,79,12,50,0,-401
23773,Jul 14 2017,CONCACAF Championship in the United States,Canada,Honduras,1550,1568,0,0,1,-1,1551,1567,72,68,0,0,72,68,20,0,-18
23774,Jul 14 2017,CONCACAF Championship in the United States,Costa Rica,French Guiana,1759,1385,3,0,9,-9,1768,1376,24,123,2,-6,26,117,50,0,374
23775,Jul 14 2017,King's Cup in Thailand,Thailand,North Korea,1388,1514,3,0,28,-28,1416,1486,101,91,4,-5,105,86,30,100,-26
23776,Jul 15 2017,CONCACAF Championship in the United States,Panama,Martinique,1666,1445,3,0,19,-19,1685,1426,38,104,5,-4,43,100,50,0,221
23777,Jul 15 2017,CONCACAF Championship in the United States,United States,Nicaragua,1759,1304,3,0,3,-3,1762,1301,27,133,1,-2,28,131,40,100,555
23778,Jul 16 2017,CONCACAF Championship in the United States,El Salvador,Jamaica,1444,1522,1,1,6,-6,1450,1516,90,81,3,-1,93,80,50,0,-78
23779,Jul 16 2017,CONCACAF Championship in the United States,Mexico,Curaçao,1883,1252,2,0,2,-2,1885,1250,12,147,0,-1,12,146,40,0,631
23780,Jul 19 2017,CONCACAF Championship in the United States,Costa Rica,Panama,1768,1685,1,0,19,-19,1787,1666,22,53,2,-5,24,48,50,0,83
23781,Jul 19 2017,CONCACAF Championship in the United States,United States,El Salvador,1762,1450,2,0,6,-6,1768,1444,26,99,1,-3,27,96,30,0,312
23782,Jul 20 2017,CONCACAF Championship in the United States,Jamaica,Canada,1516,1551,2,1,28,-28,1544,1523,68,86,6,-7,74,79,50,0,-35
23783,Jul 20 2017,CONCACAF Championship in the United States,Mexico,Honduras,1885,1567,1,0,7,-7,1892,1560,12,72,0,-2,12,70,50,0,318
23784,Jul 22 2017,CONCACAF Championship in the United States,United States,Costa Rica,1768,1787,2,0,29,-29,1797,1758,17,34,5,-5,22,29,50,100,81
23785,Jul 23 2017,CONCACAF Championship in the United States,Jamaica,Mexico,1544,1892,1,0,44,-44,1588,1848,54,22,10,-5,64,17,50,0,-348
23786,Jul 26 2017,Friendly in Ecuador,Ecuador,Trinidad and Tobago,1802,1442,3,1,2,-2,1804,1440,20,97,0,0,20,97,20,100,460
23787,Jul 26 2017,CONCACAF Championship in the United States,United States,Jamaica,1797,1588,2,1,7,-7,1804,1581,18,64,2,0,20,64,30,0,209
23788,Jul 28 2017,Friendly in the Solomon Islands,Solomon Islands,Vanuatu,1172,1191,0,0,-2,2,1170,1193,168,167,0,0,168,167,20,100,81
23789,Aug 16 2017,Friendly in England,Qatar,Andorra,1554,1022,1,0,1,-1,1555,1021,72,187,0,0,72,187,20,0,532
23790,Aug 19 2017,Friendly tournament in India,India,Mauritius,1153,1076,2,1,8,-8,1161,1068,169,185,1,-1,170,184,20,0,77
23791,Aug 22 2017,Friendly in Malaysia,Malaysia,Syria,1100,1570,1,2,-2,2,1098,1572,177,68,-1,0,176,68,20,100,-370
23792,Aug 22 2017,Friendly tournament in India,Mauritius,Saint Kitts and Nevis,1068,1259,1,1,8,-8,1076,1251,182,147,1,-2,183,145,30,0,-191
23793,Aug 23 2017,Friendly in Qatar,Qatar,Turkmenistan,1555,1249,2,1,2,-2,1557,1247,72,147,0,0,72,147,20,100,406
23794,Aug 24 2017,Friendly tournament in India,India,Saint Kitts and Nevis,1161,1251,1,1,0,0,1161,1251,170,145,0,0,170,145,20,100,10
23795,Aug 24 2017,Friendly in Trinidad and Tobago,Trinidad and Tobago,Jamaica,1440,1581,1,2,-9,9,1431,1590,101,64,-2,0,99,64,20,100,-41
23796,Aug 25 2017,Friendly in Uzbekistan,Uzbekistan,Kyrgyzstan,1636,1209,5,0,2,-2,1638,1207,52,162,0,0,52,162,20,100,527
23797,Aug 26 2017,Friendly in Malaysia,Iraq,Syria,1518,1572,1,1,2,-2,1520,1570,80,68,0,0,80,68,20,0,-54
23798,Aug 29 2017,Friendly in Bahrain,Bahrain,Jordan,1404,1495,0,0,0,0,1404,1495,107,84,0,0,107,84,20,100,9
23799,Aug 29 2017,Friendly in Myanmar,Myanmar,Malaysia,1074,1098,1,0,8,-8,1082,1090,176,180,4,-2,180,178,20,100,76
23800,Aug 29 2017,World Cup qualifier in the United Arab Emirates,United Arab Emirates,Saudi Arabia,1545,1606,2,1,18,-18,1563,1588,68,69,3,-5,71,64,30,0,-61
23801,Aug 30 2017,Friendly in Oman,Oman,Afghanistan,1447,1128,2,0,2,-2,1449,1126,91,172,2,0,93,172,20,100,419
23802,Aug 31 2017,World Cup qualifier in Belgium,Belgium,Gibraltar,1899,1090,9,0,1,-1,1900,1089,9,180,1,-1,10,179,30,0,809
23803,Aug 31 2017,World Cup qualifier in Brazil,Brazil,Ecuador,2116,1804,2,0,5,-5,2121,1799,1,22,0,-1,1,21,40,100,412
23804,Aug 31 2017,World Cup qualifier in Bulgaria,Bulgaria,Sweden,1613,1808,3,2,25,-25,1638,1783,48,29,4,-5,52,24,40,100,-95
23805,Aug 31 2017,World Cup qualifier in Chile,Chile,Paraguay,1946,1708,0,3,-61,61,1885,1769,13,20,-2,8,11,28,40,100,338
23806,Aug 31 2017,World Cup qualifier in China,China,Uzbekistan,1548,1638,1,0,19,-19,1567,1619,62,58,6,-3,68,55,30,0,-90
23807,Aug 31 2017,World Cup qualifier in Cyprus,Cyprus,Bosnia and Herzegovina,1418,1754,3,2,32,-32,1450,1722,82,39,11,-4,93,35,40,100,-236
23808,Aug 31 2017,World Cup qualifier in France,France,Netherlands,1974,1849,4,0,16,-16,1990,1833,4,20,1,-2,5,18,40,100,225
23809,Aug 31 2017,World Cup qualifier in Greece,Greece,Estonia,1678,1476,0,0,-14,14,1664,1490,50,85,-2,1,48,86,40,100,302
23810,Aug 31 2017,World Cup qualifier in Guinea,Guinea,Libya,1538,1462,3,2,11,-11,1549,1451,71,94,2,-2,73,92,40,100,176
23811,Aug 31 2017,World Cup qualifier in Hungary,Hungary,Latvia,1619,1384,3,1,8,-8,1627,1376,54,120,0,-4,54,116,40,100,335
23812,Aug 31 2017,World Cup qualifier in Japan,Japan,Australia,1761,1721,2,0,19,-19,1780,1702,22,39,3,-2,25,37,40,100,140
23813,Aug 31 2017,World Cup qualifier in Luxembourg,Luxembourg,Belarus,1246,1579,1,0,32,-32,1278,1547,132,83,8,-9,140,74,40,100,-233
23814,Aug 31 2017,World Cup qualifier in Peru,Peru,Bolivia,1855,1686,2,1,7,-7,1862,1679,14,48,0,-3,14,45,40,100,269
23815,Aug 31 2017,World Cup qualifier in Portugal,Portugal,Faroe Islands,1978,1280,5,1,1,-1,1979,1279,7,137,-1,1,6,138,20,0,698
23816,Aug 31 2017,Friendly in Singapore,Singapore,Hong Kong,1081,1201,1,1,1,-1,1082,1200,179,165,1,0,180,165,20,100,-20
23817,Aug 31 2017,World Cup qualifier in South Korea,South Korea,Iran,1732,1794,0,0,-2,2,1730,1796,34,21,0,1,34,22,30,100,38
23818,Aug 31 2017,World Cup qualifier in Switzerland,Switzerland,Andorra,1865,1021,3,0,0,0,1865,1021,13,187,0,0,13,187,20,0,844
23819,Aug 31 2017,World Cup qualifier in Malaysia,Syria,Qatar,1570,1557,3,1,29,-29,1599,1528,54,81,7,-4,61,77,40,0,13
23820,Aug 31 2017,World Cup qualifier in Thailand,Thailand,Iraq,1416,1520,1,2,-20,20,1396,1540,109,70,-2,5,107,75,40,100,-4
23821,Aug 31 2017,Friendly in Morocco,Togo,Niger,1383,1290,2,0,11,-11,1394,1279,107,139,3,-1,110,138,20,0,93
23822,Aug 31 2017,World Cup qualifier in Uganda,Uganda,Egypt,1491,1664,1,0,24,-24,1515,1640,77,53,4,-2,81,51,40,100,-73
23823,Aug 31 2017,World Cup qualifier in Uruguay,Uruguay,Argentina,1842,2017,0,0,4,-4,1846,2013,16,3,1,0,17,3,40,100,-75
23824,Aug 31 2017,World Cup qualifier in Venezuela,Venezuela,Colombia,1688,1970,0,0,10,-10,1698,1960,36,9,2,-1,38,8,30,0,-282
23825,Sep 1 2017,World Cup qualifier in Cape Verde,Cape Verde,South Africa,1419,1607,2,1,25,-25,1444,1582,88,72,8,-7,96,65,40,100,-88
23826,Sep 1 2017,World Cup qualifier in Czechia,Czechia,Germany,1698,2099,1,2,-6,6,1692,2105,44,2,-3,0,41,2,40,100,-301
23827,Sep 1 2017,World Cup qualifier in Denmark,Denmark,Poland,1738,1873,4,0,41,-41,1779,1832,19,24,7,-6,26,18,40,100,-35
23828,Sep 1 2017,World Cup qualifier in Ghana,Ghana,Congo,1576,1408,1,1,-13,13,1563,1421,76,101,-5,2,71,103,40,100,268
23829,Sep 1 2017,World Cup qualifier in Kazakhstan,Kazakhstan,Montenegro,1369,1598,0,3,-23,23,1346,1621,124,50,-3,6,121,56,40,100,-129
23830,Sep 1 2017,World Cup qualifier in Lithuania,Lithuania,Scotland,1448,1687,0,3,-22,22,1426,1709,105,31,-5,5,100,36,40,100,-139
23831,Sep 1 2017,World Cup qualifier in Malta,Malta,England,1227,1912,0,4,-2,2,1225,1914,155,9,0,0,155,9,30,100,-585
23832,Sep 1 2017,World Cup qualifier in Mexico,Mexico,Panama,1848,1666,1,0,7,-7,1855,1659,12,49,2,-1,14,48,40,100,282
23833,Sep 1 2017,World Cup qualifier in Morocco,Morocco,Mali,1602,1534,6,0,23,-23,1625,1511,50,86,5,-5,55,81,40,100,168
23834,Sep 1 2017,World Cup qualifier in New Zealand,New Zealand,Solomon Islands,1527,1170,6,1,5,-5,1532,1165,74,170,2,-1,76,169,20,0,357
23835,Sep 1 2017,World Cup qualifier in Nigeria,Nigeria,Cameroon,1633,1668,4,0,31,-31,1664,1637,39,58,7,-6,46,52,30,0,-35
23836,Sep 1 2017,World Cup qualifier in Norway,Norway,Azerbaijan,1566,1423,2,0,12,-12,1578,1411,65,107,2,-2,67,105,40,100,243
23837,Sep 1 2017,World Cup qualifier in Romania,Romania,Armenia,1683,1501,1,0,7,-7,1690,1494,41,86,1,-1,42,85,40,100,282
23838,Sep 1 2017,World Cup qualifier in San Marino,San Marino,Northern Ireland,858,1681,0,3,-1,1,857,1682,205,44,0,0,205,44,20,100,-723
23839,Sep 1 2017,World Cup qualifier in Slovakia,Slovakia,Slovenia,1767,1642,1,0,9,-9,1776,1633,25,56,2,-3,27,53,40,100,225
23840,Sep 1 2017,World Cup qualifier in Trinidad and Tobago,Trinidad and Tobago,Honduras,1431,1560,1,2,-18,18,1413,1578,108,62,-4,5,104,67,40,100,-29
23841,Sep 1 2017,World Cup qualifier in Tunisia,Tunisia,DR Congo,1576,1598,2,1,16,-16,1592,1582,58,68,4,-3,62,65,30,0,-22
23842,Sep 1 2017,World Cup qualifier in the United States,United States,Costa Rica,1804,1758,0,2,-42,42,1762,1800,43,10,-12,10,31,20,40,100,146
23843,Sep 2 2017,World Cup qualifier in Albania,Albania,Liechtenstein,1603,1166,2,0,3,-3,1606,1163,58,170,1,-1,59,169,30,0,437
23844,Sep 2 2017,Friendly in Canada,Canada,Jamaica,1523,1590,2,0,14,-14,1537,1576,73,73,3,-5,76,68,20,100,33
23845,Sep 2 2017,World Cup qualifier in Finland,Finland,Iceland,1527,1802,1,0,29,-29,1556,1773,66,37,6,-9,72,28,40,100,-175
23846,Sep 2 2017,World Cup qualifier in Gabon,Gabon,Ivory Coast,1433,1655,0,3,-23,23,1410,1678,111,43,-6,3,105,46,40,100,-122
23847,Sep 2 2017,World Cup qualifier in Georgia,Georgia,Ireland,1468,1776,1,1,11,-11,1479,1765,87,35,1,-4,88,31,30,0,-308
23848,Sep 2 2017,Friendly in Indonesia,Indonesia,Fiji,1228,1211,0,0,-3,3,1225,1214,154,158,0,1,154,159,20,100,117
23849,Sep 2 2017,World Cup qualifier in Israel,Israel,Macedonia,1564,1448,0,1,-31,31,1533,1479,84,81,-7,7,77,88,40,100,216
23850,Sep 2 2017,Friendly in Mozambique,Mozambique,Kenya,1302,1385,1,1,0,0,1302,1385,129,112,0,0,129,112,20,100,17
23851,Sep 2 2017,World Cup qualifier in Senegal,Senegal,Burkina Faso,1707,1610,0,0,-10,10,1697,1620,41,55,-2,2,39,57,40,100,197
23852,Sep 2 2017,World Cup qualifier in Serbia,Serbia,Moldova,1741,1353,3,0,4,-4,1745,1349,33,120,0,0,33,120,40,100,488
23853,Sep 2 2017,World Cup qualifier in Spain,Spain,Italy,2003,1970,3,0,22,-22,2025,1948,2,9,1,-1,3,8,40,100,133
23854,Sep 2 2017,Friendly in Tanzania,Tanzania,Botswana,1342,1239,2,0,7,-7,1349,1232,118,153,2,0,120,153,20,100,203
23855,Sep 2 2017,World Cup qualifier in Ukraine,Ukraine,Turkey,1755,1794,2,0,25,-25,1780,1769,16,35,8,-6,24,29,30,0,-39
23856,Sep 2 2017,World Cup qualifier in Wales,Wales,Austria,1772,1694,1,0,11,-11,1783,1683,15,46,7,-3,22,43,40,100,178
23857,Sep 2 2017,World Cup qualifier in Zambia,Zambia,Algeria,1439,1614,3,1,36,-36,1475,1578,82,72,8,-7,90,65,40,100,-75
23858,Sep 3 2017,World Cup qualifier in Belarus,Belarus,Sweden,1547,1783,0,4,-24,24,1523,1807,84,16,-5,3,79,19,40,100,-136
23859,Sep 3 2017,World Cup qualifier in Croatia,Croatia,Kosovo,1851,1383,1,0,1,-1,1852,1382,15,113,0,0,15,113,20,0,468
23860,Sep 3 2017,Friendly in Equatorial Guinea,Equatorial Guinea,Benin,1340,1396,1,2,-11,11,1329,1407,127,105,-2,1,125,106,20,100,44
23861,Sep 3 2017,World Cup qualifier in Estonia,Estonia,Cyprus,1490,1450,1,0,12,-12,1502,1438,80,101,3,-3,83,98,40,100,140
23862,Sep 3 2017,World Cup qualifier in the Faroe Islands,Faroe Islands,Andorra,1279,1021,1,0,5,-5,1284,1016,140,187,-1,0,139,187,40,100,358
23863,Sep 3 2017,World Cup qualifier in France,France,Luxembourg,1990,1278,0,0,-20,20,1970,1298,7,124,-1,8,6,132,40,100,812
23864,Sep 3 2017,World Cup qualifier in Portugal,Gibraltar,Bosnia and Herzegovina,1089,1722,0,4,-2,2,1087,1724,179,35,0,0,179,35,20,100,-533
23865,Sep 3 2017,World Cup qualifier in Greece,Greece,Belgium,1664,1900,1,2,-13,13,1651,1913,51,10,-2,0,49,10,40,100,-136
23866,Sep 3 2017,World Cup qualifier in Hungary,Hungary,Portugal,1627,1979,0,1,-8,8,1619,1987,60,4,-3,1,57,5,40,100,-252
23867,Sep 3 2017,World Cup qualifier in Latvia,Latvia,Switzerland,1376,1865,0,3,-7,7,1369,1872,118,12,-1,0,117,12,40,100,-389
23868,Sep 3 2017,World Cup qualifier in the Netherlands,Netherlands,Bulgaria,1833,1638,3,1,9,-9,1842,1629,17,55,0,-2,17,53,40,100,295
23869,Sep 4 2017,World Cup qualifier in Armenia,Armenia,Denmark,1494,1779,1,4,-18,18,1476,1797,92,18,-3,4,89,22,40,100,-185
23870,Sep 4 2017,World Cup qualifier in Azerbaijan,Azerbaijan,San Marino,1411,857,5,1,2,-2,1413,855,102,205,1,0,103,205,30,0,554
23871,Sep 4 2017,World Cup qualifier in Cameroon,Cameroon,Nigeria,1637,1664,1,1,-4,4,1633,1668,55,47,-2,0,53,47,40,100,73
23872,Sep 4 2017,World Cup qualifier in England,England,Slovakia,1914,1776,2,1,8,-8,1922,1768,9,33,0,-3,9,30,40,100,238
23873,Sep 4 2017,World Cup qualifier in Germany,Germany,Norway,2105,1578,6,0,2,-2,2107,1576,2,69,0,-2,2,67,20,0,527
23874,Sep 4 2017,World Cup qualifier in Tunisia,Libya,Guinea,1451,1549,1,0,25,-25,1476,1524,84,83,5,-5,89,78,40,0,-98
23875,Sep 4 2017,Friendly in Morocco,Malawi,Togo,1290,1394,1,0,13,-13,1303,1381,120,118,9,-4,129,114,20,0,-104
23876,Sep 4 2017,World Cup qualifier in Montenegro,Montenegro,Romania,1621,1690,1,0,18,-18,1639,1672,49,49,3,-4,52,45,30,0,-69
23877,Sep 4 2017,World Cup qualifier in Northern Ireland,Northern Ireland,Czechia,1682,1692,2,0,22,-22,1704,1670,30,52,7,-6,37,46,40,100,90
23878,Sep 4 2017,World Cup qualifier in Poland,Poland,Kazakhstan,1832,1346,3,0,2,-2,1834,1344,18,122,0,0,18,122,20,0,486
23879,Sep 4 2017,World Cup qualifier in Scotland,Scotland,Malta,1709,1225,2,0,2,-2,1711,1223,36,156,0,-1,36,155,20,0,484
23880,Sep 4 2017,World Cup qualifier in Slovenia,Slovenia,Lithuania,1633,1426,4,0,11,-11,1644,1415,48,105,2,-3,50,102,40,100,307
23881,Sep 5 2017,World Cup qualifier in Algeria,Algeria,Zambia,1578,1475,0,1,-31,31,1547,1506,79,71,-7,10,72,81,40,100,203
23882,Sep 5 2017,World Cup qualifier in Argentina,Argentina,Venezuela,2013,1698,1,1,-17,17,1996,1715,4,33,0,3,4,36,40,100,415
23883,Sep 5 2017,World Cup qualifier in Australia,Australia,Thailand,1702,1396,2,1,4,-4,1706,1392,38,110,0,-1,38,109,30,0,306
23884,Sep 5 2017,World Cup qualifier in Austria,Austria,Georgia,1683,1479,1,1,-14,14,1669,1493,48,87,-3,0,45,87,40,100,304
23885,Sep 5 2017,Asian Cup qualifier in Bahrain,Bahrain,Taiwan,1404,888,5,0,2,-2,1406,886,103,202,2,0,105,202,20,0,516
23886,Sep 5 2017,Asian Cup qualifier in Bhutan,Bhutan,Palestine,595,1395,0,2,-1,1,594,1396,230,107,0,1,230,108,20,100,-700
23887,Sep 5 2017,World Cup qualifier in Bolivia,Bolivia,Chile,1679,1885,1,0,26,-26,1705,1859,35,17,4,-3,39,14,40,100,-106
23888,Sep 5 2017,World Cup qualifier in Burkina Faso,Burkina Faso,Senegal,1620,1697,2,2,-1,1,1619,1698,58,42,-1,-1,57,41,20,100,23
23889,Sep 5 2017,Asian Cup qualifier in Cambodia,Cambodia,Vietnam,828,1275,1,2,-5,5,823,1280,208,140,0,1,208,141,40,100,-347
23890,Sep 5 2017,World Cup qualifier in Colombia,Colombia,Brazil,1960,2121,1,1,3,-3,1963,2118,7,1,0,0,7,1,30,100,-61
23891,Sep 5 2017,World Cup qualifier in Congo,Congo,Ghana,1421,1563,1,5,-33,33,1388,1596,119,56,-9,7,110,63,40,100,-42
23892,Sep 5 2017,World Cup qualifier in Costa Rica,Costa Rica,Mexico,1800,1855,1,1,-3,3,1797,1858,20,16,0,-1,20,15,40,100,45
23893,Sep 5 2017,World Cup qualifier in the Dem Rep of the Congo,DR Congo,Tunisia,1582,1592,2,2,-5,5,1577,1597,69,63,-3,-1,66,62,40,100,90
23894,Sep 5 2017,World Cup qualifier in Ecuador,Ecuador,Peru,1799,1862,1,2,-22,22,1777,1884,31,9,-5,2,26,11,40,100,37
23895,Sep 5 2017,World Cup qualifier in Egypt,Egypt,Uganda,1640,1515,1,0,9,-9,1649,1506,47,82,2,-1,49,81,40,100,225
23896,Sep 5 2017,World Cup qualifier in Albania,Finland,Kosovo,1556,1382,1,0,11,-11,1567,1371,66,120,3,-4,69,116,40,0,174
23897,Sep 5 2017,World Cup qualifier in Honduras,Honduras,United States,1578,1762,1,1,5,-5,1583,1757,65,28,0,2,65,30,20,0,-184
23898,Sep 5 2017,World Cup qualifier in Iceland,Iceland,Ukraine,1773,1780,2,0,22,-22,1795,1758,17,33,5,-4,22,29,40,100,93
23899,Sep 5 2017,World Cup qualifier in Iran,Iran,Syria,1796,1599,2,2,-14,14,1782,1613,27,58,-2,1,25,59,40,100,297
23900,Sep 5 2017,World Cup qualifier in Jordan,Iraq,United Arab Emirates,1540,1563,1,0,21,-21,1561,1542,67,76,3,-3,70,73,40,0,-23
23901,Sep 5 2017,World Cup qualifier in Ireland,Ireland,Serbia,1765,1745,0,1,-27,27,1738,1772,35,21,-2,6,33,27,40,100,120
23902,Sep 5 2017,World Cup qualifier in Italy,Italy,Israel,1948,1533,1,0,2,-2,1950,1531,8,75,0,0,8,75,20,0,415
23903,Sep 5 2017,World Cup qualifier in Ivory Coast,Ivory Coast,Gabon,1678,1410,1,2,-36,36,1642,1446,58,89,-7,8,51,97,40,100,368
23904,Sep 5 2017,Asian Cup qualifier in Jordan,Jordan,Afghanistan,1495,1126,4,1,4,-4,1499,1122,87,174,-1,-1,86,173,20,0,369
23905,Sep 5 2017,World Cup qualifier in Liechtenstein,Liechtenstein,Spain,1163,2025,0,8,-1,1,1162,2026,171,3,-1,0,170,3,20,100,-762
23906,Sep 5 2017,Asian Cup qualifier in Macao,Macao,India,671,1161,0,2,-6,6,665,1167,223,168,0,1,223,169,40,100,-390
23907,Sep 5 2017,World Cup qualifier in Macedonia,Macedonia,Albania,1479,1606,1,1,2,-2,1481,1604,89,63,-1,-2,88,61,40,100,-27
23908,Sep 5 2017,Asian Cup qualifier in Malaysia,Malaysia,Hong Kong,1090,1200,1,1,1,-1,1091,1199,178,165,0,0,178,165,40,100,-10
23909,Sep 5 2017,World Cup qualifier in Mali,Mali,Morocco,1511,1625,0,0,1,-1,1512,1624,77,55,2,0,79,55,30,100,-14
23910,Sep 5 2017,World Cup qualifier in Moldova,Moldova,Wales,1349,1783,0,2,-8,8,1341,1791,124,22,-2,1,122,23,40,100,-334
23911,Sep 5 2017,Asian Cup qualifier in Nepal,Nepal,Tajikistan,902,1204,1,2,-10,10,892,1214,201,157,0,3,201,160,40,100,-202
23912,Sep 5 2017,Friendly in Morocco,Niger,Mauritania,1279,1335,2,0,17,-17,1296,1318,128,127,6,-2,134,125,20,0,-56
23913,Sep 5 2017,Asian Cup qualifier in North Korea,North Korea,Lebanon,1486,1388,2,2,-10,10,1476,1398,92,104,-3,3,89,107,40,100,198
23914,Sep 5 2017,Asian Cup qualifier in Oman,Oman,Maldives,1449,950,5,0,2,-2,1451,948,97,196,-1,-1,96,195,20,0,499
23915,Sep 5 2017,World Cup qualifier in Panama,Panama,Trinidad and Tobago,1659,1413,3,0,8,-8,1667,1405,46,109,1,-3,47,106,40,100,346
23916,Sep 5 2017,World Cup qualifier in Paraguay,Paraguay,Uruguay,1769,1846,1,2,-21,21,1748,1867,36,10,-4,3,32,13,40,100,23
23917,Sep 5 2017,Asian Cup qualifier in the Philippines,Philippines,Yemen,1245,1210,2,2,-7,7,1238,1217,155,155,-3,3,152,158,40,100,135
23918,Sep 5 2017,World Cup qualifier in Qatar,Qatar,China,1528,1567,1,2,-23,23,1505,1590,89,59,-6,5,83,64,40,100,61
23919,Sep 5 2017,World Cup qualifier in Saudi Arabia,Saudi Arabia,Japan,1588,1780,1,0,25,-25,1613,1755,56,37,3,-6,59,31,40,100,-92
23920,Sep 5 2017,Asian Cup qualifier in Singapore,Singapore,Turkmenistan,1082,1247,1,1,4,-4,1086,1243,180,152,0,-2,180,150,20,0,-165
23921,Sep 5 2017,World Cup qualifier in the Solomon Islands,Solomon Islands,New Zealand,1165,1532,2,2,13,-13,1178,1519,168,80,0,-2,168,78,40,100,-267
23922,Sep 5 2017,World Cup qualifier in South Africa,South Africa,Cape Verde,1582,1444,1,2,-32,32,1550,1476,79,82,-8,7,71,89,40,100,238
23923,Sep 5 2017,World Cup qualifier in Turkey,Turkey,Croatia,1769,1852,1,0,19,-19,1788,1833,20,21,4,-3,24,18,30,0,-83
23924,Sep 5 2017,World Cup qualifier in Uzbekistan,Uzbekistan,South Korea,1619,1730,0,0,1,-1,1620,1729,55,34,1,0,56,34,40,100,-11
23925,Sep 30 2017,Friendly in Botswana,Botswana,Ethiopia,1232,1295,2,0,13,-13,1245,1282,143,145,5,-5,148,140,20,100,37
23926,Oct 2 2017,Friendly in Macao,Macao,Laos,665,804,3,1,17,-17,682,787,221,215,1,-3,222,212,20,100,-39
23927,Oct 4 2017,Friendly in Indonesia,Indonesia,Cambodia,1225,823,3,1,2,-2,1227,821,154,208,0,0,154,208,20,100,502
23928,Oct 4 2017,Friendly in the United Arab Emirates,Jordan,Oman,1499,1451,1,1,-1,1,1498,1452,84,96,1,0,85,96,20,0,48
23929,Oct 4 2017,Friendly in Uganda,Uganda,Madagascar,1506,1360,1,2,-16,16,1490,1376,93,111,-6,4,87,115,20,100,246
23930,Oct 5 2017,World Cup qualifier in Argentina,Argentina,Peru,1996,1884,0,0,-11,11,1985,1895,6,11,-1,0,5,11,40,100,212
23931,Oct 5 2017,World Cup qualifier in Armenia,Armenia,Poland,1476,1834,1,6,-15,15,1461,1849,97,15,-4,1,93,16,40,100,-258
23932,Oct 5 2017,World Cup qualifier in Azerbaijan,Azerbaijan,Czechia,1413,1670,1,2,-12,12,1401,1682,109,42,-3,1,106,43,40,100,-157
23933,Oct 5 2017,World Cup qualifier in Bolivia,Bolivia,Brazil,1705,2118,0,0,14,-14,1719,2104,35,3,2,-1,37,2,40,100,-313
23934,Oct 5 2017,World Cup qualifier in Chile,Chile,Ecuador,1859,1777,2,1,10,-10,1869,1767,12,30,1,-2,13,28,40,100,182
23935,Oct 5 2017,World Cup qualifier in Colombia,Colombia,Paraguay,1963,1748,1,2,-34,34,1929,1782,9,20,-1,6,8,26,40,100,315
23936,Oct 5 2017,World Cup qualifier in England,England,Slovenia,1922,1644,1,0,4,-4,1926,1640,9,52,0,-1,9,51,40,100,378
23937,Oct 5 2017,Friendly in Hong Kong,Hong Kong,Laos,1199,787,4,0,2,-2,1201,785,165,212,0,0,165,212,20,100,512
23938,Oct 5 2017,Friendly in Iran,Iran,Togo,1782,1381,2,0,2,-2,1784,1379,25,113,0,0,25,113,20,100,501
23939,Oct 5 2017,Friendly in Iraq,Iraq,Kenya,1561,1385,2,1,3,-3,1564,1382,70,111,0,0,70,111,20,100,276
23940,Oct 5 2017,World Cup qualifier in Malta,Malta,Lithuania,1223,1415,1,1,5,-5,1228,1410,153,102,1,0,154,102,20,0,-192
23941,Oct 5 2017,World Cup qualifier in Montenegro,Montenegro,Denmark,1639,1797,0,1,-17,17,1622,1814,58,18,-3,1,55,19,40,100,-58
23942,Oct 5 2017,Friendly in Myanmar,Myanmar,Thailand,1082,1392,1,3,-7,7,1075,1399,187,105,-3,2,184,107,20,100,-210
23943,Oct 5 2017,World Cup qualifier in Northern Ireland,Northern Ireland,Germany,1704,2107,1,3,-9,9,1695,2116,42,0,-1,1,41,1,40,100,-303
23944,Oct 5 2017,Friendly in Qatar,Qatar,Singapore,1505,1086,3,1,1,-1,1506,1085,80,180,1,0,81,180,20,100,519
23945,Oct 5 2017,World Cup qualifier in Romania,Romania,Kazakhstan,1672,1344,3,1,5,-5,1677,1339,45,123,-1,-1,44,122,40,100,428
23946,Oct 5 2017,World Cup qualifier in San Marino,San Marino,Norway,855,1576,0,8,-3,3,852,1579,205,65,0,1,205,66,40,100,-621
23947,Oct 5 2017,World Cup qualifier in Scotland,Scotland,Slovakia,1711,1768,1,0,18,-18,1729,1750,31,36,3,-4,34,32,40,100,43
23948,Oct 5 2017,World Cup qualifier in Malaysia,Syria,Australia,1613,1706,1,1,5,-5,1618,1701,59,40,0,-1,59,39,40,0,-93
23949,Oct 5 2017,Friendly in Taiwan,Taiwan,Mongolia,886,656,4,2,4,-4,890,652,202,224,0,0,202,224,20,100,330
23950,Oct 5 2017,World Cup qualifier in Venezuela,Venezuela,Uruguay,1715,1867,0,0,3,-3,1718,1864,40,15,-2,-1,38,14,40,100,-52
23951,Oct 6 2017,World Cup qualifier in Austria,Austria,Serbia,1669,1772,3,2,20,-20,1689,1752,39,33,3,-3,42,30,40,100,-3
23952,Oct 6 2017,Friendly in Tunisia,Comoros,Mauritania,1015,1318,1,0,17,-17,1032,1301,184,137,2,-6,186,131,20,0,-303
23953,Oct 6 2017,World Cup qualifier in Croatia,Croatia,Finland,1833,1567,1,1,-16,16,1817,1583,20,61,-1,4,19,65,40,100,366
23954,Oct 6 2017,World Cup qualifier in Georgia,Georgia,Wales,1493,1791,0,1,-10,10,1483,1801,90,21,-2,1,88,22,40,100,-198
23955,Oct 6 2017,World Cup qualifier in Ireland,Ireland,Moldova,1738,1341,2,0,3,-3,1741,1338,33,123,0,-1,33,122,20,0,397
23956,Oct 6 2017,World Cup qualifier in Italy,Italy,Macedonia,1950,1481,1,1,-19,19,1931,1500,7,82,0,3,7,85,40,100,569
23957,Oct 6 2017,Friendly in Japan,Japan,New Zealand,1755,1519,2,1,3,-3,1758,1516,27,78,2,0,29,78,20,100,336
23958,Oct 6 2017,World Cup qualifier in Albania,Kosovo,Ukraine,1371,1758,0,2,-6,6,1365,1764,119,27,-1,1,118,28,40,0,-387
23959,Oct 6 2017,World Cup qualifier in Liechtenstein,Liechtenstein,Israel,1162,1531,0,1,-7,7,1155,1538,172,73,-1,1,171,74,40,100,-269
23960,Oct 6 2017,World Cup qualifier in Mali,Mali,Ivory Coast,1512,1642,0,0,2,-2,1514,1640,79,50,0,0,79,50,40,100,-30
23961,Oct 6 2017,World Cup qualifier in Mexico,Mexico,Trinidad and Tobago,1858,1405,3,1,2,-2,1860,1403,15,105,0,0,15,105,20,0,453
23962,Oct 6 2017,World Cup qualifier in Spain,Spain,Albania,2026,1604,3,0,3,-3,2029,1601,3,61,0,0,3,61,20,0,422
23963,Oct 6 2017,World Cup qualifier in Turkey,Turkey,Iceland,1788,1795,0,3,-44,44,1744,1839,40,14,-8,4,32,18,40,100,93
23964,Oct 6 2017,World Cup qualifier in the United States,United States,Panama,1757,1667,4,0,19,-19,1776,1648,22,51,4,-2,26,49,40,100,190
23965,Oct 7 2017,World Cup qualifier in Andorra,Andorra,Portugal,1016,1987,0,2,0,0,1016,1987,188,4,0,0,188,4,20,0,-971
23966,Oct 7 2017,World Cup qualifier in Belarus,Belarus,Netherlands,1523,1842,1,3,-13,13,1510,1855,81,15,-2,1,79,16,40,100,-219
23967,Oct 7 2017,World Cup qualifier in Bosnia and Herzegovina,Bosnia and Herzegovina,Belgium,1724,1913,3,4,-15,15,1709,1928,42,8,-3,1,39,9,40,100,-89
23968,Oct 7 2017,World Cup qualifier in Bulgaria,Bulgaria,France,1629,1970,0,1,-8,8,1621,1978,61,6,-4,0,57,6,40,100,-241
23969,Oct 7 2017,World Cup qualifier in Cameroon,Cameroon,Algeria,1633,1547,2,0,15,-15,1648,1532,46,78,3,-3,49,75,40,100,186
23970,Oct 7 2017,World Cup qualifier in Cape Verde,Cape Verde,Senegal,1476,1698,0,2,-20,20,1456,1718,99,32,-5,4,94,36,40,100,-122
23971,Oct 7 2017,World Cup qualifier in Costa Rica,Costa Rica,Honduras,1797,1583,1,1,-14,14,1783,1597,25,59,-1,3,24,62,40,100,314
23972,Oct 7 2017,World Cup qualifier in Cyprus,Cyprus,Greece,1438,1651,1,2,-14,14,1424,1665,101,47,-1,0,100,47,40,100,-113
23973,Oct 7 2017,World Cup qualifier in the Faroe Islands,Faroe Islands,Latvia,1284,1369,0,0,-1,1,1283,1370,139,117,0,0,139,117,30,100,15
23974,Oct 7 2017,World Cup qualifier in Portugal,Gibraltar,Estonia,1087,1502,0,6,-7,7,1080,1509,181,77,-1,3,180,80,40,0,-415
23975,Oct 7 2017,Friendly in Grenada,Grenada,Guyana,1100,1198,1,0,10,-10,1110,1188,173,168,1,-1,174,167,20,100,2
23976,Oct 7 2017,World Cup qualifier in Guinea,Guinea,Tunisia,1524,1597,1,4,-38,38,1486,1635,98,46,-11,8,87,54,40,100,27
23977,Oct 7 2017,World Cup qualifier in Tunisia,Libya,DR Congo,1476,1577,1,2,-14,14,1462,1591,93,62,-2,3,91,65,40,0,-101
23978,Oct 7 2017,World Cup qualifier in Morocco,Morocco,Gabon,1624,1446,3,0,12,-12,1636,1434,52,99,1,-1,53,98,40,100,278
23979,Oct 7 2017,World Cup qualifier in Nigeria,Nigeria,Zambia,1668,1506,1,0,7,-7,1675,1499,46,87,0,-3,46,84,40,100,262
23980,Oct 7 2017,Friendly in Russia,Russia,South Korea,1684,1729,4,2,13,-13,1697,1716,39,42,2,-4,41,38,20,100,55
23981,Oct 7 2017,Friendly in Saudi Arabia,Saudi Arabia,Jamaica,1613,1576,5,2,11,-11,1624,1565,50,71,5,-1,55,70,20,100,137
23982,Oct 7 2017,World Cup qualifier in South Africa,South Africa,Burkina Faso,1550,1619,3,1,27,-27,1577,1592,67,71,2,-7,69,64,30,0,-69
23983,Oct 7 2017,World Cup qualifier in Sweden,Sweden,Luxembourg,1807,1298,8,0,3,-3,1810,1295,21,135,0,-1,21,134,40,100,609
23984,Oct 7 2017,World Cup qualifier in Switzerland,Switzerland,Hungary,1872,1619,5,2,8,-8,1880,1611,12,63,0,-3,12,60,40,100,353
23985,Oct 7 2017,Friendly in Tanzania,Tanzania,Malawi,1349,1303,1,1,-4,4,1345,1307,120,128,0,0,120,128,20,100,146
23986,Oct 7 2017,World Cup qualifier in Uganda,Uganda,Ghana,1490,1596,0,0,0,0,1490,1596,85,63,1,0,86,63,20,100,-6
23987,Oct 8 2017,World Cup qualifier in Czechia,Czechia,San Marino,1682,852,5,0,0,0,1682,852,44,205,0,0,44,205,20,0,830
23988,Oct 8 2017,World Cup qualifier in Denmark,Denmark,Romania,1814,1677,1,1,-12,12,1802,1689,22,39,-1,3,21,42,40,100,237
23989,Oct 8 2017,World Cup qualifier in Egypt,Egypt,Congo,1649,1388,2,1,4,-4,1653,1384,48,110,0,0,48,110,20,0,261
23990,Oct 8 2017,Friendly in the United States,El Salvador,Canada,1444,1537,1,0,13,-13,1457,1524,91,76,3,-1,94,75,20,0,-93
23991,Oct 8 2017,World Cup qualifier in Germany,Germany,Azerbaijan,2116,1401,5,1,1,-1,2117,1400,1,108,0,-1,1,107,20,0,715
23992,Oct 8 2017,World Cup qualifier in Kazakhstan,Kazakhstan,Armenia,1339,1461,1,1,1,-1,1340,1460,121,92,0,0,121,92,20,100,-22
23993,Oct 8 2017,World Cup qualifier in Lithuania,Lithuania,England,1410,1926,0,1,-3,3,1407,1929,102,6,0,2,102,8,30,100,-416
23994,Oct 8 2017,World Cup qualifier in Norway,Norway,Northern Ireland,1579,1695,1,0,21,-21,1600,1674,56,50,6,-4,62,46,40,100,-16
23995,Oct 8 2017,World Cup qualifier in Poland,Poland,Montenegro,1849,1622,4,2,8,-8,1857,1614,15,62,1,-3,16,59,40,100,327
23996,Oct 8 2017,World Cup qualifier in Slovakia,Slovakia,Malta,1750,1228,3,0,2,-2,1752,1226,29,156,1,-1,30,155,20,0,522
23997,Oct 8 2017,World Cup qualifier in Slovenia,Slovenia,Scotland,1640,1729,2,2,-1,1,1639,1730,53,34,-1,0,52,34,40,100,11
23998,Oct 8 2017,Friendly in Thailand,Thailand,Kenya,1399,1382,1,0,7,-7,1406,1375,101,121,3,-5,104,116,20,100,117
23999,Oct 9 2017,World Cup qualifier in Albania,Albania,Italy,1601,1931,0,1,-8,8,1593,1939,67,7,-3,0,64,7,40,100,-230
24000,Oct 9 2017,Friendly in Equatorial Guinea,Equatorial Guinea,Mauritius,1329,1076,3,1,3,-3,1332,1073,120,185,2,-1,122,184,20,100,353
24001,Oct 9 2017,World Cup qualifier in Finland,Finland,Turkey,1583,1744,2,2,3,-3,1586,1741,68,32,0,0,68,32,30,100,-61
24002,Oct 9 2017,World Cup qualifier in Iceland,Iceland,Kosovo,1839,1365,2,0,2,-2,1841,1363,20,118,-1,0,19,118,20,0,474
24003,Oct 9 2017,World Cup qualifier in Israel,Israel,Spain,1538,2029,0,1,-4,4,1534,2033,73,3,0,0,73,3,40,100,-391
24004,Oct 9 2017,World Cup qualifier in Macedonia,Macedonia,Liechtenstein,1500,1155,4,0,5,-5,1505,1150,81,171,1,0,82,171,20,0,345
24005,Oct 9 2017,World Cup qualifier in Moldova,Moldova,Austria,1338,1689,0,1,-8,8,1330,1697,126,40,-2,1,124,41,40,100,-251
24006,Oct 9 2017,World Cup qualifier in Serbia,Serbia,Georgia,1752,1483,1,0,4,-4,1756,1479,30,88,0,0,30,88,20,0,269
24007,Oct 9 2017,World Cup qualifier in Ukraine,Ukraine,Croatia,1764,1817,0,2,-34,34,1730,1851,38,17,-5,1,33,18,40,100,47
24008,Oct 9 2017,World Cup qualifier in Wales,Wales,Ireland,1801,1741,0,1,-29,29,1772,1770,30,21,-4,6,26,27,40,100,160
24009,Oct 10 2017,Asian Cup qualifier in Tajikistan,Afghanistan,Jordan,1122,1498,3,3,16,-16,1138,1482,171,89,1,-2,172,87,40,0,-376
24010,Oct 10 2017,World Cup qualifier in Australia,Australia,Syria,1701,1618,2,1,10,-10,1711,1608,36,64,2,-3,38,61,40,100,183
24011,Oct 10 2017,World Cup qualifier in Belgium,Belgium,Cyprus,1928,1424,4,0,2,-2,1930,1422,8,106,1,-3,9,103,20,0,504
24012,Oct 10 2017,Friendly in France,Benin,Gabon,1407,1434,1,0,11,-11,1418,1423,106,106,-2,-4,104,102,20,0,-27
24013,Oct 10 2017,World Cup qualifier in Brazil,Brazil,Chile,2104,1869,3,0,9,-9,2113,1860,2,17,0,-2,2,15,40,100,335
24014,Oct 10 2017,World Cup qualifier in Ecuador,Ecuador,Argentina,1767,1985,1,3,-20,20,1747,2005,32,3,-2,1,30,4,40,100,-118
24015,Oct 10 2017,World Cup qualifier in Estonia,Estonia,Bosnia and Herzegovina,1509,1709,1,2,-14,14,1495,1723,86,33,-3,3,83,36,40,100,-100
24016,Oct 10 2017,World Cup qualifier in France,France,Belarus,1978,1510,2,1,1,-1,1979,1509,6,79,0,0,6,79,20,0,468
24017,Oct 10 2017,World Cup qualifier in Greece,Greece,Gibraltar,1665,1080,4,0,1,-1,1666,1079,49,176,-1,2,48,178,20,0,585
24018,Oct 10 2017,World Cup qualifier in Honduras,Honduras,Mexico,1597,1860,3,2,29,-29,1626,1831,48,23,7,-4,55,19,40,100,-163
24019,Oct 10 2017,Asian Cup qualifier in Hong Kong,Hong Kong,Malaysia,1201,1091,2,0,14,-14,1215,1077,155,186,5,-4,160,182,40,100,210
24020,Oct 10 2017,World Cup qualifier in Hungary,Hungary,Faroe Islands,1611,1283,1,0,3,-3,1614,1280,56,143,2,-2,58,141,20,0,328
24021,Oct 10 2017,Friendly in Japan,Japan,Haiti,1758,1473,3,3,-8,8,1750,1481,29,86,0,2,29,88,20,100,385
24022,Oct 10 2017,World Cup qualifier in Latvia,Latvia,Andorra,1370,1016,4,0,5,-5,1375,1011,113,188,2,0,115,188,40,100,454
24023,Oct 10 2017,Asian Cup qualifier in Lebanon,Lebanon,North Korea,1398,1476,5,0,37,-37,1435,1439,90,105,9,-8,99,97,30,0,-78
24024,Oct 10 2017,World Cup qualifier in Luxembourg,Luxembourg,Bulgaria,1295,1621,1,1,11,-11,1306,1610,126,64,4,-4,130,60,30,0,-326
24025,Oct 10 2017,Asian Cup qualifier in the Maldives,Maldives,Oman,948,1452,1,3,-5,5,943,1457,197,89,-1,4,196,93,40,100,-404
24026,Oct 10 2017,Friendly in Switzerland,Morocco,South Korea,1636,1716,3,1,18,-18,1654,1698,45,42,4,-2,49,40,20,0,-80
24027,Oct 10 2017,Friendly in Portugal,Mozambique,Cape Verde,1302,1456,1,0,14,-14,1316,1442,121,97,4,-1,125,96,20,0,-154
24028,Oct 10 2017,Asian Cup qualifier in Myanmar,Myanmar,Kyrgyzstan,1075,1207,2,2,2,-2,1077,1205,181,165,1,-1,182,164,40,100,-32
24029,Oct 10 2017,World Cup qualifier in the Netherlands,Netherlands,Sweden,1855,1810,2,0,18,-18,1873,1792,9,22,4,-1,13,21,40,100,145
24030,Oct 10 2017,Asian Cup qualifier in Palestine,Palestine,Bhutan,1396,594,10,0,1,-1,1397,593,107,230,1,0,108,230,20,0,802
24031,Oct 10 2017,World Cup qualifier in Panama,Panama,Costa Rica,1648,1783,2,1,22,-22,1670,1761,45,27,2,-2,47,25,40,100,-35
24032,Oct 10 2017,World Cup qualifier in Paraguay,Paraguay,Venezuela,1782,1718,0,1,-29,29,1753,1747,30,24,-3,6,27,30,40,100,164
24033,Oct 10 2017,World Cup qualifier in Peru,Peru,Colombia,1895,1929,1,1,-4,4,1891,1933,11,8,0,0,11,8,40,100,66
24034,Oct 10 2017,Asian Cup qualifier in Qatar,Philippines,Yemen,1238,1217,1,1,-1,1,1237,1218,153,160,0,-1,153,159,20,0,21
24035,Oct 10 2017,World Cup qualifier in Portugal,Portugal,Switzerland,1987,1880,2,0,14,-14,2001,1866,6,16,-1,-2,5,14,40,100,207
24036,Oct 10 2017,Friendly in Qatar,Qatar,Curaçao,1506,1250,1,2,-18,18,1488,1268,89,139,-4,4,85,143,20,100,356
24037,Oct 10 2017,Friendly in Russia,Russia,Iran,1697,1784,1,1,0,0,1697,1784,41,22,0,0,41,22,20,100,13
24038,Oct 10 2017,Friendly in Saudi Arabia,Saudi Arabia,Ghana,1624,1596,0,3,-24,24,1600,1620,69,49,-7,7,62,56,20,100,128
24039,Oct 10 2017,Asian Cup qualifier in Taiwan,Taiwan,Bahrain,890,1406,2,1,37,-37,927,1369,194,130,4,-13,198,117,40,100,-416
24040,Oct 10 2017,Asian Cup qualifier in Tajikistan,Tajikistan,Nepal,1214,892,3,0,6,-6,1220,886,152,203,4,-1,156,202,40,100,422
24041,Oct 10 2017,World Cup qualifier in Trinidad and Tobago,Trinidad and Tobago,United States,1403,1776,2,1,33,-33,1436,1743,90,39,8,-7,98,32,40,100,-273
24042,Oct 10 2017,Asian Cup qualifier in Turkmenistan,Turkmenistan,Singapore,1243,1085,2,1,7,-7,1250,1078,145,179,3,0,148,179,40,100,258
24043,Oct 10 2017,World Cup qualifier in Uruguay,Uruguay,Bolivia,1864,1719,4,2,12,-12,1876,1707,10,43,2,-4,12,39,40,100,245
24044,Oct 10 2017,Asian Cup qualifier in Vietnam,Vietnam,Cambodia,1280,821,5,0,3,-3,1283,818,137,208,2,0,139,208,20,0,459
24045,Oct 11 2017,Asian Cup qualifier in India,India,Macao,1167,682,4,1,2,-2,1169,680,169,222,0,0,169,222,20,0,485
24046,Oct 24 2017,Friendly in Grenada,Grenada,Panama,1110,1670,0,5,-3,3,1107,1673,174,47,0,0,174,47,20,100,-460
24047,Oct 28 2017,Friendly in Bermuda,Bermuda,Barbados,1213,1123,2,3,-15,15,1198,1138,167,171,-2,1,165,172,20,100,190
24048,Nov 7 2017,Friendly in Portugal,Saudi Arabia,Latvia,1600,1375,2,0,6,-6,1606,1369,62,117,0,-1,62,116,20,0,225
24049,Nov 8 2017,Friendly in Congo,Congo,Benin,1384,1418,1,1,-2,2,1382,1420,109,104,0,0,109,104,20,100,66
24050,Nov 8 2017,Friendly tournament in Qatar,Czechia,Iceland,1682,1841,2,1,21,-21,1703,1820,36,20,4,-1,40,19,30,0,-159
24051,Nov 8 2017,Friendly in Lesotho,Lesotho,Zimbabwe,1252,1502,1,0,14,-14,1266,1488,142,87,2,-3,144,84,20,100,-150
24052,Nov 8 2017,Friendly in Nicaragua,Nicaragua,Dominican Republic,1301,1215,0,3,-26,26,1275,1241,152,144,-10,8,142,152,20,100,186
24053,Nov 9 2017,Friendly in Armenia,Armenia,Belarus,1460,1509,4,1,15,-15,1475,1494,89,83,1,-2,90,81,20,100,51
24054,Nov 9 2017,Friendly in Cambodia,Cambodia,Myanmar,818,1077,1,2,-6,6,812,1083,208,174,0,4,208,178,20,100,-159
24055,Nov 9 2017,World Cup qualifier in Croatia,Croatia,Greece,1851,1666,4,1,11,-11,1862,1655,13,48,2,0,15,48,40,100,285
24056,Nov 9 2017,Friendly in Finland,Finland,Estonia,1586,1495,3,0,9,-9,1595,1486,60,88,4,-3,64,85,20,100,191
24057,Nov 9 2017,Friendly in Hong Kong,Hong Kong,Bahrain,1215,1369,0,2,-13,13,1202,1382,167,102,-3,7,164,109,20,100,-54
24058,Nov 9 2017,Friendly in Austria,Iran,Panama,1784,1673,2,1,7,-7,1791,1666,22,45,0,1,22,46,20,0,111
24059,Nov 9 2017,Friendly in Luxembourg,Luxembourg,Hungary,1306,1614,2,1,15,-15,1321,1599,120,68,5,-5,125,63,20,100,-208
24060,Nov 9 2017,World Cup qualifier in Northern Ireland,Northern Ireland,Switzerland,1674,1866,0,1,-15,15,1659,1881,48,12,-1,1,47,13,40,100,-92
24061,Nov 9 2017,Friendly in Romania,Romania,Turkey,1689,1741,2,0,13,-13,1702,1728,38,35,3,-1,41,34,20,100,48
24062,Nov 9 2017,Friendly in Scotland,Scotland,Netherlands,1730,1873,0,1,-9,9,1721,1882,38,11,-2,1,36,12,20,100,-43
24063,Nov 9 2017,Friendly in Singapore,Singapore,Lebanon,1078,1435,0,1,-4,4,1074,1439,187,95,-4,2,183,97,20,100,-257
24064,Nov 10 2017,World Cup qualifier in Algeria,Algeria,Nigeria,1532,1675,1,1,2,-2,1534,1673,70,45,2,0,72,45,30,100,-43
24065,Nov 10 2017,Friendly in Belgium,Belgium,Mexico,1930,1831,3,3,-5,5,1925,1836,7,18,1,0,8,18,20,100,199
24066,Nov 10 2017,Friendly in France,Brazil,Japan,2113,1750,3,1,3,-3,2116,1747,0,27,1,1,1,28,20,0,363
24067,Nov 10 2017,Friendly in China,China,Serbia,1590,1756,0,2,-12,12,1578,1768,68,22,0,2,68,24,20,100,-66
24068,Nov 10 2017,Friendly in England,England,Germany,1929,2117,0,0,2,-2,1931,2115,4,3,3,-1,7,2,20,100,-88
24069,Nov 10 2017,Friendly in France,France,Wales,1979,1772,2,0,4,-4,1983,1768,6,25,0,-1,6,24,20,100,307
24070,Nov 10 2017,Friendly in Georgia,Georgia,Cyprus,1479,1422,1,0,6,-6,1485,1416,87,105,1,-1,88,104,20,100,157
24071,Nov 10 2017,World Cup qualifier in Honduras,Honduras,Australia,1626,1711,0,0,-1,1,1625,1712,55,38,0,0,55,38,30,100,15
24072,Nov 10 2017,Asian Cup qualifier in Thailand,North Korea,Malaysia,1439,1077,4,1,8,-8,1447,1069,95,186,1,-2,96,184,40,0,362
24073,Nov 10 2017,Friendly in Poland,Poland,Uruguay,1857,1876,0,0,-2,2,1855,1878,17,14,0,0,17,14,20,100,81
24074,Nov 10 2017,Friendly in Portugal,Portugal,Saudi Arabia,2001,1606,3,0,2,-2,2003,1604,5,61,0,0,5,61,20,100,495
24075,Nov 10 2017,World Cup qualifier in South Africa,South Africa,Senegal,1577,1718,0,2,-26,26,1551,1744,73,25,-2,6,71,31,40,100,-41
24076,Nov 10 2017,Friendly in South Korea,South Korea,Colombia,1698,1933,2,1,14,-14,1712,1919,34,10,4,-1,38,9,20,100,-135
24077,Nov 10 2017,World Cup qualifier in Sweden,Sweden,Italy,1792,1939,1,0,23,-23,1815,1916,19,13,1,-3,20,10,40,100,-47
24078,Nov 10 2017,Friendly in the United Arab Emirates,United Arab Emirates,Haiti,1542,1481,0,1,-14,14,1528,1495,76,74,-2,7,74,81,20,100,161
24079,Nov 10 2017,Friendly in Ukraine,Ukraine,Slovakia,1730,1752,2,1,8,-8,1738,1744,35,34,-1,-3,34,31,20,100,78
24080,Nov 11 2017,Friendly in France,Comoros,Madagascar,1032,1376,1,1,8,-8,1040,1368,186,122,0,-4,186,118,20,0,-344
24081,Nov 11 2017,World Cup qualifier in Denmark,Denmark,Ireland,1802,1770,0,0,-7,7,1795,1777,21,23,0,0,21,23,40,100,132
24082,Nov 11 2017,Friendly in the Dominican Republic,Dominican Republic,Nicaragua,1241,1275,1,0,8,-8,1249,1267,146,146,3,-2,149,144,20,100,66
24083,Nov 11 2017,World Cup qualifier in the Dem Rep of the Congo,DR Congo,Guinea,1591,1486,3,1,14,-14,1605,1472,53,94,7,-4,60,90,40,100,205
24084,Nov 11 2017,World Cup qualifier in Gabon,Gabon,Mali,1423,1514,0,0,-1,1,1422,1515,102,79,0,-1,102,78,40,100,9
24085,Nov 11 2017,World Cup qualifier in Ivory Coast,Ivory Coast,Morocco,1640,1654,0,2,-37,37,1603,1691,72,41,-10,4,62,45,40,100,86
24086,Nov 11 2017,Friendly in Macedonia,Macedonia,Norway,1505,1600,2,0,15,-15,1520,1585,75,72,2,-5,77,67,20,100,5
24087,Nov 11 2017,Friendly in Malawi,Malawi,Lesotho,1307,1266,1,1,-4,4,1303,1270,130,140,0,2,130,142,20,100,141
24088,Nov 11 2017,Friendly in Namibia,Namibia,Zimbabwe,1361,1488,3,1,16,-16,1377,1472,109,96,5,-6,114,90,20,100,-27
24089,Nov 11 2017,World Cup qualifier in New Zealand,New Zealand,Peru,1516,1891,0,0,13,-13,1529,1878,72,15,2,-2,74,13,40,100,-275
24090,Nov 11 2017,Friendly tournament in Qatar,Qatar,Czechia,1488,1703,0,1,-10,10,1478,1713,90,35,-3,3,87,38,30,100,-115
24091,Nov 11 2017,Friendly in Russia,Russia,Argentina,1697,2005,0,1,-5,5,1692,2010,45,4,-1,0,44,4,20,100,-208
24092,Nov 11 2017,Friendly in Spain,Spain,Costa Rica,2033,1761,5,0,4,-4,2037,1757,3,26,0,0,3,26,20,100,372
24093,Nov 11 2017,Friendly in Trinidad and Tobago,Trinidad and Tobago,Grenada,1436,1107,2,2,-8,8,1428,1115,99,174,0,0,99,174,20,100,429
24094,Nov 11 2017,World Cup qualifier in Tunisia,Tunisia,Libya,1635,1462,0,0,-13,13,1622,1475,54,85,0,3,54,88,40,100,273
24095,Nov 11 2017,World Cup qualifier in Zambia,Zambia,Cameroon,1499,1648,2,2,3,-3,1502,1645,80,51,0,0,80,51,40,100,-49
24096,Nov 12 2017,Friendly in Benin,Benin,Tanzania,1420,1345,1,1,-5,5,1415,1350,105,120,-1,0,104,120,20,100,175
24097,Nov 12 2017,World Cup qualifier in Congo,Congo,Uganda,1382,1490,1,1,0,0,1382,1490,111,85,-1,-1,110,84,20,100,-8
24098,Nov 12 2017,World Cup qualifier in Ghana,Ghana,Egypt,1620,1653,1,1,-4,4,1616,1657,57,50,-1,0,56,50,40,100,67
24099,Nov 12 2017,World Cup qualifier in Greece,Greece,Croatia,1655,1862,0,0,6,-6,1661,1856,49,17,0,-1,49,16,40,100,-107
24100,Nov 12 2017,Friendly in Malta,Malta,Estonia,1226,1486,0,3,-10,10,1216,1496,164,78,-4,3,160,81,20,100,-160
24101,Nov 12 2017,World Cup qualifier in Switzerland,Switzerland,Northern Ireland,1881,1659,0,0,-15,15,1866,1674,16,44,-2,2,14,46,40,100,322
24102,Nov 12 2017,Friendly in Togo,Togo,Mauritius,1379,1073,6,0,4,-4,1383,1069,106,183,3,0,109,183,20,100,406
24103,Nov 13 2017,Friendly in Armenia,Armenia,Cyprus,1475,1416,3,2,6,-6,1481,1410,86,105,1,-1,87,104,20,100,159
24104,Nov 13 2017,Friendly in Portugal,Bulgaria,Saudi Arabia,1610,1604,1,0,10,-10,1620,1594,52,69,3,-4,55,65,20,0,6
24105,Nov 13 2017,Friendly in Georgia,Georgia,Belarus,1485,1494,2,2,-3,3,1482,1497,85,79,0,2,85,81,20,100,91
24106,Nov 13 2017,Friendly in the Netherlands,Iran,Venezuela,1791,1747,1,0,9,-9,1800,1738,20,38,1,-5,21,33,20,0,44
24107,Nov 13 2017,Friendly in Iraq,Iraq,Syria,1564,1608,1,1,-2,2,1562,1610,70,59,0,0,70,59,20,100,56
24108,Nov 13 2017,World Cup qualifier in Italy,Italy,Sweden,1916,1815,0,0,-10,10,1906,1825,10,18,0,1,10,19,40,100,201
24109,Nov 13 2017,Friendly in Kosovo,Kosovo,Latvia,1363,1369,4,3,7,-7,1370,1362,115,121,2,-2,117,119,20,100,94
24110,Nov 13 2017,Asian Cup qualifier in Thailand,North Korea,Malaysia,1447,1069,4,1,7,-7,1454,1062,96,187,0,-2,96,185,40,0,378
24111,Nov 13 2017,Friendly in Poland,Poland,Mexico,1855,1836,0,1,-13,13,1842,1849,19,16,-1,1,18,17,20,100,119
24112,Nov 13 2017,Friendly in Turkey,Turkey,Albania,1728,1593,2,3,-16,16,1712,1609,41,55,-3,5,38,60,20,100,235
24113,Nov 14 2017,Friendly in Algeria,Algeria,Central African Republic,1534,1302,3,0,5,-5,1539,1297,72,133,0,-1,72,132,20,100,332
24114,Nov 14 2017,Friendly in Austria,Austria,Uruguay,1697,1878,2,1,12,-12,1709,1866,39,14,2,-1,41,13,20,100,-81
24115,Nov 14 2017,Friendly in Belgium,Belgium,Japan,1925,1747,1,0,3,-3,1928,1744,8,34,0,-3,8,31,20,100,278
24116,Nov 14 2017,Asian Cup qualifier in Bhutan,Bhutan,Oman,593,1457,2,4,-1,1,592,1458,230,93,0,0,230,93,30,100,-764
24117,Nov 14 2017,World Cup qualifier in Burkina Faso,Burkina Faso,Cape Verde,1592,1442,4,0,14,-14,1606,1428,58,99,4,-1,62,98,40,100,250
24118,Nov 14 2017,Asian Cup qualifier in Cambodia,Cambodia,Jordan,812,1482,0,1,-1,1,811,1483,208,87,0,-1,208,86,20,100,-570
24119,Nov 14 2017,Friendly in China,China,Colombia,1578,1919,0,4,-7,7,1571,1926,68,9,0,0,68,9,20,100,-241
24120,Nov 14 2017,Friendly in England,England,Brazil,1931,2116,0,0,2,-2,1933,2114,7,1,0,0,7,1,20,100,-85
24121,Nov 14 2017,Friendly in Gabon,Gabon,Botswana,1422,1245,0,0,-7,7,1415,1252,102,146,0,2,102,148,20,100,277
24122,Nov 14 2017,Friendly in Germany,Germany,France,2115,1983,2,2,-6,6,2109,1989,2,4,0,1,2,5,20,100,232
24123,Nov 14 2017,Asian Cup qualifier in Hong Kong,Hong Kong,Lebanon,1202,1439,0,1,-12,12,1190,1451,170,96,-3,1,167,97,40,100,-137
24124,Nov 14 2017,Friendly in Hungary,Hungary,Costa Rica,1599,1757,1,0,12,-12,1611,1745,53,34,5,-4,58,30,20,100,-58
24125,Nov 14 2017,Asian Cup qualifier in India,India,Myanmar,1169,1083,2,2,-10,10,1159,1093,169,176,0,1,169,177,40,100,186
24126,Nov 14 2017,World Cup qualifier in Ireland,Ireland,Denmark,1777,1795,1,5,-46,46,1731,1841,45,16,-11,3,34,19,40,100,82
24127,Nov 14 2017,Asian Cup qualifier in Macao,Macao,Kyrgyzstan,680,1205,3,4,-3,3,677,1208,222,162,0,0,222,162,40,100,-425
24128,Nov 14 2017,Asian Cup qualifier in Nepal,Nepal,Philippines,886,1237,0,0,12,-12,898,1225,202,156,0,-1,202,155,40,100,-251
24129,Nov 14 2017,Friendly in Russia,Nigeria,Argentina,1673,2010,4,2,26,-26,1699,1984,39,8,4,-2,43,6,20,0,-337
24130,Nov 14 2017,Asian Cup qualifier in Palestine,Palestine,Maldives,1397,943,8,1,4,-4,1401,939,106,198,1,-1,107,197,40,100,554
24131,Nov 14 2017,Friendly in Portugal,Portugal,United States,2003,1743,1,1,-8,8,1995,1751,3,20,1,6,4,26,20,100,360
24132,Nov 14 2017,Friendly tournament in Qatar,Qatar,Iceland,1478,1820,1,1,9,-9,1487,1811,82,22,3,-1,85,21,30,100,-242
24133,Nov 14 2017,Friendly in Romania,Romania,Netherlands,1702,1882,0,3,-14,14,1688,1896,50,11,-4,0,46,11,20,100,-80
24134,Nov 14 2017,Friendly in Russia,Russia,Spain,1692,2037,3,3,6,-6,1698,2031,44,3,0,0,44,3,20,100,-245
24135,Nov 14 2017,World Cup qualifier in Senegal,Senegal,South Africa,1744,1551,2,1,6,-6,1750,1545,24,71,3,0,27,71,40,100,293
24136,Nov 14 2017,Asian Cup qualifier in Singapore,Singapore,Bahrain,1074,1382,0,3,-16,16,1058,1398,188,108,-3,1,185,109,40,100,-208
24137,Nov 14 2017,Friendly in Slovakia,Slovakia,Norway,1744,1585,1,0,4,-4,1748,1581,26,67,2,0,28,67,20,100,259
24138,Nov 14 2017,Friendly in South Korea,South Korea,Serbia,1712,1768,1,1,-1,1,1711,1769,42,22,-2,1,40,23,20,100,44
24139,Nov 14 2017,Asian Cup qualifier in Tajikistan,Tajikistan,Yemen,1220,1218,0,0,-6,6,1214,1224,164,153,-4,3,160,156,40,100,102
24140,Nov 14 2017,Friendly in Trinidad and Tobago,Trinidad and Tobago,Guyana,1428,1188,1,1,-8,8,1420,1196,103,163,-2,2,101,165,20,100,340
24141,Nov 14 2017,Asian Cup qualifier in Turkmenistan,Turkmenistan,Taiwan,1250,927,2,1,3,-3,1253,924,146,198,1,0,147,198,20,0,323
24142,Nov 14 2017,Friendly in the United Arab Emirates,United Arab Emirates,Uzbekistan,1528,1620,1,0,10,-10,1538,1610,71,63,2,-4,73,59,20,100,8
24143,Nov 14 2017,Asian Cup qualifier in Vietnam,Vietnam,Afghanistan,1283,1138,0,0,-12,12,1271,1150,144,170,-3,1,141,171,40,100,245
24144,Nov 14 2017,Friendly in Wales,Wales,Panama,1768,1666,1,1,-5,5,1763,1671,24,48,0,0,24,48,20,100,202
24145,Nov 15 2017,World Cup qualifier in Australia,Australia,Honduras,1712,1625,3,1,15,-15,1727,1610,32,63,3,-5,35,58,40,100,187
24146,Nov 15 2017,World Cup qualifier in Peru,Peru,New Zealand,1878,1529,2,0,4,-4,1882,1525,12,75,0,0,12,75,20,0,349
24147,Nov 19 2017,Friendly in Fiji,Fiji,Estonia,1214,1496,0,2,-8,8,1206,1504,164,78,-2,2,162,80,20,100,-182
24148,Nov 23 2017,Friendly in Vanuatu,Vanuatu,Estonia,1193,1504,0,1,-5,5,1188,1509,168,80,-1,0,167,80,20,100,-211
24149,Nov 25 2017,Friendly in Indonesia,Indonesia,Guyana,1227,1196,2,1,6,-6,1233,1190,154,165,0,0,154,165,20,100,131
24150,Nov 26 2017,Friendly in New Caledonia,New Caledonia,Estonia,1332,1509,1,1,2,-2,1334,1507,122,80,0,0,122,80,20,100,-77
24151,Dec 1 2017,Friendly tournament in Taiwan,Philippines,Laos,1225,785,3,1,3,-3,1228,782,155,212,0,0,155,212,30,0,440
24152,Dec 2 2017,Pacific Mini Games in Vanuatu,Fiji,Tuvalu,1206,726,8,0,6,-6,1212,720,160,216,1,-1,161,215,40,0,480
24153,Dec 2 2017,Pacific Mini Games in Vanuatu,Solomon Islands,Tonga,1178,564,8,0,3,-3,1181,561,168,233,0,0,168,233,40,0,614
24154,Dec 2 2017,Friendly in Saint Kitts and Nevis,Saint Kitts and Nevis,Grenada,1251,1115,1,0,4,-4,1255,1111,143,174,3,0,146,174,20,100,236
24155,Dec 2 2017,Pacific Mini Games in Vanuatu,Vanuatu,New Caledonia,1188,1334,2,1,23,-23,1211,1311,157,132,5,-5,162,127,40,100,-46
24156,Dec 3 2017,CECAFA Cup in Kenya,Kenya,Rwanda,1375,1293,2,0,16,-16,1391,1277,104,142,6,-3,110,139,40,100,182
24157,Dec 3 2017,Friendly tournament in Taiwan,Laos,East Timor,782,615,2,1,8,-8,790,607,212,228,0,0,212,228,30,0,167
24158,Dec 3 2017,CECAFA Cup in Kenya,Libya,Tanzania,1475,1350,0,0,-7,7,1468,1357,93,120,-2,0,91,120,40,0,125
24159,Dec 3 2017,Friendly tournament in Taiwan,Taiwan,Philippines,924,1228,3,0,40,-40,964,1188,188,179,5,-12,193,167,30,100,-204
24160,Dec 4 2017,CECAFA Cup in Kenya,Burundi,Uganda,1315,1490,0,0,9,-9,1324,1481,122,90,2,-3,124,87,40,0,-175
24161,Dec 4 2017,Friendly tournament in Taiwan,Taiwan,East Timor,964,607,3,1,3,-3,967,604,193,230,0,-1,193,229,20,0,357
24162,Dec 5 2017,Friendly tournament in Taiwan,East Timor,Philippines,604,1188,1,0,29,-29,633,1159,223,169,3,-1,226,168,30,0,-584
24163,Dec 5 2017,CECAFA Cup in Kenya,Ethiopia,South Sudan,1282,1065,3,0,16,-16,1298,1049,127,187,5,-2,132,185,40,0,217
24164,Dec 5 2017,CECAFA Cup in Kenya,Kenya,Libya,1391,1468,0,0,-1,1,1390,1469,110,91,0,0,110,91,20,100,23
24165,Dec 5 2017,Friendly tournament in Taiwan,Taiwan,Laos,967,790,2,0,8,-8,975,782,193,212,0,0,193,212,20,0,177
24166,Dec 5 2017,Pacific Mini Games in Vanuatu,Tuvalu,New Caledonia,720,1311,2,1,39,-39,759,1272,213,151,1,-12,214,139,40,0,-591
24167,Dec 5 2017,CECAFA Cup in Kenya,Zanzibar,Rwanda,1291,1277,3,1,29,-29,1320,1248,116,161,10,-11,126,150,40,0,14
24168,Dec 6 2017,Pacific Mini Games in Vanuatu,Fiji,Solomon Islands,1212,1181,0,0,-2,2,1210,1183,162,167,-1,0,161,167,40,0,31
24169,Dec 6 2017,Pacific Mini Games in Vanuatu,Vanuatu,Tonga,1211,561,5,0,1,-1,1212,560,159,233,1,0,160,233,20,0,650
24170,Dec 7 2017,CECAFA Cup in Kenya,Burundi,Ethiopia,1324,1298,4,1,32,-32,1356,1266,116,154,4,-11,120,143,40,0,26
24171,Dec 7 2017,CECAFA Cup in Kenya,Libya,Rwanda,1469,1248,0,0,-11,11,1458,1259,93,140,-1,5,92,145,30,100,321
24172,Dec 7 2017,CECAFA Cup in Kenya,Zanzibar,Tanzania,1320,1357,2,1,22,-22,1342,1335,116,126,5,-3,121,123,40,0,-37
24173,Dec 8 2017,CECAFA Cup in Kenya,Uganda,South Sudan,1481,1049,5,1,6,-6,1487,1043,81,185,3,0,84,185,40,0,432
24174,Dec 9 2017,East Asian Championship in Japan,China,South Korea,1571,1711,2,2,8,-8,1579,1703,68,44,0,-2,68,42,40,0,-140
24175,Dec 9 2017,East Asian Championship in Japan,Japan,North Korea,1744,1454,1,0,4,-4,1748,1450,25,98,3,-1,28,97,40,100,390
24176,Dec 9 2017,CECAFA Cup in Kenya,Kenya,Zanzibar,1390,1342,0,0,-8,8,1382,1350,112,121,-1,0,111,121,40,100,148
24177,Dec 9 2017,Pacific Mini Games in Vanuatu,New Caledonia,Tonga,1272,560,4,2,1,-1,1273,559,140,233,-1,0,139,233,30,0,712
24178,Dec 9 2017,CECAFA Cup in Kenya,Rwanda,Tanzania,1259,1335,2,1,24,-24,1283,1311,127,131,9,-4,136,127,40,0,-76
24179,Dec 9 2017,Pacific Mini Games in Vanuatu,Solomon Islands,Tuvalu,1183,759,6,0,7,-7,1190,752,163,214,2,0,165,214,40,0,424
24180,Dec 9 2017,Pacific Mini Games in Vanuatu,Vanuatu,Fiji,1212,1210,1,1,-6,6,1206,1216,164,155,-2,3,162,158,40,100,102
24181,Dec 10 2017,CECAFA Cup in Kenya,Ethiopia,Uganda,1266,1487,1,1,11,-11,1277,1476,132,92,6,-4,138,88,40,0,-221
24182,Dec 11 2017,CECAFA Cup in Kenya,Kenya,Tanzania,1382,1311,1,0,11,-11,1393,1300,109,135,1,-4,110,131,40,100,171
24183,Dec 11 2017,CECAFA Cup in Kenya,Libya,Zanzibar,1458,1350,1,0,14,-14,1472,1336,86,123,3,-1,89,122,40,0,108
24184,Dec 11 2017,CECAFA Cup in Kenya,South Sudan,Burundi,1043,1356,0,0,14,-14,1057,1342,185,120,0,0,185,120,40,0,-313
24185,Dec 12 2017,Pacific Mini Games in Vanuatu,Fiji,Tonga,1216,559,4,0,2,-2,1218,557,158,235,0,-1,158,234,40,0,657
24186,Dec 12 2017,East Asian Championship in Japan,Japan,China,1748,1579,2,1,7,-7,1755,1572,22,68,3,0,25,68,40,100,269
24187,Dec 12 2017,Pacific Mini Games in Vanuatu,Solomon Islands,New Caledonia,1190,1273,1,0,25,-25,1215,1248,155,160,5,-10,160,150,40,0,-83
24188,Dec 12 2017,East Asian Championship in Japan,South Korea,North Korea,1703,1450,1,0,8,-8,1711,1442,38,97,2,0,40,97,40,0,253
24189,Dec 12 2017,Pacific Mini Games in Vanuatu,Vanuatu,Tuvalu,1206,752,10,0,4,-4,1210,748,162,214,0,0,162,214,20,0,454
24190,Dec 14 2017,CECAFA Cup in Kenya,Kenya,Burundi,1393,1342,1,0,12,-12,1405,1330,104,126,3,-3,107,123,40,100,151
24191,Dec 14 2017,Friendly in Qatar,Qatar,Liechtenstein,1487,1150,1,2,-19,19,1468,1169,98,165,-7,3,91,168,20,100,437
24192,Dec 15 2017,Pacific Mini Games in Vanuatu,Fiji,New Caledonia,1218,1248,4,1,38,-38,1256,1210,132,172,13,-11,145,161,40,0,-30
24193,Dec 15 2017,Friendly in Oman,Oman,Yemen,1458,1224,1,0,3,-3,1461,1221,89,157,2,-1,91,156,20,100,334
24194,Dec 15 2017,Pacific Mini Games in Vanuatu,Tuvalu,Tonga,748,557,4,3,10,-10,758,547,214,234,0,0,214,234,40,0,191
24195,Dec 15 2017,Pacific Mini Games in Vanuatu,Vanuatu,Solomon Islands,1210,1215,3,2,15,-15,1225,1200,148,168,7,-4,155,164,30,0,-5
24196,Dec 15 2017,CECAFA Cup in Kenya,Zanzibar,Uganda,1336,1476,2,1,28,-28,1364,1448,117,105,2,-9,119,96,40,0,-140
24197,Dec 16 2017,East Asian Championship in Japan,China,North Korea,1572,1442,1,1,-7,7,1565,1449,68,95,0,1,68,96,40,0,130
24198,Dec 16 2017,East Asian Championship in Japan,Japan,South Korea,1755,1711,1,4,-49,49,1706,1760,59,10,-17,15,42,25,40,100,144
24199,Dec 17 2017,CECAFA Cup in Kenya,Kenya,Zanzibar,1405,1364,2,2,-8,8,1397,1372,113,115,-3,2,110,117,40,100,141
24200,Dec 17 2017,Friendly in the United Arab Emirates,United Arab Emirates,Iraq,1538,1562,1,0,8,-8,1546,1554,69,70,2,0,71,70,20,100,76
24201,Dec 17 2017,CECAFA Cup in Kenya,Uganda,Burundi,1448,1330,2,1,13,-13,1461,1317,85,127,6,-2,91,125,40,0,118
24202,Dec 18 2017,Friendly in Bahrain,Bahrain,Kuwait,1398,1460,0,0,-1,1,1397,1461,109,89,0,2,109,91,20,100,38
24203,Dec 22 2017,Gulf Cup in Kuwait,Kuwait,Saudi Arabia,1461,1594,1,2,-18,18,1443,1612,103,48,-6,9,97,57,40,100,-33
24204,Dec 22 2017,Gulf Cup in Kuwait,United Arab Emirates,Oman,1546,1461,1,0,15,-15,1561,1446,69,101,1,-5,70,96,40,0,85
24205,Dec 23 2017,Gulf Cup in Kuwait,Bahrain,Iraq,1397,1554,1,1,8,-8,1405,1546,105,71,2,0,107,71,40,0,-157
24206,Dec 23 2017,Gulf Cup in Kuwait,Qatar,Yemen,1468,1221,4,0,15,-15,1483,1206,78,168,6,-6,84,162,40,0,247
24207,Dec 25 2017,Friendly in Jordan,Jordan,Libya,1483,1472,1,1,-3,3,1480,1475,90,88,-3,0,87,88,20,100,111
24208,Dec 25 2017,Gulf Cup in Kuwait,Kuwait,Oman,1443,1446,0,1,-25,25,1418,1471,105,86,-4,5,101,91,40,100,97
24209,Dec 25 2017,Gulf Cup in Kuwait,Saudi Arabia,United Arab Emirates,1612,1561,0,0,-3,3,1609,1564,65,70,-4,0,61,70,40,0,51
24210,Dec 26 2017,Gulf Cup in Kuwait,Bahrain,Yemen,1405,1206,1,0,10,-10,1415,1196,97,168,5,-3,102,165,40,0,199
24211,Dec 26 2017,Gulf Cup in Kuwait,Iraq,Qatar,1546,1483,2,1,16,-16,1562,1467,71,98,0,-7,71,91,40,0,63
24212,Dec 28 2017,Gulf Cup in Kuwait,Kuwait,United Arab Emirates,1418,1564,0,0,3,-3,1421,1561,99,72,1,-1,100,71,40,100,-46
24213,Dec 28 2017,Gulf Cup in Kuwait,Oman,Saudi Arabia,1471,1609,2,0,41,-41,1512,1568,68,73,11,-6,79,67,40,0,-138
24214,Dec 29 2017,Gulf Cup in Kuwait,Bahrain,Qatar,1415,1467,1,1,3,-3,1418,1464,102,91,0,0,102,91,40,0,-52
24215,Dec 29 2017,Gulf Cup in Kuwait,Iraq,Yemen,1562,1196,3,0,8,-8,1570,1188,64,169,3,-2,67,167,40,0,366
24216,Jan 2 2018,Gulf Cup in Kuwait,Iraq,United Arab Emirates,1570,1561,0,0,-1,1,1569,1562,67,71,0,0,67,71,40,0,9
24217,Jan 2 2018,Gulf Cup in Kuwait,Oman,Bahrain,1512,1418,1,0,15,-15,1527,1403,71,112,4,-5,75,107,40,0,94
24218,Jan 5 2018,Gulf Cup in Kuwait,Oman,United Arab Emirates,1527,1562,0,0,2,-2,1529,1560,75,71,0,0,75,71,30,0,-35
24219,Jan 7 2018,Friendly in the United Arab Emirates,Estonia,Sweden,1507,1825,1,1,7,-7,1514,1818,79,20,1,0,80,20,20,0,-318
24220,Jan 11 2018,Friendly in the United Arab Emirates,Finland,Jordan,1595,1480,2,1,7,-7,1602,1473,65,89,0,-1,65,88,20,0,115
24221,Jan 14 2018,Friendly in Indonesia,Indonesia,Iceland,1233,1811,1,4,-2,2,1231,1813,154,21,0,0,154,21,20,100,-478
24222,Jan 27 2018,Friendly in Turkey,South Korea,Moldova,1760,1330,1,0,2,-2,1762,1328,25,123,0,0,25,123,20,0,430
24223,Jan 28 2018,Friendly in the United States,United States,Bosnia and Herzegovina,1751,1723,0,0,-4,4,1747,1727,31,34,-2,1,29,35,20,100,128
24224,Jan 30 2018,Friendly in Turkey,Azerbaijan,Moldova,1400,1328,0,0,-2,2,1398,1330,109,123,0,0,109,123,20,0,72
24225,Jan 30 2018,Friendly in Turkey,Jamaica,South Korea,1565,1762,2,2,5,-5,1570,1757,65,25,2,0,67,25,20,0,-197
24226,Jan 31 2018,Friendly in the United States,Mexico,Bosnia and Herzegovina,1849,1727,1,0,7,-7,1856,1720,15,39,1,-2,16,37,20,0,122
24227,Feb 3 2018,Friendly in Turkey,South Korea,Latvia,1757,1362,1,0,2,-2,1759,1360,25,120,0,0,25,120,20,0,395
24228,Feb 26 2018,Friendly in Saudi Arabia,Saudi Arabia,Moldova,1568,1330,3,0,4,-4,1572,1326,65,123,2,0,67,123,20,100,338
24229,Feb 28 2018,Friendly in Iraq,Iraq,Saudi Arabia,1569,1572,4,1,13,-13,1582,1559,63,75,3,-4,66,71,20,100,97
24230,Mar 17 2018,Friendly in Iran,Iran,Sierra Leone,1800,1379,4,0,2,-2,1802,1377,22,114,0,0,22,114,20,100,521
24231,Mar 20 2018,Friendly in Tahiti,Tahiti,New Caledonia,1220,1210,0,0,-3,3,1217,1213,158,160,-1,0,157,160,20,100,110
24232,Mar 21 2018,Friendly in Spain,Andorra,Liechtenstein,1011,1169,1,0,14,-14,1025,1155,188,174,0,-3,188,171,20,0,-158
24233,Mar 21 2018,Friendly tournament in Zambia,Angola,South Africa,1240,1545,1,1,11,-11,1251,1534,147,74,3,-1,150,73,30,0,-305
24234,Mar 21 2018,Friendly in Antigua and Barbuda,Antigua and Barbuda,Bermuda,1203,1198,3,2,7,-7,1210,1191,160,164,1,0,161,164,20,100,105
24235,Mar 21 2018,Friendly tournament in Iraq,Iraq,Qatar,1582,1464,2,3,-23,23,1559,1487,74,79,-4,6,70,85,30,100,218
24236,Mar 21 2018,Friendly in Jordan,Jordan,Kuwait,1473,1421,1,0,6,-6,1479,1415,88,102,0,-1,88,101,20,100,152
24237,Mar 21 2018,Friendly in Laos,Laos,Cambodia,782,811,0,1,-12,12,770,823,212,208,0,0,212,208,20,100,71
24238,Mar 21 2018,Friendly in France,Madagascar,Togo,1368,1383,0,0,0,0,1368,1383,119,111,0,0,119,111,20,0,-15
24239,Mar 21 2018,Friendly tournament in Zambia,Zambia,Zimbabwe,1502,1472,2,2,-5,5,1497,1477,82,89,0,0,82,89,30,100,130
24240,Mar 22 2018,Friendly in Algeria,Algeria,Tanzania,1539,1300,4,1,4,-4,1543,1296,70,131,1,0,71,131,20,100,339
24241,Mar 22 2018,Friendly in Bahrain,Bahrain,Palestine,1403,1401,0,0,-3,3,1400,1404,109,104,-1,2,108,106,20,100,102
24242,Mar 22 2018,Friendly in Belize,Belize,Grenada,1159,1111,4,2,9,-9,1168,1102,170,174,-1,0,169,174,20,100,148
24243,Mar 22 2018,Friendly in France,Burkina Faso,Guinea-Bissau,1606,1295,2,0,4,-4,1610,1291,54,136,4,-1,58,135,20,0,311
24244,Mar 22 2018,Friendly tournament in China,China,Wales,1565,1763,0,6,-23,23,1542,1786,76,22,-4,1,72,23,30,100,-98
24245,Mar 22 2018,Friendly in Denmark,Denmark,Panama,1841,1671,1,0,3,-3,1844,1668,17,48,1,0,18,48,20,100,270
24246,Mar 22 2018,Friendly in the Dominican Republic,Dominican Republic,Turks and Caicos Islands,1249,763,4,0,1,-1,1250,762,149,213,1,0,150,213,20,100,586
24247,Mar 22 2018,Friendly in Spain,Faroe Islands,Latvia,1280,1360,1,1,2,-2,1282,1358,137,120,0,0,137,120,20,0,-80
24248,Mar 22 2018,Asian Cup qualifier in South Korea,Kyrgyzstan,Myanmar,1208,1093,5,1,26,-26,1234,1067,146,187,8,-5,154,182,40,0,115
24249,Mar 22 2018,Friendly in Macao,Macao,Mauritius,677,1069,0,1,-3,3,674,1072,224,180,-1,1,223,181,20,100,-292
24250,Mar 22 2018,Friendly in Malaysia,Malaysia,Mongolia,1062,652,2,2,-9,9,1053,661,187,224,-2,0,185,224,20,100,510
24251,Mar 22 2018,Friendly in Malta,Malta,Luxembourg,1216,1321,0,1,-10,10,1206,1331,166,122,-4,1,162,123,20,100,-5
24252,Mar 22 2018,Friendly in Nicaragua,Nicaragua,Cuba,1267,1309,3,1,13,-13,1280,1296,133,135,5,-4,138,131,20,100,58
24253,Mar 22 2018,Friendly in the Philippines,Philippines,Fiji,1159,1256,3,2,10,-10,1169,1246,168,157,0,-6,168,151,20,100,3
24254,Mar 22 2018,King's Cup in Thailand,Slovakia,United Arab Emirates,1748,1560,2,1,8,-8,1756,1552,24,71,2,-1,26,70,30,0,188
24255,Mar 22 2018,King's Cup in Thailand,Thailand,Gabon,1406,1415,0,0,-4,4,1402,1419,108,101,-1,0,107,101,30,100,91
24256,Mar 23 2018,Friendly in England,Argentina,Italy,1984,1906,2,0,12,-12,1996,1894,4,12,1,-1,5,11,20,0,78
24257,Mar 23 2018,Friendly in Austria,Austria,Slovenia,1709,1639,3,0,10,-10,1719,1629,34,54,3,-1,37,53,20,100,170
24258,Mar 23 2018,Friendly in Azerbaijan,Azerbaijan,Belarus,1398,1497,0,1,-10,10,1388,1507,111,82,-1,0,110,82,20,100,1
24259,Mar 23 2018,Friendly in Bulgaria,Bulgaria,Bosnia and Herzegovina,1620,1720,0,1,-10,10,1610,1730,60,31,-3,3,57,34,20,100,0
24260,Mar 23 2018,Friendly in Curaçao,Curaçao,Bolivia,1268,1707,1,1,8,-8,1276,1699,137,47,3,-3,140,44,20,100,-339
24261,Mar 23 2018,Friendly in Cyprus,Cyprus,Montenegro,1410,1614,0,0,3,-3,1413,1611,104,56,0,0,104,56,20,100,-104
24262,Mar 23 2018,Friendly in Turkey,Finland,Macedonia,1602,1520,0,0,-2,2,1600,1522,65,78,0,0,65,78,20,0,82
24263,Mar 23 2018,Friendly in France,France,Colombia,1989,1926,2,3,-14,14,1975,1940,7,7,-1,1,6,8,20,100,163
24264,Mar 23 2018,Friendly in The Gambia,Gambia,Central African Republic,1277,1297,1,1,-2,2,1275,1299,143,130,-2,0,141,130,20,100,80
24265,Mar 23 2018,Friendly in Germany,Germany,Spain,2109,2031,1,1,-5,5,2104,2036,2,3,0,0,2,3,20,100,178
24266,Mar 23 2018,Friendly in Greece,Greece,Switzerland,1661,1866,0,1,-7,7,1654,1873,49,15,0,-1,49,14,20,100,-105
24267,Mar 23 2018,Friendly in Guadeloupe,Guadeloupe,Trinidad and Tobago,1266,1420,0,1,-8,8,1258,1428,144,94,0,3,144,97,20,100,-54
24268,Mar 23 2018,Friendly in Hungary,Hungary,Kazakhstan,1611,1340,2,3,-18,18,1593,1358,75,119,-9,1,66,120,20,100,371
24269,Mar 23 2018,Friendly in Belgium,Japan,Mali,1706,1515,1,1,-5,5,1701,1520,42,79,0,0,42,79,20,0,191
24270,Mar 23 2018,Friendly in the United States,Mexico,Iceland,1856,1813,3,0,15,-15,1871,1798,14,21,1,0,15,21,20,0,43
24271,Mar 23 2018,Friendly in Italy,Morocco,Serbia,1691,1769,2,1,12,-12,1703,1757,37,26,4,-1,41,25,20,0,-78
24272,Mar 23 2018,Friendly in the Netherlands,Netherlands,England,1896,1933,0,1,-12,12,1884,1945,13,7,-1,0,12,7,20,100,63
24273,Mar 23 2018,Friendly in Norway,Norway,Australia,1581,1727,4,1,20,-20,1601,1707,62,45,2,-5,64,40,20,100,-46
24274,Mar 23 2018,Friendly in the United States,Peru,Croatia,1882,1856,2,0,14,-14,1896,1842,8,20,2,-2,10,18,20,0,26
24275,Mar 23 2018,Friendly in Poland,Poland,Nigeria,1842,1699,0,1,-16,16,1826,1715,19,33,0,5,19,38,20,100,243
24276,Mar 23 2018,Friendly in Switzerland,Portugal,Egypt,1995,1657,2,1,3,-3,1998,1654,4,48,0,1,4,49,20,0,338
24277,Mar 23 2018,Friendly in Russia,Russia,Brazil,1698,2114,0,3,-5,5,1693,2119,46,1,-1,0,45,1,20,100,-316
24278,Mar 23 2018,Friendly in Spain,Saudi Arabia,Ukraine,1559,1738,1,1,5,-5,1564,1733,68,34,0,-1,68,33,20,0,-179
24279,Mar 23 2018,Friendly in Scotland,Scotland,Costa Rica,1721,1745,0,1,-12,12,1709,1757,42,19,-3,6,39,25,20,100,76
24280,Mar 23 2018,Friendly in Morocco,Senegal,Uzbekistan,1750,1610,1,1,-4,4,1746,1614,34,52,-3,3,31,55,20,0,140
24281,Mar 23 2018,Friendly in Singapore,Singapore,Maldives,1058,939,3,2,4,-4,1062,935,183,198,0,0,183,198,20,100,219
24282,Mar 23 2018,Friendly in Tahiti,Tahiti,New Caledonia,1217,1213,4,3,7,-7,1224,1206,156,162,1,-1,157,161,20,100,104
24283,Mar 23 2018,Friendly in Tunisia,Tunisia,Iran,1622,1802,1,0,12,-12,1634,1790,51,22,1,0,52,22,20,100,-80
24284,Mar 23 2018,Friendly in Turkey,Turkey,Ireland,1712,1731,1,0,8,-8,1720,1723,33,36,3,-1,36,35,20,100,81
24285,Mar 23 2018,Friendly tournament in China,Uruguay,Czechia,1866,1713,2,0,13,-13,1879,1700,13,48,0,-5,13,43,30,0,153
24286,Mar 24 2018,Friendly tournament in Zambia,Angola,Zimbabwe,1251,1477,2,2,9,-9,1260,1468,139,91,5,-1,144,90,30,0,-226
24287,Mar 24 2018,Friendly in Armenia,Armenia,Estonia,1481,1514,0,0,-2,2,1479,1516,85,78,1,1,86,79,20,100,67
24288,Mar 24 2018,Friendly in Botswana,Botswana,Lesotho,1252,1270,1,0,8,-8,1260,1262,140,143,4,0,144,143,20,100,82
24289,Mar 24 2018,Friendly in Spain,Canada,New Zealand,1524,1525,1,0,10,-10,1534,1515,71,84,3,-4,74,80,20,0,-1
24290,Mar 24 2018,Friendly in Georgia,Georgia,Lithuania,1482,1407,4,0,10,-10,1492,1397,82,111,2,-3,84,108,20,100,175
24291,Mar 24 2018,Friendly in Israel,Israel,Romania,1534,1688,1,2,-8,8,1526,1696,79,44,-3,1,76,45,20,100,-54
24292,Mar 24 2018,Friendly in France,Ivory Coast,Togo,1603,1383,2,2,-6,6,1597,1389,67,107,-2,2,65,109,20,0,220
24293,Mar 24 2018,Friendly in Morocco,Kenya,Comoros,1397,1040,2,2,-8,8,1389,1048,109,186,0,0,109,186,20,0,357
24294,Mar 24 2018,Friendly in France,Kosovo,Madagascar,1370,1368,1,0,10,-10,1380,1358,110,119,4,0,114,119,20,0,2
24295,Mar 24 2018,Friendly in Mauritania,Mauritania,Guinea,1301,1472,2,0,18,-18,1319,1454,121,97,4,-3,125,94,20,100,-71
24296,Mar 24 2018,Friendly in Northern Ireland,Northern Ireland,South Korea,1674,1759,2,1,10,-10,1684,1749,47,32,0,-4,47,28,20,100,15
24297,Mar 24 2018,Friendly tournament in Iraq,Qatar,Syria,1487,1610,2,2,5,-5,1492,1605,83,65,1,-4,84,61,30,0,-123
24298,Mar 24 2018,Friendly in Sweden,Sweden,Chile,1818,1860,1,2,-12,12,1806,1872,20,14,0,1,20,15,20,100,58
24299,Mar 24 2018,Friendly in Uganda,Uganda,São Tomé and Príncipe,1461,1078,3,1,2,-2,1463,1076,90,181,1,-1,91,180,20,100,483
24300,Mar 24 2018,Friendly tournament in Zambia,Zambia,South Africa,1497,1534,0,2,-27,27,1470,1561,95,65,-6,4,89,69,30,100,63
24301,Mar 25 2018,Friendly in Barbados,Barbados,Bermuda,1138,1191,0,0,-1,1,1137,1192,173,164,0,0,173,164,20,100,47
24302,Mar 25 2018,Friendly in France,Congo,Guinea-Bissau,1382,1291,2,0,11,-11,1393,1280,106,139,3,-2,109,137,20,0,91
24303,Mar 25 2018,Friendly in the Dominican Republic,Dominican Republic,Saint Kitts and Nevis,1250,1255,2,1,7,-7,1257,1248,144,153,3,-3,147,150,20,100,95
24304,Mar 25 2018,Friendly in Spain,Faroe Islands,Liechtenstein,1282,1155,3,0,11,-11,1293,1144,133,173,2,-1,135,172,20,0,127
24305,Mar 25 2018,King's Cup in Thailand,Gabon,United Arab Emirates,1419,1552,1,0,20,-20,1439,1532,93,77,4,-3,97,74,30,0,-133
24306,Mar 25 2018,Friendly in Gibraltar,Gibraltar,Latvia,1079,1358,1,0,15,-15,1094,1343,176,123,1,-2,177,121,20,100,-179
24307,Mar 25 2018,Friendly in Jamaica,Jamaica,Antigua and Barbuda,1570,1210,1,1,-9,9,1561,1219,69,156,-1,2,68,158,20,100,460
24308,Mar 25 2018,Friendly in Kuwait,Kuwait,Cameroon,1415,1645,1,3,-10,10,1405,1655,106,47,-2,2,104,49,20,100,-130
24309,Mar 25 2018,Friendly in Martinique,Martinique,Trinidad and Tobago,1426,1428,0,0,-3,3,1423,1431,103,99,-2,-1,101,98,20,100,98
24310,Mar 25 2018,Friendly in Nicaragua,Nicaragua,Cuba,1280,1296,3,3,-2,2,1278,1298,138,131,0,0,138,131,20,100,84
24311,Mar 25 2018,King's Cup in Thailand,Thailand,Slovakia,1402,1756,2,3,-6,6,1396,1762,110,22,-2,2,108,24,30,100,-254
24312,Mar 26 2018,Friendly in Albania,Albania,Norway,1609,1601,0,1,-13,13,1596,1614,70,47,-5,8,65,55,20,100,108
24313,Mar 26 2018,Friendly in Hungary,Bulgaria,Kazakhstan,1610,1358,2,1,4,-4,1614,1354,53,121,2,-1,55,120,20,0,252
24314,Mar 26 2018,Friendly tournament in China,China,Czechia,1542,1700,1,4,-22,22,1520,1722,82,29,-5,7,77,36,30,100,-58
24315,Mar 26 2018,Friendly in Curaçao,Curaçao,Bolivia,1276,1699,1,0,17,-17,1293,1682,130,50,5,-3,135,47,20,100,-323
24316,Mar 26 2018,Friendly in Turkey,Finland,Malta,1600,1206,5,0,4,-4,1604,1202,62,163,1,-1,63,162,20,0,394
24317,Mar 26 2018,Friendly in Switzerland,Netherlands,Portugal,1884,1998,3,0,23,-23,1907,1975,8,6,2,-1,10,5,20,0,-114
24318,Mar 26 2018,Friendly tournament in China,Uruguay,Wales,1879,1786,1,0,11,-11,1890,1775,13,23,0,0,13,23,30,0,93
24319,Mar 27 2018,Asian Cup qualifier in Tajikistan,Afghanistan,Cambodia,1150,823,2,1,5,-5,1155,818,169,208,1,0,170,208,40,0,327
24320,Mar 27 2018,Friendly in Armenia,Armenia,Lithuania,1479,1397,0,1,-15,15,1464,1412,94,103,-4,2,90,105,20,100,182
24321,Mar 27 2018,Friendly in England,Australia,Colombia,1707,1940,0,0,6,-6,1713,1934,39,8,1,0,40,8,20,0,-233
24322,Mar 27 2018,Friendly in Turkey,Azerbaijan,Macedonia,1388,1522,1,1,4,-4,1392,1518,110,82,1,-3,111,79,20,0,-134
24323,Mar 27 2018,Asian Cup qualifier in Bahrain,Bahrain,Turkmenistan,1400,1253,4,0,15,-15,1415,1238,98,159,4,-5,102,154,40,100,247
24324,Mar 27 2018,Friendly in Belgium,Belgium,Saudi Arabia,1928,1564,4,0,2,-2,1930,1562,9,67,0,0,9,67,20,100,464
24325,Mar 27 2018,Friendly in France,Bosnia and Herzegovina,Senegal,1730,1746,0,0,0,0,1730,1746,34,25,0,3,34,28,20,0,-16
24326,Mar 27 2018,Friendly in Morocco,Central African Republic,Kenya,1299,1389,3,2,13,-13,1312,1376,128,122,1,-6,129,116,20,0,-90
24327,Mar 27 2018,Friendly in the United States,Croatia,Mexico,1842,1871,1,0,11,-11,1853,1860,16,16,1,0,17,16,20,0,-29
24328,Mar 27 2018,Friendly in Denmark,Denmark,Chile,1844,1872,0,0,-2,2,1842,1874,19,15,-1,0,18,15,20,100,72
24329,Mar 27 2018,Friendly in England,England,Italy,1945,1894,1,1,-4,4,1941,1898,7,12,0,0,7,12,20,100,151
24330,Mar 27 2018,Friendly in Georgia,Georgia,Estonia,1492,1516,2,0,12,-12,1504,1504,80,85,2,-3,82,82,20,100,76
24331,Mar 27 2018,Friendly in Germany,Germany,Brazil,2104,2119,0,1,-12,12,2092,2131,2,1,0,0,2,1,20,100,85
24332,Mar 27 2018,Friendly in Switzerland,Greece,Egypt,1654,1654,1,0,10,-10,1664,1644,46,54,2,-2,48,52,20,0,0
24333,Mar 27 2018,Friendly in Hungary,Hungary,Scotland,1593,1709,0,1,-10,10,1583,1719,64,38,1,1,65,39,20,100,-16
24334,Mar 27 2018,Friendly in Austria,Iran,Algeria,1790,1543,2,1,4,-4,1794,1539,20,71,1,0,21,71,20,0,247
24335,Mar 27 2018,Friendly tournament in Iraq,Iraq,Syria,1559,1605,1,1,-2,2,1557,1607,70,55,0,3,70,58,20,100,54
24336,Mar 27 2018,Friendly in France,Ivory Coast,Moldova,1597,1326,2,1,3,-3,1600,1323,60,124,2,0,62,124,20,0,271
24337,Mar 27 2018,Asian Cup qualifier in Jordan,Jordan,Vietnam,1479,1271,1,1,-14,14,1465,1285,92,132,-3,5,89,137,40,100,308
24338,Mar 27 2018,Friendly in France,Kosovo,Burkina Faso,1380,1610,2,0,24,-24,1404,1586,100,69,7,-5,107,64,20,0,-230
24339,Mar 27 2018,Asian Cup qualifier in Kyrgyzstan,Kyrgyzstan,India,1234,1159,2,1,11,-11,1245,1148,148,172,3,-1,151,171,40,100,175
24340,Mar 27 2018,Friendly in Laos,Laos,Bangladesh,770,803,2,2,-2,2,768,805,212,209,0,0,212,209,20,100,67
24341,Mar 27 2018,Asian Cup qualifier in Lebanon,Lebanon,Malaysia,1451,1053,2,1,2,-2,1453,1051,97,183,-1,1,96,184,20,0,398
24342,Mar 27 2018,Friendly in Luxembourg,Luxembourg,Austria,1331,1719,0,4,-6,6,1325,1725,123,32,0,3,123,35,20,100,-288
24343,Mar 27 2018,Asian Cup qualifier in the Maldives,Maldives,Bhutan,935,592,7,0,7,-7,942,585,198,230,0,0,198,230,40,100,443
24344,Mar 27 2018,Friendly in Mongolia,Mongolia,Mauritius,661,1072,0,2,-4,4,657,1076,224,179,0,1,224,180,20,100,-311
24345,Mar 27 2018,Friendly in Montenegro,Montenegro,Turkey,1611,1720,2,2,0,0,1611,1720,54,39,2,-1,56,38,20,100,-9
24346,Mar 27 2018,Friendly in Morocco,Morocco,Uzbekistan,1703,1614,2,0,8,-8,1711,1606,40,63,1,-4,41,59,20,100,189
24347,Mar 27 2018,Asian Cup qualifier in Myanmar,Myanmar,Macao,1067,674,1,0,2,-2,1069,672,182,223,0,0,182,223,20,0,393
24348,Mar 27 2018,Friendly in Namibia,Namibia,Lesotho,1377,1262,2,1,4,-4,1381,1258,113,147,1,-2,114,145,20,100,215
24349,Mar 27 2018,Asian Cup qualifier in North Korea,North Korea,Hong Kong,1449,1190,2,0,7,-7,1456,1183,90,171,3,-3,93,168,40,100,359
24350,Mar 27 2018,Asian Cup qualifier in Oman,Oman,Palestine,1529,1404,1,0,9,-9,1538,1395,70,113,2,-4,72,109,40,100,225
24351,Mar 27 2018,Friendly in the United States,Peru,Iceland,1896,1798,3,1,11,-11,1907,1787,9,23,1,-1,10,22,20,0,98
24352,Mar 27 2018,Asian Cup qualifier in the Philippines,Philippines,Tajikistan,1169,1214,2,1,17,-17,1186,1197,166,166,1,-3,167,163,30,0,-45
24353,Mar 27 2018,Friendly in Poland,Poland,South Korea,1826,1749,3,2,5,-5,1831,1744,19,32,0,-2,19,30,20,100,177
24354,Mar 27 2018,Friendly in Romania,Romania,Sweden,1696,1806,1,0,10,-10,1706,1796,40,20,2,0,42,20,20,100,-10
24355,Mar 27 2018,Friendly in Russia,Russia,France,1693,1975,1,3,-8,8,1685,1983,45,5,0,0,45,5,20,100,-182
24356,Mar 27 2018,Friendly in England,Serbia,Nigeria,1757,1715,2,0,13,-13,1770,1702,23,47,1,-4,24,43,20,0,42
24357,Mar 27 2018,Friendly in the Seychelles,Seychelles,Swaziland,940,1295,0,0,6,-6,946,1289,195,138,1,-2,196,136,20,100,-255
24358,Mar 27 2018,Friendly in Slovenia,Slovenia,Belarus,1629,1507,0,2,-23,23,1606,1530,65,68,-6,7,59,75,20,100,222
24359,Mar 27 2018,Friendly in Spain,Spain,Argentina,2036,1996,6,1,12,-12,2048,1984,3,4,0,0,3,4,20,100,140
24360,Mar 27 2018,Friendly in Switzerland,Switzerland,Panama,1873,1668,6,0,6,-6,1879,1662,14,50,0,-1,14,49,20,100,305
24361,Mar 27 2018,Asian Cup qualifier in Taiwan,Taiwan,Singapore,975,1062,1,0,19,-19,994,1043,191,189,1,-3,192,186,30,0,-87
24362,Mar 27 2018,Friendly in Tanzania,Tanzania,DR Congo,1296,1605,2,0,23,-23,1319,1582,118,71,7,-5,125,66,20,100,-209
24363,Mar 27 2018,Friendly in France,Tunisia,Costa Rica,1634,1757,1,0,13,-13,1647,1744,50,35,1,-5,51,30,20,0,-123
24364,Mar 27 2018,Friendly in Uganda,Uganda,Malawi,1463,1303,0,0,-6,6,1457,1309,91,131,0,-1,91,130,20,100,260
24365,Mar 27 2018,Friendly in Belgium,Ukraine,Japan,1733,1701,2,1,9,-9,1742,1692,31,45,1,-1,32,44,20,0,32
24366,Mar 27 2018,Friendly in the United States,United States,Paraguay,1747,1753,1,0,7,-7,1754,1746,23,29,3,-1,26,28,20,100,94
24367,Mar 27 2018,Asian Cup qualifier in Qatar,Yemen,Nepal,1188,898,2,1,6,-6,1194,892,161,202,3,0,164,202,40,0,290
24368,Apr 1 2018,Friendly in Antigua and Barbuda,Antigua and Barbuda,Dominica,1219,1005,0,0,-7,7,1212,1012,160,189,-1,0,159,189,20,100,314
24369,Apr 1 2018,Friendly in Malaysia,Malaysia,Bhutan,1051,585,7,0,2,-2,1053,583,184,230,0,0,184,230,20,100,566
24370,Apr 17 2018,Friendly in Trinidad and Tobago,Trinidad and Tobago,Panama,1431,1662,0,1,-6,6,1425,1668,100,47,-1,1,99,48,20,100,-131
24371,Apr 18 2018,Friendly in Zimbabwe,Zimbabwe,Botswana,1468,1260,0,1,-17,17,1451,1277,104,139,-8,2,96,141,20,100,308
24372,Apr 19 2018,Friendly in Eswatini,Eswatini,Namibia,1289,1381,1,0,10,-10,1299,1371,128,122,4,-4,132,118,20,100,8
24373,Apr 26 2018,Friendly in Saint Kitts and Nevis,Saint Kitts and Nevis,Jamaica,1248,1561,1,3,-7,7,1241,1568,157,66,-4,1,153,67,20,100,-213
24374,Apr 29 2018,Friendly in Antigua and Barbuda,Antigua and Barbuda,Jamaica,1212,1568,0,2,-6,6,1206,1574,159,67,0,0,159,67,20,100,-256
24375,Apr 29 2018,Friendly in Saint Barthélemy,Saint Barthélemy,Saint Martin,695,867,3,1,18,-18,713,849,215,206,1,-1,216,205,20,100,-72
24376,May 8 2018,Friendly in Iraq,Iraq,Palestine,1557,1395,0,0,-6,6,1551,1401,70,107,0,1,70,108,20,100,262
24377,May 9 2018,Friendly in Spain,Saudi Arabia,Algeria,1562,1539,2,0,14,-14,1576,1525,66,81,1,-5,67,76,20,0,23
24378,May 11 2018,Friendly in Kuwait,Kuwait,Palestine,1405,1401,2,0,11,-11,1416,1390,98,114,4,-3,102,111,20,100,104
24379,May 15 2018,Friendly in Spain,Saudi Arabia,Greece,1576,1664,2,0,19,-19,1595,1645,61,53,3,-2,64,51,20,0,-88
24380,May 19 2018,Friendly in Iran,Iran,Uzbekistan,1794,1606,1,0,3,-3,1797,1603,19,63,1,-2,20,61,20,100,288
24381,May 20 2018,Friendly in Jordan,Jordan,Cyprus,1465,1413,3,0,10,-10,1475,1403,84,109,2,-2,86,107,20,100,152
24382,May 25 2018,Friendly in Kenya,Kenya,Eswatini,1376,1299,0,1,-15,15,1361,1314,121,126,-3,3,118,129,20,100,177
24383,May 25 2018,Friendly in Kuwait,Kuwait,Egypt,1416,1644,1,1,4,-4,1420,1640,102,52,0,0,102,52,20,100,-128
24384,May 26 2018,Friendly in China,China,Myanmar,1520,1069,1,0,1,-1,1521,1068,77,182,0,0,77,182,20,0,451
24385,May 26 2018,Friendly in Saint Barthélemy,Saint Barthélemy,Sint Maarten,713,884,5,3,18,-18,731,866,214,203,1,0,215,203,20,100,-71
24386,May 27 2018,Friendly in France,Burkina Faso,Cameroon,1586,1655,1,0,12,-12,1598,1643,61,53,2,-2,63,51,20,0,-69
24387,May 27 2018,COSAFA Cup in South Africa,Comoros,Seychelles,1048,946,1,1,-6,6,1042,952,187,194,-1,1,186,195,40,0,102
24388,May 27 2018,COSAFA Cup in South Africa,Madagascar,Mozambique,1358,1316,2,1,18,-18,1376,1298,111,136,4,-4,115,132,40,0,42
24389,May 27 2018,Friendly tournament in Niger,Niger,Central African Republic,1296,1312,3,3,-4,4,1292,1316,138,126,-2,2,136,128,30,100,84
24390,May 28 2018,Friendly in Bosnia and Herzegovina,Bosnia and Herzegovina,Montenegro,1730,1611,0,0,-6,6,1724,1617,38,50,-2,3,36,53,20,100,219
24391,May 28 2018,COSAFA Cup in South Africa,Botswana,Angola,1277,1260,2,1,19,-19,1296,1241,125,160,8,-8,133,152,40,0,17
24392,May 28 2018,Friendly in France,France,Ireland,1983,1723,2,0,3,-3,1986,1720,3,40,1,-2,4,38,20,100,360
24393,May 28 2018,Friendly in Switzerland,Italy,Saudi Arabia,1898,1595,2,1,3,-3,1901,1592,12,65,0,0,12,65,20,0,303
24394,May 28 2018,Friendly in Kenya,Kenya,Equatorial Guinea,1361,1332,1,0,6,-6,1367,1326,119,122,0,0,119,122,20,100,129
24395,May 28 2018,COSAFA Cup in South Africa,Mauritius,Malawi,1076,1309,1,0,32,-32,1108,1277,168,152,6,-11,174,141,40,0,-233
24396,May 28 2018,Friendly in the United States,Mexico,Wales,1860,1775,0,0,-2,2,1858,1777,16,23,0,0,16,23,20,0,85
24397,May 28 2018,Friendly in Nigeria,Nigeria,DR Congo,1702,1582,1,1,-6,6,1696,1588,43,65,0,1,43,66,20,100,220
24398,May 28 2018,Friendly in Portugal,Portugal,Tunisia,1975,1647,2,2,-8,8,1967,1655,6,49,0,0,6,49,20,100,428
24399,May 28 2018,Friendly in South Korea,South Korea,Honduras,1744,1610,2,0,6,-6,1750,1604,24,61,3,-2,27,59,20,100,234
24400,May 28 2018,Friendly in Turkey,Turkey,Iran,1720,1797,2,1,9,-9,1729,1788,30,22,4,-1,34,21,20,100,23
24401,May 28 2018,Friendly in the United States,United States,Bolivia,1754,1682,3,0,9,-9,1763,1673,24,47,1,0,25,47,20,100,172
24402,May 29 2018,Friendly in Argentina,Argentina,Haiti,1984,1495,4,0,1,-1,1985,1494,5,84,0,0,5,84,20,100,589
24403,May 29 2018,Friendly in Austria,Armenia,Malta,1464,1202,1,1,-6,6,1458,1208,89,157,0,2,89,159,20,0,262
24404,May 29 2018,Friendly in Azerbaijan,Azerbaijan,Kyrgyzstan,1392,1245,3,0,7,-7,1399,1238,106,157,2,-4,108,153,20,100,247
24405,May 29 2018,Friendly in Switzerland,Kosovo,Albania,1404,1596,3,0,26,-26,1430,1570,90,72,8,-4,98,68,20,0,-192
24406,May 29 2018,COSAFA Cup in South Africa,Madagascar,Seychelles,1376,952,1,1,-17,17,1359,969,123,193,-4,1,119,194,40,0,424
24407,May 29 2018,COSAFA Cup in South Africa,Mozambique,Comoros,1298,1042,3,0,13,-13,1311,1029,129,186,1,0,130,186,40,0,256
24408,May 29 2018,Friendly in Panama,Panama,Northern Ireland,1668,1684,0,0,-2,2,1666,1686,48,44,0,1,48,45,20,100,84
24409,May 29 2018,Friendly in Peru,Peru,Scotland,1907,1719,2,0,5,-5,1912,1714,10,39,0,0,10,39,20,100,288
24410,May 30 2018,COSAFA Cup in South Africa,Angola,Mauritius,1241,1108,1,0,13,-13,1254,1095,145,180,3,-3,148,177,40,0,133
24411,May 30 2018,Friendly in Austria,Austria,Russia,1725,1685,1,0,6,-6,1731,1679,33,44,1,1,34,45,20,100,140
24412,May 30 2018,COSAFA Cup in South Africa,Botswana,Malawi,1296,1277,1,1,-1,1,1295,1278,133,139,0,1,133,140,20,0,19
24413,May 30 2018,Friendly tournament in Niger,Central African Republic,Uganda,1316,1457,1,0,21,-21,1337,1436,116,104,6,-7,122,97,30,0,-141
24414,May 30 2018,Baltic Cup in Estonia,Estonia,Lithuania,1504,1412,2,0,11,-11,1515,1401,78,108,2,-1,80,107,20,0,92
24415,May 30 2018,Friendly in Japan,Japan,Ghana,1692,1616,0,2,-22,22,1670,1638,50,52,-3,1,47,53,20,100,176
24416,May 31 2018,Friendly in Luxembourg,Luxembourg,Senegal,1325,1746,0,0,7,-7,1332,1739,122,35,1,-3,123,32,20,100,-321
24417,May 31 2018,COSAFA Cup in South Africa,Madagascar,Comoros,1359,1029,1,0,5,-5,1364,1024,119,190,0,-2,119,188,40,0,330
24418,May 31 2018,Friendly in Switzerland,Morocco,Ukraine,1711,1742,0,0,1,-1,1712,1741,43,30,-1,1,42,31,20,0,-31
24419,May 31 2018,COSAFA Cup in South Africa,Mozambique,Seychelles,1311,969,2,1,5,-5,1316,964,128,194,1,0,129,194,40,0,342
24420,May 31 2018,Friendly in Austria,Romania,Chile,1706,1874,3,2,14,-14,1720,1860,34,15,4,0,38,15,20,0,-168
24421,May 31 2018,Friendly in Slovakia,Slovakia,Netherlands,1762,1907,1,1,1,-1,1763,1906,24,11,1,0,25,11,20,100,-45
24422,Jun 1 2018,Friendly in Algeria,Algeria,Cape Verde,1525,1428,2,3,-15,15,1510,1443,88,93,-6,3,82,96,20,100,197
24423,Jun 1 2018,COSAFA Cup in South Africa,Angola,Malawi,1254,1278,0,0,1,-1,1255,1277,146,142,1,-1,147,141,20,0,-24
24424,Jun 1 2018,Friendly in Austria,Australia,Czechia,1713,1722,4,0,19,-19,1732,1703,27,47,7,-5,34,42,20,0,-9
24425,Jun 1 2018,COSAFA Cup in South Africa,Botswana,Mauritius,1295,1095,6,0,20,-20,1315,1075,127,185,3,-4,130,181,40,0,200
24426,Jun 1 2018,Friendly in Italy,Colombia,Egypt,1934,1640,0,0,-7,7,1927,1647,10,48,-1,2,9,50,20,0,294
24427,Jun 1 2018,Friendly in France,France,Italy,1986,1901,3,1,8,-8,1994,1893,4,12,0,0,4,12,20,100,185
24428,Jun 1 2018,Friendly in Austria,Georgia,Malta,1504,1208,1,0,3,-3,1507,1205,83,163,0,-2,83,161,20,0,296
24429,Jun 1 2018,Friendly tournament in India,India,Taiwan,1148,994,5,0,11,-11,1159,983,169,194,1,-1,170,193,30,100,254
24430,Jun 1 2018,Friendly in South Korea,South Korea,Bosnia and Herzegovina,1750,1724,1,3,-20,20,1730,1744,45,22,-9,7,36,29,20,100,126
24431,Jun 1 2018,Friendly in Switzerland,Tunisia,Turkey,1655,1729,2,2,2,-2,1657,1727,49,39,0,-2,49,37,20,0,-74
24432,Jun 2 2018,Friendly in Austria,Austria,Germany,1731,2092,2,1,16,-16,1747,2076,19,2,8,0,27,2,20,100,-261
24433,Jun 2 2018,Friendly in Belgium,Belgium,Portugal,1930,1967,0,0,-2,2,1928,1969,8,6,0,0,8,6,20,100,63
24434,Jun 2 2018,Friendly in the United States,El Salvador,Honduras,1457,1604,1,0,14,-14,1471,1590,86,69,2,-5,88,64,20,0,-147
24435,Jun 2 2018,Friendly in England,England,Nigeria,1941,1696,2,1,2,-2,1943,1694,7,43,0,0,7,43,20,100,345
24436,Jun 2 2018,Friendly in Iceland,Iceland,Norway,1787,1614,2,3,-17,17,1770,1631,24,53,-1,1,23,54,20,100,273
24437,Jun 2 2018,Friendly in Ireland,Ireland,United States,1720,1763,2,1,8,-8,1728,1755,36,27,1,-1,37,26,20,100,57
24438,Jun 2 2018,Friendly tournament in India,Kenya,New Zealand,1367,1515,2,1,21,-21,1388,1494,106,87,6,-4,112,83,30,0,-148
24439,Jun 2 2018,Baltic Cup in Latvia,Latvia,Estonia,1343,1515,1,0,18,-18,1361,1497,119,85,1,-3,120,82,30,100,-72
24440,Jun 2 2018,COSAFA Cup in South Africa,Lesotho,Eswatini,1258,1314,1,0,23,-23,1281,1291,134,141,5,-5,139,136,40,0,-56
24441,Jun 2 2018,Friendly in Mexico,Mexico,Scotland,1858,1714,1,0,4,-4,1862,1710,14,42,1,-1,15,41,20,100,244
24442,Jun 2 2018,Friendly in Montenegro,Montenegro,Slovenia,1617,1606,0,2,-20,20,1597,1626,70,52,-8,3,62,55,20,100,111
24443,Jun 2 2018,COSAFA Cup in South Africa,Namibia,Zambia,1371,1470,0,0,6,-6,1377,1464,113,90,2,-1,115,89,40,0,-99
24444,Jun 2 2018,Friendly tournament in Niger,Niger,Uganda,1292,1436,2,1,17,-17,1309,1419,126,108,5,-5,131,103,30,100,-44
24445,Jun 2 2018,World Football Cup in England,Northern Cyprus,Tibet,1455,631,3,1,1,-1,1456,630,90,227,1,0,91,227,40,0,824
24446,Jun 2 2018,Friendly in Sweden,Sweden,Denmark,1796,1842,0,0,-2,2,1794,1844,20,18,0,0,20,18,20,100,54
24447,Jun 2 2018,Friendly in Thailand,Thailand,China,1396,1521,0,2,-14,14,1382,1535,117,68,-4,4,113,72,20,100,-25
24448,Jun 3 2018,Friendly in Portugal,Andorra,Cape Verde,1025,1443,0,0,8,-8,1033,1435,185,98,1,-1,186,97,20,0,-418
24449,Jun 3 2018,Friendly in Barbados,Barbados,Belize,1137,1168,0,0,-2,2,1135,1170,173,169,0,0,173,169,20,100,69
24450,Jun 3 2018,COSAFA Cup in South Africa,Botswana,Zimbabwe,1315,1451,1,1,7,-7,1322,1444,122,95,4,0,126,95,40,0,-136
24451,Jun 3 2018,Friendly in England,Brazil,Croatia,2131,1853,2,0,5,-5,2136,1848,1,17,0,0,1,17,20,0,278
24452,Jun 3 2018,Friendly in Costa Rica,Costa Rica,Northern Ireland,1744,1686,3,0,10,-10,1754,1676,24,46,3,-1,27,45,20,100,158
24453,Jun 3 2018,Friendly in Switzerland,Peru,Saudi Arabia,1912,1592,3,0,5,-5,1917,1587,10,67,0,-2,10,65,20,0,320
24454,Jun 3 2018,COSAFA Cup in South Africa,South Africa,Madagascar,1561,1364,0,0,-14,14,1547,1378,71,111,-1,4,70,115,40,100,297
24455,Jun 3 2018,Friendly in Spain,Spain,Switzerland,2048,1879,1,1,-6,6,2042,1885,3,14,0,0,3,14,20,100,269
24456,Jun 3 2018,Friendly in France,Ukraine,Albania,1741,1570,4,1,10,-10,1751,1560,24,68,4,0,28,68,20,0,171
24457,Jun 4 2018,Friendly in Austria,Armenia,Moldova,1458,1323,0,0,-4,4,1454,1327,94,123,-2,1,92,124,20,0,135
24458,Jun 4 2018,Friendly in Austria,Chile,Serbia,1860,1770,1,0,7,-7,1867,1763,14,25,1,-1,15,24,20,0,90
24459,Jun 4 2018,Friendly tournament in India,India,Kenya,1159,1388,3,0,36,-36,1195,1352,158,130,6,-9,164,121,30,100,-129
24460,Jun 4 2018,Friendly in Italy,Italy,Netherlands,1893,1906,1,1,-2,2,1891,1908,12,11,0,0,12,11,20,100,87
24461,Jun 4 2018,Friendly in Switzerland,Morocco,Slovakia,1712,1763,2,1,11,-11,1723,1752,38,29,1,-2,39,27,20,0,-51
24462,Jun 5 2018,COSAFA Cup in South Africa,Botswana,Eswatini,1322,1291,2,0,27,-27,1349,1264,118,152,4,-8,122,144,40,0,31
24463,Jun 5 2018,Friendly in Kazakhstan,Kazakhstan,Azerbaijan,1354,1399,3,0,15,-15,1369,1384,114,114,3,-3,117,111,20,100,55
24464,Jun 5 2018,Baltic Cup in Lithuania,Lithuania,Latvia,1401,1361,1,1,-6,6,1395,1367,107,117,0,1,107,118,30,100,140
24465,Jun 5 2018,Friendly in Luxembourg,Luxembourg,Georgia,1332,1507,1,0,12,-12,1344,1495,123,85,0,-2,123,83,20,100,-75
24466,Jun 5 2018,Friendly tournament in Martinique,Martinique,French Guiana,1423,1376,3,0,16,-16,1439,1360,91,123,5,-3,96,120,30,100,147
24467,Jun 5 2018,Friendly tournament in India,New Zealand,Taiwan,1494,983,1,0,2,-2,1496,981,81,193,1,0,82,193,30,0,511
24468,Jun 5 2018,Friendly in Romania,Romania,Finland,1720,1604,2,0,7,-7,1727,1597,38,64,1,-3,39,61,20,100,216
24469,Jun 5 2018,Friendly in Russia,Russia,Turkey,1679,1727,1,1,-1,1,1678,1728,44,36,0,1,44,37,20,100,52
24470,Jun 5 2018,COSAFA Cup in South Africa,South Africa,Namibia,1547,1377,4,1,12,-12,1559,1365,68,123,1,-4,69,119,40,100,270
24471,Jun 6 2018,Friendly in Belarus,Belarus,Hungary,1530,1583,1,1,-1,1,1529,1584,75,66,0,0,75,66,20,100,47
24472,Jun 6 2018,Friendly in Belgium,Belgium,Egypt,1928,1647,3,0,4,-4,1932,1643,8,52,0,-1,8,51,20,100,381
24473,Jun 6 2018,Friendly in Austria,Czechia,Nigeria,1703,1694,1,0,10,-10,1713,1684,40,43,1,0,41,43,20,0,9
24474,Jun 6 2018,COSAFA Cup in South Africa,Lesotho,Zimbabwe,1281,1444,0,0,9,-9,1290,1435,134,99,2,-2,136,97,40,0,-163
24475,Jun 6 2018,Friendly in Norway,Norway,Panama,1631,1666,1,0,8,-8,1639,1658,52,48,1,0,53,48,20,100,65
24476,Jun 6 2018,COSAFA Cup in South Africa,Zambia,Madagascar,1464,1378,1,0,15,-15,1479,1363,83,124,3,-5,86,119,40,0,86
24477,Jun 7 2018,Friendly in Austria,Bolivia,South Korea,1673,1730,0,0,2,-2,1675,1728,46,36,0,0,46,36,20,0,-57
24478,Jun 7 2018,Friendly in England,England,Costa Rica,1943,1754,2,0,5,-5,1948,1749,7,30,0,-2,7,28,20,100,289
24479,Jun 7 2018,Friendly tournament in Martinique,French Guiana,Guadeloupe,1360,1258,2,0,16,-16,1376,1242,110,157,5,-6,115,151,30,0,102
24480,Jun 7 2018,Friendly in Iceland,Iceland,Ghana,1770,1638,2,2,-6,6,1764,1644,23,48,0,3,23,51,20,100,232
24481,Jun 7 2018,Friendly tournament in India,India,New Zealand,1195,1496,1,2,-7,7,1188,1503,170,80,-3,1,167,81,30,100,-201
24482,Jun 7 2018,Friendly in Portugal,Portugal,Algeria,1969,1510,3,0,1,-1,1970,1509,6,80,0,0,6,80,20,100,559
24483,Jun 7 2018,Friendly in Uruguay,Uruguay,Uzbekistan,1890,1603,3,0,3,-3,1893,1600,11,58,1,0,12,58,20,100,387
24484,Jun 8 2018,Friendly in Croatia,Croatia,Senegal,1848,1739,2,1,5,-5,1853,1734,17,35,0,-1,17,34,20,100,209
24485,Jun 8 2018,Friendly in Germany,Germany,Saudi Arabia,2076,1587,2,1,1,-1,2077,1586,2,65,0,0,2,65,20,0,489
24486,Jun 8 2018,Friendly in Russia,Iran,Lithuania,1788,1395,1,0,2,-2,1790,1393,21,107,0,0,21,107,20,0,393
24487,Jun 8 2018,Friendly tournament in India,Kenya,Taiwan,1352,981,4,0,6,-6,1358,975,119,193,1,0,120,193,30,0,371
24488,Jun 8 2018,COSAFA Cup in South Africa,Lesotho,Madagascar,1290,1363,1,0,24,-24,1314,1339,126,124,5,-2,131,122,40,0,-73
24489,Jun 8 2018,Friendly in Poland,Poland,Chile,1831,1867,2,2,-2,2,1829,1869,19,15,0,0,19,15,20,100,64
24490,Jun 8 2018,COSAFA Cup in South Africa,South Africa,Botswana,1559,1349,3,0,10,-10,1569,1339,67,122,1,0,68,122,40,100,310
24491,Jun 8 2018,Friendly in Switzerland,Switzerland,Japan,1885,1670,2,0,4,-4,1889,1666,14,47,0,0,14,47,20,100,315
24492,Jun 9 2018,Friendly in Denmark,Denmark,Mexico,1844,1862,2,0,12,-12,1856,1850,14,20,2,-2,16,18,20,100,82
24493,Jun 9 2018,Friendly in Estonia,Estonia,Morocco,1497,1723,1,3,-10,10,1487,1733,88,32,-3,4,85,36,20,100,-126
24494,Jun 9 2018,Friendly in Finland,Finland,Belarus,1597,1529,2,0,8,-8,1605,1521,55,77,3,-1,58,76,20,100,168
24495,Jun 9 2018,Friendly in France,France,United States,1994,1755,1,1,-8,8,1986,1763,4,25,0,0,4,25,20,100,339
24496,Jun 9 2018,Friendly in Hungary,Hungary,Australia,1584,1732,1,2,-9,9,1575,1741,66,31,0,2,66,33,20,100,-48
24497,Jun 9 2018,Friendly in Latvia,Latvia,Azerbaijan,1367,1384,1,3,-19,19,1348,1403,122,101,-2,5,120,106,20,100,83
24498,Jun 9 2018,Friendly in Austria,Serbia,Bolivia,1763,1675,5,1,14,-14,1777,1661,20,48,2,-1,22,47,20,0,88
24499,Jun 9 2018,Friendly in Russia,Spain,Tunisia,2042,1657,1,0,2,-2,2044,1655,3,49,0,0,3,49,20,0,385
24500,Jun 9 2018,Friendly in Sweden,Sweden,Peru,1794,1917,0,0,1,-1,1795,1916,20,10,0,0,20,10,20,100,-23
24501,Jun 9 2018,Friendly in England,Tuvalu,Chagos Islands,758,798,6,1,22,-22,780,776,208,214,3,-2,211,212,20,0,-40
24502,Jun 9 2018,COSAFA Cup in South Africa,Zimbabwe,Zambia,1435,1479,4,2,34,-34,1469,1445,81,104,8,-9,89,95,40,0,-44
24503,Jun 10 2018,Friendly in Austria,Austria,Brazil,1747,2136,0,3,-6,6,1741,2142,35,1,-3,0,32,1,20,100,-289
24504,Jun 10 2018,Friendly tournament in India,India,Kenya,1188,1358,2,0,27,-27,1215,1331,151,129,8,-5,159,124,30,100,-70
24505,Jun 11 2018,Friendly in Belgium,Belgium,Costa Rica,1932,1749,4,1,6,-6,1938,1743,8,36,0,-4,8,32,20,100,283
24506,Jun 11 2018,Friendly in Austria,Senegal,South Korea,1734,1728,2,0,15,-15,1749,1713,21,43,7,-3,28,40,20,0,6
24507,Jun 12 2018,Friendly in Austria,Japan,Paraguay,1666,1746,4,2,18,-18,1684,1728,40,42,3,-6,43,36,20,0,-80
24508,Jun 12 2018,Friendly in Poland,Poland,Lithuania,1829,1393,4,0,2,-2,1831,1391,19,110,0,-1,19,109,20,100,536
24509,Jun 14 2018,World Cup in Russia,Russia,Saudi Arabia,1678,1586,5,0,30,-30,1708,1556,41,73,2,-4,43,69,40,0,92
24510,Jun 15 2018,World Cup in Russia,Iran,Morocco,1790,1733,1,0,25,-25,1815,1708,19,49,1,-7,20,42,60,0,57
24511,Jun 15 2018,World Cup in Russia,Portugal,Spain,1970,2044,3,3,6,-6,1976,2038,6,3,0,0,6,3,60,0,-74
24512,Jun 15 2018,World Cup in Russia,Uruguay,Egypt,1893,1643,1,0,12,-12,1905,1631,12,56,0,-2,12,54,60,0,250
24513,Jun 16 2018,World Cup in Russia,Argentina,Iceland,1985,1764,1,1,-17,17,1968,1781,7,20,-1,2,6,22,60,0,221
24514,Jun 16 2018,World Cup in Russia,Croatia,Nigeria,1853,1684,2,0,25,-25,1878,1659,15,50,1,-3,16,47,60,0,169
24515,Jun 16 2018,World Cup in Russia,Denmark,Peru,1856,1916,1,0,35,-35,1891,1881,8,20,4,-5,12,15,60,0,-60
24516,Jun 16 2018,World Cup in Russia,France,Australia,1986,1741,2,1,12,-12,1998,1729,4,36,0,-2,4,34,60,0,245
24517,Jun 17 2018,World Cup in Russia,Brazil,Switzerland,2142,1889,1,1,-19,19,2123,1908,1,6,0,4,1,10,50,100,353
24518,Jun 17 2018,World Cup in Russia,Mexico,Germany,1850,2077,1,0,47,-47,1897,2030,8,4,5,-1,13,3,60,0,-227
24519,Jun 17 2018,World Cup in Russia,Serbia,Costa Rica,1777,1743,1,0,27,-27,1804,1716,19,45,2,-7,21,38,60,0,34
24520,Jun 18 2018,World Cup in Russia,Belgium,Panama,1938,1658,3,0,17,-17,1955,1641,8,56,0,-4,8,52,60,0,280
24521,Jun 18 2018,World Cup in Russia,England,Tunisia,1948,1655,2,1,9,-9,1957,1646,7,47,0,1,7,48,60,0,293
24522,Jun 18 2018,World Cup in Russia,Sweden,South Korea,1795,1713,1,0,23,-23,1818,1690,18,47,2,-4,20,43,60,0,82
24523,Jun 19 2018,World Cup in Russia,Japan,Colombia,1684,1927,2,1,48,-48,1732,1879,22,23,11,-7,33,16,60,0,-243
24524,Jun 19 2018,World Cup in Russia,Russia,Egypt,1708,1631,3,1,24,-24,1732,1607,25,58,8,-2,33,56,60,100,177
24525,Jun 19 2018,World Cup in Russia,Senegal,Poland,1749,1831,2,1,37,-37,1786,1794,18,25,5,-3,23,22,60,0,-82
24526,Jun 20 2018,World Cup in Russia,Portugal,Morocco,1976,1708,1,0,11,-11,1987,1697,5,43,0,0,5,43,60,0,268
24527,Jun 20 2018,World Cup in Russia,Spain,Iran,2038,1815,1,0,13,-13,2051,1802,2,22,0,-1,2,21,60,0,223
24528,Jun 20 2018,World Cup in Russia,Uruguay,Saudi Arabia,1905,1556,1,0,7,-7,1912,1549,7,71,2,-1,9,70,60,0,349
24529,Jun 21 2018,World Cup in Russia,Australia,Denmark,1729,1891,1,1,13,-13,1742,1878,27,19,4,-3,31,16,60,0,-162
24530,Jun 21 2018,World Cup in Russia,Croatia,Argentina,1878,1968,3,0,66,-66,1944,1902,-1,18,9,-6,8,12,60,0,-90
24531,Jun 21 2018,World Cup in Russia,France,Peru,1998,1881,1,0,20,-20,2018,1861,4,21,0,-3,4,18,60,0,117
24532,Jun 22 2018,World Cup in Russia,Brazil,Costa Rica,2123,1716,2,0,8,-8,2131,1708,1,46,0,-3,1,43,60,0,407
24533,Jun 22 2018,World Cup in Russia,Nigeria,Iceland,1659,1781,2,0,60,-60,1719,1721,33,54,7,-15,40,39,60,0,-122
24534,Jun 22 2018,World Cup in Russia,Switzerland,Serbia,1908,1804,2,1,21,-21,1929,1783,8,26,1,-3,9,23,60,0,104
24535,Jun 23 2018,World Cup in Russia,Belgium,Tunisia,1955,1646,5,2,15,-15,1970,1631,5,58,1,-5,6,53,60,0,309
24536,Jun 23 2018,World Cup in Russia,Germany,Sweden,2030,1818,2,1,14,-14,2044,1804,3,19,0,0,3,19,60,0,212
24537,Jun 23 2018,World Cup in Russia,Mexico,South Korea,1897,1690,2,1,14,-14,1911,1676,9,45,2,0,11,45,60,0,207
24538,Jun 24 2018,World Cup in Russia,Colombia,Poland,1879,1794,3,0,40,-40,1919,1754,5,29,5,-4,10,25,60,0,85
24539,Jun 24 2018,World Cup in Russia,England,Panama,1957,1641,6,1,17,-17,1974,1624,5,57,1,-3,6,54,60,0,316
24540,Jun 24 2018,World Cup in Russia,Japan,Senegal,1732,1786,2,2,5,-5,1737,1781,33,22,0,0,33,22,60,0,-54
24541,Jun 25 2018,World Cup in Russia,Morocco,Spain,1697,2051,2,2,23,-23,1720,2028,34,4,5,-1,39,3,60,0,-354
24542,Jun 25 2018,World Cup in Russia,Portugal,Iran,1987,1802,1,1,-15,15,1972,1817,7,18,-1,1,6,19,60,0,185
24543,Jun 25 2018,World Cup in Russia,Russia,Uruguay,1732,1912,0,3,-41,41,1691,1953,54,5,-10,3,44,8,60,100,-80
24544,Jun 25 2018,World Cup in Russia,Saudi Arabia,Egypt,1549,1607,2,1,35,-35,1584,1572,58,78,6,-11,64,67,60,0,-58
24545,Jun 26 2018,World Cup in Russia,Argentina,Nigeria,1902,1719,2,1,16,-16,1918,1703,10,46,2,-3,12,43,60,0,183
24546,Jun 26 2018,World Cup in Russia,Croatia,Iceland,1944,1721,2,1,13,-13,1957,1708,7,44,1,-3,8,41,60,0,223
24547,Jun 26 2018,World Cup in Russia,Denmark,France,1878,2018,0,0,11,-11,1889,2007,18,4,-1,0,17,4,60,0,-140
24548,Jun 26 2018,World Cup in Russia,Peru,Australia,1861,1742,2,0,30,-30,1891,1712,12,48,3,-9,15,39,60,0,119
24549,Jun 27 2018,World Cup in Russia,Brazil,Serbia,2131,1783,2,0,11,-11,2142,1772,1,25,0,-2,1,23,60,0,348
24550,Jun 27 2018,World Cup in Russia,Costa Rica,Switzerland,1708,1929,2,2,17,-17,1725,1912,35,14,3,-2,38,12,60,0,-221
24551,Jun 27 2018,World Cup in Russia,South Korea,Germany,1676,2044,2,0,80,-80,1756,1964,5,12,20,-5,25,7,60,0,-368
24552,Jun 27 2018,World Cup in Russia,Sweden,Mexico,1804,1911,3,0,68,-68,1872,1843,14,25,3,-6,17,19,60,0,-107
24553,Jun 28 2018,World Cup in Russia,Belgium,England,1970,1974,1,0,30,-30,2000,1944,2,14,2,-5,4,9,60,0,-4
24554,Jun 28 2018,World Cup in Russia,Colombia,Senegal,1919,1781,1,0,19,-19,1938,1762,10,29,0,-4,10,25,60,0,138
24555,Jun 28 2018,World Cup in Russia,Poland,Japan,1754,1737,1,0,29,-29,1783,1708,16,51,5,-9,21,42,60,0,17
24556,Jun 28 2018,World Cup in Russia,Tunisia,Panama,1631,1624,2,1,29,-29,1660,1595,44,68,4,-7,48,61,60,0,7
24557,Jun 30 2018,World Cup in Russia,France,Argentina,2007,1918,4,3,22,-22,2029,1896,1,15,1,-2,2,13,60,0,89
24558,Jun 30 2018,World Cup in Russia,Uruguay,Portugal,1953,1972,2,1,32,-32,1985,1940,2,13,3,-4,5,9,60,0,-19
24559,Jul 1 2018,World Cup in Russia,Croatia,Denmark,1957,1889,1,1,-6,6,1951,1895,7,12,0,2,7,14,60,0,68
24560,Jul 1 2018,World Cup in Russia,Russia,Spain,1691,2028,1,1,18,-18,1709,2010,39,3,3,0,42,3,60,100,-237
24561,Jul 2 2018,World Cup in Russia,Belgium,Japan,2000,1708,3,2,9,-9,2009,1699,4,47,0,-2,4,45,60,0,292
24562,Jul 2 2018,World Cup in Russia,Brazil,Mexico,2142,1843,2,0,14,-14,2156,1829,1,19,0,0,1,19,60,0,299
24563,Jul 3 2018,World Cup in Russia,Colombia,England,1938,1944,1,1,1,-1,1939,1943,10,8,0,0,10,8,60,0,-6
24564,Jul 3 2018,World Cup in Russia,Sweden,Switzerland,1872,1912,1,0,33,-33,1905,1879,7,23,5,-6,12,17,60,0,-40
24565,Jul 5 2018,Friendly in Malaysia,Malaysia,Fiji,1053,1246,1,0,13,-13,1066,1233,182,160,1,-6,183,154,20,100,-93
24566,Jul 6 2018,World Cup in Russia,Belgium,Brazil,2009,2156,2,1,42,-42,2051,2114,2,1,1,0,3,1,60,0,-147
24567,Jul 6 2018,World Cup in Russia,France,Uruguay,2029,1985,2,0,39,-39,2068,1946,2,9,0,-2,2,7,60,0,44
24568,Jul 7 2018,World Cup in Russia,England,Sweden,1943,1905,2,0,40,-40,1983,1865,2,24,3,-6,5,18,60,0,38
24569,Jul 7 2018,World Cup in Russia,Russia,Croatia,1709,1951,2,2,12,-12,1721,1939,34,12,4,-3,38,9,40,0,-242
24570,Jul 10 2018,World Cup in Russia,France,Belgium,2068,2051,1,0,29,-29,2097,2022,2,3,0,0,2,3,60,0,17
24571,Jul 11 2018,World Cup in Russia,Croatia,England,1939,1983,2,1,34,-34,1973,1949,1,9,4,-2,5,7,60,0,-44
24572,Jul 14 2018,World Cup in Russia,Belgium,England,2022,1949,2,0,36,-36,2058,1913,3,13,0,-3,3,10,60,0,73
24573,Jul 15 2018,World Cup in Russia,France,Croatia,2097,1973,4,2,30,-30,2127,1943,0,9,1,-2,1,7,60,0,124
24574,Jul 22 2018,Friendly in Liberia,Liberia,Sierra Leone,1309,1377,0,0,-1,1,1308,1378,134,114,-1,0,133,114,20,100,32
24575,Jul 25 2018,Friendly in Sint Maarten,Sint Maarten,British Virgin Islands,866,607,2,3,-18,18,848,625,207,227,-2,1,205,228,20,100,359
24576,Jul 27 2018,Friendly in Saint Barthélemy,British Virgin Islands,Saint Martin,625,849,0,0,6,-6,631,843,226,208,1,-2,227,206,20,0,-224
24577,Jul 27 2018,Friendly in Saint Barthélemy,Saint Barthélemy,Anguilla,731,558,1,2,-17,17,714,575,217,231,-1,1,216,232,20,100,273
24578,Jul 28 2018,Friendly in Saint Barthélemy,Saint Barthélemy,British Virgin Islands,714,631,3,4,-15,15,699,646,218,223,-1,2,217,225,20,100,183
24579,Jul 28 2018,Friendly in Saint Barthélemy,Saint Martin,Anguilla,843,575,5,1,7,-7,850,568,202,232,2,0,204,232,20,0,268
24580,Aug 4 2018,Friendly in Belize,Belize,Barbados,1170,1135,1,0,6,-6,1176,1129,170,173,0,0,170,173,20,100,135
24581,Aug 4 2018,Friendly in Palestine,Palestine,Iraq,1390,1551,0,3,-14,14,1376,1565,118,68,-4,1,114,69,20,100,-61
24582,Aug 11 2018,Friendly in Guadeloupe,Guadeloupe,Dominica,1242,1012,0,0,-7,7,1235,1019,156,189,-3,0,153,189,20,100,330
24583,Aug 15 2018,Friendly in Guatemala,Guatemala,Cuba,1511,1298,3,0,5,-5,1516,1293,79,134,0,0,79,134,20,100,313
24584,Aug 17 2018,Friendly in Grenada,Grenada,Jamaica,1102,1574,1,5,-4,4,1098,1578,176,64,-1,1,175,65,20,100,-372
24585,Aug 18 2018,Friendly in Austria,Andorra,United Arab Emirates,1033,1532,0,0,9,-9,1042,1523,186,76,0,-1,186,75,20,0,-499
24586,Aug 18 2018,Friendly in French Guiana,French Guiana,Suriname,1376,1245,0,4,-30,30,1346,1275,124,138,-5,5,119,143,20,100,231
24587,Aug 18 2018,Friendly in Guatemala,Guatemala,Cuba,1516,1293,1,0,3,-3,1519,1290,77,138,1,-2,78,136,20,100,323
24588,Aug 19 2018,Friendly in Afghanistan,Afghanistan,Palestine,1155,1376,0,0,3,-3,1158,1373,171,114,0,0,171,114,20,100,-121
24589,Aug 20 2018,Friendly in Barbados,Barbados,Jamaica,1129,1578,2,2,8,-8,1137,1570,173,69,0,-2,173,67,20,100,-349
24590,Aug 22 2018,Friendly in Sint Maarten,Sint Maarten,Anguilla,848,568,1,1,-8,8,840,576,207,232,-1,0,206,232,20,100,380
24591,Aug 26 2018,Friendly in Anguilla,Anguilla,Saint Martin,576,850,1,2,-5,5,571,855,232,202,0,1,232,203,20,100,-174
24592,Aug 26 2018,Friendly in Barbados,Barbados,Cuba,1137,1290,0,0,2,-2,1139,1288,173,136,0,0,173,136,20,100,-53
24593,Aug 26 2018,Friendly in Lesotho,Lesotho,Eswatini,1314,1264,1,0,6,-6,1320,1258,123,145,4,0,127,145,20,100,150
24594,Aug 27 2018,Friendly in Lesotho,Lesotho,Eswatini,1320,1258,2,0,8,-8,1328,1250,123,151,2,-3,125,148,20,100,162
24595,Aug 29 2018,Friendly in Bangladesh,Bangladesh,Sri Lanka,805,688,0,1,-16,16,789,704,211,212,-1,4,210,216,20,100,217
24596,Aug 29 2018,Friendly in Barbados,Barbados,Cuba,1139,1288,0,2,-13,13,1126,1301,173,132,0,2,173,134,20,100,-49
24597,Aug 29 2018,Friendly in Macao,Macao,Solomon Islands,672,1200,1,4,-3,3,669,1203,223,163,0,0,223,163,20,100,-428
24598,Sep 1 2018,Southeast Asian Champ qual in Malaysia,East Timor,Brunei,633,624,3,1,29,-29,662,595,221,229,3,0,224,229,40,0,9
24599,Sep 2 2018,Friendly in Ethiopia,Ethiopia,Burundi,1277,1317,1,1,-2,2,1275,1319,143,126,-1,2,142,128,20,100,60
24600,Sep 2 2018,East Asian Championship qual in Mongolia,Guam,Northern Mariana Islands,833,411,4,0,6,-6,839,405,207,238,0,0,207,238,40,0,422
24601,Sep 2 2018,East Asian Championship qual in Mongolia,Mongolia,Macao,657,669,4,1,26,-26,683,643,219,229,3,-3,222,226,40,100,88
24602,Sep 4 2018,South Asian Championship in Bangladesh,Bangladesh,Bhutan,789,583,2,0,9,-9,798,574,206,232,2,-1,208,231,40,100,306
24603,Sep 4 2018,East Asian Championship qual in Mongolia,Macao,Guam,643,839,2,0,45,-45,688,794,218,211,4,-2,222,209,40,0,-196
24604,Sep 4 2018,East Asian Championship qual in Mongolia,Mongolia,Northern Mariana Islands,683,405,9,0,10,-10,693,395,216,240,3,-1,219,239,40,100,378
24605,Sep 4 2018,South Asian Championship in Bangladesh,Pakistan,Nepal,946,892,2,1,17,-17,963,875,193,202,2,0,195,202,40,0,54
24606,Sep 5 2018,Friendly in Fiji,Fiji,Solomon Islands,1233,1203,1,1,-4,4,1229,1207,156,157,-1,3,155,160,20,100,130
24607,Sep 5 2018,South Asian Championship in Bangladesh,India,Sri Lanka,1215,704,2,0,3,-3,1218,701,159,216,0,0,159,216,40,0,511
24608,Sep 5 2018,Friendly in Slovakia,Slovakia,Denmark,1752,1895,3,0,20,-20,1772,1875,19,19,4,-3,23,16,20,100,-43
24609,Sep 6 2018,European Nations League D in Armenia,Armenia,Liechtenstein,1454,1144,2,1,3,-3,1457,1141,90,172,1,0,91,172,20,0,310
24610,Sep 6 2018,Friendly in Austria,Austria,Sweden,1741,1865,2,0,16,-16,1757,1849,25,18,3,0,28,18,20,100,-24
24611,Sep 6 2018,Friendly in Bahrain,Bahrain,Philippines,1415,1186,1,1,-7,7,1408,1193,106,164,-1,2,105,166,20,100,329
24612,Sep 6 2018,South Asian Championship in Bangladesh,Bangladesh,Pakistan,798,963,1,0,24,-24,822,939,206,201,1,-3,207,198,40,100,-65
24613,Sep 6 2018,European Nations League B in Czechia,Czechia,Ukraine,1713,1751,1,2,-24,24,1689,1775,50,18,-5,5,45,23,40,100,62
24614,Sep 6 2018,CONCACAF Nations League q in Guadeloupe,Dominica,Suriname,1019,1275,0,0,13,-13,1032,1262,185,146,2,-2,187,144,40,0,-256
24615,Sep 6 2018,European Nations League A in Germany,Germany,France,1964,2127,0,0,4,-4,1968,2123,5,1,0,0,5,1,20,0,-163
24616,Sep 6 2018,European Nations League D in Gibraltar,Gibraltar,Macedonia,1094,1518,0,2,-8,8,1086,1526,179,69,-1,5,178,74,40,100,-324
24617,Sep 6 2018,CONCACAF Nations League q in Guyana,Guyana,Barbados,1190,1126,2,2,-9,9,1181,1135,171,173,-2,0,169,173,40,100,164
24618,Sep 6 2018,Friendly in Jordan,Jordan,Lebanon,1475,1453,0,1,-13,13,1462,1466,94,84,-4,5,90,89,20,100,122
24619,Sep 6 2018,European Nations League D in Kazakhstan,Kazakhstan,Georgia,1369,1495,0,2,-28,28,1341,1523,122,70,-3,6,119,76,40,100,-26
24620,Sep 6 2018,Friendly in Kyrgyzstan,Kyrgyzstan,Palestine,1238,1373,1,1,1,-1,1239,1372,151,114,0,0,151,114,20,100,-35
24621,Sep 6 2018,European Nations League D in Latvia,Latvia,Andorra,1348,1042,0,0,-16,16,1332,1058,128,182,-5,2,123,184,40,100,406
24622,Sep 6 2018,East Asian Championship qual in Mongolia,Macao,Northern Mariana Islands,688,395,1,1,-14,14,674,409,226,237,-2,1,224,238,40,0,293
24623,Sep 6 2018,East Asian Championship qual in Mongolia,Mongolia,Guam,693,794,1,1,0,0,693,794,219,209,0,0,219,209,20,100,-1
24624,Sep 6 2018,South Asian Championship in Bangladesh,Nepal,Bhutan,875,574,4,0,11,-11,886,563,202,235,0,-2,202,233,40,0,301
24625,Sep 6 2018,Friendly in the Netherlands,Netherlands,Peru,1908,1891,2,1,7,-7,1915,1884,9,15,1,-1,10,14,20,100,117
24626,Sep 6 2018,European Nations League C in Norway,Norway,Cyprus,1639,1403,2,0,8,-8,1647,1395,46,108,3,-1,49,107,40,100,336
24627,Sep 6 2018,Friendly in Portugal,Portugal,Croatia,1940,1943,1,1,-3,3,1937,1946,10,5,-1,1,9,6,20,100,97
24628,Sep 6 2018,European Nations League C in Slovenia,Slovenia,Bulgaria,1626,1614,1,2,-26,26,1600,1640,59,52,-3,1,56,53,40,100,112
24629,Sep 6 2018,Friendly in Spain,Trinidad and Tobago,United Arab Emirates,1425,1523,2,0,19,-19,1444,1504,92,87,4,-6,96,81,20,0,-98
24630,Sep 6 2018,Friendly in Uzbekistan,Uzbekistan,Syria,1600,1607,1,1,-3,3,1597,1610,61,53,-2,1,59,54,20,100,93
24631,Sep 6 2018,European Nations League B in Wales,Wales,Ireland,1777,1728,4,1,21,-21,1798,1707,20,51,1,-9,21,42,40,100,149
24632,Sep 7 2018,European Nations League C in Albania,Albania,Israel,1560,1526,1,0,13,-13,1573,1513,62,84,4,-5,66,79,40,100,134
24633,Sep 7 2018,CONCACAF Nations League q in Anguilla,Anguilla,French Guiana,571,1346,0,5,-2,2,569,1348,231,117,0,0,231,117,40,100,-675
24634,Sep 7 2018,CONCACAF Nations League q in Antigua and Barbuda,Antigua and Barbuda,Saint Lucia,1206,1098,0,3,-54,54,1152,1152,181,167,-10,4,171,171,40,100,208
24635,Sep 7 2018,Friendly in the United States,Argentina,Guatemala,1896,1519,3,0,4,-4,1900,1515,12,77,0,1,12,78,20,0,377
24636,Sep 7 2018,European Nations League D in Azerbaijan,Azerbaijan,Kosovo,1403,1430,0,0,-4,4,1399,1434,106,100,0,0,106,100,40,100,73
24637,Sep 7 2018,CONCACAF Nations League q in Belize,Belize,Bahamas,1176,905,4,0,8,-8,1184,897,164,202,3,-1,167,201,40,100,371
24638,Sep 7 2018,Friendly in the United States,Colombia,Venezuela,1939,1738,2,1,5,-5,1944,1733,8,34,0,-1,8,33,20,0,201
24639,Sep 7 2018,Friendly in the United States,Ecuador,Jamaica,1747,1570,2,0,8,-8,1755,1562,30,73,0,-3,30,70,20,0,177
24640,Sep 7 2018,European Nations League D in the Faroe Islands,Faroe Islands,Malta,1293,1205,3,1,15,-15,1308,1190,131,169,2,-3,133,166,40,100,188
24641,Sep 7 2018,European Nations League A in Italy,Italy,Poland,1891,1783,1,1,-11,11,1880,1794,15,22,-1,0,14,22,40,100,208
24642,Sep 7 2018,European Nations League C in Lithuania,Lithuania,Serbia,1391,1772,0,1,-7,7,1384,1779,111,22,-1,1,110,23,40,100,-281
24643,Sep 7 2018,South Asian Championship in Bangladesh,Maldives,Sri Lanka,942,701,0,0,-12,12,930,713,199,216,-1,0,198,216,40,0,241
24644,Sep 7 2018,Friendly in Qatar,Qatar,China,1492,1535,1,0,8,-8,1500,1527,82,74,1,-1,83,73,20,100,57
24645,Sep 7 2018,European Nations League C in Romania,Romania,Montenegro,1727,1597,0,0,-12,12,1715,1609,37,51,-1,4,36,55,40,100,230
24646,Sep 7 2018,Friendly in Scotland,Scotland,Belgium,1710,2058,0,4,-7,7,1703,2065,42,3,-1,0,41,3,20,100,-248
24647,Sep 7 2018,Friendly in Singapore,Singapore,Mauritius,1043,1075,1,1,-2,2,1041,1077,186,179,0,1,186,180,20,100,68
24648,Sep 7 2018,Friendly in South Korea,South Korea,Costa Rica,1756,1725,2,0,10,-10,1766,1715,23,36,3,0,26,36,20,100,131
24649,Sep 7 2018,Friendly in Taiwan,Taiwan,Malaysia,975,1066,2,0,15,-15,990,1051,193,187,0,-2,193,185,20,100,9
24650,Sep 7 2018,European Nations League B in Turkey,Turkey,Russia,1728,1721,1,2,-26,26,1702,1747,53,25,-10,6,43,31,40,100,107
24651,Sep 7 2018,Friendly in the United States,Uruguay,Mexico,1946,1829,4,1,12,-12,1958,1817,6,19,0,0,6,19,20,0,117
24652,Sep 7 2018,Friendly in the United States,United States,Brazil,1763,2114,0,2,-6,6,1757,2120,30,2,-2,0,28,2,20,100,-251
24653,Sep 8 2018,South Asian Championship in Bangladesh,Bangladesh,Nepal,822,886,0,2,-33,33,789,919,213,196,-3,3,210,199,40,100,36
24654,Sep 8 2018,European Nations League D in Belarus,Belarus,San Marino,1521,852,5,0,1,-1,1522,851,76,204,0,0,76,204,20,0,669
24655,Sep 8 2018,Southeast Asian Champ qual in Brunei,Brunei,East Timor,595,662,1,0,18,-18,613,644,229,227,0,-1,229,226,30,0,-67
24656,Sep 8 2018,African Nations Cup qualifier in the Comoros,Comoros,Cameroon,1024,1643,1,1,18,-18,1042,1625,183,52,3,0,186,52,40,100,-519
24657,Sep 8 2018,CONCACAF Nations League q in Cuba,Cuba,Turks and Caicos Islands,1301,762,11,0,3,-3,1304,759,131,214,2,0,133,214,40,100,639
24658,Sep 8 2018,African Nations Cup qualifier in Egypt,Egypt,Niger,1572,1309,6,0,9,-9,1581,1300,61,140,3,-4,64,136,40,100,363
24659,Sep 8 2018,European Nations League A in England,England,Spain,1913,2010,1,2,-20,20,1893,2030,15,4,-2,0,13,4,40,100,3
24660,Sep 8 2018,African Nations Cup qualifier in Equatorial Guinea,Equatorial Guinea,Sudan,1326,1244,1,0,10,-10,1336,1234,123,157,2,-4,125,153,40,100,182
24661,Sep 8 2018,European Nations League C in Estonia,Estonia,Greece,1487,1645,0,1,-17,17,1470,1662,89,42,-2,4,87,46,40,100,-58
24662,Sep 8 2018,European Nations League C in Finland,Finland,Hungary,1605,1575,1,0,13,-13,1618,1562,50,69,3,-2,53,67,40,100,130
24663,Sep 8 2018,African Nations Cup qualifier in Gabon,Gabon,Burundi,1439,1319,1,1,-11,11,1428,1330,103,126,-3,1,100,127,40,100,220
24664,Sep 8 2018,African Nations Cup qualifier in The Gambia,Gambia,Algeria,1275,1509,1,1,7,-7,1282,1502,140,84,1,-2,141,82,40,100,-134
24665,Sep 8 2018,African Nations Cup qualifier in Kenya,Kenya,Ghana,1331,1644,1,0,31,-31,1362,1613,114,57,5,-3,119,54,40,100,-213
24666,Sep 8 2018,European Nations League D in Luxembourg,Luxembourg,Moldova,1344,1327,4,0,25,-25,1369,1302,114,142,2,-8,116,134,40,100,117
24667,Sep 8 2018,African Nations Cup qualifier in Mauritania,Mauritania,Burkina Faso,1319,1598,2,0,44,-44,1363,1554,108,81,10,-11,118,70,40,100,-179
24668,Sep 8 2018,CONCACAF Nations League q in Montserrat,Montserrat,El Salvador,634,1471,1,2,-1,1,633,1472,227,85,0,1,227,86,40,100,-737
24669,Sep 8 2018,African Nations Cup qualifier in Morocco,Morocco,Malawi,1720,1277,3,0,3,-3,1723,1274,35,145,0,-2,35,143,20,0,443
24670,Sep 8 2018,African Nations Cup qualifier in Mozambique,Mozambique,Guinea-Bissau,1316,1280,2,2,-7,7,1309,1287,129,137,1,1,130,138,40,100,136
24671,Sep 8 2018,African Nations Cup qualifier in Namibia,Namibia,Zambia,1365,1445,1,1,-1,1,1364,1446,118,95,-1,0,117,95,20,100,20
24672,Sep 8 2018,European Nations League B in Northern Ireland,Northern Ireland,Bosnia and Herzegovina,1676,1744,1,2,-22,22,1654,1766,52,20,-3,6,49,26,40,100,32
24673,Sep 8 2018,South Asian Championship in Bangladesh,Pakistan,Bhutan,939,563,3,0,7,-7,946,556,197,233,0,0,197,233,40,0,376
24674,Sep 8 2018,African Nations Cup qualifier in the Seychelles,Seychelles,Nigeria,964,1703,0,3,-2,2,962,1705,196,39,-1,1,195,40,40,100,-639
24675,Sep 8 2018,African Nations Cup qualifier in South Africa,South Africa,Libya,1569,1475,0,0,-10,10,1559,1485,70,84,-1,1,69,85,40,100,194
24676,Sep 8 2018,CONCACAF Nations League q in St Vincent & Grenadines,St Vincent & Grenadines,Nicaragua,1102,1278,0,2,-24,24,1078,1302,181,128,-3,6,178,134,40,100,-76
24677,Sep 8 2018,European Nations League A in Switzerland,Switzerland,Iceland,1879,1708,6,0,15,-15,1894,1693,9,49,3,-5,12,44,40,100,271
24678,Sep 8 2018,African Nations Cup qualifier in Uganda,Uganda,Tanzania,1419,1319,0,0,-10,10,1409,1329,105,128,-1,0,104,128,40,100,200
24679,Sep 9 2018,African Nations Cup qualifier in Angola,Angola,Botswana,1255,1339,1,0,19,-19,1274,1320,138,136,4,-7,142,129,30,0,-84
24680,Sep 9 2018,CONCACAF Nations League q in Curaçao,Aruba,Bermuda,918,1192,3,1,50,-50,968,1142,188,181,6,-8,194,173,40,0,-274
24681,Sep 9 2018,European Nations League C in Bulgaria,Bulgaria,Norway,1640,1647,1,0,15,-15,1655,1632,47,52,2,-1,49,51,30,0,-7
24682,Sep 9 2018,CONCACAF Nations League q in the United States,Canada,US Virgin Islands,1534,722,8,0,1,-1,1535,721,74,215,-1,0,73,215,30,0,812
24683,Sep 9 2018,African Nations Cup qualifier in Congo,Congo,Zimbabwe,1393,1469,1,1,-1,1,1392,1470,108,86,0,1,108,87,20,100,24
24684,Sep 9 2018,European Nations League C in Cyprus,Cyprus,Slovenia,1395,1600,2,1,26,-26,1421,1574,97,71,5,-7,102,64,40,100,-105
24685,Sep 9 2018,European Nations League B in Denmark,Denmark,Wales,1875,1798,2,0,16,-16,1891,1782,12,25,2,-2,14,23,40,100,177
24686,Sep 9 2018,CONCACAF Nations League q in Curaçao,Dominican Republic,Bonaire,1257,992,5,0,14,-14,1271,978,145,194,0,-1,145,193,40,0,265
24687,Sep 9 2018,African Nations Cup qualifier in Eswatini,Eswatini,Tunisia,1250,1660,0,2,-9,9,1241,1669,150,44,-1,2,149,46,40,100,-310
24688,Sep 9 2018,African Nations Cup qualifier in Ethiopia,Ethiopia,Sierra Leone,1275,1378,1,0,20,-20,1295,1358,132,125,5,-6,137,119,40,100,-3
24689,Sep 9 2018,European Nations League A in France,France,Netherlands,2123,1915,2,1,6,-6,2129,1909,1,10,0,0,1,10,40,100,308
24690,Sep 9 2018,European Nations League D in Georgia,Georgia,Latvia,1523,1332,1,0,6,-6,1529,1326,73,130,1,-2,74,128,40,100,291
24691,Sep 9 2018,Friendly in Germany,Germany,Peru,1968,1884,2,1,5,-5,1973,1879,5,18,0,-2,5,16,20,100,184
24692,Sep 9 2018,African Nations Cup qualifier in Guinea,Guinea,Central African Republic,1454,1337,1,0,9,-9,1463,1328,86,128,4,-2,90,126,40,100,217
24693,Sep 9 2018,South Asian Championship in Bangladesh,India,Maldives,1218,930,2,0,10,-10,1228,920,153,200,3,-1,156,199,40,0,288
24694,Sep 9 2018,CONCACAF Nations League q in Jamaica,Jamaica,Cayman Islands,1562,949,4,0,1,-1,1563,948,67,198,0,-1,67,197,20,0,613
24695,Sep 9 2018,Friendly in Jordan,Lebanon,Oman,1466,1538,0,0,2,-2,1468,1536,89,73,0,-1,89,72,20,0,-72
24696,Sep 9 2018,African Nations Cup qualifier in Lesotho,Lesotho,Cape Verde,1328,1435,1,1,0,0,1328,1435,123,98,3,0,126,98,20,100,-7
24697,Sep 9 2018,African Nations Cup qualifier in Liberia,Liberia,DR Congo,1308,1588,1,1,10,-10,1318,1578,129,64,1,-1,130,63,30,0,-280
24698,Sep 9 2018,European Nations League D in Liechtenstein,Liechtenstein,Gibraltar,1141,1086,2,0,17,-17,1158,1069,165,185,4,-4,169,181,40,100,155
24699,Sep 9 2018,European Nations League D in Macedonia,Macedonia,Armenia,1526,1457,2,0,16,-16,1542,1441,68,101,3,-5,71,96,40,100,169
24700,Sep 9 2018,African Nations Cup qualifier in Madagascar,Madagascar,Senegal,1339,1762,2,2,15,-15,1354,1747,118,34,2,-3,120,31,40,100,-323
24701,Sep 9 2018,African Nations Cup qualifier in Rwanda,Rwanda,Ivory Coast,1283,1600,1,2,-9,9,1274,1609,144,55,-2,1,142,56,40,100,-217
24702,Sep 9 2018,African Nations Cup qualifier in South Sudan,South Sudan,Mali,1057,1520,0,3,-8,8,1049,1528,186,73,-1,2,185,75,40,100,-363
24703,Sep 9 2018,CONCACAF Nations League q in Saint Kitts and Nevis,Saint Kitts and Nevis,Puerto Rico,1241,1028,1,0,6,-6,1247,1022,147,189,1,0,148,189,40,100,313
24704,Sep 9 2018,African Nations Cup qualifier in Togo,Togo,Benin,1389,1415,0,0,-4,4,1385,1419,109,105,0,-1,109,104,40,100,74
24705,Sep 9 2018,European Nations League B in Ukraine,Ukraine,Slovakia,1775,1772,1,0,14,-14,1789,1758,20,29,2,-2,22,27,40,100,103
24706,Sep 10 2018,European Nations League D in Andorra,Andorra,Kazakhstan,1058,1341,1,1,10,-10,1068,1331,181,124,1,-1,182,123,30,0,-283
24707,Sep 10 2018,Friendly in Bahrain,Bahrain,China,1408,1527,0,0,1,-1,1409,1526,104,76,1,0,105,76,20,100,-19
24708,Sep 10 2018,Friendly in Cambodia,Cambodia,Malaysia,818,1051,1,3,-10,10,808,1061,207,184,0,0,207,184,20,100,-133
24709,Sep 10 2018,CONCACAF Nations League q in Curaçao,Curaçao,Grenada,1293,1098,10,0,16,-16,1309,1082,124,177,7,-1,131,176,40,100,295
24710,Sep 10 2018,CONCACAF Nations League q in Haiti,Haiti,Sint Maarten,1494,840,13,0,2,-2,1496,838,84,206,0,0,84,206,30,0,654
24711,Sep 10 2018,European Nations League D in Kosovo,Kosovo,Faroe Islands,1434,1308,2,0,13,-13,1447,1295,89,142,5,-5,94,137,40,100,226
24712,Sep 10 2018,Friendly in Kuwait,Kuwait,Iraq,1420,1565,2,2,1,-1,1421,1564,101,64,1,1,102,65,20,100,-45
24713,Sep 10 2018,Friendly in Kyrgyzstan,Kyrgyzstan,Syria,1239,1610,2,1,17,-17,1256,1593,144,63,3,-4,147,59,20,100,-271
24714,Sep 10 2018,European Nations League D in Malta,Malta,Azerbaijan,1190,1399,1,1,6,-6,1196,1393,161,107,2,0,163,107,40,100,-109
24715,Sep 10 2018,European Nations League C in Montenegro,Montenegro,Lithuania,1609,1384,2,0,8,-8,1617,1376,52,114,2,-2,54,112,40,100,325
24716,Sep 10 2018,European Nations League A in Portugal,Portugal,Italy,1937,1880,1,0,12,-12,1949,1868,5,19,2,-2,7,17,40,100,157
24717,Sep 10 2018,Friendly in Russia,Russia,Czechia,1747,1689,5,1,11,-11,1758,1678,23,45,4,0,27,45,20,100,158
24718,Sep 10 2018,Friendly in Saudi Arabia,Saudi Arabia,Bolivia,1584,1661,2,2,-1,1,1583,1662,61,46,0,1,61,47,20,100,23
24719,Sep 10 2018,European Nations League C in Scotland,Scotland,Albania,1703,1573,2,0,13,-13,1716,1560,35,71,3,-3,38,68,40,100,230
24720,Sep 10 2018,European Nations League C in Serbia,Serbia,Romania,1779,1715,2,2,-9,9,1770,1724,24,36,0,0,24,36,40,100,164
24721,Sep 10 2018,European Nations League B in Sweden,Sweden,Turkey,1849,1702,2,3,-32,32,1817,1734,18,24,0,9,18,33,40,100,247
24722,Sep 11 2018,Friendly in the United States,Argentina,Colombia,1900,1944,0,0,1,-1,1901,1943,11,7,0,1,11,8,20,0,-44
24723,Sep 11 2018,European Nations League B in Bosnia and Herzegovina,Bosnia and Herzegovina,Austria,1766,1757,1,0,14,-14,1780,1743,23,37,1,-4,24,33,40,100,109
24724,Sep 11 2018,Friendly in the United States,Brazil,El Salvador,2120,1472,5,0,1,-1,2121,1471,2,86,0,0,2,86,20,0,648
24725,Sep 11 2018,Friendly in the United States,Ecuador,Guatemala,1755,1515,2,0,6,-6,1761,1509,25,78,3,0,28,78,20,0,240
24726,Sep 11 2018,Friendly in England,England,Switzerland,1893,1894,1,0,7,-7,1900,1887,11,16,1,-2,12,14,20,100,99
24727,Sep 11 2018,European Nations League C in Finland,Finland,Estonia,1618,1470,1,0,8,-8,1626,1462,51,93,1,-3,52,90,40,100,248
24728,Sep 11 2018,Friendly in Gabon,Gabon,Zambia,1428,1446,0,1,-12,12,1416,1458,108,89,-4,3,104,92,20,100,82
24729,Sep 11 2018,CONCACAF Nations League q in Anguilla,Guadeloupe,Saint Martin,1235,855,3,0,7,-7,1242,848,148,203,2,0,150,203,40,0,380
24730,Sep 11 2018,European Nations League C in Hungary,Hungary,Greece,1562,1662,2,1,20,-20,1582,1642,55,53,6,-3,61,50,40,100,0
24731,Sep 11 2018,European Nations League A in Iceland,Iceland,Belgium,1693,2065,0,3,-12,12,1681,2077,44,3,0,0,44,3,40,100,-272
24732,Sep 11 2018,Friendly in Indonesia,Indonesia,Mauritius,1231,1077,1,0,4,-4,1235,1073,152,181,1,-1,153,180,20,100,254
24733,Sep 11 2018,Friendly in Japan,Japan,Costa Rica,1699,1715,3,0,13,-13,1712,1702,35,47,4,-4,39,43,20,100,84
24734,Sep 11 2018,Friendly in Jordan,Jordan,Oman,1462,1536,0,0,-1,1,1461,1537,91,72,0,0,91,72,20,100,26
24735,Sep 11 2018,Friendly in Kenya,Kenya,Malawi,1362,1274,1,0,5,-5,1367,1269,112,148,3,-3,115,145,20,100,188
24736,Sep 11 2018,Friendly in Liberia,Liberia,Nigeria,1318,1705,1,2,-3,3,1315,1708,130,42,0,0,130,42,20,100,-287
24737,Sep 11 2018,European Nations League D in Moldova,Moldova,Belarus,1302,1522,0,0,7,-7,1309,1515,128,77,3,0,131,77,40,100,-120
24738,Sep 11 2018,Friendly in Northern Ireland,Northern Ireland,Israel,1654,1513,3,0,7,-7,1661,1506,46,81,2,-1,48,80,20,100,241
24739,Sep 11 2018,Friendly in Panama,Panama,Venezuela,1595,1733,0,2,-13,13,1582,1746,64,30,-3,2,61,32,20,100,-38
24740,Sep 11 2018,Friendly in Poland,Poland,Ireland,1794,1707,1,1,-5,5,1789,1712,21,37,0,2,21,39,20,100,187
24741,Sep 11 2018,Friendly in Qatar,Qatar,Palestine,1500,1372,3,0,7,-7,1507,1365,75,119,4,-3,79,116,20,100,228
24742,Sep 11 2018,European Nations League D in San Marino,San Marino,Luxembourg,851,1369,0,3,-6,6,845,1375,206,111,-1,2,205,113,40,100,-418
24743,Sep 11 2018,Friendly in Singapore,Singapore,Fiji,1041,1229,2,0,19,-19,1060,1210,183,163,2,-4,185,159,20,100,-88
24744,Sep 11 2018,Friendly in South Korea,South Korea,Chile,1766,1869,0,0,0,0,1766,1869,27,16,-1,0,26,16,20,100,-3
24745,Sep 11 2018,European Nations League A in Spain,Spain,Croatia,2030,1946,6,0,22,-22,2052,1924,4,10,0,-1,4,9,40,100,184
24746,Sep 11 2018,Friendly in Spain,United Arab Emirates,Laos,1504,768,3,0,0,0,1504,768,82,213,-1,0,81,213,20,0,736
24747,Sep 11 2018,Friendly in the United States,United States,Mexico,1757,1817,1,0,9,-9,1766,1808,23,22,3,-2,26,20,20,100,40
24748,Sep 11 2018,Friendly in Uzbekistan,Uzbekistan,Iran,1597,1817,0,1,-7,7,1590,1824,59,18,-1,0,58,18,20,100,-120
24749,Sep 12 2018,South Asian Championship in Bangladesh,India,Pakistan,1228,946,3,1,10,-10,1238,936,149,200,3,-1,152,199,40,0,282
24750,Sep 12 2018,South Asian Championship in Bangladesh,Maldives,Nepal,920,919,3,0,35,-35,955,884,195,204,2,-2,197,202,40,0,1
24751,Sep 15 2018,South Asian Championship in Bangladesh,Maldives,India,955,1238,2,1,33,-33,988,1205,189,170,4,-9,193,161,40,0,-283
24752,Sep 29 2018,Friendly in Cuba,Cuba,Cayman Islands,1304,948,5,0,3,-3,1307,945,134,198,0,0,134,198,20,100,456
24753,Sep 30 2018,Friendly in Botswana,Botswana,Namibia,1320,1364,1,0,8,-8,1328,1356,123,121,3,-2,126,119,20,100,56
24754,Sep 30 2018,Friendly in St Vincent & Grenadines,St Vincent & Grenadines,Barbados,1078,1135,1,1,-1,1,1077,1136,179,174,-1,0,178,174,20,100,43
24755,Oct 1 2018,Bangabandhu Gold Cup in Bangladesh,Bangladesh,Laos,789,768,1,0,10,-10,799,758,206,215,2,-1,208,214,30,100,121
24756,Oct 2 2018,Bangabandhu Gold Cup in Bangladesh,Tajikistan,Nepal,1197,884,2,0,6,-6,1203,878,162,202,0,0,162,202,30,0,313
24757,Oct 3 2018,Bangabandhu Gold Cup in Bangladesh,Philippines,Laos,1193,758,3,1,3,-3,1196,755,161,214,2,0,163,214,30,0,435
24758,Oct 4 2018,Bangabandhu Gold Cup in Bangladesh,Palestine,Tajikistan,1365,1203,2,0,13,-13,1378,1190,108,168,4,-3,112,165,30,0,162
24759,Oct 5 2018,Bangabandhu Gold Cup in Bangladesh,Bangladesh,Philippines,799,1196,0,1,-5,5,794,1201,208,162,0,0,208,162,30,100,-297
24760,Oct 6 2018,Bangabandhu Gold Cup in Bangladesh,Palestine,Nepal,1378,878,1,0,2,-2,1380,876,112,202,0,0,112,202,30,0,500
24761,Oct 9 2018,Bangabandhu Gold Cup in Bangladesh,Tajikistan,Philippines,1190,1201,2,0,23,-23,1213,1178,151,174,7,-6,158,168,30,0,-11
24762,Oct 10 2018,Friendly in Albania,Albania,Jordan,1560,1461,0,0,-5,5,1555,1466,70,87,-1,2,69,89,20,100,199
24763,Oct 10 2018,Bangabandhu Gold Cup in Bangladesh,Bangladesh,Palestine,794,1380,0,2,-3,3,791,1383,212,108,-2,2,210,110,30,100,-486
24764,Oct 10 2018,African Nations Cup qualifier in Ethiopia,Ethiopia,Kenya,1295,1367,0,0,-2,2,1293,1369,139,116,-1,0,138,116,40,100,28
24765,Oct 10 2018,Friendly in Indonesia,Indonesia,Myanmar,1235,1068,3,0,6,-6,1241,1062,149,184,2,-1,151,183,20,100,267
24766,Oct 10 2018,Friendly in Italy,Italy,Ukraine,1868,1789,1,1,-5,5,1863,1794,17,21,0,0,17,21,20,100,179
24767,Oct 10 2018,African Nations Cup qualifier in Zambia,Zambia,Guinea-Bissau,1458,1287,2,1,7,-7,1465,1280,88,143,2,-2,90,141,40,100,271
24768,Oct 11 2018,Friendly tournament in Saudi Arabia,Argentina,Iraq,1901,1564,4,0,7,-7,1908,1557,11,70,0,-2,11,68,30,0,337
24769,Oct 11 2018,Friendly in Bahrain,Bahrain,Syria,1409,1593,0,1,-8,8,1401,1601,111,55,-3,1,108,56,20,100,-84
24770,Oct 11 2018,African Nations Cup qualifier in Congo,Congo,Liberia,1392,1315,3,1,16,-16,1408,1299,106,142,1,-6,107,136,40,100,177
24771,Oct 11 2018,European Nations League D in the Faroe Islands,Faroe Islands,Azerbaijan,1295,1393,0,3,-35,35,1260,1428,155,95,-9,6,146,101,40,100,2
24772,Oct 11 2018,Friendly in France,France,Iceland,2129,1681,2,2,-9,9,2120,1690,3,42,-1,1,2,43,20,0,448
24773,Oct 11 2018,CONCACAF Nations League q in French Guiana,French Guiana,St Vincent & Grenadines,1348,1077,0,1,-36,36,1312,1113,137,172,-8,3,129,175,40,100,371
24774,Oct 11 2018,Friendly in Spain,Honduras,United Arab Emirates,1590,1504,1,1,-2,2,1588,1506,60,81,-1,0,59,81,20,0,86
24775,Oct 11 2018,Friendly in Hong Kong,Hong Kong,Thailand,1183,1382,0,1,-7,7,1176,1389,170,107,-2,2,168,109,20,100,-99
24776,Oct 11 2018,European Nations League C in Israel,Israel,Scotland,1506,1716,2,1,26,-26,1532,1690,68,48,6,-5,74,43,40,100,-110
24777,Oct 11 2018,European Nations League D in Kosovo,Kosovo,Malta,1447,1196,3,1,7,-7,1454,1189,95,165,0,-1,95,164,40,100,351
24778,Oct 11 2018,Friendly in Kuwait,Kuwait,Lebanon,1421,1468,1,0,8,-8,1429,1460,99,96,1,-4,100,92,20,100,53
24779,Oct 11 2018,European Nations League C in Lithuania,Lithuania,Romania,1376,1724,1,2,-8,8,1368,1732,119,32,-3,2,116,34,40,100,-248
24780,Oct 11 2018,Friendly in Mexico,Mexico,Costa Rica,1808,1702,3,2,5,-5,1813,1697,20,41,0,1,20,42,20,100,206
24781,Oct 11 2018,European Nations League C in Montenegro,Montenegro,Serbia,1617,1770,0,2,-25,25,1592,1795,60,17,-3,4,57,21,40,100,-53
24782,Oct 11 2018,European Nations League A in Poland,Poland,Portugal,1789,1949,2,3,-17,17,1772,1966,26,5,-2,1,24,6,40,100,-60
24783,Oct 11 2018,European Nations League B in Russia,Russia,Sweden,1758,1817,0,0,-2,2,1756,1819,29,19,0,0,29,19,30,100,41
24784,Oct 11 2018,Friendly in Turkey,Turkey,Bosnia and Herzegovina,1734,1780,0,0,-2,2,1732,1782,34,22,0,1,34,23,20,100,54
24785,Oct 11 2018,Friendly in the United States,United States,Colombia,1766,1943,2,4,-12,12,1754,1955,34,8,-4,0,30,8,20,100,-77
24786,Oct 11 2018,Friendly in Wales,Wales,Spain,1782,2052,1,4,-10,10,1772,2062,25,4,-1,0,24,4,20,100,-170
24787,Oct 12 2018,African Nations Cup qualifier in Algeria,Algeria,Benin,1502,1419,2,0,16,-16,1518,1403,75,110,4,-3,79,107,40,100,183
24788,Oct 12 2018,African Nations Cup qualifier in Angola,Angola,Mauritania,1274,1363,4,1,34,-34,1308,1329,127,129,7,-6,134,123,40,100,11
24789,Oct 12 2018,European Nations League B in Austria,Austria,Northern Ireland,1743,1661,1,0,10,-10,1753,1651,27,52,3,-2,30,50,40,100,182
24790,Oct 12 2018,CONCACAF Nations League q in the Bahamas,Bahamas,Antigua and Barbuda,897,1152,0,6,-25,25,872,1177,203,165,-1,3,202,168,40,100,-155
24791,Oct 12 2018,European Nations League D in Belarus,Belarus,Luxembourg,1515,1375,1,0,8,-8,1523,1367,76,119,1,-3,77,116,40,100,240
24792,Oct 12 2018,European Nations League A in Belgium,Belgium,Switzerland,2077,1887,2,1,6,-6,2083,1881,3,16,0,-1,3,15,40,100,290
24793,Oct 12 2018,CONCACAF Nations League q in Bermuda,Bermuda,Sint Maarten,1142,838,12,0,10,-10,1152,828,171,206,1,0,172,206,40,100,404
24794,Oct 12 2018,Friendly in Cambodia,Cambodia,East Timor,808,644,2,2,-6,6,802,650,207,224,0,1,207,225,20,100,264
24795,Oct 12 2018,African Nations Cup qualifier in Cameroon,Cameroon,Malawi,1625,1269,1,0,3,-3,1628,1266,53,142,0,1,53,143,30,0,356
24796,Oct 12 2018,African Nations Cup qualifier in Cape Verde,Cape Verde,Tanzania,1435,1329,3,0,16,-16,1451,1313,91,134,4,-5,95,129,40,100,206
24797,Oct 12 2018,European Nations League A in Croatia,Croatia,England,1924,1900,0,0,-7,7,1917,1907,9,12,0,0,9,12,40,100,124
24798,Oct 12 2018,CONCACAF Nations League q in the United States,Curaçao,US Virgin Islands,1309,721,5,0,3,-3,1312,718,130,215,0,0,130,215,40,0,588
24799,Oct 12 2018,CONCACAF Nations League q in the Dominican Republic,Dominican Republic,Cayman Islands,1271,945,3,0,6,-6,1277,939,141,198,1,0,142,198,40,100,426
24800,Oct 12 2018,African Nations Cup qualifier in Egypt,Egypt,Eswatini,1581,1241,4,1,5,-5,1586,1236,57,155,3,-2,60,153,40,100,440
24801,Oct 12 2018,European Nations League C in Estonia,Estonia,Finland,1462,1626,0,1,-16,16,1446,1642,101,50,-5,1,96,51,40,100,-64
24802,Oct 12 2018,African Nations Cup qualifier in Gabon,Gabon,South Sudan,1416,1049,3,0,4,-4,1420,1045,103,186,1,0,104,186,20,0,367
24803,Oct 12 2018,European Nations League C in Greece,Greece,Hungary,1642,1582,1,0,11,-11,1653,1571,48,69,1,-4,49,65,40,100,160
24804,Oct 12 2018,CONCACAF Nations League q in Grenada,Grenada,Cuba,1082,1307,0,2,-20,20,1062,1327,189,119,-6,7,183,126,40,100,-125
24805,Oct 12 2018,African Nations Cup qualifier in Guinea,Guinea,Rwanda,1463,1274,2,0,10,-10,1473,1264,82,147,4,-3,86,144,40,100,289
24806,Oct 12 2018,African Nations Cup qualifier in Ivory Coast,Ivory Coast,Central African Republic,1609,1328,4,0,8,-8,1617,1320,53,131,1,-3,54,128,40,100,381
24807,Oct 12 2018,Friendly in Japan,Japan,Panama,1712,1582,3,0,7,-7,1719,1575,38,65,0,-2,38,63,20,100,230
24808,Oct 12 2018,African Nations Cup qualifier in Mali,Mali,Burundi,1528,1330,0,0,-14,14,1514,1344,84,117,-4,3,80,120,40,100,298
24809,Oct 12 2018,European Nations League D in Moldova,Moldova,San Marino,1309,845,2,0,2,-2,1311,843,134,205,-2,0,132,205,20,0,464
24810,Oct 12 2018,Bangabandhu Gold Cup in Bangladesh,Palestine,Tajikistan,1383,1213,0,0,-7,7,1376,1220,111,156,0,1,111,157,20,100,270
24811,Oct 12 2018,Friendly in the United States,Peru,Chile,1879,1869,3,0,17,-17,1896,1852,11,18,2,-1,13,17,20,0,10
24812,Oct 12 2018,Friendly in Qatar,Qatar,Ecuador,1507,1761,4,3,14,-14,1521,1747,76,35,2,-4,78,31,20,100,-154
24813,Oct 12 2018,Friendly tournament in Saudi Arabia,Saudi Arabia,Brazil,1583,2121,0,2,-3,3,1580,2124,62,1,-1,0,61,1,30,100,-438
24814,Oct 12 2018,Friendly in Singapore,Singapore,Mongolia,1060,693,2,0,2,-2,1062,691,181,223,2,-2,183,221,20,100,467
24815,Oct 12 2018,Friendly in South Korea,South Korea,Uruguay,1766,1958,2,1,13,-13,1779,1945,22,9,2,-1,24,8,20,100,-92
24816,Oct 12 2018,Friendly in Sri Lanka,Sri Lanka,Malaysia,713,1061,1,4,-7,7,706,1068,216,178,0,3,216,181,20,100,-248
24817,Oct 12 2018,African Nations Cup qualifier in Togo,Togo,Gambia,1385,1282,1,1,-11,11,1374,1293,114,137,-2,1,112,138,40,100,203
24818,Oct 13 2018,European Nations League D in Armenia,Armenia,Gibraltar,1441,1069,0,1,-38,38,1403,1107,114,172,-8,4,106,176,40,100,472
24819,Oct 13 2018,European Nations League C in Bulgaria,Bulgaria,Cyprus,1655,1421,2,1,5,-5,1660,1416,48,105,0,-1,48,104,40,100,334
24820,Oct 13 2018,African Nations Cup qualifier in Burkina Faso,Burkina Faso,Botswana,1554,1328,3,0,9,-9,1563,1319,58,128,6,-2,64,126,40,100,326
24821,Oct 13 2018,Friendly in China,China,India,1526,1205,0,0,-8,8,1518,1213,80,156,-2,3,78,159,20,100,421
24822,Oct 13 2018,African Nations Cup qualifier in the Dem Rep of the Congo,DR Congo,Zimbabwe,1578,1470,1,2,-31,31,1547,1501,78,80,-8,4,70,84,40,100,208
24823,Oct 13 2018,CONCACAF Nations League q in El Salvador,El Salvador,Barbados,1471,1136,3,0,5,-5,1476,1131,85,174,1,0,86,174,40,100,435
24824,Oct 13 2018,African Nations Cup qualifier in Equatorial Guinea,Equatorial Guinea,Madagascar,1336,1354,0,1,-25,25,1311,1379,139,103,-9,8,130,111,40,100,82
24825,Oct 13 2018,European Nations League D in Georgia,Georgia,Andorra,1529,1068,3,0,3,-3,1532,1065,71,183,2,-1,73,182,30,0,461
24826,Oct 13 2018,European Nations League B in Ireland,Ireland,Denmark,1712,1891,0,0,4,-4,1716,1887,41,14,-1,0,40,14,40,100,-79
24827,Oct 13 2018,European Nations League D in Latvia,Latvia,Kazakhstan,1326,1331,1,1,-5,5,1321,1336,121,120,3,1,124,121,40,100,95
24828,Oct 13 2018,European Nations League D in Macedonia,Macedonia,Liechtenstein,1542,1158,4,1,4,-4,1546,1154,71,172,0,-1,71,171,40,100,484
24829,Oct 13 2018,African Nations Cup qualifier in Morocco,Morocco,Comoros,1723,1042,1,0,0,0,1723,1042,37,187,0,0,37,187,20,0,681
24830,Oct 13 2018,African Nations Cup qualifier in Mozambique,Mozambique,Namibia,1309,1356,1,2,-23,23,1286,1379,145,104,-6,7,139,111,40,100,53
24831,Oct 13 2018,Friendly in Myanmar,Myanmar,Bolivia,1062,1662,0,3,-2,2,1060,1664,187,47,-2,0,185,47,20,100,-500
24832,Oct 13 2018,European Nations League A in the Netherlands,Netherlands,Germany,1909,1973,3,0,31,-31,1940,1942,8,11,1,-3,9,8,30,0,-64
24833,Oct 13 2018,African Nations Cup qualifier in Nigeria,Nigeria,Libya,1708,1485,4,0,10,-10,1718,1475,37,89,2,-2,39,87,40,100,323
24834,Oct 13 2018,European Nations League C in Norway,Norway,Slovenia,1632,1574,1,0,11,-11,1643,1563,50,64,1,0,51,64,40,100,158
24835,Oct 13 2018,Friendly in Qatar,Oman,Philippines,1537,1178,1,1,-8,8,1529,1186,78,165,-3,1,75,166,20,0,359
24836,Oct 13 2018,CONCACAF Nations League q in Puerto Rico,Puerto Rico,Martinique,1022,1439,0,1,-6,6,1016,1445,189,95,0,2,189,97,40,100,-317
24837,Oct 13 2018,African Nations Cup qualifier in Senegal,Senegal,Sudan,1747,1234,3,0,2,-2,1749,1232,29,154,1,0,30,154,20,0,513
24838,Oct 13 2018,European Nations League B in Slovakia,Slovakia,Czechia,1758,1678,1,2,-30,30,1728,1708,43,39,-8,3,35,42,40,100,180
24839,Oct 13 2018,African Nations Cup qualifier in South Africa,South Africa,Seychelles,1559,962,6,0,2,-2,1561,960,67,197,0,0,67,197,30,0,597
24840,Oct 13 2018,CONCACAF Nations League q in Suriname,Suriname,British Virgin Islands,1262,646,5,0,1,-1,1263,645,145,226,0,0,145,226,20,0,616
24841,Oct 13 2018,African Nations Cup qualifier in Tunisia,Tunisia,Niger,1669,1300,1,0,3,-3,1672,1297,46,136,0,0,46,136,30,0,369
24842,Oct 13 2018,CONCACAF Nations League q in Turks and Caicos Islands,Turks and Caicos Islands,Guyana,759,1181,0,8,-13,13,746,1194,215,160,-1,3,214,163,40,100,-322
24843,Oct 13 2018,African Nations Cup qualifier in Uganda,Uganda,Lesotho,1409,1328,3,0,18,-18,1427,1310,97,140,4,-8,101,132,40,100,181
24844,Oct 13 2018,Friendly in Uzbekistan,Uzbekistan,North Korea,1590,1456,2,0,6,-6,1596,1450,56,98,1,-3,57,95,20,100,234
24845,Oct 14 2018,European Nations League D in Azerbaijan,Azerbaijan,Malta,1428,1189,1,1,-15,15,1413,1204,108,161,-4,2,104,163,40,100,339
24846,Oct 14 2018,European Nations League D in the Faroe Islands,Faroe Islands,Kosovo,1260,1454,1,1,5,-5,1265,1449,142,95,2,-1,144,94,20,0,-194
24847,Oct 14 2018,African Nations Cup qualifier in Guinea-Bissau,Guinea-Bissau,Zambia,1280,1465,2,1,25,-25,1305,1440,127,104,7,-7,134,97,40,100,-85
24848,Oct 14 2018,European Nations League C in Israel,Israel,Albania,1532,1555,2,0,23,-23,1555,1532,65,77,4,-4,69,73,40,100,77
24849,Oct 14 2018,CONCACAF Nations League q in Curaçao,Jamaica,Bonaire,1563,978,6,0,3,-3,1566,975,64,194,0,0,64,194,40,0,585
24850,Oct 14 2018,African Nations Cup qualifier in Kenya,Kenya,Ethiopia,1369,1293,3,0,19,-19,1388,1274,104,147,6,-5,110,142,40,100,176
24851,Oct 14 2018,European Nations League C in Lithuania,Lithuania,Montenegro,1368,1592,1,4,-23,23,1345,1615,121,52,-2,3,119,55,40,100,-124
24852,Oct 14 2018,CONCACAF Nations League q in Montserrat,Montserrat,Belize,633,1184,1,0,37,-37,670,1147,223,179,2,-6,225,173,40,100,-451
24853,Oct 14 2018,CONCACAF Nations League q in Costa Rica,Nicaragua,Anguilla,1302,569,6,0,1,-1,1303,568,136,231,-1,0,135,231,20,0,733
24854,Oct 14 2018,European Nations League A in Poland,Poland,Italy,1772,1863,0,1,-21,21,1751,1884,33,14,-4,1,29,15,40,100,9
24855,Oct 14 2018,European Nations League C in Romania,Romania,Serbia,1732,1795,0,0,-2,2,1730,1797,33,21,0,0,33,21,30,100,37
24856,Oct 14 2018,European Nations League B in Russia,Russia,Turkey,1756,1732,2,0,20,-20,1776,1712,23,47,2,-7,25,40,40,100,124
24857,Oct 14 2018,Friendly in Scotland,Scotland,Portugal,1690,1966,1,3,-8,8,1682,1974,46,5,-1,0,45,5,20,100,-176
24858,Oct 14 2018,CONCACAF Nations League q in Anguilla,Saint Kitts and Nevis,Saint Martin,1247,848,10,0,10,-10,1257,838,145,207,2,-2,147,205,40,0,399
24859,Oct 14 2018,Friendly in Thailand,Thailand,Trinidad and Tobago,1389,1444,1,0,9,-9,1398,1435,109,98,0,0,109,98,20,100,45
24860,Oct 15 2018,European Nations League D in Belarus,Belarus,Moldova,1523,1311,0,0,-14,14,1509,1325,84,118,-4,6,80,124,40,100,312
24861,Oct 15 2018,European Nations League B in Bosnia and Herzegovina,Bosnia and Herzegovina,Northern Ireland,1782,1651,2,0,13,-13,1795,1638,21,52,1,-1,22,51,40,100,231
24862,Oct 15 2018,Friendly in Croatia,Croatia,Jordan,1917,1466,2,1,1,-1,1918,1465,12,89,-1,0,11,89,20,0,451
24863,Oct 15 2018,European Nations League C in Estonia,Estonia,Hungary,1446,1571,3,3,1,-1,1447,1570,95,63,0,0,95,63,20,100,-25
24864,Oct 15 2018,European Nations League C in Finland,Finland,Greece,1642,1653,2,0,22,-22,1664,1631,42,55,5,-3,47,52,40,100,89
24865,Oct 15 2018,European Nations League A in Iceland,Iceland,Switzerland,1690,1881,1,2,-15,15,1675,1896,46,10,-1,3,45,13,40,100,-91
24866,Oct 15 2018,Friendly in Kuwait,Kuwait,Australia,1429,1712,0,4,-10,10,1419,1722,105,34,-3,3,102,37,20,100,-183
24867,Oct 15 2018,European Nations League D in Luxembourg,Luxembourg,San Marino,1367,843,3,0,2,-2,1369,841,117,204,0,0,117,204,20,0,524
24868,Oct 15 2018,Friendly tournament in Saudi Arabia,Saudi Arabia,Iraq,1580,1557,1,1,-5,5,1575,1562,61,66,0,1,61,67,30,100,123
24869,Oct 15 2018,European Nations League A in Spain,Spain,England,2062,1907,2,3,-33,33,2029,1940,4,6,0,3,4,9,40,100,255
24870,Oct 16 2018,European Nations League D in Armenia,Armenia,Macedonia,1403,1546,4,0,42,-42,1445,1504,86,89,10,-9,96,80,40,100,-43
24871,Oct 16 2018,Friendly in Bahrain,Bahrain,Myanmar,1401,1060,4,1,3,-3,1404,1057,106,185,1,0,107,185,20,100,441
24872,Oct 16 2018,Friendly in Belgium,Belgium,Netherlands,2083,1940,1,1,-6,6,2077,1946,3,5,0,2,3,7,20,100,243
24873,Oct 16 2018,African Nations Cup qualifier in Benin,Benin,Algeria,1403,1518,1,0,21,-21,1424,1497,98,93,4,-8,102,85,40,100,-15
24874,Oct 16 2018,African Nations Cup qualifier in Botswana,Botswana,Burkina Faso,1319,1563,0,0,8,-8,1327,1555,123,69,2,-2,125,67,40,100,-144
24875,Oct 16 2018,Friendly tournament in Saudi Arabia,Brazil,Argentina,2124,1908,1,0,7,-7,2131,1901,1,12,0,0,1,12,30,0,216
24876,Oct 16 2018,African Nations Cup qualifier in Burundi,Burundi,Mali,1344,1514,1,1,4,-4,1348,1510,118,75,1,2,119,77,40,100,-70
24877,Oct 16 2018,Friendly in Cambodia,Cambodia,Singapore,802,1062,1,2,-6,6,796,1068,207,179,0,2,207,181,20,100,-160
24878,Oct 16 2018,CONCACAF Nations League q in Canada,Canada,Dominica,1535,1032,5,0,2,-2,1537,1030,72,188,0,0,72,188,20,0,503
24879,Oct 16 2018,Friendly in China,China,Syria,1518,1601,2,0,14,-14,1532,1587,71,63,3,-3,74,60,20,100,17
24880,Oct 16 2018,African Nations Cup qualifier in Central African Republic,Central African Republic,Ivory Coast,1320,1617,0,0,10,-10,1330,1607,122,58,2,-2,124,56,30,0,-297
24881,Oct 16 2018,Friendly in the United States,Colombia,Costa Rica,1955,1697,3,1,6,-6,1961,1691,6,43,0,0,6,43,20,0,258
24882,Oct 16 2018,African Nations Cup qualifier in the Comoros,Comoros,Morocco,1042,1723,2,2,19,-19,1061,1704,179,44,4,-4,183,40,40,0,-681
24883,Oct 16 2018,Friendly in Denmark,Denmark,Austria,1887,1753,2,0,6,-6,1893,1747,15,34,0,-3,15,31,20,100,234
24884,Oct 16 2018,Friendly in Qatar,Ecuador,Oman,1747,1529,0,0,-6,6,1741,1535,33,71,-1,2,32,73,20,0,218
24885,Oct 16 2018,African Nations Cup qualifier in Eswatini,Eswatini,Egypt,1236,1586,0,2,-12,12,1224,1598,157,56,-2,2,155,58,40,100,-250
24886,Oct 16 2018,European Nations League A in France,France,Germany,2120,1942,2,1,7,-7,2127,1935,2,10,0,-1,2,9,40,100,278
24887,Oct 16 2018,African Nations Cup qualifier in The Gambia,Gambia,Togo,1293,1374,0,1,-21,21,1272,1395,148,103,-5,6,143,109,40,100,19
24888,Oct 16 2018,European Nations League D in Gibraltar,Gibraltar,Liechtenstein,1107,1154,2,1,17,-17,1124,1137,174,176,1,-3,175,173,30,0,-47
24889,Oct 16 2018,CONCACAF Nations League q in Guadeloupe,Guadeloupe,Aruba,1242,968,0,0,-16,16,1226,984,156,193,-3,1,153,194,40,100,374
24890,Oct 16 2018,CONCACAF Nations League q in Martinique,Haiti,Saint Lucia,1496,1152,2,1,5,-5,1501,1147,79,171,3,0,82,171,40,0,344
24891,Oct 16 2018,Friendly in Indonesia,Indonesia,Hong Kong,1241,1176,1,1,-4,4,1237,1180,151,166,0,1,151,167,20,100,165
24892,Oct 16 2018,Friendly in Iran,Iran,Bolivia,1824,1664,2,1,4,-4,1828,1660,18,49,0,-1,18,48,20,100,260
24893,Oct 16 2018,European Nations League B in Ireland,Ireland,Wales,1716,1772,0,1,-23,23,1693,1795,44,20,-2,3,42,23,40,100,44
24894,Oct 16 2018,Friendly in Japan,Japan,Uruguay,1719,1945,4,3,13,-13,1732,1932,30,13,4,-3,34,10,20,100,-126
24895,Oct 16 2018,European Nations League D in Kazakhstan,Kazakhstan,Andorra,1336,1065,4,0,8,-8,1344,1057,123,188,-1,-3,122,185,40,100,371
24896,Oct 16 2018,Friendly in Laos,Laos,Mongolia,755,691,1,4,-25,25,730,716,215,211,-1,5,214,216,20,100,164
24897,Oct 16 2018,European Nations League D in Latvia,Latvia,Georgia,1321,1532,0,3,-24,24,1297,1556,143,59,-9,7,134,66,40,100,-111
24898,Oct 16 2018,African Nations Cup qualifier in Lesotho,Lesotho,Uganda,1310,1427,0,2,-29,29,1281,1456,144,83,-6,8,138,91,40,100,-17
24899,Oct 16 2018,African Nations Cup qualifier in Liberia,Liberia,Congo,1299,1408,2,1,21,-21,1320,1387,120,121,8,-8,128,113,40,100,-9
24900,Oct 16 2018,African Nations Cup qualifier in Madagascar,Madagascar,Equatorial Guinea,1379,1311,1,0,11,-11,1390,1300,108,135,2,-2,110,133,40,100,168
24901,Oct 16 2018,African Nations Cup qualifier in Malawi,Malawi,Cameroon,1266,1628,0,0,13,-13,1279,1615,135,53,4,0,139,53,40,100,-262
24902,Oct 16 2018,Friendly in Malaysia,Malaysia,Kyrgyzstan,1068,1256,0,1,-8,8,1060,1264,187,144,-3,2,184,146,20,100,-88
24903,Oct 16 2018,CONCACAF Nations League q in Martinique,Martinique,British Virgin Islands,1445,645,4,0,0,0,1445,645,96,227,0,0,96,227,20,0,800
24904,Oct 16 2018,African Nations Cup qualifier in Mauritania,Mauritania,Angola,1329,1308,1,0,13,-13,1342,1295,124,137,-1,-2,123,135,40,100,121
24905,Oct 16 2018,Friendly in Mexico,Mexico,Chile,1813,1852,0,1,-12,12,1801,1864,22,17,-1,0,21,17,20,100,61
24906,Oct 16 2018,African Nations Cup qualifier in Namibia,Namibia,Mozambique,1379,1286,1,0,10,-10,1389,1276,110,143,1,-2,111,141,40,100,193
24907,Oct 16 2018,African Nations Cup qualifier in Niger,Niger,Tunisia,1297,1672,1,2,-7,7,1290,1679,135,44,1,1,136,45,40,100,-275
24908,Oct 16 2018,African Nations Cup qualifier in Tunisia,Nigeria,Libya,1718,1475,3,2,8,-8,1726,1467,35,87,2,0,37,87,40,0,243
24909,Oct 16 2018,European Nations League C in Norway,Norway,Bulgaria,1643,1660,1,0,15,-15,1658,1645,48,51,1,-1,49,50,40,100,83
24910,Oct 16 2018,African Nations Cup qualifier in Rwanda,Rwanda,Guinea,1264,1473,1,1,6,-6,1270,1467,143,86,1,1,144,87,40,100,-109
24911,Oct 16 2018,African Nations Cup qualifier in the Seychelles,Seychelles,South Africa,960,1561,0,0,18,-18,978,1543,193,74,2,-3,195,71,40,100,-501
24912,Oct 16 2018,European Nations League C in Slovenia,Slovenia,Cyprus,1563,1416,1,1,-12,12,1551,1428,73,97,-4,3,69,100,40,100,247
24913,Oct 16 2018,Friendly in South Korea,South Korea,Panama,1779,1575,2,2,-7,7,1772,1582,28,61,-2,0,26,61,20,100,304
24914,Oct 16 2018,African Nations Cup qualifier in South Sudan,South Sudan,Gabon,1045,1420,0,1,-7,7,1038,1427,188,101,-1,0,187,101,40,100,-275
24915,Oct 16 2018,African Nations Cup qualifier in Sudan,Sudan,Senegal,1232,1749,0,1,-3,3,1229,1752,150,26,2,2,152,28,40,100,-417
24916,Oct 16 2018,Friendly in Sweden,Sweden,Slovakia,1819,1728,1,1,-5,5,1814,1733,19,32,0,1,19,33,20,100,191
24917,Oct 16 2018,African Nations Cup qualifier in Tanzania,Tanzania,Cape Verde,1313,1451,2,0,33,-33,1346,1418,112,118,8,-13,120,105,40,100,-38
24918,Oct 16 2018,European Nations League B in Ukraine,Ukraine,Czechia,1794,1708,1,0,10,-10,1804,1698,17,40,3,1,20,41,40,100,186
24919,Oct 16 2018,Friendly in the United States,United States,Peru,1754,1896,1,1,1,-1,1755,1895,27,15,0,-1,27,14,20,100,-42
24920,Oct 16 2018,Friendly in Uzbekistan,Uzbekistan,Qatar,1596,1521,2,0,8,-8,1604,1513,56,76,1,0,57,76,20,100,175
24921,Oct 16 2018,Friendly in Spain,Venezuela,United Arab Emirates,1746,1506,2,0,6,-6,1752,1500,24,84,4,-1,28,83,20,0,240
24922,Oct 16 2018,African Nations Cup qualifier in Zimbabwe,Zimbabwe,DR Congo,1501,1547,1,1,-3,3,1498,1550,84,70,0,0,84,70,40,100,54
24923,Nov 3 2018,Friendly in Malaysia,Malaysia,Maldives,1060,988,3,0,9,-9,1069,979,178,195,3,-1,181,194,20,100,172
24924,Nov 8 2018,Southeast Asian Champ in Cambodia,Cambodia,Malaysia,796,1069,0,1,-11,11,785,1080,213,175,-3,3,210,178,40,100,-173
24925,Nov 8 2018,Southeast Asian Champ in Laos,Laos,Vietnam,730,1285,0,3,-5,5,725,1290,214,135,0,1,214,136,40,100,-455
24926,Nov 9 2018,Southeast Asian Champ in Singapore,Singapore,Indonesia,1068,1237,1,0,24,-24,1092,1213,172,165,5,-7,177,158,40,100,-69
24927,Nov 9 2018,Southeast Asian Champ in Thailand,Thailand,East Timor,1398,650,7,0,1,-1,1399,649,108,226,0,0,108,226,20,0,748
24928,Nov 11 2018,East Asian Championship qual in Taiwan,North Korea,Mongolia,1450,716,4,1,1,-1,1451,715,93,216,0,0,93,216,20,0,734
24929,Nov 11 2018,East Asian Championship qual in Taiwan,Taiwan,Hong Kong,990,1180,1,2,-15,15,975,1195,198,161,-3,3,195,164,40,100,-90
24930,Nov 12 2018,Southeast Asian Champ in Malaysia,Malaysia,Laos,1080,725,3,1,4,-4,1084,721,179,214,0,0,179,214,40,100,455
24931,Nov 12 2018,Southeast Asian Champ in Myanmar,Myanmar,Cambodia,1057,785,4,1,7,-7,1064,778,181,212,2,-1,183,211,40,100,372
24932,Nov 13 2018,East Asian Championship qual in Taiwan,Hong Kong,North Korea,1195,1451,0,0,13,-13,1208,1438,158,103,3,-5,161,98,40,0,-256
24933,Nov 13 2018,Southeast Asian Champ in Indonesia,Indonesia,East Timor,1213,649,3,1,1,-1,1214,648,158,226,0,0,158,226,20,0,564
24934,Nov 13 2018,Southeast Asian Champ in the Philippines,Philippines,Singapore,1186,1092,1,0,10,-10,1196,1082,163,181,2,-2,165,179,40,100,194
24935,Nov 13 2018,East Asian Championship qual in Taiwan,Taiwan,Mongolia,975,715,2,1,4,-4,979,711,191,216,2,0,193,216,20,0,260
24936,Nov 14 2018,Friendly in Switzerland,Switzerland,Qatar,1896,1513,0,1,-19,19,1877,1532,19,72,-3,2,16,74,20,100,483
24937,Nov 14 2018,Friendly in Vanuatu,Vanuatu,New Caledonia,1225,1206,0,1,-13,13,1212,1219,167,149,-7,7,160,156,20,100,119
24938,Nov 15 2018,European Nations League D in Andorra,Andorra,Georgia,1057,1556,1,1,16,-16,1073,1540,178,76,4,-5,182,71,40,100,-399
24939,Nov 15 2018,European Nations League B in Austria,Austria,Bosnia and Herzegovina,1747,1795,0,0,-3,3,1744,1798,31,21,0,1,31,22,40,100,52
24940,Nov 15 2018,European Nations League A in Belgium,Belgium,Iceland,2077,1675,2,0,3,-3,2080,1672,3,46,0,0,3,46,20,0,402
24941,Nov 15 2018,European Nations League A in Croatia,Croatia,Spain,1918,2029,3,2,21,-21,1939,2008,9,4,1,0,10,4,40,100,-11
24942,Nov 15 2018,Friendly in England,England,United States,1940,1755,3,0,6,-6,1946,1749,6,33,1,-3,7,30,20,100,285
24943,Nov 15 2018,Friendly in Germany,Germany,Russia,1935,1776,3,0,6,-6,1941,1770,9,27,0,-1,9,26,20,100,259
24944,Nov 15 2018,European Nations League C in Greece,Greece,Finland,1631,1664,1,0,16,-16,1647,1648,48,51,2,-2,50,49,30,0,-33
24945,Nov 15 2018,European Nations League C in Hungary,Hungary,Estonia,1570,1447,2,0,13,-13,1583,1434,59,102,2,-4,61,98,40,100,223
24946,Nov 15 2018,Friendly in Iran,Iran,Trinidad and Tobago,1828,1435,1,0,1,-1,1829,1434,18,97,0,1,18,98,20,100,493
24947,Nov 15 2018,Friendly in Ireland,Ireland,Northern Ireland,1693,1638,0,0,-4,4,1689,1642,44,53,-1,-1,43,52,20,100,155
24948,Nov 15 2018,Friendly in Israel,Israel,Guatemala,1555,1509,7,0,14,-14,1569,1495,61,92,3,-7,64,85,20,100,146
24949,Nov 15 2018,European Nations League D in Kazakhstan,Kazakhstan,Latvia,1344,1297,1,1,-8,8,1336,1305,124,128,-1,3,123,131,40,100,147
24950,Nov 15 2018,Friendly in Australia,Lebanon,Uzbekistan,1460,1604,0,0,4,-4,1464,1600,90,57,0,0,90,57,20,0,-144
24951,Nov 15 2018,European Nations League D in Luxembourg,Luxembourg,Belarus,1369,1509,0,2,-27,27,1342,1536,125,68,-4,5,121,73,40,100,-40
24952,Nov 15 2018,Friendly in Peru,Peru,Ecuador,1895,1741,0,2,-24,24,1871,1765,19,22,-3,5,16,27,20,100,254
24953,Nov 15 2018,Friendly in Poland,Poland,Czechia,1751,1698,0,1,-14,14,1737,1712,34,37,-2,2,32,39,20,100,153
24954,Nov 15 2018,European Nations League D in San Marino,San Marino,Moldova,841,1325,0,1,-4,4,837,1329,206,123,-1,2,205,125,40,100,-384
24955,Nov 16 2018,Friendly in Argentina,Argentina,Mexico,1901,1801,2,0,7,-7,1908,1794,14,23,-1,-1,13,22,20,100,200
24956,Nov 16 2018,CONCACAF Nations League q in Curaçao,Aruba,Montserrat,984,670,0,2,-52,52,932,722,206,203,-7,11,199,214,40,0,314
24957,Nov 16 2018,CONCACAF Nations League q in Belize,Belize,Puerto Rico,1147,1016,1,0,8,-8,1155,1008,171,189,0,0,171,189,40,100,231
24958,Nov 16 2018,CONCACAF Nations League q in Bermuda,Bermuda,El Salvador,1152,1476,1,0,31,-31,1183,1445,166,102,2,-8,168,94,40,100,-224
24959,Nov 16 2018,Friendly in England,Brazil,Uruguay,2131,1932,1,0,5,-5,2136,1927,1,11,0,0,1,11,20,0,199
24960,Nov 16 2018,Friendly in Chile,Chile,Costa Rica,1864,1691,2,3,-17,17,1847,1708,17,42,0,0,17,42,20,100,273
24961,Nov 16 2018,European Nations League C in Cyprus,Cyprus,Bulgaria,1428,1645,1,1,6,-6,1434,1639,96,53,2,-1,98,52,20,0,-217
24962,Nov 16 2018,African Nations Cup qualifier in Egypt,Egypt,Tunisia,1598,1679,3,2,19,-19,1617,1660,48,47,5,-1,53,46,40,100,19
24963,Nov 16 2018,European Nations League D in Gibraltar,Gibraltar,Armenia,1124,1445,2,6,-16,16,1108,1461,177,86,-1,4,176,90,40,100,-221
24964,Nov 16 2018,CONCACAF Nations League q in Grenada,Grenada,Saint Martin,1062,838,5,2,9,-9,1071,829,185,206,0,-1,185,205,40,100,324
24965,Nov 16 2018,Friendly in Honduras,Honduras,Panama,1588,1582,1,0,7,-7,1595,1575,59,64,0,-1,59,63,20,100,106
24966,Nov 16 2018,East Asian Championship qual in Taiwan,Hong Kong,Mongolia,1208,711,5,1,4,-4,1212,707,158,218,2,-1,160,217,40,0,497
24967,Nov 16 2018,Friendly in Japan,Japan,Venezuela,1732,1752,1,1,-2,2,1730,1754,34,30,0,-1,34,29,20,100,80
24968,Nov 16 2018,Southeast Asian Champ in Laos,Laos,Myanmar,721,1064,1,3,-12,12,709,1076,218,176,-2,4,216,180,40,100,-243
24969,Nov 16 2018,European Nations League D in Liechtenstein,Liechtenstein,Macedonia,1137,1504,0,2,-11,11,1126,1515,175,77,-1,1,174,78,40,100,-267
24970,Nov 16 2018,African Nations Cup qualifier in Morocco,Morocco,Cameroon,1704,1615,2,0,15,-15,1719,1600,37,61,2,-4,39,57,40,100,189
24971,Nov 16 2018,European Nations League A in the Netherlands,Netherlands,France,1946,2127,2,0,37,-37,1983,2090,3,2,2,0,5,2,40,100,-81
24972,Nov 16 2018,Friendly in Oman,Oman,Syria,1535,1587,1,1,-1,1,1534,1588,74,60,0,0,74,60,20,100,48
24973,Nov 16 2018,Friendly in Palestine,Palestine,Pakistan,1376,936,2,1,1,-1,1377,935,115,197,0,1,115,198,20,0,440
24974,Nov 16 2018,Friendly in Saudi Arabia,Saudi Arabia,Yemen,1575,1194,1,0,1,-1,1576,1193,61,168,1,-1,62,167,20,100,481
24975,Nov 16 2018,European Nations League B in Slovakia,Slovakia,Ukraine,1733,1804,4,1,32,-32,1765,1772,21,28,6,-4,27,24,30,0,-71
24976,Nov 16 2018,European Nations League C in Slovenia,Slovenia,Norway,1551,1658,1,1,0,0,1551,1658,68,46,0,1,68,47,20,100,-7
24977,Nov 16 2018,African Nations Cup qualifier in South Sudan,South Sudan,Burundi,1038,1348,2,5,-16,16,1022,1364,189,116,-1,1,188,117,40,100,-210
24978,Nov 16 2018,East Asian Championship qual in Taiwan,Taiwan,North Korea,979,1438,0,2,-7,7,972,1445,197,91,-2,3,195,94,40,100,-359
24979,Nov 16 2018,Friendly in the United Arab Emirates,United Arab Emirates,Bolivia,1500,1660,0,0,2,-2,1502,1658,80,47,1,0,81,47,20,100,-60
24980,Nov 16 2018,Southeast Asian Champ in Vietnam,Vietnam,Malaysia,1290,1084,2,0,9,-9,1299,1075,134,186,1,-4,135,182,40,100,306
24981,Nov 16 2018,European Nations League B in Wales,Wales,Denmark,1795,1893,1,2,-20,20,1775,1913,22,11,1,1,23,12,40,100,2
24982,Nov 17 2018,European Nations League C in Albania,Albania,Scotland,1532,1682,0,4,-32,32,1500,1714,89,36,-7,4,82,40,40,100,-50
24983,Nov 17 2018,Friendly in Australia,Australia,South Korea,1722,1772,1,1,-1,1,1721,1773,36,24,1,0,37,24,20,100,50
24984,Nov 17 2018,European Nations League D in Azerbaijan,Azerbaijan,Faroe Islands,1413,1265,2,0,12,-12,1425,1253,96,151,5,-3,101,148,40,100,248
24985,Nov 17 2018,CONCACAF Nations League q in the Cayman Islands,Cayman Islands,Saint Lucia,939,1147,0,0,6,-6,945,1141,197,172,0,0,197,172,40,100,-108
24986,Nov 17 2018,African Nations Cup qualifier in the Comoros,Comoros,Malawi,1061,1279,2,1,27,-27,1088,1252,170,159,8,-10,178,149,40,100,-118
24987,Nov 17 2018,CONCACAF Nations League q in Cuba,Cuba,Dominican Republic,1327,1277,1,0,12,-12,1339,1265,120,146,3,-3,123,143,40,100,150
24988,Nov 17 2018,African Nations Cup qualifier in Equatorial Guinea,Equatorial Guinea,Senegal,1300,1752,0,1,-5,5,1295,1757,136,28,-1,1,135,29,40,100,-352
24989,Nov 17 2018,African Nations Cup qualifier in Gabon,Gabon,Mali,1427,1510,0,1,-21,21,1406,1531,109,75,-4,2,105,77,40,100,17
24990,Nov 17 2018,African Nations Cup qualifier in The Gambia,Gambia,Benin,1272,1424,3,1,34,-34,1306,1390,121,116,11,-7,132,109,40,100,-52
24991,Nov 17 2018,European Nations League A in Italy,Italy,Portugal,1884,1974,0,0,-1,1,1883,1975,14,6,0,0,14,6,40,100,10
24992,Nov 17 2018,CONCACAF Nations League q in Jamaica,Jamaica,Suriname,1566,1263,2,1,4,-4,1570,1259,63,143,1,2,64,145,30,0,303
24993,Nov 17 2018,Friendly in Jordan,Jordan,India,1465,1213,2,1,2,-2,1467,1211,90,159,-1,0,89,159,20,100,352
24994,Nov 17 2018,European Nations League D in Malta,Malta,Kosovo,1204,1449,0,5,-24,24,1180,1473,172,81,-4,6,168,87,40,100,-145
24995,Nov 17 2018,African Nations Cup qualifier in Namibia,Namibia,Guinea-Bissau,1389,1305,0,0,-10,10,1379,1315,117,127,-3,2,114,129,40,100,184
24996,Nov 17 2018,CONCACAF Nations League q in Nicaragua,Nicaragua,Haiti,1303,1501,0,2,-22,22,1281,1523,143,74,-5,4,138,78,40,100,-98
24997,Nov 17 2018,Southeast Asian Champ in Malaysia,Philippines,East Timor,1196,648,3,2,2,-2,1198,646,163,226,1,0,164,226,40,0,548
24998,Nov 17 2018,European Nations League C in Romania,Romania,Lithuania,1730,1345,3,0,4,-4,1734,1341,34,124,0,-2,34,122,40,100,485
24999,Nov 17 2018,European Nations League C in Serbia,Serbia,Montenegro,1797,1615,2,1,7,-7,1804,1608,19,56,1,-1,20,55,40,100,282
25000,Nov 17 2018,African Nations Cup qualifier in the Seychelles,Seychelles,Libya,978,1467,1,8,-9,9,969,1476,197,86,-2,0,195,86,40,100,-389
25001,Nov 17 2018,African Nations Cup qualifier in South Africa,South Africa,Nigeria,1543,1726,1,1,5,-5,1548,1721,70,37,0,0,70,37,20,0,-183
25002,Nov 17 2018,Southeast Asian Champ in Thailand,Thailand,Indonesia,1399,1214,4,2,10,-10,1409,1204,100,168,4,-5,104,163,40,100,285
25003,Nov 17 2018,European Nations League B in Turkey,Turkey,Sweden,1712,1814,0,1,-20,20,1692,1834,46,17,-3,1,43,18,40,100,-2
25004,Nov 17 2018,African Nations Cup qualifier in Uganda,Uganda,Cape Verde,1456,1418,1,0,12,-12,1468,1406,85,105,3,0,88,105,40,100,138
25005,Nov 17 2018,Friendly in Vanuatu,Vanuatu,New Caledonia,1212,1219,2,2,-3,3,1209,1222,162,154,-1,1,161,155,20,100,93
25006,Nov 18 2018,African Nations Cup qualifier in Angola,Angola,Burkina Faso,1295,1555,2,1,29,-29,1324,1526,119,89,8,-11,127,78,40,100,-160
25007,Nov 18 2018,CONCACAF Nations League q in the Bahamas,Bahamas,Anguilla,872,568,1,1,-16,16,856,584,202,229,0,1,202,230,40,100,404
25008,Nov 18 2018,CONCACAF Nations League q in Barbados,Barbados,US Virgin Islands,1131,718,3,0,3,-3,1134,715,173,215,0,0,173,215,20,0,413
25009,Nov 18 2018,African Nations Cup qualifier in Congo,Congo,DR Congo,1387,1550,1,1,4,-4,1391,1546,104,71,4,-1,108,70,20,0,-163
25010,Nov 18 2018,European Nations League A in England,England,Croatia,1946,1939,2,1,14,-14,1960,1925,8,12,0,-1,8,11,40,100,107
25011,Nov 18 2018,African Nations Cup qualifier in Eswatini,Eswatini,Niger,1224,1290,1,2,-22,22,1202,1312,173,125,-10,6,163,131,40,100,34
25012,Nov 18 2018,African Nations Cup qualifier in Ethiopia,Ethiopia,Ghana,1274,1613,0,2,-12,12,1262,1625,149,46,-4,4,145,50,40,100,-239
25013,Nov 18 2018,European Nations League C in Greece,Greece,Estonia,1647,1434,0,1,-34,34,1613,1468,58,80,-4,9,54,89,40,100,313
25014,Nov 18 2018,African Nations Cup qualifier in Guinea,Guinea,Ivory Coast,1467,1607,1,1,2,-2,1469,1605,87,58,1,-1,88,57,30,100,-40
25015,Nov 18 2018,European Nations League C in Hungary,Hungary,Finland,1583,1648,2,0,27,-27,1610,1621,49,55,6,-3,55,52,30,0,-65
25016,Nov 18 2018,African Nations Cup qualifier in Lesotho,Lesotho,Tanzania,1281,1346,1,0,18,-18,1299,1328,136,133,1,-7,137,126,30,0,-65
25017,Nov 18 2018,African Nations Cup qualifier in Liberia,Liberia,Zimbabwe,1320,1498,1,0,24,-24,1344,1474,112,89,8,-3,120,86,40,100,-78
25018,Nov 18 2018,African Nations Cup qualifier in Madagascar,Madagascar,Sudan,1390,1229,1,3,-49,49,1341,1278,133,131,-12,10,121,141,40,100,261
25019,Nov 18 2018,African Nations Cup qualifier in Mauritania,Mauritania,Botswana,1342,1327,2,1,14,-14,1356,1313,116,133,2,-3,118,130,30,0,15
25020,Nov 18 2018,European Nations League D in Moldova,Moldova,Luxembourg,1329,1342,1,1,-5,5,1324,1347,128,118,-1,1,127,119,40,100,87
25021,Nov 18 2018,African Nations Cup qualifier in Mozambique,Mozambique,Zambia,1276,1440,1,0,24,-24,1300,1416,132,109,4,-6,136,103,40,100,-64
25022,Nov 18 2018,European Nations League B in Northern Ireland,Northern Ireland,Austria,1642,1744,1,2,-20,20,1622,1764,51,26,0,3,51,29,40,100,-2
25023,Nov 18 2018,African Nations Cup qualifier in Rwanda,Rwanda,Central African Republic,1270,1330,2,2,-2,2,1268,1332,142,125,0,0,142,125,30,100,40
25024,Nov 18 2018,European Nations League D in San Marino,San Marino,Belarus,837,1536,0,2,-2,2,835,1538,204,71,0,1,204,72,40,100,-599
25025,Nov 18 2018,Friendly in Spain,Spain,Bosnia and Herzegovina,2008,1798,1,0,3,-3,2011,1795,4,21,0,0,4,21,20,100,310
25026,Nov 18 2018,CONCACAF Nations League q in Saint Kitts and Nevis,Saint Kitts and Nevis,Canada,1257,1537,0,1,-10,10,1247,1547,154,66,-4,3,150,69,40,100,-180
25027,Nov 18 2018,European Nations League A in Switzerland,Switzerland,Belgium,1877,2080,5,2,45,-45,1922,2035,9,3,3,0,12,3,40,100,-103
25028,Nov 18 2018,African Nations Cup qualifier in Togo,Togo,Algeria,1395,1497,1,4,-35,35,1360,1532,124,64,-8,10,116,74,40,100,-2
25029,Nov 18 2018,CONCACAF Nations League q in Turks and Caicos Islands,Turks and Caicos Islands,St Vincent & Grenadines,746,1113,3,2,33,-33,779,1080,209,183,2,-4,211,179,40,100,-267
25030,Nov 19 2018,European Nations League D in Andorra,Andorra,Latvia,1073,1305,0,0,7,-7,1080,1298,174,141,5,-3,179,138,40,100,-132
25031,Nov 19 2018,European Nations League C in Bulgaria,Bulgaria,Slovenia,1639,1551,1,1,-10,10,1629,1561,49,67,0,0,49,67,40,100,188
25032,Nov 19 2018,CONCACAF Nations League q in Curaçao,Curaçao,Guadeloupe,1312,1226,6,0,22,-22,1334,1204,117,170,7,-9,124,161,40,100,186
25033,Nov 19 2018,European Nations League C in Cyprus,Cyprus,Norway,1434,1658,0,2,-20,20,1414,1678,108,43,-5,2,103,45,40,100,-124
25034,Nov 19 2018,European Nations League B in Czechia,Czechia,Slovakia,1712,1765,1,0,17,-17,1729,1748,31,37,5,-5,36,32,30,0,-53
25035,Nov 19 2018,European Nations League B in Denmark,Denmark,Ireland,1913,1689,0,0,-15,15,1898,1704,15,42,-1,1,14,43,40,100,324
25036,Nov 19 2018,European Nations League D in Georgia,Georgia,Kazakhstan,1540,1336,2,1,6,-6,1546,1330,69,128,1,-2,70,126,40,100,304
25037,Nov 19 2018,European Nations League A in Germany,Germany,Netherlands,1941,1983,2,2,-3,3,1938,1986,9,5,0,0,9,5,40,100,58
25038,Nov 19 2018,Friendly in Belgium,Iceland,Qatar,1672,1532,2,2,-4,4,1668,1536,47,74,-1,0,46,74,20,0,140
25039,Nov 19 2018,European Nations League D in Liechtenstein,Liechtenstein,Armenia,1126,1461,2,2,12,-12,1138,1449,172,97,1,-2,173,95,40,100,-235
25040,Nov 19 2018,European Nations League D in Macedonia,Macedonia,Gibraltar,1515,1108,4,0,4,-4,1519,1104,80,175,0,0,80,175,40,100,507
25041,Nov 19 2018,CONCACAF Nations League q in Martinique,Martinique,Antigua and Barbuda,1445,1177,4,2,6,-6,1451,1171,93,169,1,0,94,169,40,100,368
25042,Nov 19 2018,Friendly in Oman,Oman,Bahrain,1534,1404,2,1,4,-4,1538,1400,71,107,1,0,72,107,20,100,230
25043,Nov 20 2018,Friendly in Albania,Albania,Wales,1500,1775,1,0,15,-15,1515,1760,77,31,3,-4,80,27,20,100,-175
25044,Nov 20 2018,Friendly in Argentina,Argentina,Mexico,1908,1794,2,0,7,-7,1915,1787,13,22,0,0,13,22,20,100,214
25045,Nov 20 2018,Friendly in Australia,Australia,Lebanon,1721,1464,3,0,4,-4,1725,1460,38,92,0,0,38,92,20,100,357
25046,Nov 20 2018,Friendly in the United Arab Emirates,Bolivia,Iraq,1658,1562,0,0,-3,3,1655,1565,46,64,1,1,47,65,20,0,96
25047,Nov 20 2018,Friendly in England,Brazil,Cameroon,2136,1600,1,0,1,-1,2137,1599,1,56,0,1,1,57,20,0,536
25048,Nov 20 2018,Southeast Asian Champ in Cambodia,Cambodia,Laos,778,709,3,1,16,-16,794,693,202,224,5,-4,207,220,40,100,169
25049,Nov 20 2018,Friendly in Chile,Chile,Honduras,1847,1595,4,1,4,-4,1851,1591,17,58,0,1,17,59,20,100,352
25050,Nov 20 2018,Friendly in China,China,Palestine,1532,1377,1,1,-6,6,1526,1383,79,109,-2,2,77,111,20,100,255
25051,Nov 20 2018,CONCACAF Nations League q in Anguilla,Dominica,Sint Maarten,1030,828,2,0,14,-14,1044,814,187,206,0,0,187,206,40,0,202
25052,Nov 20 2018,Friendly in El Salvador,El Salvador,Haiti,1445,1523,1,0,9,-9,1454,1514,92,83,2,-2,94,81,20,100,22
25053,Nov 20 2018,Friendly in France,France,Uruguay,2090,1927,1,0,4,-4,2094,1923,2,12,0,-1,2,11,20,100,263
25054,Nov 20 2018,CONCACAF Nations League q in French Guiana,French Guiana,Guyana,1312,1194,2,1,9,-9,1321,1185,128,167,2,-1,130,166,40,100,218
25055,Nov 20 2018,Friendly in Qatar,Iran,Venezuela,1829,1754,1,1,-2,2,1827,1756,19,28,0,1,19,29,20,0,75
25056,Nov 20 2018,Friendly in Belgium,Italy,United States,1883,1749,1,0,6,-6,1889,1743,15,37,0,-3,15,34,20,0,134
25057,Nov 20 2018,Friendly in Japan,Japan,Kyrgyzstan,1730,1264,4,0,1,-1,1731,1263,35,144,0,0,35,144,20,100,566
25058,Nov 20 2018,Friendly in Jordan,Jordan,Saudi Arabia,1467,1576,1,1,0,0,1467,1576,91,62,0,0,91,62,20,100,-9
25059,Nov 20 2018,European Nations League D in Kosovo,Kosovo,Azerbaijan,1473,1425,4,0,22,-22,1495,1403,81,113,3,-7,84,106,40,100,148
25060,Nov 20 2018,Friendly in Kuwait,Kuwait,Syria,1419,1588,1,2,-8,8,1411,1596,103,55,-1,3,102,58,20,100,-69
25061,Nov 20 2018,European Nations League D in Malta,Malta,Faroe Islands,1180,1253,1,1,-2,2,1178,1255,168,146,0,1,168,147,40,100,27
25062,Nov 20 2018,European Nations League C in Montenegro,Montenegro,Romania,1608,1734,0,1,-19,19,1589,1753,66,26,-5,4,61,30,40,100,-26
25063,Nov 20 2018,Southeast Asian Champ in Myanmar,Myanmar,Vietnam,1076,1299,0,0,7,-7,1083,1292,174,142,4,-3,178,139,40,100,-123
25064,Nov 20 2018,Friendly in Nigeria,Nigeria,Uganda,1721,1468,0,0,-8,8,1713,1476,46,83,-4,3,42,86,20,100,353
25065,Nov 20 2018,Friendly in Panama,Panama,Ecuador,1575,1765,1,2,-7,7,1568,1772,65,23,-1,2,64,25,20,100,-90
25066,Nov 20 2018,Friendly in Peru,Peru,Costa Rica,1871,1708,2,3,-16,16,1855,1724,16,38,0,2,16,40,20,100,263
25067,Nov 20 2018,European Nations League A in Portugal,Portugal,Poland,1975,1737,1,1,-15,15,1960,1752,8,31,-1,1,7,32,40,100,338
25068,Nov 20 2018,European Nations League C in Scotland,Scotland,Israel,1714,1569,3,2,8,-8,1722,1561,41,67,0,-1,41,66,40,100,245
25069,Nov 20 2018,European Nations League C in Serbia,Serbia,Lithuania,1804,1341,4,1,3,-3,1807,1338,20,125,0,-2,20,123,30,0,463
25070,Nov 20 2018,Friendly tournament in South Africa,South Africa,Paraguay,1548,1728,1,1,3,-3,1551,1725,68,39,0,-1,68,38,30,100,-80
25071,Nov 20 2018,Friendly in Australia,South Korea,Uzbekistan,1773,1600,4,0,10,-10,1783,1590,22,62,1,-2,23,60,20,0,173
25072,Nov 20 2018,European Nations League B in Sweden,Sweden,Russia,1834,1770,2,0,17,-17,1851,1753,16,34,1,-4,17,30,40,100,164
25073,Nov 20 2018,Friendly in Tunisia,Tunisia,Morocco,1660,1719,0,1,-11,11,1649,1730,49,32,-1,4,48,36,20,100,41
25074,Nov 20 2018,Friendly in Turkey,Turkey,Ukraine,1692,1772,0,0,-1,1,1691,1773,44,23,0,1,44,24,20,100,20
25075,Nov 20 2018,Friendly in the United Arab Emirates,United Arab Emirates,Yemen,1502,1193,2,0,3,-3,1505,1190,82,164,0,1,82,165,20,100,409
25076,Nov 21 2018,Southeast Asian Champ in the Philippines,Philippines,Thailand,1198,1409,1,1,6,-6,1204,1403,158,107,3,-2,161,105,40,100,-111
25077,Nov 21 2018,Southeast Asian Champ in Singapore,Singapore,East Timor,1082,646,6,1,3,-3,1085,643,177,228,1,-1,178,227,20,0,436
25078,Nov 24 2018,Southeast Asian Champ in Malaysia,Malaysia,Myanmar,1075,1083,3,0,26,-26,1101,1057,168,193,8,-7,176,186,40,100,92
25079,Nov 24 2018,Southeast Asian Champ in Vietnam,Vietnam,Cambodia,1292,794,3,0,2,-2,1294,792,139,209,0,-1,139,208,20,0,498
25080,Nov 25 2018,Southeast Asian Champ in Indonesia,Indonesia,Philippines,1204,1204,0,0,-6,6,1198,1210,167,155,-3,3,164,158,40,100,100
25081,Nov 25 2018,Southeast Asian Champ in Thailand,Thailand,Singapore,1403,1085,3,0,6,-6,1409,1079,101,183,2,-2,103,181,40,100,418
25082,Dec 1 2018,Southeast Asian Champ in Malaysia,Malaysia,Thailand,1101,1409,0,0,11,-11,1112,1398,174,111,1,-4,175,107,30,0,-308
25083,Dec 2 2018,Southeast Asian Champ in the Philippines,Philippines,Vietnam,1210,1294,1,2,-21,21,1189,1315,172,123,-7,8,165,131,40,100,16
25084,Dec 5 2018,Southeast Asian Champ in Thailand,Thailand,Malaysia,1398,1112,2,2,-16,16,1382,1128,115,175,-4,0,111,175,40,100,386
25085,Dec 6 2018,Southeast Asian Champ in Vietnam,Vietnam,Philippines,1315,1189,2,1,9,-9,1324,1180,125,169,3,-2,128,167,40,100,226
25086,Dec 11 2018,Southeast Asian Champ in Malaysia,Malaysia,Vietnam,1128,1324,2,2,5,-5,1133,1319,175,134,0,-3,175,131,20,0,-196
25087,Dec 13 2018,Friendly in Oman,Oman,Tajikistan,1538,1220,2,1,2,-2,1540,1218,72,156,0,-1,72,155,20,100,418
25088,Dec 15 2018,Southeast Asian Champ in Vietnam,Vietnam,Malaysia,1319,1133,1,0,6,-6,1325,1127,125,175,3,0,128,175,40,100,286
25089,Dec 16 2018,Friendly in Oman,Oman,Tajikistan,1540,1218,1,0,2,-2,1542,1216,72,155,0,0,72,155,20,100,422
25090,Dec 16 2018,Friendly in Qatar,Palestine,Pakistan,1383,935,2,0,2,-2,1385,933,110,198,0,0,110,198,20,0,448
25091,Dec 20 2018,Friendly in Bahrain,Bahrain,Tajikistan,1400,1216,5,0,7,-7,1407,1209,100,161,3,-3,103,158,20,100,284
25092,Dec 20 2018,Friendly in Qatar,Kyrgyzstan,Jordan,1263,1467,1,0,15,-15,1278,1452,138,97,3,-3,141,94,20,0,-204
25093,Dec 23 2018,Friendly in Qatar,Qatar,Jordan,1536,1452,2,0,8,-8,1544,1444,70,100,2,-3,72,97,20,100,184
25094,Dec 24 2018,Friendly in Qatar,Iran,Palestine,1827,1385,1,1,-9,9,1818,1394,19,104,0,3,19,107,20,0,442
25095,Dec 24 2018,Friendly in Qatar,Iraq,China,1565,1526,2,1,9,-9,1574,1517,61,81,2,-2,63,79,20,0,39
25096,Dec 25 2018,Friendly in Qatar,Qatar,Kyrgyzstan,1544,1278,1,0,2,-2,1546,1276,68,143,2,-1,70,142,20,100,366
25097,Dec 25 2018,Friendly in Turkey,Turkmenistan,Afghanistan,1238,1158,2,0,12,-12,1250,1146,149,172,1,-1,150,171,20,0,80
25098,Dec 25 2018,Friendly in Vietnam,Vietnam,North Korea,1325,1445,1,1,1,-1,1326,1444,128,96,0,0,128,96,20,100,-20
25099,Dec 27 2018,Friendly in Bahrain,Bahrain,Lebanon,1407,1460,1,0,9,-9,1416,1451,97,95,3,-2,100,93,20,100,47
25100,Dec 27 2018,Friendly in the United Arab Emirates,India,Oman,1211,1542,0,0,7,-7,1218,1535,154,75,1,-1,155,74,20,0,-331
25101,Dec 27 2018,Friendly in Qatar,Qatar,Algeria,1546,1532,0,1,-13,13,1533,1545,80,69,-5,3,75,72,20,100,114
25102,Dec 28 2018,Friendly in Turkey,Afghanistan,Turkmenistan,1146,1250,2,2,3,-3,1149,1247,171,150,0,0,171,150,20,0,-104
25103,Dec 28 2018,Friendly in Qatar,China,Jordan,1517,1444,1,1,-2,2,1515,1446,79,96,0,0,79,96,20,0,73
25104,Dec 28 2018,Friendly in Qatar,Iraq,Palestine,1574,1394,1,0,5,-5,1579,1389,61,111,1,-2,62,109,20,0,180
25105,Dec 28 2018,Friendly in the United Arab Emirates,United Arab Emirates,Kuwait,1505,1411,0,2,-23,23,1482,1434,88,93,-3,5,85,98,20,100,194
25106,Dec 29 2018,Friendly in Bahrain,Bahrain,North Korea,1416,1444,4,0,15,-15,1431,1429,97,103,2,-3,99,100,20,100,72
25107,Dec 30 2018,Friendly in the United Arab Emirates,Australia,Oman,1725,1535,5,0,10,-10,1735,1525,32,80,3,-3,35,77,20,0,190
25108,Dec 30 2018,Friendly in the United Arab Emirates,Syria,Yemen,1596,1190,1,0,2,-2,1598,1188,58,164,0,0,58,164,20,0,406
25109,Dec 31 2018,Friendly in Qatar,Kyrgyzstan,Palestine,1276,1389,2,1,13,-13,1289,1376,138,117,2,-4,140,113,20,0,-113
25110,Dec 31 2018,Friendly in Qatar,Qatar,Iran,1533,1818,1,2,-5,5,1528,1823,76,19,-1,0,75,19,20,100,-185
25111,Dec 31 2018,Friendly in the United Arab Emirates,Saudi Arabia,South Korea,1576,1783,0,0,5,-5,1581,1778,61,23,1,0,62,23,20,0,-207
25112,Dec 31 2018,Friendly in Qatar,Vietnam,Philippines,1326,1180,4,2,9,-9,1335,1171,120,169,4,-1,124,168,20,0,146
25113,Jan 2 2019,Friendly in the United Arab Emirates,Oman,Thailand,1525,1382,2,0,9,-9,1534,1373,71,116,3,-3,74,113,20,0,143
25114,Jan 5 2019,Asian Cup in the United Arab Emirates,United Arab Emirates,Bahrain,1482,1431,1,1,-10,10,1472,1441,91,95,-3,2,88,97,50,100,151
25115,Jan 6 2019,Asian Cup in the United Arab Emirates,India,Thailand,1218,1373,4,1,62,-62,1280,1311,129,155,13,-21,142,134,50,0,-155
25116,Jan 6 2019,Asian Cup in the United Arab Emirates,Jordan,Australia,1446,1735,1,0,42,-42,1488,1693,74,51,11,-8,85,43,50,0,-289
25117,Jan 6 2019,Asian Cup in the United Arab Emirates,Palestine,Syria,1376,1598,0,0,14,-14,1390,1584,104,64,4,-3,108,61,50,0,-222
25118,Jan 7 2019,Asian Cup in the United Arab Emirates,China,Kyrgyzstan,1515,1289,2,1,11,-11,1526,1278,75,144,2,-2,77,142,50,0,226
25119,Jan 7 2019,Asian Cup in the United Arab Emirates,Iran,Yemen,1823,1188,5,0,3,-3,1826,1185,19,164,0,0,19,164,50,0,635
25120,Jan 7 2019,Asian Cup in the United Arab Emirates,South Korea,Philippines,1778,1171,1,0,1,-1,1779,1170,23,170,0,-1,23,169,20,0,607
25121,Jan 8 2019,Friendly in Qatar,Finland,Sweden,1621,1851,1,0,16,-16,1637,1835,46,19,3,-1,49,18,20,0,-230
25122,Jan 8 2019,Asian Cup in the United Arab Emirates,Iraq,Vietnam,1579,1335,3,2,10,-10,1589,1325,59,131,2,-4,61,127,50,0,244
25123,Jan 8 2019,Asian Cup in the United Arab Emirates,Saudi Arabia,North Korea,1581,1429,4,0,28,-28,1609,1401,50,112,6,-6,56,106,50,0,152
25124,Jan 9 2019,Asian Cup in the United Arab Emirates,Japan,Turkmenistan,1731,1247,3,2,3,-3,1734,1244,35,153,0,-1,35,152,50,0,484
25125,Jan 9 2019,Asian Cup in the United Arab Emirates,Qatar,Lebanon,1528,1451,2,0,29,-29,1557,1422,60,106,8,-6,68,100,50,0,77
25126,Jan 9 2019,Asian Cup in the United Arab Emirates,Uzbekistan,Oman,1590,1534,2,1,21,-21,1611,1513,50,88,5,-7,55,81,50,0,56
25127,Jan 10 2019,Asian Cup in the United Arab Emirates,Jordan,Syria,1488,1584,2,0,48,-48,1536,1536,63,85,11,-11,74,74,50,0,-96
25128,Jan 10 2019,Asian Cup in the United Arab Emirates,Thailand,Bahrain,1311,1441,1,0,34,-34,1345,1407,104,108,15,-6,119,102,50,0,-130
25129,Jan 10 2019,Asian Cup in the United Arab Emirates,United Arab Emirates,India,1472,1280,2,0,12,-12,1484,1268,83,145,3,-2,86,143,50,100,292
25130,Jan 11 2019,Asian Cup in the United Arab Emirates,Australia,Palestine,1693,1390,3,0,13,-13,1706,1377,41,116,1,-4,42,112,50,0,303
25131,Jan 11 2019,Asian Cup in the United Arab Emirates,China,Philippines,1526,1170,3,0,10,-10,1536,1160,71,169,3,0,74,169,50,0,356
25132,Jan 11 2019,Friendly in Qatar,Estonia,Finland,1468,1637,2,1,15,-15,1483,1622,83,53,4,-2,87,51,20,0,-169
25133,Jan 11 2019,Friendly in Qatar,Iceland,Sweden,1668,1835,2,2,4,-4,1672,1831,46,18,0,0,46,18,20,0,-167
25134,Jan 11 2019,Asian Cup in the United Arab Emirates,South Korea,Kyrgyzstan,1779,1278,1,0,3,-3,1782,1275,23,143,0,-1,23,142,50,0,501
25135,Jan 12 2019,Asian Cup in the United Arab Emirates,Iran,Vietnam,1826,1325,2,0,4,-4,1830,1321,19,132,0,-2,19,130,50,0,501
25136,Jan 12 2019,Asian Cup in the United Arab Emirates,Iraq,Yemen,1589,1185,3,0,8,-8,1597,1177,59,170,1,-3,60,167,50,0,404
25137,Jan 12 2019,Asian Cup in the United Arab Emirates,Saudi Arabia,Lebanon,1609,1422,2,0,19,-19,1628,1403,43,109,7,-5,50,104,50,0,187
25138,Jan 13 2019,Asian Cup in the United Arab Emirates,Japan,Oman,1734,1513,1,0,11,-11,1745,1502,33,84,1,-1,34,83,50,0,221
25139,Jan 13 2019,Asian Cup in the United Arab Emirates,Qatar,North Korea,1557,1401,6,0,31,-31,1588,1370,59,120,4,-7,63,113,50,0,156
25140,Jan 13 2019,Asian Cup in the United Arab Emirates,Uzbekistan,Turkmenistan,1611,1244,4,0,10,-10,1621,1234,52,152,2,0,54,152,50,0,367
25141,Jan 14 2019,Asian Cup in the United Arab Emirates,Bahrain,India,1407,1268,1,0,15,-15,1422,1253,97,155,2,-6,99,149,50,0,139
25142,Jan 14 2019,Asian Cup in the United Arab Emirates,United Arab Emirates,Thailand,1484,1345,1,1,-15,15,1469,1360,94,111,-4,4,90,115,50,100,239
25143,Jan 15 2019,Asian Cup in the United Arab Emirates,Australia,Syria,1706,1536,3,2,14,-14,1720,1522,40,82,1,-4,41,78,50,0,170
25144,Jan 15 2019,Friendly in Qatar,Estonia,Iceland,1483,1672,0,0,5,-5,1488,1667,86,46,0,0,86,46,20,0,-189
25145,Jan 15 2019,Asian Cup in the United Arab Emirates,Jordan,Palestine,1536,1377,0,0,-11,11,1525,1388,80,105,-3,3,77,108,50,0,159
25146,Jan 16 2019,Asian Cup in the United Arab Emirates,Iran,Iraq,1830,1597,0,0,-15,15,1815,1612,19,54,0,3,19,57,40,100,333
25147,Jan 16 2019,Asian Cup in the United Arab Emirates,Kyrgyzstan,Philippines,1275,1160,3,1,26,-26,1301,1134,130,177,6,-4,136,173,50,0,115
25148,Jan 16 2019,Asian Cup in the United Arab Emirates,South Korea,China,1782,1536,2,0,15,-15,1797,1521,19,82,2,-4,21,78,50,0,246
25149,Jan 16 2019,Asian Cup in the United Arab Emirates,Vietnam,Yemen,1321,1177,2,0,23,-23,1344,1154,110,171,10,-2,120,169,50,0,144
25150,Jan 17 2019,Asian Cup in the United Arab Emirates,Japan,Uzbekistan,1745,1621,2,1,16,-16,1761,1605,20,62,7,-4,27,58,50,0,124
25151,Jan 17 2019,Asian Cup in the United Arab Emirates,Lebanon,North Korea,1403,1370,4,1,40,-40,1443,1330,88,139,8,-13,96,126,50,0,33
25152,Jan 17 2019,Asian Cup in the United Arab Emirates,Oman,Turkmenistan,1502,1234,3,1,13,-13,1515,1221,77,156,3,-2,80,154,50,0,268
25153,Jan 17 2019,Asian Cup in the United Arab Emirates,Qatar,Saudi Arabia,1588,1628,2,0,42,-42,1630,1586,35,76,14,-13,49,63,50,0,-40
25154,Jan 20 2019,Asian Cup in the United Arab Emirates,China,Thailand,1521,1360,2,1,14,-14,1535,1346,70,124,4,-5,74,119,50,0,161
25155,Jan 20 2019,Asian Cup in the United Arab Emirates,Iran,Oman,1815,1515,2,0,11,-11,1826,1504,19,84,0,-2,19,82,50,0,300
25156,Jan 20 2019,Asian Cup in the United Arab Emirates,Jordan,Vietnam,1525,1344,1,1,-12,12,1513,1356,86,113,-5,3,81,116,50,0,181
25157,Jan 21 2019,Asian Cup in the United Arab Emirates,Australia,Uzbekistan,1720,1605,0,0,-8,8,1712,1613,43,52,-1,3,42,55,30,100,215
25158,Jan 21 2019,Asian Cup in the United Arab Emirates,Japan,Saudi Arabia,1761,1586,1,0,13,-13,1774,1573,21,63,3,0,24,63,50,0,175
25159,Jan 21 2019,Asian Cup in the United Arab Emirates,United Arab Emirates,Kyrgyzstan,1469,1301,3,2,9,-9,1478,1292,84,144,3,-4,87,140,50,100,268
25160,Jan 22 2019,Asian Cup in the United Arab Emirates,Qatar,Iraq,1630,1612,1,0,24,-24,1654,1588,47,67,1,-5,48,62,50,0,18
25161,Jan 22 2019,Asian Cup in the United Arab Emirates,South Korea,Bahrain,1797,1422,2,1,5,-5,1802,1417,21,100,0,0,21,100,50,0,375
25162,Jan 24 2019,Asian Cup in the United Arab Emirates,Iran,China,1826,1535,3,0,14,-14,1840,1521,17,80,1,-3,18,77,50,0,291
25163,Jan 24 2019,Asian Cup in the United Arab Emirates,Japan,Vietnam,1774,1356,1,0,4,-4,1778,1352,24,118,0,-1,24,117,50,0,418
25164,Jan 25 2019,Asian Cup in the United Arab Emirates,Qatar,South Korea,1654,1802,1,0,35,-35,1689,1767,40,31,4,-5,44,26,50,0,-148
25165,Jan 25 2019,Asian Cup in the United Arab Emirates,United Arab Emirates,Australia,1478,1712,1,0,34,-34,1512,1678,77,48,5,-3,82,45,50,100,-134
25166,Jan 27 2019,Friendly in the United States,United States,Panama,1743,1568,3,0,6,-6,1749,1562,33,65,1,0,34,65,20,100,275
25167,Jan 28 2019,Asian Cup in the United Arab Emirates,Japan,Iran,1778,1840,3,0,51,-51,1829,1789,15,26,4,-4,19,22,50,0,-62
25168,Jan 29 2019,Asian Cup in the United Arab Emirates,United Arab Emirates,Qatar,1512,1689,0,4,-37,37,1475,1726,96,32,-7,6,89,38,50,100,-77
25169,Feb 1 2019,Asian Cup in the United Arab Emirates,Qatar,Japan,1726,1829,3,1,48,-48,1774,1781,10,27,14,-4,24,23,50,0,-103
25170,Feb 2 2019,Friendly in the United States,United States,Costa Rica,1749,1724,2,0,10,-10,1759,1714,25,42,5,-1,30,41,20,100,125
25171,Feb 16 2019,Friendly in the Dominican Republic,Dominican Republic,Guadeloupe,1265,1204,1,0,6,-6,1271,1198,142,163,1,-1,143,162,20,100,161
25172,Feb 21 2019,Friendly in Turkey,Kazakhstan,Moldova,1330,1324,1,0,10,-10,1340,1314,118,135,4,-3,122,132,20,0,6
25173,Feb 23 2019,Friendly in Sint Maarten,Sint Maarten,Saint Barthélemy,814,699,1,1,-6,6,808,705,206,217,0,1,206,218,20,100,215
25174,Feb 25 2019,Friendly in Cuba,Cuba,Bermuda,1339,1183,2,2,-6,6,1333,1189,127,163,-2,1,125,164,20,100,256
25175,Feb 27 2019,Friendly in Cuba,Cuba,Bermuda,1333,1189,5,0,8,-8,1341,1181,117,166,4,-1,121,165,20,100,244
25176,Feb 28 2019,Windward Islands Champ in St Vincent & Grenadines,Grenada,Saint Lucia,1071,1141,1,0,18,-18,1089,1123,173,177,6,-3,179,174,30,0,-70
25177,Feb 28 2019,Windward Islands Champ in St Vincent & Grenadines,St Vincent & Grenadines,Barbados,1080,1134,2,0,20,-20,1100,1114,175,177,2,-2,177,175,30,100,46
25178,Mar 2 2019,Windward Islands Champ in St Vincent & Grenadines,Dominica,Grenada,1044,1089,1,0,17,-17,1061,1072,185,191,1,-6,186,185,30,0,-45
25179,Mar 2 2019,Windward Islands Champ in St Vincent & Grenadines,St Vincent & Grenadines,Saint Lucia,1100,1123,2,1,12,-12,1112,1111,173,178,2,-2,175,176,30,100,77
25180,Mar 3 2019,Friendly in Bolivia,Bolivia,Nicaragua,1655,1281,2,2,-9,9,1646,1290,50,141,-1,0,49,141,20,100,474
25181,Mar 4 2019,Windward Islands Champ in St Vincent & Grenadines,Barbados,Grenada,1114,1072,0,0,-2,2,1112,1074,174,183,0,1,174,184,30,0,42
25182,Mar 4 2019,Windward Islands Champ in St Vincent & Grenadines,Dominica,Saint Lucia,1061,1111,1,1,2,-2,1063,1109,186,176,0,0,186,176,30,0,-50
25183,Mar 6 2019,Windward Islands Champ in St Vincent & Grenadines,Barbados,Saint Lucia,1112,1109,2,0,22,-22,1134,1087,170,182,2,-3,172,179,30,0,3
25184,Mar 6 2019,Friendly in the United States,El Salvador,Guatemala,1454,1495,3,1,17,-17,1471,1478,89,88,2,-2,91,86,20,0,-41
25185,Mar 6 2019,Windward Islands Champ in St Vincent & Grenadines,St Vincent & Grenadines,Dominica,1112,1063,2,1,9,-9,1121,1054,176,188,-1,-1,175,187,20,0,49
25186,Mar 8 2019,Windward Islands Champ in St Vincent & Grenadines,Barbados,Dominica,1134,1054,2,0,17,-17,1151,1037,168,187,2,0,170,187,30,0,80
25187,Mar 8 2019,Windward Islands Champ in St Vincent & Grenadines,St Vincent & Grenadines,Grenada,1121,1074,1,1,-6,6,1115,1080,175,176,0,4,175,180,30,100,147
25188,Mar 9 2019,Friendly in Cambodia,Cambodia,Bangladesh,792,791,0,1,-13,13,779,804,214,204,-3,3,211,207,20,100,101
25189,Mar 10 2019,Friendly in Anguilla,Anguilla,Saint Martin,584,829,2,1,14,-14,598,815,230,205,0,0,230,205,20,100,-145
25190,Mar 10 2019,Friendly in South Africa,Mozambique,Eswatini,1300,1202,1,1,-3,3,1297,1205,140,161,-2,0,138,161,20,0,98
25191,Mar 16 2019,Friendly in the Bahamas,Bahamas,Turks and Caicos Islands,856,779,6,1,11,-11,867,768,202,215,0,-2,202,213,20,100,177
25192,Mar 16 2019,Friendly in Suriname,Suriname,Guyana,1259,1185,3,1,8,-8,1267,1177,144,168,1,-2,145,166,20,100,174
25193,Mar 17 2019,Friendly in Saint Barthélemy,Saint Barthélemy,Saint Martin,705,815,4,3,10,-10,715,805,212,207,3,-1,215,206,20,100,-10
25194,Mar 18 2019,Friendly tournament in Fiji,Fiji,New Caledonia,1210,1222,3,0,20,-20,1230,1202,147,167,5,-7,152,160,30,100,88
25195,Mar 18 2019,Friendly in the Solomon Islands,Solomon Islands,Vanuatu,1207,1209,3,1,11,-11,1218,1198,152,164,4,-3,156,161,20,100,98
25196,Mar 19 2019,Friendly in Myanmar,Myanmar,Taiwan,1057,972,0,0,-5,5,1052,977,186,192,0,1,186,193,20,100,185
25197,Mar 20 2019,Friendly in Germany,Germany,Serbia,1938,1807,1,1,-6,6,1932,1813,9,19,0,0,9,19,20,100,231
25198,Mar 20 2019,Friendly tournament in Iraq,Iraq,Syria,1588,1522,1,0,8,-8,1596,1514,58,82,2,-3,60,79,20,0,66
25199,Mar 20 2019,Friendly tournament in Malaysia,Malaysia,Singapore,1127,1079,0,1,-21,21,1106,1100,176,172,-1,5,175,177,30,100,148
25200,Mar 20 2019,Friendly tournament in Malaysia,Oman,Afghanistan,1504,1149,5,0,7,-7,1511,1142,82,171,0,0,82,171,30,0,355
25201,Mar 20 2019,Friendly in Wales,Wales,Trinidad and Tobago,1760,1434,1,0,2,-2,1762,1432,29,99,0,-1,29,98,20,100,426
25202,Mar 21 2019,European Championship qual in Austria,Austria,Poland,1764,1752,0,1,-26,26,1738,1778,44,13,-8,11,36,24,40,100,112
25203,Mar 21 2019,European Championship qual in Belgium,Belgium,Russia,2035,1753,3,1,6,-6,2041,1747,3,37,0,-2,3,35,40,100,382
25204,Mar 21 2019,CONCACAF Nations League q in Anguilla,British Virgin Islands,Turks and Caicos Islands,645,768,2,2,7,-7,652,761,226,213,0,0,226,213,40,0,-123
25205,Mar 21 2019,Friendly tournament in China,China,Thailand,1521,1346,0,1,-25,25,1496,1371,92,109,-8,5,84,114,30,100,275
25206,Mar 21 2019,European Championship qual in Croatia,Croatia,Azerbaijan,1925,1403,2,1,1,-1,1926,1402,10,105,0,0,10,105,20,0,522
25207,Mar 21 2019,European Championship qual in Cyprus,Cyprus,San Marino,1414,835,5,0,2,-2,1416,833,100,204,1,0,101,204,30,0,579
25208,Mar 21 2019,European Championship qual in Israel,Israel,Slovenia,1561,1561,1,1,-6,6,1555,1567,68,62,-1,2,67,64,40,100,100
25209,Mar 21 2019,European Championship qual in Kazakhstan,Kazakhstan,Scotland,1340,1722,3,0,58,-58,1398,1664,89,54,17,-7,106,47,40,100,-282
25210,Mar 21 2019,Friendly in Kosovo,Kosovo,Denmark,1495,1898,2,2,7,-7,1502,1891,82,14,1,0,83,14,20,100,-303
25211,Mar 21 2019,Friendly in Kuwait,Kuwait,Nepal,1434,876,0,0,-10,10,1424,886,99,201,-1,0,98,201,20,100,658
25212,Mar 21 2019,Friendly tournament in Fiji,Mauritius,New Caledonia,1073,1202,3,1,30,-30,1103,1172,169,172,8,-6,177,166,30,0,-129
25213,Mar 21 2019,European Championship qual in the Netherlands,Netherlands,Belarus,1986,1538,4,0,3,-3,1989,1535,5,73,0,0,5,73,20,0,448
25214,Mar 21 2019,European Championship qual in North Macedonia,North Macedonia,Latvia,1519,1298,3,1,8,-8,1527,1290,73,143,2,-3,75,140,40,100,321
25215,Mar 21 2019,European Championship qual in Northern Ireland,Northern Ireland,Estonia,1622,1488,2,0,12,-12,1634,1476,48,89,2,-2,50,87,40,100,234
25216,Mar 21 2019,European Championship qual in Slovakia,Slovakia,Hungary,1748,1610,2,0,12,-12,1760,1598,26,61,5,-2,31,59,40,100,238
25217,Mar 21 2019,CONCACAF Nations League q in St Vincent & Grenadines,St Vincent & Grenadines,Bonaire,1115,975,2,1,8,-8,1123,967,174,196,0,-1,174,195,40,100,240
25218,Mar 21 2019,Friendly in the United Arab Emirates,United Arab Emirates,Saudi Arabia,1475,1573,2,1,10,-10,1485,1563,81,67,4,-2,85,65,20,100,2
25219,Mar 21 2019,Friendly in the United States,United States,Ecuador,1759,1772,1,0,8,-8,1767,1764,24,32,3,-3,27,29,20,100,87
25220,Mar 22 2019,European Championship qual in Albania,Albania,Turkey,1515,1691,0,2,-24,24,1491,1715,93,35,-8,4,85,39,40,100,-76
25221,Mar 22 2019,African Nations Cup qualifier in Algeria,Algeria,Gambia,1545,1306,1,1,-15,15,1530,1321,78,127,-3,4,75,131,40,100,339
25222,Mar 22 2019,European Championship qual in Andorra,Andorra,Iceland,1080,1667,0,2,-3,3,1077,1670,186,46,-2,0,184,46,30,100,-487
25223,Mar 22 2019,CONCACAF Nations League q in Anguilla,Anguilla,US Virgin Islands,598,715,0,3,-33,33,565,748,232,215,-1,0,231,215,40,100,-17
25224,Mar 22 2019,African Nations Cup qualifier in Botswana,Botswana,Angola,1313,1324,0,1,-25,25,1288,1349,149,111,-8,9,141,120,40,100,89
25225,Mar 22 2019,European Championship qual in Bulgaria,Bulgaria,Montenegro,1629,1589,1,1,-8,8,1621,1597,55,58,-2,2,53,60,40,100,140
25226,Mar 22 2019,African Nations Cup qualifier in Burkina Faso,Burkina Faso,Mauritania,1526,1356,1,0,7,-7,1533,1349,70,122,3,-2,73,120,40,100,270
25227,Mar 22 2019,CONCACAF Nations League q in the Cayman Islands,Cayman Islands,Montserrat,945,722,1,2,-35,35,910,757,201,214,-2,0,199,214,40,100,323
25228,Mar 22 2019,European Championship qual in England,England,Czechia,1960,1729,5,0,10,-10,1970,1719,5,36,1,1,6,37,40,100,331
25229,Mar 22 2019,Friendly in Guatemala,Guatemala,Costa Rica,1478,1714,1,0,14,-14,1492,1700,82,46,2,-3,84,43,20,100,-136
25230,Mar 22 2019,Friendly in Japan,Japan,Colombia,1781,1961,0,1,-8,8,1773,1969,31,8,-4,-1,27,7,20,100,-80
25231,Mar 22 2019,European Championship qual in Luxembourg,Luxembourg,Lithuania,1347,1338,2,1,14,-14,1361,1324,112,136,4,-6,116,130,40,100,109
25232,Mar 22 2019,African Nations Cup qualifier in Malawi,Malawi,Morocco,1252,1730,0,0,16,-16,1268,1714,136,43,7,-3,143,40,40,100,-378
25233,Mar 22 2019,Friendly in the United States,Mexico,Chile,1787,1851,3,1,18,-18,1805,1833,18,17,2,0,20,17,20,0,-64
25234,Mar 22 2019,European Championship qual in Moldova,Moldova,France,1314,2094,1,4,-1,1,1313,2095,136,2,-2,0,134,2,20,100,-680
25235,Mar 22 2019,African Nations Cup qualifier in Nigeria,Nigeria,Seychelles,1713,969,3,1,0,0,1713,969,41,194,0,0,41,194,20,0,744
25236,Mar 22 2019,Friendly in the United States,Peru,Paraguay,1855,1725,1,0,6,-6,1861,1719,16,35,0,2,16,37,20,0,130
25237,Mar 22 2019,European Championship qual in Portugal,Portugal,Ukraine,1960,1773,0,0,-14,14,1946,1787,9,20,-1,3,8,23,40,100,287
25238,Mar 22 2019,Friendly in South Korea,South Korea,Bolivia,1767,1646,1,0,4,-4,1771,1642,29,49,-1,0,28,49,20,100,221
25239,Mar 22 2019,CONCACAF Nations League q in Antigua and Barbuda,Saint Lucia,Aruba,1087,932,3,2,12,-12,1099,920,177,197,2,1,179,198,40,0,155
25240,Mar 22 2019,African Nations Cup qualifier in Sudan,Sudan,Equatorial Guinea,1278,1295,1,4,-43,43,1235,1338,160,112,-9,13,151,125,40,100,83
25241,Mar 22 2019,African Nations Cup qualifier in Tunisia,Tunisia,Eswatini,1649,1205,4,0,3,-3,1652,1202,48,159,0,0,48,159,20,0,444
25242,Mar 22 2019,Friendly tournament in China,Uruguay,Uzbekistan,1923,1613,3,0,8,-8,1931,1605,9,57,1,-1,10,56,30,0,310
25243,Mar 22 2019,Friendly in Spain,Venezuela,Argentina,1756,1915,3,1,21,-21,1777,1894,17,13,8,0,25,13,20,0,-159
25244,Mar 23 2019,CONCACAF Nations League q in Antigua and Barbuda,Antigua and Barbuda,Curaçao,1171,1334,2,1,24,-24,1195,1310,159,142,4,-8,163,134,40,100,-63
25245,Mar 23 2019,European Championship qual in Bosnia and Herzegovina,Bosnia and Herzegovina,Armenia,1795,1449,2,1,3,-3,1798,1446,21,95,0,0,21,95,40,100,446
25246,Mar 23 2019,Friendly in Portugal,Brazil,Panama,2137,1562,1,1,-9,9,2128,1571,1,60,0,3,1,63,20,0,575
25247,Mar 23 2019,African Nations Cup qualifier in Burundi,Burundi,Gabon,1364,1406,1,1,-3,3,1361,1409,113,103,1,0,114,103,40,100,58
25248,Mar 23 2019,African Nations Cup qualifier in Cameroon,Cameroon,Comoros,1599,1088,3,0,2,-2,1601,1086,58,181,0,0,58,181,20,0,511
25249,Mar 23 2019,CONCACAF Nations League q in Dominica,Dominica,Bahamas,1037,867,4,0,13,-13,1050,854,187,202,0,0,187,202,40,100,270
25250,Mar 23 2019,CONCACAF Nations League q in El Salvador,El Salvador,Jamaica,1471,1570,2,0,30,-30,1501,1540,71,77,10,-7,81,70,40,100,1
25251,Mar 23 2019,European Championship qual in Georgia,Georgia,Switzerland,1546,1922,0,2,-10,10,1536,1932,72,6,-1,3,71,9,40,100,-276
25252,Mar 23 2019,African Nations Cup qualifier in Ghana,Ghana,Kenya,1625,1388,1,0,5,-5,1630,1383,51,111,0,-1,51,110,40,100,337
25253,Mar 23 2019,European Championship qual in Gibraltar,Gibraltar,Ireland,1104,1704,0,1,-2,2,1102,1706,180,42,-2,0,178,42,30,100,-500
25254,Mar 23 2019,CONCACAF Nations League q in Guadeloupe,Guadeloupe,Martinique,1198,1451,0,1,-12,12,1186,1463,170,92,-5,1,165,93,40,100,-153
25255,Mar 23 2019,African Nations Cup qualifier in Guinea-Bissau,Guinea-Bissau,Mozambique,1315,1297,2,2,-7,7,1308,1304,137,135,-2,1,135,136,40,100,118
25256,Mar 23 2019,CONCACAF Nations League q in Guyana,Guyana,Belize,1177,1155,2,1,13,-13,1190,1142,163,172,1,-2,164,170,40,100,122
25257,Mar 23 2019,European Championship qual in Italy,Italy,Finland,1889,1622,2,0,6,-6,1895,1616,11,56,2,-2,13,54,40,100,367
25258,Mar 23 2019,African Nations Cup qualifier in Ivory Coast,Ivory Coast,Rwanda,1605,1268,3,0,5,-5,1610,1263,54,147,1,-2,55,145,40,100,437
25259,Mar 23 2019,European Championship qual in Liechtenstein,Liechtenstein,Greece,1138,1613,0,2,-6,6,1132,1619,172,51,0,2,172,53,40,100,-375
25260,Mar 23 2019,Friendly tournament in Malaysia,Malaysia,Afghanistan,1106,1142,2,1,12,-12,1118,1130,175,175,0,-2,175,173,30,100,64
25261,Mar 23 2019,African Nations Cup qualifier in Mali,Mali,South Sudan,1531,1022,3,0,2,-2,1533,1020,72,188,1,0,73,188,20,0,509
25262,Mar 23 2019,European Championship qual in Malta,Malta,Faroe Islands,1178,1255,2,1,19,-19,1197,1236,160,151,2,-2,162,149,40,100,23
25263,Mar 23 2019,African Nations Cup qualifier in Niger,Niger,Egypt,1312,1617,1,1,11,-11,1323,1606,125,58,5,-2,130,56,30,0,-305
25264,Mar 23 2019,Friendly tournament in Malaysia,Oman,Singapore,1511,1100,1,1,-12,12,1499,1112,84,174,-2,2,82,176,30,0,411
25265,Mar 23 2019,African Nations Cup qualifier in Senegal,Senegal,Madagascar,1757,1341,2,0,3,-3,1760,1338,31,125,1,-1,32,124,20,0,416
25266,Mar 23 2019,European Championship qual in Spain,Spain,Norway,2011,1678,2,1,3,-3,2014,1675,4,46,0,-1,4,45,20,0,333
25267,Mar 23 2019,CONCACAF Nations League q in Anguilla,Sint Maarten,Saint Martin,808,805,4,3,20,-20,828,785,205,212,0,-3,205,209,40,0,3
25268,Mar 23 2019,CONCACAF Nations League q in Suriname,Suriname,Saint Kitts and Nevis,1267,1247,2,0,20,-20,1287,1227,139,154,3,-2,142,152,40,100,120
25269,Mar 23 2019,European Championship qual in Sweden,Sweden,Romania,1831,1753,2,1,11,-11,1842,1742,16,36,1,-1,17,35,40,100,178
25270,Mar 23 2019,Friendly tournament in Iraq,Syria,Jordan,1514,1513,1,0,15,-15,1529,1498,75,87,1,-4,76,83,30,0,1
25271,Mar 23 2019,African Nations Cup qualifier in Zambia,Zambia,Namibia,1416,1379,4,1,22,-22,1438,1357,93,124,4,-6,97,118,40,100,137
25272,Mar 24 2019,CONCACAF Nations League q in Barbados,Barbados,Nicaragua,1151,1290,0,1,-18,18,1133,1308,173,133,-2,3,171,136,40,100,-39
25273,Mar 24 2019,African Nations Cup qualifier in Benin,Benin,Togo,1390,1360,2,1,13,-13,1403,1347,100,128,4,-6,104,122,40,100,130
25274,Mar 24 2019,CONCACAF Nations League q in Anguilla,Bonaire,British Virgin Islands,967,652,2,1,6,-6,973,646,191,226,2,0,193,226,40,0,315
25275,Mar 24 2019,CONCACAF Nations League q in Canada,Canada,French Guiana,1547,1321,4,1,9,-9,1556,1312,68,135,0,-2,68,133,40,100,326
25276,Mar 24 2019,African Nations Cup qualifier in Cape Verde,Cape Verde,Lesotho,1406,1299,0,0,-11,11,1395,1310,108,131,-2,3,106,134,40,100,207
25277,Mar 24 2019,African Nations Cup qualifier in Central African Republic,Central African Republic,Guinea,1332,1469,0,0,2,-2,1334,1467,126,88,0,2,126,90,30,100,-37
25278,Mar 24 2019,European Championship qual in Cyprus,Cyprus,Belgium,1416,2041,0,2,-3,3,1413,2044,102,3,0,0,102,3,40,100,-525
25279,Mar 24 2019,CONCACAF Nations League q in the Dominican Republic,Dominican Republic,Bermuda,1271,1181,1,3,-45,45,1226,1226,161,138,-9,14,152,152,40,100,190
25280,Mar 24 2019,African Nations Cup qualifier in the Dem Rep of the Congo,DR Congo,Liberia,1546,1344,1,0,6,-6,1552,1338,69,124,0,-1,69,123,40,100,302
25281,Mar 24 2019,Friendly tournament in Fiji,Fiji,Mauritius,1230,1103,1,0,6,-6,1236,1097,145,183,3,-3,148,180,20,0,127
25282,Mar 24 2019,CONCACAF Nations League q in Haiti,Haiti,Cuba,1514,1341,2,1,7,-7,1521,1334,78,129,0,-3,78,126,40,100,273
25283,Mar 24 2019,European Championship qual in Hungary,Hungary,Croatia,1598,1926,2,1,32,-32,1630,1894,43,14,8,-1,51,13,40,100,-228
25284,Mar 24 2019,European Championship qual in Israel,Israel,Austria,1555,1738,4,2,37,-37,1592,1701,58,48,4,-6,62,42,40,100,-83
25285,Mar 24 2019,European Championship qual in Kazakhstan,Kazakhstan,Russia,1398,1747,0,4,-14,14,1384,1761,110,30,-2,2,108,32,40,100,-249
25286,Mar 24 2019,European Championship qual in the Netherlands,Netherlands,Germany,1989,1932,2,3,-28,28,1961,1960,9,7,-2,1,7,8,40,100,157
25287,Mar 24 2019,European Championship qual in Northern Ireland,Northern Ireland,Belarus,1634,1535,2,1,10,-10,1644,1525,48,82,1,-5,49,77,40,100,199
25288,Mar 24 2019,European Championship qual in Poland,Poland,Latvia,1778,1290,2,0,2,-2,1780,1288,24,141,0,-1,24,140,20,0,488
25289,Mar 24 2019,CONCACAF Nations League q in Puerto Rico,Puerto Rico,Grenada,1008,1080,0,2,-32,32,976,1112,195,170,-3,6,192,176,40,100,28
25290,Mar 24 2019,European Championship qual in San Marino,San Marino,Scotland,833,1664,0,2,-1,1,832,1665,204,47,0,0,204,47,30,100,-731
25291,Mar 24 2019,European Championship qual in Slovenia,Slovenia,North Macedonia,1567,1527,1,1,-8,8,1559,1535,70,67,-3,5,67,72,40,100,140
25292,Mar 24 2019,African Nations Cup qualifier in Tunisia,South Africa,Libya,1551,1476,2,1,16,-16,1567,1460,63,96,2,-4,65,92,40,0,75
25293,Mar 24 2019,Friendly in Taiwan,Taiwan,Solomon Islands,977,1218,0,1,-6,6,971,1224,195,152,-1,2,194,154,20,100,-141
25294,Mar 24 2019,African Nations Cup qualifier in Tanzania,Tanzania,Uganda,1328,1476,3,0,40,-40,1368,1436,100,106,14,-9,114,97,40,100,-48
25295,Mar 24 2019,European Championship qual in Wales,Wales,Slovakia,1762,1760,1,0,14,-14,1776,1746,21,36,5,-2,26,34,40,100,102
25296,Mar 24 2019,African Nations Cup qualifier in Zimbabwe,Zimbabwe,Congo,1474,1391,2,0,16,-16,1490,1375,83,115,4,-4,87,111,40,100,183
25297,Mar 25 2019,European Championship qual in Andorra,Andorra,Albania,1077,1491,0,3,-10,10,1067,1501,186,76,-1,5,185,81,40,100,-314
25298,Mar 25 2019,Friendly in Azerbaijan,Azerbaijan,Lithuania,1402,1324,0,0,-5,5,1397,1329,105,129,0,0,105,129,20,100,178
25299,Mar 25 2019,Friendly tournament in China,China,Uzbekistan,1496,1605,0,1,-15,15,1481,1620,92,48,-4,5,88,53,30,100,-9
25300,Mar 25 2019,European Championship qual in France,France,Iceland,2095,1670,4,0,3,-3,2098,1667,2,46,0,0,2,46,20,0,425
25301,Mar 25 2019,European Championship qual in Kosovo,Kosovo,Bulgaria,1502,1621,1,1,1,-1,1503,1620,78,53,1,0,79,53,20,100,-19
25302,Mar 25 2019,Friendly in Kuwait,Kuwait,Nepal,1424,886,1,0,0,0,1424,886,99,201,0,0,99,201,20,100,638
25303,Mar 25 2019,European Championship qual in Luxembourg,Luxembourg,Ukraine,1361,1787,1,2,-5,5,1356,1792,121,21,-3,1,118,22,40,100,-326
25304,Mar 25 2019,European Championship qual in Montenegro,Montenegro,England,1597,1970,1,5,-13,13,1584,1983,66,5,-3,0,63,5,40,100,-273
25305,Mar 25 2019,Friendly in Myanmar,Myanmar,Indonesia,1052,1198,0,2,-13,13,1039,1211,188,157,-1,2,187,159,20,100,-46
25306,Mar 25 2019,European Championship qual in Portugal,Portugal,Serbia,1946,1813,1,1,-12,12,1934,1825,9,19,0,0,9,19,40,100,233
25307,Mar 25 2019,Friendly in Saudi Arabia,Saudi Arabia,Equatorial Guinea,1563,1338,3,2,3,-3,1566,1335,66,127,0,-2,66,125,20,100,325
25308,Mar 25 2019,European Championship qual in Turkey,Turkey,Moldova,1715,1313,4,0,4,-4,1719,1309,34,138,2,-3,36,135,40,100,502
25309,Mar 25 2019,Friendly tournament in China,Uruguay,Thailand,1931,1371,4,0,2,-2,1933,1369,9,113,1,0,10,113,30,0,560
25310,Mar 26 2019,Friendly in Algeria,Algeria,Tunisia,1530,1652,1,0,11,-11,1541,1641,65,50,5,-1,70,49,20,100,-22
25311,Mar 26 2019,European Championship qual in Armenia,Armenia,Finland,1446,1616,0,2,-24,24,1422,1640,106,44,-6,6,100,50,40,100,-70
25312,Mar 26 2019,European Championship qual in Bosnia and Herzegovina,Bosnia and Herzegovina,Greece,1798,1619,2,2,-13,13,1785,1632,25,51,-2,2,23,53,40,100,279
25313,Mar 26 2019,Friendly in Costa Rica,Costa Rica,Jamaica,1700,1540,1,0,4,-4,1704,1536,41,72,1,-1,42,71,20,100,260
25314,Mar 26 2019,Friendly in Czechia,Czechia,Brazil,1719,2128,1,3,-4,4,1715,2132,40,1,-2,0,38,1,20,100,-309
25315,Mar 26 2019,Friendly in the United States,Ecuador,Honduras,1764,1591,0,0,-5,5,1759,1596,35,60,-2,1,33,61,20,0,173
25316,Mar 26 2019,Friendly in the United States,El Salvador,Peru,1501,1861,2,0,27,-27,1528,1834,73,18,4,-1,77,17,20,0,-360
25317,Mar 26 2019,Friendly in Ghana,Ghana,Mauritania,1630,1349,3,1,3,-3,1633,1346,53,124,-1,-2,52,122,20,100,381
25318,Mar 26 2019,Friendly in Gibraltar,Gibraltar,Estonia,1102,1476,0,1,-3,3,1099,1479,178,89,0,0,178,89,20,100,-274
25319,Mar 26 2019,Friendly tournament in Iraq,Iraq,Jordan,1596,1498,3,2,7,-7,1603,1491,56,86,2,-1,58,85,20,0,98
25320,Mar 26 2019,European Championship qual in Ireland,Ireland,Georgia,1706,1536,1,0,7,-7,1713,1529,37,81,2,-5,39,76,40,100,270
25321,Mar 26 2019,European Championship qual in Italy,Italy,Liechtenstein,1895,1132,6,0,1,-1,1896,1131,16,172,-2,0,14,172,20,0,763
25322,Mar 26 2019,Friendly in Ivory Coast,Ivory Coast,Liberia,1610,1338,1,0,2,-2,1612,1336,57,125,0,-1,57,124,20,100,372
25323,Mar 26 2019,Friendly in Japan,Japan,Bolivia,1773,1642,1,0,4,-4,1777,1638,24,52,2,-1,26,51,20,100,231
25324,Mar 26 2019,European Championship qual in Malta,Malta,Spain,1197,2014,0,2,-1,1,1196,2015,163,4,0,0,163,4,30,100,-717
25325,Mar 26 2019,Friendly in the United States,Mexico,Paraguay,1805,1719,4,2,11,-11,1816,1708,20,44,0,-4,20,40,20,0,86
25326,Mar 26 2019,Friendly in Morocco,Morocco,Argentina,1714,1894,0,1,-8,8,1706,1902,43,11,-2,1,41,12,20,100,-80
25327,Mar 26 2019,Friendly in Nicaragua,Nicaragua,Guatemala,1308,1492,0,1,-8,8,1300,1500,140,81,-2,2,138,83,20,100,-84
25328,Mar 26 2019,Friendly in Nigeria,Nigeria,Egypt,1713,1606,1,0,5,-5,1718,1601,34,60,3,-1,37,59,20,100,207
25329,Mar 26 2019,European Championship qual in Norway,Norway,Sweden,1675,1842,3,3,4,-4,1679,1838,43,15,1,1,44,16,20,0,-167
25330,Mar 26 2019,European Championship qual in Romania,Romania,Faroe Islands,1742,1236,4,1,2,-2,1744,1234,35,152,0,-2,35,150,20,0,506
25331,Mar 26 2019,Friendly in Senegal,Senegal,Mali,1760,1533,2,1,3,-3,1763,1530,29,77,2,-2,31,75,20,100,327
25332,Mar 26 2019,Friendly in South Korea,South Korea,Colombia,1771,1969,2,1,13,-13,1784,1956,19,10,5,-2,24,8,20,100,-98
25333,Mar 26 2019,European Championship qual in Switzerland,Switzerland,Denmark,1932,1891,3,3,-8,8,1924,1899,11,11,0,2,11,13,40,100,141
25334,Mar 26 2019,Friendly in the United Arab Emirates,United Arab Emirates,Syria,1485,1529,0,0,-2,2,1483,1531,87,72,0,2,87,74,20,100,56
25335,Mar 26 2019,Friendly in the United States,United States,Chile,1767,1833,1,1,-1,1,1766,1834,30,16,0,1,30,17,20,100,34
25336,May 25 2019,COSAFA Cup in South Africa,Mauritius,Eswatini,1097,1202,2,2,6,-6,1103,1196,176,163,2,-1,178,162,40,0,-105
25337,May 26 2019,COSAFA Cup in South Africa,Malawi,Seychelles,1268,969,3,0,11,-11,1279,958,143,197,0,-1,143,196,40,0,299
25338,May 26 2019,COSAFA Cup in South Africa,Namibia,Mozambique,1357,1304,2,1,17,-17,1374,1287,107,145,5,-4,112,141,40,0,53
25339,May 27 2019,COSAFA Cup in South Africa,Comoros,Eswatini,1086,1196,2,2,6,-6,1092,1190,180,166,1,-2,181,164,40,0,-110
25340,May 28 2019,Friendly in Laos,Laos,Sri Lanka,693,706,2,1,8,-8,701,698,216,222,2,-2,218,220,20,100,87
25341,May 28 2019,COSAFA Cup in South Africa,Malawi,Namibia,1279,1374,2,1,25,-25,1304,1349,131,126,6,-7,137,119,40,0,-95
25342,May 28 2019,COSAFA Cup in South Africa,Mozambique,Seychelles,1287,958,0,0,-15,15,1272,973,145,190,-2,3,143,193,40,0,329
25343,May 29 2019,Friendly in the Cayman Islands,Cayman Islands,Cuba,910,1334,0,0,7,-7,917,1327,199,132,0,-3,199,129,20,100,-324
25344,May 29 2019,COSAFA Cup in South Africa,Comoros,Mauritius,1092,1103,2,1,21,-21,1113,1082,171,186,5,-4,176,182,40,0,-11
25345,May 30 2019,COSAFA Cup in South Africa,Malawi,Mozambique,1304,1272,1,1,-2,2,1302,1274,137,143,0,0,137,143,40,0,32
25346,May 30 2019,COSAFA Cup in South Africa,Namibia,Seychelles,1349,973,3,0,7,-7,1356,966,115,197,2,-2,117,195,40,0,376
25347,May 30 2019,Friendly in Turkey,Turkey,Greece,1719,1632,2,1,5,-5,1724,1627,36,55,0,-1,36,54,20,100,187
25348,May 31 2019,Friendly in the Cayman Islands,Cayman Islands,Cuba,917,1327,0,1,-3,3,914,1330,199,125,0,2,199,127,20,100,-310
25349,May 31 2019,Friendly in Laos,Laos,Sri Lanka,701,698,2,2,-3,3,698,701,222,216,-2,2,220,218,20,100,103
25350,Jun 1 2019,Friendly in the United States,Ecuador,Venezuela,1759,1777,1,1,1,-1,1760,1776,33,28,0,-1,33,27,20,0,-18
25351,Jun 1 2019,COSAFA Cup in South Africa,Lesotho,Uganda,1310,1436,0,0,7,-7,1317,1429,131,98,1,-1,132,97,40,0,-126
25352,Jun 1 2019,COSAFA Cup in South Africa,Zimbabwe,Comoros,1490,1113,2,0,6,-6,1496,1107,84,180,1,-2,85,178,40,0,377
25353,Jun 2 2019,Friendly in the United States,El Salvador,Haiti,1528,1521,1,0,10,-10,1538,1511,65,79,6,0,71,79,20,0,7
25354,Jun 2 2019,Friendly in France,France,Bolivia,2098,1638,2,0,1,-1,2099,1637,2,51,0,0,2,51,20,100,560
25355,Jun 2 2019,Friendly in Luxembourg,Luxembourg,Madagascar,1356,1338,3,3,-3,3,1353,1341,119,123,-1,0,118,123,20,100,118
25356,Jun 2 2019,COSAFA Cup in South Africa,Malawi,Zambia,1302,1438,2,2,7,-7,1309,1431,133,97,2,-1,135,96,40,0,-136
25357,Jun 2 2019,Friendly in Malaysia,Malaysia,Nepal,1118,886,2,0,4,-4,1122,882,175,201,0,0,175,201,20,100,332
25358,Jun 2 2019,COSAFA Cup in South Africa,South Africa,Botswana,1567,1288,2,2,-16,16,1551,1304,73,136,-4,2,69,138,40,100,379
25359,Jun 2 2019,Friendly in Turkey,Turkey,Uzbekistan,1724,1620,2,0,7,-7,1731,1613,36,57,0,-1,36,56,20,100,204
25360,Jun 3 2019,Friendly in Colombia,Colombia,Panama,1956,1571,3,0,2,-2,1958,1569,8,64,0,0,8,64,20,100,485
25361,Jun 4 2019,COSAFA Cup in South Africa,Malawi,Comoros,1309,1107,2,1,10,-10,1319,1097,129,182,3,-2,132,180,40,0,202
25362,Jun 4 2019,COSAFA Cup in South Africa,South Africa,Uganda,1551,1429,1,1,-11,11,1540,1440,71,93,-1,2,70,95,40,100,222
25363,Jun 4 2019,Friendly tournament in Vanuatu,Vanuatu,Tahiti,1198,1224,2,0,18,-18,1216,1206,153,168,4,-7,157,161,30,100,74
25364,Jun 5 2019,COSAFA Cup in South Africa,Botswana,Lesotho,1304,1317,2,1,21,-21,1325,1296,124,145,7,-6,131,139,40,0,-13
25365,Jun 5 2019,Friendly in Brazil,Brazil,Qatar,2132,1774,2,0,2,-2,2134,1772,1,25,0,2,1,27,20,100,458
25366,Jun 5 2019,King's Cup in Thailand,Curaçao,India,1310,1253,3,1,19,-19,1329,1234,123,151,6,-2,129,149,30,0,57
25367,Jun 5 2019,Friendly in Japan,Japan,Trinidad and Tobago,1777,1432,0,0,-9,9,1768,1441,30,94,-2,1,28,95,20,100,445
25368,Jun 5 2019,Friendly in the United States,Mexico,Venezuela,1816,1776,3,1,13,-13,1829,1763,18,31,1,-2,19,29,20,0,40
25369,Jun 5 2019,Friendly in Paraguay,Paraguay,Honduras,1708,1596,1,1,-5,5,1703,1601,42,57,-1,2,41,59,20,100,212
25370,Jun 5 2019,Friendly in Peru,Peru,Costa Rica,1834,1704,1,0,4,-4,1838,1700,15,44,1,-1,16,43,20,100,230
25371,Jun 5 2019,European Nations League in Portugal,Portugal,Switzerland,1934,1924,3,1,26,-26,1960,1898,5,15,2,-2,7,13,50,100,110
25372,Jun 5 2019,King's Cup in Thailand,Thailand,Vietnam,1369,1352,0,1,-20,20,1349,1372,125,105,-6,7,119,112,30,100,117
25373,Jun 5 2019,Friendly in the United States,United States,Jamaica,1766,1536,0,1,-17,17,1749,1553,36,64,-3,4,33,68,20,100,330
25374,Jun 5 2019,COSAFA Cup in South Africa,Zambia,Zimbabwe,1431,1496,0,0,4,-4,1435,1492,97,85,0,0,97,85,40,0,-65
25375,Jun 6 2019,Friendly in Bermuda,Bermuda,Guyana,1226,1190,1,0,6,-6,1232,1184,150,168,1,-2,151,166,20,100,136
25376,Jun 6 2019,World Cup & Asian Cup qual in Bhutan,Bhutan,Guam,556,794,1,0,28,-28,584,766,227,217,3,-5,230,212,40,100,-138
25377,Jun 6 2019,World Cup & Asian Cup qual in Cambodia,Cambodia,Pakistan,779,933,2,0,35,-35,814,898,203,203,4,-3,207,200,40,100,-54
25378,Jun 6 2019,Friendly in Chile,Chile,Haiti,1834,1511,2,1,2,-2,1836,1509,18,79,0,0,18,79,20,100,423
25379,Jun 6 2019,Friendly in Iran,Iran,Syria,1789,1531,5,0,5,-5,1794,1526,20,79,1,-2,21,77,20,100,358
25380,Jun 6 2019,World Cup & Asian Cup qual in Laos,Laos,Bangladesh,698,804,0,1,-20,20,678,824,228,206,-4,0,224,206,40,100,-6
25381,Jun 6 2019,World Cup & Asian Cup qual in China,Macao,Sri Lanka,674,701,1,0,22,-22,696,679,213,228,6,-5,219,223,40,0,-27
25382,Jun 6 2019,World Cup & Asian Cup qual in Mongolia,Mongolia,Brunei,707,613,2,0,15,-15,722,598,215,229,1,0,216,229,40,100,194
25383,Jun 6 2019,European Nations League in Portugal,Netherlands,England,1961,1983,3,1,40,-40,2001,1943,4,13,1,-4,5,9,50,0,-22
25384,Jun 6 2019,Friendly in Taiwan,Taiwan,Nepal,971,882,1,1,-5,5,966,887,194,201,0,0,194,201,20,100,189
25385,Jun 7 2019,Friendly in Argentina,Argentina,Nicaragua,1902,1300,5,1,1,-1,1903,1299,11,140,0,-1,11,139,20,0,602
25386,Jun 7 2019,European Championship qual in Austria,Austria,Slovenia,1701,1559,1,0,8,-8,1709,1551,38,72,2,-3,40,69,40,100,242
25387,Jun 7 2019,Friendly in China,China,Philippines,1481,1134,2,0,2,-2,1483,1132,84,174,2,-2,86,172,20,100,447
25388,Jun 7 2019,European Championship qual in Czechia,Czechia,Bulgaria,1715,1620,2,1,10,-10,1725,1610,38,59,0,-2,38,57,40,100,195
25389,Jun 7 2019,European Championship qual in Denmark,Denmark,Ireland,1899,1713,1,1,-14,14,1885,1727,18,35,-3,2,15,37,40,100,286
25390,Jun 7 2019,European Championship qual in the Faroe Islands,Faroe Islands,Spain,1234,2015,1,4,-1,1,1233,2016,151,4,-1,0,150,4,20,100,-681
25391,Jun 7 2019,Friendly tournament in Vanuatu,Fiji,Tahiti,1236,1206,1,1,-1,1,1235,1207,147,159,0,1,147,160,20,0,30
25392,Jun 7 2019,Friendly in Morocco,Gambia,Guinea,1321,1467,1,0,14,-14,1335,1453,115,96,9,-3,124,93,20,0,-146
25393,Jun 7 2019,European Championship qual in Georgia,Georgia,Gibraltar,1529,1099,3,0,3,-3,1532,1096,70,180,3,-1,73,179,20,0,430
25394,Jun 7 2019,Friendly in France,Ivory Coast,Comoros,1612,1097,3,1,1,-1,1613,1096,55,178,1,1,56,179,20,0,515
25395,Jun 7 2019,Friendly in France,Kenya,Madagascar,1383,1341,1,0,9,-9,1392,1332,105,133,2,-5,107,128,20,0,42
25396,Jun 7 2019,European Championship qual in Latvia,Latvia,Israel,1288,1592,0,3,-17,17,1271,1609,145,54,-2,4,143,58,40,100,-204
25397,Jun 7 2019,COSAFA Cup in South Africa,Lesotho,Zimbabwe,1296,1492,2,2,10,-10,1306,1482,137,91,1,-3,138,88,40,0,-196
25398,Jun 7 2019,European Championship qual in Lithuania,Lithuania,Luxembourg,1329,1353,1,1,-4,4,1325,1357,135,116,-3,1,132,117,40,100,76
25399,Jun 7 2019,World Cup qualifier in Malaysia,Malaysia,East Timor,1122,643,7,1,3,-3,1125,640,173,227,1,0,174,227,20,0,479
25400,Jun 7 2019,European Championship qual in Montenegro,Montenegro,Kosovo,1584,1503,1,1,-10,10,1574,1513,63,78,0,1,63,79,40,100,181
25401,Jun 7 2019,European Championship qual in North Macedonia,North Macedonia,Poland,1535,1780,0,1,-12,12,1523,1792,83,21,-5,2,78,23,40,100,-145
25402,Jun 7 2019,European Championship qual in Norway,Norway,Romania,1679,1744,2,2,-2,2,1677,1746,44,35,0,0,44,35,30,100,35
25403,Jun 7 2019,Friendly in Slovakia,Slovakia,Jordan,1746,1491,5,1,4,-4,1750,1487,32,84,1,1,33,85,20,100,355
25404,Jun 7 2019,COSAFA Cup in South Africa,South Africa,Malawi,1540,1319,0,0,-15,15,1525,1334,81,118,-5,8,76,126,40,100,321
25405,Jun 7 2019,Friendly in South Korea,South Korea,Australia,1784,1678,1,0,5,-5,1789,1673,24,45,0,0,24,45,20,100,206
25406,Jun 7 2019,European Championship qual in Sweden,Sweden,Malta,1838,1196,3,0,1,-1,1839,1195,16,162,0,0,16,162,20,0,642
25407,Jun 7 2019,Friendly in Tajikistan,Tajikistan,Afghanistan,1209,1130,1,1,-5,5,1204,1135,162,167,-1,3,161,170,20,100,179
25408,Jun 7 2019,Friendly in Tunisia,Tunisia,Iraq,1641,1603,2,0,9,-9,1650,1594,47,66,1,-4,48,62,20,100,138
25409,Jun 7 2019,European Championship qual in Ukraine,Ukraine,Serbia,1792,1825,5,0,32,-32,1824,1793,18,24,2,-2,20,22,40,100,67
25410,Jun 7 2019,Friendly in Uruguay,Uruguay,Panama,1933,1569,3,0,2,-2,1935,1567,10,64,0,0,10,64,20,100,464
25411,Jun 7 2019,Friendly in Uzbekistan,Uzbekistan,North Korea,1613,1330,4,0,4,-4,1617,1326,54,135,1,-4,55,131,20,100,383
25412,Jun 8 2019,Friendly in Portugal,Angola,Guinea-Bissau,1349,1308,2,0,13,-13,1362,1295,111,141,4,-2,115,139,20,0,41
25413,Jun 8 2019,European Championship qual in Armenia,Armenia,Liechtenstein,1422,1131,3,0,7,-7,1429,1124,96,175,2,-1,98,174,40,100,391
25414,Jun 8 2019,European Championship qual in Azerbaijan,Azerbaijan,Hungary,1397,1630,1,3,-19,19,1378,1649,115,49,-5,2,110,51,40,100,-133
25415,Jun 8 2019,European Championship qual in Belarus,Belarus,Germany,1525,1960,0,2,-8,8,1517,1968,80,6,-2,0,78,6,40,100,-335
25416,Jun 8 2019,European Championship qual in Belgium,Belgium,Kazakhstan,2044,1384,3,0,1,-1,2045,1383,3,107,0,1,3,108,20,0,660
25417,Jun 8 2019,European Championship qual in Croatia,Croatia,Wales,1894,1776,2,1,9,-9,1903,1767,10,30,2,-2,12,28,40,100,218
25418,Jun 8 2019,King's Cup in Thailand,Curaçao,Vietnam,1329,1372,1,1,2,-2,1331,1370,126,114,2,-1,128,113,30,0,-43
25419,Jun 8 2019,European Championship qual in Estonia,Estonia,Northern Ireland,1479,1644,1,2,-16,16,1463,1660,89,49,0,0,89,49,40,100,-65
25420,Jun 8 2019,European Championship qual in Finland,Finland,Bosnia and Herzegovina,1640,1785,2,0,34,-34,1674,1751,40,41,5,-8,45,33,40,100,-45
25421,Jun 8 2019,European Championship qual in Greece,Greece,Italy,1627,1896,0,3,-19,19,1608,1915,62,9,-4,2,58,11,40,100,-169
25422,Jun 8 2019,European Championship qual in Iceland,Iceland,Albania,1667,1501,1,0,7,-7,1674,1494,44,86,1,-2,45,84,40,100,266
25423,Jun 8 2019,European Championship qual in Moldova,Moldova,Andorra,1309,1067,1,0,5,-5,1314,1062,132,185,2,0,134,185,40,100,342
25424,Jun 8 2019,Friendly in Nigeria,Nigeria,Zimbabwe,1718,1482,0,0,-7,7,1711,1489,39,82,0,3,39,85,20,100,336
25425,Jun 8 2019,European Championship qual in Russia,Russia,San Marino,1761,832,9,0,0,0,1761,832,31,204,0,0,31,204,20,0,929
25426,Jun 8 2019,European Championship qual in Scotland,Scotland,Cyprus,1665,1413,2,1,5,-5,1670,1408,49,104,-1,-1,48,103,40,100,352
25427,Jun 8 2019,Friendly in Singapore,Singapore,Solomon Islands,1112,1224,4,3,10,-10,1122,1214,176,160,0,-3,176,157,20,100,-12
25428,Jun 8 2019,King's Cup in Thailand,Thailand,India,1349,1234,0,1,-23,23,1326,1257,141,143,-11,3,130,146,30,100,215
25429,Jun 8 2019,European Championship qual in Turkey,Turkey,France,1731,2099,2,0,49,-49,1780,2050,14,2,11,0,25,2,40,100,-268
25430,Jun 8 2019,COSAFA Cup in South Africa,Zambia,Botswana,1435,1325,1,0,14,-14,1449,1311,91,140,3,-4,94,136,40,0,110
25431,Jun 9 2019,Friendly in Brazil,Brazil,Honduras,2134,1601,7,0,1,-1,2135,1600,1,63,0,-2,1,61,20,100,633
25432,Jun 9 2019,Friendly in Spain,Burkina Faso,DR Congo,1533,1552,0,0,1,-1,1534,1551,70,68,1,0,71,68,20,0,-19
25433,Jun 9 2019,Friendly in Spain,Cameroon,Zambia,1601,1449,2,1,6,-6,1607,1443,59,94,0,0,59,94,20,0,152
25434,Jun 9 2019,European Nations League in Portugal,England,Switzerland,1943,1898,0,0,-3,3,1940,1901,9,14,0,0,9,14,40,0,45
25435,Jun 9 2019,Friendly in Japan,Japan,El Salvador,1768,1538,2,0,4,-4,1772,1534,27,71,0,0,27,71,20,100,330
25436,Jun 9 2019,Friendly in the United States,Mexico,Ecuador,1829,1760,3,2,8,-8,1837,1752,15,32,2,0,17,32,20,0,69
25437,Jun 9 2019,Friendly in the United Arab Emirates,Namibia,Ghana,1356,1633,1,0,17,-17,1373,1616,105,55,7,-1,112,54,20,0,-277
25438,Jun 9 2019,Friendly in Paraguay,Paraguay,Guatemala,1703,1500,2,0,4,-4,1707,1496,40,84,1,-1,41,83,20,100,303
25439,Jun 9 2019,Friendly in Peru,Peru,Colombia,1838,1958,0,3,-16,16,1822,1974,23,6,-3,1,20,7,20,100,-20
25440,Jun 9 2019,European Nations League in Portugal,Portugal,Netherlands,1960,2001,1,0,21,-21,1981,1980,3,7,2,-1,5,6,50,100,59
25441,Jun 9 2019,Friendly in the United Arab Emirates,Turkmenistan,Uganda,1221,1440,0,0,6,-6,1227,1434,150,97,2,0,152,97,20,0,-219
25442,Jun 9 2019,Friendly in the United States,United States,Venezuela,1749,1763,0,3,-22,22,1727,1785,37,21,-1,4,36,25,20,100,86
25443,Jun 10 2019,European Championship qual in Bulgaria,Bulgaria,Kosovo,1610,1513,2,3,-30,30,1580,1543,68,61,-6,9,62,70,40,100,197
25444,Jun 10 2019,Friendly in the United States,Canada,Trinidad and Tobago,1556,1441,2,0,10,-10,1566,1431,64,98,1,-1,65,97,20,0,115
25445,Jun 10 2019,European Championship qual in Czechia,Czechia,Montenegro,1725,1574,3,0,13,-13,1738,1561,34,71,2,-4,36,67,40,100,251
25446,Jun 10 2019,European Championship qual in Denmark,Denmark,Georgia,1885,1532,5,1,5,-5,1890,1527,15,77,0,-2,15,75,40,100,453
25447,Jun 10 2019,European Championship qual in the Faroe Islands,Faroe Islands,Norway,1233,1677,0,2,-7,7,1226,1684,156,44,-3,0,153,44,40,100,-344
25448,Jun 10 2019,European Championship qual in Ireland,Ireland,Gibraltar,1727,1096,2,0,1,-1,1728,1095,40,181,-2,-1,38,180,20,0,631
25449,Jun 10 2019,European Championship qual in Latvia,Latvia,Slovenia,1271,1551,0,5,-21,21,1250,1572,151,58,-4,5,147,63,40,100,-180
25450,Jun 10 2019,European Championship qual in Malta,Malta,Romania,1195,1746,0,4,-5,5,1190,1751,164,31,-1,2,163,33,40,100,-451
25451,Jun 10 2019,European Championship qual in North Macedonia,North Macedonia,Austria,1523,1709,1,4,-27,27,1496,1736,87,34,-5,3,82,37,40,100,-86
25452,Jun 10 2019,European Championship qual in Poland,Poland,Israel,1792,1609,4,0,12,-12,1804,1597,19,63,2,-3,21,60,40,100,283
25453,Jun 10 2019,European Championship qual in Serbia,Serbia,Lithuania,1793,1325,4,1,3,-3,1796,1322,22,134,0,-1,22,133,30,0,468
25454,Jun 10 2019,European Championship qual in Spain,Spain,Sweden,2016,1839,3,0,12,-12,2028,1827,4,20,0,-2,4,18,40,100,277
25455,Jun 10 2019,European Championship qual in Ukraine,Ukraine,Luxembourg,1824,1357,1,0,1,-1,1825,1356,19,119,0,0,19,119,20,0,467
25456,Jun 10 2019,Friendly tournament in Vanuatu,Vanuatu,Fiji,1216,1235,0,0,-3,3,1213,1238,158,148,-1,0,157,148,30,100,81
25457,Jun 11 2019,European Championship qual in Albania,Albania,Moldova,1494,1314,2,0,10,-10,1504,1304,74,140,5,-3,79,137,40,100,280
25458,Jun 11 2019,Friendly in Qatar,Algeria,Burundi,1541,1361,1,1,-5,5,1536,1366,71,113,0,2,71,115,20,0,180
25459,Jun 11 2019,European Championship qual in Andorra,Andorra,France,1062,2050,0,4,0,0,1062,2050,185,2,0,0,185,2,20,0,-988
25460,Jun 11 2019,European Championship qual in Azerbaijan,Azerbaijan,Slovakia,1378,1750,1,5,-13,13,1365,1763,122,23,-6,6,116,29,40,100,-272
25461,Jun 11 2019,World Cup & Asian Cup qual in Bangladesh,Bangladesh,Laos,824,678,0,0,-12,12,812,690,208,220,-1,2,207,222,40,100,246
25462,Jun 11 2019,European Championship qual in Belarus,Belarus,Northern Ireland,1517,1660,0,1,-18,18,1499,1678,84,43,-3,3,81,46,40,100,-43
25463,Jun 11 2019,European Championship qual in Belgium,Belgium,Scotland,2045,1670,3,0,4,-4,2049,1666,3,54,0,-3,3,51,20,0,375
25464,Jun 11 2019,Friendly in Morocco,Benin,Guinea,1403,1453,1,0,11,-11,1414,1442,100,99,2,-3,102,96,20,0,-50
25465,Jun 11 2019,World Cup & Asian Cup qual in Brunei,Brunei,Mongolia,598,722,2,1,21,-21,619,701,229,218,0,-1,229,217,40,100,-24
25466,Jun 11 2019,World Cup & Asian Cup qual in Qatar,Cambodia,Pakistan,814,898,2,1,25,-25,839,873,201,202,3,-1,204,201,40,0,-84
25467,Jun 11 2019,Friendly in China,China,Tajikistan,1483,1204,1,0,2,-2,1485,1202,87,159,0,1,87,160,20,100,379
25468,Jun 11 2019,Friendly in Croatia,Croatia,Tunisia,1903,1650,1,2,-18,18,1885,1668,18,50,-3,0,15,50,20,100,353
25469,Jun 11 2019,European Championship qual in Germany,Germany,Estonia,1968,1463,8,0,3,-3,1971,1460,8,93,0,-2,8,91,40,100,605
25470,Jun 11 2019,European Championship qual in Greece,Greece,Armenia,1608,1429,2,3,-33,33,1575,1462,68,82,-6,8,62,90,40,100,279
25471,Jun 11 2019,World Cup & Asian Cup qual in Guam,Guam,Bhutan,766,584,5,0,13,-13,779,571,210,232,1,-1,211,231,40,100,282
25472,Jun 11 2019,Friendly in Costa Rica,Haiti,Guyana,1509,1184,3,1,4,-4,1513,1180,77,166,1,0,78,166,20,0,325
25473,Jun 11 2019,Friendly in Hong Kong,Hong Kong,Taiwan,1212,966,0,2,-26,26,1186,992,170,188,-6,3,164,191,20,100,346
25474,Jun 11 2019,European Championship qual in Hungary,Hungary,Wales,1649,1767,1,0,21,-21,1670,1746,47,39,2,-5,49,34,40,100,-18
25475,Jun 11 2019,European Championship qual in Iceland,Iceland,Turkey,1674,1780,2,1,20,-20,1694,1760,43,36,1,-5,44,31,40,100,-6
25476,Jun 11 2019,European Championship qual in Italy,Italy,Bosnia and Herzegovina,1915,1751,2,1,7,-7,1922,1744,11,37,0,-2,11,35,40,100,264
25477,Jun 11 2019,Friendly in Jordan,Jordan,Indonesia,1487,1211,4,1,4,-4,1491,1207,84,157,1,1,85,158,20,100,376
25478,Jun 11 2019,European Championship qual in Kazakhstan,Kazakhstan,San Marino,1383,832,4,0,2,-2,1385,830,108,206,0,-1,108,205,20,0,551
25479,Jun 11 2019,Friendly in Kyrgyzstan,Kyrgyzstan,Palestine,1292,1388,2,2,0,0,1292,1388,140,107,0,0,140,107,20,100,4
25480,Jun 11 2019,European Championship qual in Liechtenstein,Liechtenstein,Finland,1124,1674,0,2,-4,4,1120,1678,176,47,-1,-1,175,46,40,100,-450
25481,Jun 11 2019,World Cup qualifier in Malaysia,Malaysia,East Timor,1125,640,5,1,2,-2,1127,638,173,227,0,0,173,227,20,0,485
25482,Jun 11 2019,European Championship qual in Russia,Russia,Cyprus,1761,1408,1,0,3,-3,1764,1405,25,105,3,-1,28,104,30,0,353
25483,Jun 11 2019,Friendly in Singapore,Singapore,Myanmar,1122,1039,1,2,-15,15,1107,1054,178,185,-1,1,177,186,20,100,183
25484,Jun 11 2019,Friendly in South Korea,South Korea,Iran,1789,1794,1,1,-3,3,1786,1797,24,21,0,1,24,22,20,100,95
25485,Jun 11 2019,Friendly in Uzbekistan,Uzbekistan,Syria,1617,1526,2,0,7,-7,1624,1519,53,78,0,-1,53,77,20,100,191
25486,Jun 12 2019,Friendly in Morocco,Morocco,Gambia,1706,1335,0,1,-19,19,1687,1354,46,117,-2,3,44,120,20,100,471
25487,Jun 13 2019,Friendly in Egypt,Egypt,Tanzania,1601,1368,1,0,3,-3,1604,1365,57,116,0,-1,57,115,20,100,333
25488,Jun 14 2019,Copa América in Brazil,Brazil,Bolivia,2135,1637,3,0,3,-3,2138,1634,1,52,0,0,1,52,30,0,498
25489,Jun 14 2019,Friendly in Qatar,Cameroon,Mali,1607,1530,1,1,-2,2,1605,1532,56,74,0,0,56,74,20,0,77
25490,Jun 14 2019,Friendly in Morocco,Mauritania,Madagascar,1346,1332,3,1,14,-14,1360,1318,114,139,4,-6,118,133,20,0,14
25491,Jun 15 2019,CONCACAF Championship in the United States,Canada,Martinique,1566,1463,4,0,33,-33,1599,1430,51,107,7,-9,58,98,50,0,103
25492,Jun 15 2019,Copa América in Brazil,Colombia,Argentina,1974,1903,2,0,30,-30,2004,1873,3,18,2,-3,5,15,50,0,71
25493,Jun 15 2019,Friendly in Spain,DR Congo,Kenya,1551,1392,1,1,-4,4,1547,1396,69,104,0,1,69,105,20,0,159
25494,Jun 15 2019,Friendly in the United Arab Emirates,Ghana,South Africa,1616,1525,0,0,-3,3,1613,1528,54,74,0,1,54,75,20,0,91
25495,Jun 15 2019,Friendly in Indonesia,Indonesia,Vanuatu,1207,1213,6,0,16,-16,1223,1197,152,163,3,-3,155,160,20,100,94
25496,Jun 15 2019,CONCACAF Championship in the United States,Mexico,Cuba,1837,1330,7,0,6,-6,1843,1324,16,132,0,-2,16,130,50,0,507
25497,Jun 15 2019,Copa América in Brazil,Peru,Venezuela,1822,1785,0,0,-3,3,1819,1788,20,23,0,1,20,24,50,0,37
25498,Jun 15 2019,Friendly in the United Arab Emirates,Uganda,Ivory Coast,1434,1613,1,0,15,-15,1449,1598,89,63,4,-4,93,59,20,0,-179
25499,Jun 16 2019,Friendly in Qatar,Algeria,Mali,1536,1532,3,2,10,-10,1546,1522,69,78,1,-2,70,76,20,0,4
25500,Jun 16 2019,CONCACAF Championship in Costa Rica,Costa Rica,Nicaragua,1700,1299,4,0,5,-5,1705,1294,40,140,1,-1,41,139,30,0,401
25501,Jun 16 2019,Friendly in Egypt,Egypt,Guinea,1604,1442,3,1,5,-5,1609,1437,54,96,1,0,55,96,20,100,262
25502,Jun 16 2019,CONCACAF Championship in Costa Rica,Haiti,Bermuda,1513,1232,2,1,8,-8,1521,1224,76,158,1,-4,77,154,50,0,281
25503,Jun 16 2019,Friendly in Morocco,Morocco,Zambia,1687,1443,2,3,-18,18,1669,1461,54,86,-5,4,49,90,20,100,344
25504,Jun 16 2019,Copa América in Brazil,Paraguay,Qatar,1707,1772,2,2,5,-5,1712,1767,39,30,1,-2,40,28,50,0,-65
25505,Jun 16 2019,Friendly in Egypt,Senegal,Nigeria,1763,1711,1,0,9,-9,1772,1702,23,44,3,-2,26,42,20,0,52
25506,Jun 16 2019,Friendly in Egypt,Tanzania,Zimbabwe,1365,1489,1,1,3,-3,1368,1486,113,86,1,0,114,86,20,0,-124
25507,Jun 16 2019,Copa América in Brazil,Uruguay,Ecuador,1935,1752,4,0,24,-24,1959,1728,8,42,1,-5,9,37,50,0,183
25508,Jun 17 2019,Copa América in Brazil,Chile,Japan,1836,1772,4,0,38,-38,1874,1734,13,46,2,-10,15,36,50,0,64
25509,Jun 17 2019,CONCACAF Championship in Jamaica,El Salvador,Curaçao,1534,1331,1,0,12,-12,1546,1319,68,137,2,-5,70,132,50,0,203
25510,Jun 17 2019,CONCACAF Championship in Jamaica,Jamaica,Honduras,1553,1600,3,2,21,-21,1574,1579,60,67,4,-5,64,62,50,100,53
25511,Jun 17 2019,Friendly in Tunisia,Tunisia,Burundi,1668,1366,2,1,2,-2,1670,1364,46,117,2,-1,48,116,20,100,402
25512,Jun 18 2019,Friendly in Morocco,Benin,Mauritania,1414,1360,3,1,13,-13,1427,1347,94,124,4,-3,98,121,20,0,54
25513,Jun 18 2019,Copa América in Brazil,Brazil,Venezuela,2138,1788,0,0,-22,22,2116,1810,1,18,0,3,1,21,50,100,450
25514,Jun 18 2019,CONCACAF Championship in the United States,Panama,Trinidad and Tobago,1567,1431,2,0,24,-24,1591,1407,56,109,5,-6,61,103,50,0,136
25515,Jun 18 2019,Copa América in Brazil,Peru,Bolivia,1819,1634,3,1,19,-19,1838,1615,16,54,2,-1,18,53,50,0,185
25516,Jun 18 2019,CONCACAF Championship in the United States,United States,Guyana,1727,1180,4,0,2,-2,1729,1178,35,166,2,0,37,166,20,0,547
25517,Jun 19 2019,Copa América in Brazil,Argentina,Paraguay,1873,1712,1,1,-11,11,1862,1723,16,40,0,0,16,40,50,0,161
25518,Jun 19 2019,Copa América in Brazil,Colombia,Qatar,2004,1767,1,0,10,-10,2014,1757,5,33,0,-3,5,30,50,0,237
25519,Jun 19 2019,Friendly in the United Arab Emirates,Ivory Coast,Zambia,1598,1461,4,1,11,-11,1609,1450,52,98,3,-4,55,94,20,0,137
25520,Jun 19 2019,CONCACAF Championship in the United States,Martinique,Cuba,1430,1324,3,0,31,-31,1461,1293,83,149,7,-10,90,139,50,0,106
25521,Jun 19 2019,CONCACAF Championship in the United States,Mexico,Canada,1843,1599,3,1,15,-15,1858,1584,17,65,0,-4,17,61,50,0,244
25522,Jun 20 2019,CONCACAF Championship in the United States,Costa Rica,Bermuda,1705,1224,2,1,3,-3,1708,1221,41,156,0,-1,41,155,50,0,481
25523,Jun 20 2019,CONCACAF Championship in the United States,Haiti,Nicaragua,1521,1294,2,0,16,-16,1537,1278,69,144,4,-3,73,141,50,0,227
25524,Jun 20 2019,Copa América in Brazil,Japan,Uruguay,1734,1959,2,2,14,-14,1748,1945,28,9,4,0,32,9,50,0,-225
25525,Jun 21 2019,Copa América in Brazil,Chile,Ecuador,1874,1728,2,1,15,-15,1889,1713,13,42,1,-2,14,40,50,0,146
25526,Jun 21 2019,CONCACAF Championship in the United States,Curaçao,Honduras,1319,1579,1,0,41,-41,1360,1538,105,81,13,-9,118,72,50,0,-260
25527,Jun 21 2019,African Nations Cup in Egypt,Egypt,Zimbabwe,1609,1486,1,0,11,-11,1620,1475,51,90,2,-2,53,88,50,100,223
25528,Jun 21 2019,CONCACAF Championship in the United States,El Salvador,Jamaica,1546,1574,0,0,2,-2,1548,1572,66,63,2,1,68,64,40,0,-28
25529,Jun 22 2019,Copa América in Brazil,Brazil,Peru,2116,1838,5,0,10,-10,2126,1828,1,18,0,0,1,18,30,0,278
25530,Jun 22 2019,African Nations Cup in Egypt,Guinea,Madagascar,1437,1318,2,2,-8,8,1429,1326,97,124,0,4,97,128,30,100,219
25531,Jun 22 2019,African Nations Cup in Egypt,Nigeria,Burundi,1702,1364,1,0,6,-6,1708,1358,40,120,1,-2,41,118,50,0,338
25532,Jun 22 2019,CONCACAF Championship in the United States,Panama,Guyana,1591,1178,4,2,6,-6,1597,1172,54,166,3,0,57,166,50,0,413
25533,Jun 22 2019,African Nations Cup in Egypt,Uganda,DR Congo,1449,1547,2,0,48,-48,1497,1499,71,91,12,-11,83,80,50,0,-98
25534,Jun 22 2019,CONCACAF Championship in the United States,United States,Trinidad and Tobago,1729,1407,6,0,9,-9,1738,1398,33,105,2,-1,35,104,30,0,322
25535,Jun 22 2019,Copa América in Brazil,Venezuela,Bolivia,1810,1615,3,1,18,-18,1828,1597,15,60,3,-3,18,57,50,0,195
25536,Jun 23 2019,African Nations Cup in Egypt,Algeria,Kenya,1546,1396,2,0,22,-22,1568,1374,63,115,3,-5,66,110,50,0,150
25537,Jun 23 2019,Copa América in Brazil,Argentina,Qatar,1862,1757,2,0,26,-26,1888,1731,14,44,1,-7,15,37,50,0,105
25538,Jun 23 2019,CONCACAF Championship in the United States,Canada,Cuba,1584,1293,7,0,18,-18,1602,1275,53,144,4,-3,57,141,50,0,291
25539,Jun 23 2019,Copa América in Brazil,Colombia,Paraguay,2014,1723,1,0,8,-8,2022,1715,5,39,0,0,5,39,50,0,291
25540,Jun 23 2019,CONCACAF Championship in the United States,Mexico,Martinique,1858,1461,3,2,5,-5,1863,1456,17,95,0,-2,17,93,50,0,397
25541,Jun 23 2019,African Nations Cup in Egypt,Morocco,Namibia,1669,1373,1,0,8,-8,1677,1365,44,115,3,-2,47,113,50,0,296
25542,Jun 23 2019,African Nations Cup in Egypt,Senegal,Tanzania,1772,1368,2,0,7,-7,1779,1361,26,118,0,-2,26,116,50,0,404
25543,Jun 24 2019,African Nations Cup in Egypt,Angola,Tunisia,1362,1670,1,1,18,-18,1380,1652,103,53,6,-2,109,51,50,0,-308
25544,Jun 24 2019,CONCACAF Championship in the United States,Bermuda,Nicaragua,1221,1278,2,0,44,-44,1265,1234,129,160,13,-10,142,150,50,0,-57
25545,Jun 24 2019,Copa América in Brazil,Ecuador,Japan,1713,1748,1,1,3,-3,1716,1745,38,33,1,-1,39,32,50,0,-35
25546,Jun 24 2019,CONCACAF Championship in the United States,Haiti,Costa Rica,1537,1708,2,1,36,-36,1573,1672,56,55,8,-7,64,48,50,0,-171
25547,Jun 24 2019,African Nations Cup in Egypt,Ivory Coast,South Africa,1609,1528,1,0,19,-19,1628,1509,49,80,3,-3,52,77,50,0,81
25548,Jun 24 2019,African Nations Cup in Egypt,Mali,Mauritania,1522,1347,4,1,23,-23,1545,1324,66,138,5,-8,71,130,50,0,175
25549,Jun 24 2019,Copa América in Brazil,Uruguay,Chile,1945,1889,1,0,21,-21,1966,1868,9,18,0,-2,9,16,50,0,56
25550,Jun 25 2019,African Nations Cup in Egypt,Benin,Ghana,1427,1613,2,2,12,-12,1439,1601,96,59,1,-2,97,57,50,0,-186
25551,Jun 25 2019,African Nations Cup in Egypt,Cameroon,Guinea-Bissau,1605,1295,2,0,11,-11,1616,1284,54,141,1,-2,55,139,50,0,310
25552,Jun 25 2019,CONCACAF Championship in the United States,Curaçao,Jamaica,1360,1572,1,1,14,-14,1374,1558,105,75,6,-5,111,70,50,0,-212
25553,Jun 25 2019,CONCACAF Championship in the United States,Honduras,El Salvador,1538,1548,4,0,48,-48,1586,1500,51,88,11,-9,62,79,50,0,-10
25554,Jun 26 2019,African Nations Cup in Egypt,Egypt,DR Congo,1620,1499,2,0,16,-16,1636,1483,50,94,2,-7,52,87,50,100,221
25555,Jun 26 2019,CONCACAF Championship in the United States,Guyana,Trinidad and Tobago,1172,1398,1,1,14,-14,1186,1384,162,110,2,-3,164,107,50,0,-226
25556,Jun 26 2019,African Nations Cup in Egypt,Nigeria,Guinea,1708,1429,1,0,8,-8,1716,1421,37,102,2,-2,39,100,50,0,279
25557,Jun 26 2019,African Nations Cup in Egypt,Uganda,Zimbabwe,1497,1475,1,1,-2,2,1495,1477,85,89,-1,0,84,89,50,0,22
25558,Jun 26 2019,CONCACAF Championship in the United States,United States,Panama,1738,1597,1,0,10,-10,1748,1587,28,64,3,-3,31,61,50,100,241
25559,Jun 27 2019,African Nations Cup in Egypt,Algeria,Senegal,1568,1779,1,0,39,-39,1607,1740,45,42,11,-8,56,34,50,0,-211
25560,Jun 27 2019,Copa América in Brazil,Brazil,Paraguay,2126,1715,0,0,-22,22,2104,1737,1,31,0,5,1,36,50,100,511
25561,Jun 27 2019,African Nations Cup in Egypt,Kenya,Tanzania,1374,1361,3,2,24,-24,1398,1337,97,127,7,-5,104,122,50,0,13
25562,Jun 27 2019,African Nations Cup in Egypt,Madagascar,Burundi,1326,1358,1,0,27,-27,1353,1331,113,136,7,-9,120,127,50,0,-32
25563,Jun 28 2019,Copa América in Brazil,Argentina,Venezuela,1888,1828,2,0,31,-31,1919,1797,10,26,2,-4,12,22,50,0,60
25564,Jun 28 2019,Copa América in Brazil,Chile,Colombia,1868,2022,0,0,10,-10,1878,2012,16,5,0,0,16,5,50,0,-154
25565,Jun 28 2019,African Nations Cup in Egypt,Mali,Tunisia,1545,1652,1,1,7,-7,1552,1645,71,51,0,0,71,51,50,0,-107
25566,Jun 28 2019,African Nations Cup in Egypt,Morocco,Ivory Coast,1677,1628,1,0,21,-21,1698,1607,38,57,4,-2,42,55,50,0,49
25567,Jun 28 2019,African Nations Cup in Egypt,South Africa,Namibia,1509,1365,1,0,15,-15,1524,1350,74,125,1,-5,75,120,50,0,144
25568,Jun 29 2019,African Nations Cup in Egypt,Angola,Mauritania,1380,1324,0,0,-4,4,1376,1328,110,126,0,2,110,128,20,100,156
25569,Jun 29 2019,African Nations Cup in Egypt,Benin,Guinea-Bissau,1439,1284,0,0,-10,10,1429,1294,97,135,0,2,97,137,50,0,155
25570,Jun 29 2019,African Nations Cup in Egypt,Cameroon,Ghana,1616,1601,0,0,-1,1,1615,1602,54,56,0,1,54,57,30,0,15
25571,Jun 29 2019,CONCACAF Championship in the United States,Costa Rica,Mexico,1672,1863,1,1,13,-13,1685,1850,40,17,4,0,44,17,50,0,-191
25572,Jun 29 2019,CONCACAF Championship in the United States,Haiti,Canada,1573,1602,3,2,27,-27,1600,1575,50,73,8,-8,58,65,50,0,-29
25573,Jun 29 2019,Copa América in Brazil,Peru,Uruguay,1828,1966,0,0,9,-9,1837,1957,18,9,0,0,18,9,50,0,-138
25574,Jun 30 2019,African Nations Cup in Egypt,DR Congo,Zimbabwe,1483,1477,4,0,46,-46,1529,1431,61,105,13,-8,74,97,50,0,6
25575,Jun 30 2019,African Nations Cup in Egypt,Egypt,Uganda,1636,1495,2,0,15,-15,1651,1480,48,92,2,-4,50,88,50,100,241
25576,Jun 30 2019,African Nations Cup in Egypt,Guinea,Burundi,1421,1331,2,0,28,-28,1449,1303,90,145,5,-9,95,136,50,0,90
25577,Jun 30 2019,CONCACAF Championship in the United States,Jamaica,Panama,1558,1587,1,0,27,-27,1585,1560,56,78,7,-8,63,70,50,0,-29
25578,Jun 30 2019,African Nations Cup in Egypt,Madagascar,Nigeria,1353,1716,2,0,67,-67,1420,1649,83,62,18,-11,101,51,50,0,-363
25579,Jun 30 2019,CONCACAF Championship in the United States,United States,Curaçao,1748,1374,1,0,3,-3,1751,1371,28,116,1,-2,29,114,30,0,374
25580,Jul 1 2019,African Nations Cup in Egypt,Algeria,Tanzania,1607,1337,3,0,15,-15,1622,1322,55,138,0,-8,55,130,50,0,270
25581,Jul 1 2019,African Nations Cup in Egypt,Ivory Coast,Namibia,1607,1350,4,1,16,-16,1623,1334,53,126,1,-3,54,123,50,0,257
25582,Jul 1 2019,African Nations Cup in Egypt,Morocco,South Africa,1698,1524,1,0,13,-13,1711,1511,41,78,0,-1,41,77,50,0,174
25583,Jul 1 2019,African Nations Cup in Egypt,Senegal,Kenya,1740,1398,3,0,11,-11,1751,1387,24,109,5,-2,29,107,50,0,342
25584,Jul 2 2019,African Nations Cup in Egypt,Benin,Cameroon,1429,1615,0,0,12,-12,1441,1603,96,58,1,-1,97,57,50,0,-186
25585,Jul 2 2019,Copa América in Brazil,Brazil,Argentina,2104,1919,2,0,12,-12,2116,1907,1,12,0,0,1,12,30,0,185
25586,Jul 2 2019,African Nations Cup in Egypt,Ghana,Guinea-Bissau,1602,1294,2,0,11,-11,1613,1283,55,141,1,-2,56,139,50,0,308
25587,Jul 2 2019,African Nations Cup in Egypt,Mali,Angola,1552,1376,1,0,13,-13,1565,1363,67,121,2,-5,69,116,50,0,176
25588,Jul 2 2019,African Nations Cup in Egypt,Mauritania,Tunisia,1328,1645,0,0,18,-18,1346,1627,116,52,5,0,121,52,50,0,-317
25589,Jul 2 2019,CONCACAF Championship in the United States,Mexico,Haiti,1850,1600,1,0,10,-10,1860,1590,17,64,0,-3,17,61,50,0,250
25590,Jul 3 2019,Copa América in Brazil,Peru,Chile,1837,1878,3,0,49,-49,1886,1829,12,20,3,-2,15,18,50,0,-41
25591,Jul 3 2019,CONCACAF Championship in the United States,United States,Jamaica,1751,1585,3,1,13,-13,1764,1572,23,69,3,-3,26,66,50,100,266
25592,Jul 5 2019,African Nations Cup in Egypt,Benin,Morocco,1441,1711,1,1,16,-16,1457,1695,87,41,5,0,92,41,50,0,-270
25593,Jul 5 2019,African Nations Cup in Egypt,Senegal,Uganda,1751,1480,1,0,9,-9,1760,1471,28,88,1,0,29,88,50,0,271
25594,Jul 6 2019,Copa América in Brazil,Argentina,Chile,1907,1829,2,1,19,-19,1926,1810,10,22,1,-2,11,20,50,0,78
25595,Jul 6 2019,African Nations Cup in Egypt,Egypt,South Africa,1651,1511,0,1,-40,40,1611,1551,62,67,-6,5,56,72,50,100,240
25596,Jul 6 2019,African Nations Cup in Egypt,Nigeria,Cameroon,1649,1603,3,2,22,-22,1671,1581,45,67,3,-5,48,62,50,0,46
25597,Jul 7 2019,African Nations Cup in Egypt,Algeria,Guinea,1622,1449,3,0,24,-24,1646,1425,48,102,3,-3,51,99,50,0,173
25598,Jul 7 2019,Copa América in Brazil,Brazil,Peru,2116,1886,3,1,10,-10,2126,1876,1,19,0,-2,1,17,50,100,330
25599,Jul 7 2019,African Nations Cup in Egypt,DR Congo,Madagascar,1529,1420,2,2,-8,8,1521,1428,77,95,-1,3,76,98,30,100,209
25600,Jul 7 2019,Friendly tournament in India,India,Tajikistan,1257,1202,2,4,-32,32,1225,1234,165,139,-10,10,155,149,30,100,155
25601,Jul 7 2019,CONCACAF Championship in the United States,United States,Mexico,1764,1860,0,1,-25,25,1739,1885,42,13,-8,2,34,15,50,100,4
25602,Jul 8 2019,Pacific Games in Samoa,Fiji,Tahiti,1238,1207,2,1,18,-18,1256,1189,143,167,2,-4,145,163,40,0,31
25603,Jul 8 2019,African Nations Cup in Egypt,Ghana,Tunisia,1613,1627,1,1,1,-1,1614,1626,55,54,0,-1,55,53,30,0,-14
25604,Jul 8 2019,African Nations Cup in Egypt,Ivory Coast,Mali,1623,1565,1,0,21,-21,1644,1544,50,75,2,-3,52,72,50,0,58
25605,Jul 8 2019,Pacific Games in Samoa,New Caledonia,Eastern Samoa,1172,464,5,0,1,-1,1173,463,167,237,0,0,167,237,20,0,708
25606,Jul 8 2019,Pacific Games in Samoa,Samoa,Papua New Guinea,693,1092,0,6,-13,13,680,1105,226,175,-3,3,223,178,40,100,-299
25607,Jul 8 2019,Pacific Games in Samoa,Solomon Islands,Tuvalu,1214,780,13,0,9,-9,1223,771,154,214,2,-2,156,212,40,0,434
25608,Jul 8 2019,Friendly tournament in India,Syria,North Korea,1519,1326,5,2,13,-13,1532,1313,73,135,2,-4,75,131,30,0,193
25609,Jul 10 2019,Pacific Games in Samoa,Fiji,Eastern Samoa,1256,463,9,0,1,-1,1257,462,147,237,-1,0,146,237,20,0,793
25610,Jul 10 2019,Pacific Games in Samoa,New Caledonia,Solomon Islands,1173,1223,2,0,34,-34,1207,1189,149,170,9,-7,158,163,40,0,-50
25611,Jul 10 2019,African Nations Cup in Egypt,Nigeria,South Africa,1671,1551,2,1,17,-17,1688,1534,38,75,5,-2,43,73,50,0,120
25612,Jul 10 2019,Pacific Games in Samoa,Papua New Guinea,Vanuatu,1105,1197,2,0,38,-38,1143,1159,160,175,9,-8,169,167,40,0,-92
25613,Jul 10 2019,African Nations Cup in Egypt,Senegal,Benin,1760,1457,1,0,7,-7,1767,1450,24,96,2,-2,26,94,50,0,303
25614,Jul 10 2019,Pacific Games in Samoa,Tahiti,Tuvalu,1189,771,7,0,7,-7,1196,764,155,212,4,0,159,212,40,0,418
25615,Jul 10 2019,Friendly tournament in India,Tajikistan,Syria,1234,1532,2,0,38,-38,1272,1494,135,93,7,-9,142,84,30,0,-298
25616,Jul 11 2019,African Nations Cup in Egypt,Algeria,Ivory Coast,1646,1644,1,1,0,0,1646,1644,53,54,-1,-1,52,53,20,0,2
25617,Jul 11 2019,African Nations Cup in Egypt,Tunisia,Madagascar,1626,1428,3,0,21,-21,1647,1407,49,108,2,-5,51,103,50,0,198
25618,Jul 12 2019,Pacific Games in Samoa,Eastern Samoa,Tuvalu,462,764,1,1,14,-14,476,750,237,216,0,-2,237,214,40,0,-302
25619,Jul 12 2019,Pacific Games in Samoa,New Caledonia,Fiji,1207,1257,1,0,23,-23,1230,1234,144,152,7,-3,151,149,40,0,-50
25620,Jul 12 2019,Pacific Games in Samoa,Samoa,Tonga,680,547,2,0,12,-12,692,535,217,236,3,-1,220,235,40,100,233
25621,Jul 12 2019,Pacific Games in Samoa,Tahiti,Solomon Islands,1196,1189,3,0,34,-34,1230,1155,143,171,8,-4,151,167,40,0,7
25622,Jul 13 2019,Friendly tournament in India,India,North Korea,1225,1313,2,5,-27,27,1198,1340,161,113,-2,9,159,122,30,100,12
25623,Jul 14 2019,African Nations Cup in Egypt,Algeria,Nigeria,1646,1688,2,1,28,-28,1674,1660,42,59,5,-8,47,51,50,0,-42
25624,Jul 14 2019,African Nations Cup in Egypt,Senegal,Tunisia,1767,1647,1,0,17,-17,1784,1630,26,55,0,-2,26,53,50,0,120
25625,Jul 15 2019,Pacific Games in Samoa,Fiji,Tuvalu,1234,750,10,1,6,-6,1240,744,149,216,0,-1,149,215,40,0,484
25626,Jul 15 2019,Pacific Games in Samoa,New Caledonia,Tahiti,1230,1230,3,0,35,-35,1265,1195,133,167,9,-8,142,159,40,0,0
25627,Jul 15 2019,Friendly tournament in India,North Korea,Tajikistan,1340,1272,1,0,12,-12,1352,1260,118,150,2,-4,120,146,30,0,68
25628,Jul 15 2019,Pacific Games in Samoa,Solomon Islands,Eastern Samoa,1155,476,13,0,2,-2,1157,474,167,237,0,0,167,237,30,0,679
25629,Jul 15 2019,Pacific Games in Samoa,Vanuatu,Tonga,1159,535,14,0,3,-3,1162,532,166,235,0,0,166,235,30,0,624
25630,Jul 16 2019,Friendly tournament in India,India,Syria,1198,1494,1,1,8,-8,1206,1486,158,86,0,-1,158,85,30,100,-196
25631,Jul 17 2019,African Nations Cup in Egypt,Nigeria,Tunisia,1660,1630,1,0,23,-23,1683,1607,39,59,6,-3,45,56,50,0,30
25632,Jul 18 2019,Pacific Games in Samoa,Fiji,Solomon Islands,1240,1157,4,4,-5,5,1235,1162,149,167,0,0,149,167,20,100,183
25633,Jul 18 2019,Indian Ocean Games in Mauritius,Mauritius,Seychelles,1082,966,1,1,-8,8,1074,974,186,191,-2,2,184,193,30,100,216
25634,Jul 18 2019,Indian Ocean Games in Mauritius,Mayotte,Comoros,1219,1096,2,0,15,-15,1234,1081,145,182,6,-1,151,181,30,0,123
25635,Jul 18 2019,Pacific Games in Samoa,New Caledonia,Tuvalu,1265,744,11,0,5,-5,1270,739,142,215,0,0,142,215,40,0,521
25636,Jul 18 2019,Pacific Games in Samoa,Papua New Guinea,Tonga,1143,532,8,0,3,-3,1146,529,169,235,0,0,169,235,40,0,611
25637,Jul 18 2019,Indian Ocean Games in Mauritius,Réunion,Maldives,1382,979,4,0,5,-5,1387,974,104,194,3,-1,107,193,30,0,403
25638,Jul 18 2019,Pacific Games in Samoa,Samoa,Vanuatu,692,1162,0,11,-12,12,680,1174,226,166,-3,0,223,166,40,100,-370
25639,Jul 18 2019,Pacific Games in Samoa,Tahiti,Eastern Samoa,1195,474,8,1,1,-1,1196,473,159,237,0,0,159,237,20,0,721
25640,Jul 19 2019,African Nations Cup in Egypt,Algeria,Senegal,1674,1784,1,0,33,-33,1707,1751,34,32,7,-3,41,29,50,0,-110
25641,Jul 19 2019,Friendly tournament in India,North Korea,Tajikistan,1352,1260,1,0,11,-11,1363,1249,112,150,4,-2,116,148,30,0,92
25642,Jul 20 2019,Indian Ocean Games in Mauritius,Comoros,Maldives,1081,974,3,0,18,-18,1099,956,177,199,2,-3,179,196,30,0,107
25643,Jul 20 2019,Pacific Games in Samoa,Fiji,Papua New Guinea,1235,1146,1,1,-5,5,1230,1151,153,169,-2,0,151,169,20,100,189
25644,Jul 20 2019,Indian Ocean Games in Mauritius,Madagascar,Seychelles,1407,974,0,0,-13,13,1394,987,109,191,-3,1,106,192,30,0,433
25645,Jul 20 2019,Indian Ocean Games in Mauritius,Réunion,Mayotte,1387,1234,1,0,9,-9,1396,1225,101,161,3,-5,104,156,30,0,153
25646,Jul 22 2019,Indian Ocean Games in Mauritius,Comoros,Réunion,1099,1396,1,0,25,-25,1124,1371,171,120,4,-8,175,112,30,0,-297
25647,Jul 22 2019,Friendly in Djibouti,Djibouti,Somalia,792,848,1,0,9,-9,801,839,208,203,0,0,208,203,20,100,44
25648,Jul 22 2019,Indian Ocean Games in Mauritius,Mauritius,Madagascar,1074,1394,1,1,8,-8,1082,1386,180,108,2,-1,182,107,30,100,-220
25649,Jul 22 2019,Indian Ocean Games in Mauritius,Mayotte,Maldives,1225,956,3,1,8,-8,1233,948,146,196,5,0,151,196,30,0,269
25650,Jul 24 2019,Indian Ocean Games in Mauritius,Mauritius,Mayotte,1082,1233,1,0,17,-17,1099,1216,178,163,2,-6,180,157,30,100,-51
25651,Jul 24 2019,Indian Ocean Games in Mauritius,Réunion,Seychelles,1371,987,4,0,6,-6,1377,981,108,192,2,0,110,192,30,0,384
25652,Jul 26 2019,Indian Ocean Games in Mauritius,Mayotte,Seychelles,1216,981,3,1,9,-9,1225,972,155,196,1,-2,156,194,30,0,235
25653,Jul 28 2019,Indian Ocean Games in Mauritius,Mauritius,Réunion,1099,1377,1,1,7,-7,1106,1370,180,116,0,-3,180,113,20,0,-278
25654,Jul 30 2019,West Asian Championship in Iraq,Iraq,Lebanon,1594,1443,1,0,8,-8,1602,1435,55,96,2,0,57,96,40,100,251
25655,Jul 30 2019,West Asian Championship in Iraq,Palestine,Yemen,1388,1154,1,0,8,-8,1396,1146,103,170,1,-1,104,169,40,0,234
25656,Aug 2 2019,West Asian Championship in Iraq,Iraq,Palestine,1602,1396,2,1,6,-6,1608,1390,55,106,1,-1,56,105,40,100,306
25657,Aug 2 2019,West Asian Championship in Iraq,Lebanon,Syria,1435,1486,2,1,23,-23,1458,1463,88,91,4,-3,92,88,40,0,-51
25658,Aug 4 2019,West Asian Championship in Iraq,Bahrain,Jordan,1417,1491,1,0,24,-24,1441,1467,95,90,3,-3,98,87,40,0,-74
25659,Aug 4 2019,West Asian Championship in Iraq,Kuwait,Saudi Arabia,1424,1566,2,1,28,-28,1452,1538,91,76,4,-4,95,72,40,0,-142
25660,Aug 5 2019,West Asian Championship in Iraq,Lebanon,Palestine,1458,1390,0,0,-4,4,1454,1394,94,105,-1,0,93,105,20,100,168
25661,Aug 5 2019,West Asian Championship in Iraq,Syria,Yemen,1463,1146,1,1,-14,14,1449,1160,106,167,-9,1,97,168,40,0,317
25662,Aug 7 2019,West Asian Championship in Iraq,Bahrain,Saudi Arabia,1441,1538,0,0,5,-5,1446,1533,98,76,0,-2,98,74,40,0,-97
25663,Aug 7 2019,West Asian Championship in Iraq,Jordan,Kuwait,1467,1452,1,1,-1,1,1466,1453,87,94,0,0,87,94,30,0,15
25664,Aug 8 2019,West Asian Championship in Iraq,Iraq,Syria,1608,1449,0,0,-13,13,1595,1462,62,79,-3,9,59,88,40,100,259
25665,Aug 8 2019,West Asian Championship in Iraq,Yemen,Lebanon,1160,1454,2,1,34,-34,1194,1420,154,109,7,-8,161,101,40,0,-294
25666,Aug 10 2019,West Asian Championship in Iraq,Bahrain,Kuwait,1446,1453,1,0,20,-20,1466,1433,79,100,9,-3,88,97,40,0,-7
25667,Aug 10 2019,West Asian Championship in Iraq,Jordan,Saudi Arabia,1466,1533,3,0,42,-42,1508,1491,65,94,11,-10,76,84,40,0,-67
25668,Aug 11 2019,West Asian Championship in Iraq,Iraq,Yemen,1595,1194,2,1,2,-2,1597,1192,55,161,2,0,57,161,20,0,401
25669,Aug 11 2019,West Asian Championship in Iraq,Palestine,Syria,1394,1462,4,3,24,-24,1418,1438,99,103,3,-7,102,96,40,0,-68
25670,Aug 11 2019,Friendly in St Vincent & Grenadines,St Vincent & Grenadines,Trinidad and Tobago,1123,1384,1,0,14,-14,1137,1370,166,115,5,-3,171,112,20,100,-161
25671,Aug 14 2019,Friendly in the Dominican Republic,Dominican Republic,Guatemala,1226,1496,0,0,5,-5,1231,1491,148,86,3,-2,151,84,20,100,-170
25672,Aug 14 2019,West Asian Championship in Iraq,Iraq,Bahrain,1597,1466,0,1,-32,32,1565,1498,77,76,-10,6,67,82,40,100,231
25673,Aug 18 2019,Friendly in Sint Maarten,Sint Maarten,Anguilla,828,565,2,0,3,-3,831,562,204,234,1,-1,205,233,20,100,363
25674,Aug 25 2019,Friendly in Saint Kitts and Nevis,Saint Kitts and Nevis,Antigua and Barbuda,1227,1195,3,0,11,-11,1238,1184,145,172,4,-6,149,166,20,100,132
25675,Aug 27 2019,Friendly in Saint Kitts and Nevis,Saint Kitts and Nevis,Antigua and Barbuda,1238,1184,4,3,6,-6,1244,1178,149,166,0,0,149,166,20,100,154
25676,Aug 28 2019,Friendly in Oman,Oman,Yemen,1499,1192,1,0,2,-2,1501,1190,78,160,1,0,79,160,20,100,407
25677,Aug 29 2019,Friendly in Taiwan,Taiwan,Guam,992,779,3,0,5,-5,997,774,189,212,1,-1,190,211,20,100,313
25678,Aug 30 2019,Friendly in Belize,Belize,St Vincent & Grenadines,1142,1137,1,1,-3,3,1139,1140,172,169,-1,1,171,170,20,100,105
25679,Aug 30 2019,Friendly in China,China,Myanmar,1485,1054,4,1,2,-2,1487,1052,88,186,-1,0,87,186,20,100,531
25680,Aug 30 2019,Friendly in Malaysia,Malaysia,Jordan,1127,1508,0,1,-3,3,1124,1511,175,76,0,0,175,76,20,100,-281
25681,Aug 30 2019,Friendly in Bahrain,United Arab Emirates,Dominican Republic,1483,1231,4,0,7,-7,1490,1224,85,160,1,-4,86,156,20,0,252
25682,Aug 31 2019,Friendly in Bahrain,United Arab Emirates,Sri Lanka,1490,679,5,1,0,0,1490,679,86,224,0,0,86,224,20,0,811
25683,Sep 1 2019,Friendly in Belize,Belize,St Vincent & Grenadines,1139,1140,1,0,7,-7,1146,1133,169,174,1,-2,170,172,20,100,99
25684,Sep 4 2019,Friendly in Morocco,Burkina Faso,Libya,1534,1460,1,0,8,-8,1542,1452,72,96,0,-3,72,93,20,0,74
25685,Sep 4 2019,World Cup qualifier in Burundi,Burundi,Tanzania,1303,1322,1,1,-5,5,1298,1327,136,124,0,3,136,127,40,100,81
25686,Sep 4 2019,World Cup qualifier in Djibouti,Djibouti,Eswatini,801,1190,2,1,34,-34,835,1156,202,176,3,-8,205,168,40,100,-289
25687,Sep 4 2019,World Cup qualifier in Sudan,Equatorial Guinea,South Sudan,1335,1020,1,1,-14,14,1321,1034,138,188,-7,0,131,188,40,0,315
25688,Sep 4 2019,World Cup qualifier in Eritrea,Eritrea,Namibia,1078,1334,1,2,-12,12,1066,1346,183,119,0,3,183,122,40,100,-156
25689,Sep 4 2019,World Cup qualifier in Ethiopia,Ethiopia,Lesotho,1262,1306,0,0,-3,3,1259,1309,145,134,0,0,145,134,40,100,56
25690,Sep 4 2019,World Cup qualifier in Liberia,Liberia,Sierra Leone,1336,1358,3,1,23,-23,1359,1335,113,130,5,-6,118,124,40,100,78
25691,Sep 4 2019,World Cup qualifier in Mauritius,Mauritius,Mozambique,1106,1274,0,1,-16,16,1090,1290,184,137,-2,2,182,139,40,100,-68
25692,Sep 4 2019,World Cup qualifier in São Tomé and Príncipe,São Tomé and Príncipe,Guinea-Bissau,1076,1283,0,1,-14,14,1062,1297,184,135,0,2,184,137,40,100,-107
25693,Sep 5 2019,Friendly in the United States,Argentina,Chile,1926,1810,0,0,-3,3,1923,1813,13,20,-1,0,12,20,20,0,116
25694,Sep 5 2019,European Championship qual in Armenia,Armenia,Italy,1462,1922,1,3,-7,7,1455,1929,97,10,-4,1,93,11,40,100,-360
25695,Sep 5 2019,World Cup & Asian Cup qual in Bahrain,Bahrain,Iraq,1498,1565,1,1,-2,2,1496,1567,84,69,-1,-1,83,68,40,100,33
25696,Sep 5 2019,CONCACAF Nations League C in Barbados,Barbados,Saint Martin,1133,785,4,0,5,-5,1138,780,174,209,-1,0,173,209,40,100,448
25697,Sep 5 2019,CONCACAF Nations League A in Bermuda,Bermuda,Panama,1265,1560,1,4,-17,17,1248,1577,153,57,-5,6,148,63,40,100,-195
25698,Sep 5 2019,European Championship qual in Bosnia and Herzegovina,Bosnia and Herzegovina,Liechtenstein,1744,1120,5,0,1,-1,1745,1119,31,177,1,0,32,177,20,0,624
25699,Sep 5 2019,World Cup & Asian Cup qual in Cambodia,Cambodia,Hong Kong,839,1186,1,1,12,-12,851,1174,205,168,-1,-3,204,165,40,100,-247
25700,Sep 5 2019,World Cup qualifier in Chad,Chad,Sudan,1255,1235,1,3,-40,40,1215,1275,166,132,-10,9,156,141,40,100,120
25701,Sep 5 2019,CONCACAF Nations League B in Dominica,Dominica,Suriname,1050,1287,1,2,-12,12,1038,1299,185,132,1,4,186,136,40,100,-137
25702,Sep 5 2019,Friendly in the United States,Ecuador,Peru,1716,1876,1,0,14,-14,1730,1862,38,17,1,0,39,17,20,0,-160
25703,Sep 5 2019,European Championship qual in the Faroe Islands,Faroe Islands,Sweden,1226,1827,0,4,-4,4,1222,1831,154,18,0,0,154,18,40,100,-501
25704,Sep 5 2019,European Championship qual in Finland,Finland,Greece,1678,1575,1,0,9,-9,1687,1566,41,75,3,-6,44,69,40,100,203
25705,Sep 5 2019,Friendly in Turkey,Georgia,South Korea,1527,1786,2,2,6,-6,1533,1780,74,25,0,0,74,25,20,0,-259
25706,Sep 5 2019,European Championship qual in Gibraltar,Gibraltar,Denmark,1095,1890,0,6,-2,2,1093,1892,181,14,0,0,181,14,40,100,-695
25707,Sep 5 2019,CONCACAF Nations League B in Grenada,Grenada,Saint Kitts and Nevis,1112,1244,2,1,22,-22,1134,1222,170,159,4,-5,174,154,40,100,-32
25708,Sep 5 2019,World Cup & Asian Cup qual in Guam,Guam,Maldives,774,948,0,1,-16,16,758,964,213,192,-1,2,212,194,40,100,-74
25709,Sep 5 2019,CONCACAF Nations League C in Guatemala,Guatemala,Anguilla,1491,562,10,0,0,0,1491,562,84,233,0,0,84,233,20,0,929
25710,Sep 5 2019,Friendly in Honduras,Honduras,Puerto Rico,1586,976,4,0,1,-1,1587,975,56,192,2,0,58,192,20,0,610
25711,Sep 5 2019,World Cup & Asian Cup qual in India,India,Oman,1206,1501,1,2,-10,10,1196,1511,156,75,1,2,157,77,40,100,-195
25712,Sep 5 2019,World Cup & Asian Cup qual in Indonesia,Indonesia,Malaysia,1223,1124,2,3,-30,30,1193,1154,161,163,-2,6,159,169,40,100,199
25713,Sep 5 2019,European Championship qual in Ireland,Ireland,Switzerland,1728,1901,1,1,4,-4,1732,1897,37,13,1,0,38,13,40,100,-73
25714,Sep 5 2019,European Championship qual in Israel,Israel,North Macedonia,1597,1496,1,1,-10,10,1587,1506,59,73,-1,5,58,78,40,100,201
25715,Sep 5 2019,Friendly in Japan,Japan,Paraguay,1745,1737,2,0,10,-10,1755,1727,26,44,3,-4,29,40,20,100,108
25716,Sep 5 2019,World Cup & Asian Cup qual in Kuwait,Kuwait,Nepal,1433,887,7,0,2,-2,1435,885,99,200,-1,0,98,200,20,0,546
25717,Sep 5 2019,World Cup & Asian Cup qual in Mongolia,Mongolia,Myanmar,701,1052,1,0,32,-32,733,1020,213,190,2,-2,215,188,40,100,-251
25718,Sep 5 2019,Friendly in Montenegro,Montenegro,Hungary,1561,1670,2,1,10,-10,1571,1660,66,52,1,-1,67,51,20,100,-9
25719,Sep 5 2019,CONCACAF Nations League B in Nicaragua,Nicaragua,St Vincent & Grenadines,1234,1133,1,1,-10,10,1224,1143,153,172,-1,0,152,172,40,100,201
25720,Sep 5 2019,World Cup & Asian Cup qual in North Korea,North Korea,Lebanon,1363,1420,2,0,26,-26,1389,1394,96,107,10,-3,106,104,30,0,-57
25721,Sep 5 2019,European Championship qual in Norway,Norway,Malta,1684,1190,2,0,2,-2,1686,1188,45,162,0,-1,45,161,20,0,494
25722,Sep 5 2019,Friendly in Northern Ireland,Northern Ireland,Luxembourg,1678,1356,1,0,2,-2,1680,1354,49,119,-1,0,48,119,20,100,422
25723,Sep 5 2019,World Cup & Asian Cup qual in Palestine,Palestine,Uzbekistan,1418,1624,2,0,39,-39,1457,1585,78,67,12,-7,90,60,40,100,-106
25724,Sep 5 2019,World Cup & Asian Cup qual in the Philippines,Philippines,Syria,1132,1438,2,5,-16,16,1116,1454,182,92,-4,2,178,94,40,100,-206
25725,Sep 5 2019,World Cup & Asian Cup qual in Qatar,Qatar,Afghanistan,1731,1135,6,0,2,-2,1733,1133,36,179,1,-4,37,175,30,0,596
25726,Sep 5 2019,European Championship qual in Romania,Romania,Spain,1751,2028,1,2,-11,11,1740,2039,37,4,-4,0,33,4,40,100,-177
25727,Sep 5 2019,Friendly in Saudi Arabia,Saudi Arabia,Mali,1491,1544,1,1,-1,1,1490,1545,86,70,-1,0,85,70,20,100,47
25728,Sep 5 2019,World Cup qualifier in the Seychelles,Seychelles,Rwanda,972,1263,0,3,-17,17,955,1280,198,136,-2,4,196,140,40,100,-191
25729,Sep 5 2019,World Cup & Asian Cup qual in Singapore,Singapore,Yemen,1107,1190,2,2,-1,1,1106,1191,179,160,0,0,179,160,30,100,17
25730,Sep 5 2019,World Cup qualifier in Djibouti,Somalia,Zimbabwe,839,1431,1,0,39,-39,878,1392,199,112,2,-7,201,105,40,0,-592
25731,Sep 5 2019,World Cup & Asian Cup qual in Sri Lanka,Sri Lanka,Turkmenistan,679,1227,0,2,-4,4,675,1231,226,145,-1,4,225,149,40,100,-448
25732,Sep 5 2019,World Cup & Asian Cup qual in Taiwan,Taiwan,Jordan,997,1511,1,2,-3,3,994,1514,192,76,-1,0,191,76,30,100,-414
25733,Sep 5 2019,World Cup & Asian Cup qual in Tajikistan,Tajikistan,Kyrgyzstan,1249,1292,1,0,17,-17,1266,1275,142,144,3,-3,145,141,30,0,-43
25734,Sep 5 2019,World Cup & Asian Cup qual in Thailand,Thailand,Vietnam,1326,1370,0,0,-3,3,1323,1373,128,110,0,1,128,111,40,100,56
25735,Sep 5 2019,CONCACAF Nations League C in the US Virgin Islands,US Virgin Islands,Cayman Islands,748,914,0,2,-24,24,724,938,218,196,-2,1,216,197,40,100,-66
25736,Sep 6 2019,European Championship qual in Austria,Austria,Latvia,1736,1250,6,0,3,-3,1739,1247,30,149,3,-1,33,148,40,100,586
25737,Sep 6 2019,Friendly in France,Benin,Ivory Coast,1450,1644,2,1,15,-15,1465,1629,82,52,7,0,89,52,20,0,-194
25738,Sep 6 2019,CONCACAF Nations League C in Curaçao,Bonaire,British Virgin Islands,973,646,4,2,8,-8,981,638,191,226,1,0,192,226,40,0,327
25739,Sep 6 2019,Friendly in the United States,Brazil,Colombia,2126,2012,2,2,-3,3,2123,2015,1,7,0,-1,1,6,20,0,114
25740,Sep 6 2019,World Cup qualifier in the Comoros,Comoros,Togo,1124,1347,1,1,7,-7,1131,1340,176,123,0,-1,176,122,40,100,-123
25741,Sep 6 2019,Friendly in Costa Rica,Costa Rica,Uruguay,1685,1957,1,2,-5,5,1680,1962,48,7,-1,1,47,8,20,100,-172
25742,Sep 6 2019,European Championship qual in Cyprus,Cyprus,Kazakhstan,1405,1385,1,1,-7,7,1398,1392,102,101,0,4,102,105,40,100,120
25743,Sep 6 2019,European Championship qual in Estonia,Estonia,Belarus,1460,1499,1,2,-23,23,1437,1522,105,68,-8,7,97,75,40,100,61
25744,Sep 6 2019,World Cup qualifier in The Gambia,Gambia,Angola,1354,1363,0,1,-25,25,1329,1388,133,99,-7,9,126,108,40,100,91
25745,Sep 6 2019,European Championship qual in Germany,Germany,Netherlands,1971,1980,2,4,-38,38,1933,2018,12,3,-2,2,10,5,40,100,91
25746,Sep 6 2019,CONCACAF Nations League B in Curaçao,Guyana,Aruba,1186,920,1,0,7,-7,1193,913,156,198,3,0,159,198,40,0,266
25747,Sep 6 2019,CONCACAF Nations League B in Jamaica,Jamaica,Antigua and Barbuda,1572,1178,6,0,5,-5,1577,1173,63,168,1,-2,64,166,40,100,494
25748,Sep 6 2019,CONCACAF Nations League A in Martinique,Martinique,Trinidad and Tobago,1456,1370,1,1,-10,10,1446,1380,101,108,-5,3,96,111,40,100,186
25749,Sep 6 2019,Friendly in Morocco,Morocco,Burkina Faso,1695,1542,1,1,-6,6,1689,1548,44,68,-1,2,43,70,20,100,253
25750,Sep 6 2019,European Championship qual in San Marino,San Marino,Belgium,830,2049,0,4,0,0,830,2049,207,3,0,0,207,3,20,0,-1219
25751,Sep 6 2019,European Championship qual in Scotland,Scotland,Russia,1666,1764,1,2,-20,20,1646,1784,52,22,-1,2,51,24,40,100,2
25752,Sep 6 2019,European Championship qual in Slovakia,Slovakia,Croatia,1763,1885,0,4,-35,35,1728,1920,49,11,-11,2,38,13,40,100,-22
25753,Sep 6 2019,European Championship qual in Slovenia,Slovenia,Poland,1572,1804,2,0,41,-41,1613,1763,43,31,11,-5,54,26,40,100,-132
25754,Sep 6 2019,Friendly in Tunisia,Tunisia,Mauritania,1607,1346,1,0,2,-2,1609,1344,57,120,-1,1,56,121,20,100,361
25755,Sep 6 2019,Friendly in the United States,United States,Mexico,1739,1885,0,3,-15,15,1724,1900,46,13,-6,1,40,14,20,100,-46
25756,Sep 6 2019,European Championship qual in Wales,Wales,Azerbaijan,1746,1365,2,1,2,-2,1748,1363,29,118,1,-1,30,117,20,0,381
25757,Sep 7 2019,World Cup qualifier in Botswana,Botswana,Malawi,1311,1334,0,0,-4,4,1307,1338,135,122,-1,1,134,123,40,100,77
25758,Sep 7 2019,CONCACAF Nations League A in Canada,Canada,Cuba,1575,1275,6,0,8,-8,1583,1267,56,147,5,-3,61,144,40,100,400
25759,Sep 7 2019,CONCACAF Nations League A in Curaçao,Curaçao,Haiti,1371,1590,1,0,27,-27,1398,1563,89,82,13,-12,102,70,40,100,-119
25760,Sep 7 2019,CONCACAF Nations League B in El Salvador,El Salvador,Saint Lucia,1500,1099,3,0,4,-4,1504,1095,78,180,2,0,80,180,40,100,501
25761,Sep 7 2019,European Championship qual in England,England,Bulgaria,1940,1580,4,0,5,-5,1945,1575,9,67,0,-2,9,65,40,100,460
25762,Sep 7 2019,European Championship qual in France,France,Albania,2050,1504,4,1,2,-2,2052,1502,2,84,0,-2,2,82,30,0,546
25763,Sep 7 2019,CONCACAF Nations League C in Guadeloupe,Guadeloupe,Sint Maarten,1186,831,5,1,5,-5,1191,826,157,208,3,-1,160,207,40,100,455
25764,Sep 7 2019,European Championship qual in Iceland,Iceland,Moldova,1694,1304,3,0,4,-4,1698,1300,42,135,0,0,42,135,40,100,490
25765,Sep 7 2019,European Championship qual in Kosovo,Kosovo,Czechia,1543,1738,2,1,25,-25,1568,1713,62,46,5,-6,67,40,40,100,-95
25766,Sep 7 2019,Friendly in Morocco,Libya,Niger,1452,1323,2,0,10,-10,1462,1313,86,134,4,-3,90,131,20,0,129
25767,Sep 7 2019,European Championship qual in Lithuania,Lithuania,Ukraine,1322,1825,0,3,-6,6,1316,1831,130,17,0,1,130,18,40,100,-403
25768,Sep 7 2019,CONCACAF Nations League B in Montserrat,Montserrat,Dominican Republic,757,1224,2,1,36,-36,793,1188,205,172,4,-10,209,162,40,100,-367
25769,Sep 7 2019,European Championship qual in Serbia,Serbia,Portugal,1796,1981,2,4,-23,23,1773,2004,27,7,-2,0,25,7,40,100,-85
25770,Sep 7 2019,European Championship qual in Turkey,Turkey,Andorra,1760,1062,1,0,0,0,1760,1062,27,184,0,0,27,184,20,0,698
25771,Sep 8 2019,European Championship qual in Armenia,Armenia,Bosnia and Herzegovina,1455,1745,4,2,45,-45,1500,1700,73,51,10,-10,83,41,40,100,-190
25772,Sep 8 2019,CONCACAF Nations League B in Belize,Belize,Grenada,1146,1134,1,2,-26,26,1120,1160,181,162,-5,6,176,168,40,100,112
25773,Sep 8 2019,CONCACAF Nations League C in the Cayman Islands,Cayman Islands,Barbados,938,1138,3,2,26,-26,964,1112,191,183,3,-5,194,178,40,100,-100
25774,Sep 8 2019,World Cup qualifier in Equatorial Guinea,Equatorial Guinea,South Sudan,1321,1034,1,0,4,-4,1325,1030,125,185,2,1,127,186,40,100,387
25775,Sep 8 2019,European Championship qual in Finland,Finland,Italy,1687,1929,1,2,-12,12,1675,1941,52,9,-4,1,48,10,40,100,-142
25776,Sep 8 2019,European Championship qual in Georgia,Georgia,Denmark,1533,1892,0,0,13,-13,1546,1879,68,16,3,0,71,16,40,100,-259
25777,Sep 8 2019,European Championship qual in Greece,Greece,Liechtenstein,1566,1119,1,1,-18,18,1548,1137,69,169,0,4,69,173,40,100,547
25778,Sep 8 2019,Friendly in Kenya,Kenya,Uganda,1387,1471,1,1,0,0,1387,1471,110,90,0,-1,110,89,20,100,16
25779,Sep 8 2019,World Cup qualifier in Lesotho,Lesotho,Ethiopia,1309,1259,1,1,-8,8,1301,1267,141,144,-4,1,137,145,40,100,150
25780,Sep 8 2019,CONCACAF Nations League A in Panama,Panama,Bermuda,1577,1248,0,2,-55,55,1522,1303,85,125,-11,11,74,136,40,100,429
25781,Sep 8 2019,European Championship qual in Romania,Romania,Malta,1740,1188,1,0,1,-1,1741,1187,30,164,1,-1,31,163,20,0,552
25782,Sep 8 2019,World Cup qualifier in Sierra Leone,Sierra Leone,Liberia,1335,1359,1,0,16,-16,1351,1343,114,126,5,-4,119,122,30,0,-24
25783,Sep 8 2019,European Championship qual in Spain,Spain,Faroe Islands,2039,1222,4,0,0,0,2039,1222,4,151,0,1,4,152,20,0,817
25784,Sep 8 2019,CONCACAF Nations League B in Saint Kitts and Nevis,Saint Kitts and Nevis,French Guiana,1222,1312,2,2,-1,1,1221,1313,153,132,0,0,153,132,40,100,10
25785,Sep 8 2019,CONCACAF Nations League B in St Vincent & Grenadines,St Vincent & Grenadines,Dominica,1143,1038,1,0,9,-9,1152,1029,170,188,1,-1,171,187,40,100,205
25786,Sep 8 2019,CONCACAF Nations League B in Suriname,Suriname,Nicaragua,1299,1224,6,0,23,-23,1322,1201,122,158,7,-3,129,155,40,100,175
25787,Sep 8 2019,European Championship qual in Sweden,Sweden,Norway,1831,1686,1,1,-12,12,1819,1698,20,39,-1,3,19,42,40,100,245
25788,Sep 8 2019,European Championship qual in Switzerland,Switzerland,Gibraltar,1897,1093,4,0,0,0,1897,1093,15,181,0,0,15,181,20,0,804
25789,Sep 8 2019,World Cup qualifier in Tanzania,Tanzania,Burundi,1327,1298,1,1,-7,7,1320,1305,133,133,-3,2,130,135,40,100,129
25790,Sep 8 2019,CONCACAF Nations League C in Anguilla,US Virgin Islands,Saint Martin,724,780,2,1,23,-23,747,757,212,216,2,-3,214,213,40,0,-56
25791,Sep 9 2019,Friendly in Algeria,Algeria,Benin,1707,1465,1,0,2,-2,1709,1463,40,90,0,0,40,90,20,100,342
25792,Sep 9 2019,CONCACAF Nations League B in Antigua and Barbuda,Antigua and Barbuda,Aruba,1173,913,2,1,4,-4,1177,909,162,198,2,0,164,198,20,0,260
25793,Sep 9 2019,European Championship qual in Azerbaijan,Azerbaijan,Croatia,1363,1920,1,1,17,-17,1380,1903,107,13,5,0,112,13,40,100,-457
25794,Sep 9 2019,CONCACAF Nations League C in the Bahamas,Bahamas,Bonaire,854,981,2,1,22,-22,876,959,201,200,1,-4,202,196,40,100,-27
25795,Sep 9 2019,European Championship qual in Estonia,Estonia,Netherlands,1437,2018,0,4,-4,4,1433,2022,99,5,-1,0,98,5,40,100,-481
25796,Sep 9 2019,CONCACAF Nations League B in Guyana,Guyana,Jamaica,1193,1577,0,4,-12,12,1181,1589,168,53,-5,5,163,58,40,100,-284
25797,Sep 9 2019,European Championship qual in Hungary,Hungary,Slovakia,1660,1728,1,2,-22,22,1638,1750,50,26,0,5,50,31,40,100,32
25798,Sep 9 2019,Friendly in Jordan,Iraq,Uzbekistan,1567,1585,0,0,1,-1,1568,1584,65,60,1,0,66,60,20,0,-18
25799,Sep 9 2019,European Championship qual in Latvia,Latvia,North Macedonia,1247,1506,0,2,-17,17,1230,1523,150,69,-1,5,149,74,40,100,-159
25800,Sep 9 2019,European Championship qual in Northern Ireland,Northern Ireland,Germany,1680,1933,0,2,-18,18,1662,1951,52,7,-3,2,49,9,40,100,-153
25801,Sep 9 2019,European Championship qual in Poland,Poland,Austria,1763,1739,0,0,-7,7,1756,1746,28,32,-1,0,27,32,40,100,124
25802,Sep 9 2019,European Championship qual in Russia,Russia,Kazakhstan,1784,1392,1,0,2,-2,1786,1390,23,108,0,-1,23,107,20,0,392
25803,Sep 9 2019,European Championship qual in San Marino,San Marino,Cyprus,830,1398,0,4,-5,5,825,1403,208,102,-1,0,207,102,40,100,-468
25804,Sep 9 2019,European Championship qual in Scotland,Scotland,Belgium,1646,2049,0,4,-11,11,1635,2060,51,1,0,1,51,2,40,100,-303
25805,Sep 9 2019,European Championship qual in Slovenia,Slovenia,Israel,1613,1587,3,2,13,-13,1626,1574,52,70,1,-6,53,64,40,100,126
25806,Sep 9 2019,CONCACAF Nations League A in Trinidad and Tobago,Trinidad and Tobago,Martinique,1380,1446,2,2,-2,2,1378,1448,114,96,-1,0,113,96,40,100,34
25807,Sep 9 2019,Friendly in Wales,Wales,Belarus,1748,1522,1,0,3,-3,1751,1519,28,80,1,-3,29,77,20,100,326
25808,Sep 10 2019,World Cup & Asian Cup qual in Tajikistan,Afghanistan,Bangladesh,1133,812,1,0,5,-5,1138,807,172,208,1,0,173,208,40,0,321
25809,Sep 10 2019,European Championship qual in Albania,Albania,Iceland,1502,1698,4,2,38,-38,1540,1660,62,56,10,-7,72,49,40,100,-96
25810,Sep 10 2019,World Cup qualifier in Angola,Angola,Gambia,1388,1329,2,1,11,-11,1399,1318,99,134,5,-4,104,130,40,100,159
25811,Sep 10 2019,Friendly in the United States,Argentina,Mexico,1923,1900,4,0,18,-18,1941,1882,10,16,1,-1,11,15,20,0,23
25812,Sep 10 2019,World Cup & Asian Cup qual in Cambodia,Cambodia,Bahrain,851,1496,0,1,-2,2,849,1498,206,82,-1,1,205,83,40,100,-545
25813,Sep 10 2019,CONCACAF Nations League A in the Cayman Islands,Canada,Cuba,1583,1267,1,0,6,-6,1589,1261,57,149,2,-2,59,147,40,0,316
25814,Sep 10 2019,Friendly in the United States,Colombia,Venezuela,2015,1797,0,0,-6,6,2009,1803,6,19,0,1,6,20,20,0,218
25815,Sep 10 2019,CONCACAF Nations League B in the Dominican Republic,Dominican Republic,El Salvador,1188,1504,1,0,31,-31,1219,1473,149,96,6,-8,155,88,40,100,-216
25816,Sep 10 2019,Friendly in Ecuador,Ecuador,Bolivia,1730,1597,3,0,7,-7,1737,1590,36,59,0,-1,36,58,20,100,233
25817,Sep 10 2019,European Championship qual in England,England,Kosovo,1945,1568,5,3,4,-4,1949,1564,10,66,0,0,10,66,40,100,477
25818,Sep 10 2019,World Cup qualifier in Eswatini,Eswatini,Djibouti,1156,835,0,0,-17,17,1139,852,175,203,-3,1,172,204,40,100,421
25819,Sep 10 2019,European Championship qual in France,France,Andorra,2052,1062,3,0,0,0,2052,1062,3,182,0,1,3,183,20,0,990
25820,Sep 10 2019,World Cup & Asian Cup qual in Guam,Guam,Philippines,758,1116,1,4,-13,13,745,1129,216,175,-2,1,214,176,40,100,-258
25821,Sep 10 2019,World Cup qualifier in Guinea-Bissau,Guinea-Bissau,São Tomé and Príncipe,1297,1062,2,1,5,-5,1302,1057,133,186,3,-1,136,185,40,100,335
25822,Sep 10 2019,CONCACAF Nations League A in Haiti,Haiti,Curaçao,1563,1398,1,1,-13,13,1550,1411,66,99,1,2,67,101,40,100,265
25823,Sep 10 2019,Friendly in Honduras,Honduras,Chile,1587,1813,2,1,13,-13,1600,1800,53,22,3,-1,56,21,20,100,-126
25824,Sep 10 2019,World Cup & Asian Cup qual in Hong Kong,Hong Kong,Iran,1174,1797,0,2,-3,3,1171,1800,165,21,0,0,165,21,40,100,-523
25825,Sep 10 2019,World Cup & Asian Cup qual in Indonesia,Indonesia,Thailand,1193,1323,0,3,-32,32,1161,1355,176,108,-9,10,167,118,40,100,-30
25826,Sep 10 2019,Friendly in Ireland,Ireland,Bulgaria,1732,1575,3,1,6,-6,1738,1569,35,65,0,-1,35,64,20,100,257
25827,Sep 10 2019,Friendly in France,Ivory Coast,Tunisia,1629,1609,2,1,9,-9,1638,1600,48,56,2,0,50,56,20,0,20
25828,Sep 10 2019,Friendly in Jordan,Jordan,Paraguay,1514,1727,2,4,-10,10,1504,1737,82,35,-2,1,80,36,20,100,-113
25829,Sep 10 2019,World Cup & Asian Cup qual in Kuwait,Kuwait,Australia,1435,1673,0,3,-22,22,1413,1695,103,38,-3,5,100,43,40,100,-138
25830,Sep 10 2019,European Championship qual in Lithuania,Lithuania,Portugal,1316,2004,1,5,-2,2,1314,2006,131,7,0,0,131,7,30,100,-588
25831,Sep 10 2019,European Championship qual in Luxembourg,Luxembourg,Serbia,1354,1773,1,3,-8,8,1346,1781,128,25,-5,0,123,25,40,100,-319
25832,Sep 10 2019,World Cup qualifier in Malawi,Malawi,Botswana,1338,1307,1,0,13,-13,1351,1294,116,144,4,-5,120,139,40,100,131
25833,Sep 10 2019,World Cup & Asian Cup qual in Malaysia,Malaysia,United Arab Emirates,1154,1490,1,2,-8,8,1146,1498,172,80,-1,3,171,83,40,100,-236
25834,Sep 10 2019,World Cup & Asian Cup qual in the Maldives,Maldives,China,964,1487,0,5,-6,6,958,1493,197,84,-2,2,195,86,40,100,-423
25835,Sep 10 2019,European Championship qual in Moldova,Moldova,Turkey,1300,1760,0,4,-8,8,1292,1768,142,26,-2,0,140,26,40,100,-360
25836,Sep 10 2019,World Cup & Asian Cup qual in Mongolia,Mongolia,Tajikistan,733,1266,0,1,-3,3,730,1269,216,141,0,3,216,144,40,100,-433
25837,Sep 10 2019,European Championship qual in Montenegro,Montenegro,Czechia,1571,1713,0,3,-31,31,1540,1744,79,27,-7,6,72,33,40,100,-42
25838,Sep 10 2019,CONCACAF Nations League B in Montserrat,Montserrat,Saint Lucia,793,1095,1,1,10,-10,803,1085,209,182,0,-1,209,181,40,100,-202
25839,Sep 10 2019,Friendly in Morocco,Morocco,Niger,1689,1313,1,0,1,-1,1690,1312,44,134,0,-1,44,133,20,100,476
25840,Sep 10 2019,World Cup qualifier in Mozambique,Mozambique,Mauritius,1290,1090,2,0,9,-9,1299,1081,136,182,2,0,138,182,40,100,300
25841,Sep 10 2019,World Cup & Asian Cup qual in Myanmar,Myanmar,Japan,1020,1755,0,2,-2,2,1018,1757,188,26,0,1,188,27,40,100,-635
25842,Sep 10 2019,World Cup qualifier in Namibia,Namibia,Eritrea,1346,1066,2,0,6,-6,1352,1060,118,185,1,-1,119,184,40,100,380
25843,Sep 10 2019,Friendly in Oman,Oman,Lebanon,1511,1394,1,0,4,-4,1515,1390,79,109,0,-2,79,107,20,100,217
25844,Sep 10 2019,Friendly in the United States,Peru,Brazil,1862,2123,1,0,16,-16,1878,2107,17,1,0,0,17,1,20,0,-261
25845,Sep 10 2019,CONCACAF Nations League C in Puerto Rico,Puerto Rico,Guatemala,975,1491,0,5,-7,7,968,1498,190,81,1,2,191,83,40,100,-416
25846,Sep 10 2019,World Cup & Asian Cup qual in Qatar,Qatar,India,1733,1196,0,0,-19,19,1714,1215,44,156,-5,0,39,156,40,100,637
25847,Sep 10 2019,World Cup qualifier in Rwanda,Rwanda,Seychelles,1280,955,7,0,7,-7,1287,948,141,195,0,1,141,196,40,100,425
25848,Sep 10 2019,World Cup & Asian Cup qual in Bahrain,Saudi Arabia,Yemen,1490,1191,2,2,-14,14,1476,1205,88,155,-1,2,87,157,40,0,299
25849,Sep 10 2019,World Cup & Asian Cup qual in Singapore,Singapore,Palestine,1106,1457,2,1,32,-32,1138,1425,167,102,6,-5,173,97,40,100,-251
25850,Sep 10 2019,World Cup & Asian Cup qual in Sri Lanka,Sri Lanka,North Korea,675,1389,0,1,-1,1,674,1390,225,106,0,1,225,107,20,100,-614
25851,Sep 10 2019,World Cup qualifier in Sudan,Sudan,Chad,1275,1215,0,0,-9,9,1266,1224,150,150,-4,2,146,152,40,100,160
25852,Sep 10 2019,World Cup & Asian Cup qual in Taiwan,Taiwan,Nepal,994,885,0,2,-46,46,948,931,201,196,-5,2,196,198,40,100,209
25853,Sep 10 2019,World Cup qualifier in Togo,Togo,Comoros,1340,1131,2,0,9,-9,1349,1122,121,179,1,-2,122,177,40,100,309
25854,Sep 10 2019,World Cup & Asian Cup qual in Turkmenistan,Turkmenistan,South Korea,1231,1780,0,2,-4,4,1227,1784,152,24,-2,0,150,24,40,100,-449
25855,Sep 10 2019,CONCACAF Nations League C in Turks and Caicos Islands,Turks and Caicos Islands,Guadeloupe,761,1191,0,3,-9,9,752,1200,213,159,-1,0,212,159,40,100,-330
25856,Sep 10 2019,Friendly in Ukraine,Ukraine,Nigeria,1831,1683,2,2,-6,6,1825,1689,18,45,0,0,18,45,20,100,248
25857,Sep 10 2019,Friendly in the United States,United States,Uruguay,1724,1962,1,1,4,-4,1728,1958,38,8,0,0,38,8,20,100,-138
25858,Sep 10 2019,World Cup qualifier in Zimbabwe,Zimbabwe,Somalia,1392,878,3,1,2,-2,1394,876,106,201,0,0,106,201,30,0,514
25859,Sep 29 2019,Friendly in Bangladesh,Bangladesh,Bhutan,807,571,4,1,4,-4,811,567,208,231,0,0,208,231,20,100,336
25860,Sep 30 2019,Friendly in Botswana,Botswana,Liberia,1294,1343,0,0,-1,1,1293,1344,139,123,0,1,139,124,20,100,51
25861,Oct 2 2019,Friendly in the Dominican Republic,Dominican Republic,Cuba,1219,1261,0,0,-2,2,1217,1263,155,147,0,0,155,147,20,100,58
25862,Oct 2 2019,Friendly in Mexico,Mexico,Trinidad and Tobago,1882,1378,2,0,1,-1,1883,1377,15,113,0,0,15,113,20,100,604
25863,Oct 3 2019,Friendly in Bangladesh,Bangladesh,Bhutan,811,567,2,0,4,-4,815,563,208,233,0,-1,208,232,20,100,344
25864,Oct 4 2019,Friendly in Saint Lucia,Saint Lucia,Dominica,1085,1029,3,1,9,-9,1094,1020,179,187,1,0,180,187,20,100,156
25865,Oct 5 2019,Friendly in Jordan,Jordan,Singapore,1504,1138,0,0,-9,9,1495,1147,90,171,-5,1,85,172,20,100,466
25866,Oct 5 2019,Friendly in Malaysia,Malaysia,Sri Lanka,1146,674,6,0,2,-2,1148,672,171,225,0,0,171,225,20,100,572
25867,Oct 6 2019,Friendly in Saint Lucia,Saint Lucia,Dominica,1094,1020,1,4,-26,26,1068,1046,184,185,-2,1,182,186,20,100,174
25868,Oct 9 2019,Friendly in Bahrain,Bahrain,Azerbaijan,1498,1380,2,3,-16,16,1482,1396,90,98,-4,7,86,105,20,100,218
25869,Oct 9 2019,African Nations Cup qualifier in Djibouti,Djibouti,Gambia,852,1318,1,1,16,-16,868,1302,204,140,0,-5,204,135,40,100,-366
25870,Oct 9 2019,Friendly in Germany,Germany,Argentina,1951,1941,2,2,-3,3,1948,1944,11,11,-1,0,10,11,20,100,110
25871,Oct 9 2019,African Nations Cup qualifier in Liberia,Liberia,Chad,1344,1224,1,0,9,-9,1353,1215,114,158,5,-3,119,155,40,100,220
25872,Oct 9 2019,African Nations Cup qualifier in Mauritius,Mauritius,São Tomé and Príncipe,1081,1057,1,3,-40,40,1041,1097,193,175,-6,5,187,180,40,100,124
25873,Oct 9 2019,African Nations Cup qualifier in Sudan,South Sudan,Seychelles,1030,948,2,1,15,-15,1045,933,185,198,1,-1,186,197,40,0,82
25874,Oct 10 2019,Friendly in Algeria,Algeria,DR Congo,1709,1521,1,1,-7,7,1702,1528,40,75,0,1,40,76,20,100,288
25875,Oct 10 2019,World Cup & Asian Cup qual in Australia,Australia,Nepal,1695,931,5,0,1,-1,1696,930,43,198,0,0,43,198,30,0,764
25876,Oct 10 2019,European Championship qual in Austria,Austria,Israel,1746,1574,3,1,10,-10,1756,1564,30,69,1,-3,31,66,40,100,272
25877,Oct 10 2019,CONCACAF Nations League C in Saint Kitts and Nevis,Bahamas,British Virgin Islands,876,638,4,0,15,-15,891,623,201,230,0,-2,201,228,40,0,238
25878,Oct 10 2019,World Cup & Asian Cup qual in Bangladesh,Bangladesh,Qatar,815,1714,0,2,-1,1,814,1715,206,39,1,0,207,39,40,100,-799
25879,Oct 10 2019,European Championship qual in Belarus,Belarus,Estonia,1519,1433,0,0,-10,10,1509,1443,80,96,-1,0,79,96,40,100,186
25880,Oct 10 2019,European Championship qual in Belgium,Belgium,San Marino,2060,825,9,0,0,0,2060,825,2,205,0,1,2,206,20,0,1235
25881,Oct 10 2019,CONCACAF Nations League B in Belize,Belize,Saint Kitts and Nevis,1120,1221,0,4,-37,37,1083,1258,184,143,-3,5,181,148,40,100,-1
25882,Oct 10 2019,Friendly in Singapore,Brazil,Senegal,2107,1751,1,1,-8,8,2099,1759,1,27,0,1,1,28,20,0,356
25883,Oct 10 2019,Friendly in France,Cape Verde,Togo,1395,1349,2,1,9,-9,1404,1340,102,127,2,-2,104,125,20,0,46
25884,Oct 10 2019,World Cup & Asian Cup qual in China,China,Guam,1493,745,7,0,1,-1,1494,744,83,214,1,0,84,214,20,0,748
25885,Oct 10 2019,CONCACAF Nations League A in the Bahamas,Costa Rica,Haiti,1680,1550,1,1,-7,7,1673,1557,48,67,-1,0,47,67,40,0,130
25886,Oct 10 2019,European Championship qual in Croatia,Croatia,Hungary,1903,1638,3,0,8,-8,1911,1630,13,52,0,-1,13,51,40,100,365
25887,Oct 10 2019,CONCACAF Nations League B in French Guiana,French Guiana,Grenada,1313,1160,0,0,-12,12,1301,1172,141,162,-5,3,136,165,40,100,253
25888,Oct 10 2019,Friendly in France,Gabon,Burkina Faso,1409,1548,1,0,14,-14,1423,1534,100,80,1,-6,101,74,20,0,-139
25889,Oct 10 2019,World Cup & Asian Cup qual in Iran,Iran,Cambodia,1800,849,14,0,0,0,1800,849,21,205,0,0,21,205,20,0,951
25890,Oct 10 2019,World Cup & Asian Cup qual in Iraq,Iraq,Hong Kong,1568,1171,2,0,3,-3,1571,1168,61,167,2,-1,63,166,20,0,397
25891,Oct 10 2019,World Cup & Asian Cup qual in Japan,Japan,Mongolia,1757,730,6,0,0,0,1757,730,31,216,-2,0,29,216,20,0,1027
25892,Oct 10 2019,World Cup & Asian Cup qual in Jordan,Jordan,Kuwait,1495,1413,0,0,-10,10,1485,1423,86,102,-1,-1,85,101,40,100,182
25893,Oct 10 2019,European Championship qual in Kazakhstan,Kazakhstan,Cyprus,1390,1403,1,2,-25,25,1365,1428,124,91,-8,6,116,97,40,100,87
25894,Oct 10 2019,Friendly in Kosovo,Kosovo,Gibraltar,1564,1093,1,0,1,-1,1565,1092,64,179,1,1,65,180,20,0,471
25895,Oct 10 2019,World Cup & Asian Cup qual in Kyrgyzstan,Kyrgyzstan,Myanmar,1275,1018,7,0,10,-10,1285,1008,142,188,0,0,142,188,40,100,357
25896,Oct 10 2019,European Championship qual in Latvia,Latvia,Poland,1230,1756,0,3,-6,6,1224,1762,154,26,-3,1,151,27,40,100,-426
25897,Oct 10 2019,World Cup & Asian Cup qual in Lebanon,Lebanon,Turkmenistan,1390,1227,2,1,7,-7,1397,1220,104,156,2,-3,106,153,40,100,263
25898,Oct 10 2019,European Championship qual in the Netherlands,Netherlands,Northern Ireland,2022,1662,3,1,4,-4,2026,1658,5,50,0,-1,5,49,40,100,460
25899,Oct 10 2019,Friendly in Niger,Niger,Zambia,1312,1450,1,1,1,-1,1313,1449,130,94,1,0,131,94,20,100,-38
25900,Oct 10 2019,European Championship qual in North Macedonia,North Macedonia,Slovenia,1523,1626,2,1,20,-20,1543,1606,67,59,4,-3,71,56,40,100,-3
25901,Oct 10 2019,World Cup & Asian Cup qual in Oman,Oman,Afghanistan,1515,1138,3,0,4,-4,1519,1134,77,176,1,-1,78,175,20,0,377
25902,Oct 10 2019,European Championship qual in Russia,Russia,Scotland,1786,1635,4,0,14,-14,1800,1621,19,52,2,0,21,52,40,100,251
25903,Oct 10 2019,World Cup & Asian Cup qual in Saudi Arabia,Saudi Arabia,Singapore,1476,1147,3,0,5,-5,1481,1142,87,172,0,0,87,172,20,0,329
25904,Oct 10 2019,Friendly in Serbia,Serbia,Paraguay,1781,1737,1,0,6,-6,1787,1731,23,38,1,-1,24,37,20,100,144
25905,Oct 10 2019,European Championship qual in Slovakia,Slovakia,Wales,1750,1751,1,1,-6,6,1744,1757,33,29,-1,0,32,29,40,100,99
25906,Oct 10 2019,World Cup & Asian Cup qual in South Korea,South Korea,Sri Lanka,1784,672,8,0,0,0,1784,672,26,225,-1,0,25,225,20,0,1112
25907,Oct 10 2019,World Cup & Asian Cup qual in the United Arab Emirates,Syria,Maldives,1454,958,2,1,2,-2,1456,956,91,195,1,0,92,195,30,0,496
25908,Oct 10 2019,Friendly in Thailand,Thailand,Congo,1355,1375,1,1,-2,2,1353,1377,118,112,0,1,118,113,20,100,80
25909,Oct 10 2019,CONCACAF Nations League A in Trinidad and Tobago,Trinidad and Tobago,Honduras,1377,1600,0,2,-20,20,1357,1620,121,50,-4,3,117,53,40,100,-123
25910,Oct 10 2019,CONCACAF Nations League C in Curaçao,Turks and Caicos Islands,Sint Maarten,752,826,5,2,42,-42,794,784,206,214,3,-4,209,210,40,0,-74
25911,Oct 10 2019,World Cup & Asian Cup qual in the United Arab Emirates,United Arab Emirates,Indonesia,1498,1161,5,0,6,-6,1504,1155,78,169,2,-1,80,168,40,100,437
25912,Oct 10 2019,World Cup & Asian Cup qual in Uzbekistan,Uzbekistan,Yemen,1584,1205,5,0,5,-5,1589,1200,55,159,3,-1,58,158,40,100,479
25913,Oct 10 2019,Friendly in Venezuela,Venezuela,Bolivia,1803,1590,4,1,5,-5,1808,1585,20,64,0,-3,20,61,20,100,313
25914,Oct 10 2019,World Cup & Asian Cup qual in Vietnam,Vietnam,Malaysia,1373,1148,1,0,5,-5,1378,1143,109,171,3,0,112,171,40,100,325
25915,Oct 11 2019,European Championship qual in Andorra,Andorra,Moldova,1062,1292,1,0,27,-27,1089,1265,179,152,2,-6,181,146,40,100,-130
25916,Oct 11 2019,CONCACAF Nations League B in Antigua and Barbuda,Antigua and Barbuda,Guyana,1177,1181,2,1,15,-15,1192,1166,159,170,2,-4,161,166,30,0,-4
25917,Oct 11 2019,CONCACAF Nations League A in Bermuda,Bermuda,Mexico,1303,1883,1,5,-4,4,1299,1887,141,15,-4,0,137,15,40,100,-480
25918,Oct 11 2019,European Championship qual in Czechia,Czechia,England,1744,1949,2,1,26,-26,1770,1923,22,15,5,-3,27,12,40,100,-105
25919,Oct 11 2019,European Championship qual in Iceland,Iceland,France,1660,2052,0,1,-6,6,1654,2058,50,3,-1,0,49,3,40,100,-292
25920,Oct 11 2019,European Championship qual in Montenegro,Montenegro,Bulgaria,1540,1569,0,0,-4,4,1536,1573,72,62,0,1,72,63,40,100,71
25921,Oct 11 2019,Friendly in Morocco,Morocco,Libya,1690,1462,1,1,-7,7,1683,1469,46,89,-1,1,45,90,20,100,328
25922,Oct 11 2019,CONCACAF Nations League B in Nicaragua,Nicaragua,Dominica,1201,1046,3,1,11,-11,1212,1035,157,189,0,-2,157,187,40,100,255
25923,Oct 11 2019,European Championship qual in Portugal,Portugal,Luxembourg,2006,1346,3,0,1,-1,2007,1345,7,123,0,0,7,123,20,0,660
25924,Oct 11 2019,CONCACAF Nations League B in St Vincent & Grenadines,St Vincent & Grenadines,Suriname,1152,1322,2,2,4,-4,1156,1318,167,130,1,-1,168,129,40,100,-70
25925,Oct 11 2019,European Championship qual in Turkey,Turkey,Albania,1768,1540,1,0,5,-5,1773,1535,26,74,0,-1,26,73,40,100,328
25926,Oct 11 2019,European Championship qual in Ukraine,Ukraine,Lithuania,1825,1314,2,0,2,-2,1827,1312,18,132,0,-1,18,131,20,0,511
25927,Oct 11 2019,Friendly in Uruguay,Uruguay,Peru,1958,1878,1,0,5,-5,1963,1873,8,17,0,0,8,17,20,100,180
25928,Oct 11 2019,CONCACAF Nations League A in the United States,United States,Cuba,1728,1263,7,0,3,-3,1731,1260,36,147,1,0,37,147,20,0,465
25929,Oct 12 2019,CONCACAF Nations League C in Anguilla,Anguilla,Guatemala,562,1498,0,5,-1,1,561,1499,233,81,0,1,233,82,40,100,-836
25930,Oct 12 2019,CONCACAF Nations League C in Barbados,Barbados,US Virgin Islands,1112,747,1,0,3,-3,1115,744,178,213,0,0,178,213,30,0,365
25931,Oct 12 2019,European Championship qual in Bosnia and Herzegovina,Bosnia and Herzegovina,Finland,1700,1675,4,1,23,-23,1723,1652,37,52,2,-3,39,49,40,100,125
25932,Oct 12 2019,Friendly in Spain,Chile,Colombia,1800,2009,0,0,5,-5,1805,2004,21,8,0,-1,21,7,20,0,-209
25933,Oct 12 2019,Friendly in France,Comoros,Guinea,1122,1425,1,0,17,-17,1139,1408,171,108,3,-5,174,103,20,0,-303
25934,Oct 12 2019,European Championship qual in Denmark,Denmark,Switzerland,1879,1897,1,0,15,-15,1894,1882,12,18,2,-2,14,16,40,100,82
25935,Oct 12 2019,CONCACAF Nations League B in the Dominican Republic,Dominican Republic,Saint Lucia,1217,1068,3,0,13,-13,1230,1055,144,185,5,-1,149,184,40,100,249
25936,Oct 12 2019,European Championship qual in the Faroe Islands,Faroe Islands,Romania,1222,1741,0,3,-6,6,1216,1747,156,32,-2,1,154,33,40,100,-419
25937,Oct 12 2019,European Championship qual in Georgia,Georgia,Ireland,1546,1738,0,0,5,-5,1551,1733,67,37,1,-1,68,36,20,0,-192
25938,Oct 12 2019,European Championship qual in Italy,Italy,Greece,1941,1548,2,0,3,-3,1944,1545,9,70,1,-1,10,69,20,0,393
25939,Oct 12 2019,CONCACAF Nations League B in Jamaica,Jamaica,Aruba,1589,909,2,0,1,-1,1590,908,58,199,0,0,58,199,20,0,680
25940,Oct 12 2019,European Championship qual in Liechtenstein,Liechtenstein,Armenia,1137,1500,1,1,13,-13,1150,1487,168,86,3,-2,171,84,40,100,-263
25941,Oct 12 2019,European Championship qual in Malta,Malta,Sweden,1187,1819,0,4,-3,3,1184,1822,162,19,0,0,162,19,30,100,-532
25942,Oct 12 2019,CONCACAF Nations League B in Montserrat,Montserrat,El Salvador,803,1473,0,2,-2,2,801,1475,210,88,-1,0,209,88,30,100,-570
25943,Oct 12 2019,European Championship qual in Norway,Norway,Spain,1698,2039,1,1,12,-12,1710,2027,40,4,1,0,41,4,40,100,-241
25944,Oct 12 2019,CONCACAF Nations League C in Anguilla,Saint Martin,Cayman Islands,757,964,3,0,54,-54,811,910,204,204,4,-6,208,198,40,0,-207
25945,Oct 12 2019,Friendly in Tunisia,Tunisia,Cameroon,1600,1581,0,0,-3,3,1597,1584,57,62,0,0,57,62,20,100,119
25946,Oct 13 2019,Friendly in Spain,Argentina,Ecuador,1944,1737,6,1,9,-9,1953,1728,10,41,0,-3,10,38,20,0,207
25947,Oct 13 2019,European Championship qual in Belarus,Belarus,Netherlands,1509,2026,1,2,-3,3,1506,2029,79,3,0,1,79,4,40,100,-417
25948,Oct 13 2019,Friendly in Benin,Benin,Zambia,1463,1449,2,2,-3,3,1460,1452,91,94,0,0,91,94,20,100,114
25949,Oct 13 2019,CONCACAF Nations League C in Saint Kitts and Nevis,Bonaire,British Virgin Islands,959,623,4,3,5,-5,964,618,191,230,1,-1,192,229,40,0,336
25950,Oct 13 2019,Friendly in Singapore,Brazil,Nigeria,2099,1689,1,1,-8,8,2091,1697,1,42,0,1,1,43,20,0,410
25951,Oct 13 2019,African Nations Cup qualifier in Chad,Chad,Liberia,1215,1353,1,0,22,-22,1237,1331,141,134,7,-8,148,126,40,100,-38
25952,Oct 13 2019,CONCACAF Nations League A in Costa Rica,Costa Rica,Curaçao,1673,1411,0,0,-16,16,1657,1427,48,92,-1,5,47,97,40,100,362
25953,Oct 13 2019,European Championship qual in Cyprus,Cyprus,Russia,1428,1800,0,5,-14,14,1414,1814,107,18,-5,2,102,20,40,100,-272
25954,Oct 13 2019,Friendly in France,Equatorial Guinea,Togo,1325,1340,1,1,0,0,1325,1340,127,125,0,0,127,125,20,0,-15
25955,Oct 13 2019,European Championship qual in Estonia,Estonia,Germany,1443,1948,0,3,-6,6,1437,1954,96,9,0,0,96,9,40,100,-405
25956,Oct 13 2019,Friendly in Ethiopia,Ethiopia,Uganda,1267,1471,0,1,-7,7,1260,1478,148,87,-2,1,146,88,20,100,-104
25957,Oct 13 2019,African Nations Cup qualifier in The Gambia,Gambia,Djibouti,1302,868,1,1,-18,18,1284,886,147,200,-7,2,140,202,40,100,534
25958,Oct 13 2019,CONCACAF Nations League B in Grenada,Grenada,French Guiana,1172,1301,1,0,22,-22,1194,1279,158,147,3,-6,161,141,40,100,-29
25959,Oct 13 2019,CONCACAF Nations League A in Honduras,Honduras,Martinique,1620,1448,1,0,7,-7,1627,1441,51,95,1,0,52,95,40,100,272
25960,Oct 13 2019,European Championship qual in Hungary,Hungary,Azerbaijan,1630,1396,1,0,5,-5,1635,1391,51,109,0,-1,51,108,40,100,334
25961,Oct 13 2019,Friendly in France,Ivory Coast,DR Congo,1638,1528,3,1,10,-10,1648,1518,50,80,0,-2,50,78,20,0,110
25962,Oct 13 2019,European Championship qual in Kazakhstan,Kazakhstan,Belgium,1365,2060,0,2,-2,2,1363,2062,116,2,0,0,116,2,40,100,-595
25963,Oct 13 2019,Friendly in Kenya,Kenya,Mozambique,1387,1299,0,1,-15,15,1372,1314,116,123,-3,7,113,130,20,100,188
25964,Oct 13 2019,Friendly in Lesotho,Lesotho,Malawi,1301,1351,1,1,-1,1,1300,1352,133,117,1,2,134,119,20,100,50
25965,Oct 13 2019,Friendly in Niger,Niger,Central African Republic,1313,1334,0,2,-18,18,1295,1352,142,112,-6,7,136,119,20,100,79
25966,Oct 13 2019,European Championship qual in Poland,Poland,North Macedonia,1762,1543,2,0,8,-8,1770,1535,28,73,0,-1,28,72,40,100,319
25967,Oct 13 2019,African Nations Cup qualifier in São Tomé and Príncipe,São Tomé and Príncipe,Mauritius,1097,1041,2,1,12,-12,1109,1029,181,188,-1,-1,180,187,40,100,156
25968,Oct 13 2019,European Championship qual in Scotland,Scotland,San Marino,1621,825,6,0,0,0,1621,825,54,206,-1,0,53,206,20,0,796
25969,Oct 13 2019,African Nations Cup qualifier in the Seychelles,Seychelles,South Sudan,933,1045,0,1,-19,19,914,1064,198,181,-1,2,197,183,40,100,-12
25970,Oct 13 2019,Friendly in Slovakia,Slovakia,Paraguay,1744,1731,1,1,-3,3,1741,1734,34,33,0,2,34,35,20,100,113
25971,Oct 13 2019,European Championship qual in Slovenia,Slovenia,Austria,1606,1756,0,1,-17,17,1589,1773,60,20,-2,6,58,26,40,100,-50
25972,Oct 13 2019,Friendly tournament in South Africa,South Africa,Mali,1534,1545,2,1,11,-11,1545,1534,64,79,5,-5,69,74,30,100,89
25973,Oct 13 2019,CONCACAF Nations League B in Saint Kitts and Nevis,Saint Kitts and Nevis,Belize,1258,1083,0,1,-33,33,1225,1116,154,174,-3,4,151,178,40,100,275
25974,Oct 13 2019,European Championship qual in Wales,Wales,Croatia,1757,1911,1,1,3,-3,1760,1908,30,13,0,0,30,13,40,100,-54
25975,Oct 14 2019,European Championship qual in Bulgaria,Bulgaria,England,1573,1923,0,6,-16,16,1557,1939,69,12,-3,0,66,12,40,100,-250
25976,Oct 14 2019,Friendly in Czechia,Czechia,Northern Ireland,1770,1658,2,3,-15,15,1755,1673,36,46,-4,0,32,46,20,100,212
25977,Oct 14 2019,CONCACAF Nations League B in Dominica,Dominica,Nicaragua,1035,1212,0,4,-29,29,1006,1241,190,139,-2,9,188,148,40,100,-77
25978,Oct 14 2019,Friendly in Egypt,Egypt,Botswana,1611,1293,1,0,2,-2,1613,1291,55,135,0,1,55,136,20,100,418
25979,Oct 14 2019,European Championship qual in France,France,Turkey,2058,1773,1,1,-16,16,2042,1789,3,24,0,1,3,25,40,100,385
25980,Oct 14 2019,CONCACAF Nations League C in Curaçao,Guadeloupe,Sint Maarten,1200,784,2,1,3,-3,1203,781,158,211,0,0,158,211,30,0,416
25981,Oct 14 2019,CONCACAF Nations League B in Guyana,Guyana,Antigua and Barbuda,1166,1192,5,1,30,-30,1196,1162,154,172,6,-5,160,167,30,0,-26
25982,Oct 14 2019,European Championship qual in Iceland,Iceland,Andorra,1654,1089,2,0,1,-1,1655,1088,48,182,0,0,48,182,20,0,565
25983,Oct 14 2019,European Championship qual in Kosovo,Kosovo,Montenegro,1565,1536,2,0,19,-19,1584,1517,59,85,3,-7,62,78,40,100,129
25984,Oct 14 2019,European Championship qual in Lithuania,Lithuania,Serbia,1312,1787,1,2,-4,4,1308,1791,129,24,1,0,130,24,40,100,-375
25985,Oct 14 2019,European Championship qual in Moldova,Moldova,Albania,1265,1535,0,4,-20,20,1245,1555,149,64,-2,4,147,68,40,100,-170
25986,Oct 14 2019,Friendly in Rwanda,Rwanda,Tanzania,1287,1320,0,0,-2,2,1285,1322,136,128,1,0,137,128,20,100,67
25987,Oct 14 2019,CONCACAF Nations League B in Suriname,Suriname,St Vincent & Grenadines,1318,1156,0,1,-33,33,1285,1189,145,158,-8,5,137,163,40,100,262
25988,Oct 14 2019,European Championship qual in Ukraine,Ukraine,Portugal,1827,2007,2,1,25,-25,1852,1982,18,8,0,-1,18,7,40,100,-80
25989,Oct 14 2019,Friendly in Venezuela,Venezuela,Trinidad and Tobago,1808,1357,2,0,1,-1,1809,1356,21,117,0,0,21,117,20,100,551
25990,Oct 15 2019,Friendly in France,Algeria,Colombia,1702,2004,3,0,30,-30,1732,1974,30,8,6,-1,36,7,20,0,-302
25991,Oct 15 2019,CONCACAF Nations League C in Anguilla,Anguilla,Puerto Rico,561,968,2,3,-6,6,555,974,233,191,0,0,233,191,40,100,-307
25992,Oct 15 2019,World Cup & Asian Cup qual in Bahrain,Bahrain,Iran,1482,1800,1,0,31,-31,1513,1769,70,33,8,-5,78,28,40,100,-218
25993,Oct 15 2019,Friendly in Bermuda,Bermuda,Guatemala,1299,1499,0,0,3,-3,1302,1496,130,82,2,0,132,82,20,100,-100
25994,Oct 15 2019,Friendly in Bolivia,Bolivia,Haiti,1585,1557,3,1,10,-10,1595,1547,57,74,2,-4,59,70,20,100,128
25995,Oct 15 2019,World Cup & Asian Cup qual in Cambodia,Cambodia,Iraq,849,1571,0,4,-2,2,847,1573,205,64,0,0,205,64,30,100,-622
25996,Oct 15 2019,CONCACAF Nations League A in Canada,Canada,United States,1589,1731,2,0,34,-34,1623,1697,48,49,5,-6,53,43,40,100,-42
25997,Oct 15 2019,CONCACAF Nations League C in the Cayman Islands,Cayman Islands,Saint Martin,910,811,1,0,10,-10,920,801,196,210,1,-1,197,209,40,100,199
25998,Oct 15 2019,Friendly in Spain,Chile,Guinea,1805,1408,3,2,2,-2,1807,1406,22,103,0,0,22,103,20,0,397
25999,Oct 15 2019,Friendly in Denmark,Denmark,Luxembourg,1894,1345,4,0,1,-1,1895,1344,14,125,0,-1,14,124,20,100,649
26000,Oct 15 2019,CONCACAF Nations League B in the Dominican Republic,Dominican Republic,Montserrat,1230,801,0,0,-18,18,1212,819,162,207,-6,1,156,208,40,100,529
26001,Oct 15 2019,European Championship qual in the Faroe Islands,Faroe Islands,Malta,1216,1184,1,0,13,-13,1229,1171,146,166,5,-1,151,165,40,100,132
26002,Oct 15 2019,European Championship qual in Finland,Finland,Armenia,1652,1487,3,0,13,-13,1665,1474,43,94,3,-5,46,89,40,100,265
26003,Oct 15 2019,European Championship qual in Gibraltar,Gibraltar,Georgia,1092,1551,2,3,-4,4,1088,1555,181,67,0,1,181,68,40,100,-359
26004,Oct 15 2019,European Championship qual in Greece,Greece,Bosnia and Herzegovina,1545,1723,2,1,24,-24,1569,1699,60,43,5,-2,65,41,40,100,-78
26005,Oct 15 2019,World Cup & Asian Cup qual in India,India,Bangladesh,1215,814,1,1,-18,18,1197,832,161,205,-2,1,159,206,40,100,501
26006,Oct 15 2019,World Cup & Asian Cup qual in Indonesia,Indonesia,Vietnam,1155,1378,1,3,-20,20,1135,1398,181,105,-6,3,175,108,40,100,-123
26007,Oct 15 2019,European Championship qual in Israel,Israel,Latvia,1564,1224,3,1,4,-4,1568,1220,67,156,-1,-1,66,155,20,0,340
26008,Oct 15 2019,CONCACAF Nations League B in Curaçao,Jamaica,Aruba,1590,908,6,0,2,-2,1592,906,63,199,-3,0,60,199,40,0,682
26009,Oct 15 2019,World Cup & Asian Cup qual in Jordan,Jordan,Nepal,1485,930,3,0,2,-2,1487,928,81,196,2,0,83,196,30,0,555
26010,Oct 15 2019,Friendly in Kuwait,Kuwait,Turkmenistan,1423,1220,1,1,-7,7,1416,1227,102,149,-1,3,101,152,20,100,303
26011,Oct 15 2019,European Championship qual in Liechtenstein,Liechtenstein,Italy,1150,1944,0,5,-1,1,1149,1945,169,11,1,0,170,11,20,100,-694
26012,Oct 15 2019,Friendly in Mauritania,Mauritania,Libya,1344,1469,0,0,1,-1,1345,1468,122,90,1,0,123,90,20,100,-25
26013,Oct 15 2019,CONCACAF Nations League A in Mexico,Mexico,Panama,1887,1522,3,1,4,-4,1891,1518,17,75,-1,0,16,75,40,100,465
26014,Oct 15 2019,World Cup & Asian Cup qual in Mongolia,Mongolia,Kyrgyzstan,730,1285,1,2,-3,3,727,1288,216,137,0,0,216,137,40,100,-455
26015,Oct 15 2019,Friendly in Morocco,Morocco,Gabon,1683,1423,2,3,-18,18,1665,1441,47,90,-1,5,46,95,20,100,360
26016,Oct 15 2019,World Cup & Asian Cup qual in North Korea,North Korea,South Korea,1390,1784,0,0,14,-14,1404,1770,99,26,5,0,104,26,40,100,-294
26017,Oct 15 2019,World Cup & Asian Cup qual in Palestine,Palestine,Saudi Arabia,1425,1481,0,0,-3,3,1422,1484,102,81,-2,3,100,84,40,100,44
26018,Oct 15 2019,Friendly in Peru,Peru,Uruguay,1873,1963,1,1,0,0,1873,1963,17,8,0,0,17,8,20,100,10
26019,Oct 15 2019,World Cup & Asian Cup qual in the Philippines,Philippines,China,1129,1494,0,0,13,-13,1142,1481,167,89,5,-3,172,86,40,100,-265
26020,Oct 15 2019,World Cup & Asian Cup qual in Qatar,Qatar,Oman,1715,1519,2,1,6,-6,1721,1513,36,80,2,-2,38,78,40,100,296
26021,Oct 15 2019,European Championship qual in Romania,Romania,Norway,1747,1710,1,1,-8,8,1739,1718,35,39,-1,1,34,40,40,100,137
26022,Oct 15 2019,World Cup & Asian Cup qual in Singapore,Singapore,Uzbekistan,1142,1589,1,3,-7,7,1135,1596,177,58,-2,0,175,58,40,100,-347
26023,Oct 15 2019,World Cup & Asian Cup qual in Sri Lanka,Sri Lanka,Lebanon,672,1397,0,3,-2,2,670,1399,225,106,0,0,225,106,40,100,-625
26024,Oct 15 2019,CONCACAF Nations League B in Saint Lucia,Saint Lucia,El Salvador,1055,1475,0,2,-8,8,1047,1483,185,81,0,4,185,85,40,100,-320
26025,Oct 15 2019,European Championship qual in Sweden,Sweden,Spain,1822,2027,1,1,6,-6,1828,2021,19,5,0,0,19,5,40,100,-105
26026,Oct 15 2019,European Championship qual in Switzerland,Switzerland,Ireland,1882,1733,2,0,12,-12,1894,1721,14,40,1,-2,15,38,40,100,249
26027,Oct 15 2019,World Cup & Asian Cup qual in the United Arab Emirates,Syria,Guam,1456,744,4,0,1,-1,1457,743,92,213,0,0,92,213,20,0,712
26028,Oct 15 2019,World Cup & Asian Cup qual in Taiwan,Taiwan,Australia,948,1696,1,7,-2,2,946,1698,195,40,0,2,195,42,40,100,-648
26029,Oct 15 2019,World Cup & Asian Cup qual in Tajikistan,Tajikistan,Japan,1269,1757,0,3,-7,7,1262,1764,145,27,-1,2,144,29,40,100,-388
26030,Oct 15 2019,World Cup & Asian Cup qual in Thailand,Thailand,United Arab Emirates,1353,1504,2,1,23,-23,1376,1481,108,92,5,-6,113,86,40,100,-51
26031,Oct 15 2019,CONCACAF Nations League C in the US Virgin Islands,US Virgin Islands,Barbados,744,1115,0,4,-13,13,731,1128,217,177,-2,1,215,178,40,100,-271
26032,Nov 5 2019,Friendly in Malaysia,Malaysia,Maldives,1143,956,2,1,3,-3,1146,953,171,194,0,0,171,194,20,100,287
26033,Nov 7 2019,Friendly in Egypt,Egypt,Liberia,1613,1331,1,0,2,-2,1615,1329,54,126,1,0,55,126,20,100,382
26034,Nov 7 2019,Friendly in Myanmar,Myanmar,Nepal,1008,928,3,0,9,-9,1017,919,187,198,0,-1,187,197,20,100,180
26035,Nov 7 2019,Friendly in Nicaragua,Nicaragua,Cuba,1241,1260,0,0,-2,2,1239,1262,148,143,0,1,148,144,20,100,81
26036,Nov 9 2019,Friendly in Malaysia,Malaysia,Tajikistan,1146,1262,1,0,10,-10,1156,1252,167,148,2,-2,169,146,20,100,-16
26037,Nov 9 2019,Friendly in Namibia,Namibia,Zambia,1352,1452,0,2,-15,15,1337,1467,131,88,-6,3,125,91,20,100,0
26038,Nov 9 2019,Friendly in Uzbekistan,Uzbekistan,Kyrgyzstan,1596,1288,3,1,3,-3,1599,1285,56,137,1,0,57,137,20,100,408
26039,Nov 10 2019,Friendly in Nicaragua,Nicaragua,Cuba,1239,1262,0,1,-12,12,1227,1274,154,140,-3,2,151,142,20,100,77
26040,Nov 10 2019,Friendly in Trinidad and Tobago,Trinidad and Tobago,Anguilla,1356,555,15,0,0,0,1356,555,118,233,0,0,118,233,20,100,901
26041,Nov 13 2019,African Nations Cup qualifier in Angola,Angola,Gambia,1399,1284,1,3,-47,47,1352,1331,134,112,-14,14,120,126,40,100,215
26042,Nov 13 2019,African Nations Cup qualifier in Burkina Faso,Burkina Faso,Uganda,1534,1478,0,0,-8,8,1526,1486,75,80,-1,4,74,84,40,100,156
26043,Nov 13 2019,African Nations Cup qualifier in Cameroon,Cameroon,Cape Verde,1584,1404,0,0,-13,13,1571,1417,66,98,-2,3,64,101,40,100,280
26044,Nov 13 2019,African Nations Cup qualifier in Central African Republic,Central African Republic,Burundi,1352,1305,2,0,18,-18,1370,1287,111,143,4,-6,115,137,40,100,147
26045,Nov 13 2019,African Nations Cup qualifier in Guinea-Bissau,Guinea-Bissau,Eswatini,1302,1139,3,0,13,-13,1315,1126,128,183,2,-5,130,178,40,100,263
26046,Nov 13 2019,African Nations Cup qualifier in Malawi,Malawi,South Sudan,1352,1064,1,0,4,-4,1356,1060,117,183,1,0,118,183,40,100,388
26047,Nov 13 2019,African Nations Cup qualifier in Namibia,Namibia,Chad,1337,1237,2,1,10,-10,1347,1227,117,152,4,-2,121,150,40,100,200
26048,Nov 13 2019,African Nations Cup qualifier in Nigeria,Nigeria,Benin,1697,1460,2,1,5,-5,1702,1455,39,96,2,-2,41,94,40,100,337
26049,Nov 13 2019,African Nations Cup qualifier in Senegal,Senegal,Congo,1759,1377,2,0,4,-4,1763,1373,29,112,1,0,30,112,30,0,382
26050,Nov 13 2019,African Nations Cup qualifier in Sierra Leone,Sierra Leone,Lesotho,1351,1300,1,1,-8,8,1343,1308,127,130,-3,2,124,132,40,100,151
26051,Nov 13 2019,African Nations Cup qualifier in Sudan,Sudan,São Tomé and Príncipe,1266,1109,4,0,14,-14,1280,1095,138,180,3,0,141,180,40,100,257
26052,Nov 14 2019,World Cup & Asian Cup qual in Tajikistan,Afghanistan,India,1134,1197,1,1,4,-4,1138,1193,174,165,1,-3,175,162,40,0,-63
26053,Nov 14 2019,European Championship qual in Albania,Albania,Andorra,1555,1088,2,2,-19,19,1536,1107,72,179,-2,1,70,180,40,100,567
26054,Nov 14 2019,African Nations Cup qualifier in Algeria,Algeria,Zambia,1732,1467,5,0,9,-9,1741,1458,30,93,3,-1,33,92,40,100,365
26055,Nov 14 2019,CONCACAF Nations League C in the Bahamas,Bahamas,British Virgin Islands,891,618,3,0,7,-7,898,611,201,229,0,0,201,229,40,100,373
26056,Nov 14 2019,CONCACAF Nations League B in Belize,Belize,French Guiana,1116,1279,2,0,35,-35,1151,1244,165,152,7,-5,172,147,40,100,-63
26057,Nov 14 2019,Friendly in Bulgaria,Bulgaria,Paraguay,1557,1734,0,1,-8,8,1549,1742,69,29,-1,3,68,32,20,100,-77
26058,Nov 14 2019,Friendly in Cambodia,Cambodia,Mongolia,847,727,1,1,-6,6,841,733,205,214,0,1,205,215,20,100,220
26059,Nov 14 2019,CONCACAF Nations League A in Curaçao,Curaçao,Costa Rica,1427,1657,1,2,-13,13,1414,1670,108,44,-5,2,103,46,40,100,-130
26060,Nov 14 2019,European Championship qual in Czechia,Czechia,Kosovo,1755,1584,2,1,7,-7,1762,1577,26,62,3,0,29,62,40,100,271
26061,Nov 14 2019,African Nations Cup qualifier in the Dem Rep of the Congo,DR Congo,Gabon,1518,1441,0,0,-9,9,1509,1450,83,95,-4,0,79,95,40,100,177
26062,Nov 14 2019,Friendly in Ecuador,Ecuador,Trinidad and Tobago,1728,1356,3,0,2,-2,1730,1354,37,118,0,0,37,118,20,100,472
26063,Nov 14 2019,African Nations Cup qualifier in Egypt,Egypt,Kenya,1615,1372,1,1,-15,15,1600,1387,59,105,-2,4,57,109,40,100,343
26064,Nov 14 2019,European Championship qual in England,England,Montenegro,1939,1517,7,0,4,-4,1943,1513,12,79,0,-1,12,78,20,0,422
26065,Nov 14 2019,European Championship qual in France,France,Moldova,2042,1245,2,1,0,0,2042,1245,3,145,0,1,3,146,20,0,797
26066,Nov 14 2019,African Nations Cup qualifier in Ghana,Ghana,South Africa,1614,1545,2,0,16,-16,1630,1529,48,73,4,-1,52,72,40,100,169
26067,Nov 14 2019,World Cup & Asian Cup qual in Hong Kong,Hong Kong,Bahrain,1168,1513,0,0,12,-12,1180,1501,164,84,1,-3,165,81,40,100,-245
26068,Nov 14 2019,World Cup & Asian Cup qual in Jordan,Iraq,Iran,1573,1769,2,1,30,-30,1603,1739,49,42,7,-7,56,35,40,0,-196
26069,Nov 14 2019,Friendly in Ireland,Ireland,New Zealand,1721,1503,3,1,4,-4,1725,1499,38,83,0,-1,38,82,20,100,318
26070,Nov 14 2019,World Cup & Asian Cup qual in Jordan,Jordan,Australia,1487,1698,0,1,-14,14,1473,1712,93,39,-5,2,88,41,40,100,-111
26071,Nov 14 2019,World Cup & Asian Cup qual in Kuwait,Kuwait,Taiwan,1416,946,9,0,4,-4,1420,942,96,193,3,1,99,194,40,100,570
26072,Nov 14 2019,World Cup & Asian Cup qual in Kyrgyzstan,Kyrgyzstan,Japan,1285,1764,0,2,-6,6,1279,1770,142,23,-2,3,140,26,40,100,-379
26073,Nov 14 2019,World Cup & Asian Cup qual in Lebanon,Lebanon,South Korea,1399,1770,0,0,13,-13,1412,1757,104,36,1,-5,105,31,40,100,-271
26074,Nov 14 2019,World Cup & Asian Cup qual in Malaysia,Malaysia,Thailand,1156,1376,2,1,27,-27,1183,1349,159,129,5,-9,164,120,40,100,-120
26075,Nov 14 2019,World Cup & Asian Cup qual in the Maldives,Maldives,Philippines,953,1142,1,2,-15,15,938,1157,196,170,-1,1,195,171,40,100,-89
26076,Nov 14 2019,African Nations Cup qualifier in Mali,Mali,Guinea,1534,1406,2,2,-12,12,1522,1418,75,96,-1,4,74,100,40,100,228
26077,Nov 14 2019,CONCACAF Nations League A in Martinique,Martinique,Honduras,1441,1627,1,1,5,-5,1446,1622,97,56,-1,-2,96,54,20,0,-186
26078,Nov 14 2019,African Nations Cup qualifier in Mozambique,Mozambique,Rwanda,1314,1285,2,0,19,-19,1333,1266,119,148,6,-5,125,143,40,100,129
26079,Nov 14 2019,World Cup & Asian Cup qual in Myanmar,Myanmar,Tajikistan,1017,1252,4,3,27,-27,1044,1225,185,160,1,-7,186,153,40,100,-135
26080,Nov 14 2019,World Cup & Asian Cup qual in Oman,Oman,Bangladesh,1513,832,4,1,1,-1,1514,831,76,206,1,0,77,206,20,0,681
26081,Nov 14 2019,European Championship qual in Portugal,Portugal,Lithuania,1982,1308,6,0,1,-1,1983,1307,6,132,0,0,6,132,20,0,674
26082,Nov 14 2019,Friendly in Qatar,Qatar,Singapore,1721,1135,2,0,1,-1,1722,1134,40,180,-1,-3,39,177,20,0,586
26083,Nov 14 2019,European Championship qual in Serbia,Serbia,Luxembourg,1791,1344,3,2,2,-2,1793,1342,23,125,0,-1,23,124,30,0,447
26084,Nov 14 2019,CONCACAF Nations League B in Saint Kitts and Nevis,Saint Kitts and Nevis,Grenada,1225,1194,0,0,-7,7,1218,1201,159,156,-3,3,156,159,40,100,131
26085,Nov 14 2019,World Cup & Asian Cup qual in the United Arab Emirates,Syria,China,1457,1481,2,1,21,-21,1478,1460,80,95,6,-4,86,91,40,0,-24
26086,Nov 14 2019,African Nations Cup qualifier in Togo,Togo,Comoros,1340,1139,0,1,-34,34,1306,1173,141,161,-8,6,133,167,40,100,301
26087,Nov 14 2019,European Championship qual in Turkey,Turkey,Iceland,1789,1655,0,0,-12,12,1777,1667,24,45,0,2,24,47,40,100,234
26088,Nov 14 2019,World Cup & Asian Cup qual in Turkmenistan,Turkmenistan,North Korea,1227,1404,3,1,37,-37,1264,1367,138,125,6,-10,144,115,40,100,-77
26089,Nov 14 2019,CONCACAF Nations League C in Turks and Caicos Islands,Turks and Caicos Islands,Sint Maarten,794,781,3,2,14,-14,808,767,208,213,1,-1,209,212,30,0,13
26090,Nov 14 2019,Friendly in Ukraine,Ukraine,Estonia,1852,1437,1,0,1,-1,1853,1436,18,97,0,0,18,97,20,100,515
26091,Nov 14 2019,World Cup & Asian Cup qual in Uzbekistan,Uzbekistan,Saudi Arabia,1599,1484,2,3,-31,31,1568,1515,73,67,-8,9,65,76,40,100,215
26092,Nov 14 2019,World Cup & Asian Cup qual in Vietnam,Vietnam,United Arab Emirates,1398,1481,1,0,19,-19,1417,1462,95,93,6,-3,101,90,30,0,-83
26093,Nov 14 2019,World Cup & Asian Cup qual in Bahrain,Yemen,Palestine,1200,1422,1,0,31,-31,1231,1391,138,114,10,-7,148,107,40,0,-222
26094,Nov 15 2019,CONCACAF Nations League B in Antigua and Barbuda,Antigua and Barbuda,Jamaica,1162,1592,0,2,-8,8,1154,1600,173,56,-2,2,171,58,40,100,-330
26095,Nov 15 2019,Friendly in Saudi Arabia,Argentina,Brazil,1953,2091,1,0,14,-14,1967,2077,6,1,2,0,8,1,20,0,-138
26096,Nov 15 2019,European Championship qual in Armenia,Armenia,Greece,1474,1569,0,1,-20,20,1454,1589,99,58,-6,3,93,61,40,100,5
26097,Nov 15 2019,European Championship qual in Bosnia and Herzegovina,Bosnia and Herzegovina,Italy,1699,1945,0,3,-21,21,1678,1966,45,9,-1,1,44,10,40,100,-146
26098,Nov 15 2019,Friendly in the United States,Colombia,Peru,1974,1873,1,0,7,-7,1981,1866,7,17,0,0,7,17,20,0,101
26099,Nov 15 2019,European Championship qual in Denmark,Denmark,Gibraltar,1895,1088,6,0,0,0,1895,1088,18,182,-2,0,16,182,20,0,807
26100,Nov 15 2019,European Championship qual in Finland,Finland,Liechtenstein,1665,1149,3,0,2,-2,1667,1147,46,174,1,0,47,174,20,0,516
26101,Nov 15 2019,CONCACAF Nations League B in Guyana,Guyana,Aruba,1196,906,4,2,6,-6,1202,900,160,201,0,-1,160,200,40,100,390
26102,Nov 15 2019,Friendly in Hungary,Hungary,Uruguay,1635,1963,1,2,-4,4,1631,1967,51,8,0,0,51,8,20,100,-228
26103,Nov 15 2019,African Nations Cup qualifier in Morocco,Morocco,Mauritania,1665,1345,0,0,-17,17,1648,1362,50,112,-1,5,49,117,40,100,420
26104,Nov 15 2019,European Championship qual in Norway,Norway,Faroe Islands,1718,1229,4,0,2,-2,1720,1227,38,150,1,0,39,150,20,0,489
26105,Nov 15 2019,CONCACAF Nations League A in Panama,Panama,Mexico,1518,1891,0,3,-12,12,1506,1903,83,12,-4,2,79,14,40,100,-273
26106,Nov 15 2019,European Championship qual in Romania,Romania,Sweden,1739,1828,0,2,-31,31,1708,1859,49,17,-7,1,42,18,40,100,11
26107,Nov 15 2019,European Championship qual in Spain,Spain,Malta,2021,1171,7,0,0,0,2021,1171,5,168,0,0,5,168,20,0,850
26108,Nov 15 2019,CONCACAF Nations League B in St Vincent & Grenadines,St Vincent & Grenadines,Nicaragua,1189,1227,1,0,16,-16,1205,1211,153,163,5,-6,158,157,40,100,62
26109,Nov 15 2019,CONCACAF Nations League B in Suriname,Suriname,Dominica,1285,1006,4,0,8,-8,1293,998,136,190,1,-1,137,189,40,100,379
26110,Nov 15 2019,European Championship qual in Switzerland,Switzerland,Georgia,1894,1555,1,0,3,-3,1897,1552,15,67,0,0,15,67,40,100,439
26111,Nov 15 2019,African Nations Cup qualifier in Tanzania,Tanzania,Equatorial Guinea,1322,1325,2,1,15,-15,1337,1310,121,132,4,-2,125,130,30,0,-3
26112,Nov 15 2019,African Nations Cup qualifier in Tunisia,Tunisia,Libya,1597,1468,4,1,15,-15,1612,1453,52,99,3,-5,55,94,40,100,229
26113,Nov 15 2019,CONCACAF Nations League A in the United States,United States,Canada,1697,1623,4,1,19,-19,1716,1604,36,59,4,-3,40,56,40,100,174
26114,Nov 15 2019,African Nations Cup qualifier in Zimbabwe,Zimbabwe,Botswana,1394,1291,0,0,-11,11,1383,1302,114,132,-4,2,110,134,40,100,203
26115,Nov 16 2019,European Championship qual in Austria,Austria,North Macedonia,1773,1535,2,1,5,-5,1778,1530,25,71,0,0,25,71,40,100,338
26116,Nov 16 2019,European Championship qual in Azerbaijan,Azerbaijan,Wales,1391,1760,0,2,-11,11,1380,1771,114,24,-4,3,110,27,40,100,-269
26117,Nov 16 2019,CONCACAF Nations League C in the Cayman Islands,Cayman Islands,US Virgin Islands,920,731,1,0,6,-6,926,725,196,216,0,0,196,216,40,100,289
26118,Nov 16 2019,European Championship qual in Croatia,Croatia,Slovakia,1908,1741,3,1,11,-11,1919,1730,13,37,0,-2,13,35,40,100,267
26119,Nov 16 2019,European Championship qual in Cyprus,Cyprus,Scotland,1414,1621,1,2,-14,14,1400,1635,107,48,-2,3,105,51,40,100,-107
26120,Nov 16 2019,CONCACAF Nations League B in El Salvador,El Salvador,Montserrat,1483,819,1,0,0,0,1483,819,85,210,0,-1,85,209,20,0,664
26121,Nov 16 2019,European Championship qual in Germany,Germany,Belarus,1954,1506,4,0,3,-3,1957,1503,11,81,0,-1,11,80,20,0,448
26122,Nov 16 2019,CONCACAF Nations League C in Guatemala,Guatemala,Puerto Rico,1496,974,5,0,2,-2,1498,972,83,191,0,0,83,191,20,0,522
26123,Nov 16 2019,European Championship qual in Israel,Israel,Poland,1568,1770,1,2,-14,14,1554,1784,67,22,-1,2,66,24,40,100,-102
26124,Nov 16 2019,African Nations Cup qualifier in Ivory Coast,Ivory Coast,Niger,1648,1295,1,0,3,-3,1651,1292,49,138,0,-1,49,137,30,0,353
26125,Nov 16 2019,African Nations Cup qualifier in Madagascar,Madagascar,Ethiopia,1386,1260,1,0,9,-9,1395,1251,103,145,3,0,106,145,40,100,226
26126,Nov 16 2019,European Championship qual in Northern Ireland,Northern Ireland,Netherlands,1673,2029,0,0,13,-13,1686,2016,43,6,1,-1,44,5,40,100,-256
26127,Nov 16 2019,European Championship qual in Russia,Russia,Belgium,1814,2062,1,4,-21,21,1793,2083,24,0,-2,1,22,1,40,100,-148
26128,Nov 16 2019,European Championship qual in San Marino,San Marino,Kazakhstan,825,1363,1,3,-4,4,821,1367,209,114,-1,1,208,115,40,100,-438
26129,Nov 16 2019,European Championship qual in Slovenia,Slovenia,Latvia,1589,1220,1,0,3,-3,1592,1217,61,156,0,-1,61,155,30,0,369
26130,Nov 16 2019,CONCACAF Nations League B in Saint Lucia,Saint Lucia,Dominican Republic,1047,1212,1,0,24,-24,1071,1188,181,170,2,-7,183,163,40,100,-65
26131,Nov 16 2019,CONCACAF Nations League C in Anguilla,Saint Martin,Barbados,801,1128,1,0,35,-35,836,1093,202,184,4,-3,206,181,40,0,-327
26132,Nov 17 2019,European Championship qual in Albania,Albania,France,1536,2042,0,2,-5,5,1531,2047,74,3,-2,0,72,3,40,100,-406
26133,Nov 17 2019,European Championship qual in Andorra,Andorra,Turkey,1107,1777,0,2,-2,2,1105,1779,179,24,0,1,179,25,30,100,-570
26134,Nov 17 2019,CONCACAF Nations League C in Curaçao,Bahamas,Bonaire,898,964,1,1,4,-4,902,960,199,194,1,-1,200,193,40,0,-66
26135,Nov 17 2019,African Nations Cup qualifier in Benin,Benin,Sierra Leone,1455,1343,1,0,9,-9,1464,1334,84,125,4,-1,88,124,40,100,212
26136,Nov 17 2019,European Championship qual in Bulgaria,Bulgaria,Czechia,1549,1762,1,0,26,-26,1575,1736,60,38,4,-4,64,34,40,100,-113
26137,Nov 17 2019,African Nations Cup qualifier in Sudan,Burkina Faso,South Sudan,1526,1060,2,1,3,-3,1529,1057,75,186,-1,-1,74,185,40,0,466
26138,Nov 17 2019,African Nations Cup qualifier in Chad,Chad,Mali,1227,1522,0,2,-15,15,1212,1537,160,66,-5,4,155,70,40,100,-195
26139,Nov 17 2019,African Nations Cup qualifier in Congo,Congo,Guinea-Bissau,1373,1315,3,0,20,-20,1393,1295,103,141,4,-6,107,135,40,100,158
26140,Nov 17 2019,CONCACAF Nations League A in Costa Rica,Costa Rica,Haiti,1670,1547,1,1,-11,11,1659,1558,50,65,-2,2,48,67,40,100,223
26141,Nov 17 2019,African Nations Cup qualifier in Eswatini,Eswatini,Senegal,1126,1763,1,4,-3,3,1123,1766,178,29,0,0,178,29,40,100,-537
26142,Nov 17 2019,CONCACAF Nations League B in French Guiana,French Guiana,Saint Kitts and Nevis,1244,1218,3,1,20,-20,1264,1198,139,166,4,-6,143,160,40,100,126
26143,Nov 17 2019,African Nations Cup qualifier in Gabon,Gabon,Angola,1450,1352,2,1,10,-10,1460,1342,85,122,5,-1,90,121,40,100,198
26144,Nov 17 2019,CONCACAF Nations League B in Grenada,Grenada,Belize,1201,1151,3,2,12,-12,1213,1139,148,176,6,-2,154,174,40,100,150
26145,Nov 17 2019,CONCACAF Nations League C in Guadeloupe,Guadeloupe,Turks and Caicos Islands,1203,808,10,0,6,-6,1209,802,156,210,1,0,157,210,40,100,495
26146,Nov 17 2019,African Nations Cup qualifier in Guinea,Guinea,Namibia,1418,1347,2,0,16,-16,1434,1331,96,130,2,-4,98,126,40,100,171
26147,Nov 17 2019,CONCACAF Nations League A in Honduras,Honduras,Trinidad and Tobago,1622,1354,4,0,8,-8,1630,1346,52,119,1,0,53,119,40,100,368
26148,Nov 17 2019,European Championship qual in Kosovo,Kosovo,England,1577,1943,0,4,-13,13,1564,1956,69,12,-3,0,66,12,40,100,-266
26149,Nov 17 2019,African Nations Cup qualifier in Lesotho,Lesotho,Nigeria,1308,1702,2,4,-9,9,1299,1711,137,41,-3,1,134,42,40,100,-294
26150,Nov 17 2019,Friendly in Lithuania,Lithuania,New Zealand,1307,1499,1,0,13,-13,1320,1486,126,86,3,-2,129,84,20,100,-92
26151,Nov 17 2019,European Championship qual in Luxembourg,Luxembourg,Portugal,1342,1983,0,2,-3,3,1339,1986,120,6,2,0,122,6,40,100,-541
26152,Nov 17 2019,European Championship qual in Moldova,Moldova,Iceland,1245,1667,1,2,-5,5,1240,1672,148,45,-1,1,147,46,40,100,-322
26153,Nov 17 2019,African Nations Cup qualifier in Rwanda,Rwanda,Cameroon,1266,1571,0,1,-9,9,1257,1580,147,62,-2,1,145,63,40,100,-205
26154,Nov 17 2019,European Championship qual in Serbia,Serbia,Ukraine,1793,1853,2,2,-2,2,1791,1855,24,19,-1,0,23,19,30,100,40
26155,Nov 17 2019,African Nations Cup qualifier in South Africa,South Africa,Sudan,1529,1280,1,0,5,-5,1534,1275,70,141,1,-1,71,140,40,100,349
26156,Nov 17 2019,African Nations Cup qualifier in Uganda,Uganda,Malawi,1486,1356,2,0,13,-13,1499,1343,80,122,2,-2,82,120,40,100,230
26157,Nov 18 2019,CONCACAF Nations League B in Curaçao,Antigua and Barbuda,Aruba,1154,900,3,2,8,-8,1162,892,167,201,2,0,169,201,40,0,254
26158,Nov 18 2019,Friendly in Israel,Argentina,Uruguay,1967,1967,2,2,0,0,1967,1967,10,10,-1,-1,9,9,20,0,0
26159,Nov 18 2019,African Nations Cup qualifier in Botswana,Botswana,Algeria,1302,1741,0,1,-5,5,1297,1746,138,30,-3,1,135,31,40,100,-339
26160,Nov 18 2019,African Nations Cup qualifier in Cape Verde,Cape Verde,Mozambique,1417,1333,2,2,-10,10,1407,1343,107,115,-3,5,104,120,40,100,184
26161,Nov 18 2019,African Nations Cup qualifier in the Comoros,Comoros,Egypt,1173,1600,0,0,15,-15,1188,1585,157,64,5,-3,162,61,40,100,-327
26162,Nov 18 2019,CONCACAF Nations League B in Dominica,Dominica,St Vincent & Grenadines,998,1205,1,0,26,-26,1024,1179,187,174,1,-8,188,166,40,100,-107
26163,Nov 18 2019,African Nations Cup qualifier in The Gambia,Gambia,DR Congo,1331,1509,2,2,4,-4,1335,1505,124,80,1,-1,125,79,40,100,-78
26164,Nov 18 2019,European Championship qual in Gibraltar,Gibraltar,Switzerland,1088,1897,1,6,-1,1,1087,1898,182,15,0,0,182,15,20,100,-709
26165,Nov 18 2019,European Championship qual in Greece,Greece,Finland,1589,1667,2,1,19,-19,1608,1648,50,51,6,-2,56,49,40,100,22
26166,Nov 18 2019,European Championship qual in Ireland,Ireland,Denmark,1725,1895,1,1,4,-4,1729,1891,37,16,0,0,37,16,40,100,-70
26167,Nov 18 2019,European Championship qual in Italy,Italy,Armenia,1966,1454,9,1,3,-3,1969,1451,6,96,2,-1,8,95,40,100,612
26168,Nov 18 2019,CONCACAF Nations League B in Jamaica,Jamaica,Guyana,1600,1202,1,1,-18,18,1582,1220,66,147,-4,6,62,153,40,100,498
26169,Nov 18 2019,African Nations Cup qualifier in Kenya,Kenya,Togo,1387,1306,1,1,-10,10,1377,1316,113,129,-2,1,111,130,40,100,181
26170,Nov 18 2019,European Championship qual in Liechtenstein,Liechtenstein,Bosnia and Herzegovina,1147,1678,0,3,-5,5,1142,1683,173,45,0,0,173,45,40,100,-431
26171,Nov 18 2019,European Championship qual in Malta,Malta,Norway,1171,1720,1,2,-3,3,1168,1723,168,37,0,1,168,38,40,100,-449
26172,Nov 18 2019,CONCACAF Nations League B in Nicaragua,Nicaragua,Suriname,1211,1293,1,2,-21,21,1190,1314,166,126,-5,5,161,131,40,100,18
26173,Nov 18 2019,African Nations Cup qualifier in São Tomé and Príncipe,São Tomé and Príncipe,Ghana,1095,1630,0,1,-3,3,1092,1633,182,51,-1,1,181,52,40,100,-435
26174,Nov 18 2019,European Championship qual in Spain,Spain,Romania,2021,1708,5,0,7,-7,2028,1701,4,43,0,0,4,43,40,100,413
26175,Nov 18 2019,European Championship qual in Sweden,Sweden,Faroe Islands,1859,1227,3,0,1,-1,1860,1226,18,150,0,0,18,150,20,0,632
26176,Nov 19 2019,World Cup & Asian Cup qual in Jordan,Bahrain,Iraq,1501,1603,0,0,6,-6,1507,1597,75,58,3,0,78,58,40,0,-102
26177,Nov 19 2019,CONCACAF Nations League C in Barbados,Barbados,Cayman Islands,1093,926,3,0,12,-12,1105,914,178,198,1,-1,179,197,40,100,267
26178,Nov 19 2019,European Championship qual in Belgium,Belgium,Cyprus,2083,1400,6,1,1,-1,2084,1399,1,109,0,-2,1,107,20,0,683
26179,Nov 19 2019,Friendly in the United Arab Emirates,Brazil,South Korea,2077,1757,3,0,5,-5,2082,1752,2,26,0,2,2,28,20,0,320
26180,Nov 19 2019,African Nations Cup qualifier in Burundi,Burundi,Morocco,1287,1648,0,3,-13,13,1274,1661,140,45,-1,2,139,47,40,100,-261
26181,Nov 19 2019,Friendly in the United States,Colombia,Ecuador,1981,1730,1,0,4,-4,1985,1726,7,39,0,-2,7,37,20,0,251
26182,Nov 19 2019,Friendly in Croatia,Croatia,Georgia,1919,1552,2,1,1,-1,1920,1551,13,67,0,1,13,68,20,100,467
26183,Nov 19 2019,CONCACAF Nations League B in El Salvador,El Salvador,Dominican Republic,1483,1188,2,0,6,-6,1489,1182,83,168,1,-3,84,165,40,100,395
26184,Nov 19 2019,African Nations Cup qualifier in Equatorial Guinea,Equatorial Guinea,Tunisia,1310,1612,0,1,-10,10,1300,1622,134,51,-1,2,133,53,40,100,-202
26185,Nov 19 2019,African Nations Cup qualifier in Ethiopia,Ethiopia,Ivory Coast,1251,1651,2,1,34,-34,1285,1617,128,62,9,-7,137,55,40,100,-300
26186,Nov 19 2019,European Championship qual in Germany,Germany,Northern Ireland,1957,1686,6,1,8,-8,1965,1678,11,46,0,-1,11,45,40,100,371
26187,Nov 19 2019,World Cup & Asian Cup qual in Hong Kong,Hong Kong,Cambodia,1180,841,2,0,4,-4,1184,837,163,209,1,-2,164,207,20,0,339
26188,Nov 19 2019,Friendly in Japan,Japan,Venezuela,1770,1809,1,4,-21,21,1749,1830,30,20,-1,0,29,20,20,100,61
26189,Nov 19 2019,World Cup & Asian Cup qual in Jordan,Jordan,Taiwan,1473,942,5,0,2,-2,1475,940,87,196,0,-1,87,195,20,0,531
26190,Nov 19 2019,World Cup & Asian Cup qual in Bhutan,Kuwait,Nepal,1420,919,1,0,2,-2,1422,917,102,195,-1,1,101,196,30,0,501
26191,Nov 19 2019,World Cup & Asian Cup qual in Kyrgyzstan,Kyrgyzstan,Tajikistan,1279,1225,1,1,-8,8,1271,1233,141,147,-1,2,140,149,40,100,154
26192,Nov 19 2019,European Championship qual in Latvia,Latvia,Austria,1217,1778,1,0,37,-37,1254,1741,140,36,7,-5,147,31,40,100,-461
26193,Nov 19 2019,World Cup & Asian Cup qual in Lebanon,Lebanon,North Korea,1412,1367,0,0,-8,8,1404,1375,109,111,-3,2,106,113,40,100,145
26194,Nov 19 2019,African Nations Cup qualifier in Tunisia,Libya,Tanzania,1453,1337,2,1,14,-14,1467,1323,82,132,6,-4,88,128,40,0,116
26195,Nov 19 2019,World Cup & Asian Cup qual in Malaysia,Malaysia,Indonesia,1183,1135,2,0,18,-18,1201,1117,152,180,6,-2,158,178,40,100,148
26196,Nov 19 2019,World Cup & Asian Cup qual in the Maldives,Maldives,Guam,938,743,3,1,9,-9,947,734,193,215,1,-1,194,214,40,100,295
26197,Nov 19 2019,African Nations Cup qualifier in Mauritania,Mauritania,Central African Republic,1362,1370,2,0,22,-22,1384,1348,101,123,8,-5,109,118,40,100,92
26198,Nov 19 2019,CONCACAF Nations League A in Mexico,Mexico,Bermuda,1903,1302,2,1,1,-1,1904,1301,14,131,0,1,14,132,20,0,601
26199,Nov 19 2019,Friendly in Montenegro,Montenegro,Belarus,1513,1503,2,0,10,-10,1523,1493,73,86,2,-3,75,83,20,100,110
26200,Nov 19 2019,World Cup & Asian Cup qual in Myanmar,Myanmar,Mongolia,1044,733,1,0,3,-3,1047,730,184,215,1,0,185,215,20,0,311
26201,Nov 19 2019,European Championship qual in the Netherlands,Netherlands,Estonia,2016,1436,5,0,2,-2,2018,1434,5,95,0,1,5,96,30,0,580
26202,Nov 19 2019,African Nations Cup qualifier in Niger,Niger,Madagascar,1292,1395,2,6,-37,37,1255,1432,155,90,-9,8,146,98,40,100,-3
26203,Nov 19 2019,European Championship qual in North Macedonia,North Macedonia,Israel,1530,1554,1,0,16,-16,1546,1538,65,72,4,-2,69,70,30,0,-24
26204,Nov 19 2019,World Cup & Asian Cup qual in Oman,Oman,India,1514,1193,1,0,3,-3,1517,1190,78,162,-1,-1,77,161,20,0,321
26205,Nov 19 2019,European Championship qual in Poland,Poland,Slovenia,1784,1592,3,2,6,-6,1790,1586,24,60,0,0,24,60,40,100,292
26206,Nov 19 2019,CONCACAF Nations League C in Puerto Rico,Puerto Rico,Anguilla,972,555,3,0,3,-3,975,552,191,233,0,0,191,233,20,0,417
26207,Nov 19 2019,World Cup & Asian Cup qual in Tajikistan,Qatar,Afghanistan,1722,1138,1,0,1,-1,1723,1137,37,177,1,-1,38,176,20,0,584
26208,Nov 19 2019,European Championship qual in San Marino,San Marino,Russia,821,1793,0,5,-1,1,820,1794,210,22,-1,0,209,22,40,100,-872
26209,Nov 19 2019,Friendly in Saudi Arabia,Saudi Arabia,Paraguay,1515,1742,0,0,4,-4,1519,1738,77,34,-1,-1,76,33,20,100,-127
26210,Nov 19 2019,European Championship qual in Scotland,Scotland,Kazakhstan,1635,1367,3,1,6,-6,1641,1361,49,117,1,-1,50,116,40,100,368
26211,Nov 19 2019,World Cup & Asian Cup qual in Bahrain,Singapore,Yemen,1134,1231,2,1,25,-25,1159,1206,165,166,6,-9,171,157,40,0,-97
26212,Nov 19 2019,European Championship qual in Slovakia,Slovakia,Azerbaijan,1730,1380,2,0,4,-4,1734,1376,35,114,0,-2,35,112,20,0,350
26213,Nov 19 2019,CONCACAF Nations League B in Saint Lucia,Saint Lucia,Montserrat,1071,819,0,1,-35,35,1036,854,189,203,-3,3,186,206,40,100,352
26214,Nov 19 2019,World Cup & Asian Cup qual in the United Arab Emirates,Syria,Philippines,1478,1157,1,0,5,-5,1483,1152,86,173,0,-1,86,172,40,0,321
26215,Nov 19 2019,World Cup & Asian Cup qual in Turkmenistan,Turkmenistan,Sri Lanka,1264,670,2,0,1,-1,1265,669,143,225,0,0,143,225,20,0,594
26216,Nov 19 2019,CONCACAF Nations League A in the Cayman Islands,United States,Cuba,1716,1274,4,0,5,-5,1721,1269,40,143,0,-1,40,142,40,0,442
26217,Nov 19 2019,CONCACAF Nations League C in the US Virgin Islands,US Virgin Islands,Saint Martin,725,836,1,2,-19,19,706,855,218,204,-1,1,217,205,40,100,-11
26218,Nov 19 2019,World Cup & Asian Cup qual in Uzbekistan,Uzbekistan,Palestine,1568,1391,2,0,10,-10,1578,1381,63,112,1,-2,64,110,40,100,277
26219,Nov 19 2019,World Cup & Asian Cup qual in Vietnam,Vietnam,Thailand,1417,1349,0,0,-9,9,1408,1358,107,116,-3,1,104,117,40,100,168
26220,Nov 19 2019,European Championship qual in Wales,Wales,Hungary,1771,1631,2,0,12,-12,1783,1619,23,55,2,-1,25,54,40,100,240
26221,Nov 19 2019,African Nations Cup qualifier in Zambia,Zambia,Zimbabwe,1458,1383,1,2,-29,29,1429,1412,106,97,-7,6,99,103,40,100,175
26222,Nov 21 2019,Friendly in Guatemala,Guatemala,Antigua and Barbuda,1498,1162,8,0,4,-4,1502,1158,80,173,1,-2,81,171,20,100,436
26223,Nov 26 2019,Gulf Cup in Qatar,Qatar,Iraq,1723,1597,1,2,-31,31,1692,1628,48,48,-5,5,43,53,40,100,226
26224,Nov 26 2019,Gulf Cup in Qatar,United Arab Emirates,Yemen,1462,1206,3,0,13,-13,1475,1193,84,163,3,-3,87,160,40,0,256
26225,Nov 27 2019,Gulf Cup in Qatar,Bahrain,Oman,1507,1517,0,0,1,-1,1508,1516,76,75,1,1,77,76,40,0,-10
26226,Nov 27 2019,Gulf Cup in Qatar,Kuwait,Saudi Arabia,1422,1519,3,1,38,-38,1460,1481,81,96,10,-10,91,86,40,0,-97
26227,Nov 29 2019,Gulf Cup in Qatar,Iraq,United Arab Emirates,1628,1475,2,0,18,-18,1646,1457,47,99,3,-6,50,93,40,0,153
26228,Nov 29 2019,Gulf Cup in Qatar,Qatar,Yemen,1692,1193,6,0,3,-3,1695,1190,43,160,0,0,43,160,30,0,499
26229,Nov 30 2019,Gulf Cup in Qatar,Oman,Kuwait,1516,1460,2,1,17,-17,1533,1443,70,102,3,-6,73,96,40,0,56
26230,Nov 30 2019,Gulf Cup in Qatar,Saudi Arabia,Bahrain,1481,1508,2,0,32,-32,1513,1476,68,95,9,-9,77,86,40,0,-27
26231,Dec 2 2019,Gulf Cup in Qatar,Bahrain,Kuwait,1476,1443,4,2,27,-27,1503,1416,72,106,7,-5,79,101,40,0,33
26232,Dec 2 2019,Gulf Cup in Qatar,Iraq,Yemen,1646,1190,0,0,-17,17,1629,1207,56,154,-3,3,53,157,40,0,456
26233,Dec 2 2019,Gulf Cup in Qatar,Qatar,United Arab Emirates,1695,1457,4,2,8,-8,1703,1449,41,96,1,-2,42,94,40,100,338
26234,Dec 2 2019,Gulf Cup in Qatar,Saudi Arabia,Oman,1513,1533,3,1,32,-32,1545,1501,63,89,7,-8,70,81,40,0,-20
26235,Dec 5 2019,Gulf Cup in Qatar,Bahrain,Iraq,1503,1629,2,2,7,-7,1510,1622,75,53,2,0,77,53,40,0,-126
26236,Dec 5 2019,Gulf Cup in Qatar,Qatar,Saudi Arabia,1703,1545,0,1,-33,33,1670,1578,50,58,-4,6,46,64,40,100,258
26237,Dec 7 2019,CECAFA Cup in Uganda,Djibouti,Somalia,886,876,0,0,-1,1,885,877,202,203,0,0,202,203,40,0,10
26238,Dec 7 2019,CECAFA Cup in Uganda,Uganda,Burundi,1499,1274,2,1,5,-5,1504,1269,78,143,2,-2,80,141,40,100,325
26239,Dec 8 2019,Gulf Cup in Qatar,Bahrain,Saudi Arabia,1510,1578,1,0,24,-24,1534,1554,69,72,4,-4,73,68,40,0,-68
26240,Dec 8 2019,CECAFA Cup in Uganda,Kenya,Tanzania,1377,1323,1,0,17,-17,1394,1306,105,134,3,-3,108,131,40,0,54
26241,Dec 8 2019,CECAFA Cup in Uganda,Sudan,Zanzibar,1275,1372,1,1,5,-5,1280,1367,138,116,0,-1,138,115,40,0,-97
26242,Dec 9 2019,CECAFA Cup in Uganda,Eritrea,Burundi,1060,1269,1,0,31,-31,1091,1238,181,155,1,-7,182,148,40,0,-209
26243,Dec 9 2019,CECAFA Cup in Uganda,Uganda,Somalia,1504,877,2,0,1,-1,1505,876,78,203,1,0,79,203,20,0,627
26244,Dec 10 2019,East Asian Championship in South Korea,Japan,China,1749,1460,2,1,6,-6,1755,1454,27,94,1,-2,28,92,40,0,289
26245,Dec 10 2019,CECAFA Cup in Uganda,Kenya,Sudan,1394,1280,2,1,14,-14,1408,1266,100,144,4,-3,104,141,40,0,114
26246,Dec 10 2019,CECAFA Cup in Uganda,Tanzania,Zanzibar,1306,1367,1,0,23,-23,1329,1344,123,123,4,-4,127,119,40,0,-61
26247,Dec 11 2019,CECAFA Cup in Uganda,Djibouti,Burundi,885,1238,2,1,35,-35,920,1203,190,166,6,-9,196,157,40,0,-353
26248,Dec 11 2019,East Asian Championship in South Korea,South Korea,Hong Kong,1752,1184,2,0,1,-1,1753,1183,29,164,0,0,29,164,20,0,568
26249,Dec 11 2019,CECAFA Cup in Uganda,Uganda,Eritrea,1505,1091,2,0,3,-3,1508,1088,77,182,1,0,78,182,20,0,414
26250,Dec 13 2019,CECAFA Cup in Uganda,Eritrea,Djibouti,1088,920,3,0,19,-19,1107,901,176,208,3,-6,179,202,40,0,168
26251,Dec 13 2019,CECAFA Cup in Uganda,Somalia,Burundi,876,1203,1,0,35,-35,911,1168,195,177,4,-10,199,167,40,0,-327
26252,Dec 14 2019,East Asian Championship in South Korea,Japan,Hong Kong,1755,1183,5,0,3,-3,1758,1180,28,165,0,-1,28,164,40,0,572
26253,Dec 14 2019,CECAFA Cup in Uganda,Kenya,Zanzibar,1408,1344,1,0,16,-16,1424,1328,96,135,4,-8,100,127,40,0,64
26254,Dec 14 2019,CECAFA Cup in Uganda,Sudan,Tanzania,1266,1329,0,0,4,-4,1270,1325,137,129,2,-1,139,128,40,0,-63
26255,Dec 15 2019,CECAFA Cup in Uganda,Eritrea,Somalia,1107,911,0,0,-10,10,1097,921,183,193,-2,3,181,196,30,100,296
26256,Dec 15 2019,East Asian Championship in South Korea,South Korea,China,1753,1454,1,0,4,-4,1757,1450,29,94,0,-1,29,93,40,100,399
26257,Dec 15 2019,CECAFA Cup in Uganda,Uganda,Djibouti,1508,901,4,1,1,-1,1509,900,78,202,0,0,78,202,20,0,607
26258,Dec 17 2019,CECAFA Cup in Uganda,Eritrea,Kenya,1097,1424,4,1,61,-61,1158,1363,161,128,10,-14,171,114,40,0,-327
26259,Dec 17 2019,CECAFA Cup in Uganda,Uganda,Tanzania,1509,1325,1,0,7,-7,1516,1318,78,130,0,-1,78,129,40,100,284
26260,Dec 18 2019,East Asian Championship in South Korea,China,Hong Kong,1450,1180,2,0,10,-10,1460,1170,87,168,3,-2,90,166,40,0,270
26261,Dec 18 2019,East Asian Championship in South Korea,South Korea,Japan,1757,1758,1,0,14,-14,1771,1744,25,32,2,-2,27,30,40,100,99
26262,Dec 19 2019,CECAFA Cup in Uganda,Kenya,Tanzania,1363,1318,2,1,17,-17,1380,1301,108,133,3,-2,111,131,40,0,45
26263,Dec 19 2019,CECAFA Cup in Uganda,Uganda,Eritrea,1516,1158,3,0,5,-5,1521,1153,78,173,0,-1,78,172,40,100,458
26264,Jan 7 2020,Friendly in the United States,Canada,Barbados,1604,1105,4,1,2,-2,1606,1103,58,182,0,-1,58,181,20,0,499
26265,Jan 9 2020,Friendly in Qatar,Sweden,Moldova,1860,1240,1,0,1,-1,1861,1239,18,147,0,0,18,147,20,0,620
26266,Jan 10 2020,Friendly in the United States,Canada,Barbados,1606,1103,4,1,2,-2,1608,1101,56,181,1,0,57,181,20,0,503
26267,Jan 12 2020,Friendly in Qatar,Sweden,Kosovo,1861,1564,1,0,3,-3,1864,1561,18,66,0,0,18,66,20,0,297
26268,Jan 15 2020,Friendly in the United States,Iceland,Canada,1672,1608,1,0,8,-8,1680,1600,43,59,1,-1,44,58,20,0,64
26269,Jan 15 2020,Bangabandhu Gold Cup in Bangladesh,Bangladesh,Palestine,831,1381,0,2,-3,3,828,1384,208,108,0,1,208,109,30,100,-450
26270,Jan 16 2020,Bangabandhu Gold Cup in Bangladesh,Burundi,Mauritius,1168,1029,4,1,16,-16,1184,1013,159,189,4,-1,163,188,30,0,139
26271,Jan 17 2020,Bangabandhu Gold Cup in Bangladesh,Palestine,Sri Lanka,1384,669,2,0,1,-1,1385,668,109,225,0,0,109,225,30,0,715
26272,Jan 18 2020,Bangabandhu Gold Cup in Bangladesh,Burundi,Seychelles,1184,914,3,1,8,-8,1192,906,157,200,3,-1,160,199,30,0,270
26273,Jan 19 2020,Bangabandhu Gold Cup in Bangladesh,Bangladesh,Sri Lanka,828,668,3,0,10,-10,838,658,206,225,1,0,207,225,20,0,160
26274,Jan 19 2020,Friendly in the United States,Iceland,El Salvador,1680,1489,1,0,5,-5,1685,1484,42,86,1,-1,43,85,20,0,191
26275,Jan 20 2020,Bangabandhu Gold Cup in Bangladesh,Mauritius,Seychelles,1013,906,2,2,-4,4,1009,910,188,199,0,0,188,199,30,0,107
26276,Jan 22 2020,Bangabandhu Gold Cup in Bangladesh,Palestine,Seychelles,1385,910,1,0,2,-2,1387,908,109,199,0,0,109,199,30,0,475
26277,Jan 23 2020,Bangabandhu Gold Cup in Bangladesh,Bangladesh,Burundi,838,1192,0,3,-10,10,828,1202,209,154,-1,3,208,157,30,100,-254
26278,Jan 25 2020,Bangabandhu Gold Cup in Bangladesh,Palestine,Burundi,1387,1202,3,1,12,-12,1399,1190,105,163,2,-3,107,160,30,0,185
26279,Jan 25 2020,Friendly in Eritrea,Eritrea,Sudan,1153,1270,0,1,-10,10,1143,1280,176,137,-2,1,174,138,20,100,-17
26280,Feb 1 2020,Friendly in the United States,United States,Costa Rica,1721,1659,1,0,6,-6,1727,1653,35,48,2,0,37,48,20,100,162
26281,Feb 23 2020,Friendly in the United Arab Emirates,Belarus,Uzbekistan,1493,1578,1,0,12,-12,1505,1566,77,66,3,-1,80,65,20,0,-85
26282,Feb 25 2020,Friendly in Nicaragua,Nicaragua,Panama,1190,1506,0,0,6,-6,1196,1500,158,87,1,-4,159,83,20,100,-216
26283,Feb 26 2020,Friendly in Bulgaria,Bulgaria,Belarus,1575,1505,0,1,-15,15,1560,1520,68,79,-2,0,66,79,20,100,170
26284,Mar 4 2020,Friendly in Guatemala,Guatemala,Panama,1502,1500,0,2,-19,19,1483,1519,89,77,-4,3,85,80,20,100,102
26285,Mar 11 2020,Friendly in Jamaica,Jamaica,Bermuda,1582,1301,2,0,3,-3,1585,1298,60,137,1,-3,61,134,20,100,381
26286,Sep 3 2020,Friendly in Uzbekistan,Uzbekistan,Tajikistan,1566,1233,2,1,2,-2,1568,1231,64,150,0,-1,64,149,20,100,433
26287,Sep 3 2020,European Nations League D in Latvia,Latvia,Andorra,1254,1105,0,0,-12,12,1242,1117,148,178,-1,1,147,179,40,100,249
26288,Sep 3 2020,European Nations League D in the Faroe Islands,Faroe Islands,Malta,1226,1168,3,2,11,-11,1237,1157,146,174,2,-3,148,171,40,100,158
26289,Sep 3 2020,European Nations League C in Slovenia,Slovenia,Greece,1586,1608,0,0,-4,4,1582,1612,64,57,-2,0,62,57,40,100,78
26290,Sep 3 2020,European Nations League C in Italy,Kosovo,Moldova,1561,1239,1,1,-15,15,1546,1254,73,145,-4,1,69,146,40,0,322
26291,Sep 3 2020,European Nations League B in Turkey,Turkey,Hungary,1779,1619,0,1,-33,33,1746,1652,30,43,-2,6,28,49,40,100,260
26292,Sep 3 2020,European Nations League B in Russia,Russia,Serbia,1794,1791,3,1,21,-21,1815,1770,20,29,1,-3,21,26,40,100,103
26293,Sep 3 2020,European Nations League B in Finland,Finland,Wales,1648,1783,0,1,-18,18,1630,1801,55,21,-3,2,52,23,40,100,-35
26294,Sep 3 2020,European Nations League B in Bulgaria,Bulgaria,Ireland,1560,1729,1,1,4,-4,1564,1725,64,40,1,-2,65,38,40,100,-69
26295,Sep 3 2020,European Nations League A in Ukraine,Ukraine,Switzerland,1855,1898,2,1,17,-17,1872,1881,15,17,2,-1,17,16,30,0,-43
26296,Sep 3 2020,European Nations League A in Germany,Germany,Spain,1965,2028,1,1,-2,2,1963,2030,11,4,0,0,11,4,30,100,37
26297,Sep 4 2020,European Nations League C in Lithuania,Lithuania,Kazakhstan,1320,1361,0,2,-35,35,1285,1396,144,103,-8,6,136,109,40,100,59
26298,Sep 4 2020,European Nations League C in Belarus,Belarus,Albania,1520,1531,0,2,-38,38,1482,1569,93,53,-7,11,86,64,40,100,89
26299,Sep 4 2020,European Nations League B in Slovakia,Slovakia,Czechia,1734,1736,1,3,-38,38,1696,1774,49,16,-7,9,42,25,40,100,98
26300,Sep 4 2020,European Nations League B in Scotland,Scotland,Israel,1641,1538,1,1,-11,11,1630,1549,52,69,-1,1,51,70,40,100,203
26301,Sep 4 2020,European Nations League B in Romania,Romania,Northern Ireland,1701,1678,1,1,-7,7,1694,1685,44,43,-1,1,43,44,40,100,123
26302,Sep 4 2020,European Nations League B in Norway,Norway,Austria,1723,1741,1,2,-25,25,1698,1766,43,25,-2,3,41,28,40,100,82
26303,Sep 4 2020,European Nations League A in the Netherlands,Netherlands,Poland,2018,1790,1,0,5,-5,2023,1785,5,24,0,0,5,24,40,100,328
26304,Sep 4 2020,European Nations League A in Italy,Italy,Bosnia and Herzegovina,1969,1683,1,1,-16,16,1953,1699,16,36,-4,4,12,40,40,100,386
26305,Sep 5 2020,European Nations League D in Gibraltar,Gibraltar,San Marino,1087,820,1,0,4,-4,1091,816,183,209,0,0,183,209,20,0,267
26306,Sep 5 2020,European Nations League C in North Macedonia,North Macedonia,Armenia,1546,1451,2,1,10,-10,1556,1441,67,97,2,-2,69,95,40,100,195
26307,Sep 5 2020,European Nations League C in Estonia,Estonia,Georgia,1434,1551,0,1,-19,19,1415,1570,106,59,-5,5,101,64,40,100,-17
26308,Sep 5 2020,European Nations League C in Cyprus,Cyprus,Montenegro,1399,1523,0,2,-28,28,1371,1551,119,65,-6,6,113,71,40,100,-24
26309,Sep 5 2020,European Nations League C in Azerbaijan,Azerbaijan,Luxembourg,1376,1339,1,2,-28,28,1348,1367,121,108,-4,7,117,115,40,100,137
26310,Sep 5 2020,European Nations League A in Sweden,Sweden,France,1864,2047,0,1,-15,15,1849,2062,19,3,0,0,19,3,40,100,-83
26311,Sep 5 2020,European Nations League A in Portugal,Portugal,Croatia,1986,1920,4,1,19,-19,2005,1901,6,15,0,-1,6,14,40,100,166
26312,Sep 5 2020,European Nations League A in Iceland,Iceland,England,1685,1956,0,1,-11,11,1674,1967,46,5,-1,3,45,8,40,100,-171
26313,Sep 5 2020,European Nations League A in Denmark,Denmark,Belgium,1891,2084,0,2,-22,22,1869,2106,19,1,-2,0,17,1,40,100,-93
26314,Sep 6 2020,European Nations League D in Malta,Malta,Latvia,1157,1242,1,1,-1,1,1156,1243,171,149,0,-1,171,148,30,100,15
26315,Sep 6 2020,European Nations League D in Andorra,Andorra,Faroe Islands,1117,1237,0,1,-19,19,1098,1256,183,142,-2,3,181,145,40,100,-20
26316,Sep 6 2020,European Nations League C in Slovenia,Slovenia,Moldova,1582,1254,1,0,3,-3,1585,1251,58,148,2,-1,60,147,20,0,328
26317,Sep 6 2020,European Nations League C in Kosovo,Kosovo,Greece,1546,1612,1,2,-22,22,1524,1634,81,45,-4,6,77,51,40,100,34
26318,Sep 6 2020,European Nations League B in Wales,Wales,Bulgaria,1801,1564,1,0,5,-5,1806,1559,23,67,0,0,23,67,40,100,337
26319,Sep 6 2020,European Nations League B in Serbia,Serbia,Turkey,1770,1746,0,0,-7,7,1763,1753,31,30,-2,0,29,30,40,100,124
26320,Sep 6 2020,European Nations League B in Ireland,Ireland,Finland,1725,1630,0,1,-30,30,1695,1660,47,45,-5,3,42,48,40,100,195
26321,Sep 6 2020,European Nations League B in Hungary,Hungary,Russia,1652,1815,2,3,-16,16,1636,1831,51,19,-1,1,50,20,40,100,-63
26322,Sep 6 2020,European Nations League A in Switzerland,Switzerland,Germany,1881,1963,1,1,-1,1,1880,1964,15,11,0,0,15,11,20,100,18
26323,Sep 6 2020,European Nations League A in Spain,Spain,Ukraine,2030,1872,4,0,14,-14,2044,1858,4,20,0,-2,4,18,40,100,258
26324,Sep 7 2020,European Nations League C in Kazakhstan,Kazakhstan,Belarus,1396,1482,1,2,-21,21,1375,1503,114,76,-3,5,111,81,40,100,14
26325,Sep 7 2020,European Nations League C in Albania,Albania,Lithuania,1569,1285,0,1,-36,36,1533,1321,85,120,-10,8,75,128,40,100,384
26326,Sep 7 2020,European Nations League B in Northern Ireland,Northern Ireland,Norway,1685,1698,1,5,-47,47,1638,1745,56,20,-6,10,50,30,40,100,87
26327,Sep 7 2020,European Nations League B in Israel,Israel,Slovakia,1549,1696,1,1,3,-3,1552,1693,68,43,2,-1,70,42,40,100,-47
26328,Sep 7 2020,European Nations League B in Czechia,Czechia,Scotland,1774,1630,1,2,-32,32,1742,1662,39,39,-7,7,32,46,40,100,244
26329,Sep 7 2020,European Nations League B in Austria,Austria,Romania,1766,1694,2,3,-29,29,1737,1723,43,33,-8,5,35,38,40,100,172
26330,Sep 7 2020,European Nations League A in the Netherlands,Netherlands,Italy,2023,1953,0,1,-29,29,1994,1982,7,4,-1,4,6,8,40,100,170
26331,Sep 7 2020,European Nations League A in Bosnia and Herzegovina,Bosnia and Herzegovina,Poland,1699,1785,1,2,-21,21,1678,1806,47,22,-4,1,43,23,40,100,14
26332,Sep 8 2020,European Nations League D in Italy,Liechtenstein,San Marino,1142,816,2,0,8,-8,1150,808,173,209,1,0,174,209,40,0,326
26333,Sep 8 2020,European Nations League C in Luxembourg,Luxembourg,Montenegro,1367,1551,0,1,-15,15,1352,1566,117,59,-1,6,116,65,40,100,-84
26334,Sep 8 2020,European Nations League C in Georgia,Georgia,North Macedonia,1570,1556,1,1,-6,6,1564,1562,68,66,-2,1,66,67,40,100,114
26335,Sep 8 2020,European Nations League C in Cyprus,Cyprus,Azerbaijan,1371,1348,0,1,-27,27,1344,1375,125,105,-6,6,119,111,40,100,123
26336,Sep 8 2020,European Nations League C in Armenia,Armenia,Estonia,1441,1415,2,0,20,-20,1461,1395,85,113,5,-6,90,107,40,100,126
26337,Sep 8 2020,European Nations League A in Sweden,Sweden,Portugal,1849,2005,0,2,-25,25,1824,2030,23,5,-2,0,21,5,40,100,-56
26338,Sep 8 2020,European Nations League A in France,France,Croatia,2062,1901,4,2,11,-11,2073,1890,3,14,0,0,3,14,40,100,261
26339,Sep 8 2020,European Nations League A in Denmark,Denmark,England,1869,1967,0,0,0,0,1869,1967,16,9,0,0,16,9,20,100,2
26340,Sep 8 2020,European Nations League A in Belgium,Belgium,Iceland,2106,1674,5,1,3,-3,2109,1671,1,44,0,0,1,44,20,0,432
26341,Sep 23 2020,Friendly in Chad,Chad,Sudan,1212,1280,2,3,-11,11,1201,1291,158,136,-2,1,156,137,20,100,32
26342,Sep 25 2020,Friendly in Chad,Chad,Sudan,1201,1291,0,2,-15,15,1186,1306,170,125,-7,6,163,131,20,100,10
26343,Sep 30 2020,Friendly in Mexico,Mexico,Guatemala,1904,1483,3,0,2,-2,1906,1481,13,87,0,-1,13,86,20,100,521
26344,Oct 6 2020,Friendly in Nicaragua,Nicaragua,Guatemala,1196,1481,0,0,5,-5,1201,1476,154,86,2,0,156,86,20,100,-185
26345,Oct 7 2020,Friendly in Zambia,Zambia,Malawi,1429,1343,1,0,5,-5,1434,1338,94,124,2,-2,96,122,20,100,186
26346,Oct 7 2020,Friendly in Switzerland,Switzerland,Croatia,1880,1890,1,2,-13,13,1867,1903,17,14,-1,0,16,14,20,100,90
26347,Oct 7 2020,Friendly in Slovenia,Slovenia,San Marino,1585,808,4,0,0,0,1585,808,60,209,0,0,60,209,20,0,777
26348,Oct 7 2020,Friendly in Portugal,Portugal,Spain,2030,2044,0,0,-2,2,2028,2046,5,4,0,0,5,4,20,100,86
26349,Oct 7 2020,Friendly in Poland,Poland,Finland,1806,1660,5,1,7,-7,1813,1653,21,48,1,0,22,48,20,100,246
26350,Oct 7 2020,Friendly in the Netherlands,Netherlands,Mexico,1994,1906,0,1,-15,15,1979,1921,10,13,-2,0,8,13,20,100,188
26351,Oct 7 2020,Friendly in Montenegro,Montenegro,Latvia,1566,1243,1,1,-8,8,1558,1251,71,146,-3,1,68,147,20,100,423
26352,Oct 7 2020,Friendly in Malta,Malta,Gibraltar,1156,1091,2,0,8,-8,1164,1083,167,183,2,0,169,183,20,100,165
26353,Oct 7 2020,Friendly in Luxembourg,Luxembourg,Liechtenstein,1352,1150,1,2,-17,17,1335,1167,130,162,-7,6,123,168,20,100,302
26354,Oct 7 2020,Friendly in Italy,Italy,Moldova,1982,1251,6,0,0,0,1982,1251,6,147,1,0,7,147,20,100,831
26355,Oct 7 2020,Friendly in Germany,Germany,Turkey,1964,1753,3,3,-7,7,1957,1760,12,28,0,0,12,28,20,100,311
26356,Oct 7 2020,Friendly in France,France,Ukraine,2073,1858,7,1,6,-6,2079,1852,3,18,0,0,3,18,20,100,315
26357,Oct 7 2020,Friendly in Estonia,Estonia,Lithuania,1395,1321,1,3,-22,22,1373,1343,119,108,-6,10,113,118,20,100,174
26358,Oct 7 2020,Friendly in Denmark,Denmark,Faroe Islands,1869,1256,4,0,1,-1,1870,1255,14,145,1,0,15,145,20,0,613
26359,Oct 7 2020,Friendly in Cyprus,Cyprus,Czechia,1344,1742,1,2,-3,3,1341,1745,123,28,-2,2,121,30,20,100,-298
26360,Oct 7 2020,Friendly in Austria,Austria,Greece,1737,1634,2,1,5,-5,1742,1629,31,56,2,-2,33,54,20,100,203
26361,Oct 7 2020,Friendly in Andorra,Andorra,Cape Verde,1098,1407,1,2,-5,5,1093,1412,181,100,0,2,181,102,20,100,-209
26362,Oct 8 2020,Friendly in Uzbekistan,Uzbekistan,Iran,1568,1739,1,2,-8,8,1560,1747,70,24,-3,5,67,29,20,100,-71
26363,Oct 8 2020,Friendly in South Africa,South Africa,Namibia,1534,1331,1,1,-7,7,1527,1338,77,116,-2,5,75,121,20,100,303
26364,Oct 8 2020,Friendly in Russia,Russia,Sweden,1831,1824,1,2,-13,13,1818,1837,23,17,-2,2,21,19,20,100,107
26365,Oct 8 2020,Friendly in Portugal,Guinea-Bissau,Mozambique,1295,1343,1,0,11,-11,1306,1332,125,134,6,-8,131,126,20,0,-48
26366,Oct 8 2020,Friendly in England,England,Wales,1967,1806,3,0,6,-6,1973,1800,11,22,-1,1,10,23,20,100,261
26367,Oct 8 2020,Friendly in Belgium,Belgium,Ivory Coast,2109,1617,1,1,-9,9,2100,1626,1,53,0,2,1,55,20,0,492
26368,Oct 8 2020,European Championship qual in Slovakia,Slovakia,Ireland,1693,1695,0,0,-5,5,1688,1700,42,41,0,0,42,41,40,100,98
26369,Oct 8 2020,European Championship qual in Scotland,Scotland,Israel,1662,1552,0,0,-11,11,1651,1563,54,61,-4,5,50,66,40,100,210
26370,Oct 8 2020,European Championship qual in Norway,Norway,Serbia,1745,1763,1,2,-25,25,1720,1788,44,23,-7,2,37,25,40,100,82
26371,Oct 8 2020,European Championship qual in North Macedonia,North Macedonia,Kosovo,1562,1524,2,1,12,-12,1574,1512,64,81,1,-2,65,79,40,100,138
26372,Oct 8 2020,European Championship qual in Iceland,Iceland,Romania,1671,1723,2,1,17,-17,1688,1706,40,42,2,-2,42,40,30,0,-52
26373,Oct 8 2020,European Championship qual in Georgia,Georgia,Belarus,1564,1503,1,0,11,-11,1575,1492,63,83,1,-1,64,82,40,100,161
26374,Oct 8 2020,European Championship qual in Bulgaria,Bulgaria,Hungary,1559,1636,1,3,-32,32,1527,1668,83,41,-8,5,75,46,40,100,23
26375,Oct 8 2020,European Championship qual in Bosnia and Herzegovina,Bosnia and Herzegovina,Northern Ireland,1678,1638,1,1,-8,8,1670,1646,45,52,-1,-1,44,51,40,100,140
26376,Oct 8 2020,World Cup qualifier in Uruguay,Uruguay,Chile,1967,1807,2,1,7,-7,1974,1800,9,23,0,0,9,23,40,100,260
26377,Oct 8 2020,World Cup qualifier in Paraguay,Paraguay,Peru,1738,1866,2,2,2,-2,1740,1864,33,17,1,0,34,17,40,100,-28
26378,Oct 8 2020,World Cup qualifier in Argentina,Argentina,Ecuador,1967,1726,1,0,5,-5,1972,1721,13,35,-2,1,11,36,40,100,341
26379,Oct 9 2020,Friendly in Tunisia,Tunisia,Sudan,1622,1306,3,0,3,-3,1625,1303,54,133,1,-1,55,132,20,100,416
26380,Oct 9 2020,Friendly in Morocco,Morocco,Senegal,1661,1766,3,1,15,-15,1676,1751,41,31,3,-2,44,29,20,100,-5
26381,Oct 9 2020,Friendly in Mauritania,Mauritania,Sierra Leone,1384,1334,2,1,6,-6,1390,1328,106,129,1,-2,107,127,20,100,150
26382,Oct 9 2020,Friendly in Turkey,Mali,Ghana,1537,1633,3,0,22,-22,1559,1611,65,62,3,-5,68,57,20,0,-96
26383,Oct 9 2020,Friendly in Kenya,Kenya,Zambia,1380,1434,2,1,9,-9,1389,1425,107,100,1,-2,108,98,20,100,46
26384,Oct 9 2020,Friendly in Portugal,Gambia,Congo,1335,1393,1,0,12,-12,1347,1381,111,111,6,-2,117,109,20,0,-58
26385,Oct 9 2020,Friendly in the Netherlands,Cameroon,Japan,1580,1744,0,0,4,-4,1584,1740,63,34,0,-1,63,33,20,0,-164
26386,Oct 9 2020,Friendly in Morocco,Burkina Faso,DR Congo,1529,1505,3,0,16,-16,1545,1489,70,84,2,-2,72,82,20,0,24
26387,Oct 9 2020,Friendly in Austria,Algeria,Nigeria,1746,1711,1,0,9,-9,1755,1702,26,41,2,-1,28,40,20,0,35
26388,Oct 9 2020,World Cup qualifier in Colombia,Colombia,Venezuela,1985,1830,3,0,13,-13,1998,1817,6,22,0,-1,6,21,40,100,255
26389,Oct 9 2020,World Cup qualifier in Brazil,Brazil,Bolivia,2082,1595,5,0,3,-3,2085,1592,2,59,0,0,2,59,30,0,487
26390,Oct 10 2020,Friendly in Niger,Niger,Chad,1255,1186,2,0,8,-8,1263,1178,143,167,1,-2,144,165,20,100,169
26391,Oct 10 2020,Friendly in Honduras,Honduras,Nicaragua,1630,1201,1,1,-9,9,1621,1210,60,152,-4,2,56,154,20,100,529
26392,Oct 10 2020,Friendly in Portugal,Guinea,Cape Verde,1434,1412,2,1,9,-9,1443,1403,96,108,0,-3,96,105,20,0,22
26393,Oct 10 2020,Friendly in Costa Rica,Costa Rica,Panama,1653,1519,0,1,-16,16,1637,1535,54,68,-3,5,51,73,20,100,234
26394,Oct 10 2020,European Nations League D in Liechtenstein,Liechtenstein,Gibraltar,1167,1083,0,1,-30,30,1137,1113,184,177,-8,3,176,180,40,100,184
26395,Oct 10 2020,European Nations League D in the Faroe Islands,Faroe Islands,Latvia,1255,1251,1,1,-6,6,1249,1257,151,143,-3,2,148,145,40,100,104
26396,Oct 10 2020,European Nations League D in Andorra,Andorra,Malta,1093,1164,0,0,-2,2,1091,1166,185,167,-2,1,183,168,40,100,29
26397,Oct 10 2020,European Nations League C in Montenegro,Montenegro,Azerbaijan,1558,1375,2,0,10,-10,1568,1365,63,118,3,-4,66,114,40,100,283
26398,Oct 10 2020,European Nations League C in Luxembourg,Luxembourg,Cyprus,1335,1341,2,0,22,-22,1357,1319,108,135,8,-7,116,128,40,100,94
26399,Oct 10 2020,European Nations League A in Ukraine,Ukraine,Germany,1852,1957,1,2,-20,20,1832,1977,20,6,-1,3,19,9,40,100,-5
26400,Oct 10 2020,European Nations League A in Spain,Spain,Switzerland,2046,1867,1,0,7,-7,2053,1860,4,18,0,-1,4,17,40,100,279
26401,Oct 11 2020,Friendly in Tanzania,Tanzania,Burundi,1301,1190,0,1,-15,15,1286,1205,141,154,-4,3,137,157,20,100,211
26402,Oct 11 2020,Friendly in South Africa,South Africa,Zambia,1527,1425,1,2,-15,15,1512,1440,80,96,-2,1,78,97,20,100,202
26403,Oct 11 2020,Friendly in Malawi,Malawi,Zimbabwe,1338,1412,0,0,-1,1,1337,1413,124,102,-1,0,123,102,20,100,26
26404,Oct 11 2020,Friendly in Tunisia,Comoros,Libya,1188,1467,2,1,17,-17,1205,1450,152,96,5,-4,157,92,20,0,-279
26405,Oct 11 2020,Friendly in Portugal,Benin,Gabon,1464,1460,2,0,15,-15,1479,1445,83,99,3,-4,86,95,20,0,4
26406,Oct 11 2020,European Nations League C in Lithuania,Lithuania,Belarus,1343,1492,2,2,3,-3,1346,1489,118,81,1,0,119,81,40,100,-49
26407,Oct 11 2020,European Nations League C in Kosovo,Kosovo,Slovenia,1512,1585,0,1,-22,22,1490,1607,81,56,-1,2,80,58,40,100,27
26408,Oct 11 2020,European Nations League C in Kazakhstan,Kazakhstan,Albania,1375,1533,0,0,3,-3,1378,1530,112,75,-1,0,111,75,40,100,-58
26409,Oct 11 2020,European Nations League C in Greece,Greece,Moldova,1629,1251,2,0,4,-4,1633,1247,50,149,1,-1,51,148,40,100,478
26410,Oct 11 2020,European Nations League C in Estonia,Estonia,North Macedonia,1373,1574,3,3,6,-6,1379,1568,108,65,2,0,110,65,40,100,-101
26411,Oct 11 2020,European Nations League C in Poland,Armenia,Georgia,1461,1575,2,2,6,-6,1467,1569,88,64,1,0,89,64,40,0,-114
26412,Oct 11 2020,European Nations League B in Serbia,Serbia,Hungary,1788,1668,0,1,-31,31,1757,1699,33,35,-4,6,29,41,40,100,220
26413,Oct 11 2020,European Nations League B in Scotland,Scotland,Slovakia,1651,1688,1,0,16,-16,1667,1672,45,48,2,-3,47,45,40,100,63
26414,Oct 11 2020,European Nations League B in Russia,Russia,Turkey,1818,1760,1,1,-9,9,1809,1769,24,25,-2,1,22,26,40,100,158
26415,Oct 11 2020,European Nations League B in Northern Ireland,Northern Ireland,Austria,1646,1742,0,1,-20,20,1626,1762,54,22,-2,5,52,27,40,100,4
26416,Oct 11 2020,European Nations League B in Norway,Norway,Romania,1720,1706,4,0,26,-26,1746,1680,29,47,4,-4,33,43,40,100,114
26417,Oct 11 2020,European Nations League B in Israel,Israel,Czechia,1563,1745,1,2,-15,15,1548,1760,75,25,-4,3,71,28,40,100,-82
26418,Oct 11 2020,European Nations League B in Ireland,Ireland,Wales,1700,1800,0,0,0,0,1700,1800,39,23,1,0,40,23,20,100,0
26419,Oct 11 2020,European Nations League B in Finland,Finland,Bulgaria,1653,1527,2,0,13,-13,1666,1514,48,78,0,-1,48,77,40,100,226
26420,Oct 11 2020,European Nations League A in Poland,Poland,Italy,1813,1982,0,0,4,-4,1817,1978,18,9,2,-1,20,8,40,100,-69
26421,Oct 11 2020,European Nations League A in Iceland,Iceland,Denmark,1688,1870,0,3,-27,27,1661,1897,56,15,-7,0,49,15,40,100,-82
26422,Oct 11 2020,European Nations League A in France,France,Portugal,2079,2028,0,0,-8,8,2071,2036,3,5,0,0,3,5,40,100,151
26423,Oct 11 2020,European Nations League A in England,England,Belgium,1973,2100,2,1,22,-22,1995,2078,3,3,4,-1,7,2,40,100,-27
26424,Oct 11 2020,European Nations League A in Croatia,Croatia,Sweden,1903,1837,2,1,11,-11,1914,1826,14,20,0,-1,14,19,40,100,166
26425,Oct 11 2020,European Nations League A in Bosnia and Herzegovina,Bosnia and Herzegovina,Netherlands,1670,1979,0,0,11,-11,1681,1968,39,16,3,-4,42,12,30,0,-309
26426,Oct 12 2020,Friendly in the United Arab Emirates,United Arab Emirates,Uzbekistan,1449,1560,1,2,-10,10,1439,1570,101,61,-4,3,97,64,20,100,-11
26427,Oct 12 2020,Friendly in Tunisia,Sudan,Togo,1303,1316,1,1,0,0,1303,1316,132,129,0,0,132,129,20,0,-13
26428,Oct 12 2020,Friendly in Turkey,Ghana,Qatar,1611,1670,5,1,22,-22,1633,1648,45,52,6,-3,51,49,20,0,-59
26429,Oct 12 2020,Friendly in Morocco,Burkina Faso,Madagascar,1545,1432,2,1,7,-7,1552,1425,70,98,1,0,71,98,20,0,113
26430,Oct 13 2020,Friendly in Austria,Nigeria,Tunisia,1702,1625,1,1,-2,2,1700,1627,39,49,0,3,39,52,20,0,77
26431,Oct 13 2020,Friendly in Niger,Niger,Sierra Leone,1263,1328,1,0,9,-9,1272,1319,134,128,5,-1,139,127,20,100,35
26432,Oct 13 2020,Friendly in Morocco,Morocco,DR Congo,1676,1489,1,1,-7,7,1669,1496,46,79,-1,1,45,80,20,100,287
26433,Oct 13 2020,Friendly in the Netherlands,Japan,Ivory Coast,1740,1626,1,0,7,-7,1747,1619,34,61,0,-4,34,57,20,0,114
26434,Oct 13 2020,Friendly in Costa Rica,Costa Rica,Panama,1637,1535,0,1,-15,15,1622,1550,58,69,-4,2,54,71,20,100,202
26435,Oct 13 2020,Friendly in Portugal,Angola,Mozambique,1342,1332,3,0,17,-17,1359,1315,111,134,5,-5,116,129,20,0,10
26436,Oct 13 2020,Friendly in the Netherlands,Algeria,Mexico,1755,1921,2,2,4,-4,1759,1917,32,13,-1,0,31,13,20,0,-166
26437,Oct 13 2020,European Nations League D in Latvia,Latvia,Malta,1257,1166,0,1,-30,30,1227,1196,155,154,-5,7,150,161,40,100,191
26438,Oct 13 2020,European Nations League D in Liechtenstein,Liechtenstein,San Marino,1137,808,0,0,-17,17,1120,825,180,209,-2,0,178,209,40,100,429
26439,Oct 13 2020,European Nations League D in the Faroe Islands,Faroe Islands,Andorra,1249,1091,2,0,11,-11,1260,1080,143,183,2,0,145,183,40,100,258
26440,Oct 13 2020,European Nations League C in Montenegro,Montenegro,Luxembourg,1568,1357,1,2,-34,34,1534,1391,80,98,-7,9,73,107,40,100,311
26441,Oct 13 2020,European Nations League C in Albania,Azerbaijan,Cyprus,1365,1319,0,0,-3,3,1362,1322,116,124,-1,2,115,126,40,0,46
26442,Oct 13 2020,European Nations League A in Ukraine,Ukraine,Spain,1832,2053,1,0,27,-27,1859,2026,16,6,1,-1,17,5,40,100,-121
26443,Oct 13 2020,European Nations League A in Germany,Germany,Switzerland,1977,1860,3,3,-11,11,1966,1871,13,15,-2,1,11,16,40,100,217
26444,Oct 13 2020,World Cup qualifier in Venezuela,Venezuela,Paraguay,1817,1740,0,1,-29,29,1788,1769,28,18,-4,8,24,26,40,100,177
26445,Oct 13 2020,World Cup qualifier in Peru,Peru,Brazil,1864,2085,2,4,-20,20,1844,2105,20,1,-2,0,18,1,40,100,-121
26446,Oct 13 2020,World Cup qualifier in Ecuador,Ecuador,Uruguay,1721,1974,4,2,42,-42,1763,1932,19,14,9,-2,28,12,40,100,-153
26447,Oct 13 2020,World Cup qualifier in Chile,Chile,Colombia,1800,1998,2,2,5,-5,1805,1993,21,8,1,-1,22,7,20,0,-198
26448,Oct 13 2020,World Cup qualifier in Bolivia,Bolivia,Argentina,1592,1972,1,2,-7,7,1585,1979,60,5,0,3,60,8,40,100,-280
26449,Oct 14 2020,European Nations League C in North Macedonia,North Macedonia,Georgia,1568,1569,1,1,-6,6,1562,1575,68,65,-1,0,67,65,40,100,99
26450,Oct 14 2020,European Nations League C in Moldova,Moldova,Slovenia,1247,1607,0,4,-14,14,1233,1621,147,50,0,4,147,54,40,100,-260
26451,Oct 14 2020,European Nations League C in Lithuania,Lithuania,Albania,1346,1530,0,0,5,-5,1351,1525,116,75,2,0,118,75,20,0,-184
26452,Oct 14 2020,European Nations League C in Greece,Greece,Kosovo,1633,1490,0,0,-12,12,1621,1502,58,79,-4,1,54,80,40,100,243
26453,Oct 14 2020,European Nations League C in Estonia,Estonia,Armenia,1379,1467,1,1,-1,1,1378,1468,111,89,0,0,111,89,30,100,12
26454,Oct 14 2020,European Nations League C in Belarus,Belarus,Kazakhstan,1489,1378,2,0,14,-14,1503,1364,76,116,3,-2,79,114,40,100,211
26455,Oct 14 2020,European Nations League B in Turkey,Turkey,Serbia,1769,1757,2,2,-6,6,1763,1763,30,24,-2,4,28,28,40,100,112
26456,Oct 14 2020,European Nations League B in Slovakia,Slovakia,Israel,1672,1548,2,3,-31,31,1641,1579,54,56,-5,8,49,64,40,100,224
26457,Oct 14 2020,European Nations League B in Scotland,Scotland,Czechia,1667,1760,1,0,20,-20,1687,1740,36,42,5,-6,41,36,40,100,7
26458,Oct 14 2020,European Nations League B in Russia,Russia,Hungary,1809,1699,0,0,-11,11,1798,1710,25,37,-2,2,23,39,40,100,210
26459,Oct 14 2020,European Nations League B in Romania,Romania,Austria,1680,1762,0,1,-21,21,1659,1783,49,21,-3,4,46,25,40,100,18
26460,Oct 14 2020,European Nations League B in Norway,Norway,Northern Ireland,1746,1626,1,0,9,-9,1755,1617,28,63,4,-5,32,58,40,100,220
26461,Oct 14 2020,European Nations League B in Finland,Finland,Ireland,1666,1700,1,0,16,-16,1682,1684,39,45,4,-3,43,42,30,0,-34
26462,Oct 14 2020,European Nations League B in Bulgaria,Bulgaria,Wales,1514,1800,0,1,-10,10,1504,1810,79,19,-1,2,78,21,40,100,-186
26463,Oct 14 2020,European Nations League A in Portugal,Portugal,Sweden,2036,1826,3,0,10,-10,2046,1816,4,21,0,-1,4,20,40,100,310
26464,Oct 14 2020,European Nations League A in Poland,Poland,Bosnia and Herzegovina,1817,1681,3,0,14,-14,1831,1667,18,48,1,-3,19,45,40,100,236
26465,Oct 14 2020,European Nations League A in Italy,Italy,Netherlands,1978,1968,1,1,-6,6,1972,1974,9,6,0,2,9,8,40,100,110
26466,Oct 14 2020,European Nations League A in Iceland,Iceland,Belgium,1661,2078,1,2,-6,6,1655,2084,46,4,1,-1,47,3,40,100,-317
26467,Oct 14 2020,European Nations League A in England,England,Denmark,1995,1897,0,1,-30,30,1965,1927,16,11,-5,2,11,13,40,100,198
26468,Oct 14 2020,European Nations League A in Croatia,Croatia,France,1914,2071,1,2,-17,17,1897,2088,16,1,-1,1,15,2,40,100,-57
26469,Oct 22 2020,Friendly in Ethiopia,Ethiopia,Zambia,1285,1440,2,3,-8,8,1277,1448,138,90,0,3,138,93,20,100,-55
26470,Oct 25 2020,Friendly in Ethiopia,Ethiopia,Zambia,1277,1448,1,3,-12,12,1265,1460,146,87,-4,3,142,90,20,100,-71
26471,Nov 6 2020,Friendly in Ethiopia,Ethiopia,Sudan,1265,1303,2,2,-2,2,1263,1305,146,132,-2,0,144,132,20,100,62
26472,Nov 7 2020,Friendly in the United Arab Emirates,Bahrain,Tajikistan,1534,1231,1,0,3,-3,1537,1228,73,150,0,-1,73,149,20,0,303
26473,Nov 11 2020,Friendly in Turkey,Turkey,Croatia,1763,1897,3,3,1,-1,1764,1896,28,15,0,0,28,15,20,100,-34
26474,Nov 11 2020,Friendly in Slovenia,Slovenia,Azerbaijan,1621,1362,0,0,-8,8,1613,1370,62,113,-4,1,58,114,20,100,359
26475,Nov 11 2020,Friendly in San Marino,San Marino,Latvia,825,1227,0,3,-5,5,820,1232,209,146,0,2,209,148,20,100,-302
26476,Nov 11 2020,Friendly in Romania,Romania,Belarus,1659,1503,5,3,6,-6,1665,1497,46,81,0,-1,46,80,20,100,256
26477,Nov 11 2020,Friendly in Portugal,Portugal,Andorra,2046,1080,7,0,0,0,2046,1080,4,183,0,0,4,183,20,0,966
26478,Nov 11 2020,Friendly in Poland,Poland,Ukraine,1831,1859,2,0,12,-12,1843,1847,19,17,0,0,19,17,20,100,72
26479,Nov 11 2020,Friendly in the Netherlands,Netherlands,Spain,1974,2026,1,1,-1,1,1973,2027,8,5,0,0,8,5,20,100,48
26480,Nov 11 2020,Friendly in Montenegro,Montenegro,Kazakhstan,1534,1364,0,0,-7,7,1527,1371,76,112,-1,1,75,113,20,100,270
26481,Nov 11 2020,Friendly in Malta,Malta,Liechtenstein,1196,1120,3,0,9,-9,1205,1111,157,180,2,-1,159,179,20,100,176
26482,Nov 11 2020,Friendly in Luxembourg,Luxembourg,Austria,1391,1783,0,3,-5,5,1386,1788,107,23,0,1,107,24,20,100,-292
26483,Nov 11 2020,Friendly in Lithuania,Lithuania,Faroe Islands,1351,1260,2,1,5,-5,1356,1255,118,147,0,-1,118,146,20,100,191
26484,Nov 11 2020,Friendly in Italy,Italy,Estonia,1972,1378,4,0,1,-1,1973,1377,7,107,1,2,8,109,20,0,594
26485,Nov 11 2020,Friendly in Greece,Greece,Cyprus,1621,1322,2,1,2,-2,1623,1320,50,128,2,-1,52,127,20,100,399
26486,Nov 11 2020,Friendly in Germany,Germany,Czechia,1966,1740,1,0,3,-3,1969,1737,10,36,0,0,10,36,20,100,326
26487,Nov 11 2020,Friendly in France,France,Finland,2088,1682,0,2,-28,28,2060,1710,4,35,-1,4,3,39,20,100,506
26488,Nov 11 2020,Friendly in Denmark,Denmark,Sweden,1927,1816,2,0,7,-7,1934,1809,11,22,1,-1,12,21,20,100,211
26489,Nov 11 2020,Friendly in Bulgaria,Bulgaria,Gibraltar,1504,1113,3,0,2,-2,1506,1111,78,178,0,1,78,179,20,100,491
26490,Nov 11 2020,Friendly in Belgium,Belgium,Switzerland,2084,1871,2,1,3,-3,2087,1868,1,16,1,0,2,16,20,100,313
26491,Nov 11 2020,Friendly in Albania,Albania,Kosovo,1525,1502,2,1,7,-7,1532,1495,73,84,1,-2,74,82,20,100,123
26492,Nov 11 2020,African Nations Cup qualifier in Senegal,Senegal,Guinea-Bissau,1751,1306,2,0,2,-2,1753,1304,33,135,0,-2,33,133,20,0,445
26493,Nov 11 2020,African Nations Cup qualifier in Kenya,Kenya,Comoros,1389,1205,1,1,-13,13,1376,1218,111,151,-1,3,110,154,40,100,284
26494,Nov 11 2020,African Nations Cup qualifier in Mauritania,Mauritania,Burundi,1390,1205,1,1,-14,14,1376,1219,112,149,-2,4,110,153,40,100,285
26495,Nov 11 2020,African Nations Cup qualifier in Guinea,Guinea,Chad,1443,1178,1,0,4,-4,1447,1174,90,166,3,0,93,166,20,0,265
26496,Nov 11 2020,African Nations Cup qualifier in Tunisia,Equatorial Guinea,Libya,1300,1450,3,2,28,-28,1328,1422,117,105,8,-6,125,99,40,0,-150
26497,Nov 12 2020,Friendly in Wales,Wales,United States,1810,1727,0,0,-5,5,1805,1732,22,37,-1,0,21,37,20,100,183
26498,Nov 12 2020,Friendly in the United Arab Emirates,United Arab Emirates,Tajikistan,1439,1228,3,2,3,-3,1442,1225,96,150,0,0,96,150,20,100,311
26499,Nov 12 2020,Friendly in the United Arab Emirates,Syria,Uzbekistan,1483,1570,1,0,12,-12,1495,1558,79,70,3,-2,82,68,20,0,-87
26500,Nov 12 2020,Friendly in Moldova,Moldova,Russia,1233,1798,0,0,9,-9,1242,1789,147,23,0,0,147,23,20,0,-565
26501,Nov 12 2020,Friendly in the United Arab Emirates,Iraq,Jordan,1622,1475,0,0,-4,4,1618,1479,59,84,-3,2,56,86,20,0,147
26502,Nov 12 2020,Friendly in England,England,Ireland,1965,1684,3,0,4,-4,1969,1680,7,43,2,0,9,43,20,100,381
26503,Nov 12 2020,Friendly in Bosnia and Herzegovina,Bosnia and Herzegovina,Iran,1667,1747,0,2,-16,16,1651,1763,49,26,-2,4,47,30,20,100,20
26504,Nov 12 2020,Friendly in the United Arab Emirates,Bahrain,Lebanon,1537,1404,3,1,10,-10,1547,1394,73,106,0,-1,73,105,20,0,133
26505,Nov 12 2020,African Nations Cup qualifier in Zambia,Zambia,Botswana,1460,1297,2,1,7,-7,1467,1290,90,136,0,0,90,136,40,100,263
26506,Nov 12 2020,African Nations Cup qualifier in Uganda,Uganda,South Sudan,1521,1057,1,0,1,-1,1522,1056,76,184,0,0,76,184,20,0,464
26507,Nov 12 2020,African Nations Cup qualifier in Ivory Coast,Ivory Coast,Madagascar,1619,1425,2,1,6,-6,1625,1419,48,101,4,-2,52,99,40,100,294
26508,Nov 12 2020,African Nations Cup qualifier in Ghana,Ghana,Sudan,1633,1305,2,0,5,-5,1638,1300,50,134,0,-1,50,133,40,100,428
26509,Nov 12 2020,African Nations Cup qualifier in Gabon,Gabon,Gambia,1445,1347,2,1,10,-10,1455,1337,91,124,2,-2,93,122,40,100,198
26510,Nov 12 2020,African Nations Cup qualifier in Congo,Congo,Eswatini,1381,1123,2,0,7,-7,1388,1116,106,179,1,-1,107,178,40,100,358
26511,Nov 12 2020,African Nations Cup qualifier in Cape Verde,Cape Verde,Rwanda,1403,1257,0,0,-12,12,1391,1269,107,137,-1,4,106,141,40,100,246
26512,Nov 12 2020,African Nations Cup qualifier in Cameroon,Cameroon,Mozambique,1584,1315,4,1,7,-7,1591,1308,57,132,3,-1,60,131,40,100,369
26513,Nov 12 2020,African Nations Cup qualifier in Burkina Faso,Burkina Faso,Malawi,1552,1337,3,1,8,-8,1560,1329,61,123,5,0,66,123,40,100,315
26514,Nov 12 2020,African Nations Cup qualifier in Algeria,Algeria,Zimbabwe,1759,1413,3,1,4,-4,1763,1409,29,102,1,0,30,102,20,0,346
26515,Nov 12 2020,European Championship qual in Serbia,Serbia,Scotland,1763,1687,1,1,-9,9,1754,1696,37,42,-4,0,33,42,40,100,176
26516,Nov 12 2020,European Championship qual in Northern Ireland,Northern Ireland,Slovakia,1617,1641,1,2,-24,24,1593,1665,61,41,-2,4,59,45,40,100,76
26517,Nov 12 2020,European Championship qual in Hungary,Hungary,Iceland,1710,1655,2,1,12,-12,1722,1643,37,51,1,-2,38,49,40,100,155
26518,Nov 12 2020,European Championship qual in Georgia,Georgia,North Macedonia,1575,1562,0,1,-26,26,1549,1588,79,55,-7,6,72,61,40,100,113
26519,Nov 12 2020,World Cup qualifier in Bolivia,Bolivia,Ecuador,1585,1763,2,3,-16,16,1569,1779,70,25,-5,2,65,27,40,100,-78
26520,Nov 12 2020,World Cup qualifier in Argentina,Argentina,Paraguay,1979,1769,1,1,-14,14,1965,1783,15,25,-4,1,11,26,40,100,310
26521,Nov 13 2020,Friendly in Austria,Japan,Panama,1747,1550,1,0,5,-5,1752,1545,35,75,0,-2,35,73,20,0,197
26522,Nov 13 2020,Friendly in Austria,Costa Rica,Qatar,1622,1648,1,1,1,-1,1623,1647,52,48,1,0,53,48,20,0,-26
26523,Nov 13 2020,Friendly in Bangladesh,Bangladesh,Nepal,828,917,2,0,15,-15,843,902,206,203,1,-3,207,200,20,100,11
26524,Nov 13 2020,African Nations Cup qualifier in Tunisia,Tunisia,Tanzania,1627,1286,1,0,3,-3,1630,1283,51,139,0,-1,51,138,40,100,441
26525,Nov 13 2020,African Nations Cup qualifier in South Africa,South Africa,São Tomé and Príncipe,1512,1092,2,0,3,-3,1515,1089,77,182,0,0,77,182,40,100,520
26526,Nov 13 2020,African Nations Cup qualifier in Nigeria,Nigeria,Sierra Leone,1700,1319,4,4,-18,18,1682,1337,43,114,-1,7,42,121,40,100,481
26527,Nov 13 2020,African Nations Cup qualifier in Niger,Niger,Ethiopia,1272,1263,1,0,14,-14,1286,1249,136,147,1,-1,137,146,40,100,109
26528,Nov 13 2020,African Nations Cup qualifier in Morocco,Morocco,Central African Republic,1669,1348,4,1,6,-6,1675,1342,44,121,0,-1,44,120,40,100,421
26529,Nov 13 2020,African Nations Cup qualifier in Mali,Mali,Namibia,1559,1338,1,0,5,-5,1564,1333,65,125,1,-2,66,123,40,100,321
26530,Nov 13 2020,World Cup qualifier in Colombia,Colombia,Uruguay,1993,1932,0,3,-50,50,1943,1982,18,-1,-6,7,12,6,40,100,161
26531,Nov 13 2020,World Cup qualifier in Chile,Chile,Peru,1805,1844,2,0,25,-25,1830,1819,17,22,2,-2,19,20,30,0,-39
26532,Nov 13 2020,World Cup qualifier in Brazil,Brazil,Venezuela,2105,1788,1,0,3,-3,2108,1785,1,26,0,-1,1,25,20,0,317
26533,Nov 14 2020,Friendly in Saudi Arabia,Saudi Arabia,Jamaica,1554,1585,3,0,14,-14,1568,1571,62,66,4,-2,66,64,20,100,69
26534,Nov 14 2020,Friendly in Austria,Mexico,South Korea,1917,1771,3,2,6,-6,1923,1765,14,28,0,0,14,28,20,0,146
26535,Nov 14 2020,African Nations Cup qualifier in Egypt,Egypt,Togo,1585,1316,1,0,4,-4,1589,1312,60,131,1,-1,61,130,20,0,269
26536,Nov 14 2020,African Nations Cup qualifier in the Dem Rep of the Congo,DR Congo,Angola,1496,1359,0,0,-12,12,1484,1371,89,110,-4,3,85,113,40,100,237
26537,Nov 14 2020,African Nations Cup qualifier in Benin,Benin,Lesotho,1479,1299,1,0,7,-7,1486,1292,80,136,3,-1,83,135,40,100,280
26538,Nov 14 2020,European Nations League D in San Marino,San Marino,Gibraltar,820,1111,0,0,10,-10,830,1101,209,181,0,-1,209,180,30,0,-291
26539,Nov 14 2020,European Nations League D in Malta,Malta,Andorra,1205,1080,3,1,13,-13,1218,1067,149,183,5,0,154,183,40,100,225
26540,Nov 14 2020,European Nations League D in Latvia,Latvia,Faroe Islands,1232,1255,1,1,-4,4,1228,1259,150,145,-1,0,149,145,40,100,77
26541,Nov 14 2020,European Nations League C in Cyprus,Cyprus,Luxembourg,1320,1386,2,1,18,-18,1338,1368,114,124,7,-8,121,116,30,0,-66
26542,Nov 14 2020,European Nations League C in Croatia,Azerbaijan,Montenegro,1370,1527,0,0,8,-8,1378,1519,102,77,6,-1,108,76,40,0,-157
26543,Nov 14 2020,European Nations League A in Switzerland,Switzerland,Spain,1868,2027,1,1,3,-3,1871,2024,16,3,0,1,16,4,30,100,-59
26544,Nov 14 2020,European Nations League A in Sweden,Sweden,Croatia,1809,1896,2,1,19,-19,1828,1877,19,15,1,0,20,15,30,0,-87
26545,Nov 14 2020,European Nations League A in Portugal,Portugal,France,2046,2060,0,1,-25,25,2021,2085,6,3,-1,0,5,3,40,100,86
26546,Nov 14 2020,European Nations League A in Germany,Germany,Ukraine,1969,1847,3,1,13,-13,1982,1834,3,19,3,-1,6,18,40,100,222
26547,Nov 15 2020,Friendly in Guatemala,Guatemala,Honduras,1476,1621,2,1,11,-11,1487,1610,78,59,5,-2,83,57,20,100,-45
26548,Nov 15 2020,African Nations Cup qualifier in Guinea-Bissau,Guinea-Bissau,Senegal,1304,1753,0,1,-5,5,1299,1758,134,30,-1,2,133,32,40,100,-349
26549,Nov 15 2020,African Nations Cup qualifier in Equatorial Guinea,Equatorial Guinea,Libya,1328,1422,1,0,20,-20,1348,1402,107,108,10,-5,117,103,40,100,6
26550,Nov 15 2020,African Nations Cup qualifier in the Comoros,Comoros,Kenya,1218,1376,2,1,23,-23,1241,1353,142,122,6,-6,148,116,40,100,-58
26551,Nov 15 2020,African Nations Cup qualifier in Chad,Chad,Guinea,1174,1447,1,1,9,-9,1183,1438,162,98,2,-2,164,96,40,100,-173
26552,Nov 15 2020,African Nations Cup qualifier in Burundi,Burundi,Mauritania,1219,1376,3,1,35,-35,1254,1341,139,132,7,-11,146,121,40,100,-57
26553,Nov 15 2020,European Nations League C in Slovenia,Slovenia,Kosovo,1613,1495,2,1,9,-9,1622,1486,53,87,2,-3,55,84,40,100,218
26554,Nov 15 2020,European Nations League C in North Macedonia,North Macedonia,Estonia,1588,1377,2,1,6,-6,1594,1371,56,111,3,-1,59,110,40,100,311
26555,Nov 15 2020,European Nations League C in Moldova,Moldova,Greece,1242,1623,0,2,-10,10,1232,1633,151,49,-2,2,149,51,40,100,-281
26556,Nov 15 2020,European Nations League C in Georgia,Georgia,Armenia,1549,1468,1,2,-30,30,1519,1498,79,71,-4,9,75,80,40,100,181
26557,Nov 15 2020,European Nations League C in Belarus,Belarus,Lithuania,1497,1356,2,0,12,-12,1509,1344,76,120,2,-1,78,119,40,100,241
26558,Nov 15 2020,European Nations League C in Albania,Albania,Kazakhstan,1532,1371,3,1,11,-11,1543,1360,72,115,1,-1,73,114,40,100,261
26559,Nov 15 2020,European Nations League B in Wales,Wales,Ireland,1805,1680,1,0,9,-9,1814,1671,22,47,0,-2,22,45,40,100,225
26560,Nov 15 2020,European Nations League B in Turkey,Turkey,Russia,1764,1789,3,2,16,-16,1780,1773,23,33,3,-5,26,28,30,0,-25
26561,Nov 15 2020,European Nations League B in Slovakia,Slovakia,Scotland,1665,1696,1,0,16,-16,1681,1680,39,45,3,-2,42,43,30,0,-31
26562,Nov 15 2020,European Nations League B in Hungary,Hungary,Serbia,1722,1754,1,1,-4,4,1718,1758,40,31,-1,1,39,32,40,100,68
26563,Nov 15 2020,European Nations League B in Czechia,Czechia,Israel,1737,1579,1,0,7,-7,1744,1572,36,63,0,0,36,63,40,100,258
26564,Nov 15 2020,European Nations League B in Bulgaria,Bulgaria,Finland,1506,1710,1,2,-14,14,1492,1724,86,36,-4,2,82,38,40,100,-104
26565,Nov 15 2020,European Nations League B in Austria,Austria,Northern Ireland,1788,1593,2,1,6,-6,1794,1587,22,65,1,-3,23,62,40,100,295
26566,Nov 15 2020,European Nations League A in the Netherlands,Netherlands,Bosnia and Herzegovina,1973,1651,3,1,5,-5,1978,1646,10,49,-1,-1,9,48,40,100,422
26567,Nov 15 2020,European Nations League A in Italy,Italy,Poland,1973,1843,2,0,13,-13,1986,1830,4,19,2,-1,6,18,40,100,230
26568,Nov 15 2020,European Nations League A in Denmark,Denmark,Iceland,1934,1643,2,1,4,-4,1938,1639,13,49,0,0,13,49,40,100,391
26569,Nov 15 2020,European Nations League A in Belgium,Belgium,England,2087,1969,2,0,13,-13,2100,1956,2,12,0,-1,2,11,40,100,218
26570,Nov 16 2020,Friendly in Austria,United States,Panama,1732,1545,6,2,10,-10,1742,1535,37,74,0,-1,37,73,20,0,187
26571,Nov 16 2020,Friendly in the United Arab Emirates,United Arab Emirates,Bahrain,1442,1547,1,3,-15,15,1427,1562,97,65,-1,3,96,68,20,100,-5
26572,Nov 16 2020,Friendly in the United Arab Emirates,Jordan,Syria,1479,1495,1,0,10,-10,1489,1485,73,91,8,-5,81,86,20,0,-16
26573,Nov 16 2020,African Nations Cup qualifier in Zimbabwe,Zimbabwe,Algeria,1409,1763,2,2,12,-12,1421,1751,95,40,3,-5,98,35,30,0,-354
26574,Nov 16 2020,African Nations Cup qualifier in Kenya,South Sudan,Uganda,1056,1522,1,0,37,-37,1093,1485,180,98,2,-12,182,86,40,0,-466
26575,Nov 16 2020,African Nations Cup qualifier in South Africa,South Africa,São Tomé and Príncipe,1515,1089,4,2,3,-3,1518,1086,75,184,1,-1,76,183,40,100,526
26576,Nov 16 2020,African Nations Cup qualifier in Mozambique,Mozambique,Cameroon,1308,1591,0,2,-16,16,1292,1607,139,56,-4,2,135,58,40,100,-183
26577,Nov 16 2020,African Nations Cup qualifier in Malawi,Malawi,Burkina Faso,1329,1560,0,0,7,-7,1336,1553,124,74,1,-3,125,71,40,100,-131
26578,Nov 16 2020,African Nations Cup qualifier in The Gambia,Gambia,Gabon,1337,1455,2,1,21,-21,1358,1434,107,97,8,-2,115,95,40,100,-18
26579,Nov 16 2020,African Nations Cup qualifier in Eswatini,Eswatini,Congo,1116,1388,0,0,9,-9,1125,1379,176,107,1,0,177,107,40,100,-172
26580,Nov 16 2020,African Nations Cup qualifier in Botswana,Botswana,Zambia,1290,1467,1,0,24,-24,1314,1443,122,96,7,-3,129,93,40,100,-77
26581,Nov 17 2020,Friendly in Austria,South Korea,Qatar,1765,1647,2,1,7,-7,1772,1640,27,49,1,-1,28,48,20,0,118
26582,Nov 17 2020,Friendly in Saudi Arabia,Saudi Arabia,Jamaica,1568,1571,1,2,-13,13,1555,1584,72,62,-3,1,69,63,20,100,97
26583,Nov 17 2020,Friendly in Austria,Mexico,Japan,1923,1752,2,0,8,-8,1931,1744,12,36,1,-1,13,35,20,0,171
26584,Nov 17 2020,Friendly in the United Arab Emirates,Iraq,Uzbekistan,1618,1558,2,1,8,-8,1626,1550,46,73,5,-2,51,71,20,0,60
26585,Nov 17 2020,Friendly in Bangladesh,Bangladesh,Nepal,843,902,0,0,-1,1,842,903,207,198,0,1,207,199,20,100,41
26586,Nov 17 2020,African Nations Cup qualifier in Togo,Togo,Egypt,1312,1589,1,3,-16,16,1296,1605,139,57,-4,2,135,59,40,100,-177
26587,Nov 17 2020,African Nations Cup qualifier in Tanzania,Tanzania,Tunisia,1283,1630,1,1,12,-12,1295,1618,134,58,2,-3,136,55,40,100,-247
26588,Nov 17 2020,African Nations Cup qualifier in Sudan,Sudan,Ghana,1300,1638,1,0,32,-32,1332,1606,118,66,7,-8,125,58,40,100,-238
26589,Nov 17 2020,African Nations Cup qualifier in Sierra Leone,Sierra Leone,Nigeria,1337,1682,0,0,12,-12,1349,1670,112,49,6,-4,118,45,40,100,-245
26590,Nov 17 2020,African Nations Cup qualifier in Rwanda,Rwanda,Cape Verde,1269,1391,0,0,1,-1,1270,1390,139,106,1,0,140,106,20,100,-22
26591,Nov 17 2020,African Nations Cup qualifier in Namibia,Namibia,Mali,1333,1564,1,2,-13,13,1320,1577,132,63,-3,2,129,65,40,100,-131
26592,Nov 17 2020,African Nations Cup qualifier in Madagascar,Madagascar,Ivory Coast,1419,1625,1,1,6,-6,1425,1619,95,55,2,-1,97,54,40,100,-106
26593,Nov 17 2020,African Nations Cup qualifier in Lesotho,Lesotho,Benin,1292,1486,0,0,5,-5,1297,1481,133,95,1,-6,134,89,20,0,-194
26594,Nov 17 2020,African Nations Cup qualifier in Ethiopia,Ethiopia,Niger,1249,1286,3,0,29,-29,1278,1257,129,157,9,-10,138,147,30,0,-37
26595,Nov 17 2020,African Nations Cup qualifier in Cameroon,Central African Republic,Morocco,1342,1675,0,2,-8,8,1334,1683,127,38,-3,3,124,41,40,0,-333
26596,Nov 17 2020,African Nations Cup qualifier in Angola,Angola,DR Congo,1371,1484,0,1,-19,19,1352,1503,124,68,-7,10,117,78,40,100,-13
26597,Nov 17 2020,European Nations League D in Malta,Malta,Faroe Islands,1218,1259,1,1,-3,3,1215,1262,155,145,0,0,155,145,30,100,59
26598,Nov 17 2020,European Nations League D in Gibraltar,Gibraltar,Liechtenstein,1101,1111,1,1,-5,5,1096,1116,182,179,-1,0,181,179,40,100,90
26599,Nov 17 2020,European Nations League D in Andorra,Andorra,Latvia,1067,1228,0,5,-33,33,1034,1261,188,141,-2,5,186,146,40,100,-61
26600,Nov 17 2020,European Nations League C in Montenegro,Montenegro,Cyprus,1519,1338,4,0,12,-12,1531,1326,74,133,0,-5,74,128,40,100,281
26601,Nov 17 2020,European Nations League C in Luxembourg,Luxembourg,Azerbaijan,1368,1378,0,0,-5,5,1363,1383,111,106,1,1,112,107,40,100,90
26602,Nov 17 2020,European Nations League A in Spain,Spain,Germany,2024,1982,6,0,26,-26,2050,1956,4,11,0,-2,4,9,40,100,142
26603,Nov 17 2020,European Nations League A in France,France,Sweden,2085,1828,4,2,7,-7,2092,1821,3,20,0,0,3,20,40,100,357
26604,Nov 17 2020,European Nations League A in Croatia,Croatia,Portugal,1877,2021,2,3,-17,17,1860,2038,17,5,-1,0,16,5,40,100,-44
26605,Nov 17 2020,World Cup qualifier in Venezuela,Venezuela,Chile,1785,1830,2,1,17,-17,1802,1813,22,26,1,-4,23,22,30,0,-45
26606,Nov 17 2020,World Cup qualifier in Uruguay,Uruguay,Brazil,1982,2108,0,2,-28,28,1954,2136,15,1,-4,0,11,1,40,100,-26
26607,Nov 17 2020,World Cup qualifier in Peru,Peru,Argentina,1819,1965,0,2,-26,26,1793,1991,29,2,-4,4,25,6,40,100,-46
26608,Nov 17 2020,World Cup qualifier in Paraguay,Paraguay,Bolivia,1783,1569,2,2,-14,14,1769,1583,33,63,-4,1,29,64,40,100,314
26609,Nov 17 2020,World Cup qualifier in Ecuador,Ecuador,Colombia,1779,1943,6,1,47,-47,1826,1896,11,16,8,-2,19,14,40,100,-64
26610,Nov 18 2020,European Nations League C in Kosovo,Kosovo,Moldova,1486,1232,1,0,5,-5,1491,1227,80,152,2,-1,82,151,40,100,354
26611,Nov 18 2020,European Nations League C in Kazakhstan,Kazakhstan,Lithuania,1360,1344,1,2,-26,26,1334,1370,133,101,-10,10,123,111,40,100,116
26612,Nov 18 2020,European Nations League C in Greece,Greece,Slovenia,1633,1622,0,0,-6,6,1627,1628,52,47,-1,3,51,50,40,100,111
26613,Nov 18 2020,European Nations League C in Georgia,Georgia,Estonia,1519,1371,0,0,-12,12,1507,1383,79,104,-2,3,77,107,40,100,248
26614,Nov 18 2020,European Nations League C in Cyprus,Armenia,North Macedonia,1498,1594,1,0,25,-25,1523,1569,70,71,5,-5,75,66,40,0,-96
26615,Nov 18 2020,European Nations League C in Albania,Albania,Belarus,1543,1509,3,2,13,-13,1556,1496,66,85,3,-4,69,81,40,100,134
26616,Nov 18 2020,European Nations League B in Wales,Wales,Finland,1814,1724,3,1,15,-15,1829,1709,15,42,3,-2,18,40,40,100,190
26617,Nov 18 2020,European Nations League B in Serbia,Serbia,Russia,1758,1773,5,0,30,-30,1788,1743,19,47,6,-10,25,37,40,100,85
26618,Nov 18 2020,European Nations League B in Northern Ireland,Northern Ireland,Romania,1587,1665,1,1,-1,1,1586,1666,62,40,0,3,62,43,20,100,22
26619,Nov 18 2020,European Nations League B in Israel,Israel,Scotland,1572,1680,1,0,20,-20,1592,1660,56,47,5,-2,61,45,30,0,-108
26620,Nov 18 2020,European Nations League B in Ireland,Ireland,Bulgaria,1671,1492,0,0,-13,13,1658,1505,48,75,-2,3,46,78,40,100,279
26621,Nov 18 2020,European Nations League B in Hungary,Hungary,Turkey,1718,1780,2,0,27,-27,1745,1753,31,40,4,-7,35,33,40,100,38
26622,Nov 18 2020,European Nations League B in Czechia,Czechia,Slovakia,1744,1681,2,0,17,-17,1761,1664,27,46,4,-2,31,44,40,100,163
26623,Nov 18 2020,European Nations League B in Austria,Austria,Norway,1794,1755,1,1,-8,8,1786,1763,28,25,-2,4,26,29,40,100,139
26624,Nov 18 2020,European Nations League A in Poland,Poland,Netherlands,1830,1978,1,2,-17,17,1813,1995,24,6,-3,1,21,7,40,100,-48
26625,Nov 18 2020,European Nations League A in England,England,Iceland,1956,1639,4,0,6,-6,1962,1633,9,49,0,0,9,49,40,100,417
26626,Nov 18 2020,European Nations League A in Bosnia and Herzegovina,Bosnia and Herzegovina,Italy,1646,1986,0,2,-12,12,1634,1998,49,5,-1,1,48,6,40,100,-240
26627,Nov 18 2020,European Nations League A in Belgium,Belgium,Denmark,2100,1938,4,2,11,-11,2111,1927,2,14,0,-1,2,13,40,100,262
26628,Dec 4 2020,World Cup & Asian Cup qual in Qatar,Qatar,Bangladesh,1640,842,5,0,0,0,1640,842,47,207,0,0,47,207,20,0,798
26629,Dec 9 2020,Friendly in the United States,United States,El Salvador,1742,1484,6,0,5,-5,1747,1479,32,90,3,-1,35,89,20,100,358
