,date,tournament,home_team,away_team,home_team_rating,away_team_rating,home_goals,away_goals,home_team_rating_change,away_team_rating_change,home_team_new_rating,away_team_new_rating,home_team_rank,away_team_rank,home_team_rank_change,away_team_rank_change,home_team_new_rank,away_team_new_rank,k,hadv,rdiff
0,Jan 2 2008,Friendly in Kuwait,Kuwait,Lebanon,1461,1337,3,2,4,-4,1465,1333,92,127,0,-3,92,124,20,100,224
1,Jan 5 2008,Friendly in Egypt,Egypt,Namibia,1682,1281,3,0,2,-2,1684,1279,41,136,0,-1,41,135,20,100,501
2,Jan 6 2008,Friendly in Tunisia,Tunisia,Zambia,1637,1565,1,2,-15,15,1622,1580,60,55,-3,6,57,61,20,100,172
3,Jan 8 2008,Friendly in Tunisia,Tunisia,Zambia,1622,1580,1,0,6,-6,1628,1574,53,63,2,-1,55,62,20,100,142
4,Jan 9 2008,Friendly in Spain,Nigeria,Sudan,1753,1449,2,0,4,-4,1757,1445,31,100,1,-1,32,99,20,0,304
5,Jan 10 2008,Friendly in the United Arab Emirates,Egypt,Mali,1684,1568,1,0,7,-7,1691,1561,39,70,1,-2,40,68,20,0,116
6,Jan 10 2008,Friendly in Qatar,Qatar,Iran,1469,1779,0,0,5,-5,1474,1774,88,26,1,0,89,26,20,100,-210
7,Jan 10 2008,Friendly tournament in the United Arab Emirates,United Arab Emirates,China,1444,1570,0,0,1,-1,1445,1569,98,66,1,-1,99,65,20,100,-26
8,Jan 11 2008,Friendly in Spain,Guinea,Sudan,1618,1445,6,0,11,-11,1629,1434,52,103,3,-2,55,101,20,0,173
9,Jan 12 2008,Friendly in Kuwait,Kuwait,Ivory Coast,1465,1754,0,2,-8,8,1457,1762,92,27,0,3,92,30,20,100,-189
10,Jan 12 2008,Friendly in Morocco,Morocco,Zambia,1679,1574,2,0,7,-7,1686,1567,42,68,0,-3,42,65,20,100,205
11,Jan 12 2008,Friendly in Senegal,Senegal,Namibia,1655,1279,3,1,2,-2,1657,1277,48,137,0,-1,48,136,20,100,476
12,Jan 13 2008,Friendly in Portugal,Angola,Egypt,1530,1691,3,3,4,-4,1534,1687,77,42,1,-1,78,41,20,0,-161
13,Jan 13 2008,Friendly in Barbados,Barbados,Antigua and Barbuda,1303,1086,3,2,3,-3,1306,1083,129,176,1,0,130,176,20,100,317
14,Jan 13 2008,Friendly in Costa Rica,Costa Rica,Sweden,1639,1800,0,1,-8,8,1631,1808,55,18,-1,1,54,19,20,100,-61
15,Jan 13 2008,Friendly in Guyana,Guyana,St Vincent & Grenadines,1343,1337,1,0,7,-7,1350,1330,117,127,1,-3,118,124,20,100,106
16,Jan 13 2008,Friendly in South Africa,South Africa,Mozambique,1484,1357,2,0,6,-6,1490,1351,85,118,1,-1,86,117,20,100,227
17,Jan 13 2008,Friendly in Syria,Syria,Qatar,1523,1474,0,0,-4,4,1519,1478,80,87,0,1,80,88,20,100,149
18,Jan 16 2008,Friendly in Bahrain,Bahrain,Kuwait,1451,1457,1,0,7,-7,1458,1450,87,102,5,-5,92,97,20,100,94
19,Jan 16 2008,Friendly in Bermuda,Bermuda,Puerto Rico,1141,881,0,2,-27,27,1114,908,177,195,-3,3,174,198,20,100,360
20,Jan 16 2008,Friendly in Morocco,Morocco,Angola,1686,1534,2,1,4,-4,1690,1530,38,80,2,-1,40,79,20,100,252
21,Jan 16 2008,Friendly in Burkina Faso,Senegal,Benin,1657,1385,2,1,3,-3,1660,1382,46,110,1,0,47,110,20,0,272
22,Jan 16 2008,Friendly in South Africa,South Africa,Botswana,1490,1321,2,1,4,-4,1494,1317,86,129,0,-1,86,128,20,100,269
23,Jan 18 2008,Friendly in Bermuda,Bermuda,Puerto Rico,1114,908,0,1,-17,17,1097,925,176,192,-1,3,175,195,20,100,306
24,Jan 18 2008,Friendly in Dominica,Dominica,Guadeloupe,996,1454,0,3,-4,4,992,1458,187,89,0,3,187,92,20,100,-358
25,Jan 19 2008,Friendly in the United States,United States,Sweden,1764,1808,2,0,13,-13,1777,1795,23,23,3,-2,26,21,20,100,56
26,Jan 20 2008,Friendly in China,China,Lebanon,1569,1333,0,0,-7,7,1562,1340,70,115,-3,4,67,119,20,100,336
27,Jan 20 2008,African Nations Cup in Ghana,Ghana,Guinea,1762,1629,2,1,10,-10,1772,1619,26,61,2,-3,28,58,30,0,133
28,Jan 20 2008,Friendly in Guyana,Guyana,Grenada,1350,1185,1,2,-16,16,1334,1201,126,148,-4,7,122,155,20,100,265
29,Jan 21 2008,African Nations Cup in Ghana,Ivory Coast,Nigeria,1762,1757,1,0,25,-25,1787,1732,17,39,7,-3,24,36,50,0,5
30,Jan 21 2008,African Nations Cup in Ghana,Mali,Benin,1561,1382,1,0,13,-13,1574,1369,56,116,6,-3,62,113,50,0,179
31,Jan 21 2008,African Nations Cup in Ghana,Morocco,Namibia,1690,1277,5,1,8,-8,1698,1269,40,140,0,-2,40,138,50,0,413
32,Jan 22 2008,Friendly in Belize,Belize,El Salvador,1050,1377,0,1,-4,4,1046,1381,184,109,-1,1,183,110,20,100,-227
33,Jan 22 2008,African Nations Cup in Ghana,Egypt,Cameroon,1687,1737,4,2,43,-43,1730,1694,34,47,4,-6,38,41,50,0,-50
34,Jan 22 2008,African Nations Cup in Ghana,Zambia,Sudan,1567,1434,3,0,28,-28,1595,1406,55,107,5,-3,60,104,50,0,133
35,Jan 23 2008,African Nations Cup in Ghana,Angola,South Africa,1530,1494,1,1,-3,3,1527,1497,81,86,-1,0,80,86,50,0,36
36,Jan 23 2008,Friendly in Bahrain,Bahrain,Syria,1458,1519,1,2,-11,11,1447,1530,104,78,-6,1,98,79,20,100,39
37,Jan 23 2008,African Nations Cup in Ghana,Senegal,Tunisia,1660,1628,2,2,-2,2,1658,1630,49,55,-1,0,48,55,40,0,32
38,Jan 24 2008,African Nations Cup in Ghana,Ghana,Namibia,1772,1269,1,0,2,-2,1774,1267,27,140,1,-1,28,139,30,0,503
39,Jan 24 2008,African Nations Cup in Ghana,Guinea,Morocco,1619,1698,3,2,31,-31,1650,1667,44,50,7,-5,51,45,50,0,-79
40,Jan 24 2008,Friendly in the United Arab Emirates,Iraq,Jordan,1643,1519,1,1,-3,3,1640,1522,55,81,-2,0,53,81,20,0,124
41,Jan 24 2008,Friendly in Oman,Singapore,Kuwait,1353,1450,2,0,19,-19,1372,1431,110,104,3,-4,113,100,20,0,-97
42,Jan 25 2008,African Nations Cup in Ghana,Ivory Coast,Benin,1787,1369,4,1,7,-7,1794,1362,20,116,2,-1,22,115,50,0,418
43,Jan 25 2008,African Nations Cup in Ghana,Mali,Nigeria,1574,1732,0,0,11,-11,1585,1721,59,43,2,-4,61,39,50,0,-158
44,Jan 26 2008,Friendly in Bahrain,Bahrain,Yemen,1447,1215,2,1,3,-3,1450,1212,95,152,1,0,96,152,20,100,332
45,Jan 26 2008,African Nations Cup in Ghana,Cameroon,Zambia,1694,1595,5,1,34,-34,1728,1561,38,76,1,-8,39,68,50,0,99
46,Jan 26 2008,African Nations Cup in Ghana,Egypt,Sudan,1730,1406,3,0,12,-12,1742,1394,33,112,2,-4,35,108,50,0,324
47,Jan 26 2008,Friendly in Haiti,Haiti,El Salvador,1549,1381,0,0,-6,6,1543,1387,74,110,-1,0,73,110,20,100,268
48,Jan 26 2008,Friendly in Japan,Japan,Chile,1781,1727,0,0,-4,4,1777,1731,26,34,0,2,26,36,20,100,154
49,Jan 26 2008,Friendly in Puerto Rico,Puerto Rico,Trinidad and Tobago,925,1502,2,2,9,-9,934,1493,193,88,1,-2,194,86,20,0,-577
50,Jan 27 2008,African Nations Cup in Ghana,Angola,Senegal,1527,1658,3,1,51,-51,1578,1607,46,68,17,-10,63,58,50,0,-131
51,Jan 27 2008,Friendly in China,China,Syria,1562,1530,2,1,6,-6,1568,1524,65,81,1,-1,66,80,20,100,132
52,Jan 27 2008,Friendly in Oman,Oman,Singapore,1539,1372,2,0,5,-5,1544,1367,72,115,2,-1,74,114,20,100,267
53,Jan 27 2008,Friendly in St Vincent & Grenadines,St Vincent & Grenadines,Guyana,1330,1334,2,2,-3,3,1327,1337,124,120,0,1,124,121,20,100,96
54,Jan 27 2008,African Nations Cup in Ghana,Tunisia,South Africa,1630,1497,3,1,24,-24,1654,1473,42,93,7,-4,49,89,50,0,133
55,Jan 28 2008,African Nations Cup in Ghana,Ghana,Morocco,1774,1667,2,0,17,-17,1791,1650,18,55,5,-5,23,50,50,100,207
56,Jan 28 2008,African Nations Cup in Ghana,Guinea,Namibia,1650,1267,1,1,-20,20,1630,1287,59,125,-4,7,55,132,50,0,383
57,Jan 28 2008,Friendly in Jordan,Jordan,Lebanon,1522,1340,4,1,6,-6,1528,1334,79,125,1,-3,80,122,20,100,282
58,Jan 29 2008,Friendly in Haiti,Haiti,El Salvador,1543,1387,0,0,-6,6,1537,1393,79,108,-2,1,77,109,20,100,256
59,Jan 29 2008,African Nations Cup in Ghana,Ivory Coast,Mali,1794,1585,3,0,20,-20,1814,1565,16,74,3,-7,19,67,50,0,209
60,Jan 29 2008,African Nations Cup in Ghana,Nigeria,Benin,1721,1362,2,0,8,-8,1729,1354,38,117,1,-1,39,116,50,0,359
61,Jan 29 2008,Friendly in Trinidad and Tobago,Trinidad and Tobago,Guyana,1493,1337,2,1,4,-4,1497,1333,85,126,0,-3,85,123,20,100,256
62,Jan 30 2008,African Nations Cup in Ghana,Cameroon,Sudan,1728,1394,3,0,11,-11,1739,1383,32,112,4,-2,36,110,50,0,334
63,Jan 30 2008,African Nations Cup in Ghana,Egypt,Zambia,1742,1561,1,1,-12,12,1730,1573,43,57,-4,6,39,63,50,0,181
64,Jan 30 2008,Friendly in Iran,Iran,Costa Rica,1774,1631,0,0,-6,6,1768,1637,33,52,-2,1,31,53,20,100,243
65,Jan 30 2008,Friendly in Japan,Japan,Bosnia and Herzegovina,1777,1540,3,0,4,-4,1781,1536,27,80,0,-2,27,78,20,100,337
66,Jan 30 2008,Friendly in Martinique,Martinique,Canada,1378,1627,0,1,-6,6,1372,1633,113,51,-1,3,112,54,20,100,-149
67,Jan 30 2008,Friendly in Oman,Oman,Kuwait,1544,1431,1,1,-5,5,1539,1436,76,100,-1,0,75,100,20,100,213
68,Jan 30 2008,Friendly in Saudi Arabia,Saudi Arabia,Luxembourg,1655,1037,2,1,0,0,1655,1037,45,185,1,0,46,185,20,100,718
69,Jan 30 2008,Friendly in South Korea,South Korea,Chile,1660,1731,0,1,-11,11,1649,1742,54,34,-4,1,50,35,20,100,29
70,Jan 31 2008,African Nations Cup in Ghana,Angola,Tunisia,1578,1654,0,0,5,-5,1583,1649,58,51,2,-2,60,49,50,0,-76
71,Jan 31 2008,Friendly in Jordan,Jordan,Singapore,1528,1367,2,1,4,-4,1532,1363,80,114,0,0,80,114,20,100,261
72,Jan 31 2008,African Nations Cup in Ghana,Senegal,South Africa,1607,1473,1,1,-9,9,1598,1482,58,85,0,2,58,87,30,100,234
73,Jan 31 2008,Friendly in the United Arab Emirates,United Arab Emirates,Iraq,1445,1640,0,1,-7,7,1438,1647,98,50,0,1,98,51,20,100,-95
74,Feb 2 2008,Friendly tournament in Malta,Belarus,Iceland,1566,1405,2,0,13,-13,1579,1392,59,111,4,-3,63,108,30,0,161
75,Feb 2 2008,Friendly tournament in Malta,Malta,Armenia,1244,1420,0,1,-12,12,1232,1432,150,100,-3,1,147,101,30,100,-76
76,Feb 3 2008,Friendly in Turkey,Azerbaijan,Kazakhstan,1369,1376,0,0,0,0,1369,1376,113,111,0,0,113,111,20,0,-7
77,Feb 3 2008,World Cup qualifier in Bermuda,Bermuda,Cayman Islands,1097,981,1,1,-11,11,1086,992,175,185,0,2,175,187,40,100,216
78,Feb 3 2008,African Nations Cup in Ghana,Ghana,Nigeria,1791,1729,2,1,14,-14,1805,1715,19,40,2,0,21,40,50,100,162
79,Feb 3 2008,African Nations Cup in Ghana,Ivory Coast,Guinea,1814,1630,5,0,26,-26,1840,1604,11,58,4,-1,15,57,50,0,184
80,Feb 3 2008,Friendly in Venezuela,Venezuela,Haiti,1669,1537,1,0,4,-4,1673,1533,40,80,2,-2,42,78,20,100,232
81,Feb 4 2008,Friendly tournament in Malta,Armenia,Belarus,1432,1579,2,1,21,-21,1453,1558,91,75,5,-6,96,69,30,0,-147
82,Feb 4 2008,African Nations Cup in Ghana,Cameroon,Tunisia,1739,1649,3,2,19,-19,1758,1630,30,61,3,-6,33,55,50,0,90
83,Feb 4 2008,African Nations Cup in Ghana,Egypt,Angola,1730,1583,2,1,15,-15,1745,1568,31,70,4,-5,35,65,50,0,147
84,Feb 4 2008,Friendly tournament in Malta,Malta,Iceland,1232,1392,1,0,18,-18,1250,1374,139,114,4,-3,143,111,30,100,-60
85,Feb 6 2008,World Cup qualifier in Aruba,Aruba,Antigua and Barbuda,936,1083,0,3,-30,30,906,1113,205,172,-6,2,199,174,40,100,-47
86,Feb 6 2008,World Cup qualifier in Australia,Australia,Qatar,1731,1478,3,0,8,-8,1739,1470,38,94,0,-3,38,91,40,100,353
87,Feb 6 2008,Friendly in Austria,Austria,Germany,1598,1943,0,3,-7,7,1591,1950,60,6,-1,1,59,7,20,100,-245
88,Feb 6 2008,World Cup qualifier in Guatemala,Belize,Saint Kitts and Nevis,1046,1207,3,1,43,-43,1089,1164,169,180,7,-13,176,167,40,0,-161
89,Feb 6 2008,Friendly in Bolivia,Bolivia,Peru,1555,1632,2,1,9,-9,1564,1623,69,58,1,-2,70,56,20,100,23
90,Feb 6 2008,Friendly in Burundi,Burundi,Rwanda,1281,1336,0,0,-1,1,1280,1337,135,120,0,0,135,120,20,100,45
91,Feb 6 2008,World Cup qualifier in the United Arab Emirates,China,Iraq,1568,1647,1,1,4,-4,1572,1643,63,52,1,-1,64,51,40,0,-79
92,Feb 6 2008,Friendly in Croatia,Croatia,Netherlands,1894,1948,0,3,-20,20,1874,1968,13,6,-1,0,12,6,20,100,46
93,Feb 6 2008,Friendly in Cyprus,Cyprus,Ukraine,1533,1731,1,1,3,-3,1536,1728,76,40,1,-1,77,39,20,100,-98
94,Feb 6 2008,World Cup qualifier in Dominica,Dominica,Barbados,992,1306,1,1,11,-11,1003,1295,185,132,1,-1,186,131,30,0,-314
95,Feb 6 2008,World Cup qualifier in El Salvador,El Salvador,Anguilla,1393,550,12,0,1,-1,1394,549,109,228,-1,0,108,228,30,0,843
96,Feb 6 2008,Friendly in England,England,Switzerland,1909,1807,2,1,5,-5,1914,1802,6,24,2,-2,8,22,20,100,202
97,Feb 6 2008,Friendly in Georgia,Georgia,Latvia,1537,1470,1,3,-22,22,1515,1492,82,84,-3,3,79,87,20,100,167
98,Feb 6 2008,Friendly tournament in Cyprus,Greece,Finland,1836,1688,2,1,9,-9,1845,1679,11,43,3,-1,14,42,30,0,148
99,Feb 6 2008,Friendly in Honduras,Honduras,Paraguay,1665,1844,2,0,18,-18,1683,1826,37,22,4,-4,41,18,20,100,-79
100,Feb 6 2008,Friendly in Cyprus,Hungary,Slovakia,1571,1654,1,1,2,-2,1573,1652,59,49,2,-1,61,48,20,0,-83
101,Feb 6 2008,Friendly tournament in Malta,Iceland,Armenia,1374,1453,2,0,28,-28,1402,1425,99,106,6,-5,105,101,30,0,-79
102,Feb 6 2008,World Cup qualifier in Iran,Iran,Syria,1768,1524,0,0,-15,15,1753,1539,35,67,-2,7,33,74,40,100,344
103,Feb 6 2008,Friendly in Ireland,Ireland,Brazil,1771,2077,0,1,-5,5,1766,2082,29,1,0,0,29,1,20,100,-206
104,Feb 6 2008,Friendly in Israel,Israel,Romania,1743,1910,1,0,12,-12,1755,1898,28,11,4,-1,32,10,20,100,-67
105,Feb 6 2008,Friendly in Switzerland,Italy,Portugal,2032,1878,3,1,9,-9,2041,1869,2,13,0,0,2,13,20,0,154
106,Feb 6 2008,Friendly in Jamaica,Jamaica,Costa Rica,1563,1637,1,1,-1,1,1562,1638,74,54,-3,-1,71,53,20,100,26
107,Feb 6 2008,World Cup qualifier in Japan,Japan,Thailand,1781,1438,4,1,5,-5,1786,1433,27,99,0,0,27,99,40,100,443
108,Feb 6 2008,World Cup qualifier in Jordan,Jordan,North Korea,1532,1478,0,1,-28,28,1504,1506,88,78,-4,5,84,83,40,100,154
109,Feb 6 2008,World Cup qualifier in Lebanon,Lebanon,Uzbekistan,1334,1557,0,1,-13,13,1321,1570,131,60,-5,5,126,65,40,100,-123
110,Feb 6 2008,Friendly in Macedonia,Macedonia,Serbia,1555,1751,1,1,3,-3,1558,1748,73,36,-1,-1,72,35,20,100,-96
111,Feb 6 2008,Friendly tournament in Malta,Malta,Belarus,1250,1558,0,1,-7,7,1243,1565,145,67,-1,1,144,68,30,100,-208
112,Feb 6 2008,Friendly in Turkey,Moldova,Kazakhstan,1504,1376,1,0,6,-6,1510,1370,77,114,3,-2,80,112,20,0,128
113,Feb 6 2008,World Cup qualifier in Nicaragua,Nicaragua,Netherlands Antilles,1055,1115,0,1,-22,22,1033,1137,189,169,-4,2,185,171,40,100,40
114,Feb 6 2008,Friendly in Northern Ireland,Northern Ireland,Bulgaria,1580,1791,0,1,-7,7,1573,1798,61,22,0,1,61,23,20,100,-111
115,Feb 6 2008,World Cup qualifier in Oman,Oman,Bahrain,1539,1450,0,1,-30,30,1509,1480,87,83,-6,7,81,90,40,100,189
116,Feb 6 2008,Friendly tournament in Cyprus,Poland,Czechia,1782,1946,2,0,32,-32,1814,1914,12,9,7,-1,19,8,30,0,-164
117,Feb 6 2008,World Cup qualifier in Saudi Arabia,Saudi Arabia,Singapore,1655,1363,2,0,6,-6,1661,1357,46,114,0,0,46,114,40,100,392
118,Feb 6 2008,Friendly in Slovenia,Slovenia,Denmark,1542,1823,1,2,-5,5,1537,1828,78,16,-2,1,76,17,20,100,-181
119,Feb 6 2008,World Cup qualifier in South Korea,South Korea,Turkmenistan,1649,1359,4,0,7,-7,1656,1352,45,117,2,-1,47,116,40,100,390
120,Feb 6 2008,Friendly in Spain,Spain,France,1965,2013,1,0,9,-9,1974,2004,5,5,0,-1,5,4,20,100,52
121,Feb 6 2008,Friendly in Trinidad and Tobago,Trinidad and Tobago,Guadeloupe,1497,1458,0,0,-4,4,1493,1462,87,94,-1,-1,86,93,20,100,139
122,Feb 6 2008,Friendly in Turkey,Turkey,Sweden,1815,1795,0,0,-3,3,1812,1798,21,23,-1,0,20,23,20,100,120
123,Feb 6 2008,World Cup qualifier in Turks and Caicos Islands,Turks and Caicos Islands,Saint Lucia,797,1186,2,1,34,-34,831,1152,201,176,4,-7,205,169,40,100,-289
124,Feb 6 2008,World Cup qualifier in the United Arab Emirates,United Arab Emirates,Kuwait,1438,1436,2,0,21,-21,1459,1415,89,103,5,-1,94,102,40,100,102
125,Feb 6 2008,Friendly in Uruguay,Uruguay,Colombia,1796,1839,2,2,-2,2,1794,1841,28,14,-3,1,25,15,20,100,57
126,Feb 6 2008,Friendly in the United States,United States,Mexico,1777,1883,2,2,0,0,1777,1883,28,10,0,1,28,11,20,100,-6
127,Feb 6 2008,Friendly in Venezuela,Venezuela,Haiti,1673,1533,1,1,-6,6,1667,1539,48,70,-3,4,45,74,20,100,240
128,Feb 6 2008,Friendly in Wales,Wales,Norway,1628,1771,3,0,20,-20,1648,1751,44,39,6,-5,50,34,20,100,-43
129,Feb 7 2008,African Nations Cup in Ghana,Egypt,Ivory Coast,1745,1840,4,1,55,-55,1800,1785,6,40,15,-12,21,28,50,0,-95
130,Feb 7 2008,African Nations Cup in Ghana,Ghana,Cameroon,1805,1758,0,1,-35,35,1770,1793,39,19,-9,6,30,25,50,100,147
131,Feb 9 2008,African Nations Cup in Ghana,Ghana,Ivory Coast,1770,1785,4,2,29,-29,1799,1756,14,36,8,-4,22,32,50,100,85
132,Feb 9 2008,Friendly tournament in Swaziland,Mozambique,Lesotho,1351,1136,1,0,7,-7,1358,1129,111,172,3,0,114,172,30,0,215
133,Feb 9 2008,Friendly tournament in Swaziland,Swaziland,Botswana,1169,1317,1,4,-23,23,1146,1340,175,110,-5,9,170,119,30,100,-48
134,Feb 10 2008,Friendly tournament in Swaziland,Botswana,Mozambique,1340,1358,1,0,16,-16,1356,1342,111,124,4,-5,115,119,30,0,-18
135,Feb 10 2008,African Nations Cup in Ghana,Egypt,Cameroon,1800,1793,1,0,24,-24,1824,1769,15,32,3,-3,18,29,50,0,7
136,Feb 10 2008,Friendly in St Vincent & Grenadines,St Vincent & Grenadines,Grenada,1327,1201,1,2,-16,16,1311,1217,132,150,-4,2,128,152,20,100,226
137,Feb 10 2008,Friendly tournament in Swaziland,Swaziland,Lesotho,1146,1129,2,2,-5,5,1141,1134,170,172,0,0,170,172,30,100,117
138,Feb 17 2008,East Asian Championship in China,China,South Korea,1572,1656,2,3,-21,21,1551,1677,80,39,-8,4,72,43,40,100,16
139,Feb 17 2008,East Asian Championship in China,Japan,North Korea,1786,1506,1,1,-13,13,1773,1519,29,75,-1,4,28,79,40,0,280
140,Feb 20 2008,East Asian Championship in China,China,Japan,1551,1773,0,1,-13,13,1538,1786,78,26,-3,1,75,27,40,100,-122
141,Feb 20 2008,East Asian Championship in China,North Korea,South Korea,1519,1677,1,1,9,-9,1528,1668,79,47,0,-2,79,45,40,0,-158
142,Feb 22 2008,Friendly in Guyana,Guyana,Cuba,1333,1499,2,1,12,-12,1345,1487,115,91,4,-3,119,88,20,100,-66
143,Feb 23 2008,East Asian Championship in China,China,North Korea,1538,1528,3,1,21,-21,1559,1507,67,85,4,-3,71,82,40,100,110
144,Feb 23 2008,East Asian Championship in China,Japan,South Korea,1786,1668,1,1,-7,7,1779,1675,27,41,0,2,27,43,40,0,118
145,Feb 24 2008,Friendly in Guyana,Guyana,Cuba,1345,1487,0,0,1,-1,1346,1486,119,88,0,0,119,88,20,100,-42
146,Feb 27 2008,Friendly in the Dominican Republic,Dominican Republic,Haiti,1073,1539,1,2,-2,2,1071,1541,179,74,0,0,179,74,20,100,-366
147,Feb 27 2008,Friendly in Poland,Poland,Estonia,1814,1402,2,0,1,-1,1815,1401,19,107,0,-1,19,106,20,100,512
148,Feb 28 2008,Friendly in the Dominican Republic,Dominican Republic,Haiti,1071,1541,0,2,-3,3,1068,1544,181,74,-1,0,180,74,20,100,-370
149,Feb 29 2008,Friendly in Guadeloupe,Guadeloupe,St Vincent & Grenadines,1462,1311,1,2,-16,16,1446,1327,103,120,-5,4,98,124,20,100,251
150,Mar 4 2008,Friendly in Qatar,Qatar,Bahrain,1470,1480,1,2,-13,13,1457,1493,95,80,-2,5,93,85,20,100,90
151,Mar 9 2008,Friendly tournament in Mauritius,Mauritius,Madagascar,1184,1224,1,2,-18,18,1166,1242,167,142,-3,4,164,146,30,100,60
152,Mar 11 2008,Friendly in South Africa,South Africa,Zimbabwe,1482,1457,2,1,7,-7,1489,1450,86,99,2,-3,88,96,20,100,125
153,Mar 13 2008,Friendly in St Vincent & Grenadines,St Vincent & Grenadines,Barbados,1327,1295,0,2,-20,20,1307,1315,136,125,-6,3,130,128,20,100,132
154,Mar 14 2008,Friendly in the British Virgin Islands,British Virgin Islands,US Virgin Islands,918,659,0,0,-8,8,910,667,198,219,-1,0,197,219,20,100,359
155,Mar 15 2008,Friendly in the British Virgin Islands,British Virgin Islands,US Virgin Islands,910,667,1,1,-8,8,902,675,201,219,-2,0,199,219,20,100,343
156,Mar 15 2008,Friendly in China,China,Thailand,1559,1433,3,3,-6,6,1553,1439,73,99,-1,0,72,99,20,100,226
157,Mar 15 2008,Friendly in Grenada,Grenada,Barbados,1217,1315,1,1,0,0,1217,1315,152,128,0,0,152,128,20,100,2
158,Mar 16 2008,Friendly in Iceland,Iceland,Faroe Islands,1402,1162,3,0,4,-4,1406,1158,103,167,1,0,104,167,20,100,340
159,Mar 16 2008,Friendly in Qatar,Qatar,Jordan,1457,1504,2,1,8,-8,1465,1496,91,84,1,0,92,84,20,100,53
160,Mar 19 2008,Friendly in Oman,Oman,United Arab Emirates,1509,1459,1,1,-4,4,1505,1463,85,93,-2,0,83,93,20,100,150
161,Mar 19 2008,Friendly in Trinidad and Tobago,Trinidad and Tobago,El Salvador,1493,1394,1,0,5,-5,1498,1389,83,108,1,0,84,108,20,100,199
162,Mar 21 2008,Friendly in Bahrain,Bahrain,Iran,1493,1753,1,0,14,-14,1507,1739,76,40,5,-3,81,37,20,100,-160
163,Mar 21 2008,Friendly in Kuwait,Kuwait,Iraq,1415,1643,0,0,4,-4,1419,1639,102,53,0,-1,102,52,20,100,-128
164,Mar 22 2008,Friendly in Singapore,Singapore,Australia,1357,1739,0,0,7,-7,1364,1732,114,39,0,-1,114,38,20,100,-282
165,Mar 22 2008,Friendly in Uzbekistan,Uzbekistan,Jordan,1570,1496,4,1,9,-9,1579,1487,58,92,3,-3,61,89,20,100,174
166,Mar 23 2008,Friendly in Venezuela,Venezuela,El Salvador,1667,1389,1,0,2,-2,1669,1387,46,110,0,-1,46,109,20,100,378
167,Mar 25 2008,Friendly in France,DR Congo,Gabon,1456,1430,0,0,-1,1,1455,1431,94,100,0,0,94,100,20,0,26
168,Mar 25 2008,Friendly in France,Guinea,Togo,1604,1449,2,0,9,-9,1613,1440,57,99,0,-1,57,98,20,0,155
169,Mar 25 2008,Friendly in Nepal,Nepal,Pakistan,836,908,2,1,9,-9,845,899,202,201,1,-2,203,199,20,100,28
170,Mar 26 2008,Friendly in France,Algeria,DR Congo,1406,1455,1,1,1,-1,1407,1454,108,96,-2,-1,106,95,20,0,-49
171,Mar 26 2008,Friendly in Andorra,Andorra,Latvia,1069,1492,0,3,-5,5,1064,1497,179,92,0,-3,179,89,20,100,-323
172,Mar 26 2008,World Cup qualifier in Antigua and Barbuda,Antigua and Barbuda,Aruba,1113,906,1,0,6,-6,1119,900,174,199,0,-1,174,198,40,100,307
173,Mar 26 2008,Friendly in the Netherlands,Armenia,Kazakhstan,1425,1370,1,0,8,-8,1433,1362,97,114,2,-1,99,113,20,0,55
174,Mar 26 2008,Friendly in Austria,Austria,Netherlands,1591,1968,3,4,-3,3,1588,1971,61,6,-1,0,60,6,20,100,-277
175,Mar 26 2008,World Cup qualifier in the Bahamas,Bahamas,British Virgin Islands,882,902,1,1,-5,5,877,907,201,196,0,1,201,197,40,100,80
176,Mar 26 2008,World Cup qualifier in Bahrain,Bahrain,Japan,1507,1779,1,0,29,-29,1536,1750,71,37,5,-5,76,32,40,100,-172
177,Mar 26 2008,World Cup qualifier in Barbados,Barbados,Dominica,1315,1003,1,0,3,-3,1318,1000,124,186,2,0,126,186,20,0,312
178,Mar 26 2008,Friendly in Belarus,Belarus,Turkey,1565,1812,2,2,4,-4,1569,1808,65,16,1,2,66,18,20,100,-147
179,Mar 26 2008,Friendly in Belgium,Belgium,Morocco,1642,1650,1,4,-22,22,1620,1672,57,41,-3,4,54,45,20,100,92
180,Mar 26 2008,Friendly in Bosnia and Herzegovina,Bosnia and Herzegovina,Macedonia,1536,1558,2,2,-2,2,1534,1560,79,67,-1,2,78,69,20,100,78
181,Mar 26 2008,Friendly in Botswana,Botswana,Zimbabwe,1356,1450,0,1,-10,10,1346,1460,119,92,-2,2,117,94,20,100,6
182,Mar 26 2008,Friendly in England,Brazil,Sweden,2082,1798,1,0,3,-3,2085,1795,1,21,0,1,1,22,20,0,284
183,Mar 26 2008,Friendly in Bulgaria,Bulgaria,Finland,1798,1679,2,1,4,-4,1802,1675,15,46,4,-2,19,44,20,100,219
184,Mar 26 2008,World Cup qualifier in China,China,Australia,1553,1732,0,0,4,-4,1557,1728,72,38,0,0,72,38,40,100,-79
185,Mar 26 2008,Friendly in Denmark,Denmark,Czechia,1828,1914,1,1,0,0,1828,1914,14,8,1,0,15,8,20,100,14
186,Mar 26 2008,Friendly in Ecuador,Ecuador,Haiti,1673,1544,3,1,6,-6,1679,1538,42,76,1,-1,43,75,20,100,229
187,Mar 26 2008,Friendly in Egypt,Egypt,Argentina,1824,2012,0,2,-11,11,1813,2023,16,3,1,0,17,3,20,100,-88
188,Mar 26 2008,World Cup qualifier in the United States,El Salvador,Anguilla,1387,549,4,0,1,-1,1388,548,109,228,0,0,109,228,40,0,838
189,Mar 26 2008,Friendly in Estonia,Estonia,Canada,1401,1633,2,0,20,-20,1421,1613,100,56,3,-1,103,55,20,100,-132
190,Mar 26 2008,Friendly in France,France,England,2004,1914,1,0,5,-5,2009,1909,4,10,0,-1,4,9,20,100,190
191,Mar 26 2008,Friendly in Germany,Greece,Portugal,1845,1869,2,1,11,-11,1856,1858,14,13,0,0,14,13,20,0,-24
192,Mar 26 2008,World Cup qualifier in Grenada,Grenada,US Virgin Islands,1217,675,10,0,3,-3,1220,672,152,219,0,0,152,219,30,0,542
193,Mar 26 2008,Friendly in the United States,Honduras,Colombia,1683,1841,2,1,14,-14,1697,1827,41,17,0,-1,41,16,20,0,-158
194,Mar 26 2008,Friendly in Hungary,Hungary,Slovenia,1573,1537,0,1,-14,14,1559,1551,78,70,-8,3,70,73,20,100,136
195,Mar 26 2008,Friendly in Israel,Israel,Chile,1755,1742,1,0,7,-7,1762,1735,27,38,3,-1,30,37,20,100,113
196,Mar 26 2008,Friendly in Jamaica,Jamaica,Trinidad and Tobago,1562,1498,2,2,-4,4,1558,1502,72,89,-1,-2,71,87,20,100,164
197,Mar 26 2008,World Cup qualifier in Kuwait,Kuwait,Iran,1419,1739,2,2,11,-11,1430,1728,100,39,1,-1,101,38,30,0,-320
198,Mar 26 2008,Friendly in Lithuania,Lithuania,Azerbaijan,1581,1369,1,0,3,-3,1584,1366,62,111,-1,1,61,112,20,100,312
199,Mar 26 2008,Friendly in Luxembourg,Luxembourg,Wales,1037,1648,0,2,-2,2,1035,1650,184,46,0,2,184,48,20,100,-511
200,Mar 26 2008,Friendly in Malta,Malta,Liechtenstein,1243,1193,7,1,13,-13,1256,1180,142,166,1,-4,143,162,20,100,150
201,Mar 26 2008,Friendly in England,Mexico,Ghana,1883,1799,2,1,8,-8,1891,1791,11,26,0,-2,11,24,20,0,84
202,Mar 26 2008,Friendly in Montenegro,Montenegro,Norway,1671,1751,3,1,14,-14,1685,1737,39,34,3,0,42,34,20,100,20
203,Mar 26 2008,Friendly in Namibia,Namibia,Malawi,1287,1276,1,3,-20,20,1267,1296,146,127,-7,5,139,132,20,100,111
204,Mar 26 2008,World Cup qualifier in China,North Korea,South Korea,1507,1675,0,0,9,-9,1516,1666,83,49,-1,-3,82,46,40,0,-168
205,Mar 26 2008,World Cup qualifier in the Netherlands Antilles,Netherlands Antilles,Nicaragua,1137,1033,2,0,14,-14,1151,1019,167,185,2,0,169,185,40,100,204
206,Mar 26 2008,Friendly in Northern Ireland,Northern Ireland,Georgia,1573,1515,4,1,10,-10,1583,1505,62,93,0,-7,62,86,20,100,158
207,Mar 26 2008,Friendly in Peru,Peru,Costa Rica,1623,1638,3,1,11,-11,1634,1627,44,53,6,0,50,53,20,100,85
208,Mar 26 2008,Friendly in Poland,Poland,United States,1815,1777,0,3,-24,24,1791,1801,29,12,-5,8,24,20,20,100,138
209,Mar 26 2008,World Cup qualifier in Puerto Rico,Puerto Rico,Dominican Republic,934,1068,1,0,22,-22,956,1046,191,184,1,-2,192,182,40,100,-34
210,Mar 26 2008,World Cup qualifier in Qatar,Qatar,Iraq,1465,1639,2,0,36,-36,1501,1603,84,64,4,-6,88,58,40,100,-74
211,Mar 26 2008,Friendly in Romania,Romania,Russia,1898,1788,3,0,8,-8,1906,1780,10,28,0,-1,10,27,20,100,210
212,Mar 26 2008,Friendly in Scotland,Scotland,Croatia,1761,1874,1,1,0,0,1761,1874,31,12,0,0,31,12,20,100,-13
213,Mar 26 2008,World Cup qualifier in Singapore,Singapore,Lebanon,1364,1321,2,0,18,-18,1382,1303,106,136,4,-5,110,131,40,100,143
214,Mar 26 2008,Friendly in Slovakia,Slovakia,Iceland,1652,1406,1,2,-18,18,1634,1424,52,100,-2,2,50,102,20,100,346
215,Mar 26 2008,Friendly in South Africa,South Africa,Paraguay,1489,1826,3,0,28,-28,1517,1798,75,25,6,-4,81,21,20,100,-237
216,Mar 26 2008,Friendly in Spain,Spain,Italy,1974,2041,1,0,9,-9,1983,2032,5,2,0,0,5,2,20,100,33
217,Mar 26 2008,World Cup qualifier in Saint Kitts and Nevis,Saint Kitts and Nevis,Belize,1164,1089,1,1,-9,9,1155,1098,170,176,-2,0,168,176,40,100,175
218,Mar 26 2008,World Cup qualifier in Saint Lucia,Saint Lucia,Turks and Caicos Islands,1152,831,2,0,5,-5,1157,826,166,205,1,0,167,205,40,100,421
219,Mar 26 2008,Friendly in Sudan,Sudan,Liberia,1383,1239,0,2,-24,24,1359,1263,118,135,-4,6,114,141,20,100,244
220,Mar 26 2008,World Cup qualifier in Trinidad and Tobago,Suriname,Montserrat,1235,522,7,1,1,-1,1236,521,148,229,0,0,148,229,20,0,713
221,Mar 26 2008,Friendly in Switzerland,Switzerland,Germany,1802,1950,0,4,-16,16,1786,1966,31,7,-5,0,26,7,20,100,-48
222,Mar 26 2008,World Cup qualifier in Syria,Syria,United Arab Emirates,1539,1463,1,1,-9,9,1530,1472,83,91,-4,1,79,92,40,100,176
223,Mar 26 2008,World Cup qualifier in Thailand,Thailand,Oman,1439,1505,0,1,-22,22,1417,1527,109,76,-5,4,104,80,40,100,34
224,Mar 26 2008,Friendly in France,Tunisia,Ivory Coast,1630,1756,2,0,20,-20,1650,1736,41,38,7,-3,48,35,20,0,-126
225,Mar 26 2008,World Cup qualifier in Turkmenistan,Turkmenistan,Jordan,1352,1487,0,2,-27,27,1325,1514,129,77,-6,6,123,83,40,100,-35
226,Mar 26 2008,Friendly in Uganda,Uganda,Libya,1400,1466,1,1,-1,1,1399,1467,107,95,0,-2,107,93,20,100,34
227,Mar 26 2008,Friendly in Ukraine,Ukraine,Serbia,1728,1748,2,0,12,-12,1740,1736,27,35,6,0,33,35,20,100,80
228,Mar 26 2008,World Cup qualifier in Uzbekistan,Uzbekistan,Saudi Arabia,1579,1661,3,0,33,-33,1612,1628,53,57,4,-5,57,52,40,100,18
229,Mar 26 2008,Friendly in Venezuela,Venezuela,Bolivia,1669,1564,0,1,-15,15,1654,1579,48,57,-1,6,47,63,20,100,205
230,Mar 27 2008,Friendly in Nepal,Nepal,Pakistan,845,899,0,2,-17,17,828,916,205,193,-1,3,204,196,20,100,46
231,Mar 30 2008,World Cup qualifier in the Bahamas,Bahamas,British Virgin Islands,877,907,2,2,-4,4,873,911,203,198,-1,0,202,198,40,100,70
232,Mar 30 2008,World Cup qualifier in the Cayman Islands,Cayman Islands,Bermuda,992,1086,1,3,-31,31,961,1117,194,173,-3,2,191,175,40,100,6
233,Apr 2 2008,Asian Cup & Asian Chlg Cup q in Taiwan,Sri Lanka,Guam,941,572,5,1,8,-8,949,564,193,227,0,-1,193,226,40,0,369
234,Apr 2 2008,Asian Cup & Asian Chlg Cup q in Taiwan,Taiwan,Pakistan,982,916,1,2,-29,29,953,945,196,192,-4,2,192,194,40,100,166
235,Apr 4 2008,Asian Cup & Asian Chlg Cup q in Taiwan,Sri Lanka,Pakistan,949,945,7,1,42,-42,991,903,183,202,5,-4,188,198,40,0,4
236,Apr 4 2008,Asian Cup & Asian Chlg Cup q in Taiwan,Taiwan,Guam,953,564,4,1,4,-4,957,560,192,228,0,-1,192,227,40,100,489
237,Apr 4 2008,Friendly in Yemen,Yemen,Tanzania,1212,1334,2,1,11,-11,1223,1323,149,126,2,-2,151,124,20,100,-22
238,Apr 6 2008,Asian Cup & Asian Chlg Cup q in Taiwan,Pakistan,Guam,903,560,9,2,11,-11,914,549,194,227,2,0,196,227,40,0,343
239,Apr 6 2008,Asian Cup & Asian Chlg Cup q in Taiwan,Taiwan,Sri Lanka,957,991,2,2,-4,4,953,995,194,188,-1,0,193,188,40,100,66
240,Apr 9 2008,Asian Cup qualifier in Lebanon,Lebanon,Maldives,1303,1060,4,0,9,-9,1312,1051,125,180,3,0,128,180,40,100,343
241,Apr 16 2008,Friendly in the United States,Mexico,China,1891,1557,1,0,3,-3,1894,1554,11,72,0,0,11,72,20,0,334
242,Apr 23 2008,Friendly in the United States,China,El Salvador,1554,1388,2,2,-4,4,1550,1392,74,107,-1,1,73,108,20,0,166
243,Apr 23 2008,Friendly in Guatemala,Guatemala,Haiti,1507,1538,1,0,8,-8,1515,1530,81,81,2,-3,83,78,20,100,69
244,Apr 23 2008,Asian Cup qualifier in the Maldives,Maldives,Lebanon,1051,1312,1,2,-11,11,1040,1323,186,120,-3,4,183,124,40,100,-161
245,Apr 24 2008,Friendly in Oman,Oman,Liberia,1527,1263,1,0,2,-2,1529,1261,80,141,0,0,80,141,20,100,364
246,Apr 25 2008,Friendly in Indonesia,Indonesia,Yemen,1276,1223,1,0,6,-6,1282,1217,133,155,2,-2,135,153,20,100,153
247,Apr 27 2008,Marianas Cup in the Northern Marianas,Northern Mariana Islands,Guam,563,549,2,3,-20,20,543,569,230,223,-2,2,228,225,30,100,114
248,Apr 27 2008,Friendly in Oman,Oman,Kyrgyzstan,1529,1195,2,0,2,-2,1531,1193,76,157,2,0,78,157,20,100,434
249,Apr 27 2008,Friendly in Trinidad and Tobago,Trinidad and Tobago,Grenada,1502,1220,2,0,3,-3,1505,1217,85,152,1,0,86,152,20,100,382
250,Apr 30 2008,Friendly in Colombia,Colombia,Venezuela,1827,1654,5,2,6,-6,1833,1648,14,51,1,-2,15,49,20,100,273
251,Apr 30 2008,Friendly in Liberia,Liberia,Sierra Leone,1261,1222,3,1,9,-9,1270,1213,135,155,3,-2,138,153,20,100,139
252,May 3 2008,Friendly in Oman,Oman,Yemen,1531,1217,0,0,-8,8,1523,1225,82,149,-2,1,80,150,20,100,414
253,May 5 2008,Asian Cup & Asian Chlg Cup q in Kyrgyzstan,Afghanistan,Bangladesh,809,964,0,0,8,-8,817,956,205,192,1,-1,206,191,40,0,-155
254,May 7 2008,Asian Cup & Asian Chlg Cup q in Kyrgyzstan,Kyrgyzstan,Afghanistan,1193,817,0,1,-38,38,1155,855,177,200,-10,3,167,203,40,100,476
255,May 9 2008,Asian Cup & Asian Chlg Cup q in Kyrgyzstan,Kyrgyzstan,Bangladesh,1155,956,2,1,6,-6,1161,950,163,195,2,-2,165,193,40,100,299
256,May 10 2008,Friendly in Syria,Syria,Oman,1530,1523,2,1,7,-7,1537,1516,72,82,3,-1,75,81,20,100,107
257,May 11 2008,Friendly in Trinidad and Tobago,Trinidad and Tobago,Barbados,1505,1318,3,0,6,-6,1511,1312,84,129,1,-1,85,128,20,100,287
258,May 13 2008,Asian Cup & Asian Chlg Cup q in the Philippines,Philippines,Brunei,763,710,1,0,12,-12,775,698,209,222,1,-4,210,218,40,100,153
259,May 13 2008,Asian Cup & Asian Chlg Cup q in the Philippines,Tajikistan,Bhutan,1287,600,3,1,1,-1,1288,599,133,221,0,0,133,221,20,0,687
260,May 15 2008,Asian Cup & Asian Chlg Cup q in the Philippines,Bhutan,Brunei,599,698,1,1,6,-6,605,692,221,218,0,0,221,218,40,0,-99
261,May 15 2008,Asian Cup & Asian Chlg Cup q in the Philippines,Philippines,Tajikistan,775,1288,0,0,17,-17,792,1271,210,141,0,-4,210,137,40,100,-413
262,May 17 2008,Asian Cup & Asian Chlg Cup q in the Philippines,Philippines,Bhutan,792,605,3,0,11,-11,803,594,206,221,2,0,208,221,40,100,287
263,May 17 2008,Friendly in Syria,Syria,Iraq,1537,1603,2,1,9,-9,1546,1594,75,60,0,-1,75,59,20,100,34
264,May 17 2008,Asian Cup & Asian Chlg Cup q in the Philippines,Tajikistan,Brunei,1271,692,4,0,3,-3,1274,689,137,218,0,0,137,218,40,0,579
265,May 18 2008,Friendly in Antigua and Barbuda,Antigua and Barbuda,Saint Lucia,1119,1157,6,1,16,-16,1135,1141,170,173,2,-3,172,170,20,100,62
266,May 18 2008,Friendly in Oman,Oman,Turkmenistan,1516,1325,2,1,3,-3,1519,1322,79,130,1,-4,80,126,20,100,291
267,May 19 2008,Friendly in Greece,Greece,Cyprus,1856,1536,2,0,2,-2,1858,1534,12,78,1,-1,13,77,20,100,420
268,May 20 2008,Friendly in Thailand,Thailand,Nepal,1417,828,7,0,1,-1,1418,827,104,205,0,0,104,205,20,0,589
269,May 20 2008,Friendly in Germany,Turkey,Slovakia,1808,1634,1,0,5,-5,1813,1629,16,52,1,-1,17,51,20,0,174
270,May 21 2008,Friendly in Mozambique,Mozambique,Lesotho,1342,1134,2,3,-17,17,1325,1151,123,165,-2,4,121,169,20,100,308
271,May 21 2008,Friendly tournament in the Netherlands Antilles,Netherlands Antilles,Suriname,1151,1236,2,1,14,-14,1165,1222,160,154,4,-3,164,151,30,100,15
272,May 22 2008,Friendly tournament in Japan,Ivory Coast,Paraguay,1736,1798,1,1,3,-3,1739,1795,33,21,1,0,34,21,30,0,-62
273,May 22 2008,Friendly in Libya,Libya,Zambia,1467,1573,2,2,0,0,1467,1573,93,64,0,0,93,64,20,100,-6
274,May 22 2008,Friendly in Yemen,Yemen,Sudan,1225,1359,1,1,1,-1,1226,1358,149,114,0,0,149,114,20,100,-34
275,May 23 2008,Friendly in Australia,Australia,Ghana,1728,1791,1,0,9,-9,1737,1782,32,28,3,-2,35,26,20,100,37
276,May 23 2008,Friendly in Austria,Austria,Cuba,1588,1486,4,1,8,-8,1596,1478,58,91,1,0,59,91,20,100,202
277,May 23 2008,Friendly in Honduras,Honduras,Belize,1697,1098,2,0,1,-1,1698,1097,41,177,0,0,41,177,20,0,599
278,May 23 2008,Friendly in Qatar,Qatar,Kuwait,1501,1430,1,1,-5,5,1496,1435,90,97,-1,2,89,99,20,100,171
279,May 23 2008,Friendly in Russia,Russia,Kazakhstan,1780,1362,6,0,2,-2,1782,1360,25,113,1,0,26,113,20,100,518
280,May 23 2008,Friendly in Swaziland,Swaziland,Lesotho,1141,1151,1,1,-3,3,1138,1154,173,169,-1,0,172,169,20,100,90
281,May 24 2008,Friendly in Portugal,Cape Verde,Burkina Faso,1306,1339,1,0,11,-11,1317,1328,125,121,3,-1,128,120,20,0,-33
282,May 24 2008,Friendly in Croatia,Croatia,Moldova,1874,1510,1,0,1,-1,1875,1509,12,86,0,0,12,86,20,100,464
283,May 24 2008,Friendly in Hungary,Hungary,Greece,1559,1858,3,2,15,-15,1574,1843,58,15,6,-1,64,14,20,100,-199
284,May 24 2008,Friendly in India,India,Taiwan,1179,953,3,0,5,-5,1184,948,156,194,3,-1,159,193,20,100,326
285,May 24 2008,Friendly in Ireland,Ireland,Serbia,1766,1736,1,1,-4,4,1762,1740,29,29,0,4,29,33,20,100,130
286,May 24 2008,Friendly tournament in Japan,Japan,Ivory Coast,1750,1739,1,0,10,-10,1760,1729,32,42,0,-4,32,38,20,0,11
287,May 24 2008,Asian Cup & Asian Chlg Cup q in Cambodia,Nepal,Macao,827,764,3,2,16,-16,843,748,205,211,0,0,205,211,40,0,63
288,May 24 2008,Friendly in the Netherlands,Netherlands,Ukraine,1971,1740,3,0,5,-5,1976,1735,6,39,0,-3,6,36,20,100,331
289,May 24 2008,Friendly in Saudi Arabia,Saudi Arabia,Syria,1628,1546,1,0,5,-5,1633,1541,50,75,1,0,51,75,20,100,182
290,May 24 2008,Friendly in Switzerland,Switzerland,Slovakia,1786,1629,2,0,6,-6,1792,1623,23,55,1,-2,24,53,20,100,257
291,May 25 2008,Friendly in China,China,Jordan,1550,1514,2,0,9,-9,1559,1505,69,88,2,-2,71,86,20,100,136
292,May 25 2008,Friendly in Iran,Iran,Zambia,1728,1573,3,2,4,-4,1732,1569,37,67,1,-1,38,66,20,100,255
293,May 25 2008,Friendly in Tanzania,Tanzania,Malawi,1323,1296,1,1,-4,4,1319,1300,129,132,-3,0,126,132,20,100,127
294,May 25 2008,Friendly in Thailand,Thailand,Iraq,1418,1594,2,1,12,-12,1430,1582,100,64,2,-2,102,62,20,100,-76
295,May 25 2008,Friendly in Germany,Uruguay,Turkey,1794,1813,3,2,11,-11,1805,1802,13,21,5,-2,18,19,20,0,-19
296,May 26 2008,Asian Cup & Asian Chlg Cup q in Cambodia,Cambodia,Nepal,801,843,0,1,-23,23,778,866,211,201,-1,2,210,203,40,100,58
297,May 26 2008,Friendly in Germany,Macedonia,Poland,1560,1791,1,1,6,-6,1566,1785,68,25,1,0,69,25,20,0,-231
298,May 26 2008,Friendly in Sweden,Sweden,Slovenia,1795,1551,1,0,2,-2,1797,1549,22,73,0,0,22,73,20,100,344
299,May 27 2008,Friendly in Austria,Austria,Nigeria,1596,1715,1,1,1,-1,1597,1714,59,40,0,0,59,40,20,100,-19
300,May 27 2008,Friendly in Czechia,Czechia,Lithuania,1914,1584,2,0,2,-2,1916,1582,8,62,0,-1,8,61,20,100,430
301,May 27 2008,Friendly in Estonia,Estonia,Georgia,1421,1505,1,1,0,0,1421,1505,104,86,0,0,104,86,20,100,16
302,May 27 2008,Friendly in France,France,Ecuador,2009,1679,2,0,2,-2,2011,1677,4,43,0,0,4,43,20,100,430
303,May 27 2008,Friendly in Germany,Germany,Belarus,1966,1569,2,2,-9,9,1957,1578,7,62,0,2,7,64,20,100,497
304,May 27 2008,Friendly in India,India,Taiwan,1184,948,2,2,-7,7,1177,955,165,191,-3,1,162,192,20,100,336
305,May 27 2008,Friendly tournament in Japan,Japan,Paraguay,1760,1795,0,0,-3,3,1757,1798,32,21,0,1,32,22,30,100,65
306,May 27 2008,Friendly in Libya,Libya,Liberia,1467,1270,4,2,5,-5,1472,1265,91,142,1,-2,92,140,20,100,297
307,May 27 2008,Friendly in Luxembourg,Luxembourg,Cape Verde,1035,1317,1,1,5,-5,1040,1312,182,128,1,0,183,128,20,100,-182
308,May 27 2008,Friendly in Montenegro,Montenegro,Kazakhstan,1685,1360,3,0,3,-3,1688,1357,42,115,0,-1,42,114,20,100,425
309,May 27 2008,Friendly in Germany,Poland,Albania,1785,1488,1,0,3,-3,1788,1485,25,90,0,0,25,90,20,0,297
310,May 27 2008,Friendly in Qatar,Qatar,Lebanon,1496,1323,2,1,3,-3,1499,1320,87,127,1,-2,88,125,20,100,273
311,May 27 2008,Friendly in Saudi Arabia,Saudi Arabia,Kuwait,1633,1435,2,1,3,-3,1636,1432,49,101,1,-1,50,100,20,100,298
312,May 28 2008,Asian Cup & Asian Chlg Cup q in Cambodia,Cambodia,Macao,778,748,3,1,19,-19,797,729,210,211,0,0,210,211,40,100,130
313,May 28 2008,Friendly in England,England,United States,1909,1801,2,0,7,-7,1916,1794,7,25,1,-2,8,23,20,100,208
314,May 28 2008,Friendly in Iceland,Iceland,Wales,1424,1650,0,1,-7,7,1417,1657,105,47,-1,0,104,47,20,100,-126
315,May 28 2008,Friendly in Moldova,Moldova,Armenia,1509,1433,2,2,-5,5,1504,1438,89,99,-2,0,87,99,20,100,176
316,May 28 2008,Friendly in Norway,Norway,Uruguay,1737,1805,2,2,-1,1,1736,1806,34,18,0,0,34,18,20,100,32
317,May 28 2008,Friendly in Germany,Russia,Serbia,1782,1740,2,1,9,-9,1791,1731,24,43,1,-5,25,38,20,0,42
318,May 28 2008,Friendly in Singapore,Singapore,Bahrain,1382,1536,0,1,-8,8,1374,1544,110,74,0,1,110,75,20,100,-54
319,May 29 2008,Friendly in England,Ireland,Colombia,1762,1833,1,0,12,-12,1774,1821,27,17,1,-1,28,16,20,0,-71
320,May 29 2008,Friendly in the Netherlands,Netherlands,Denmark,1976,1828,1,1,-6,6,1970,1834,6,14,0,1,6,15,20,100,248
321,May 29 2008,Friendly in South Africa,South Africa,Swaziland,1517,1138,1,0,1,-1,1518,1137,81,172,0,0,81,172,20,100,479
322,May 29 2008,Friendly in Germany,Turkey,Finland,1802,1675,2,0,10,-10,1812,1665,17,48,1,-2,18,46,20,0,127
323,May 30 2008,Friendly in Austria,Austria,Malta,1597,1256,5,1,3,-3,1600,1253,57,143,1,0,58,143,20,100,441
324,May 30 2008,Friendly in Czechia,Czechia,Scotland,1916,1761,3,1,6,-6,1922,1755,8,33,0,-1,8,32,20,100,255
325,May 30 2008,Friendly in the United States,El Salvador,Guatemala,1392,1515,0,0,3,-3,1395,1512,108,83,0,0,108,83,20,0,-123
326,May 30 2008,Friendly in the United States,Honduras,Venezuela,1698,1648,1,1,-1,1,1697,1649,41,49,0,0,41,49,20,0,50
327,May 30 2008,Friendly in Italy,Italy,Belgium,2032,1620,3,1,1,-1,2033,1619,2,54,0,0,2,54,20,100,512
328,May 30 2008,Baltic Cup in Latvia,Latvia,Estonia,1497,1421,1,0,8,-8,1505,1413,81,107,4,-2,85,105,20,0,76
329,May 30 2008,Friendly in Switzerland,Switzerland,Liechtenstein,1792,1180,3,0,1,-1,1793,1179,24,161,0,0,24,161,20,0,612
330,May 31 2008,World Cup & African Cup qual in Botswana,Botswana,Madagascar,1346,1242,0,0,-11,11,1335,1253,121,139,-2,4,119,143,40,100,204
331,May 31 2008,Friendly in the United States,Brazil,Canada,2085,1613,3,2,1,-1,2086,1612,1,57,0,-1,1,56,20,0,472
332,May 31 2008,World Cup & African Cup qual in Cameroon,Cameroon,Cape Verde,1769,1312,2,0,2,-2,1771,1310,29,126,0,1,29,127,20,0,457
333,May 31 2008,Friendly in France,France,Paraguay,2011,1798,0,0,-7,7,2004,1805,4,19,0,1,4,20,20,100,313
334,May 31 2008,Friendly in Germany,Germany,Serbia,1957,1731,2,1,3,-3,1960,1728,7,40,0,-1,7,39,20,100,326
335,May 31 2008,Friendly in Hungary,Hungary,Croatia,1574,1875,1,1,5,-5,1579,1870,61,12,2,0,63,12,20,100,-201
336,May 31 2008,Baltic Cup in Latvia,Lithuania,Estonia,1582,1413,1,0,8,-8,1590,1405,59,107,1,-1,60,106,30,0,169
337,May 31 2008,World Cup & African Cup qual in Malawi,Malawi,Djibouti,1300,811,8,1,3,-3,1303,808,132,207,0,0,132,207,20,0,489
338,May 31 2008,World Cup & African Cup qual in Morocco,Morocco,Ethiopia,1672,1318,3,0,5,-5,1677,1313,42,123,1,2,43,125,40,100,454
339,May 31 2008,World Cup & African Cup qual in Namibia,Namibia,Kenya,1267,1324,2,1,18,-18,1285,1306,127,140,6,-9,133,131,40,100,43
340,May 31 2008,Friendly in Portugal,Portugal,Georgia,1858,1505,2,0,2,-2,1860,1503,13,91,0,-3,13,88,20,100,453
341,May 31 2008,Friendly in Romania,Romania,Montenegro,1906,1688,4,0,5,-5,1911,1683,10,42,0,0,10,42,20,100,318
342,May 31 2008,World Cup & African Cup qual in Rwanda,Rwanda,Mauritania,1337,1225,3,0,16,-16,1353,1209,113,158,3,-4,116,154,40,100,212
343,May 31 2008,World Cup & African Cup qual in Senegal,Senegal,Algeria,1598,1407,1,0,6,-6,1604,1401,57,108,1,-1,58,107,40,100,291
344,May 31 2008,World Cup qualifier in South Korea,South Korea,Jordan,1666,1505,2,2,-13,13,1653,1518,49,77,-2,4,47,81,40,100,261
345,May 31 2008,Friendly in Spain,Spain,Peru,1983,1634,2,1,1,-1,1984,1633,5,51,0,0,5,51,20,100,449
346,May 31 2008,World Cup & African Cup qual in Tanzania,Tanzania,Mauritius,1319,1166,1,1,-12,12,1307,1178,132,161,-3,1,129,162,40,100,253
347,May 31 2008,World Cup & African Cup qual in Ghana,Togo,Zambia,1440,1569,1,0,27,-27,1467,1542,90,83,4,-8,94,75,40,0,-129
348,May 31 2008,World Cup & African Cup qual in Uganda,Uganda,Niger,1399,1269,1,0,8,-8,1407,1261,103,144,2,-3,105,141,40,100,230
349,Jun 1 2008,World Cup & African Cup qual in Angola,Angola,Benin,1568,1354,3,0,10,-10,1578,1344,59,123,4,-4,63,119,40,100,314
350,Jun 1 2008,Friendly in Germany,Armenia,Greece,1438,1843,0,0,8,-8,1446,1835,97,16,1,-1,98,15,20,0,-405
351,Jun 1 2008,World Cup qualifier in Australia,Australia,Iraq,1737,1582,1,0,7,-7,1744,1575,35,74,-1,-6,34,68,40,100,255
352,Jun 1 2008,Friendly in Bosnia and Herzegovina,Bosnia and Herzegovina,Azerbaijan,1534,1366,1,0,4,-4,1538,1362,77,114,0,-1,77,113,20,100,268
353,Jun 1 2008,World Cup & African Cup qual in Burundi,Burundi,Seychelles,1280,1075,1,0,6,-6,1286,1069,130,178,3,0,133,178,40,100,305
354,Jun 1 2008,World Cup & African Cup qual in Egypt,Egypt,DR Congo,1813,1454,2,1,3,-3,1816,1451,17,98,0,-1,17,97,30,0,359
355,Jun 1 2008,World Cup & African Cup qual in Equatorial Guinea,Equatorial Guinea,Sierra Leone,1243,1213,2,0,19,-19,1262,1194,135,160,6,-4,141,156,40,100,130
356,Jun 1 2008,World Cup & African Cup qual in Ghana,Ghana,Libya,1782,1472,3,0,6,-6,1788,1466,23,98,2,-3,25,95,40,100,410
357,Jun 1 2008,World Cup & African Cup qual in Guinea,Guinea,Zimbabwe,1613,1460,0,0,-12,12,1601,1472,61,89,-3,3,58,92,40,100,253
358,Jun 1 2008,World Cup & African Cup qual in Ivory Coast,Ivory Coast,Mozambique,1729,1325,1,0,2,-2,1731,1323,38,121,0,0,38,121,20,0,404
359,Jun 1 2008,Baltic Cup in Latvia,Latvia,Lithuania,1505,1590,2,1,14,-14,1519,1576,74,74,6,-7,80,67,30,100,15
360,Jun 1 2008,World Cup & African Cup qual in Liberia,Liberia,Gambia,1265,1349,1,1,-1,1,1264,1350,141,117,-1,0,140,117,30,100,16
361,Jun 1 2008,World Cup & African Cup qual in Mali,Mali,Congo,1565,1415,4,2,12,-12,1577,1403,63,108,3,-2,66,106,40,100,250
362,Jun 1 2008,Friendly in the Netherlands,Netherlands,Wales,1970,1657,2,0,3,-3,1973,1654,6,46,0,0,6,46,20,100,413
363,Jun 1 2008,World Cup & African Cup qual in Nigeria,Nigeria,South Africa,1714,1518,2,0,9,-9,1723,1509,40,87,0,-3,40,84,40,100,296
364,Jun 1 2008,Friendly in the United States,Panama,Guatemala,1570,1512,1,0,8,-8,1578,1504,60,88,3,-2,63,86,20,0,58
365,Jun 1 2008,Friendly in Poland,Poland,Denmark,1788,1834,1,1,-2,2,1786,1836,26,13,0,1,26,14,20,100,54
366,Jun 1 2008,Friendly in Sweden,Sweden,Ukraine,1797,1735,0,1,-14,14,1783,1749,32,31,-5,2,27,33,20,100,162
367,Jun 1 2008,Friendly in Trinidad and Tobago,Trinidad and Tobago,England,1511,1916,0,3,-5,5,1506,1921,85,9,0,0,85,9,20,100,-305
368,Jun 1 2008,World Cup & African Cup qual in Tunisia,Tunisia,Burkina Faso,1650,1328,1,2,-37,37,1613,1365,60,104,-6,8,54,112,40,100,422
369,Jun 2 2008,Friendly in Finland,Finland,Belarus,1665,1578,1,1,-5,5,1660,1583,45,57,0,3,45,60,20,100,187
370,Jun 2 2008,World Cup qualifier in Iran,Iran,United Arab Emirates,1732,1472,0,0,-16,16,1716,1488,43,88,-3,2,40,90,40,100,360
371,Jun 2 2008,World Cup qualifier in Japan,Japan,Oman,1757,1519,3,0,9,-9,1766,1510,29,86,1,-3,30,83,40,100,338
372,Jun 2 2008,World Cup qualifier in Qatar,Qatar,China,1499,1559,0,0,-2,2,1497,1561,89,72,0,-1,89,71,30,100,40
373,Jun 2 2008,World Cup qualifier in Saudi Arabia,Saudi Arabia,Lebanon,1636,1320,4,1,6,-6,1642,1314,49,124,0,0,49,124,40,100,416
374,Jun 2 2008,World Cup qualifier in Singapore,Singapore,Uzbekistan,1374,1612,3,7,-23,23,1351,1635,122,45,-6,5,116,50,40,100,-138
375,Jun 2 2008,World Cup qualifier in Syria,Syria,Kuwait,1541,1432,1,0,9,-9,1550,1423,70,102,3,-1,73,101,40,100,209
376,Jun 2 2008,World Cup qualifier in Thailand,Thailand,Bahrain,1430,1544,2,3,-19,19,1411,1563,104,66,-1,4,103,70,40,100,-14
377,Jun 2 2008,World Cup qualifier in Turkmenistan,Turkmenistan,North Korea,1322,1516,0,0,5,-5,1327,1511,119,81,2,1,121,82,20,0,-194
378,Jun 3 2008,Friendly in France,France,Colombia,2004,1821,1,0,3,-3,2007,1818,4,16,0,0,4,16,20,100,283
379,Jun 3 2008,South Asian Championship in the Maldives,India,Nepal,1177,866,4,0,11,-11,1188,855,155,203,4,0,159,203,40,0,311
380,Jun 3 2008,Friendly in Jamaica,Jamaica,St Vincent & Grenadines,1558,1307,5,1,4,-4,1562,1303,70,133,1,-2,71,131,20,100,351
381,Jun 3 2008,South Asian Championship in the Maldives,Maldives,Pakistan,1040,914,3,0,15,-15,1055,899,177,202,3,-3,180,199,40,100,226
382,Jun 4 2008,Friendly in Andorra,Andorra,Azerbaijan,1064,1362,1,2,-5,5,1059,1367,179,110,0,1,179,111,20,100,-198
383,Jun 4 2008,Friendly in the United States,Argentina,Mexico,2023,1894,4,1,11,-11,2034,1883,1,11,1,0,2,11,20,0,129
384,Jun 4 2008,South Asian Championship in Sri Lanka,Bangladesh,Bhutan,950,594,1,1,-15,15,935,609,193,221,0,0,193,221,40,0,356
385,Jun 4 2008,Friendly in the United States,Canada,Panama,1612,1578,2,2,-1,1,1611,1579,56,60,0,2,56,62,20,0,34
386,Jun 4 2008,Friendly in Chile,Chile,Guatemala,1735,1504,2,0,4,-4,1739,1500,34,90,1,-2,35,88,20,100,331
387,Jun 4 2008,Friendly in Estonia,Estonia,Faroe Islands,1405,1158,4,3,2,-2,1407,1156,103,167,1,0,104,167,20,100,347
388,Jun 4 2008,World Cup qualifier in Honduras,Honduras,Puerto Rico,1697,956,4,0,1,-1,1698,955,41,191,0,0,41,191,20,0,741
389,Jun 4 2008,Friendly in Germany,Russia,Lithuania,1791,1576,4,1,8,-8,1799,1568,20,69,2,-1,22,68,20,0,215
390,Jun 4 2008,Friendly in Spain,Spain,United States,1984,1794,1,0,3,-3,1987,1791,5,26,0,-2,5,24,20,100,290
391,Jun 4 2008,South Asian Championship in Sri Lanka,Sri Lanka,Afghanistan,995,855,2,2,-12,12,983,867,188,203,0,0,188,203,40,100,240
392,Jun 4 2008,Friendly in Trinidad and Tobago,Trinidad and Tobago,Guyana,1506,1346,3,0,6,-6,1512,1340,79,120,3,-1,82,119,20,100,260
393,Jun 5 2008,South Asian Championship in the Maldives,India,Pakistan,1188,899,2,1,6,-6,1194,893,153,199,3,0,156,199,40,0,289
394,Jun 5 2008,South Asian Championship in the Maldives,Maldives,Nepal,1055,855,4,1,11,-11,1066,844,178,204,1,0,179,204,40,100,300
395,Jun 6 2008,South Asian Championship in Sri Lanka,Afghanistan,Bangladesh,867,935,2,2,4,-4,871,931,203,193,0,0,203,193,40,0,-68
396,Jun 6 2008,World Cup & African Cup qual in Algeria,Algeria,Liberia,1401,1264,3,0,14,-14,1415,1250,99,152,4,-6,103,146,40,100,237
397,Jun 6 2008,Friendly in Bermuda,Bermuda,Barbados,1117,1312,2,1,13,-13,1130,1299,173,138,1,-6,174,132,20,100,-95
398,Jun 6 2008,World Cup & African Cup qual in Djibouti,Djibouti,Egypt,808,1816,0,4,0,0,808,1816,207,17,0,0,207,17,20,0,-1008
399,Jun 6 2008,Friendly in Indonesia,Indonesia,Malaysia,1282,1149,1,1,-6,6,1276,1155,138,166,-1,2,137,168,20,100,233
400,Jun 6 2008,South Asian Championship in Sri Lanka,Sri Lanka,Bhutan,983,609,2,0,4,-4,987,605,188,221,0,0,188,221,40,100,474
401,Jun 6 2008,Friendly in the United States,Venezuela,Brazil,1649,2086,2,0,28,-28,1677,2058,38,1,5,0,43,1,20,0,-437
402,Jun 7 2008,World Cup qualifier in Bahrain,Bahrain,Thailand,1563,1411,1,1,-12,12,1551,1423,72,96,-1,4,71,100,40,100,252
403,Jun 7 2008,World Cup & African Cup qual in Burkina Faso,Burkina Faso,Burundi,1365,1286,2,0,16,-16,1381,1270,108,143,2,-5,110,138,40,100,179
404,Jun 7 2008,World Cup & African Cup qual in Cape Verde,Cape Verde,Tanzania,1310,1307,1,0,14,-14,1324,1293,118,136,4,-4,122,132,40,100,103
405,Jun 7 2008,World Cup qualifier in Chad,Chad,Mali,1257,1577,1,2,-9,9,1248,1586,150,54,-4,6,146,60,40,100,-220
406,Jun 7 2008,Friendly in Chile,Chile,Panama,1739,1579,0,0,-6,6,1733,1585,35,60,0,1,35,61,20,100,260
407,Jun 7 2008,World Cup qualifier in China,China,Qatar,1561,1497,0,1,-29,29,1532,1526,84,69,-6,10,78,79,40,100,164
408,Jun 7 2008,Friendly in Cuba,Cuba,St Vincent & Grenadines,1478,1303,1,0,3,-3,1481,1300,90,130,1,0,91,130,20,100,275
409,Jun 7 2008,Friendly in Honduras,Honduras,Haiti,1698,1530,3,1,5,-5,1703,1525,41,81,0,-1,41,80,20,100,268
410,Jun 7 2008,World Cup qualifier in the United Arab Emirates,Iraq,Australia,1575,1744,1,0,29,-29,1604,1715,47,46,10,-6,57,40,40,0,-169
411,Jun 7 2008,World Cup qualifier in Jordan,Jordan,South Korea,1518,1653,0,1,-18,18,1500,1671,95,44,-7,2,88,46,40,100,-35
412,Jun 7 2008,World Cup & African Cup qual in Kenya,Kenya,Guinea,1306,1601,2,0,45,-45,1351,1556,103,82,13,-12,116,70,40,100,-195
413,Jun 7 2008,World Cup & African Cup qual in Libya,Libya,Gabon,1466,1431,1,0,13,-13,1479,1418,89,104,3,-2,92,102,30,0,35
414,Jun 7 2008,South Asian Championship in the Maldives,Maldives,India,1066,1194,0,1,-18,18,1048,1212,183,148,-2,4,181,152,40,100,-28
415,Jun 7 2008,World Cup & African Cup qual in Mauritania,Mauritania,Morocco,1209,1677,1,4,-8,8,1201,1685,155,41,-1,1,154,42,40,100,-368
416,Jun 7 2008,South Asian Championship in the Maldives,Nepal,Pakistan,844,893,4,1,40,-40,884,853,196,209,4,-5,200,204,40,0,-49
417,Jun 7 2008,World Cup qualifier in North Korea,North Korea,Turkmenistan,1511,1327,1,0,7,-7,1518,1320,81,129,1,-4,82,125,40,100,284
418,Jun 7 2008,World Cup qualifier in Oman,Oman,Japan,1510,1766,1,1,8,-8,1518,1758,80,32,2,-1,82,31,40,100,-156
419,Jun 7 2008,European Championship in Switzerland,Portugal,Turkey,1860,1812,2,0,32,-32,1892,1780,9,34,2,-8,11,26,50,0,48
420,Jun 7 2008,World Cup qualifier in Saudi Arabia,Saudi Arabia,Lebanon,1642,1314,2,1,3,-3,1645,1311,49,130,0,-3,49,127,20,0,328
421,Jun 7 2008,World Cup & African Cup qual in the Seychelles,Seychelles,Tunisia,1069,1613,0,2,-4,4,1065,1617,178,55,0,0,178,55,40,100,-444
422,Jun 7 2008,World Cup & African Cup qual in Sierra Leone,Sierra Leone,Nigeria,1194,1723,0,1,-3,3,1191,1726,158,39,-1,0,157,39,40,100,-429
423,Jun 7 2008,World Cup & African Cup qual in South Africa,South Africa,Equatorial Guinea,1509,1262,4,1,8,-8,1517,1254,83,142,1,-1,84,141,40,100,347
424,Jun 7 2008,European Championship in Switzerland,Switzerland,Czechia,1793,1922,0,1,-23,23,1770,1945,35,8,-6,0,29,8,50,100,-29
425,Jun 7 2008,Friendly in Trinidad and Tobago,Trinidad and Tobago,Jamaica,1512,1562,1,1,-1,1,1511,1563,88,67,-3,2,85,69,20,100,50
426,Jun 7 2008,World Cup qualifier in the United Arab Emirates,United Arab Emirates,Iran,1488,1716,0,1,-13,13,1475,1729,96,34,-3,3,93,37,40,100,-128
427,Jun 7 2008,World Cup qualifier in Uzbekistan,Uzbekistan,Singapore,1635,1351,1,0,4,-4,1639,1347,50,120,0,-2,50,118,40,100,384
428,Jun 8 2008,Friendly in Antigua and Barbuda,Antigua and Barbuda,Saint Kitts and Nevis,1135,1155,2,0,12,-12,1147,1143,169,176,2,-4,171,172,20,100,80
429,Jun 8 2008,European Championship in Austria,Austria,Croatia,1600,1870,0,1,-14,14,1586,1884,61,13,-1,0,60,13,50,100,-170
430,Jun 8 2008,World Cup & African Cup qual in Benin,Benin,Uganda,1344,1407,4,1,31,-31,1375,1376,105,115,7,-5,112,110,30,0,-63
431,Jun 8 2008,South Asian Championship in Sri Lanka,Bhutan,Afghanistan,605,871,3,1,49,-49,654,822,219,209,1,-3,220,206,40,0,-266
432,Jun 8 2008,World Cup & African Cup qual in Congo,Congo,Sudan,1403,1358,1,0,12,-12,1415,1346,101,127,3,-7,104,120,40,100,145
433,Jun 8 2008,World Cup & African Cup qual in the Dem Rep of the Congo,DR Congo,Malawi,1451,1303,1,0,8,-8,1459,1295,93,131,2,-1,95,130,40,100,248
434,Jun 8 2008,World Cup & African Cup qual in Ethiopia,Ethiopia,Rwanda,1313,1353,1,2,-23,23,1290,1376,138,105,-6,5,132,110,40,100,60
435,Jun 8 2008,World Cup & African Cup qual in The Gambia,Gambia,Senegal,1350,1604,0,0,8,-8,1358,1596,115,59,1,-1,116,58,40,100,-154
436,Jun 8 2008,European Championship in Austria,Germany,Poland,1960,1786,2,0,20,-20,1980,1766,5,34,1,-5,6,29,50,0,174
437,Jun 8 2008,World Cup & African Cup qual in South Africa,Ghana,Lesotho,1788,1154,3,2,1,-1,1789,1153,23,170,0,0,23,170,20,0,634
438,Jun 8 2008,World Cup qualifier in Kuwait,Kuwait,Syria,1423,1550,4,2,32,-32,1455,1518,92,90,4,-9,96,81,40,100,-27
439,Jun 8 2008,World Cup & African Cup qual in Madagascar,Madagascar,Ivory Coast,1253,1731,0,0,16,-16,1269,1715,136,42,3,-3,139,39,40,100,-378
440,Jun 8 2008,World Cup & African Cup qual in Mauritius,Mauritius,Cameroon,1178,1771,0,3,-4,4,1174,1775,163,24,0,2,163,26,40,100,-493
441,Jun 8 2008,Friendly in the United States,Mexico,Peru,1883,1633,4,0,7,-7,1890,1626,12,53,0,-1,12,52,20,0,250
442,Jun 8 2008,World Cup & African Cup qual in Mozambique,Mozambique,Botswana,1323,1335,1,2,-25,25,1298,1360,135,109,-6,6,129,115,40,100,88
443,Jun 8 2008,World Cup & African Cup qual in Niger,Niger,Angola,1261,1578,1,2,-9,9,1252,1587,146,52,-3,7,143,59,40,100,-217
444,Jun 8 2008,South Asian Championship in Sri Lanka,Sri Lanka,Bangladesh,987,931,1,0,12,-12,999,919,186,197,1,-2,187,195,40,100,156
445,Jun 8 2008,World Cup & African Cup qual in Swaziland,Swaziland,Togo,1137,1467,2,1,32,-32,1169,1435,156,105,8,-5,164,100,40,100,-230
446,Jun 8 2008,Friendly in Trinidad and Tobago,Trinidad and Tobago,Guyana,1511,1340,2,0,5,-5,1516,1335,85,122,0,-1,85,121,20,100,271
447,Jun 8 2008,Friendly in the United States,United States,Argentina,1791,2034,0,0,4,-4,1795,2030,22,4,0,-1,22,3,20,100,-143
448,Jun 8 2008,World Cup & African Cup qual in Zimbabwe,Zimbabwe,Namibia,1472,1285,2,0,10,-10,1482,1275,88,139,3,-3,91,136,40,100,287
449,Jun 9 2008,Friendly in Bermuda,Bermuda,Barbados,1130,1299,3,0,21,-21,1151,1278,168,138,3,-5,171,133,20,100,-69
450,Jun 9 2008,European Championship in Switzerland,France,Romania,2007,1911,0,0,-7,7,2000,1918,4,10,0,0,4,10,50,0,96
451,Jun 9 2008,European Championship in Switzerland,Netherlands,Italy,1973,2033,3,0,51,-51,2024,1982,-1,10,4,-4,3,6,50,0,-60
452,Jun 9 2008,Friendly in the Netherlands Antilles,Netherlands Antilles,Venezuela,1165,1677,0,1,-2,2,1163,1679,167,44,-1,0,166,44,20,100,-412
453,Jun 10 2008,Friendly in Grenada,Grenada,Jamaica,1217,1563,2,1,16,-16,1233,1547,145,75,3,-3,148,72,20,100,-246
454,Jun 10 2008,European Championship in Austria,Spain,Russia,1987,1799,4,1,22,-22,2009,1777,3,29,1,-4,4,25,50,0,188
455,Jun 10 2008,European Championship in Austria,Sweden,Greece,1783,1835,2,0,43,-43,1826,1792,6,29,9,-7,15,22,50,0,-52
456,Jun 11 2008,South Asian Championship in the Maldives,India,Bhutan,1212,654,2,1,2,-2,1214,652,152,220,0,0,152,220,40,0,558
457,Jun 11 2008,Friendly in Indonesia,Indonesia,Vietnam,1276,1284,1,0,7,-7,1283,1277,129,138,3,-3,132,135,20,100,92
458,Jun 11 2008,European Championship in Switzerland,Portugal,Czechia,1892,1945,3,1,43,-43,1935,1902,5,14,3,-3,8,11,50,0,-53
459,Jun 11 2008,South Asian Championship in Sri Lanka,Sri Lanka,Maldives,999,1048,0,1,-23,23,976,1071,189,175,-1,3,188,178,40,100,51
460,Jun 11 2008,European Championship in Switzerland,Switzerland,Turkey,1770,1780,1,2,-31,31,1739,1811,38,12,-5,6,33,18,50,100,90
461,Jun 12 2008,European Championship in Austria,Austria,Poland,1586,1766,1,1,6,-6,1592,1760,58,30,1,-1,59,29,50,100,-80
462,Jun 12 2008,European Championship in Austria,Croatia,Germany,1884,1980,2,1,32,-32,1916,1948,9,7,2,0,11,7,50,0,-96
463,Jun 13 2008,World Cup & African Cup qual in Djibouti,Djibouti,DR Congo,808,1459,0,6,-3,3,805,1462,207,95,0,0,207,95,30,100,-551
464,Jun 13 2008,European Championship in Switzerland,Italy,Romania,1982,1918,1,1,-5,5,1977,1923,4,8,1,1,5,9,50,0,64
465,Jun 13 2008,World Cup & African Cup qual in Mauritania,Mauritania,Ethiopia,1201,1290,0,1,-21,21,1180,1311,168,119,-7,6,161,125,40,100,11
466,Jun 13 2008,European Championship in Switzerland,Netherlands,France,2024,2000,4,1,41,-41,2065,1959,-1,7,2,-1,1,6,50,0,24
467,Jun 14 2008,World Cup qualifier in Bahrain,Bahrain,Oman,1551,1518,1,1,-7,7,1544,1525,76,75,-3,3,73,78,40,100,133
468,Jun 14 2008,World Cup & African Cup qual in Botswana,Botswana,Ivory Coast,1360,1715,1,1,13,-13,1373,1702,117,41,-1,-1,116,40,40,100,-255
469,Jun 14 2008,World Cup qualifier in Chad,Chad,Congo,1248,1415,2,1,24,-24,1272,1391,128,116,9,-6,137,110,40,100,-67
470,Jun 14 2008,World Cup qualifier in China,China,Iraq,1532,1604,1,2,-22,22,1510,1626,87,47,-5,5,82,52,40,100,28
471,Jun 14 2008,World Cup & African Cup qual in Gabon,Gabon,Ghana,1418,1789,2,0,50,-50,1468,1739,86,42,8,-9,94,33,40,100,-271
472,Jun 14 2008,World Cup & African Cup qual in The Gambia,Gambia,Algeria,1358,1415,1,0,18,-18,1376,1397,112,112,2,-4,114,108,40,100,43
473,Jun 14 2008,World Cup qualifier in Grenada,Grenada,Costa Rica,1233,1627,2,2,14,-14,1247,1613,144,61,2,-5,146,56,40,100,-294
474,Jun 14 2008,World Cup qualifier in Guatemala,Guatemala,Saint Lucia,1500,1141,6,0,6,-6,1506,1135,78,174,5,0,83,174,40,100,459
475,Jun 14 2008,World Cup & African Cup qual in Kenya,Kenya,Zimbabwe,1351,1482,2,0,33,-33,1384,1449,108,103,5,-6,113,97,40,100,-31
476,Jun 14 2008,World Cup qualifier in Kuwait,Kuwait,United Arab Emirates,1455,1475,2,3,-25,25,1430,1500,106,80,-5,7,101,87,40,100,80
477,Jun 14 2008,World Cup & African Cup qual in Malawi,Malawi,Egypt,1295,1816,1,0,37,-37,1332,1779,110,29,10,-6,120,23,40,100,-421
478,Jun 14 2008,South Asian Championship in Sri Lanka,Maldives,India,1071,1214,1,0,28,-28,1099,1186,176,164,1,-6,177,158,40,0,-143
479,Jun 14 2008,World Cup & African Cup qual in Namibia,Namibia,Guinea,1275,1556,1,2,-10,10,1265,1566,144,63,-4,3,140,66,40,100,-181
480,Jun 14 2008,World Cup & African Cup qual in Niger,Niger,Benin,1252,1375,0,2,-28,28,1224,1403,159,102,-8,5,151,107,40,100,-23
481,Jun 14 2008,World Cup qualifier in North Korea,North Korea,Jordan,1518,1500,2,0,20,-20,1538,1480,69,96,6,-4,75,92,40,100,118
482,Jun 14 2008,World Cup qualifier in Peru,Peru,Colombia,1626,1818,1,1,5,-5,1631,1813,50,14,1,1,51,15,20,0,-192
483,Jun 14 2008,World Cup qualifier in Puerto Rico,Puerto Rico,Honduras,955,1703,2,2,19,-19,974,1684,187,43,2,-1,189,42,40,0,-748
484,Jun 14 2008,World Cup qualifier in Qatar,Qatar,Australia,1526,1715,1,3,-22,22,1504,1737,90,31,-6,4,84,35,40,100,-89
485,Jun 14 2008,European Championship in Austria,Russia,Greece,1777,1792,1,0,26,-26,1803,1766,13,29,6,-3,19,26,50,0,-15
486,Jun 14 2008,World Cup & African Cup qual in Rwanda,Rwanda,Morocco,1376,1685,3,1,46,-46,1422,1639,94,58,8,-8,102,50,40,100,-209
487,Jun 14 2008,World Cup & African Cup qual in the Seychelles,Seychelles,Burkina Faso,1065,1381,2,3,-9,9,1056,1390,181,113,-1,-2,180,111,40,100,-216
488,Jun 14 2008,World Cup & African Cup qual in Sierra Leone,Sierra Leone,South Africa,1191,1517,1,0,31,-31,1222,1486,148,94,4,-5,152,89,40,100,-226
489,Jun 14 2008,World Cup qualifier in Singapore,Singapore,Saudi Arabia,1347,1645,0,2,-15,15,1332,1660,121,43,-1,3,120,46,40,100,-198
490,Jun 14 2008,European Championship in Austria,Spain,Sweden,2009,1826,2,1,13,-13,2022,1813,4,15,0,0,4,15,50,0,183
491,Jun 14 2008,World Cup & African Cup qual in Sudan,Sudan,Mali,1346,1586,3,2,28,-28,1374,1558,110,75,5,-7,115,68,40,100,-140
492,Jun 14 2008,World Cup qualifier in Suriname,Suriname,Guyana,1222,1335,1,0,21,-21,1243,1314,145,127,3,-3,148,124,40,100,-13
493,Jun 14 2008,World Cup qualifier in Syria,Syria,Iran,1518,1729,0,2,-21,21,1497,1750,95,26,-7,5,88,31,40,100,-111
494,Jun 14 2008,World Cup & African Cup qual in Tanzania,Tanzania,Cameroon,1293,1775,0,0,16,-16,1309,1759,121,32,5,-3,126,29,40,100,-382
495,Jun 14 2008,World Cup qualifier in Thailand,Thailand,Japan,1423,1758,0,3,-14,14,1409,1772,109,20,-4,5,105,25,40,100,-235
496,Jun 14 2008,World Cup qualifier in Turkmenistan,Turkmenistan,South Korea,1320,1671,1,3,-11,11,1309,1682,128,42,-2,2,126,44,40,100,-251
497,Jun 14 2008,World Cup & African Cup qual in Uganda,Uganda,Angola,1376,1587,3,1,39,-39,1415,1548,98,80,6,-10,104,70,40,100,-111
498,Jun 14 2008,World Cup qualifier in Uruguay,Uruguay,Venezuela,1806,1679,1,1,-11,11,1795,1690,23,38,-2,3,21,41,40,100,227
499,Jun 14 2008,World Cup qualifier in Uzbekistan,Uzbekistan,Lebanon,1639,1311,3,0,5,-5,1644,1306,48,133,1,-4,49,129,20,0,328
500,Jun 14 2008,WC q & Oce Cup in Vanuatu,Vanuatu,New Caledonia,1227,1323,1,1,0,0,1227,1323,149,123,0,0,149,123,20,100,4
501,Jun 15 2008,World Cup qualifier in Argentina,Argentina,Ecuador,2030,1677,1,1,-17,17,2013,1694,5,37,-1,4,4,41,40,100,453
502,Jun 15 2008,World Cup qualifier in Bolivia,Bolivia,Chile,1579,1733,0,2,-25,25,1554,1758,73,25,-5,6,68,31,40,100,-54
503,Jun 15 2008,World Cup & African Cup qual in Burundi,Burundi,Tunisia,1270,1617,0,1,-8,8,1262,1625,144,53,-3,1,141,54,40,100,-247
504,Jun 15 2008,World Cup & African Cup qual in Equatorial Guinea,Equatorial Guinea,Nigeria,1254,1726,0,1,-4,4,1250,1730,148,37,-3,1,145,38,40,100,-372
505,Jun 15 2008,World Cup qualifier in Haiti,Haiti,Netherlands Antilles,1525,1163,0,0,-17,17,1508,1180,84,160,-3,3,81,163,40,100,462
506,Jun 15 2008,World Cup qualifier in Jamaica,Jamaica,Bahamas,1547,873,7,0,1,-1,1548,872,69,202,1,0,70,202,20,0,674
507,Jun 15 2008,World Cup & African Cup qual in Liberia,Liberia,Senegal,1250,1596,2,2,12,-12,1262,1584,137,62,4,-2,141,60,40,100,-246
508,Jun 15 2008,World Cup & African Cup qual in South Africa,Libya,Lesotho,1479,1153,1,0,5,-5,1484,1148,87,172,3,-1,90,171,40,0,326
509,Jun 15 2008,Friendly in Macao,Macao,Hong Kong,729,1201,0,1,-2,2,727,1203,211,154,0,0,211,154,20,100,-372
510,Jun 15 2008,World Cup & African Cup qual in Madagascar,Madagascar,Mozambique,1269,1298,1,1,-4,4,1265,1302,137,129,1,1,138,130,40,100,71
511,Jun 15 2008,World Cup & African Cup qual in Mauritius,Mauritius,Cape Verde,1174,1324,0,1,-17,17,1157,1341,173,118,-5,2,168,120,40,100,-50
512,Jun 15 2008,World Cup qualifier in the United States,Mexico,Belize,1890,1097,2,0,1,-1,1891,1096,9,178,2,0,11,178,40,0,793
513,Jun 15 2008,World Cup qualifier in Panama,Panama,El Salvador,1585,1395,1,0,6,-6,1591,1389,58,113,1,-2,59,111,40,100,290
514,Jun 15 2008,World Cup qualifier in Paraguay,Paraguay,Brazil,1805,2058,2,0,42,-42,1847,2016,10,4,4,-1,14,3,40,100,-153
515,Jun 15 2008,World Cup qualifier in St Vincent & Grenadines,St Vincent & Grenadines,Canada,1300,1611,0,3,-16,16,1284,1627,132,47,-1,5,131,52,40,100,-211
516,Jun 15 2008,World Cup & African Cup qual in Swaziland,Swaziland,Zambia,1169,1542,0,0,13,-13,1182,1529,158,80,3,-3,161,77,40,100,-273
517,Jun 15 2008,European Championship in Switzerland,Switzerland,Portugal,1739,1935,2,0,48,-48,1787,1887,13,16,10,-4,23,12,50,100,-96
518,Jun 15 2008,World Cup qualifier in Trinidad and Tobago,Trinidad and Tobago,Bermuda,1516,1151,1,2,-37,37,1479,1188,105,145,-12,13,93,158,40,100,465
519,Jun 15 2008,European Championship in Switzerland,Turkey,Czechia,1811,1902,3,2,31,-31,1842,1871,13,14,2,-1,15,13,50,0,-91
520,Jun 15 2008,World Cup qualifier in the United States,United States,Barbados,1795,1278,8,0,3,-3,1798,1275,21,137,0,-2,21,135,30,0,517
521,Jun 16 2008,European Championship in Austria,Austria,Germany,1592,1948,0,1,-9,9,1583,1957,62,7,-2,0,60,7,50,100,-256
522,Jun 16 2008,European Championship in Austria,Croatia,Poland,1916,1760,1,0,14,-14,1930,1746,6,39,2,-5,8,34,50,0,156
523,Jun 17 2008,World Cup qualifier in Antigua and Barbuda,Antigua and Barbuda,Cuba,1147,1481,3,4,-8,8,1139,1489,174,85,-1,3,173,88,40,100,-234
524,Jun 17 2008,European Championship in Switzerland,Italy,France,1977,1959,2,0,36,-36,2013,1923,3,10,1,-2,4,8,50,0,18
525,Jun 17 2008,European Championship in Switzerland,Netherlands,Romania,2065,1923,2,0,23,-23,2088,1900,1,11,0,-1,1,10,50,0,142
526,Jun 17 2008,World Cup qualifier in Uruguay,Uruguay,Peru,1795,1631,6,0,15,-15,1810,1616,16,61,3,-5,19,56,40,100,264
527,Jun 18 2008,World Cup qualifier in Bolivia,Bolivia,Paraguay,1554,1847,4,2,45,-45,1599,1802,48,24,10,-5,58,19,40,100,-193
528,Jun 18 2008,World Cup qualifier in Brazil,Brazil,Argentina,2016,2013,0,0,-6,6,2010,2019,7,2,-2,1,5,3,40,100,103
529,Jun 18 2008,World Cup qualifier in Ecuador,Ecuador,Colombia,1694,1813,0,0,1,-1,1695,1812,41,17,0,0,41,17,20,100,-19
530,Jun 18 2008,World Cup qualifier in Jamaica,Jamaica,Bahamas,1548,872,6,0,1,-1,1549,871,68,202,1,0,69,202,20,0,676
531,Jun 18 2008,European Championship in Austria,Russia,Sweden,1803,1813,2,0,39,-39,1842,1774,8,31,6,-7,14,24,50,0,-10
532,Jun 18 2008,European Championship in Austria,Spain,Greece,2022,1766,2,1,9,-9,2031,1757,2,33,0,-3,2,30,50,0,256
533,Jun 19 2008,European Championship in Switzerland,Germany,Portugal,1957,1887,3,2,20,-20,1977,1867,6,14,0,-1,6,13,50,0,70
534,Jun 19 2008,World Cup qualifier in Venezuela,Venezuela,Chile,1690,1758,2,3,-22,22,1668,1780,48,17,-3,6,45,23,40,100,32
535,Jun 20 2008,World Cup & African Cup qual in Algeria,Algeria,Gambia,1397,1376,1,0,13,-13,1410,1363,102,122,3,-4,105,118,40,100,121
536,Jun 20 2008,World Cup qualifier in Canada,Canada,St Vincent & Grenadines,1627,1284,4,1,5,-5,1632,1279,51,133,0,-1,51,132,40,100,443
537,Jun 20 2008,European Championship in Austria,Croatia,Turkey,1930,1842,1,1,-6,6,1924,1848,7,14,0,0,7,14,50,0,88
538,Jun 20 2008,World Cup & African Cup qual in Libya,Libya,Lesotho,1484,1148,4,0,6,-6,1490,1142,85,173,3,-1,88,172,40,100,436
539,Jun 21 2008,World Cup & African Cup qual in Burkina Faso,Burkina Faso,Seychelles,1390,1056,4,1,5,-5,1395,1051,108,180,1,0,109,180,40,100,434
540,Jun 21 2008,World Cup & African Cup qual in Cameroon,Cameroon,Tanzania,1759,1309,2,1,2,-2,1761,1307,29,130,0,-2,29,128,30,0,450
541,Jun 21 2008,World Cup qualifier in Costa Rica,Costa Rica,Grenada,1613,1247,3,0,4,-4,1617,1243,55,148,1,-1,56,147,20,0,366
542,Jun 21 2008,World Cup qualifier in the United States,Guatemala,Saint Lucia,1506,1135,3,1,6,-6,1512,1129,78,174,2,0,80,174,40,0,371
543,Jun 21 2008,World Cup qualifier in Mexico,Mexico,Belize,1891,1096,7,0,1,-1,1892,1095,13,178,-1,0,12,178,30,0,795
544,Jun 21 2008,World Cup & African Cup qual in Morocco,Morocco,Rwanda,1639,1422,2,0,8,-8,1647,1414,48,106,1,-2,49,104,40,100,317
545,Jun 21 2008,WC q & Oce Cup in New Caledonia,New Caledonia,Vanuatu,1323,1227,3,0,21,-21,1344,1206,117,157,3,-4,120,153,50,100,196
546,Jun 21 2008,World Cup & African Cup qual in Nigeria,Nigeria,Equatorial Guinea,1730,1250,2,0,2,-2,1732,1248,38,145,0,0,38,145,20,0,480
547,Jun 21 2008,European Championship in Switzerland,Russia,Netherlands,1842,2088,3,1,60,-60,1902,2028,5,3,5,-1,10,2,50,0,-246
548,Jun 21 2008,World Cup & African Cup qual in Senegal,Senegal,Liberia,1584,1262,3,1,5,-5,1589,1257,60,143,0,-1,60,142,40,100,422
549,Jun 21 2008,World Cup & African Cup qual in South Africa,South Africa,Sierra Leone,1486,1222,0,0,-16,16,1470,1238,96,146,-3,3,93,149,40,100,364
550,Jun 21 2008,World Cup & African Cup qual in Tunisia,Tunisia,Burundi,1625,1262,2,1,3,-3,1628,1259,51,141,1,0,52,141,30,0,363
551,Jun 21 2008,World Cup & African Cup qual in Zambia,Zambia,Swaziland,1529,1182,1,0,3,-3,1532,1179,77,167,0,-3,77,164,40,100,447
552,Jun 22 2008,World Cup qualifier in Australia,Australia,China,1737,1510,0,1,-35,35,1702,1545,44,67,-4,7,40,74,40,100,327
553,Jun 22 2008,World Cup qualifier in Barbados,Barbados,United States,1275,1798,0,1,-3,3,1272,1801,137,21,-1,0,136,21,40,100,-423
554,Jun 22 2008,World Cup & African Cup qual in Benin,Benin,Niger,1403,1224,2,0,10,-10,1413,1214,104,151,2,0,106,151,40,100,279
555,Jun 22 2008,World Cup qualifier in Bermuda,Bermuda,Trinidad and Tobago,1188,1479,0,2,-15,15,1173,1494,168,82,-5,5,163,87,40,100,-191
556,Jun 22 2008,World Cup & African Cup qual in Cape Verde,Cape Verde,Mauritius,1341,1157,3,1,10,-10,1351,1147,121,172,0,-2,121,170,40,100,284
557,Jun 22 2008,World Cup qualifier in Congo,Congo,Chad,1391,1272,2,0,13,-13,1404,1259,108,141,1,-2,109,139,40,100,219
558,Jun 22 2008,World Cup qualifier in Cuba,Cuba,Antigua and Barbuda,1489,1139,4,0,5,-5,1494,1134,85,173,2,0,87,173,40,100,450
559,Jun 22 2008,World Cup & African Cup qual in the Dem Rep of the Congo,DR Congo,Djibouti,1462,805,5,1,1,-1,1463,804,91,207,2,0,93,207,20,0,657
560,Jun 22 2008,World Cup & African Cup qual in Egypt,Egypt,Malawi,1779,1332,2,0,2,-2,1781,1330,22,124,1,-1,23,123,20,0,447
561,Jun 22 2008,World Cup qualifier in El Salvador,El Salvador,Panama,1389,1591,3,1,39,-39,1428,1552,91,77,10,-9,101,68,40,100,-102
562,Jun 22 2008,World Cup & African Cup qual in Ethiopia,Ethiopia,Mauritania,1311,1180,6,1,17,-17,1328,1163,123,170,1,-4,124,166,40,100,231
563,Jun 22 2008,World Cup & African Cup qual in Ghana,Ghana,Gabon,1739,1468,2,0,6,-6,1745,1462,35,94,0,0,35,94,40,100,371
564,Jun 22 2008,World Cup & African Cup qual in Guinea,Guinea,Namibia,1566,1265,4,0,7,-7,1573,1258,62,144,2,-3,64,141,40,100,401
565,Jun 22 2008,World Cup qualifier in Guyana,Guyana,Suriname,1314,1243,1,2,-29,29,1285,1272,134,125,-5,11,129,136,40,100,171
566,Jun 22 2008,World Cup qualifier in Iran,Iran,Kuwait,1750,1430,2,0,5,-5,1755,1425,30,103,1,-1,31,102,40,100,420
567,Jun 22 2008,European Championship in Austria,Italy,Spain,2013,2031,0,0,1,-1,2014,2030,4,1,0,0,4,1,20,0,-18
568,Jun 22 2008,World Cup & African Cup qual in Ivory Coast,Ivory Coast,Botswana,1702,1373,4,0,6,-6,1708,1367,38,115,1,0,39,115,40,100,429
569,Jun 22 2008,World Cup qualifier in Japan,Japan,Bahrain,1772,1544,1,0,5,-5,1777,1539,23,77,2,-2,25,75,40,100,328
570,Jun 22 2008,World Cup qualifier in Jordan,Jordan,Turkmenistan,1480,1309,2,0,10,-10,1490,1299,87,130,2,-2,89,128,40,100,271
571,Jun 22 2008,World Cup qualifier in Lebanon,Lebanon,Singapore,1306,1332,1,2,-24,24,1282,1356,133,118,-2,2,131,120,40,100,74
572,Jun 22 2008,World Cup & African Cup qual in Mali,Mali,Sudan,1558,1374,3,0,11,-11,1569,1363,62,120,3,-3,65,117,40,100,284
573,Jun 22 2008,World Cup & African Cup qual in Mozambique,Mozambique,Madagascar,1302,1265,3,0,22,-22,1324,1243,120,156,5,-9,125,147,40,100,137
574,Jun 22 2008,World Cup qualifier in the Netherlands Antilles,Netherlands Antilles,Haiti,1180,1508,0,1,-8,8,1172,1516,166,84,-2,-1,164,83,40,100,-228
575,Jun 22 2008,World Cup qualifier in Oman,Oman,Thailand,1525,1409,2,1,9,-9,1534,1400,78,114,0,-4,78,110,40,100,216
576,Jun 22 2008,World Cup qualifier in the United Arab Emirates,Qatar,Iraq,1504,1626,1,0,27,-27,1531,1599,79,61,2,-4,81,57,40,0,-122
577,Jun 22 2008,World Cup qualifier in Saudi Arabia,Saudi Arabia,Uzbekistan,1660,1644,4,0,25,-25,1685,1619,38,56,4,-3,42,53,40,100,116
578,Jun 22 2008,World Cup qualifier in South Korea,South Korea,North Korea,1682,1538,0,0,-12,12,1670,1550,46,64,-1,5,45,69,40,100,244
579,Jun 22 2008,World Cup qualifier in the United Arab Emirates,United Arab Emirates,Syria,1500,1497,1,3,-39,39,1461,1536,104,67,-9,10,95,77,40,100,103
580,Jun 22 2008,World Cup & African Cup qual in Zimbabwe,Zimbabwe,Kenya,1449,1384,0,0,-9,9,1440,1393,101,111,-2,1,99,112,40,100,165
581,Jun 23 2008,World Cup & African Cup qual in Angola,Angola,Uganda,1548,1415,0,0,-12,12,1536,1427,80,100,-4,2,76,102,40,100,233
582,Jun 25 2008,European Championship in Switzerland,Germany,Turkey,1977,1848,3,2,16,-16,1993,1832,6,17,0,-1,6,16,50,0,129
583,Jun 26 2008,European Championship in Austria,Spain,Russia,2030,1902,3,0,28,-28,2058,1874,1,14,0,-2,1,12,50,0,128
584,Jun 28 2008,World Cup & African Cup qual in Gabon,Gabon,Lesotho,1462,1142,2,0,5,-5,1467,1137,92,172,1,0,93,172,40,100,420
585,Jun 29 2008,European Championship in Austria,Spain,Germany,2058,1993,1,0,20,-20,2078,1973,1,6,0,0,1,6,50,0,65
586,Jul 6 2008,Friendly tournament in Malawi,Malawi,Kenya,1330,1393,0,0,-2,2,1328,1395,123,110,0,1,123,111,30,100,37
587,Jul 7 2008,Friendly tournament in the Solomon Islands,Solomon Islands,Vanuatu,1309,1206,1,2,-23,23,1286,1229,130,147,-2,3,128,150,30,100,203
588,Jul 8 2008,Friendly in Trinidad and Tobago,Trinidad and Tobago,Guyana,1494,1285,2,0,4,-4,1498,1281,87,133,0,-2,87,131,20,100,309
589,Jul 17 2008,Friendly in Trinidad and Tobago,Trinidad and Tobago,Netherlands Antilles,1498,1172,2,0,2,-2,1500,1170,87,164,0,0,87,164,20,100,426
590,Jul 19 2008,COSAFA Cup in South Africa,Madagascar,Swaziland,1243,1179,1,1,-4,4,1239,1183,149,157,-1,2,148,159,20,100,164
591,Jul 19 2008,COSAFA Cup in South Africa,Seychelles,Mauritius,1051,1147,7,0,57,-57,1108,1090,170,188,5,-9,175,179,40,0,-96
592,Jul 20 2008,Friendly in the United States,El Salvador,Guatemala,1428,1512,0,0,2,-2,1430,1510,101,84,0,0,101,84,20,0,-84
593,Jul 20 2008,COSAFA Cup in South Africa,Malawi,Lesotho,1328,1137,1,0,10,-10,1338,1127,123,175,0,-2,123,173,40,0,191
594,Jul 20 2008,COSAFA Cup in South Africa,Namibia,Comoros,1258,844,3,0,6,-6,1264,838,137,204,2,0,139,204,40,0,414
595,Jul 21 2008,COSAFA Cup in South Africa,Madagascar,Seychelles,1239,1108,1,1,-7,7,1232,1115,150,175,-1,0,149,175,40,0,131
596,Jul 21 2008,COSAFA Cup in South Africa,Mauritius,Swaziland,1090,1183,1,1,5,-5,1095,1178,177,165,1,-3,178,162,40,0,-93
597,Jul 22 2008,Friendly in India,India,Malaysia,1186,1155,1,1,-4,4,1182,1159,160,167,-1,1,159,168,20,100,131
598,Jul 22 2008,COSAFA Cup in South Africa,Lesotho,Namibia,1127,1264,1,1,8,-8,1135,1256,169,145,2,-3,171,142,40,0,-137
599,Jul 22 2008,COSAFA Cup in South Africa,Malawi,Comoros,1338,838,1,0,2,-2,1340,836,123,204,0,0,123,204,30,0,500
600,Jul 23 2008,COSAFA Cup in South Africa,Madagascar,Mauritius,1232,1095,2,1,12,-12,1244,1083,145,180,2,-1,147,179,40,0,137
601,Jul 23 2008,COSAFA Cup in South Africa,Swaziland,Seychelles,1178,1115,1,0,16,-16,1194,1099,150,177,6,-1,156,176,40,0,63
602,Jul 24 2008,COSAFA Cup in South Africa,Lesotho,Comoros,1135,836,1,0,6,-6,1141,830,171,204,0,0,171,204,40,0,299
603,Jul 24 2008,COSAFA Cup in South Africa,Namibia,Malawi,1256,1340,1,0,25,-25,1281,1315,120,127,11,-2,131,125,40,0,-84
604,Jul 26 2008,Friendly in the United States,El Salvador,Jamaica,1430,1549,0,0,3,-3,1433,1546,101,74,0,-2,101,72,20,0,-119
605,Jul 26 2008,COSAFA Cup in South Africa,Madagascar,Angola,1244,1536,1,0,34,-34,1278,1502,119,96,14,-10,133,86,40,0,-292
606,Jul 26 2008,COSAFA Cup in South Africa,South Africa,Namibia,1470,1281,1,0,6,-6,1476,1275,92,141,0,-5,92,136,40,100,289
607,Jul 27 2008,COSAFA Cup in South Africa,Mozambique,Botswana,1324,1367,2,0,34,-34,1358,1333,112,131,6,-8,118,123,40,0,-43
608,Jul 27 2008,CONCACAF Ch & Car Ch q in the Netherlands Antilles,Netherlands Antilles,Aruba,1170,900,0,0,-16,16,1154,916,174,194,-5,2,169,196,40,100,370
609,Jul 27 2008,COSAFA Cup in South Africa,Zambia,Zimbabwe,1532,1440,0,0,-5,5,1527,1445,81,99,-1,0,80,99,20,100,192
610,Jul 29 2008,CONCACAF Ch & Car Ch q in the Netherlands Antilles,Grenada,Aruba,1243,916,3,1,8,-8,1251,908,142,200,3,-2,145,198,40,0,327
611,Jul 30 2008,Asian Cup q & Asian Chlg Cup in India,India,Afghanistan,1182,822,1,0,3,-3,1185,819,158,206,1,0,159,206,30,0,360
612,Jul 30 2008,COSAFA Cup in South Africa,Mozambique,Madagascar,1358,1278,2,1,15,-15,1373,1263,110,147,4,-7,114,140,40,0,80
613,Jul 30 2008,COSAFA Cup in South Africa,South Africa,Zambia,1476,1527,1,0,17,-17,1493,1510,86,84,3,-2,89,82,30,0,-51
614,Jul 30 2008,Asian Cup q & Asian Chlg Cup in India,Tajikistan,Turkmenistan,1274,1299,0,0,1,-1,1275,1298,133,127,2,0,135,127,20,0,-25
615,Jul 30 2008,Friendly in Trinidad and Tobago,Trinidad and Tobago,Haiti,1500,1516,2,0,11,-11,1511,1505,75,86,6,-2,81,84,20,100,84
616,Jul 31 2008,Asian Cup q & Asian Chlg Cup in India,Myanmar,Nepal,1165,884,3,0,12,-12,1177,872,164,202,0,-1,164,201,40,0,281
617,Jul 31 2008,Asian Cup q & Asian Chlg Cup in India,North Korea,Sri Lanka,1550,976,3,0,2,-2,1552,974,67,188,1,0,68,188,30,0,574
618,Jul 31 2008,CONCACAF Ch & Car Ch q in the Netherlands Antilles,Netherlands Antilles,Grenada,1154,1251,2,0,30,-30,1184,1221,151,157,9,-6,160,151,40,100,3
619,Aug 1 2008,Asian Cup q & Asian Chlg Cup in India,India,Tajikistan,1185,1275,1,1,-1,1,1184,1276,159,135,0,0,159,135,40,100,10
620,Aug 1 2008,Asian Cup q & Asian Chlg Cup in India,Turkmenistan,Afghanistan,1298,819,5,0,5,-5,1303,814,127,206,0,0,127,206,40,0,479
621,Aug 2 2008,Asian Cup q & Asian Chlg Cup in India,Myanmar,Sri Lanka,1177,974,3,1,14,-14,1191,960,150,194,7,-3,157,191,40,0,203
622,Aug 2 2008,Asian Cup q & Asian Chlg Cup in India,North Korea,Nepal,1552,872,1,0,1,-1,1553,871,68,201,0,0,68,201,30,0,680
623,Aug 3 2008,Asian Cup q & Asian Chlg Cup in India,India,Turkmenistan,1184,1303,2,1,21,-21,1205,1282,148,131,6,-2,154,129,40,100,-19
624,Aug 3 2008,COSAFA Cup in South Africa,South Africa,Mozambique,1493,1373,2,1,9,-9,1502,1364,85,118,2,-2,87,116,40,100,220
625,Aug 3 2008,Asian Cup q & Asian Chlg Cup in India,Tajikistan,Afghanistan,1276,814,4,0,5,-5,1281,809,127,206,4,0,131,206,40,0,462
626,Aug 3 2008,COSAFA Cup in South Africa,Zambia,Madagascar,1510,1263,2,0,12,-12,1522,1251,78,148,2,-4,80,144,40,0,247
627,Aug 4 2008,Asian Cup q & Asian Chlg Cup in India,Nepal,Sri Lanka,871,960,3,0,44,-44,915,916,191,199,5,-4,196,195,40,0,-89
628,Aug 4 2008,Asian Cup q & Asian Chlg Cup in India,North Korea,Myanmar,1553,1191,1,0,4,-4,1557,1187,68,162,0,-2,68,160,40,0,362
629,Aug 6 2008,Friendly in the United States,Guatemala,Bolivia,1510,1599,3,0,22,-22,1532,1577,75,69,4,-6,79,63,20,0,-89
630,Aug 7 2008,Asian Cup q & Asian Chlg Cup in India,India,Myanmar,1205,1187,1,0,13,-13,1218,1174,150,168,2,-4,152,164,40,100,118
631,Aug 7 2008,West Asian Championship in Iran,Iran,Palestine,1755,1190,3,0,1,-1,1756,1189,31,159,0,0,31,159,20,0,565
632,Aug 7 2008,West Asian Championship in Iran,Jordan,Syria,1490,1536,0,0,3,-3,1493,1533,90,78,0,-1,90,77,40,0,-46
633,Aug 7 2008,Asian Cup q & Asian Chlg Cup in India,Tajikistan,North Korea,1281,1557,1,0,33,-33,1314,1524,121,92,5,-12,126,80,40,0,-276
634,Aug 8 2008,CONCACAF Ch & Car Ch q in Guyana,Guyana,Dominica,1281,1000,3,0,7,-7,1288,993,124,188,4,-1,128,187,40,100,381
635,Aug 9 2008,West Asian Championship in Iran,Qatar,Palestine,1531,1189,1,0,5,-5,1536,1184,73,159,3,0,76,159,40,0,342
636,Aug 9 2008,CONCACAF Ch & Car Ch q in Guyana,Suriname,Dominica,1272,993,3,1,10,-10,1282,983,125,187,6,0,131,187,40,0,279
637,Aug 9 2008,West Asian Championship in Iran,Syria,Oman,1533,1534,2,1,20,-20,1553,1514,59,89,9,-7,68,82,40,0,-1
638,Aug 10 2008,CONCACAF Ch & Car Ch q in Guyana,Guyana,Suriname,1288,1282,1,1,-6,6,1282,1288,134,125,-3,3,131,128,40,100,106
639,Aug 10 2008,Friendly in Haiti,Haiti,Trinidad and Tobago,1505,1511,1,0,7,-7,1512,1504,82,85,1,-1,83,84,20,100,94
640,Aug 11 2008,West Asian Championship in Iran,Iran,Qatar,1756,1536,6,1,11,-11,1767,1525,25,80,3,-2,28,78,40,100,320
641,Aug 11 2008,West Asian Championship in Iran,Jordan,Oman,1493,1514,3,1,32,-32,1525,1482,66,102,12,-10,78,92,40,0,-21
642,Aug 13 2008,Asian Cup q & Asian Chlg Cup in India,India,Tajikistan,1218,1314,4,1,35,-35,1253,1279,134,140,9,-7,143,133,40,100,4
643,Aug 13 2008,West Asian Championship in Iran,Iran,Syria,1767,1553,2,0,8,-8,1775,1545,24,78,2,-5,26,73,40,100,314
644,Aug 13 2008,West Asian Championship in Iran,Jordan,Qatar,1525,1525,3,0,35,-35,1560,1490,58,100,10,-11,68,89,40,0,0
645,Aug 13 2008,Asian Cup q & Asian Chlg Cup in India,North Korea,Myanmar,1524,1174,4,0,9,-9,1533,1165,76,166,2,-1,78,165,40,0,350
646,Aug 14 2008,Friendly in the United States,Trinidad and Tobago,El Salvador,1504,1433,3,1,12,-12,1516,1421,81,105,1,-2,82,103,20,0,71
647,Aug 15 2008,West Asian Championship in Iran,Iran,Jordan,1775,1560,2,1,6,-6,1781,1554,20,68,3,0,23,68,40,100,315
648,Aug 19 2008,Friendly in England,Australia,South Africa,1702,1502,2,2,-5,5,1697,1507,40,82,0,2,40,84,20,0,200
649,Aug 19 2008,Friendly in France,Gabon,Mali,1467,1569,1,0,13,-13,1480,1556,93,69,0,-2,93,67,20,0,-102
650,Aug 20 2008,Friendly in Albania,Albania,Liechtenstein,1485,1179,2,0,3,-3,1488,1176,91,163,0,0,91,163,20,100,406
651,Aug 20 2008,Friendly in France,Algeria,United Arab Emirates,1410,1461,1,0,11,-11,1421,1450,99,97,4,-1,103,96,20,0,-51
652,Aug 20 2008,Friendly in France,Austria,Italy,1583,2014,2,2,8,-8,1591,2006,57,6,1,-1,58,5,20,0,-431
653,Aug 20 2008,Friendly in Bahrain,Bahrain,Burkina Faso,1539,1395,3,1,6,-6,1545,1389,71,115,2,-2,73,113,20,100,244
654,Aug 20 2008,Friendly in Belarus,Belarus,Argentina,1583,2019,0,0,7,-7,1590,2012,59,3,0,0,59,3,20,100,-336
655,Aug 20 2008,Friendly in Bolivia,Bolivia,Panama,1577,1552,1,0,7,-7,1584,1545,61,77,1,-4,62,73,20,100,125
656,Aug 20 2008,Friendly in Bosnia and Herzegovina,Bosnia and Herzegovina,Bulgaria,1538,1802,1,2,-6,6,1532,1808,80,19,-2,0,78,19,20,100,-164
657,Aug 20 2008,World Cup qualifier in Canada,Canada,Jamaica,1632,1546,1,1,-10,10,1622,1556,52,62,-1,5,51,67,40,100,186
658,Aug 20 2008,World Cup qualifier in Costa Rica,Costa Rica,El Salvador,1617,1421,1,0,6,-6,1623,1415,45,105,5,-1,50,104,40,100,296
659,Aug 20 2008,World Cup qualifier in Cuba,Cuba,Trinidad and Tobago,1494,1516,1,3,-37,37,1457,1553,100,58,-6,12,94,70,40,100,78
660,Aug 20 2008,Friendly in Denmark,Denmark,Spain,1836,2078,0,3,-11,11,1825,2089,19,1,-2,0,17,1,20,100,-142
661,Aug 20 2008,Friendly in France,DR Congo,Togo,1463,1435,2,1,9,-9,1472,1426,92,102,1,-1,93,101,20,0,28
662,Aug 20 2008,Friendly in the United States,Ecuador,Colombia,1695,1812,1,0,13,-13,1708,1799,39,23,1,-3,40,20,20,0,-117
663,Aug 20 2008,Friendly in England,England,Czechia,1921,1871,2,2,-4,4,1917,1875,9,13,0,0,9,13,20,100,150
664,Aug 20 2008,Friendly in Estonia,Estonia,Malta,1407,1253,2,1,4,-4,1411,1249,106,149,1,-3,107,146,20,100,254
665,Aug 20 2008,Friendly in Finland,Finland,Israel,1660,1762,2,0,15,-15,1675,1747,45,37,1,-4,46,33,20,100,-2
666,Aug 20 2008,Friendly in Germany,Germany,Belgium,1973,1619,2,0,2,-2,1975,1617,6,53,0,0,6,53,20,100,454
667,Aug 20 2008,World Cup qualifier in Guatemala,Guatemala,United States,1532,1801,0,1,-11,11,1521,1812,83,15,-2,3,81,18,40,100,-169
668,Aug 20 2008,World Cup qualifier in Haiti,Haiti,Suriname,1512,1288,2,2,-15,15,1497,1303,91,127,-4,0,87,127,40,100,324
669,Aug 20 2008,Friendly in Hungary,Hungary,Montenegro,1579,1683,3,3,0,0,1579,1683,64,42,-1,1,63,43,20,100,-4
670,Aug 20 2008,Friendly in Iceland,Iceland,Azerbaijan,1417,1367,1,1,-4,4,1413,1371,108,117,-2,-1,106,116,20,100,150
671,Aug 20 2008,Friendly in France,Ivory Coast,Guinea,1708,1573,2,1,6,-6,1714,1567,39,68,0,-2,39,66,20,0,135
672,Aug 20 2008,Friendly in Japan,Japan,Uruguay,1777,1810,1,3,-18,18,1759,1828,32,14,-3,2,29,16,20,100,67
673,Aug 20 2008,World Cup qualifier in Kazakhstan,Kazakhstan,Andorra,1357,1059,3,0,6,-6,1363,1053,117,180,1,0,118,180,40,100,398
674,Aug 20 2008,Friendly in Libya,Libya,Senegal,1490,1589,0,0,0,0,1490,1589,91,64,-1,-3,90,61,20,100,1
675,Aug 20 2008,Friendly in Lithuania,Lithuania,Moldova,1568,1504,3,0,10,-10,1578,1494,63,93,1,-4,64,89,20,100,164
676,Aug 20 2008,Friendly in Luxembourg,Luxembourg,Macedonia,1040,1566,1,4,-3,3,1037,1569,184,64,0,1,184,65,20,100,-426
677,Aug 20 2008,World Cup qualifier in Mexico,Mexico,Honduras,1892,1684,2,1,6,-6,1898,1678,11,45,0,-1,11,44,40,100,308
678,Aug 20 2008,Friendly in Morocco,Morocco,Benin,1647,1413,3,1,4,-4,1651,1409,47,110,1,-2,48,108,20,100,334
679,Aug 20 2008,Friendly in Mozambique,Mozambique,Swaziland,1364,1194,3,0,6,-6,1370,1188,118,159,-1,-1,117,158,20,100,270
680,Aug 20 2008,Friendly in Norway,Norway,Ireland,1736,1774,1,1,-2,2,1734,1776,36,21,0,3,36,24,20,100,62
681,Aug 20 2008,Friendly in Oman,Oman,Uzbekistan,1482,1619,2,0,17,-17,1499,1602,80,59,6,-3,86,56,20,100,-37
682,Aug 20 2008,Friendly in Switzerland,Paraguay,Saudi Arabia,1802,1685,1,1,-3,3,1799,1688,21,42,-1,0,20,42,20,0,117
683,Aug 20 2008,Friendly in Portugal,Portugal,Faroe Islands,1867,1156,5,0,0,0,1867,1156,14,169,0,0,14,169,20,100,811
684,Aug 20 2008,Friendly in Qatar,Qatar,Tajikistan,1490,1279,5,0,6,-6,1496,1273,87,141,1,-4,88,137,20,100,311
685,Aug 20 2008,Friendly in Romania,Romania,Latvia,1900,1519,1,0,1,-1,1901,1518,10,85,0,-2,10,83,20,100,481
686,Aug 20 2008,Friendly in Russia,Russia,Netherlands,1874,2028,1,1,2,-2,1876,2026,12,2,0,0,12,2,20,100,-54
687,Aug 20 2008,Friendly in Scotland,Scotland,Northern Ireland,1755,1583,0,0,-7,7,1748,1590,32,59,0,0,32,59,20,100,272
688,Aug 20 2008,Friendly in Slovakia,Slovakia,Greece,1623,1757,0,2,-14,14,1609,1771,58,21,-3,5,55,26,20,100,-34
689,Aug 20 2008,Friendly in Slovenia,Slovenia,Croatia,1549,1924,2,3,-3,3,1546,1927,74,9,-2,-1,72,8,20,100,-275
690,Aug 20 2008,Friendly in Sudan,Sudan,Egypt,1363,1781,4,0,32,-32,1395,1749,105,39,6,-8,111,31,20,100,-318
691,Aug 20 2008,Friendly in Sweden,Sweden,France,1774,1923,2,3,-9,9,1765,1932,27,6,0,1,27,7,20,100,-49
692,Aug 20 2008,Friendly in Switzerland,Switzerland,Cyprus,1787,1534,4,1,4,-4,1791,1530,22,81,0,-2,22,79,20,100,353
693,Aug 20 2008,Friendly in Tanzania,Tanzania,Ghana,1307,1745,1,1,7,-7,1314,1738,126,35,0,0,126,35,20,100,-338
694,Aug 20 2008,Friendly in Tunisia,Tunisia,Angola,1628,1502,1,1,-6,6,1622,1508,51,81,0,3,51,84,20,100,226
695,Aug 20 2008,Friendly in Turkey,Turkey,Chile,1832,1780,1,0,6,-6,1838,1774,14,25,1,0,15,25,20,100,152
696,Aug 20 2008,Friendly in Ukraine,Ukraine,Poland,1749,1746,1,0,7,-7,1756,1739,27,34,3,0,30,34,20,100,103
697,Aug 20 2008,Friendly in Venezuela,Venezuela,Syria,1668,1545,4,1,8,-8,1676,1537,44,79,1,-3,45,76,20,100,223
698,Aug 20 2008,Friendly in Wales,Wales,Georgia,1654,1503,1,2,-16,16,1638,1519,50,78,-1,4,49,82,20,100,251
699,Aug 20 2008,Friendly in Zimbabwe,Zimbabwe,Botswana,1445,1333,1,0,5,-5,1450,1328,93,123,3,0,96,123,20,100,212
700,Aug 21 2008,Friendly tournament in Indonesia,Indonesia,Cambodia,1283,797,7,0,2,-2,1285,795,129,210,0,0,129,210,30,100,586
701,Aug 22 2008,Friendly tournament in Indonesia,Myanmar,Cambodia,1165,795,7,1,7,-7,1172,788,165,210,0,0,165,210,30,0,370
702,Aug 24 2008,Friendly in Libya,Libya,Chad,1490,1259,3,0,5,-5,1495,1254,88,144,1,-2,89,142,20,100,331
703,Aug 24 2008,Friendly in Qatar,Qatar,North Korea,1496,1533,2,1,8,-8,1504,1525,84,81,2,-2,86,79,20,100,63
704,Aug 25 2008,Friendly tournament in Indonesia,Indonesia,Myanmar,1285,1172,4,0,13,-13,1298,1159,127,169,1,-2,128,167,20,0,113
705,Aug 27 2008,CONCACAF Ch & Car Ch q in the Cayman Islands,Antigua and Barbuda,Bermuda,1134,1173,4,0,42,-42,1176,1131,154,180,9,-8,163,172,40,0,-39
706,Aug 27 2008,CONCACAF Ch & Car Ch q in the Cayman Islands,Cayman Islands,Saint Martin,961,997,3,0,29,-29,990,968,182,192,4,-3,186,189,30,0,-36
707,Aug 27 2008,Friendly in Iran,Iran,Azerbaijan,1781,1371,1,0,1,-1,1782,1370,23,116,0,0,23,116,20,100,510
708,Aug 27 2008,Friendly in Libya,Libya,Niger,1495,1214,6,2,4,-4,1499,1210,85,155,2,-1,87,154,20,100,381
709,Aug 29 2008,Friendly in the United Arab Emirates,United Arab Emirates,Bahrain,1450,1545,2,3,-10,10,1440,1555,102,65,-3,4,99,69,20,100,5
710,Aug 29 2008,Friendly in Uzbekistan,Uzbekistan,North Korea,1602,1525,0,0,-5,5,1597,1530,58,77,-1,1,57,78,20,100,177
711,Aug 30 2008,CONCACAF Ch & Car Ch q in the Cayman Islands,Bermuda,Saint Martin,1131,968,7,0,25,-25,1156,943,166,193,3,-2,169,191,40,0,163
712,Aug 30 2008,CONCACAF Ch & Car Ch q in the Cayman Islands,Cayman Islands,Antigua and Barbuda,990,1176,1,1,5,-5,995,1171,186,165,0,-1,186,164,20,0,-186
713,Aug 30 2008,Friendly in Saudi Arabia,Saudi Arabia,Qatar,1688,1504,2,1,3,-3,1691,1501,42,86,0,0,42,86,20,100,284
714,Aug 30 2008,Friendly in Suriname,Suriname,French Guiana,1303,1212,2,1,5,-5,1308,1207,127,155,0,-1,127,154,20,100,191
715,Aug 31 2008,CONCACAF Ch & Car Ch q in the Cayman Islands,Antigua and Barbuda,Saint Martin,1171,943,3,2,8,-8,1179,935,162,191,1,0,163,191,40,0,228
716,Aug 31 2008,Friendly in Botswana,Botswana,Lesotho,1328,1141,1,0,3,-3,1331,1138,123,172,0,0,123,172,20,100,287
717,Aug 31 2008,CONCACAF Ch & Car Ch q in the Cayman Islands,Cayman Islands,Bermuda,995,1156,0,0,3,-3,998,1153,186,171,0,-1,186,170,30,100,-61
718,Sep 3 2008,Friendly in Trinidad and Tobago,Trinidad and Tobago,Guyana,1553,1282,3,0,4,-4,1557,1278,63,136,4,-3,67,133,20,100,371
719,Sep 5 2008,World Cup & African Cup qual in Algeria,Algeria,Senegal,1421,1589,3,2,24,-24,1445,1565,95,71,4,-5,99,66,40,100,-68
720,Sep 5 2008,World Cup & African Cup qual in Djibouti,Djibouti,Malawi,804,1315,0,3,-6,6,798,1321,209,125,-1,0,208,125,40,100,-411
721,Sep 5 2008,World Cup & African Cup qual in Libya,Libya,Ghana,1499,1738,1,0,28,-28,1527,1710,73,43,7,-4,80,39,40,100,-139
722,Sep 5 2008,Friendly in South Korea,South Korea,Jordan,1670,1554,1,0,4,-4,1674,1550,47,71,0,0,47,71,20,100,216
723,Sep 6 2008,World Cup qualifier in Albania,Albania,Sweden,1488,1765,0,0,9,-9,1497,1756,85,33,3,-3,88,30,40,100,-177
724,Sep 6 2008,World Cup qualifier in Argentina,Argentina,Paraguay,2012,1799,1,1,-14,14,1998,1813,7,18,-2,1,5,19,40,100,313
725,Sep 6 2008,World Cup qualifier in Armenia,Armenia,Turkey,1446,1838,0,2,-9,9,1437,1847,103,15,-3,0,100,15,40,100,-292
726,Sep 6 2008,World Cup qualifier in Austria,Austria,France,1591,1932,3,1,48,-48,1639,1884,44,13,7,-3,51,10,40,100,-241
727,Sep 6 2008,World Cup qualifier in Bahrain,Bahrain,Japan,1555,1759,2,3,-14,14,1541,1773,84,23,-7,3,77,26,40,100,-104
728,Sep 6 2008,World Cup qualifier in Belgium,Belgium,Estonia,1617,1411,3,2,6,-6,1623,1405,55,109,-1,-1,54,108,40,100,306
729,Sep 6 2008,World Cup & African Cup qual in Burkina Faso,Burkina Faso,Tunisia,1389,1622,0,0,7,-7,1396,1615,111,61,1,-5,112,56,40,100,-133
730,Sep 6 2008,World Cup qualifier in Canada,Canada,Honduras,1622,1678,1,2,-23,23,1599,1701,63,40,-6,2,57,42,40,100,44
731,Sep 6 2008,World Cup & African Cup qual in Cape Verde,Cape Verde,Cameroon,1351,1761,1,2,-6,6,1345,1767,121,28,0,0,121,28,40,100,-310
732,Sep 6 2008,World Cup qualifier in Egypt,Chad,Sudan,1254,1395,2,1,28,-28,1282,1367,120,123,11,-6,131,117,40,0,-141
733,Sep 6 2008,World Cup qualifier in Colombia,Colombia,Uruguay,1799,1828,0,1,-24,24,1775,1852,28,12,-4,2,24,14,40,100,71
734,Sep 6 2008,World Cup qualifier in Costa Rica,Costa Rica,Suriname,1623,1308,7,0,8,-8,1631,1300,56,127,-3,0,53,127,40,100,415
735,Sep 6 2008,World Cup qualifier in Croatia,Croatia,Kazakhstan,1927,1363,3,0,1,-1,1928,1362,6,120,1,-1,7,119,20,0,564
736,Sep 6 2008,World Cup qualifier in Cuba,Cuba,United States,1457,1812,0,1,-7,7,1450,1819,98,16,-2,1,96,17,40,100,-255
737,Sep 6 2008,World Cup qualifier in Cyprus,Cyprus,Italy,1530,2006,1,2,-4,4,1526,2010,88,-1,-5,3,83,2,40,100,-376
738,Sep 6 2008,World Cup qualifier in Ecuador,Ecuador,Bolivia,1708,1584,3,1,13,-13,1721,1571,34,67,3,-3,37,64,40,100,224
739,Sep 6 2008,World Cup qualifier in El Salvador,El Salvador,Haiti,1415,1497,5,0,38,-38,1453,1459,86,97,9,-4,95,93,40,100,18
740,Sep 6 2008,World Cup qualifier in Spain,England,Andorra,1917,1053,2,0,0,0,1917,1053,7,180,1,0,8,180,20,0,864
741,Sep 6 2008,WC q & Oce Cup in Fiji,Fiji,Vanuatu,1265,1229,2,0,24,-24,1289,1205,119,156,10,-3,129,153,50,100,136
742,Sep 6 2008,World Cup & African Cup qual in The Gambia,Gambia,Liberia,1363,1257,3,0,16,-16,1379,1241,110,155,4,-7,114,148,40,100,206
743,Sep 6 2008,World Cup qualifier in Hungary,Hungary,Denmark,1579,1825,0,0,8,-8,1587,1817,58,19,2,-1,60,18,40,100,-146
744,Sep 6 2008,World Cup qualifier in Germany,Ireland,Georgia,1776,1519,2,1,7,-7,1783,1512,20,87,2,-2,22,85,40,0,257
745,Sep 6 2008,World Cup qualifier in Israel,Israel,Switzerland,1747,1791,2,2,-3,3,1744,1794,33,20,0,1,33,21,40,100,56
746,Sep 6 2008,World Cup & African Cup qual in Kenya,Kenya,Namibia,1395,1275,1,0,9,-9,1404,1266,107,146,2,-5,109,141,40,100,220
747,Sep 6 2008,World Cup qualifier in Liechtenstein,Liechtenstein,Germany,1176,1975,0,6,-1,1,1175,1976,164,6,0,0,164,6,20,100,-699
748,Sep 6 2008,World Cup qualifier in Luxembourg,Luxembourg,Greece,1037,1771,0,3,-2,2,1035,1773,184,26,0,0,184,26,40,100,-634
749,Sep 6 2008,World Cup qualifier in Macedonia,Macedonia,Scotland,1569,1748,1,0,24,-24,1593,1724,54,40,5,-4,59,36,40,100,-79
750,Sep 6 2008,World Cup qualifier in Malta,Malta,Portugal,1249,1867,0,4,-4,4,1245,1871,148,12,-1,1,147,13,40,100,-518
751,Sep 6 2008,Friendly in Martinique,Martinique,French Guiana,1372,1207,2,1,4,-4,1376,1203,115,154,0,0,115,154,20,100,265
752,Sep 6 2008,World Cup & African Cup qual in Mauritania,Mauritania,Rwanda,1163,1414,0,1,-12,12,1151,1426,175,101,-5,2,170,103,40,100,-151
753,Sep 6 2008,World Cup & African Cup qual in Mauritius,Mauritius,Tanzania,1083,1314,1,4,-22,22,1061,1336,179,118,0,4,179,122,40,100,-131
754,Sep 6 2008,World Cup qualifier in Mexico,Mexico,Jamaica,1898,1556,3,0,5,-5,1903,1551,7,72,2,-2,9,70,40,100,442
755,Sep 6 2008,World Cup qualifier in Moldova,Moldova,Latvia,1494,1518,1,2,-24,24,1470,1542,94,68,-2,8,92,76,40,100,76
756,Sep 6 2008,World Cup qualifier in Montenegro,Montenegro,Bulgaria,1683,1808,2,2,1,-1,1684,1807,45,21,-1,-1,44,20,20,100,-25
757,Sep 6 2008,Friendly in the Netherlands,Netherlands,Australia,2026,1697,1,2,-18,18,2008,1715,6,37,-2,2,4,39,20,100,429
758,Sep 6 2008,WC q & Oce Cup in New Caledonia,New Caledonia,New Zealand,1344,1547,1,3,-27,27,1317,1574,130,54,-4,9,126,63,50,100,-103
759,Sep 6 2008,World Cup qualifier in Norway,Norway,Iceland,1734,1413,2,2,-17,17,1717,1430,41,96,-3,5,38,101,40,100,421
760,Sep 6 2008,Friendly in Oman,Oman,Morocco,1499,1651,0,0,1,-1,1500,1650,86,48,1,0,87,48,20,100,-52
761,Sep 6 2008,World Cup qualifier in Peru,Peru,Venezuela,1616,1676,1,0,18,-18,1634,1658,50,49,2,-2,52,47,30,0,-60
762,Sep 6 2008,World Cup qualifier in Poland,Poland,Slovenia,1739,1546,1,1,-14,14,1725,1560,36,63,-1,5,35,68,40,100,293
763,Sep 6 2008,World Cup qualifier in Qatar,Qatar,Uzbekistan,1501,1597,3,0,35,-35,1536,1562,71,77,8,-10,79,67,40,100,4
764,Sep 6 2008,World Cup qualifier in Romania,Romania,Lithuania,1901,1578,0,3,-64,64,1837,1642,22,35,-6,14,16,49,40,100,423
765,Sep 6 2008,World Cup qualifier in Saudi Arabia,Saudi Arabia,Iran,1691,1782,1,1,-1,1,1690,1783,44,21,-1,1,43,22,40,100,9
766,Sep 6 2008,World Cup qualifier in Serbia,Serbia,Faroe Islands,1728,1156,2,0,1,-1,1729,1155,31,167,3,1,34,168,20,0,572
767,Sep 6 2008,World Cup & African Cup qual in the Seychelles,Seychelles,Burundi,1099,1259,1,2,-17,17,1082,1276,180,136,-2,2,178,138,40,100,-60
768,Sep 6 2008,World Cup & African Cup qual in Sierra Leone,Sierra Leone,Equatorial Guinea,1238,1248,2,1,15,-15,1253,1233,135,151,7,-2,142,149,30,0,-10
769,Sep 6 2008,World Cup qualifier in Slovakia,Slovakia,Northern Ireland,1609,1590,2,1,13,-13,1622,1577,55,65,0,-3,55,62,40,100,119
770,Sep 6 2008,World Cup & African Cup qual in South Africa,South Africa,Nigeria,1507,1732,0,1,-13,13,1494,1745,92,28,-3,4,89,32,40,100,-125
771,Sep 6 2008,World Cup qualifier in Spain,Spain,Bosnia and Herzegovina,2089,1532,1,0,1,-1,2090,1531,1,83,0,-3,1,80,20,0,557
772,Sep 6 2008,World Cup qualifier in Trinidad and Tobago,Trinidad and Tobago,Guatemala,1557,1521,1,1,-7,7,1550,1528,77,80,-5,1,72,81,40,100,136
773,Sep 6 2008,World Cup qualifier in the United Arab Emirates,United Arab Emirates,North Korea,1440,1530,1,2,-21,21,1419,1551,112,62,-6,8,106,70,40,100,10
774,Sep 6 2008,World Cup qualifier in Ukraine,Ukraine,Belarus,1756,1590,1,0,7,-7,1763,1583,28,63,1,-2,29,61,40,100,266
775,Sep 6 2008,World Cup qualifier in Wales,Wales,Azerbaijan,1638,1370,1,0,4,-4,1642,1366,49,120,0,-2,49,118,20,0,268
776,Sep 7 2008,World Cup & African Cup qual in Benin,Benin,Angola,1409,1508,3,2,20,-20,1429,1488,97,94,5,-4,102,90,40,100,1
777,Sep 7 2008,World Cup qualifier in Chile,Chile,Brazil,1774,2010,0,3,-22,22,1752,2032,37,2,-6,0,31,2,40,100,-136
778,Sep 7 2008,World Cup & African Cup qual in Congo,Congo,Mali,1404,1556,1,0,23,-23,1427,1533,97,89,6,-10,103,79,40,100,-52
779,Sep 7 2008,World Cup & African Cup qual in the Dem Rep of the Congo,DR Congo,Egypt,1472,1749,0,1,-11,11,1461,1760,93,27,-1,2,92,29,40,100,-177
780,Sep 7 2008,World Cup & African Cup qual in South Africa,Gabon,Lesotho,1480,1138,3,0,9,-9,1489,1129,88,172,1,0,89,172,40,0,342
781,Sep 7 2008,World Cup & African Cup qual in Madagascar,Madagascar,Botswana,1251,1331,1,0,19,-19,1270,1312,138,129,3,-3,141,126,40,100,20
782,Sep 7 2008,World Cup & African Cup qual in Mozambique,Mozambique,Ivory Coast,1370,1714,1,1,12,-12,1382,1702,112,42,2,-1,114,41,40,100,-244
783,Sep 7 2008,World Cup & African Cup qual in Niger,Niger,Uganda,1210,1427,3,1,40,-40,1250,1387,140,124,6,-11,146,113,40,100,-117
784,Sep 7 2008,World Cup & African Cup qual in Zimbabwe,Zimbabwe,Guinea,1450,1567,0,0,1,-1,1451,1566,96,65,0,0,96,65,30,100,-17
785,Sep 9 2008,World Cup qualifier in Paraguay,Paraguay,Venezuela,1813,1658,2,0,11,-11,1824,1647,15,49,2,-1,17,48,40,100,255
786,Sep 9 2008,Friendly in South Africa,South Africa,Guinea,1494,1566,0,1,-11,11,1483,1577,92,59,-2,3,90,62,20,100,28
787,Sep 10 2008,World Cup qualifier in Albania,Albania,Malta,1497,1245,3,0,8,-8,1505,1237,87,150,0,-1,87,149,40,100,352
788,Sep 10 2008,World Cup qualifier in Andorra,Andorra,Belarus,1053,1583,1,3,-5,5,1048,1588,184,59,-2,1,182,60,40,100,-430
789,Sep 10 2008,World Cup qualifier in Azerbaijan,Azerbaijan,Liechtenstein,1366,1175,0,0,-14,14,1352,1189,122,152,-2,6,120,158,40,100,291
790,Sep 10 2008,World Cup qualifier in Bosnia and Herzegovina,Bosnia and Herzegovina,Estonia,1531,1405,7,0,19,-19,1550,1386,58,120,11,-6,69,114,40,100,226
791,Sep 10 2008,World Cup qualifier in Brazil,Brazil,Bolivia,2032,1571,0,0,-18,18,2014,1589,2,53,0,6,2,59,40,100,561
792,Sep 10 2008,World Cup qualifier in Chile,Chile,Colombia,1752,1775,4,0,29,-29,1781,1746,17,40,7,-8,24,32,40,100,77
793,Sep 10 2008,World Cup qualifier in Croatia,Croatia,England,1928,1917,1,4,-46,46,1882,1963,13,6,-3,1,10,7,40,100,111
794,Sep 10 2008,World Cup qualifier in the Faroe Islands,Faroe Islands,Romania,1155,1837,0,1,-1,1,1154,1838,168,16,0,0,168,16,20,100,-582
795,Sep 10 2008,World Cup qualifier in Finland,Finland,Germany,1675,1976,3,3,10,-10,1685,1966,43,6,1,0,44,6,30,0,-301
796,Sep 10 2008,World Cup qualifier in France,France,Serbia,1884,1729,2,1,7,-7,1891,1722,8,42,1,-4,9,38,40,100,255
797,Sep 10 2008,World Cup qualifier in Guatemala,Guatemala,Cuba,1528,1450,4,1,18,-18,1546,1432,61,103,10,-3,71,100,40,100,178
798,Sep 10 2008,World Cup qualifier in Haiti,Haiti,Costa Rica,1459,1631,1,3,-24,24,1435,1655,105,43,-6,5,99,48,40,100,-72
799,Sep 10 2008,World Cup qualifier in Honduras,Honduras,Jamaica,1701,1551,2,0,12,-12,1713,1539,38,85,2,-8,40,77,40,100,250
800,Sep 10 2008,World Cup qualifier in Iceland,Iceland,Scotland,1430,1724,1,2,-10,10,1420,1734,109,32,-4,2,105,34,40,100,-194
801,Sep 10 2008,World Cup qualifier in Italy,Italy,Georgia,2010,1512,2,0,2,-2,2012,1510,5,85,-1,0,4,85,20,0,498
802,Sep 10 2008,World Cup qualifier in Kazakhstan,Kazakhstan,Ukraine,1362,1763,1,3,-9,9,1353,1772,119,24,0,2,119,26,40,100,-301
803,Sep 10 2008,World Cup qualifier in Latvia,Latvia,Greece,1542,1773,0,2,-19,19,1523,1792,93,17,-9,4,84,21,40,100,-131
804,Sep 10 2008,World Cup qualifier in Lithuania,Lithuania,Austria,1642,1639,2,0,21,-21,1663,1618,45,57,2,-3,47,54,40,100,103
805,Sep 10 2008,World Cup qualifier in Macedonia,Macedonia,Netherlands,1593,2008,1,2,-6,6,1587,2014,63,0,-2,2,61,2,40,100,-315
806,Sep 10 2008,World Cup qualifier in Mexico,Mexico,Canada,1903,1599,2,1,4,-4,1907,1595,7,59,1,-1,8,58,30,0,304
807,Sep 10 2008,World Cup qualifier in Moldova,Moldova,Israel,1470,1744,1,2,-11,11,1459,1755,95,27,-2,3,93,30,40,100,-174
808,Sep 10 2008,World Cup qualifier in Montenegro,Montenegro,Ireland,1684,1783,0,0,0,0,1684,1783,46,22,-1,0,45,22,20,100,1
809,Sep 10 2008,WC q & Oce Cup in New Zealand,New Zealand,New Caledonia,1574,1317,3,0,10,-10,1584,1307,62,127,1,-1,63,126,30,0,257
810,Sep 10 2008,World Cup qualifier in China,North Korea,South Korea,1551,1674,1,1,7,-7,1558,1667,67,46,1,0,68,46,40,0,-123
811,Sep 10 2008,World Cup qualifier in Northern Ireland,Northern Ireland,Czechia,1577,1875,0,0,10,-10,1587,1865,60,12,1,0,61,12,30,0,-298
812,Sep 10 2008,Friendly in Oman,Oman,Zimbabwe,1500,1451,3,2,6,-6,1506,1445,86,96,0,0,86,96,20,100,149
813,Sep 10 2008,World Cup qualifier in Peru,Peru,Argentina,1634,1998,1,1,13,-13,1647,1985,48,5,2,0,50,5,40,100,-264
814,Sep 10 2008,World Cup qualifier in Portugal,Portugal,Denmark,1871,1817,2,3,-28,28,1843,1845,15,7,-1,6,14,13,40,100,154
815,Sep 10 2008,World Cup qualifier in Qatar,Qatar,Bahrain,1536,1541,1,1,-5,5,1531,1546,84,66,-3,5,81,71,40,100,95
816,Sep 10 2008,World Cup qualifier in Russia,Russia,Wales,1876,1642,2,1,5,-5,1881,1637,11,57,0,-4,11,53,40,100,334
817,Sep 10 2008,World Cup qualifier in San Marino,San Marino,Poland,925,1725,0,2,-1,1,924,1726,193,39,0,-2,193,37,20,100,-700
818,Sep 10 2008,World Cup qualifier in Slovenia,Slovenia,Slovakia,1560,1622,2,1,18,-18,1578,1604,62,57,3,-1,65,56,30,0,-62
819,Sep 10 2008,World Cup qualifier in Spain,Spain,Armenia,2090,1437,4,0,1,-1,2091,1436,1,96,0,2,1,98,20,0,653
820,Sep 10 2008,World Cup qualifier in Egypt,Sudan,Chad,1367,1282,3,1,23,-23,1390,1259,105,153,6,-11,111,142,40,0,85
821,Sep 10 2008,World Cup qualifier in Suriname,Suriname,El Salvador,1300,1453,0,2,-25,25,1275,1478,145,87,-9,4,136,91,40,100,-53
822,Sep 10 2008,World Cup qualifier in Sweden,Sweden,Hungary,1756,1587,2,1,7,-7,1763,1580,26,68,2,-4,28,64,40,100,269
823,Sep 10 2008,World Cup qualifier in Switzerland,Switzerland,Luxembourg,1794,1035,1,2,-40,40,1754,1075,41,174,-10,5,31,179,40,100,859
824,Sep 10 2008,World Cup qualifier in Turkey,Turkey,Belgium,1847,1623,1,1,-15,15,1832,1638,19,50,-2,2,17,52,40,100,324
825,Sep 10 2008,World Cup qualifier in the United Arab Emirates,United Arab Emirates,Saudi Arabia,1419,1690,1,2,-11,11,1408,1701,107,43,0,0,107,43,40,100,-171
826,Sep 10 2008,World Cup qualifier in Uruguay,Uruguay,Ecuador,1852,1721,0,0,-12,12,1840,1733,16,33,-1,2,15,35,40,100,231
827,Sep 10 2008,World Cup qualifier in the United States,United States,Trinidad and Tobago,1819,1550,3,0,7,-7,1826,1543,18,81,0,-5,18,76,40,100,369
828,Sep 10 2008,World Cup qualifier in Uzbekistan,Uzbekistan,Australia,1562,1715,0,1,-17,17,1545,1732,79,33,-6,3,73,36,40,100,-53
829,Sep 10 2008,WC q & Oce Cup in Vanuatu,Vanuatu,Fiji,1205,1289,2,1,24,-24,1229,1265,149,153,2,-12,151,141,50,100,16
830,Sep 10 2008,World Cup & African Cup qual in Zambia,Zambia,Togo,1522,1426,1,0,10,-10,1532,1416,76,108,4,-2,80,106,40,100,196
831,Sep 15 2008,CONCACAF Ch & Car Ch q in Martinique,Martinique,St Vincent & Grenadines,1376,1279,3,0,17,-17,1393,1262,105,151,6,-10,111,141,40,100,197
832,Sep 17 2008,CONCACAF Ch & Car Ch q in Martinique,St Vincent & Grenadines,Anguilla,1262,548,3,1,1,-1,1263,547,141,227,0,0,141,227,30,0,714
833,Sep 19 2008,CONCACAF Ch & Car Ch q in Martinique,Martinique,Anguilla,1393,547,3,1,0,0,1393,547,111,227,0,0,111,227,20,0,846
834,Sep 21 2008,Friendly in Antigua and Barbuda,Antigua and Barbuda,Guyana,1179,1278,3,0,17,-17,1196,1261,148,151,8,-10,156,141,20,100,1
835,Sep 24 2008,Friendly in the United States,Chile,Mexico,1781,1907,1,0,13,-13,1794,1894,18,8,3,0,21,8,20,0,-126
836,Sep 24 2008,French Territory Cup in France,Martinique,Guadeloupe,1393,1446,1,0,17,-17,1410,1429,103,105,4,-5,107,100,30,0,-53
837,Sep 24 2008,French Territory Cup in France,New Caledonia,Tahiti,1307,1196,1,0,10,-10,1317,1186,124,164,1,-4,125,160,30,0,111
838,Sep 24 2008,CONCACAF Ch & Car Ch q in Saint Kitts and Nevis,Saint Kitts and Nevis,British Virgin Islands,1143,911,4,0,10,-10,1153,901,167,200,2,-1,169,199,40,100,332
839,Sep 25 2008,French Territory Cup in France,Réunion,Mayotte,1251,1183,6,1,24,-24,1275,1159,123,167,11,-2,134,165,30,0,68
840,Sep 26 2008,CONCACAF Ch & Car Ch q in Saint Kitts and Nevis,Barbados,British Virgin Islands,1272,901,2,1,4,-4,1276,897,129,199,4,0,133,199,40,0,371
841,Sep 27 2008,French Territory Cup in France,Guadeloupe,New Caledonia,1429,1317,4,0,19,-19,1448,1298,90,127,5,-1,95,126,30,0,112
842,Sep 27 2008,French Territory Cup in France,Martinique,Tahiti,1410,1186,1,0,6,-6,1416,1180,105,166,1,-3,106,163,30,0,224
843,Sep 28 2008,French Territory Cup in France,French Guiana,Mayotte,1203,1159,4,2,20,-20,1223,1139,152,175,1,-5,153,170,30,0,44
844,Sep 28 2008,CONCACAF Ch & Car Ch q in Saint Kitts and Nevis,Saint Kitts and Nevis,Barbados,1153,1276,1,3,-28,28,1125,1304,179,119,-5,7,174,126,40,100,-23
845,Sep 30 2008,French Territory Cup in France,Guadeloupe,Tahiti,1448,1180,1,0,5,-5,1453,1175,95,163,0,0,95,163,30,0,268
846,Sep 30 2008,French Territory Cup in France,Martinique,New Caledonia,1416,1298,1,1,-5,5,1411,1303,108,127,-1,0,107,127,30,0,118
847,Sep 30 2008,Friendly in South Africa,South Africa,Malawi,1483,1321,3,0,6,-6,1489,1315,86,124,2,0,88,124,20,100,262
848,Oct 1 2008,French Territory Cup in France,Réunion,French Guiana,1275,1223,2,0,19,-19,1294,1204,123,155,6,-1,129,154,30,0,52
849,Oct 1 2008,Friendly tournament in Vietnam,Vietnam,Myanmar,1277,1159,2,3,-23,23,1254,1182,153,159,-10,3,143,162,30,100,218
850,Oct 3 2008,French Territory Cup in France,Guadeloupe,French Guiana,1453,1204,4,0,11,-11,1464,1193,89,158,3,-2,92,156,30,0,249
851,Oct 3 2008,French Territory Cup in France,New Caledonia,Mayotte,1303,1139,3,2,8,-8,1311,1131,125,170,1,0,126,170,30,0,164
852,Oct 3 2008,Friendly tournament in Vietnam,Turkmenistan,Myanmar,1282,1182,2,1,11,-11,1293,1171,129,166,1,-2,130,164,30,0,100
853,Oct 4 2008,French Territory Cup in France,Réunion,Martinique,1294,1411,1,0,20,-20,1314,1391,121,115,4,-4,125,111,30,0,-117
854,Oct 5 2008,Friendly tournament in Vietnam,Vietnam,Turkmenistan,1254,1293,2,3,-18,18,1236,1311,155,124,-6,3,149,127,30,100,61
855,Oct 8 2008,Friendly in Trinidad and Tobago,Trinidad and Tobago,Dominican Republic,1543,1046,9,0,2,-2,1545,1044,70,185,3,-1,73,184,20,100,597
856,Oct 9 2008,Friendly in Japan,Japan,United Arab Emirates,1773,1408,1,1,-9,9,1764,1417,29,105,-2,1,27,106,20,100,465
857,Oct 10 2008,Friendly in Malaysia,Malaysia,Pakistan,1159,853,4,1,3,-3,1162,850,164,203,1,0,165,203,20,100,406
858,Oct 11 2008,World Cup qualifier in Argentina,Argentina,Uruguay,1985,1840,2,1,8,-8,1993,1832,5,21,0,-3,5,18,40,100,245
859,Oct 11 2008,World Cup qualifier in Belgium,Belgium,Armenia,1638,1436,2,0,9,-9,1647,1427,46,104,3,-3,49,101,40,100,302
860,Oct 11 2008,World Cup qualifier in Bolivia,Bolivia,Peru,1589,1647,3,0,31,-31,1620,1616,47,60,6,-5,53,55,30,0,-58
861,Oct 11 2008,World Cup & African Cup qual in Botswana,Botswana,Mozambique,1312,1382,0,1,-22,22,1290,1404,136,100,-5,8,131,108,40,100,30
862,Oct 11 2008,World Cup qualifier in Bulgaria,Bulgaria,Italy,1807,2012,0,0,6,-6,1813,2006,20,4,0,0,20,4,40,100,-105
863,Oct 11 2008,World Cup & African Cup qual in Cameroon,Cameroon,Mauritius,1767,1061,5,0,1,-1,1768,1060,26,180,0,0,26,180,20,0,706
864,Oct 11 2008,World Cup qualifier in Colombia,Colombia,Paraguay,1746,1824,0,1,-21,21,1725,1845,46,7,-7,6,39,13,40,100,22
865,Oct 11 2008,World Cup qualifier in Denmark,Denmark,Malta,1845,1237,3,0,1,-1,1846,1236,11,148,1,0,12,148,20,0,608
866,Oct 11 2008,World Cup qualifier in England,England,Kazakhstan,1963,1353,5,1,1,-1,1964,1352,7,121,0,-1,7,120,20,0,610
867,Oct 11 2008,World Cup & African Cup qual in Equatorial Guinea,Equatorial Guinea,South Africa,1233,1489,0,1,-12,12,1221,1501,156,88,-3,0,153,88,40,100,-156
868,Oct 11 2008,World Cup qualifier in Estonia,Estonia,Spain,1386,2091,0,3,-2,2,1384,2093,117,1,-1,0,116,1,30,100,-605
869,Oct 11 2008,World Cup qualifier in the Faroe Islands,Faroe Islands,Austria,1154,1618,1,1,16,-16,1170,1602,161,60,3,-3,164,57,40,100,-364
870,Oct 11 2008,World Cup qualifier in Finland,Finland,Azerbaijan,1685,1352,1,0,3,-3,1688,1349,44,122,0,-1,44,121,20,0,333
871,Oct 11 2008,World Cup & African Cup qual in Gabon,Gabon,Libya,1489,1527,1,0,16,-16,1505,1511,84,86,2,-2,86,84,40,100,62
872,Oct 11 2008,World Cup qualifier in Georgia,Georgia,Cyprus,1510,1526,1,1,-5,5,1505,1531,87,79,-1,2,86,81,40,100,84
873,Oct 11 2008,World Cup qualifier in Germany,Germany,Russia,1966,1881,2,1,10,-10,1976,1871,6,9,0,1,6,10,40,100,185
874,Oct 11 2008,World Cup & African Cup qual in Ghana,Ghana,Lesotho,1710,1129,3,0,1,-1,1711,1128,41,173,0,-1,41,172,20,0,581
875,Oct 11 2008,World Cup qualifier in Greece,Greece,Moldova,1792,1459,3,0,5,-5,1797,1454,20,92,1,1,21,93,40,100,433
876,Oct 11 2008,CONCACAF Ch & Car Ch q in Guadeloupe,Grenada,Martinique,1221,1391,2,2,9,-9,1230,1382,147,123,3,-6,150,117,40,0,-170
877,Oct 11 2008,CONCACAF Ch & Car Ch q in Guadeloupe,Guadeloupe,Cayman Islands,1464,998,7,1,3,-3,1467,995,92,186,0,0,92,186,20,0,466
878,Oct 11 2008,World Cup qualifier in Guatemala,Guatemala,Trinidad and Tobago,1546,1545,0,0,-6,6,1540,1551,81,65,-5,4,76,69,40,100,101
879,Oct 11 2008,World Cup qualifier in Haiti,Haiti,El Salvador,1435,1478,0,0,-3,3,1432,1481,97,91,1,0,98,91,40,100,57
880,Oct 11 2008,World Cup qualifier in Honduras,Honduras,Canada,1713,1595,3,1,13,-13,1726,1582,36,70,2,-6,38,64,40,100,218
881,Oct 11 2008,World Cup qualifier in Hungary,Hungary,Albania,1580,1505,2,0,16,-16,1596,1489,56,91,4,-2,60,89,40,100,175
882,Oct 11 2008,World Cup & African Cup qual in Ivory Coast,Ivory Coast,Madagascar,1702,1270,3,0,3,-3,1705,1267,42,137,0,0,42,137,20,0,432
883,Oct 11 2008,World Cup qualifier in Jamaica,Jamaica,Mexico,1539,1894,1,0,33,-33,1572,1861,55,14,11,-3,66,11,40,100,-255
884,Oct 11 2008,World Cup & African Cup qual in Liberia,Liberia,Algeria,1241,1445,0,0,6,-6,1247,1439,145,94,1,1,146,95,40,100,-104
885,Oct 11 2008,World Cup qualifier in Luxembourg,Luxembourg,Israel,1075,1755,1,3,-2,2,1073,1757,179,32,0,-1,179,31,30,100,-580
886,Oct 11 2008,World Cup & African Cup qual in Malawi,Malawi,DR Congo,1315,1461,2,1,23,-23,1338,1438,120,99,2,-3,122,96,40,100,-46
887,Oct 11 2008,World Cup qualifier in Mali,Mali,Chad,1533,1259,2,1,4,-4,1537,1255,75,142,2,0,77,142,40,100,374
888,Oct 11 2008,World Cup & African Cup qual in Morocco,Morocco,Mauritania,1650,1151,4,1,2,-2,1652,1149,47,169,1,0,48,169,20,0,499
889,Oct 11 2008,World Cup & African Cup qual in Namibia,Namibia,Zimbabwe,1266,1445,4,2,37,-37,1303,1408,120,118,9,-11,129,107,40,100,-79
890,Oct 11 2008,World Cup qualifier in the Netherlands,Netherlands,Iceland,2014,1420,2,0,1,-1,2015,1419,2,103,0,1,2,104,20,0,594
891,Oct 11 2008,World Cup & African Cup qual in Nigeria,Nigeria,Sierra Leone,1745,1253,4,1,2,-2,1747,1251,33,145,0,-1,33,144,20,0,492
892,Oct 11 2008,World Cup qualifier in Poland,Poland,Czechia,1726,1865,2,1,22,-22,1748,1843,27,18,5,-3,32,15,40,100,-39
893,Oct 11 2008,World Cup qualifier in Romania,Romania,France,1838,1891,2,2,-3,3,1835,1894,18,7,-1,1,17,8,40,100,47
894,Oct 11 2008,World Cup qualifier in San Marino,San Marino,Slovakia,924,1604,1,3,-2,2,922,1606,193,56,0,0,193,56,30,100,-580
895,Oct 11 2008,World Cup qualifier in Scotland,Scotland,Norway,1734,1717,0,0,-6,6,1728,1723,40,41,-3,-1,37,40,40,100,117
896,Oct 11 2008,World Cup & African Cup qual in Senegal,Senegal,Gambia,1565,1379,1,1,-14,14,1551,1393,71,109,-2,4,69,113,40,100,286
897,Oct 11 2008,World Cup qualifier in Serbia,Serbia,Lithuania,1722,1663,3,0,20,-20,1742,1643,30,55,4,-4,34,51,40,100,159
898,Oct 11 2008,World Cup qualifier in Slovenia,Slovenia,Northern Ireland,1578,1587,2,0,22,-22,1600,1565,51,73,7,-6,58,67,40,100,91
899,Oct 11 2008,Friendly in South Korea,South Korea,Uzbekistan,1667,1545,3,0,8,-8,1675,1537,46,81,0,-4,46,77,20,100,222
900,Oct 11 2008,World Cup & African Cup qual in Sudan,Sudan,Congo,1390,1427,2,0,25,-25,1415,1402,100,118,6,-8,106,110,30,0,-37
901,Oct 11 2008,World Cup qualifier in Suriname,Suriname,Costa Rica,1275,1655,1,4,-12,12,1263,1667,143,46,-4,1,139,47,40,100,-280
902,Oct 11 2008,World Cup qualifier in Sweden,Sweden,Portugal,1763,1843,0,0,-1,1,1762,1844,28,14,0,0,28,14,20,100,20
903,Oct 11 2008,World Cup qualifier in Switzerland,Switzerland,Latvia,1754,1523,2,1,5,-5,1759,1518,29,82,1,1,30,83,40,100,331
904,Oct 11 2008,World Cup & African Cup qual in Tanzania,Tanzania,Cape Verde,1336,1345,3,1,22,-22,1358,1323,114,127,4,-3,118,124,40,100,91
905,Oct 11 2008,World Cup & African Cup qual in Ghana,Togo,Swaziland,1416,1188,6,0,18,-18,1434,1170,87,169,10,-5,97,164,40,0,228
906,Oct 11 2008,World Cup & African Cup qual in Tunisia,Tunisia,Seychelles,1615,1082,5,0,2,-2,1617,1080,53,178,1,0,54,178,20,0,533
907,Oct 11 2008,World Cup qualifier in Turkey,Turkey,Bosnia and Herzegovina,1832,1550,2,1,4,-4,1836,1546,15,75,1,-3,16,72,40,100,382
908,Oct 11 2008,World Cup qualifier in Ukraine,Ukraine,Croatia,1772,1882,0,0,1,-1,1773,1881,25,8,0,1,25,9,40,100,-10
909,Oct 11 2008,World Cup qualifier in the United States,United States,Cuba,1826,1432,6,1,4,-4,1830,1428,20,100,-1,0,19,100,20,0,394
910,Oct 11 2008,World Cup qualifier in Wales,Wales,Liechtenstein,1637,1189,2,0,2,-2,1639,1187,51,158,1,0,52,158,20,0,448
911,Oct 12 2008,World Cup & African Cup qual in Angola,Angola,Niger,1488,1250,3,1,8,-8,1496,1242,88,149,1,-2,89,147,40,100,338
912,Oct 12 2008,World Cup & African Cup qual in Burundi,Burundi,Burkina Faso,1276,1396,1,3,-28,28,1248,1424,153,94,-9,9,144,103,40,100,-20
913,Oct 12 2008,World Cup qualifier in Ecuador,Ecuador,Chile,1733,1794,1,0,18,-18,1751,1776,29,26,3,-2,32,24,30,0,-61
914,Oct 12 2008,World Cup & African Cup qual in Egypt,Egypt,Djibouti,1760,798,4,0,0,0,1760,798,29,208,0,0,29,208,20,0,962
915,Oct 12 2008,World Cup & African Cup qual in Guinea,Guinea,Kenya,1577,1404,3,2,7,-7,1584,1397,61,118,2,-5,63,113,40,100,273
916,Oct 12 2008,World Cup & African Cup qual in Uganda,Uganda,Benin,1387,1429,2,1,17,-17,1404,1412,103,115,6,-8,109,107,30,0,-42
917,Oct 12 2008,World Cup qualifier in Venezuela,Venezuela,Brazil,1647,2014,0,4,-13,13,1634,2027,55,1,-3,1,52,2,40,100,-267
918,Oct 13 2008,CONCACAF Ch & Car Ch q in Guadeloupe,Guadeloupe,Grenada,1467,1230,2,1,5,-5,1472,1225,92,154,0,-2,92,152,40,100,337
919,Oct 13 2008,CONCACAF Ch & Car Ch q in Guadeloupe,Martinique,Cayman Islands,1382,995,1,0,4,-4,1386,991,115,186,1,0,116,186,40,0,387
920,Oct 14 2008,World Cup qualifier in Bolivia,Bolivia,Uruguay,1620,1832,2,2,6,-6,1626,1826,53,20,0,-1,53,19,40,100,-112
921,Oct 14 2008,Friendly in France,France,Tunisia,1894,1617,3,1,3,-3,1897,1614,8,56,0,-1,8,55,20,100,377
922,Oct 14 2008,Friendly in Vietnam,Vietnam,Singapore,1236,1356,0,0,1,-1,1237,1355,148,119,0,0,148,119,20,100,-20
923,Oct 15 2008,World Cup qualifier in Australia,Australia,Qatar,1732,1531,4,0,11,-11,1743,1520,32,83,2,-1,34,82,40,100,301
924,Oct 15 2008,World Cup qualifier in Austria,Austria,Serbia,1602,1742,1,3,-27,27,1575,1769,75,17,-9,9,66,26,40,100,-40
925,Oct 15 2008,Friendly in Bahrain,Bahrain,Azerbaijan,1546,1349,1,2,-17,17,1529,1366,86,115,-7,3,79,118,20,100,297
926,Oct 15 2008,World Cup qualifier in Belarus,Belarus,England,1588,1964,1,3,-10,10,1578,1974,69,5,-4,1,65,6,40,100,-276
927,Oct 15 2008,World Cup qualifier in Belgium,Belgium,Spain,1647,2093,1,2,-5,5,1642,2098,53,1,-2,0,51,1,40,100,-346
928,Oct 15 2008,World Cup qualifier in Bosnia and Herzegovina,Bosnia and Herzegovina,Armenia,1546,1427,4,1,15,-15,1561,1412,66,110,3,-5,69,105,40,100,219
929,Oct 15 2008,World Cup qualifier in Brazil,Brazil,Colombia,2027,1725,0,0,-16,16,2011,1741,4,31,-1,4,3,35,40,100,402
930,Oct 15 2008,World Cup qualifier in Canada,Canada,Mexico,1582,1861,2,2,9,-9,1591,1852,57,11,4,0,61,11,40,100,-179
931,Oct 15 2008,World Cup qualifier in Chile,Chile,Argentina,1776,1993,1,0,26,-26,1802,1967,14,9,5,-2,19,7,40,100,-117
932,Oct 15 2008,World Cup qualifier in Costa Rica,Costa Rica,Haiti,1667,1432,2,0,8,-8,1675,1424,47,106,0,-4,47,102,40,100,335
933,Oct 15 2008,World Cup qualifier in Croatia,Croatia,Andorra,1881,1048,4,0,0,0,1881,1048,11,182,-1,0,10,182,20,0,833
934,Oct 15 2008,World Cup qualifier in Cuba,Cuba,Guatemala,1428,1540,2,1,21,-21,1449,1519,89,90,5,-7,94,83,40,100,-12
935,Oct 15 2008,World Cup qualifier in Czechia,Czechia,Slovenia,1843,1600,1,0,5,-5,1848,1595,11,60,2,-1,13,59,40,100,343
936,Oct 15 2008,World Cup qualifier in El Salvador,El Salvador,Suriname,1481,1263,3,0,10,-10,1491,1253,91,144,0,-3,91,141,40,100,318
937,Oct 15 2008,World Cup qualifier in Estonia,Estonia,Turkey,1384,1836,0,0,15,-15,1399,1821,109,20,4,-2,113,18,40,100,-352
938,Oct 15 2008,World Cup qualifier in Georgia,Georgia,Bulgaria,1505,1813,0,0,11,-11,1516,1802,82,18,2,1,84,19,30,0,-308
939,Oct 15 2008,World Cup qualifier in Germany,Germany,Wales,1976,1639,1,0,3,-3,1979,1636,4,53,1,-1,5,52,20,0,337
940,Oct 15 2008,World Cup qualifier in Greece,Greece,Switzerland,1797,1759,1,2,-28,28,1769,1787,31,18,-5,6,26,24,40,100,138
941,Oct 15 2008,CONCACAF Ch & Car Ch q in Guadeloupe,Grenada,Cayman Islands,1225,991,4,2,12,-12,1237,979,144,188,4,-1,148,187,40,0,234
942,Oct 15 2008,CONCACAF Ch & Car Ch q in Guadeloupe,Guadeloupe,Martinique,1472,1386,3,1,15,-15,1487,1371,92,118,0,-1,92,117,40,100,186
943,Oct 15 2008,World Cup qualifier in Iceland,Iceland,Macedonia,1419,1587,1,0,24,-24,1443,1563,86,74,9,-6,95,68,40,100,-68
944,Oct 15 2008,World Cup qualifier in Iran,Iran,North Korea,1783,1558,2,1,5,-5,1788,1553,22,72,0,-2,22,70,40,100,325
945,Oct 15 2008,World Cup qualifier in Ireland,Ireland,Cyprus,1783,1531,1,0,5,-5,1788,1526,22,79,0,1,22,80,40,100,352
946,Oct 15 2008,World Cup qualifier in Italy,Italy,Montenegro,2006,1684,2,1,3,-3,2009,1681,4,45,0,0,4,45,20,0,322
947,Oct 15 2008,World Cup qualifier in Jamaica,Jamaica,Honduras,1572,1726,1,0,23,-23,1595,1703,52,44,7,-3,59,41,40,100,-54
948,Oct 15 2008,World Cup qualifier in Japan,Japan,Uzbekistan,1764,1537,1,1,-15,15,1749,1552,35,65,-4,6,31,71,40,100,327
949,Oct 15 2008,World Cup qualifier in Latvia,Latvia,Israel,1518,1757,1,1,8,-8,1526,1749,77,31,3,0,80,31,40,100,-139
950,Oct 15 2008,World Cup qualifier in Lithuania,Lithuania,Faroe Islands,1643,1170,1,0,1,-1,1644,1169,50,166,0,-1,50,165,20,0,473
951,Oct 15 2008,World Cup qualifier in Luxembourg,Luxembourg,Moldova,1073,1454,0,0,13,-13,1086,1441,177,99,1,-3,178,96,40,100,-281
952,Oct 15 2008,Merdeka Tournament in Malaysia,Malaysia,Nepal,1162,915,4,0,7,-7,1169,908,164,198,1,-1,165,197,20,0,247
953,Oct 15 2008,World Cup qualifier in Malta,Malta,Hungary,1236,1596,0,1,-7,7,1229,1603,151,54,-1,3,150,57,40,100,-260
954,Oct 15 2008,World Cup qualifier in Norway,Norway,Netherlands,1723,2015,0,1,-10,10,1713,2025,38,1,1,1,39,2,40,100,-192
955,Oct 15 2008,World Cup qualifier in Northern Ireland,Northern Ireland,San Marino,1565,922,4,0,1,-1,1566,921,67,193,0,0,67,193,20,0,643
956,Oct 15 2008,World Cup qualifier in Paraguay,Paraguay,Peru,1845,1616,1,0,5,-5,1850,1611,11,58,1,-2,12,56,40,100,329
957,Oct 15 2008,World Cup qualifier in Portugal,Portugal,Albania,1844,1489,0,0,-17,17,1827,1506,18,84,-2,3,16,87,40,100,455
958,Oct 15 2008,World Cup qualifier in Russia,Russia,Finland,1871,1688,3,0,11,-11,1882,1677,8,48,1,-2,9,46,40,100,283
959,Oct 15 2008,World Cup qualifier in Slovakia,Slovakia,Poland,1606,1748,2,1,22,-22,1628,1726,50,41,3,-4,53,37,40,100,-42
960,Oct 15 2008,Friendly in South Africa,South Africa,Ghana,1501,1711,2,1,13,-13,1514,1698,82,45,3,-2,85,43,20,100,-110
961,Oct 15 2008,World Cup qualifier in South Korea,South Korea,United Arab Emirates,1675,1417,4,1,8,-8,1683,1409,42,109,2,-2,44,107,40,100,358
962,Oct 15 2008,World Cup qualifier in Trinidad and Tobago,Trinidad and Tobago,United States,1551,1830,2,1,29,-29,1580,1801,59,24,5,-3,64,21,40,100,-179
963,Oct 15 2008,World Cup qualifier in Venezuela,Venezuela,Ecuador,1634,1751,3,1,31,-31,1665,1720,44,44,4,-6,48,38,40,100,-17
964,Oct 17 2008,Merdeka Tournament in Malaysia,Afghanistan,Nepal,809,908,2,2,4,-4,813,904,206,199,0,-1,206,198,30,0,-99
965,Oct 17 2008,Southeast Asian Champ qual in Cambodia,Cambodia,Laos,788,876,3,2,19,-19,807,857,206,203,2,-1,208,202,30,0,-88
966,Oct 17 2008,Southeast Asian Champ qual in Cambodia,Philippines,East Timor,803,588,1,0,9,-9,812,579,207,223,0,0,207,223,40,0,215
967,Oct 18 2008,Merdeka Tournament in Malaysia,Myanmar,Bangladesh,1171,919,1,0,6,-6,1177,913,161,198,1,-2,162,196,30,0,252
968,Oct 19 2008,Southeast Asian Champ qual in Cambodia,Brunei,Philippines,689,812,1,1,7,-7,696,805,218,207,0,0,218,207,40,0,-123
969,Oct 19 2008,Southeast Asian Champ qual in Cambodia,Cambodia,East Timor,807,579,2,2,-15,15,792,594,212,221,-2,1,210,222,40,100,328
970,Oct 20 2008,Merdeka Tournament in Malaysia,Malaysia,Afghanistan,1169,813,6,0,4,-4,1173,809,163,206,1,0,164,206,30,100,456
971,Oct 21 2008,Southeast Asian Champ qual in Cambodia,Brunei,East Timor,696,594,4,1,25,-25,721,569,206,226,6,-2,212,224,40,0,102
972,Oct 21 2008,Southeast Asian Champ qual in Cambodia,Laos,Philippines,857,805,2,1,17,-17,874,788,200,213,1,-3,201,210,40,0,52
973,Oct 22 2008,Friendly in the United States,El Salvador,Bolivia,1491,1626,2,0,21,-21,1512,1605,81,58,5,-2,86,56,20,0,-135
974,Oct 23 2008,CONCACAF Ch & Car Ch q in Cuba,Barbados,Suriname,1304,1253,3,2,17,-17,1321,1236,122,157,3,-8,125,149,40,0,51
975,Oct 23 2008,Southeast Asian Champ qual in Cambodia,Cambodia,Philippines,792,788,2,3,-26,26,766,814,211,202,-1,4,210,206,40,100,104
976,Oct 23 2008,CONCACAF Ch & Car Ch q in Cuba,Cuba,Netherlands Antilles,1449,1184,7,1,9,-9,1458,1175,92,165,1,-3,93,162,40,100,365
977,Oct 23 2008,Southeast Asian Champ qual in Cambodia,Laos,Brunei,874,721,3,2,12,-12,886,709,201,216,0,-2,201,214,40,0,153
978,Oct 23 2008,Merdeka Tournament in Malaysia,Malaysia,Myanmar,1173,1177,4,0,21,-21,1194,1156,148,172,8,-5,156,167,30,100,96
979,Oct 25 2008,Southeast Asian Champ qual in Cambodia,Cambodia,Brunei,766,709,2,1,12,-12,778,697,210,222,0,-4,210,218,40,100,157
980,Oct 25 2008,CONCACAF Ch & Car Ch q in Cuba,Cuba,Barbados,1458,1321,1,1,-12,12,1446,1333,95,121,-1,2,94,123,40,100,237
981,Oct 25 2008,Southeast Asian Champ qual in Cambodia,Laos,East Timor,886,569,2,1,6,-6,892,563,199,228,1,-2,200,226,40,0,317
982,Oct 25 2008,CONCACAF Ch & Car Ch q in Cuba,Suriname,Netherlands Antilles,1236,1175,2,1,17,-17,1253,1158,133,170,8,-4,141,166,40,0,61
983,Oct 26 2008,Friendly in Palestine,Palestine,Jordan,1184,1550,1,1,6,-6,1190,1544,158,77,1,-2,159,75,20,100,-266
984,Oct 27 2008,CONCACAF Ch & Car Ch q in Cuba,Barbados,Netherlands Antilles,1333,1158,2,1,11,-11,1344,1147,121,172,1,-3,122,169,40,0,175
985,Oct 27 2008,CONCACAF Ch & Car Ch q in Cuba,Cuba,Suriname,1446,1253,6,0,13,-13,1459,1240,92,153,1,-6,93,147,40,100,293
986,Oct 28 2008,Friendly tournament in Vietnam,Thailand,North Korea,1400,1553,1,0,21,-21,1421,1532,96,84,8,-7,104,77,30,0,-153
987,Oct 30 2008,Friendly tournament in Vietnam,Vietnam,North Korea,1237,1532,0,0,8,-8,1245,1524,144,85,2,-4,146,81,30,100,-195
988,Nov 5 2008,CONCACAF Ch & Car Ch q in Trinidad and Tobago,Guyana,Saint Kitts and Nevis,1261,1125,1,1,-7,7,1254,1132,141,166,-1,4,140,170,40,0,136
989,Nov 5 2008,CONCACAF Ch & Car Ch q in Trinidad and Tobago,Trinidad and Tobago,Antigua and Barbuda,1580,1196,3,2,2,-2,1582,1194,64,155,0,0,64,155,20,0,384
990,Nov 7 2008,CONCACAF Ch & Car Ch q in Trinidad and Tobago,Antigua and Barbuda,Guyana,1194,1254,2,1,23,-23,1217,1231,153,158,1,-9,154,149,40,0,-60
991,Nov 7 2008,CONCACAF Ch & Car Ch q in Trinidad and Tobago,Trinidad and Tobago,Saint Kitts and Nevis,1582,1132,3,1,2,-2,1584,1130,60,172,2,-1,62,171,20,0,450
992,Nov 8 2008,Friendly in Saudi Arabia,Saudi Arabia,Thailand,1701,1421,1,0,2,-2,1703,1419,40,104,1,0,41,104,20,100,380
993,Nov 9 2008,CONCACAF Ch & Car Ch q in Trinidad and Tobago,Antigua and Barbuda,Saint Kitts and Nevis,1217,1130,4,3,15,-15,1232,1115,146,177,4,-3,150,174,40,0,87
994,Nov 9 2008,Friendly in the Cayman Islands,Cayman Islands,Jamaica,979,1595,0,2,-1,1,978,1596,187,59,0,0,187,59,20,0,-616
995,Nov 9 2008,Friendly in Qatar,Qatar,Iran,1520,1788,0,1,-6,6,1514,1794,86,22,-2,0,84,22,20,100,-168
996,Nov 9 2008,CONCACAF Ch & Car Ch q in Trinidad and Tobago,Trinidad and Tobago,Guyana,1584,1231,1,1,-17,17,1567,1248,70,135,-4,7,66,142,40,100,453
997,Nov 11 2008,Friendly tournament in Myanmar,Myanmar,Bangladesh,1156,913,0,0,-11,11,1145,924,172,190,-3,3,169,193,30,100,343
998,Nov 12 2008,Friendly in Estonia,Estonia,Latvia,1399,1526,1,1,1,-1,1400,1525,113,79,0,0,113,79,20,100,-27
999,Nov 12 2008,Friendly in the United States,Mexico,Ecuador,1852,1720,2,1,6,-6,1858,1714,11,38,0,0,11,38,20,0,132
1000,Nov 12 2008,Friendly in Saudi Arabia,Saudi Arabia,Bahrain,1703,1529,4,0,6,-6,1709,1523,39,84,1,-3,40,81,20,100,274
1001,Nov 13 2008,Friendly tournament in Myanmar,Indonesia,Bangladesh,1298,924,2,0,5,-5,1303,919,128,195,1,-1,129,194,30,0,374
1002,Nov 13 2008,Friendly in Japan,Japan,Syria,1749,1537,3,1,4,-4,1753,1533,31,77,0,-1,31,76,20,100,312
1003,Nov 14 2008,Friendly in Oman,Oman,Jordan,1506,1544,2,0,12,-12,1518,1532,78,78,5,-2,83,76,20,100,62
1004,Nov 14 2008,Friendly in Qatar,Qatar,South Korea,1514,1683,1,1,2,-2,1516,1681,84,44,0,0,84,44,20,100,-69
1005,Nov 15 2008,Friendly in the Dem Rep of the Congo,DR Congo,Zambia,1438,1532,0,0,0,0,1438,1532,98,76,0,0,98,76,20,100,6
1006,Nov 15 2008,Friendly tournament in Myanmar,Myanmar,Indonesia,1145,1303,2,1,17,-17,1162,1286,161,133,4,-2,165,131,30,100,-58
1007,Nov 16 2008,Friendly tournament in Vietnam,Vietnam,Thailand,1245,1419,2,2,3,-3,1248,1416,138,104,4,0,142,104,30,100,-74
1008,Nov 18 2008,Friendly in France,Algeria,Mali,1439,1537,1,1,3,-3,1442,1534,95,74,1,0,96,74,20,0,-98
1009,Nov 18 2008,Friendly tournament in Estonia,Estonia,Moldova,1400,1441,1,0,12,-12,1412,1429,99,102,7,-3,106,99,30,100,59
1010,Nov 18 2008,Friendly in France,Gabon,Guinea,1505,1584,3,3,2,-2,1507,1582,88,64,1,-1,89,63,20,0,-79
1011,Nov 18 2008,Friendly tournament in Myanmar,Myanmar,Malaysia,1162,1194,4,1,21,-21,1183,1173,155,170,5,-7,160,163,30,100,68
1012,Nov 19 2008,Friendly in Austria,Austria,Turkey,1575,1821,2,4,-9,9,1566,1830,65,14,0,2,65,16,20,100,-146
1013,Nov 19 2008,Friendly in Azerbaijan,Azerbaijan,Albania,1366,1506,1,1,1,-1,1367,1505,118,86,0,2,118,88,20,100,-40
1014,Nov 19 2008,World Cup qualifier in Bahrain,Bahrain,Australia,1523,1743,0,1,-13,13,1510,1756,91,28,-5,3,86,31,40,100,-120
1015,Nov 19 2008,Friendly in Brazil,Brazil,Portugal,2011,1827,6,2,6,-6,2017,1821,3,20,0,-2,3,18,20,100,284
1016,Nov 19 2008,Friendly in Colombia,Colombia,Nigeria,1741,1747,1,0,7,-7,1748,1740,29,37,3,-2,32,35,20,100,94
1017,Nov 19 2008,Friendly in Cyprus,Cyprus,Belarus,1526,1578,2,1,9,-9,1535,1569,68,64,5,0,73,64,20,100,48
1018,Nov 19 2008,Friendly in Denmark,Denmark,Wales,1846,1636,0,1,-17,17,1829,1653,20,48,-3,2,17,50,20,100,310
1019,Nov 19 2008,Friendly in Egypt,Egypt,Benin,1760,1412,5,1,3,-3,1763,1409,28,112,1,-3,29,109,20,100,448
1020,Nov 19 2008,World Cup qualifier in El Salvador,El Salvador,Costa Rica,1512,1675,1,3,-25,25,1487,1700,95,39,-4,4,91,43,40,100,-63
1021,Nov 19 2008,WC q & Oce Cup in Fiji,Fiji,New Zealand,1265,1584,2,0,58,-58,1323,1526,113,94,12,-16,125,78,50,100,-219
1022,Nov 19 2008,Friendly in France,France,Uruguay,1897,1826,0,0,-5,5,1892,1831,8,13,0,2,8,15,20,100,171
1023,Nov 19 2008,Friendly in Germany,Germany,England,1979,1974,1,2,-13,13,1966,1987,9,4,-2,1,7,5,20,100,105
1024,Nov 19 2008,Friendly in Ghana,Ghana,Tunisia,1698,1614,0,0,-5,5,1693,1619,45,58,-1,-2,44,56,20,100,184
1025,Nov 19 2008,Friendly in Greece,Greece,Italy,1769,2009,1,1,4,-4,1773,2005,30,4,-2,0,28,4,20,100,-140
1026,Nov 19 2008,World Cup qualifier in Honduras,Honduras,Mexico,1703,1858,1,0,23,-23,1726,1835,32,17,5,-3,37,14,40,100,-55
1027,Nov 19 2008,Friendly in Ireland,Ireland,Poland,1788,1726,2,3,-14,14,1774,1740,31,33,-4,2,27,35,20,100,162
1028,Nov 19 2008,Friendly in Israel,Israel,Ivory Coast,1749,1705,2,2,-4,4,1745,1709,36,41,-2,0,34,41,20,100,144
1029,Nov 19 2008,World Cup qualifier in Jamaica,Jamaica,Canada,1596,1591,3,0,25,-25,1621,1566,49,69,5,-4,54,65,40,100,105
1030,Nov 19 2008,Friendly tournament in Estonia,Lithuania,Moldova,1644,1429,1,1,-8,8,1636,1437,52,99,-1,0,51,99,30,0,215
1031,Nov 19 2008,Friendly in Luxembourg,Luxembourg,Belgium,1086,1642,1,1,9,-9,1095,1633,176,53,1,-1,177,52,20,0,-556
1032,Nov 19 2008,Friendly in Macao,Macao,Hong Kong,727,1203,1,9,-5,5,722,1208,211,155,0,0,211,155,20,100,-376
1033,Nov 19 2008,Friendly in Malta,Malta,Iceland,1229,1443,0,1,-7,7,1222,1450,155,93,-2,1,153,94,20,100,-114
1034,Nov 19 2008,Friendly in Montenegro,Montenegro,Macedonia,1681,1563,2,1,4,-4,1685,1559,46,66,-1,1,45,67,20,100,218
1035,Nov 19 2008,Friendly in Morocco,Morocco,Zambia,1652,1532,3,0,8,-8,1660,1524,47,84,1,-4,48,80,20,100,220
1036,Nov 19 2008,Friendly in the Netherlands,Netherlands,Sweden,2025,1762,3,1,3,-3,2028,1759,2,31,0,-1,2,30,20,100,363
1037,Nov 19 2008,Friendly in Northern Ireland,Northern Ireland,Hungary,1566,1603,0,2,-18,18,1548,1621,73,51,-3,3,70,54,20,100,63
1038,Nov 19 2008,Friendly in Oman,Oman,Paraguay,1518,1850,0,1,-4,4,1514,1854,81,10,1,1,82,11,20,100,-232
1039,Nov 19 2008,World Cup qualifier in Qatar,Qatar,Japan,1516,1753,0,3,-22,22,1494,1775,96,21,-6,5,90,26,40,100,-137
1040,Nov 19 2008,Friendly in Romania,Romania,Georgia,1835,1516,2,1,2,-2,1837,1514,11,80,2,2,13,82,20,100,419
1041,Nov 19 2008,World Cup qualifier in San Marino,San Marino,Czechia,921,1848,0,3,-1,1,920,1849,193,11,0,1,193,12,40,100,-827
1042,Nov 19 2008,World Cup qualifier in Saudi Arabia,Saudi Arabia,South Korea,1709,1681,0,2,-41,41,1668,1722,54,32,-7,6,47,38,40,100,128
1043,Nov 19 2008,Friendly in Scotland,Scotland,Argentina,1728,1967,0,1,-6,6,1722,1973,40,5,-2,1,38,6,20,100,-139
1044,Nov 19 2008,Friendly in Serbia,Serbia,Bulgaria,1769,1802,6,1,16,-16,1785,1786,20,25,3,-3,23,22,20,100,67
1045,Nov 19 2008,Friendly in Slovakia,Slovakia,Liechtenstein,1628,1187,4,0,2,-2,1630,1185,53,159,0,0,53,159,20,100,541
1046,Nov 19 2008,Friendly in Slovenia,Slovenia,Bosnia and Herzegovina,1595,1561,3,4,-14,14,1581,1575,64,57,-2,6,62,63,20,100,134
1047,Nov 19 2008,Friendly tournament in South Africa,South Africa,Cameroon,1514,1768,3,2,21,-21,1535,1747,60,38,13,-5,73,33,30,100,-154
1048,Nov 19 2008,Friendly in Spain,Spain,Chile,2098,1802,3,0,3,-3,2101,1799,1,21,0,-1,1,20,20,100,396
1049,Nov 19 2008,World Cup qualifier in Suriname,Suriname,Haiti,1240,1424,1,1,5,-5,1245,1419,146,104,1,-1,147,103,20,0,-184
1050,Nov 19 2008,Friendly in Switzerland,Switzerland,Finland,1787,1677,1,0,5,-5,1792,1672,18,46,3,0,21,46,20,100,210
1051,Nov 19 2008,Friendly in Tanzania,Tanzania,Mozambique,1358,1404,1,0,8,-8,1366,1396,119,117,0,-3,119,114,20,100,54
1052,Nov 19 2008,Friendly in Togo,Togo,Rwanda,1434,1426,1,0,7,-7,1441,1419,96,106,1,-3,97,103,20,100,108
1053,Nov 19 2008,World Cup qualifier in Trinidad and Tobago,Trinidad and Tobago,Cuba,1567,1459,3,0,16,-16,1583,1443,54,97,6,-2,60,95,40,100,208
1054,Nov 19 2008,World Cup qualifier in the United Arab Emirates,United Arab Emirates,Iran,1409,1794,1,1,14,-14,1423,1780,95,26,7,-2,102,24,40,100,-285
1055,Nov 19 2008,Friendly in Ukraine,Ukraine,Norway,1773,1713,1,0,6,-6,1779,1707,25,45,0,-3,25,42,20,100,160
1056,Nov 19 2008,World Cup qualifier in the United States,United States,Guatemala,1801,1519,2,0,6,-6,1807,1513,17,86,2,-2,19,84,40,100,382
1057,Nov 19 2008,Friendly in Venezuela,Venezuela,Angola,1665,1496,0,0,-6,6,1659,1502,50,87,-1,2,49,89,20,100,269
1058,Nov 21 2008,Friendly tournament in Myanmar,Myanmar,Indonesia,1183,1286,2,1,15,-15,1198,1271,152,140,4,-4,156,136,30,100,-3
1059,Nov 22 2008,Friendly tournament in Estonia,Estonia,Lithuania,1412,1636,1,1,5,-5,1417,1631,103,53,2,-1,105,52,30,100,-124
1060,Nov 26 2008,Friendly in Singapore,Singapore,Vietnam,1355,1248,2,2,-5,5,1350,1253,122,138,-1,2,121,140,20,100,207
1061,Nov 29 2008,Friendly in Malaysia,Malaysia,Singapore,1173,1350,2,2,2,-2,1175,1348,161,121,1,0,162,121,20,100,-77
1062,Dec 3 2008,CONCACAF Ch q & Car Ch in Jamaica,Grenada,Trinidad and Tobago,1237,1583,2,1,35,-35,1272,1548,123,78,13,-9,136,69,40,0,-346
1063,Dec 3 2008,CONCACAF Ch q & Car Ch in Jamaica,Jamaica,Barbados,1621,1344,2,1,4,-4,1625,1340,54,122,0,0,54,122,40,100,377
1064,Dec 4 2008,CONCACAF Ch q & Car Ch in Jamaica,Antigua and Barbuda,Haiti,1232,1419,1,1,10,-10,1242,1409,148,113,1,-5,149,108,40,0,-187
1065,Dec 4 2008,CONCACAF Ch q & Car Ch in Jamaica,Cuba,Guadeloupe,1443,1487,2,1,23,-23,1466,1464,89,95,3,-2,92,93,40,0,-44
1066,Dec 5 2008,Southeast Asian Champ in Indonesia,Indonesia,Myanmar,1271,1198,3,0,19,-19,1290,1179,125,166,6,-5,131,161,40,100,173
1067,Dec 5 2008,CONCACAF Ch q & Car Ch in Jamaica,Jamaica,Grenada,1625,1272,4,0,5,-5,1630,1267,52,138,1,-1,53,137,40,100,453
1068,Dec 5 2008,Southeast Asian Champ in Indonesia,Singapore,Cambodia,1348,778,5,0,3,-3,1351,775,121,210,0,0,121,210,40,0,570
1069,Dec 5 2008,CONCACAF Ch q & Car Ch in Jamaica,Trinidad and Tobago,Barbados,1548,1340,2,1,9,-9,1557,1331,65,124,2,-1,67,123,40,0,208
1070,Dec 6 2008,CONCACAF Ch q & Car Ch in Jamaica,Cuba,Antigua and Barbuda,1466,1242,3,0,15,-15,1481,1227,92,153,0,-2,92,151,40,0,224
1071,Dec 6 2008,CONCACAF Ch q & Car Ch in Jamaica,Guadeloupe,Haiti,1464,1409,3,2,17,-17,1481,1392,91,122,1,-7,92,115,40,0,55
1072,Dec 6 2008,Southeast Asian Champ in Thailand,Malaysia,Laos,1175,892,3,0,11,-11,1186,881,156,202,3,-1,159,201,40,0,283
1073,Dec 6 2008,Southeast Asian Champ in Thailand,Thailand,Vietnam,1416,1253,2,0,11,-11,1427,1242,95,155,5,-7,100,148,40,100,263
1074,Dec 7 2008,CONCACAF Ch q & Car Ch in Jamaica,Grenada,Barbados,1267,1331,4,2,35,-35,1302,1296,123,139,7,-8,130,131,40,0,-64
1075,Dec 7 2008,Southeast Asian Champ in Indonesia,Indonesia,Cambodia,1290,775,4,0,2,-2,1292,773,133,210,-1,0,132,210,20,0,515
1076,Dec 7 2008,CONCACAF Ch q & Car Ch in Jamaica,Jamaica,Trinidad and Tobago,1630,1557,1,1,-9,9,1621,1566,55,61,-1,3,54,64,40,100,173
1077,Dec 7 2008,Southeast Asian Champ in Indonesia,Singapore,Myanmar,1351,1179,3,1,16,-16,1367,1163,115,168,3,-3,118,165,40,0,172
1078,Dec 8 2008,CONCACAF Ch q & Car Ch in Jamaica,Antigua and Barbuda,Guadeloupe,1227,1481,2,2,12,-12,1239,1469,149,92,1,0,150,92,40,0,-254
1079,Dec 8 2008,CONCACAF Ch q & Car Ch in Jamaica,Haiti,Cuba,1392,1481,1,0,25,-25,1417,1456,95,94,10,-1,105,93,40,0,-89
1080,Dec 8 2008,Southeast Asian Champ in Thailand,Thailand,Laos,1427,881,6,0,2,-2,1429,879,100,201,0,0,100,201,20,0,546
1081,Dec 8 2008,Southeast Asian Champ in Thailand,Vietnam,Malaysia,1242,1186,3,2,17,-17,1259,1169,132,167,8,-4,140,163,40,0,56
1082,Dec 9 2008,Southeast Asian Champ in Indonesia,Indonesia,Singapore,1292,1367,0,2,-32,32,1260,1399,146,108,-7,5,139,113,40,100,25
1083,Dec 9 2008,Southeast Asian Champ in Indonesia,Myanmar,Cambodia,1163,773,3,2,4,-4,1167,769,165,210,0,0,165,210,40,0,390
1084,Dec 10 2008,Southeast Asian Champ in Thailand,Thailand,Malaysia,1429,1169,3,0,8,-8,1437,1161,98,167,1,-2,99,165,40,100,360
1085,Dec 10 2008,Southeast Asian Champ in Thailand,Vietnam,Laos,1259,879,4,0,8,-8,1267,871,134,201,3,0,137,201,40,0,380
1086,Dec 11 2008,Caribbean Championship in Jamaica,Cuba,Grenada,1456,1302,2,2,-8,8,1448,1310,97,128,-2,1,95,129,40,0,154
1087,Dec 11 2008,Caribbean Championship in Jamaica,Jamaica,Guadeloupe,1621,1469,2,0,11,-11,1632,1458,50,92,2,0,52,92,40,100,252
1088,Dec 14 2008,Caribbean Championship in Jamaica,Cuba,Guadeloupe,1448,1458,0,0,1,-1,1449,1457,95,92,0,0,95,92,40,0,-10
1089,Dec 14 2008,Caribbean Championship in Jamaica,Jamaica,Grenada,1632,1310,2,0,5,-5,1637,1305,50,129,1,0,51,129,40,100,422
1090,Dec 14 2008,Friendly in Turkey,Poland,Serbia,1740,1785,1,0,11,-11,1751,1774,29,29,3,-3,32,26,20,0,-45
1091,Dec 16 2008,Southeast Asian Champ in Indonesia,Indonesia,Thailand,1260,1437,0,1,-16,16,1244,1453,156,89,-8,5,148,94,40,100,-77
1092,Dec 17 2008,Friendly tournament in Oman,Ecuador,Iran,1714,1780,1,0,18,-18,1732,1762,34,35,3,-6,37,29,30,0,-66
1093,Dec 17 2008,Friendly tournament in Oman,Oman,China,1514,1545,3,1,18,-18,1532,1527,70,85,6,-7,76,78,30,100,69
1094,Dec 17 2008,Southeast Asian Champ in Vietnam,Vietnam,Singapore,1267,1399,0,0,2,-2,1269,1397,137,113,0,0,137,113,40,100,-32
1095,Dec 19 2008,Friendly tournament in Oman,Iran,China,1762,1527,2,0,9,-9,1771,1518,27,86,1,-4,28,82,30,0,235
1096,Dec 19 2008,Friendly tournament in Oman,Oman,Ecuador,1532,1732,2,0,29,-29,1561,1703,58,47,9,-5,67,42,30,100,-100
1097,Dec 20 2008,Southeast Asian Champ in Thailand,Thailand,Indonesia,1453,1244,2,1,6,-6,1459,1238,90,152,2,-2,92,150,40,100,309
1098,Dec 21 2008,Friendly in Jordan,Jordan,China,1532,1518,0,1,-13,13,1519,1531,87,72,-5,5,82,77,20,100,114
1099,Dec 21 2008,Southeast Asian Champ in Singapore,Singapore,Vietnam,1397,1269,0,1,-32,32,1365,1301,127,125,-7,6,120,131,40,100,228
1100,Dec 22 2008,Friendly in Oman,Oman,Senegal,1561,1551,1,0,7,-7,1568,1544,61,74,3,-2,64,72,20,100,110
1101,Dec 23 2008,Friendly in Bahrain,Bahrain,Saudi Arabia,1510,1668,1,0,12,-12,1522,1656,78,51,4,-2,82,49,20,100,-58
1102,Dec 23 2008,Friendly in Djibouti,Djibouti,Somalia,798,914,2,3,-10,10,788,924,210,190,-1,3,209,193,20,100,-16
1103,Dec 24 2008,Southeast Asian Champ in Thailand,Thailand,Vietnam,1459,1301,1,2,-33,33,1426,1334,108,115,-8,8,100,123,40,100,258
1104,Dec 27 2008,Friendly in Saudi Arabia,Saudi Arabia,Syria,1656,1533,1,1,-6,6,1650,1539,51,70,-1,3,50,73,20,100,223
1105,Dec 27 2008,Friendly in the United Arab Emirates,United Arab Emirates,Iraq,1423,1599,2,2,2,-2,1425,1597,99,59,2,0,101,59,20,100,-76
1106,Dec 28 2008,Southeast Asian Champ in Vietnam,Vietnam,Thailand,1334,1426,1,1,0,0,1334,1426,123,100,0,0,123,100,20,100,8
1107,Dec 28 2008,Friendly in Yemen,Yemen,Zimbabwe,1226,1408,1,0,12,-12,1238,1396,148,116,2,-3,150,113,20,100,-82
1108,Dec 29 2008,Friendly in Bahrain,Bahrain,Syria,1522,1539,2,2,-2,2,1520,1541,82,73,0,0,82,73,20,100,83
1109,Dec 30 2008,Friendly in Qatar,Qatar,Libya,1494,1511,5,2,13,-13,1507,1498,82,94,4,-4,86,90,20,100,83
1110,Dec 30 2008,Friendly in the United Arab Emirates,United Arab Emirates,Kuwait,1425,1425,0,0,-3,3,1422,1428,105,99,-2,1,103,100,20,100,100
1111,Dec 30 2008,Friendly in Yemen,Yemen,Zimbabwe,1238,1396,0,1,-8,8,1230,1404,152,107,-1,3,151,110,20,100,-58
1112,Dec 31 2008,CECAFA Cup in Uganda,Kenya,Sudan,1397,1415,0,0,1,-1,1398,1414,113,107,0,0,113,107,20,0,-18
1113,Dec 31 2008,CECAFA Cup in Uganda,Zambia,Djibouti,1524,788,3,0,1,-1,1525,787,78,209,1,0,79,209,30,0,736
