,date,tournament,home_team,away_team,home_team_rating,away_team_rating,home_goals,away_goals,home_team_rating_change,away_team_rating_change,home_team_new_rating,away_team_new_rating,home_team_rank,away_team_rank,home_team_rank_change,away_team_rank_change,home_team_new_rank,away_team_new_rank,k,hadv,rdiff
0,Jan 4 2000,Friendly in Egypt,Egypt,Togo,1647,1340,2,1,2,-2,1649,1338,47,122,0,-2,47,120,20,100,407
1,Jan 6 2000,Friendly in Egypt,Egypt,Gabon,1649,1468,4,0,6,-6,1655,1462,45,92,1,-4,46,88,20,100,281
2,Jan 7 2000,Friendly in Tunisia,Tunisia,Togo,1653,1338,7,0,4,-4,1657,1334,45,120,1,0,46,120,20,100,415
3,Jan 8 2000,Friendly in Trinidad and Tobago,Trinidad and Tobago,Canada,1586,1567,0,0,-3,3,1583,1570,61,60,-1,2,60,62,20,100,119
4,Jan 9 2000,Friendly in the United States,Armenia,Guatemala,1367,1555,1,1,5,-5,1372,1550,112,67,0,0,112,67,20,0,-188
5,Jan 9 2000,Friendly in Burkina Faso,Burkina Faso,Gabon,1427,1462,1,1,-2,2,1425,1464,100,86,0,1,100,87,20,100,65
6,Jan 9 2000,Friendly in Ivory Coast,Ivory Coast,Egypt,1569,1655,2,0,14,-14,1583,1641,56,53,4,-3,60,50,20,100,14
7,Jan 9 2000,Friendly in the United States,Mexico,Iran,1904,1767,2,1,6,-6,1910,1761,7,28,3,-2,10,26,20,0,137
8,Jan 11 2000,Friendly in Bermuda,Bermuda,Canada,1300,1570,0,2,-8,8,1292,1578,135,61,-2,1,133,62,20,100,-170
9,Jan 11 2000,Friendly in Burkina Faso,Burkina Faso,Cameroon,1425,1584,2,2,2,-2,1427,1582,100,63,0,-2,100,61,20,100,-59
10,Jan 13 2000,Friendly in Senegal,Senegal,Cameroon,1528,1582,0,0,-1,1,1527,1583,71,57,0,2,71,59,20,100,46
11,Jan 14 2000,Friendly tournament in China,China,New Zealand,1706,1509,1,0,5,-5,1711,1504,33,79,2,-1,35,78,20,0,197
12,Jan 16 2000,Friendly tournament in China,Jamaica,New Zealand,1592,1504,2,1,11,-11,1603,1493,54,80,2,-1,56,79,30,0,88
13,Jan 16 2000,Friendly in the United States,United States,Iran,1805,1761,1,1,-4,4,1801,1765,20,24,0,1,20,25,20,100,144
14,Jan 18 2000,Friendly in Ghana,Ghana,Tunisia,1594,1657,2,0,13,-13,1607,1644,54,50,2,-2,56,48,20,100,37
15,Jan 18 2000,Friendly in Morocco,Morocco,Trinidad and Tobago,1783,1583,1,0,3,-3,1786,1580,23,63,0,-2,23,61,20,100,300
16,Jan 19 2000,Friendly in Panama,Panama,Guatemala,1346,1550,2,0,19,-19,1365,1531,112,71,2,-2,114,69,20,100,-104
17,Jan 19 2000,Friendly in Togo,Togo,Egypt,1334,1641,1,0,15,-15,1349,1626,114,52,3,-1,117,51,20,100,-207
18,Jan 20 2000,Friendly in Benin,Burkina Faso,Algeria,1427,1518,1,0,13,-13,1440,1505,90,81,5,-4,95,77,20,0,-91
19,Jan 20 2000,Friendly in Malta,Malta,Qatar,1220,1531,2,0,23,-23,1243,1508,140,83,5,-7,145,76,20,100,-211
20,Jan 21 2000,Friendly in New Zealand,New Zealand,South Korea,1493,1699,0,1,-7,7,1486,1706,79,38,0,0,79,38,20,100,-106
21,Jan 22 2000,African Nations Cup in Ghana,Ghana,Cameroon,1607,1583,1,1,-9,9,1598,1592,58,59,-1,0,57,59,50,100,124
22,Jan 23 2000,Asian Cup qualifier in Vietnam,China,Philippines,1711,697,8,0,0,0,1711,697,37,212,-1,0,36,212,20,0,1014
23,Jan 23 2000,African Nations Cup in Nigeria,Egypt,Zambia,1626,1598,2,0,34,-34,1660,1564,41,73,5,-8,46,65,50,0,28
24,Jan 23 2000,Friendly in New Zealand,New Zealand,South Korea,1486,1706,0,0,3,-3,1489,1703,79,40,0,-1,79,39,20,100,-120
25,Jan 23 2000,African Nations Cup in Nigeria,Nigeria,Tunisia,1693,1644,4,2,22,-22,1715,1622,31,56,4,-4,35,52,50,100,149
26,Jan 23 2000,African Nations Cup in Ghana,South Africa,Gabon,1661,1464,3,1,18,-18,1679,1446,37,97,4,-5,41,92,50,0,197
27,Jan 23 2000,Asian Cup qualifier in Vietnam,Vietnam,Guam,1287,693,11,0,2,-2,1289,691,134,213,0,0,134,213,20,0,594
28,Jan 24 2000,African Nations Cup in Ghana,Algeria,DR Congo,1505,1525,0,0,1,-1,1506,1524,77,71,0,0,77,71,20,0,-20
29,Jan 24 2000,African Nations Cup in Ghana,Ivory Coast,Togo,1583,1349,1,1,-15,15,1568,1364,67,113,-4,2,63,115,40,100,334
30,Jan 24 2000,Friendly in Qatar,Qatar,Bosnia and Herzegovina,1508,1543,2,0,12,-12,1520,1531,68,68,4,0,72,68,20,100,65
31,Jan 25 2000,African Nations Cup in Nigeria,Morocco,Congo,1786,1413,1,0,5,-5,1791,1408,21,107,1,-2,22,105,50,0,373
32,Jan 25 2000,African Nations Cup in Nigeria,Senegal,Burkina Faso,1527,1440,3,1,28,-28,1555,1412,64,109,3,-7,67,102,50,0,87
33,Jan 26 2000,Asian Cup qualifier in Vietnam,China,Guam,1711,691,19,0,0,0,1711,691,36,213,0,0,36,213,20,0,1020
34,Jan 26 2000,Friendly in Costa Rica,Costa Rica,Trinidad and Tobago,1630,1580,2,1,6,-6,1636,1574,50,61,0,-1,50,60,20,100,150
35,Jan 26 2000,Friendly in Guatemala,Guatemala,Panama,1531,1365,1,1,-6,6,1525,1371,71,114,-1,0,70,114,20,100,266
36,Jan 26 2000,Friendly in Spain,Spain,Poland,2006,1741,3,0,4,-4,2010,1737,3,34,0,-3,3,31,20,100,365
37,Jan 26 2000,Friendly in Uganda,Uganda,Libya,1366,1464,3,2,10,-10,1376,1454,111,93,1,-3,112,90,20,100,2
38,Jan 26 2000,Asian Cup qualifier in Vietnam,Vietnam,Philippines,1289,697,3,0,1,-1,1290,696,134,212,0,0,134,212,20,0,592
39,Jan 27 2000,African Nations Cup in Ghana,Ghana,Togo,1598,1364,2,0,10,-10,1608,1354,55,119,1,-2,56,117,50,100,334
40,Jan 27 2000,Friendly in Honduras,Honduras,Ecuador,1623,1687,1,1,-1,1,1622,1688,51,42,0,-1,51,41,20,100,36
41,Jan 27 2000,African Nations Cup in Ghana,South Africa,DR Congo,1679,1524,1,0,15,-15,1694,1509,39,79,1,-4,40,75,50,0,155
42,Jan 28 2000,African Nations Cup in Ghana,Cameroon,Ivory Coast,1592,1568,3,0,41,-41,1633,1527,44,75,7,-6,51,69,50,0,24
43,Jan 28 2000,African Nations Cup in Nigeria,Egypt,Senegal,1660,1555,1,0,18,-18,1678,1537,38,67,4,0,42,67,50,0,105
44,Jan 28 2000,African Nations Cup in Nigeria,Nigeria,Congo,1715,1408,0,0,-21,21,1694,1429,43,93,-4,6,39,99,50,100,407
45,Jan 28 2000,Friendly in the US Virgin Islands,US Virgin Islands,Saint Lucia,727,1251,0,9,-4,4,723,1255,210,142,0,1,210,143,20,100,-424
46,Jan 29 2000,African Nations Cup in Ghana,Algeria,Gabon,1506,1446,3,1,31,-31,1537,1415,57,112,10,-10,67,102,50,0,60
47,Jan 29 2000,African Nations Cup in Nigeria,Burkina Faso,Zambia,1412,1564,1,1,10,-10,1422,1554,99,66,2,-1,101,65,50,0,-152
48,Jan 29 2000,Friendly in Chile,Chile,United States,1752,1801,1,2,-11,11,1741,1812,27,20,0,0,27,20,20,100,51
49,Jan 29 2000,African Nations Cup in Nigeria,Morocco,Tunisia,1791,1622,0,0,-11,11,1780,1633,24,50,-1,1,23,51,50,0,169
50,Jan 29 2000,Asian Cup qualifier in Vietnam,Philippines,Guam,696,691,2,0,30,-30,726,661,208,221,2,-4,210,217,40,0,5
51,Jan 29 2000,Asian Cup qualifier in Vietnam,Vietnam,China,1290,1711,0,2,-8,8,1282,1719,134,35,0,0,134,35,40,100,-321
52,Jan 30 2000,Friendly in the US Virgin Islands,US Virgin Islands,Saint Lucia,723,1255,0,2,-2,2,721,1257,211,141,0,1,211,142,20,100,-432
53,Jan 31 2000,Nordic Championship in Spain,Finland,Faroe Islands,1570,1187,1,0,3,-3,1573,1184,60,159,1,0,61,159,30,0,383
54,Jan 31 2000,African Nations Cup in Ghana,Ghana,Ivory Coast,1608,1527,0,2,-55,55,1553,1582,75,46,-9,12,66,58,50,100,181
55,Jan 31 2000,Nordic Championship in Spain,Iceland,Norway,1556,1904,0,0,11,-11,1567,1893,62,16,1,-1,63,15,30,0,-348
56,Jan 31 2000,Friendly in Kuwait,Kuwait,Syria,1647,1431,4,0,5,-5,1652,1426,47,101,0,-2,47,99,20,100,316
57,Jan 31 2000,African Nations Cup in Ghana,Togo,Cameroon,1354,1633,1,0,42,-42,1396,1591,99,63,9,-6,108,57,50,0,-279
58,Feb 1 2000,Friendly in the British Virgin Islands,British Virgin Islands,Saint Lucia,861,1257,2,3,-3,3,858,1260,201,140,0,1,201,141,20,100,-296
59,Feb 1 2000,African Nations Cup in Nigeria,Egypt,Burkina Faso,1678,1422,4,2,14,-14,1692,1408,40,109,1,-4,41,105,50,0,256
60,Feb 1 2000,African Nations Cup in Nigeria,Senegal,Zambia,1537,1554,2,2,1,-1,1538,1553,68,65,0,0,68,65,30,0,-17
61,Feb 2 2000,African Nations Cup in Ghana,Algeria,South Africa,1537,1694,1,1,11,-11,1548,1683,67,45,1,-3,68,42,50,0,-157
62,Feb 2 2000,Friendly tournament in Cyprus,Armenia,Moldova,1372,1424,2,1,17,-17,1389,1407,108,110,3,-5,111,105,30,0,-52
63,Feb 2 2000,Friendly in Costa Rica,Costa Rica,Chile,1636,1741,1,0,10,-10,1646,1731,46,39,2,-6,48,33,20,100,-5
64,Feb 2 2000,Friendly tournament in Cyprus,Cyprus,Lithuania,1517,1462,2,1,9,-9,1526,1453,69,93,2,-3,71,90,30,100,155
65,Feb 2 2000,African Nations Cup in Ghana,DR Congo,Gabon,1509,1415,0,0,-7,7,1502,1422,78,99,-1,1,77,100,50,0,94
66,Feb 2 2000,Nordic Championship in Spain,Iceland,Finland,1567,1573,1,0,15,-15,1582,1558,53,67,5,-3,58,64,30,0,-6
67,Feb 2 2000,Friendly tournament in Cyprus,Romania,Latvia,1902,1471,2,0,3,-3,1905,1468,14,83,0,0,14,83,30,0,431
68,Feb 2 2000,Friendly in Saint Kitts and Nevis,Saint Kitts and Nevis,Saint Lucia,1281,1260,0,1,-13,13,1268,1273,145,137,-5,2,140,139,20,100,121
69,Feb 3 2000,African Nations Cup in Nigeria,Nigeria,Morocco,1694,1780,2,0,36,-36,1730,1744,29,29,5,-3,34,26,50,100,14
70,Feb 3 2000,African Nations Cup in Nigeria,Tunisia,Congo,1633,1429,1,0,12,-12,1645,1417,49,103,1,-3,50,100,50,0,204
71,Feb 4 2000,Friendly tournament in Cyprus,Cyprus,Armenia,1526,1389,3,2,6,-6,1532,1383,69,113,1,-1,70,112,20,0,137
72,Feb 4 2000,Friendly tournament in Cyprus,Georgia,Romania,1509,1905,1,1,12,-12,1521,1893,70,14,3,0,73,14,30,0,-396
73,Feb 4 2000,Nordic Championship in Spain,Iceland,Faroe Islands,1582,1184,3,2,3,-3,1585,1181,58,159,0,0,58,159,30,0,398
74,Feb 4 2000,Friendly in Kuwait,Kuwait,Iran,1652,1765,1,1,0,0,1652,1765,47,24,0,0,47,24,20,100,-13
75,Feb 4 2000,Friendly tournament in Cyprus,Moldova,Lithuania,1407,1453,2,1,17,-17,1424,1436,93,96,6,-3,99,93,30,0,-46
76,Feb 4 2000,Nordic Championship in Spain,Norway,Sweden,1893,1893,1,1,0,0,1893,1893,13,13,1,1,14,14,20,0,0
77,Feb 5 2000,Friendly in Guatemala,Guatemala,Chile,1525,1731,2,1,13,-13,1538,1718,66,39,3,-3,69,36,20,100,-106
78,Feb 5 2000,Friendly tournament in Hong Kong,Mexico,Japan,1910,1642,1,0,5,-5,1915,1637,8,51,1,0,9,51,30,0,268
79,Feb 6 2000,Friendly tournament in Malta,Albania,Andorra,1436,1032,3,0,5,-5,1441,1027,93,187,0,-2,93,185,30,0,404
80,Feb 6 2000,African Nations Cup in Ghana,Cameroon,Algeria,1591,1548,2,1,22,-22,1613,1526,51,78,3,-5,54,73,50,0,43
81,Feb 6 2000,Friendly in the Cayman Islands,Cayman Islands,Jamaica,1119,1603,0,0,8,-8,1127,1595,162,58,3,-1,165,57,20,100,-384
82,Feb 6 2000,Friendly tournament in Cyprus,Cyprus,Romania,1532,1893,3,2,25,-25,1557,1868,59,20,6,-3,65,17,30,100,-261
83,Feb 6 2000,Friendly tournament in Cyprus,Georgia,Armenia,1521,1383,2,1,9,-9,1530,1374,69,116,2,-2,71,114,30,0,138
84,Feb 6 2000,African Nations Cup in Ghana,Ghana,South Africa,1553,1683,0,1,-23,23,1530,1706,77,36,-6,3,71,39,50,100,-30
85,Feb 6 2000,Friendly tournament in Cyprus,Lithuania,Latvia,1436,1468,2,1,16,-16,1452,1452,85,95,4,-6,89,89,30,0,-32
86,Feb 6 2000,Friendly tournament in Malta,Malta,Azerbaijan,1243,1327,3,0,25,-25,1268,1302,135,136,5,-6,140,130,30,100,16
87,Feb 7 2000,African Nations Cup in Nigeria,Nigeria,Senegal,1730,1538,2,1,8,-8,1738,1530,25,72,4,-2,29,70,50,100,292
88,Feb 7 2000,Friendly in Singapore,Singapore,Malaysia,1295,1208,3,1,8,-8,1303,1200,128,155,2,-2,130,153,20,100,187
89,Feb 7 2000,African Nations Cup in Nigeria,Tunisia,Egypt,1645,1692,1,0,28,-28,1673,1664,36,49,7,-4,43,45,50,0,-47
90,Feb 8 2000,Friendly tournament in Malta,Albania,Azerbaijan,1441,1302,1,0,9,-9,1450,1293,91,133,1,-1,92,132,30,0,139
91,Feb 8 2000,Friendly tournament in Hong Kong,Czechia,Mexico,1944,1915,2,1,14,-14,1958,1901,3,17,1,-4,4,13,30,0,29
92,Feb 8 2000,Friendly tournament in Malta,Malta,Andorra,1268,1027,1,1,-11,11,1257,1038,146,181,-3,2,143,183,30,100,341
93,Feb 8 2000,Friendly in Syria,Syria,North Korea,1426,1467,5,1,16,-16,1442,1451,90,97,4,-7,94,90,20,100,59
94,Feb 9 2000,Friendly tournament in Chile,Bulgaria,Slovakia,1663,1677,1,0,16,-16,1679,1661,38,52,4,-5,42,47,30,0,-14
95,Feb 9 2000,Friendly in the Cayman Islands,Cayman Islands,Jamaica,1127,1595,0,1,-2,2,1125,1597,169,57,-2,0,167,57,20,100,-368
96,Feb 9 2000,Friendly tournament in Chile,Chile,Australia,1718,1763,2,1,13,-13,1731,1750,32,25,2,0,34,25,30,100,55
97,Feb 9 2000,Friendly in Honduras,Honduras,El Salvador,1622,1388,5,1,5,-5,1627,1383,52,111,0,0,52,111,20,100,334
98,Feb 10 2000,Friendly tournament in Malta,Andorra,Azerbaijan,1038,1293,0,0,9,-9,1047,1284,181,134,1,-1,182,133,30,0,-255
99,Feb 10 2000,African Nations Cup in Ghana,Cameroon,Tunisia,1613,1673,3,0,51,-51,1664,1622,34,63,10,-10,44,53,50,0,-60
100,Feb 10 2000,Friendly in Hong Kong,Hong Kong,Singapore,1194,1303,0,0,0,0,1194,1303,155,130,0,0,155,130,20,100,-9
101,Feb 10 2000,Asian Cup qualifier in Kuwait,Kuwait,Turkmenistan,1652,1402,6,1,9,-9,1661,1393,46,109,1,-1,47,108,40,100,350
102,Feb 10 2000,Friendly tournament in Malta,Malta,Albania,1257,1450,0,1,-11,11,1246,1461,147,78,-2,7,145,85,30,100,-93
103,Feb 10 2000,African Nations Cup in Nigeria,Nigeria,South Africa,1738,1706,2,0,24,-24,1762,1682,21,43,4,-2,25,41,50,100,132
104,Feb 10 2000,Asian Cup qualifier in Kuwait,Yemen,Nepal,1203,772,3,0,5,-5,1208,767,151,207,0,0,151,207,40,0,431
105,Feb 12 2000,Friendly tournament in Chile,Australia,Slovakia,1750,1661,0,0,-4,4,1746,1665,26,41,0,3,26,44,30,0,89
106,Feb 12 2000,Friendly tournament in Chile,Chile,Bulgaria,1731,1679,3,2,9,-9,1740,1670,24,42,5,0,29,42,20,0,52
107,Feb 12 2000,CONCACAF Championship in the United States,Colombia,Jamaica,1791,1597,1,0,12,-12,1803,1585,20,57,1,0,21,57,50,0,194
108,Feb 12 2000,Asian Cup qualifier in Kuwait,Nepal,Bhutan,767,584,3,0,18,-18,785,566,205,222,1,0,206,222,40,0,183
109,Feb 12 2000,African Nations Cup in Ghana,South Africa,Tunisia,1682,1622,2,2,-4,4,1678,1626,41,53,0,0,41,53,20,100,160
110,Feb 12 2000,Asian Cup qualifier in Kuwait,Turkmenistan,Yemen,1393,1208,1,0,10,-10,1403,1198,106,157,1,-3,107,154,40,0,185
111,Feb 12 2000,CONCACAF Championship in the United States,United States,Haiti,1812,1411,3,0,5,-5,1817,1406,18,107,1,-2,19,105,30,0,401
112,Feb 13 2000,CONCACAF Championship in the United States,Canada,Costa Rica,1578,1646,2,2,5,-5,1583,1641,58,53,1,-2,59,51,50,0,-68
113,Feb 13 2000,Friendly in the Dominican Republic,Dominican Republic,British Virgin Islands,1112,858,1,0,2,-2,1114,856,169,201,0,0,169,201,20,100,354
114,Feb 13 2000,Asian Cup qualifier in Macao,Japan,Singapore,1637,1303,3,0,9,-9,1646,1294,47,132,2,-1,49,131,40,0,334
115,Feb 13 2000,Asian Cup qualifier in Macao,Macao,Brunei,1004,762,1,0,5,-5,1009,757,185,208,1,0,186,208,40,100,342
116,Feb 13 2000,CONCACAF Championship in the United States,Mexico,Trinidad and Tobago,1901,1574,4,0,12,-12,1913,1562,7,65,3,-2,10,63,50,0,327
117,Feb 13 2000,African Nations Cup in Nigeria,Nigeria,Cameroon,1762,1664,2,2,-13,13,1749,1677,25,39,0,3,25,42,50,100,198
118,Feb 13 2000,Friendly in Syria,Syria,North Korea,1442,1451,0,0,-3,3,1439,1454,96,85,-1,3,95,88,20,100,91
119,Feb 14 2000,CONCACAF Championship in the United States,Haiti,Peru,1406,1740,1,1,19,-19,1425,1721,93,41,6,-6,99,35,50,0,-334
120,Feb 14 2000,CONCACAF Championship in the United States,Honduras,Jamaica,1627,1585,2,0,33,-33,1660,1552,46,75,3,-9,49,66,50,0,42
121,Feb 14 2000,Asian Cup qualifier in Kuwait,Kuwait,Bhutan,1661,566,20,0,0,0,1661,566,48,222,0,0,48,222,20,0,1095
122,Feb 14 2000,Asian Cup qualifier in Kuwait,Turkmenistan,Nepal,1403,785,5,0,2,-2,1405,783,105,206,1,0,106,206,30,0,618
123,Feb 15 2000,Friendly tournament in Chile,Australia,Bulgaria,1746,1670,1,1,-3,3,1743,1673,28,45,-1,-1,27,44,30,0,76
124,Feb 15 2000,CONCACAF Championship in the United States,Canada,South Korea,1583,1703,0,0,8,-8,1591,1695,58,41,0,-1,58,40,50,0,-120
125,Feb 15 2000,Friendly tournament in Chile,Chile,Slovakia,1740,1665,0,2,-33,33,1707,1698,47,33,-9,6,38,39,30,100,175
126,Feb 15 2000,Friendly in Malaysia,Malaysia,Maldives,1200,873,2,0,2,-2,1202,871,150,199,1,0,151,199,20,100,427
127,Feb 15 2000,CONCACAF Championship in the United States,Trinidad and Tobago,Guatemala,1562,1538,4,2,35,-35,1597,1503,52,84,5,-8,57,76,50,0,24
128,Feb 16 2000,CONCACAF Championship in the United States,Honduras,Colombia,1660,1803,2,0,52,-52,1712,1751,21,27,14,-3,35,24,50,0,-143
129,Feb 16 2000,Asian Cup qualifier in Macao,Japan,Brunei,1646,757,9,0,1,-1,1647,756,50,208,0,0,50,208,40,0,889
130,Feb 16 2000,Asian Cup qualifier in Kuwait,Kuwait,Yemen,1661,1198,2,0,2,-2,1663,1196,48,154,0,0,48,154,20,0,463
131,Feb 16 2000,Friendly in Lebanon,Lebanon,North Korea,1345,1454,1,0,10,-10,1355,1444,118,96,0,-4,118,92,20,100,-9
132,Feb 16 2000,Asian Cup qualifier in Macao,Macao,Singapore,1009,1294,0,1,-10,10,999,1304,188,129,-1,1,187,130,40,100,-185
133,Feb 16 2000,Friendly in Panama,Panama,El Salvador,1371,1383,4,1,13,-13,1384,1370,107,119,4,-4,111,115,20,100,88
134,Feb 16 2000,Asian Cup qualifier in Kuwait,Turkmenistan,Bhutan,1405,566,8,0,1,-1,1406,565,106,222,0,0,106,222,30,0,839
135,Feb 16 2000,CONCACAF Championship in the United States,United States,Peru,1817,1721,1,0,12,-12,1829,1709,17,40,1,-3,18,37,50,100,196
136,Feb 17 2000,Friendly in Barbados,Barbados,Saint Kitts and Nevis,1325,1268,1,0,6,-6,1331,1262,123,142,1,-1,124,141,20,100,157
137,Feb 17 2000,CONCACAF Championship in the United States,Costa Rica,South Korea,1641,1695,2,2,4,-4,1645,1691,52,41,0,0,52,41,50,0,-54
138,Feb 17 2000,CONCACAF Championship in the United States,Guatemala,Mexico,1503,1913,1,1,21,-21,1524,1892,70,20,3,-5,73,15,50,0,-410
139,Feb 17 2000,Friendly in Malaysia,Malaysia,Maldives,1202,871,3,0,3,-3,1205,868,151,199,0,0,151,199,20,100,431
140,Feb 18 2000,Asian Cup qualifier in Kuwait,Kuwait,Nepal,1663,783,5,0,0,0,1663,783,48,206,0,0,48,206,20,0,880
141,Feb 18 2000,Asian Cup qualifier in Kuwait,Yemen,Bhutan,1196,565,11,2,3,-3,1199,562,154,222,0,0,154,222,40,0,631
142,Feb 19 2000,Friendly in Dominica,Dominica,Antigua and Barbuda,1146,1166,2,0,12,-12,1158,1154,160,166,2,-2,162,164,20,100,80
143,Feb 19 2000,Friendly tournament in Oman,Oman,Switzerland,1339,1734,1,4,-8,8,1331,1742,126,27,-3,2,123,29,30,100,-295
144,Feb 19 2000,CONCACAF Championship in the United States,Peru,Honduras,1709,1712,5,3,38,-38,1747,1674,15,53,11,-9,26,44,50,0,-3
145,Feb 19 2000,Friendly tournament in Oman,Slovenia,United Arab Emirates,1609,1465,1,1,-6,6,1603,1471,56,83,0,0,56,83,20,100,244
146,Feb 19 2000,CONCACAF Championship in the United States,United States,Colombia,1829,1751,2,2,-12,12,1817,1763,20,24,-1,0,19,24,50,100,178
147,Feb 20 2000,CONCACAF Championship in the United States,Canada,Mexico,1591,1892,2,1,42,-42,1633,1850,46,19,6,-2,52,17,50,0,-301
148,Feb 20 2000,Friendly tournament in Lesotho,Lesotho,Swaziland,1109,1256,1,0,17,-17,1126,1239,159,151,6,-4,165,147,30,100,-47
149,Feb 20 2000,Asian Cup qualifier in Macao,Macao,Japan,999,1647,0,3,-3,3,996,1650,187,50,0,0,187,50,40,100,-548
150,Feb 20 2000,Asian Cup qualifier in Macao,Singapore,Brunei,1304,756,1,0,2,-2,1306,754,130,208,0,0,130,208,40,0,548
151,Feb 20 2000,King's Cup in Thailand,Thailand,Finland,1465,1558,0,0,0,0,1465,1558,84,63,0,0,84,63,20,100,7
152,Feb 20 2000,CONCACAF Championship in the United States,Trinidad and Tobago,Costa Rica,1597,1645,2,1,28,-28,1625,1617,51,60,3,-4,54,56,50,0,-48
153,Feb 21 2000,Friendly tournament in Oman,Oman,United Arab Emirates,1331,1471,0,1,-13,13,1318,1484,135,79,-6,2,129,81,30,100,-40
154,Feb 23 2000,Friendly in Belgium,Belgium,Portugal,1795,1910,1,1,0,0,1795,1910,21,10,0,0,21,10,20,100,-15
155,Feb 23 2000,CONCACAF Championship in the United States,Colombia,Peru,1763,1747,2,1,24,-24,1787,1723,20,40,2,-7,22,33,50,0,16
156,Feb 23 2000,Friendly in Croatia,Croatia,Spain,1914,2010,0,0,0,0,1914,2010,9,3,0,0,9,3,20,100,4
157,Feb 23 2000,Friendly in England,England,Argentina,1906,1935,0,0,-2,2,1904,1937,14,8,-1,-1,13,7,20,100,71
158,Feb 23 2000,King's Cup in Thailand,Finland,Estonia,1558,1334,4,2,10,-10,1568,1324,63,128,0,-4,63,124,30,0,224
159,Feb 23 2000,Friendly in France,France,Poland,2038,1737,1,0,2,-2,2040,1735,2,26,0,3,2,29,20,100,401
160,Feb 23 2000,Friendly in Greece,Greece,Austria,1741,1708,4,1,11,-11,1752,1697,22,41,4,-2,26,39,20,100,133
161,Feb 23 2000,Friendly in Hungary,Hungary,Australia,1620,1743,0,3,-16,16,1604,1759,61,22,-3,3,58,25,20,100,-23
162,Feb 23 2000,Friendly in Ireland,Ireland,Czechia,1767,1958,3,2,13,-13,1780,1945,24,6,-1,-1,23,5,20,100,-91
163,Feb 23 2000,Friendly in Israel,Israel,Russia,1667,1819,4,1,20,-20,1687,1799,38,22,4,-2,42,20,20,100,-52
164,Feb 23 2000,Friendly in Italy,Italy,Sweden,1928,1893,1,0,6,-6,1934,1887,8,15,0,-1,8,14,20,100,135
165,Feb 23 2000,Friendly in Lebanon,Lebanon,Jordan,1355,1459,1,1,0,0,1355,1459,118,87,0,0,118,87,20,100,-4
166,Feb 23 2000,Friendly in Luxembourg,Luxembourg,Northern Ireland,1189,1510,1,3,-7,7,1182,1517,159,72,-1,2,158,74,20,100,-221
167,Feb 23 2000,Friendly in Macedonia,Macedonia,Yugoslavia,1549,1935,1,2,-3,3,1546,1938,67,6,0,0,67,6,20,100,-286
168,Feb 23 2000,Friendly in the Netherlands,Netherlands,Germany,1955,1887,2,1,6,-6,1961,1881,3,15,1,0,4,15,20,100,168
169,Feb 23 2000,Friendly tournament in Oman,Oman,Slovenia,1318,1603,0,4,-14,14,1304,1617,131,52,-1,3,130,55,30,100,-185
170,Feb 23 2000,Friendly in Qatar,Qatar,Wales,1520,1565,0,1,-12,12,1508,1577,78,60,-2,1,76,61,20,100,55
171,Feb 23 2000,King's Cup in Thailand,Thailand,Brazil,1465,2094,0,7,-3,3,1462,2097,84,1,0,0,84,1,30,100,-529
172,Feb 23 2000,Friendly in Turkey,Turkey,Norway,1738,1893,0,2,-13,13,1725,1906,33,11,-1,1,32,12,20,100,-55
173,Feb 23 2000,Friendly tournament in Oman,United Arab Emirates,Switzerland,1484,1742,1,0,24,-24,1508,1718,71,41,5,-6,76,35,30,0,-258
174,Feb 24 2000,CONCACAF Championship in the United States,Canada,Trinidad and Tobago,1633,1625,1,0,24,-24,1657,1601,48,62,2,-4,50,58,50,0,8
175,Feb 25 2000,Friendly in the British Virgin Islands,British Virgin Islands,Anguilla,856,495,3,4,-19,19,837,514,205,222,-2,1,203,223,20,100,461
176,Feb 25 2000,King's Cup in Thailand,Thailand,Estonia,1462,1324,2,1,6,-6,1468,1318,84,132,0,-4,84,128,20,0,138
177,Feb 27 2000,Friendly in Botswana,Botswana,Lesotho,993,1126,1,0,11,-11,1004,1115,185,173,2,-4,187,169,20,100,-33
178,Feb 27 2000,Friendly in the British Virgin Islands,British Virgin Islands,Anguilla,837,514,5,0,3,-3,840,511,203,223,0,0,203,223,20,100,423
179,Feb 27 2000,CONCACAF Championship in the United States,Canada,Colombia,1657,1787,2,0,51,-51,1708,1736,24,34,13,-6,37,28,50,0,-130
180,Feb 27 2000,King's Cup in Thailand,Thailand,Finland,1468,1568,5,1,28,-28,1496,1540,74,71,5,-4,79,67,30,100,0
181,Feb 29 2000,Friendly in Barbados,Barbados,Antigua and Barbuda,1331,1154,2,2,-7,7,1324,1161,124,160,-1,2,123,162,20,100,277
182,Feb 29 2000,Friendly in El Salvador,El Salvador,Panama,1370,1384,3,1,11,-11,1381,1373,109,119,3,-4,112,115,20,100,86
183,Feb 29 2000,Friendly in Uzbekistan,Uzbekistan,Mongolia,1572,892,8,1,0,0,1572,892,62,197,0,0,62,197,20,100,780
184,Mar 1 2000,Friendly in Zambia,Zambia,Lesotho,1553,1115,2,0,1,-1,1554,1114,64,169,0,0,64,169,20,100,538
185,Mar 4 2000,World Cup qualifier in Honduras,Honduras,Nicaragua,1674,931,3,0,1,-1,1675,930,46,194,0,0,46,194,30,0,743
186,Mar 4 2000,World Cup qualifier in Trinidad and Tobago,Trinidad and Tobago,Netherlands Antilles,1601,1155,5,0,3,-3,1604,1152,56,164,1,0,57,164,20,0,446
187,Mar 5 2000,World Cup qualifier in Anguilla,Anguilla,Bahamas,511,846,1,3,-12,12,499,858,223,200,0,1,223,201,40,100,-235
188,Mar 5 2000,World Cup qualifier in Barbados,Barbados,Grenada,1324,1319,2,2,-6,6,1318,1325,131,122,-4,2,127,124,40,100,105
189,Mar 5 2000,Friendly in Bolivia,Bolivia,Haiti,1646,1425,9,2,6,-6,1652,1419,50,103,1,-2,51,101,20,100,321
190,Mar 5 2000,World Cup qualifier in the British Virgin Islands,British Virgin Islands,Bermuda,840,1292,1,5,-9,9,831,1301,203,130,0,1,203,131,40,100,-352
191,Mar 5 2000,World Cup qualifier in Cuba,Cuba,Cayman Islands,1515,1125,4,0,4,-4,1519,1121,73,169,1,-1,74,168,20,0,390
192,Mar 5 2000,World Cup qualifier in the Dominican Republic,Dominican Republic,Montserrat,1114,590,3,0,2,-2,1116,588,169,221,0,0,169,221,20,0,524
193,Mar 5 2000,World Cup qualifier in El Salvador,El Salvador,Belize,1381,1079,5,0,7,-7,1388,1072,110,177,1,0,111,177,40,100,402
194,Mar 5 2000,Friendly in Ethiopia,Ethiopia,Sudan,1319,1334,1,0,8,-8,1327,1326,116,126,5,-3,121,123,20,100,85
195,Mar 5 2000,World Cup qualifier in Saint Lucia,Saint Lucia,Suriname,1273,1280,1,0,15,-15,1288,1265,127,143,6,-4,133,139,30,0,-7
196,Mar 5 2000,World Cup qualifier in St Vincent & Grenadines,St Vincent & Grenadines,US Virgin Islands,1242,721,9,0,3,-3,1245,718,145,211,0,0,145,211,40,100,621
197,Mar 5 2000,COSAFA Cup in Zimbabwe,Zimbabwe,Lesotho,1495,1114,2,1,2,-2,1497,1112,78,171,1,-1,79,170,20,0,381
198,Mar 6 2000,Friendly in Syria,Syria,Jordan,1439,1459,0,0,-2,2,1437,1461,95,83,0,2,95,85,20,100,80
199,Mar 8 2000,Friendly in Ecuador,Ecuador,Honduras,1688,1675,1,3,-20,20,1668,1695,52,36,-5,5,47,41,20,100,113
200,Mar 8 2000,Friendly in Jordan,Jordan,Lebanon,1461,1355,1,1,-5,5,1456,1360,89,114,-2,2,87,116,20,100,206
201,Mar 9 2000,Friendly tournament in Cuba,Cuba,Nicaragua,1519,930,4,0,1,-1,1520,929,74,194,0,0,74,194,20,0,589
202,Mar 10 2000,Friendly in Qatar,Qatar,Sudan,1508,1326,3,0,6,-6,1514,1320,76,129,0,-3,76,126,20,100,282
203,Mar 11 2000,World Cup qualifier in Aruba,Aruba,Puerto Rico,1007,929,4,2,16,-16,1023,913,186,198,0,-2,186,196,40,100,178
204,Mar 11 2000,World Cup qualifier in Haiti,Haiti,Dominica,1419,1158,4,0,8,-8,1427,1150,97,165,2,-1,99,164,40,100,361
205,Mar 11 2000,Friendly in Jordan,Jordan,Bosnia and Herzegovina,1456,1531,0,0,-1,1,1455,1532,87,68,0,0,87,68,20,100,25
206,Mar 12 2000,Friendly in the United States,United States,Tunisia,1817,1626,1,1,-7,7,1810,1633,20,53,-1,0,19,53,20,100,291
207,Mar 12 2000,Friendly in Zambia,Zambia,Malawi,1554,1237,1,1,-8,8,1546,1245,66,141,-1,4,65,145,20,100,417
208,Mar 13 2000,Friendly in Jordan,Jordan,Syria,1455,1437,0,0,-3,3,1452,1440,89,95,-1,0,88,95,20,100,118
209,Mar 13 2000,Friendly in Zambia,Zambia,Malawi,1546,1245,0,1,-18,18,1528,1263,77,137,-6,4,71,141,20,100,401
210,Mar 15 2000,Friendly in Japan,Japan,China,1650,1719,0,0,-1,1,1649,1720,52,34,0,0,52,34,20,100,31
211,Mar 15 2000,Friendly in Jordan,Jordan,Bosnia and Herzegovina,1452,1532,1,2,-11,11,1441,1543,98,65,-5,1,93,66,20,100,20
212,Mar 16 2000,Friendly in Venezuela,Venezuela,Bolivia,1393,1652,0,0,4,-4,1397,1648,107,53,1,-1,108,52,20,100,-159
213,Mar 17 2000,Friendly in Jordan,Jordan,Syria,1441,1440,0,0,-3,3,1438,1443,97,89,-2,3,95,92,20,100,101
214,Mar 18 2000,World Cup qualifier in Grenada,Grenada,Barbados,1325,1318,2,3,-26,26,1299,1344,139,111,-8,8,131,119,40,100,107
215,Mar 18 2000,World Cup qualifier in the Netherlands Antilles,Netherlands Antilles,Trinidad and Tobago,1152,1604,1,1,15,-15,1167,1589,161,59,1,-1,162,58,40,100,-352
216,Mar 18 2000,World Cup qualifier in Puerto Rico,Puerto Rico,Aruba,913,1023,2,2,1,-1,914,1022,196,186,0,0,196,186,40,100,-10
217,Mar 18 2000,World Cup qualifier in Saint Kitts and Nevis,Saint Kitts and Nevis,Turks and Caicos Islands,1262,776,8,0,3,-3,1265,773,136,207,3,0,139,207,20,0,486
218,Mar 19 2000,World Cup qualifier in the Bahamas,Bahamas,Anguilla,858,499,2,1,3,-3,861,496,201,223,0,0,201,223,30,0,359
219,Mar 19 2000,World Cup qualifier in Bermuda,Bermuda,British Virgin Islands,1301,831,9,0,4,-4,1305,827,128,203,1,0,129,203,40,100,570
220,Mar 19 2000,Friendly in Botswana,Botswana,Swaziland,1004,1239,3,0,24,-24,1028,1215,183,152,2,-2,185,150,20,100,-135
221,Mar 19 2000,World Cup qualifier in the Cayman Islands,Cayman Islands,Cuba,1121,1520,0,0,14,-14,1135,1506,160,80,4,-3,164,77,40,100,-299
222,Mar 19 2000,World Cup qualifier in Dominica,Dominica,Haiti,1150,1427,1,3,-16,16,1134,1443,166,85,-1,7,165,92,40,100,-177
223,Mar 19 2000,World Cup qualifier in Trinidad and Tobago,Dominican Republic,Montserrat,1116,588,3,1,3,-3,1119,585,169,221,0,0,169,221,40,0,528
224,Mar 19 2000,World Cup qualifier in Honduras,Guatemala,Belize,1524,1072,2,1,3,-3,1527,1069,71,177,1,0,72,177,40,0,452
225,Mar 19 2000,World Cup qualifier in Nicaragua,Nicaragua,Panama,929,1373,0,2,-7,7,922,1380,194,111,0,2,194,113,40,100,-344
226,Mar 19 2000,World Cup qualifier in Suriname,Suriname,Saint Lucia,1265,1288,1,0,16,-16,1281,1272,131,145,4,-6,135,139,30,0,-23
227,Mar 19 2000,World Cup qualifier in the US Virgin Islands,US Virgin Islands,St Vincent & Grenadines,718,1245,1,5,-6,6,712,1251,211,144,0,1,211,145,40,100,-427
228,Mar 20 2000,Friendly in the United Arab Emirates,Kazakhstan,Bahrain,1480,1327,1,0,6,-6,1486,1321,81,128,1,-3,82,125,20,0,153
229,Mar 21 2000,Friendly in Namibia,Namibia,Zimbabwe,1324,1497,2,1,12,-12,1336,1485,119,85,2,-3,121,82,20,100,-73
230,Mar 21 2000,World Cup qualifier in Saint Kitts and Nevis,Saint Kitts and Nevis,Turks and Caicos Islands,1265,773,6,0,3,-3,1268,770,140,207,0,0,140,207,40,100,592
231,Mar 22 2000,Friendly in the United Arab Emirates,Bahrain,Qatar,1321,1514,1,0,15,-15,1336,1499,121,81,2,-3,123,78,20,0,-193
232,Mar 22 2000,Friendly in Chile,Chile,Honduras,1707,1695,5,2,12,-12,1719,1683,32,45,3,-2,35,43,20,100,112
233,Mar 22 2000,Friendly in Cyprus,Cyprus,Iran,1557,1765,0,0,3,-3,1560,1762,63,23,0,0,63,23,20,100,-108
234,Mar 22 2000,Friendly in the United Arab Emirates,Kazakhstan,Bahrain,1486,1336,2,0,9,-9,1495,1327,79,121,1,2,80,123,20,0,150
235,Mar 24 2000,Friendly in The Gambia,Gambia,Mauritania,1299,1188,0,0,-5,5,1294,1193,133,157,-1,0,132,157,20,100,211
236,Mar 25 2000,Friendly in the United Arab Emirates,Bahrain,Jordan,1327,1438,1,1,3,-3,1330,1435,123,98,0,-1,123,97,20,0,-111
237,Mar 25 2000,Asian Cup qualifier in Malaysia,Malaysia,Taiwan,1205,1028,3,0,12,-12,1217,1016,149,189,1,-2,150,187,40,100,277
238,Mar 25 2000,Asian Cup qualifier in Malaysia,North Korea,Thailand,1444,1496,0,0,3,-3,1447,1493,91,81,0,-1,91,80,40,0,-52
239,Mar 25 2000,Friendly in Tanzania,Tanzania,Malawi,1252,1263,1,1,-3,3,1249,1266,146,140,-1,1,145,141,20,100,89
240,Mar 25 2000,COSAFA Cup in Zambia,Zambia,Botswana,1528,1028,3,0,2,-2,1530,1026,65,185,3,0,68,185,20,0,500
241,Mar 26 2000,Friendly in Tanzania,Tanzania,Malawi,1249,1266,4,3,8,-8,1257,1258,143,145,1,-2,144,143,20,100,83
242,Mar 27 2000,Asian Cup qualifier in Malaysia,Malaysia,North Korea,1217,1447,1,1,7,-7,1224,1440,148,99,1,-4,149,95,40,100,-130
243,Mar 27 2000,Asian Cup qualifier in Malaysia,Thailand,Taiwan,1493,1016,2,0,4,-4,1497,1012,78,187,1,0,79,187,40,0,477
244,Mar 28 2000,World Cup qualifier in Colombia,Colombia,Brazil,1736,2097,0,0,13,-13,1749,2084,24,1,2,0,26,1,40,100,-261
245,Mar 28 2000,Friendly in El Salvador,El Salvador,Haiti,1388,1443,3,1,13,-13,1401,1430,105,105,3,-7,108,98,20,100,45
246,Mar 28 2000,Friendly in Malta,Malta,Northern Ireland,1246,1517,0,3,-10,10,1236,1527,150,70,-2,2,148,72,20,100,-171
247,Mar 28 2000,Friendly in Yugoslavia,Yugoslavia,China,1938,1720,1,0,3,-3,1941,1717,6,38,0,-2,6,36,20,100,318
248,Mar 29 2000,World Cup qualifier in Argentina,Argentina,Chile,1937,1719,4,1,10,-10,1947,1709,5,40,1,-3,6,37,40,100,318
249,Mar 29 2000,Friendly in Austria,Austria,Sweden,1697,1887,1,1,3,-3,1700,1884,38,16,1,-1,39,15,20,100,-90
250,Mar 29 2000,Friendly in Belgium,Belgium,Netherlands,1795,1961,2,2,2,-2,1797,1959,19,4,1,0,20,4,20,100,-66
251,Mar 29 2000,Friendly in Bosnia and Herzegovina,Bosnia and Herzegovina,Macedonia,1543,1546,1,0,7,-7,1550,1539,66,69,0,-2,66,67,20,100,97
252,Mar 29 2000,Friendly in Bulgaria,Bulgaria,Belarus,1673,1415,4,1,4,-4,1677,1411,44,103,1,0,45,103,20,100,358
253,Mar 29 2000,Friendly in Croatia,Croatia,Germany,1914,1881,1,1,-4,4,1910,1885,11,13,-1,1,10,14,20,100,133
254,Mar 29 2000,Friendly in Czechia,Czechia,Australia,1945,1759,3,1,5,-5,1950,1754,5,26,0,-1,5,25,20,100,286
255,Mar 29 2000,World Cup qualifier in Ecuador,Ecuador,Venezuela,1668,1397,2,0,6,-6,1674,1391,47,111,0,-1,47,110,40,100,371
256,Mar 29 2000,Friendly in Greece,Greece,Romania,1752,1868,2,0,16,-16,1768,1852,21,16,2,0,23,16,20,100,-16
257,Mar 29 2000,Friendly in Hungary,Hungary,Poland,1604,1735,0,0,1,-1,1605,1734,57,33,0,-2,57,31,20,100,-31
258,Mar 29 2000,Friendly in Israel,Israel,Georgia,1687,1530,1,1,-6,6,1681,1536,44,68,-1,0,43,68,20,100,257
259,Mar 29 2000,Asian Cup qualifier in Malaysia,Malaysia,Thailand,1224,1497,3,2,29,-29,1253,1468,141,89,4,-5,145,84,40,100,-173
260,Mar 29 2000,Asian Cup qualifier in Malaysia,North Korea,Taiwan,1440,1012,2,0,5,-5,1445,1007,88,187,3,0,91,187,40,0,428
261,Mar 29 2000,World Cup qualifier in Peru,Peru,Paraguay,1723,1814,2,0,29,-29,1752,1785,19,24,7,-3,26,21,40,100,9
262,Mar 29 2000,Friendly in Portugal,Portugal,Denmark,1910,1908,2,1,7,-7,1917,1901,8,15,1,-2,9,13,20,100,102
263,Mar 29 2000,Friendly in Scotland,Scotland,France,1728,2040,0,2,-7,7,1721,2047,35,2,-2,0,33,2,20,100,-212
264,Mar 29 2000,Friendly in Spain,Spain,Italy,2010,1934,2,0,8,-8,2018,1926,3,8,0,0,3,8,20,100,176
265,Mar 29 2000,Friendly in Switzerland,Switzerland,Norway,1718,1906,2,2,2,-2,1720,1904,33,10,1,1,34,11,20,100,-88
266,Mar 29 2000,World Cup qualifier in Uruguay,Uruguay,Bolivia,1733,1648,1,0,10,-10,1743,1638,30,52,0,0,30,52,40,100,185
267,Mar 29 2000,Friendly in Wales,Wales,Finland,1577,1540,1,2,-14,14,1563,1554,63,61,-1,3,62,64,20,100,137
268,Mar 31 2000,Friendly in The Gambia,Gambia,Mauritania,1294,1193,0,0,-5,5,1289,1198,132,153,0,2,132,155,20,100,201
269,Mar 31 2000,Asian Cup qualifier in Syria,Iran,Maldives,1762,868,8,0,1,-1,1763,867,24,199,0,0,24,199,40,0,894
270,Mar 31 2000,Asian Cup qualifier in Qatar,Kazakhstan,Jordan,1495,1435,1,0,17,-17,1512,1418,71,106,4,-5,75,101,40,0,60
271,Mar 31 2000,Asian Cup qualifier in Qatar,Qatar,Palestine,1499,1260,1,0,5,-5,1504,1255,78,146,0,-2,78,144,40,100,339
272,Mar 31 2000,Asian Cup qualifier in Syria,Syria,Bahrain,1443,1330,1,0,9,-9,1452,1321,84,127,4,-2,88,125,40,100,213
273,Apr 1 2000,World Cup qualifier in Aruba,Aruba,Barbados,1022,1344,1,3,-13,13,1009,1357,188,117,-1,1,187,118,40,100,-222
274,Apr 1 2000,World Cup qualifier in Haiti,Haiti,Bahamas,1430,861,9,0,2,-2,1432,859,91,203,3,-1,94,202,20,0,569
275,Apr 1 2000,Friendly in Mayotte,Mayotte,Madagascar,1200,1443,1,0,14,-14,1214,1429,152,97,0,0,152,97,20,100,-143
276,Apr 1 2000,Friendly in Zambia,Zambia,Kenya,1530,1436,1,0,5,-5,1535,1431,69,97,0,-1,69,96,20,100,194
277,Apr 2 2000,Asian Cup qualifier in Syria,Bahrain,Maldives,1321,867,4,1,5,-5,1326,862,123,200,1,0,124,200,40,0,454
278,Apr 2 2000,World Cup qualifier in Cuba,Cuba,Suriname,1506,1281,1,0,5,-5,1511,1276,73,137,2,-1,75,136,40,100,325
279,Apr 2 2000,World Cup qualifier in Guatemala,Guatemala,El Salvador,1527,1401,0,1,-31,31,1496,1432,84,80,-6,14,78,94,40,100,226
280,Apr 2 2000,Asian Cup qualifier in Qatar,Palestine,Pakistan,1255,816,2,0,4,-4,1259,812,140,206,2,0,142,206,40,0,439
281,Apr 2 2000,World Cup qualifier in Panama,Panama,Honduras,1380,1683,1,0,31,-31,1411,1652,95,58,9,-8,104,50,40,100,-203
282,Apr 2 2000,Asian Cup qualifier in Qatar,Qatar,Kazakhstan,1504,1512,3,1,22,-22,1526,1490,68,83,5,-4,73,79,40,100,92
283,Apr 2 2000,Asian Cup qualifier in Syria,Syria,Iran,1452,1763,0,1,-9,9,1443,1772,96,22,-4,1,92,23,40,100,-211
284,Apr 2 2000,World Cup qualifier in Trinidad and Tobago,Trinidad and Tobago,Dominican Republic,1589,1119,3,0,3,-3,1592,1116,58,170,0,0,58,170,30,0,470
285,Apr 4 2000,Asian Cup qualifier in Syria,Bahrain,Iran,1326,1772,1,0,37,-37,1363,1735,108,37,8,-7,116,30,40,0,-446
286,Apr 4 2000,Asian Cup qualifier in Qatar,Jordan,Palestine,1418,1259,5,1,21,-21,1439,1238,84,152,9,-5,93,147,40,0,159
287,Apr 4 2000,Asian Cup qualifier in Qatar,Qatar,Pakistan,1526,812,5,0,1,-1,1527,811,71,206,1,0,72,206,20,0,714
288,Apr 4 2000,Asian Cup qualifier in Syria,Syria,Maldives,1443,862,6,0,2,-2,1445,860,90,202,1,-1,91,201,30,0,581
289,Apr 4 2000,Asian Cup qualifier in Thailand,Taiwan,Malaysia,1007,1253,3,2,32,-32,1039,1221,182,155,3,-5,185,150,40,0,-246
290,Apr 4 2000,Asian Cup qualifier in Thailand,Thailand,North Korea,1468,1445,5,3,20,-20,1488,1425,78,109,3,-9,81,100,40,100,123
291,Apr 5 2000,Asian Cup qualifier in South Korea,Myanmar,Mongolia,1093,892,2,0,14,-14,1107,878,170,198,3,0,173,198,40,0,201
292,Apr 5 2000,Asian Cup qualifier in South Korea,South Korea,Laos,1691,973,9,0,1,-1,1692,972,41,192,0,0,41,192,20,0,718
293,Apr 6 2000,Asian Cup qualifier in Qatar,Jordan,Pakistan,1439,811,5,0,2,-2,1441,809,93,206,0,0,93,206,30,0,628
294,Apr 6 2000,Asian Cup qualifier in Qatar,Kazakhstan,Palestine,1490,1238,2,0,11,-11,1501,1227,77,149,1,-1,78,148,40,0,252
295,Apr 6 2000,Asian Cup qualifier in Thailand,North Korea,Malaysia,1425,1221,4,1,17,-17,1442,1204,84,154,8,-2,92,152,40,0,204
296,Apr 6 2000,Asian Cup qualifier in Thailand,Thailand,Taiwan,1488,1039,1,0,2,-2,1490,1037,79,185,1,0,80,185,30,0,449
297,Apr 7 2000,World Cup qualifier in Djibouti,Djibouti,DR Congo,875,1502,1,1,18,-18,893,1484,197,89,1,-6,198,83,40,100,-527
298,Apr 7 2000,World Cup qualifier in Mauritania,Mauritania,Tunisia,1198,1633,1,2,-5,5,1193,1638,160,51,-2,1,158,52,40,100,-335
299,Apr 7 2000,Asian Cup qualifier in South Korea,Myanmar,Laos,1107,972,4,0,24,-24,1131,948,161,192,6,0,167,192,40,0,135
300,Apr 7 2000,Asian Cup qualifier in South Korea,South Korea,Mongolia,1692,878,6,0,0,0,1692,878,41,200,0,-1,41,199,20,0,814
301,Apr 8 2000,World Cup qualifier in Botswana,Botswana,Zambia,1026,1535,0,1,-3,3,1023,1538,187,69,0,0,187,69,30,100,-409
302,Apr 8 2000,Oce Cup q & Melanesian Cup in Fiji,Fiji,Papua New Guinea,1428,1104,5,0,6,-6,1434,1098,92,178,4,-2,96,176,40,100,424
303,Apr 8 2000,World Cup qualifier in Guinea-Bissau,Guinea-Bissau,Togo,1194,1396,0,0,6,-6,1200,1390,150,110,3,0,153,110,40,100,-102
304,Apr 8 2000,Asian Cup qualifier in Qatar,Kazakhstan,Pakistan,1501,809,4,0,1,-1,1502,808,77,206,0,0,77,206,20,0,692
305,Apr 8 2000,World Cup qualifier in Madagascar,Madagascar,Gabon,1429,1422,2,0,21,-21,1450,1401,85,112,7,-5,92,107,40,100,107
306,Apr 8 2000,World Cup qualifier in Malawi,Malawi,Kenya,1258,1431,2,0,36,-36,1294,1395,120,118,11,-10,131,108,40,100,-73
307,Apr 8 2000,Oce Cup q & Melanesian Cup in Fiji,New Caledonia,Solomon Islands,1126,1323,4,2,45,-45,1171,1278,158,145,5,-10,163,135,40,0,-197
308,Apr 8 2000,Asian Cup qualifier in Thailand,North Korea,Taiwan,1442,1037,1,0,4,-4,1446,1033,94,187,-1,-1,93,186,40,0,405
309,Apr 8 2000,Asian Cup qualifier in Qatar,Qatar,Jordan,1527,1441,2,2,-10,10,1517,1451,76,87,-2,3,74,90,40,100,186
310,Apr 8 2000,World Cup qualifier in São Tomé and Príncipe,São Tomé and Príncipe,Sierra Leone,1030,1432,2,0,51,-51,1081,1381,170,131,8,-18,178,113,40,100,-302
311,Apr 8 2000,World Cup qualifier in the Seychelles,Seychelles,Namibia,975,1336,1,1,13,-13,988,1323,191,126,0,-2,191,124,40,100,-261
312,Apr 8 2000,World Cup qualifier in Tanzania,Tanzania,Ghana,1257,1530,0,1,-11,11,1246,1541,145,64,-1,3,144,67,40,100,-173
313,Apr 8 2000,Asian Cup qualifier in Thailand,Thailand,Malaysia,1490,1204,3,2,4,-4,1494,1200,79,154,0,-1,79,153,40,100,386
314,Apr 8 2000,World Cup qualifier in Uganda,Uganda,Guinea,1376,1461,4,4,-1,1,1375,1462,114,85,0,0,114,85,30,100,15
315,Apr 9 2000,World Cup qualifier in Benin,Benin,Senegal,1242,1530,1,1,10,-10,1252,1520,139,73,3,-1,142,72,30,0,-288
316,Apr 9 2000,World Cup qualifier in Cape Verde,Cape Verde,Algeria,1239,1526,0,0,10,-10,1249,1516,144,75,1,-1,145,74,30,0,-287
317,Apr 9 2000,World Cup qualifier in Chad,Chad,Liberia,1274,1405,0,1,-18,18,1256,1423,143,96,-2,5,141,101,40,100,-31
318,Apr 9 2000,World Cup qualifier in Central African Republic,Central African Republic,Zimbabwe,1264,1485,0,1,-13,13,1251,1498,144,75,-1,3,143,78,40,100,-121
319,Apr 9 2000,World Cup qualifier in Equatorial Guinea,Equatorial Guinea,Congo,1056,1417,1,3,-11,11,1045,1428,186,98,-2,1,184,99,40,100,-261
320,Apr 9 2000,World Cup qualifier in Eritrea,Eritrea,Nigeria,1181,1749,0,0,17,-17,1198,1732,154,36,3,-5,157,31,40,100,-468
321,Apr 9 2000,World Cup qualifier in Ethiopia,Ethiopia,Burkina Faso,1327,1408,2,1,19,-19,1346,1389,119,118,2,-7,121,111,40,100,19
322,Apr 9 2000,World Cup qualifier in The Gambia,Gambia,Morocco,1289,1744,0,1,-5,5,1284,1749,132,24,0,2,132,26,40,100,-355
323,Apr 9 2000,Asian Cup qualifier in Iran,Iran,Bahrain,1735,1363,3,0,4,-4,1739,1359,28,120,1,-2,29,118,20,0,372
324,Apr 9 2000,Asian Cup qualifier in South Korea,Laos,Mongolia,948,878,2,1,16,-16,964,862,192,199,0,0,192,199,40,0,70
325,Apr 9 2000,World Cup qualifier in Lesotho,Lesotho,South Africa,1112,1678,0,2,-4,4,1108,1682,174,41,-1,1,173,42,40,100,-466
326,Apr 9 2000,World Cup qualifier in Libya,Libya,Mali,1454,1476,3,0,27,-27,1481,1449,81,100,3,-8,84,92,40,100,78
327,Apr 9 2000,World Cup qualifier in Rwanda,Rwanda,Ivory Coast,1200,1582,2,2,13,-13,1213,1569,149,62,2,-1,151,61,40,100,-282
328,Apr 9 2000,Asian Cup qualifier in South Korea,South Korea,Myanmar,1692,1131,4,0,2,-2,1694,1129,41,168,0,0,41,168,30,0,561
329,Apr 9 2000,World Cup qualifier in Sudan,Sudan,Mozambique,1320,1275,1,0,12,-12,1332,1263,121,142,2,-2,123,140,40,100,145
330,Apr 9 2000,World Cup qualifier in Swaziland,Swaziland,Angola,1215,1485,0,1,-11,11,1204,1496,154,77,-2,2,152,79,40,100,-170
331,Apr 9 2000,Asian Cup qualifier in Iran,Syria,Maldives,1445,860,2,1,1,-1,1446,859,92,201,1,0,93,201,20,0,585
332,Apr 10 2000,Oce Cup q & Melanesian Cup in Fiji,Fiji,New Caledonia,1434,1171,2,1,4,-4,1438,1167,96,163,0,0,96,163,20,0,263
333,Apr 10 2000,Oce Cup q & Melanesian Cup in Fiji,Solomon Islands,Vanuatu,1278,1065,2,1,9,-9,1287,1056,129,181,3,0,132,181,40,0,213
334,Apr 11 2000,Asian Cup qualifier in Iran,Bahrain,Maldives,1359,859,1,0,2,-2,1361,857,114,203,2,-1,116,202,30,0,500
335,Apr 11 2000,Oce Cup q & Melanesian Cup in Fiji,Fiji,Vanuatu,1438,1056,4,1,4,-4,1442,1052,94,183,1,-1,95,182,40,100,482
336,Apr 11 2000,Asian Cup qualifier in Iran,Iran,Syria,1739,1446,1,1,-16,16,1723,1462,35,77,-3,8,32,85,40,100,393
337,Apr 11 2000,Oce Cup q & Melanesian Cup in Fiji,New Caledonia,Papua New Guinea,1167,1098,6,1,32,-32,1199,1066,149,184,7,-4,156,180,40,0,69
338,Apr 12 2000,Friendly in Ethiopia,Ethiopia,DR Congo,1346,1484,1,2,-9,9,1337,1493,123,81,-1,1,122,82,20,100,-38
339,Apr 13 2000,Asian Cup qualifier in Iran,Iran,Maldives,1723,857,3,0,0,0,1723,857,32,202,0,0,32,202,20,0,866
340,Apr 13 2000,Oce Cup q & Melanesian Cup in Fiji,Solomon Islands,Papua New Guinea,1287,1066,4,2,13,-13,1300,1053,128,184,2,-2,130,182,40,0,221
341,Apr 13 2000,Asian Cup qualifier in Iran,Syria,Bahrain,1462,1361,1,0,14,-14,1476,1347,85,124,0,-4,85,120,40,0,101
342,Apr 13 2000,Oce Cup q & Melanesian Cup in Fiji,Vanuatu,New Caledonia,1052,1199,6,0,59,-59,1111,1140,164,174,9,-9,173,165,40,0,-147
343,Apr 15 2000,Oce Cup q & Melanesian Cup in Fiji,Fiji,Solomon Islands,1442,1300,2,2,-12,12,1430,1312,101,124,-3,3,98,127,40,100,242
344,Apr 15 2000,COSAFA Cup in Malawi,Malawi,Mozambique,1294,1263,2,1,13,-13,1307,1250,124,148,4,-4,128,144,40,100,131
345,Apr 15 2000,Oce Cup q & Melanesian Cup in Fiji,Vanuatu,Papua New Guinea,1111,1053,4,1,29,-29,1140,1024,157,190,8,-4,165,186,40,0,58
346,Apr 16 2000,World Cup qualifier in Antigua and Barbuda,Antigua and Barbuda,Bermuda,1161,1305,0,0,3,-3,1164,1302,164,132,0,-1,164,131,40,100,-44
347,Apr 16 2000,World Cup qualifier in the Bahamas,Bahamas,Haiti,859,1432,0,4,-5,5,854,1437,203,98,-1,-1,202,97,40,100,-473
348,Apr 16 2000,World Cup qualifier in Barbados,Barbados,Aruba,1357,1009,4,0,5,-5,1362,1004,114,188,2,0,116,188,40,100,448
349,Apr 16 2000,World Cup qualifier in Belize,Belize,El Salvador,1069,1432,1,3,-11,11,1058,1443,181,94,-1,1,180,95,40,100,-263
350,Apr 16 2000,World Cup qualifier in the Dominican Republic,Dominican Republic,Trinidad and Tobago,1116,1592,0,1,-4,4,1112,1596,172,58,0,0,172,58,40,100,-376
351,Apr 16 2000,World Cup qualifier in Nicaragua,Nicaragua,Honduras,922,1652,0,1,-1,1,921,1653,195,50,0,0,195,50,20,100,-630
352,Apr 16 2000,World Cup qualifier in St Vincent & Grenadines,St Vincent & Grenadines,Saint Kitts and Nevis,1251,1268,1,0,15,-15,1266,1253,136,143,3,-2,139,141,40,100,83
353,Apr 16 2000,World Cup qualifier in Suriname,Suriname,Cuba,1276,1511,0,0,7,-7,1283,1504,133,77,2,-1,135,76,40,100,-135
354,Apr 16 2000,Friendly in Uganda,Uganda,Kenya,1375,1395,2,2,-2,2,1373,1397,116,107,-1,0,115,107,20,100,80
355,Apr 19 2000,World Cup qualifier in Cameroon,Cameroon,Somalia,1677,1112,3,0,1,-1,1678,1111,44,174,0,-1,44,173,20,0,565
356,Apr 19 2000,Friendly in Mali,Mali,Burkina Faso,1449,1389,2,1,6,-6,1455,1383,83,111,5,0,88,111,20,100,160
357,Apr 20 2000,World Cup qualifier in Egypt,Egypt,Mauritius,1664,1223,2,0,3,-3,1667,1220,47,149,0,0,47,149,30,0,441
358,Apr 21 2000,World Cup qualifier in Algeria,Algeria,Cape Verde,1516,1249,2,0,6,-6,1522,1243,70,147,2,-1,72,146,40,100,367
359,Apr 22 2000,World Cup qualifier in Gabon,Gabon,Madagascar,1401,1450,1,0,17,-17,1418,1433,98,101,4,-4,102,97,30,0,-49
360,Apr 22 2000,World Cup qualifier in Kenya,Kenya,Malawi,1397,1307,0,0,-10,10,1387,1317,115,126,-4,1,111,127,40,100,190
361,Apr 22 2000,World Cup qualifier in Morocco,Morocco,Gambia,1749,1284,2,0,2,-2,1751,1282,26,139,0,-3,26,136,20,0,465
362,Apr 22 2000,World Cup qualifier in Namibia,Namibia,Seychelles,1323,988,3,0,5,-5,1328,983,125,191,0,0,125,191,40,100,435
363,Apr 22 2000,World Cup qualifier in Nigeria,Nigeria,Eritrea,1732,1198,4,0,2,-2,1734,1196,28,157,1,0,29,157,20,0,534
364,Apr 22 2000,World Cup qualifier in Sierra Leone,Sierra Leone,São Tomé and Príncipe,1381,1081,4,0,7,-7,1388,1074,107,178,3,0,110,178,40,100,400
365,Apr 22 2000,World Cup qualifier in South Africa,South Africa,Lesotho,1682,1108,1,0,1,-1,1683,1107,42,174,0,0,42,174,20,0,574
366,Apr 22 2000,World Cup qualifier in Saint Kitts and Nevis,Saint Kitts and Nevis,St Vincent & Grenadines,1253,1266,1,2,-25,25,1228,1291,153,127,-6,6,147,133,40,100,87
367,Apr 22 2000,World Cup qualifier in Tunisia,Tunisia,Mauritania,1638,1193,3,0,3,-3,1641,1190,52,159,0,0,52,159,20,0,445
368,Apr 22 2000,World Cup qualifier in Zambia,Zambia,Botswana,1538,1023,1,0,1,-1,1539,1022,67,187,1,0,68,187,20,0,515
369,Apr 23 2000,World Cup qualifier in Angola,Angola,Swaziland,1496,1204,7,1,8,-8,1504,1196,75,158,2,-3,77,155,40,100,392
370,Apr 23 2000,World Cup qualifier in Bermuda,Bermuda,Antigua and Barbuda,1302,1164,1,1,-12,12,1290,1176,135,160,-2,2,133,162,40,100,238
371,Apr 23 2000,World Cup qualifier in Burkina Faso,Burkina Faso,Ethiopia,1383,1337,3,0,21,-21,1404,1316,102,130,5,-4,107,126,40,100,146
372,Apr 23 2000,World Cup qualifier in Cameroon,Cameroon,Somalia,1678,1111,3,0,1,-1,1679,1110,44,173,0,0,44,173,20,0,567
373,Apr 23 2000,World Cup qualifier in Congo,Congo,Equatorial Guinea,1428,1045,2,1,2,-2,1430,1043,97,183,1,0,98,183,20,0,383
374,Apr 23 2000,World Cup qualifier in the Dem Rep of the Congo,DR Congo,Djibouti,1493,893,9,1,2,-2,1495,891,80,198,1,0,81,198,30,0,600
375,Apr 23 2000,World Cup qualifier in Egypt,Egypt,Mauritius,1667,1220,4,2,2,-2,1669,1218,47,149,0,0,47,149,20,0,447
376,Apr 23 2000,World Cup qualifier in Ghana,Ghana,Tanzania,1541,1246,3,2,4,-4,1545,1242,67,146,0,-1,67,145,40,100,395
377,Apr 23 2000,World Cup qualifier in Guinea,Guinea,Uganda,1462,1373,3,0,18,-18,1480,1355,82,123,2,-4,84,119,40,100,189
378,Apr 23 2000,World Cup qualifier in Ivory Coast,Ivory Coast,Rwanda,1569,1213,2,0,4,-4,1573,1209,59,151,1,0,60,151,40,100,456
379,Apr 23 2000,World Cup qualifier in Liberia,Liberia,Chad,1423,1256,0,0,-13,13,1410,1269,107,140,-3,0,104,140,40,100,267
380,Apr 23 2000,World Cup qualifier in Mali,Mali,Libya,1455,1481,3,1,24,-24,1479,1457,82,92,3,-4,85,88,30,0,-26
381,Apr 23 2000,World Cup qualifier in Mozambique,Mozambique,Sudan,1250,1332,2,1,19,-19,1269,1313,137,131,3,-4,140,127,40,100,18
382,Apr 23 2000,World Cup qualifier in Senegal,Senegal,Benin,1520,1252,1,0,4,-4,1524,1248,71,143,1,-1,72,142,20,0,268
383,Apr 23 2000,World Cup qualifier in Togo,Togo,Guinea-Bissau,1390,1200,3,0,11,-11,1401,1189,108,164,0,-5,108,159,40,100,290
384,Apr 23 2000,World Cup qualifier in Zimbabwe,Zimbabwe,Central African Republic,1498,1251,3,1,7,-7,1505,1244,74,144,2,-1,76,143,40,100,347
385,Apr 25 2000,Friendly in Hong Kong,Hong Kong,China,1194,1717,0,1,-2,2,1192,1719,157,35,0,0,157,35,20,100,-423
386,Apr 26 2000,Friendly in Andorra,Andorra,Belarus,1047,1411,2,0,25,-25,1072,1386,176,120,3,-9,179,111,20,100,-264
387,Apr 26 2000,Friendly in Armenia,Armenia,Georgia,1374,1536,0,0,2,-2,1376,1534,114,70,0,0,114,70,20,100,-62
388,Apr 26 2000,Friendly in Austria,Austria,Croatia,1700,1910,1,2,-7,7,1693,1917,43,8,-2,1,41,9,20,100,-110
389,Apr 26 2000,World Cup qualifier in Bolivia,Bolivia,Colombia,1638,1749,1,1,1,-1,1639,1748,53,27,0,0,53,27,40,100,-11
390,Apr 26 2000,World Cup qualifier in Brazil,Brazil,Ecuador,2084,1674,3,2,2,-2,2086,1672,1,44,0,1,1,45,20,0,410
391,Apr 26 2000,Friendly in Bulgaria,Bulgaria,Ukraine,1677,1710,0,1,-12,12,1665,1722,49,34,-2,1,47,35,20,100,67
392,Apr 26 2000,World Cup qualifier in Chile,Chile,Peru,1709,1752,1,1,-3,3,1706,1755,39,23,-1,1,38,24,40,100,57
393,Apr 26 2000,Friendly in Czechia,Czechia,Israel,1950,1681,4,1,4,-4,1954,1677,3,45,1,-1,4,44,20,100,369
394,Apr 26 2000,Friendly in Denmark,Denmark,Sweden,1901,1884,0,1,-13,13,1888,1897,13,9,0,3,13,12,20,100,117
395,Apr 26 2000,Friendly in France,France,Slovenia,2047,1617,3,2,1,-1,2048,1616,2,56,0,-1,2,55,20,100,530
396,Apr 26 2000,Friendly in Germany,Germany,Switzerland,1885,1720,1,1,-6,6,1879,1726,16,30,-1,2,15,32,20,100,265
397,Apr 26 2000,Friendly in Ireland,Ireland,Greece,1780,1768,0,1,-13,13,1767,1781,24,21,-1,1,23,22,20,100,112
398,Apr 26 2000,Friendly in Italy,Italy,Portugal,1926,1917,2,0,10,-10,1936,1907,8,11,0,-1,8,10,20,100,109
399,Apr 26 2000,Friendly in Liechtenstein,Liechtenstein,Faroe Islands,1089,1181,0,1,-10,10,1079,1191,177,155,0,3,177,158,20,100,8
400,Apr 26 2000,Baltic Cup in Lithuania,Lithuania,Latvia,1452,1452,2,1,11,-11,1463,1441,85,99,2,-5,87,94,30,100,100
401,Apr 26 2000,Friendly in Luxembourg,Luxembourg,Estonia,1182,1318,1,1,1,-1,1183,1317,162,124,-1,0,161,124,20,100,-36
402,Apr 26 2000,Friendly in Macedonia,Macedonia,Albania,1539,1461,1,0,5,-5,1544,1456,68,91,0,-2,68,89,20,100,178
403,Apr 26 2000,Friendly in the Netherlands,Netherlands,Scotland,1959,1721,0,0,-7,7,1952,1728,6,27,-1,3,5,30,20,100,338
404,Apr 26 2000,Friendly in Norway,Norway,Belgium,1904,1797,0,2,-23,23,1881,1820,17,16,-3,2,14,18,20,100,207
405,Apr 26 2000,Friendly in Northern Ireland,Northern Ireland,Hungary,1527,1605,0,1,-11,11,1516,1616,77,53,-3,2,74,55,20,100,22
406,Apr 26 2000,World Cup qualifier in Paraguay,Paraguay,Uruguay,1785,1743,1,0,12,-12,1797,1731,21,30,0,-1,21,29,40,100,142
407,Apr 26 2000,Friendly in Poland,Poland,Finland,1734,1554,0,0,-7,7,1727,1561,33,62,-2,1,31,63,20,100,280
408,Apr 26 2000,Friendly in Romania,Romania,Cyprus,1852,1560,2,0,3,-3,1855,1557,16,65,0,-1,16,64,20,100,392
409,Apr 26 2000,Friendly in Russia,Russia,United States,1799,1810,2,0,11,-11,1810,1799,19,22,0,-2,19,20,20,100,89
410,Apr 26 2000,Friendly in San Marino,San Marino,Moldova,943,1424,0,1,-2,2,941,1426,193,100,0,0,193,100,20,100,-381
411,Apr 26 2000,Friendly in South Korea,South Korea,Japan,1694,1649,1,0,6,-6,1700,1643,37,51,2,0,39,51,20,100,145
412,Apr 26 2000,World Cup qualifier in Venezuela,Venezuela,Argentina,1391,1947,0,4,-5,5,1386,1952,113,4,-2,1,111,5,40,100,-456
413,Apr 29 2000,Friendly tournament in the British Virgin Islands,Antigua and Barbuda,Dominica,1176,1134,3,2,13,-13,1189,1121,158,174,2,-3,160,171,30,0,42
414,Apr 29 2000,Friendly tournament in the British Virgin Islands,British Virgin Islands,Sint Maarten,827,941,0,0,1,-1,828,940,204,195,0,-1,204,194,30,100,-14
415,Apr 29 2000,COSAFA Cup in South Africa,South Africa,Mauritius,1683,1218,3,0,3,-3,1686,1215,42,149,0,0,42,149,30,0,465
416,Apr 30 2000,Friendly tournament in the British Virgin Islands,British Virgin Islands,Antigua and Barbuda,828,1189,1,1,10,-10,838,1179,204,164,0,-2,204,162,30,100,-261
417,Apr 30 2000,Friendly tournament in the British Virgin Islands,Dominica,Sint Maarten,1121,940,3,1,12,-12,1133,928,165,194,3,0,168,194,30,0,181
418,May 1 2000,Friendly tournament in the Maldives,Maldives,Sri Lanka,857,820,1,1,-6,6,851,826,203,205,-1,0,202,205,30,100,137
419,May 2 2000,Friendly tournament in the Maldives,Bangladesh,India,1042,1125,1,1,4,-4,1046,1121,182,171,1,0,183,171,30,0,-83
420,May 4 2000,Amilcar Cabral Cup in Cape Verde,Cape Verde,Gambia,1243,1282,1,1,-3,3,1240,1285,146,132,-1,2,145,134,30,100,61
421,May 4 2000,Friendly tournament in the Maldives,Maldives,Bangladesh,851,1046,1,1,4,-4,855,1042,200,185,1,-1,201,184,30,100,-95
422,May 5 2000,Amilcar Cabral Cup in Cape Verde,Guinea,Mali,1480,1479,3,1,30,-30,1510,1449,66,97,9,-6,75,91,40,0,1
423,May 5 2000,Amilcar Cabral Cup in Cape Verde,Guinea-Bissau,Mauritania,1189,1190,1,0,20,-20,1209,1170,142,167,9,-4,151,163,40,0,-1
424,May 5 2000,Friendly tournament in the Maldives,Sri Lanka,India,826,1121,1,0,25,-25,851,1096,201,181,2,-5,203,176,30,0,-295
425,May 6 2000,Amilcar Cabral Cup in Cape Verde,Cape Verde,Sierra Leone,1240,1388,1,0,23,-23,1263,1365,139,119,3,-5,142,114,40,100,-48
426,May 6 2000,Amilcar Cabral Cup in Cape Verde,Gambia,Senegal,1285,1524,1,1,12,-12,1297,1512,130,77,2,-3,132,74,40,0,-239
427,May 7 2000,World Cup qualifier in Antigua and Barbuda,Antigua and Barbuda,St Vincent & Grenadines,1179,1291,2,1,21,-21,1200,1270,147,145,7,-6,154,139,40,100,-12
428,May 7 2000,World Cup qualifier in Cuba,Cuba,Barbados,1504,1362,1,1,-12,12,1492,1374,88,113,-5,1,83,114,40,100,242
429,May 7 2000,World Cup qualifier in El Salvador,El Salvador,Guatemala,1443,1496,1,1,-3,3,1440,1499,97,77,-2,2,95,79,40,100,47
430,May 7 2000,Amilcar Cabral Cup in Cape Verde,Guinea,Mauritania,1510,1170,1,1,-15,15,1495,1185,85,159,-5,2,80,161,40,0,340
431,May 7 2000,World Cup qualifier in Honduras,Honduras,Panama,1653,1411,3,1,7,-7,1660,1404,50,108,0,-3,50,105,40,100,342
432,May 7 2000,Amilcar Cabral Cup in Cape Verde,Mali,Guinea-Bissau,1449,1209,3,2,8,-8,1457,1201,83,155,4,-2,87,153,40,0,240
433,May 7 2000,Friendly tournament in the Maldives,Sri Lanka,Bangladesh,851,1042,1,0,23,-23,874,1019,195,190,4,-3,199,187,30,0,-191
434,May 7 2000,World Cup qualifier in Trinidad and Tobago,Trinidad and Tobago,Haiti,1596,1437,3,1,11,-11,1607,1426,58,102,0,-3,58,99,40,100,259
435,May 8 2000,Amilcar Cabral Cup in Cape Verde,Cape Verde,Senegal,1263,1512,2,2,8,-8,1271,1504,136,78,3,-2,139,76,40,100,-149
436,May 8 2000,Amilcar Cabral Cup in Cape Verde,Gambia,Sierra Leone,1297,1365,2,2,4,-4,1301,1361,130,115,1,0,131,115,40,0,-68
437,May 8 2000,Friendly tournament in the Maldives,Maldives,India,855,1096,1,0,21,-21,876,1075,196,178,3,-1,199,177,30,100,-141
438,May 9 2000,Amilcar Cabral Cup in Cape Verde,Guinea,Guinea-Bissau,1495,1201,2,1,6,-6,1501,1195,78,165,1,-6,79,159,40,0,294
439,May 9 2000,Amilcar Cabral Cup in Cape Verde,Mali,Mauritania,1457,1185,2,2,-13,13,1444,1198,97,151,-5,5,92,156,40,0,272
440,May 10 2000,Friendly tournament in the Maldives,Maldives,Sri Lanka,876,874,1,1,-4,4,872,878,201,198,-1,1,200,199,30,100,102
441,May 11 2000,Amilcar Cabral Cup in Cape Verde,Cape Verde,Guinea,1271,1501,2,0,41,-41,1312,1460,117,93,11,-7,128,86,40,100,-130
442,May 11 2000,Amilcar Cabral Cup in Cape Verde,Mali,Senegal,1444,1504,2,2,3,-3,1447,1501,90,80,1,-2,91,78,30,0,-60
443,May 13 2000,Friendly in Cyprus,Jordan,Lebanon,1451,1360,1,1,-3,3,1448,1363,91,114,-1,1,90,115,20,0,91
444,May 14 2000,Amilcar Cabral Cup in Cape Verde,Cape Verde,Senegal,1312,1501,1,0,25,-25,1337,1476,116,90,6,-6,122,84,40,100,-89
445,May 14 2000,Amilcar Cabral Cup in Cape Verde,Guinea,Mali,1460,1447,2,0,29,-29,1489,1418,78,111,4,-10,82,101,40,0,13
446,May 14 2000,Friendly in Jamaica,Jamaica,Panama,1552,1404,0,1,-16,16,1536,1420,73,95,-4,5,69,100,20,100,248
447,May 14 2000,COSAFA Cup in Zimbabwe,Zimbabwe,Namibia,1505,1328,3,2,7,-7,1512,1321,73,125,1,-1,74,124,40,100,277
448,May 18 2000,Friendly in Thailand,Thailand,Uzbekistan,1494,1572,2,0,14,-14,1508,1558,70,65,5,-2,75,63,20,100,22
449,May 19 2000,World Cup qualifier in Honduras,Belize,Guatemala,1058,1499,0,0,17,-17,1075,1482,173,87,4,-4,177,83,40,0,-441
450,May 19 2000,World Cup qualifier in Haiti,Haiti,Trinidad and Tobago,1426,1607,1,1,5,-5,1431,1602,94,58,2,0,96,58,20,0,-181
451,May 20 2000,COSAFA Cup in Malawi,Malawi,Angola,1317,1504,0,0,5,-5,1322,1499,123,79,1,-1,124,78,20,0,-187
452,May 21 2000,World Cup qualifier in Barbados,Barbados,Cuba,1374,1492,1,1,1,-1,1375,1491,114,80,0,0,114,80,20,100,-18
453,May 21 2000,Friendly in Lebanon,Lebanon,Saudi Arabia,1363,1662,0,0,5,-5,1368,1657,115,51,0,-1,115,50,20,100,-199
454,May 21 2000,World Cup qualifier in Panama,Panama,Nicaragua,1420,921,4,0,2,-2,1422,919,100,197,0,-1,100,196,20,0,499
455,May 21 2000,World Cup qualifier in St Vincent & Grenadines,St Vincent & Grenadines,Antigua and Barbuda,1270,1200,4,0,20,-20,1290,1180,128,171,6,-9,134,162,40,100,170
456,May 23 2000,West Asian Championship in Jordan,Iraq,Lebanon,1612,1368,2,1,8,-8,1620,1360,51,117,3,-1,54,116,40,0,244
457,May 23 2000,West Asian Championship in Jordan,Jordan,Kyrgyzstan,1448,1202,2,0,7,-7,1455,1195,88,162,1,-5,89,157,40,100,346
458,May 23 2000,Friendly in Wales,Wales,Brazil,1563,2086,0,3,-3,3,1560,2089,63,1,-1,0,62,1,20,100,-423
459,May 24 2000,West Asian Championship in Jordan,Iran,Kazakhstan,1723,1502,3,0,15,-15,1738,1487,22,87,6,-5,28,82,40,0,221
460,May 24 2000,Friendly in Slovakia,Slovakia,Saudi Arabia,1698,1657,1,1,-4,4,1694,1661,40,48,0,1,40,49,20,100,141
461,May 24 2000,West Asian Championship in Jordan,Syria,Palestine,1476,1227,1,0,8,-8,1484,1219,82,148,1,0,83,148,40,0,249
462,May 25 2000,Friendly in China,China,Yugoslavia,1719,1941,0,2,-10,10,1709,1951,36,7,0,0,36,7,20,100,-122
463,May 25 2000,West Asian Championship in Jordan,Jordan,Iraq,1455,1620,0,0,4,-4,1459,1616,85,56,2,-1,87,55,20,0,-165
464,May 25 2000,West Asian Championship in Jordan,Lebanon,Kyrgyzstan,1360,1195,2,0,17,-17,1377,1178,110,167,3,-5,113,162,40,0,165
465,May 26 2000,Friendly in Algeria,Algeria,Burkina Faso,1522,1404,2,0,7,-7,1529,1397,71,108,0,-1,71,107,20,100,218
466,May 26 2000,West Asian Championship in Jordan,Iran,Palestine,1738,1219,1,1,-18,18,1720,1237,42,144,-7,2,35,146,40,0,519
467,May 26 2000,West Asian Championship in Jordan,Syria,Kazakhstan,1484,1487,4,0,38,-38,1522,1449,61,98,11,-8,72,90,40,0,-3
468,May 27 2000,Friendly in Canada,Canada,Trinidad and Tobago,1708,1602,1,0,5,-5,1713,1597,35,58,1,0,36,58,20,100,206
469,May 27 2000,Friendly in the United States,Colombia,Jamaica,1748,1536,3,0,8,-8,1756,1528,21,73,3,-2,24,71,20,0,212
470,May 27 2000,Friendly in Cuba,Cuba,Haiti,1491,1431,0,1,-14,14,1477,1445,86,88,-3,4,83,92,20,100,160
471,May 27 2000,Friendly in England,England,Brazil,1904,2089,1,1,2,-2,1906,2087,11,1,0,0,11,1,20,100,-85
472,May 27 2000,West Asian Championship in Jordan,Iraq,Kyrgyzstan,1616,1178,4,0,6,-6,1622,1172,53,164,1,-1,54,163,40,0,438
473,May 27 2000,West Asian Championship in Jordan,Jordan,Lebanon,1459,1377,0,0,-10,10,1449,1387,92,105,-3,4,89,109,40,100,182
474,May 27 2000,Friendly in the Netherlands,Netherlands,Romania,1952,1855,2,1,5,-5,1957,1850,3,16,1,0,4,16,20,100,197
475,May 27 2000,Friendly in Norway,Norway,Slovakia,1881,1694,2,0,5,-5,1886,1689,14,42,0,-1,14,41,20,100,287
476,May 28 2000,Friendly in Croatia,Croatia,France,1917,2048,0,2,-14,14,1903,2062,13,2,-2,0,11,2,20,100,-31
477,May 28 2000,West Asian Championship in Jordan,Iran,Syria,1720,1522,1,0,10,-10,1730,1512,25,76,5,-2,30,74,40,0,198
478,May 28 2000,West Asian Championship in Jordan,Kazakhstan,Palestine,1449,1237,3,2,9,-9,1458,1228,83,148,3,-1,86,147,40,0,212
479,May 28 2000,Friendly in Macao,Macao,Hong Kong,996,1192,0,1,-7,7,989,1199,191,148,-1,5,190,153,20,100,-96
480,May 28 2000,Friendly in Malta,Malta,South Africa,1236,1686,0,1,-2,2,1234,1688,145,42,1,0,146,42,20,100,-350
481,May 28 2000,Friendly in South Korea,South Korea,Yugoslavia,1700,1951,0,0,4,-4,1704,1947,39,7,0,0,39,7,20,100,-151
482,May 29 2000,Friendly in Cuba,Cuba,Haiti,1477,1445,1,1,-4,4,1473,1449,85,88,-1,2,84,90,20,100,132
483,May 30 2000,Friendly in Canada,Canada,Honduras,1713,1660,2,1,6,-6,1719,1654,36,50,0,0,36,50,20,100,153
484,May 30 2000,Friendly in Ireland,Ireland,Scotland,1767,1728,1,2,-14,14,1753,1742,29,25,-3,3,26,28,20,100,139
485,May 30 2000,Friendly in South Korea,South Korea,Yugoslavia,1704,1947,0,0,4,-4,1708,1943,37,7,1,0,38,7,20,100,-143
486,May 31 2000,Friendly in England,England,Ukraine,1906,1722,2,0,5,-5,1911,1717,8,37,1,-1,9,36,20,100,284
487,May 31 2000,Friendly in Hungary,Hungary,Saudi Arabia,1616,1661,2,2,-2,2,1614,1663,58,47,-1,1,57,48,20,100,55
488,May 31 2000,West Asian Championship in Jordan,Iraq,Syria,1622,1512,0,0,-6,6,1616,1518,56,70,-1,2,55,72,40,0,110
489,May 31 2000,West Asian Championship in Jordan,Jordan,Iran,1449,1730,0,1,-10,10,1439,1740,100,27,-5,2,95,29,40,100,-181
490,May 31 2000,Friendly in Russia,Russia,Slovakia,1810,1689,1,1,-6,6,1804,1695,19,39,0,1,19,40,20,100,221
491,May 31 2000,Friendly in Venezuela,Venezuela,Panama,1386,1422,3,1,12,-12,1398,1410,103,104,4,-2,107,102,20,100,64
492,Jun 1 2000,Friendly tournament in Swaziland,Botswana,Mozambique,1022,1269,2,0,36,-36,1058,1233,178,151,4,-5,182,146,30,0,-247
493,Jun 1 2000,Friendly tournament in Swaziland,Swaziland,Lesotho,1196,1107,0,1,-22,22,1174,1129,168,165,-6,4,162,169,30,100,189
494,Jun 2 2000,Friendly in Algeria,Algeria,Guinea,1529,1489,4,0,12,-12,1541,1477,66,84,2,-2,68,82,20,100,140
495,Jun 2 2000,West Asian Championship in Jordan,Iran,Syria,1740,1518,1,0,9,-9,1749,1509,27,78,1,-3,28,75,40,0,222
496,Jun 2 2000,West Asian Championship in Jordan,Jordan,Iraq,1439,1616,1,4,-27,27,1412,1643,107,47,-6,4,101,51,40,100,-77
497,Jun 2 2000,Friendly tournament in Swaziland,Lesotho,Mozambique,1129,1233,0,0,4,-4,1133,1229,167,146,1,0,168,146,30,0,-104
498,Jun 2 2000,Friendly in Portugal,Portugal,Wales,1907,1560,3,0,2,-2,1909,1558,10,62,0,0,10,62,20,100,447
499,Jun 2 2000,Friendly in Singapore,Singapore,Qatar,1306,1517,1,5,-13,13,1293,1530,136,69,-3,2,133,71,20,100,-111
500,Jun 2 2000,Friendly tournament in Swaziland,Swaziland,Botswana,1174,1058,0,0,-8,8,1166,1066,166,182,-2,0,164,182,30,100,216
501,Jun 3 2000,Friendly in Denmark,Denmark,Belgium,1888,1820,2,2,-4,4,1884,1824,17,18,-2,0,15,18,20,100,168
502,Jun 3 2000,Friendly in Germany,Germany,Czechia,1879,1954,3,2,9,-9,1888,1945,13,7,1,-1,14,6,20,100,25
503,Jun 3 2000,World Cup qualifier in Honduras,Honduras,Haiti,1654,1449,4,0,11,-11,1665,1438,42,98,4,-4,46,94,40,100,305
504,Jun 3 2000,Friendly in Hungary,Hungary,Israel,1614,1677,2,1,9,-9,1623,1668,55,46,1,-1,56,45,20,100,37
505,Jun 3 2000,Friendly in Latvia,Latvia,Finland,1441,1561,1,0,11,-11,1452,1550,84,67,4,-3,88,64,20,100,-20
506,Jun 3 2000,Friendly in Lithuania,Lithuania,Armenia,1463,1376,1,2,-15,15,1448,1391,95,104,-5,5,90,109,20,100,187
507,Jun 3 2000,Friendly in Malta,Malta,England,1234,1911,1,2,-1,1,1233,1912,145,9,0,0,145,9,20,100,-577
508,Jun 3 2000,Friendly in Norway,Norway,Italy,1886,1936,1,0,9,-9,1895,1927,12,8,1,0,13,8,20,100,50
509,Jun 3 2000,World Cup qualifier in Paraguay,Paraguay,Ecuador,1797,1672,3,1,13,-13,1810,1659,19,53,1,-4,20,49,40,100,225
510,Jun 3 2000,Friendly in Romania,Romania,Greece,1850,1781,2,1,5,-5,1855,1776,16,22,0,0,16,22,20,100,169
511,Jun 3 2000,Friendly in Slovenia,Slovenia,Saudi Arabia,1616,1663,2,0,13,-13,1629,1650,54,52,1,-2,55,50,20,100,53
512,Jun 3 2000,Friendly in Sweden,Sweden,Spain,1897,2018,1,1,1,-1,1898,2017,12,3,0,0,12,3,20,100,-21
513,Jun 3 2000,World Cup qualifier in Uruguay,Uruguay,Chile,1731,1706,2,1,13,-13,1744,1693,27,41,2,-1,29,40,40,100,125
514,Jun 3 2000,US Cup in the United States,United States,South Africa,1799,1688,4,0,13,-13,1812,1675,18,44,1,-1,19,43,20,0,111
515,Jun 4 2000,World Cup qualifier in Argentina,Argentina,Bolivia,1952,1639,1,0,3,-3,1955,1636,5,54,0,0,5,54,20,0,313
516,Jun 4 2000,Friendly in Azerbaijan,Azerbaijan,Georgia,1284,1534,0,0,4,-4,1288,1530,136,70,0,0,136,70,20,100,-150
517,Jun 4 2000,Friendly in Benin,Benin,Togo,1248,1401,1,2,-8,8,1240,1409,146,102,-2,2,144,104,20,100,-53
518,Jun 4 2000,Friendly tournament in Swaziland,Botswana,Lesotho,1066,1133,1,1,3,-3,1069,1130,180,170,1,-1,181,169,30,0,-67
519,Jun 4 2000,World Cup qualifier in Colombia,Colombia,Venezuela,1756,1398,3,0,5,-5,1761,1393,23,109,0,-1,23,108,40,100,458
520,Jun 4 2000,World Cup qualifier in Cuba,Cuba,Canada,1473,1719,0,1,-12,12,1461,1731,84,29,0,3,84,32,40,100,-146
521,Jun 4 2000,Friendly in Estonia,Estonia,Belarus,1317,1386,2,0,14,-14,1331,1372,122,117,2,-2,124,115,20,100,31
522,Jun 4 2000,Friendly tournament in Morocco,France,Japan,2062,1643,2,2,-13,13,2049,1656,2,49,0,1,2,50,30,0,419
523,Jun 4 2000,US Cup in the United States,Ireland,Mexico,1753,1850,2,2,4,-4,1757,1846,22,17,2,0,24,17,30,0,-97
524,Jun 4 2000,Friendly in Moldova,Moldova,Russia,1426,1804,0,1,-3,3,1423,1807,98,21,0,0,98,21,20,100,-278
525,Jun 4 2000,Friendly tournament in Morocco,Morocco,Jamaica,1751,1528,1,0,4,-4,1755,1524,23,72,2,0,25,72,20,0,223
526,Jun 4 2000,Friendly in Switzerland,Netherlands,Poland,1957,1727,3,1,6,-6,1963,1721,4,38,0,-3,4,35,20,0,230
527,Jun 4 2000,Friendly in Nigeria,Nigeria,Malawi,1734,1322,3,2,1,-1,1735,1321,31,126,0,-1,31,125,20,100,512
528,Jun 4 2000,World Cup qualifier in Peru,Peru,Brazil,1755,2087,0,1,-8,8,1747,2095,32,1,-4,0,28,1,40,100,-232
529,Jun 4 2000,Friendly in Senegal,Senegal,Zambia,1476,1539,0,0,-1,1,1475,1540,83,69,0,0,83,69,20,100,37
530,Jun 4 2000,Friendly tournament in Swaziland,Swaziland,Mozambique,1166,1229,1,1,-2,2,1164,1231,164,146,0,0,164,146,30,100,37
531,Jun 6 2000,Friendly tournament in Morocco,Japan,Jamaica,1656,1524,4,0,18,-18,1674,1506,38,82,6,-5,44,77,30,0,132
532,Jun 6 2000,Friendly tournament in Morocco,Morocco,France,1755,2049,1,5,-14,14,1741,2063,35,2,-5,0,30,2,30,100,-194
533,Jun 6 2000,Friendly in Nigeria,Nigeria,Malawi,1735,1321,4,1,2,-2,1737,1319,31,127,0,-1,31,126,20,100,514
534,Jun 6 2000,Oce Cup q & Polynesian Cup in Tahiti,Samoa,Tonga,676,688,4,0,39,-39,715,649,208,222,4,-4,212,218,40,0,-12
535,Jun 6 2000,Friendly in Senegal,Senegal,Zambia,1475,1540,0,0,-1,1,1474,1541,83,67,0,1,83,68,20,100,35
536,Jun 6 2000,Oce Cup q & Polynesian Cup in Tahiti,Tahiti,Eastern Samoa,1383,484,18,0,0,0,1383,484,113,226,0,0,113,226,20,0,899
537,Jun 6 2000,US Cup in the United States,United States,Ireland,1812,1757,1,1,-6,6,1806,1763,23,22,-2,1,21,23,30,100,155
538,Jun 7 2000,Friendly in Germany,Germany,Liechtenstein,1888,1079,8,2,0,0,1888,1079,14,176,0,0,14,176,20,0,809
539,Jun 7 2000,Friendly tournament in Iran,Iran,Egypt,1749,1669,1,1,-7,7,1742,1676,30,41,-2,2,28,43,30,100,180
540,Jun 7 2000,Friendly in Luxembourg,Luxembourg,Spain,1183,2017,0,1,0,0,1183,2017,159,3,0,0,159,3,20,0,-834
541,Jun 7 2000,US Cup in the United States,Mexico,South Africa,1846,1675,4,2,12,-12,1858,1663,15,53,1,-5,16,48,30,0,171
542,Jun 7 2000,Friendly tournament in Iran,South Korea,Macedonia,1708,1544,2,1,8,-8,1716,1536,36,71,1,-2,37,69,30,0,164
543,Jun 8 2000,Oce Cup q & Polynesian Cup in Tahiti,Cook Islands,Tonga,662,649,2,1,19,-19,681,630,216,220,0,-1,216,219,40,0,13
544,Jun 8 2000,Oce Cup q & Polynesian Cup in Tahiti,Tahiti,Samoa,1383,715,2,1,0,0,1383,715,113,212,0,0,113,212,20,0,668
545,Jun 9 2000,Friendly in Australia,Australia,Paraguay,1754,1810,0,0,-1,1,1753,1811,25,19,0,0,25,19,20,100,44
546,Jun 9 2000,Friendly tournament in Iran,Iran,Macedonia,1742,1536,3,1,7,-7,1749,1529,24,73,2,-2,26,71,20,0,206
547,Jun 9 2000,Friendly tournament in Iran,South Korea,Egypt,1716,1676,1,0,13,-13,1729,1663,29,51,4,-4,33,47,30,0,40
548,Jun 10 2000,European Championship in Belgium,Belgium,Sweden,1824,1898,2,1,23,-23,1847,1875,18,18,0,-3,18,15,50,100,26
549,Jun 10 2000,Oce Cup q & Polynesian Cup in Tahiti,Cook Islands,Eastern Samoa,681,484,3,0,17,-17,698,467,214,226,1,0,215,226,40,0,197
550,Jun 10 2000,Friendly in St Vincent & Grenadines,St Vincent & Grenadines,Barbados,1290,1375,1,0,10,-10,1300,1365,130,116,2,-1,132,115,20,100,15
551,Jun 10 2000,Oce Cup q & Polynesian Cup in Tahiti,Tahiti,Tonga,1383,630,8,1,1,-1,1384,629,113,219,0,0,113,219,20,0,753
552,Jun 10 2000,Friendly in Thailand,Thailand,Qatar,1508,1530,2,3,-12,12,1496,1542,81,65,-3,2,78,67,20,100,78
553,Jun 11 2000,World Cup qualifier in Antigua and Barbuda,Antigua and Barbuda,Guatemala,1180,1482,0,1,-10,10,1170,1492,164,79,-2,1,162,80,40,100,-202
554,Jun 11 2000,World Cup qualifier in Canada,Canada,Cuba,1731,1461,0,0,-16,16,1715,1477,40,80,-4,2,36,82,40,100,370
555,Jun 11 2000,Friendly in Estonia,Estonia,Georgia,1331,1530,1,0,13,-13,1344,1517,118,72,3,-1,121,71,20,100,-99
556,Jun 11 2000,European Championship in Belgium,France,Denmark,2063,1884,3,0,23,-23,2086,1861,2,16,0,-1,2,15,50,0,179
557,Jun 11 2000,US Cup in the United States,Ireland,South Africa,1763,1663,2,1,11,-11,1774,1652,23,53,0,-3,23,50,30,0,100
558,Jun 11 2000,European Championship in the Netherlands,Italy,Turkey,1927,1725,2,1,12,-12,1939,1713,6,39,1,-2,7,37,50,0,202
559,Jun 11 2000,Friendly tournament in Japan,Japan,Slovakia,1674,1695,1,1,-3,3,1671,1698,43,39,0,0,43,39,30,100,79
560,Jun 11 2000,COSAFA Cup in Lesotho,Lesotho,Zambia,1130,1541,0,0,14,-14,1144,1527,161,72,4,-2,165,70,40,100,-311
561,Jun 11 2000,European Championship in the Netherlands,Netherlands,Czechia,1963,1945,1,0,17,-17,1980,1928,4,10,0,-2,4,8,50,100,118
562,Jun 11 2000,Friendly in Tunisia,Tunisia,Senegal,1641,1474,4,1,6,-6,1647,1468,51,85,1,-1,52,84,20,100,267
563,Jun 11 2000,US Cup in the United States,United States,Mexico,1806,1858,3,0,23,-23,1829,1835,17,20,2,-2,19,18,30,100,48
564,Jun 12 2000,Friendly in Australia,Australia,Paraguay,1753,1811,0,0,-1,1,1752,1812,25,20,0,0,25,20,20,100,42
565,Jun 12 2000,European Championship in Belgium,Germany,Romania,1888,1855,1,1,-2,2,1886,1857,13,16,0,0,13,16,40,0,33
566,Jun 12 2000,Friendly in New Caledonia,New Caledonia,Vanuatu,1140,1140,3,1,11,-11,1151,1129,164,172,1,-3,165,169,20,100,100
567,Jun 12 2000,European Championship in the Netherlands,Portugal,England,1909,1912,3,2,25,-25,1934,1887,6,15,2,-3,8,12,50,0,-3
568,Jun 12 2000,Oce Cup q & Polynesian Cup in Tahiti,Samoa,Eastern Samoa,715,467,6,1,15,-15,730,452,210,226,1,0,211,226,40,0,248
569,Jun 12 2000,Oce Cup q & Polynesian Cup in Tahiti,Tahiti,Cook Islands,1384,698,2,0,1,-1,1385,697,113,215,0,0,113,215,20,0,686
570,Jun 13 2000,European Championship in the Netherlands,Norway,Spain,1895,2017,1,0,33,-33,1928,1984,5,3,3,0,8,3,50,0,-122
571,Jun 13 2000,European Championship in Belgium,Slovenia,Yugoslavia,1629,1943,3,3,18,-18,1647,1925,49,14,3,-4,52,10,50,0,-314
572,Jun 14 2000,European Championship in Belgium,Belgium,Italy,1847,1939,0,2,-38,38,1809,1977,23,4,-3,1,20,5,50,100,8
573,Jun 14 2000,Oce Cup q & Polynesian Cup in Tahiti,Cook Islands,Samoa,697,730,3,2,22,-22,719,708,209,217,3,-3,212,214,40,0,-33
574,Jun 14 2000,Friendly in Kenya,Kenya,Burkina Faso,1387,1397,0,1,-13,13,1374,1410,115,97,-2,5,113,102,20,100,90
575,Jun 14 2000,Friendly tournament in Japan,Slovakia,Bolivia,1698,1636,2,0,19,-19,1717,1617,31,57,4,-1,35,56,30,0,62
576,Jun 14 2000,Oce Cup q & Polynesian Cup in Tahiti,Tonga,Eastern Samoa,629,452,2,1,11,-11,640,441,217,226,1,0,218,226,40,0,177
577,Jun 15 2000,Friendly in Australia,Australia,Paraguay,1752,1812,2,1,9,-9,1761,1803,23,23,1,-2,24,21,20,100,40
578,Jun 15 2000,Friendly in New Caledonia,New Caledonia,Vanuatu,1151,1129,1,0,7,-7,1158,1122,165,173,0,-2,165,171,20,100,122
579,Jun 15 2000,European Championship in the Netherlands,Sweden,Turkey,1875,1713,0,0,-11,11,1864,1724,14,30,0,4,14,34,50,0,162
580,Jun 16 2000,World Cup qualifier in Algeria,Algeria,Senegal,1541,1468,1,1,-9,9,1532,1477,68,80,0,2,68,82,40,100,173
581,Jun 16 2000,European Championship in Belgium,France,Czechia,2086,1928,2,1,14,-14,2100,1914,0,12,1,-2,1,10,50,0,158
582,Jun 16 2000,European Championship in the Netherlands,Netherlands,Denmark,1980,1861,3,0,19,-19,1999,1842,2,17,1,-1,3,16,50,100,219
583,Jun 17 2000,Friendly in Egypt,Egypt,Ghana,1663,1545,2,0,7,-7,1670,1538,43,68,2,-1,45,67,20,100,218
584,Jun 17 2000,European Championship in Belgium,England,Germany,1887,1886,1,0,25,-25,1912,1861,10,15,1,-1,11,14,50,0,1
585,Jun 17 2000,World Cup qualifier in Haiti,Haiti,Honduras,1438,1665,1,3,-19,19,1419,1684,102,39,-4,3,98,42,40,100,-127
586,Jun 17 2000,World Cup qualifier in Madagascar,Madagascar,DR Congo,1433,1495,3,0,31,-31,1464,1464,73,89,11,-5,84,84,30,0,-62
587,Jun 17 2000,World Cup qualifier in Malawi,Malawi,Burkina Faso,1319,1410,1,1,-1,1,1318,1411,126,102,0,0,126,102,40,100,9
588,Jun 17 2000,World Cup qualifier in Namibia,Namibia,Morocco,1321,1741,0,0,15,-15,1336,1726,123,34,1,-2,124,32,40,100,-320
589,Jun 17 2000,World Cup qualifier in Nigeria,Nigeria,Sierra Leone,1737,1361,2,0,4,-4,1741,1357,29,118,1,-1,30,117,40,100,476
590,Jun 17 2000,European Championship in the Netherlands,Portugal,Romania,1934,1857,1,0,20,-20,1954,1837,7,17,0,-1,7,16,50,0,77
591,Jun 18 2000,World Cup qualifier in Angola,Angola,Zambia,1499,1527,2,1,16,-16,1515,1511,67,76,5,-3,72,73,30,0,-28
592,Jun 18 2000,World Cup qualifier in Guatemala,Guatemala,Antigua and Barbuda,1492,1170,8,1,7,-7,1499,1163,77,164,1,-1,78,163,40,100,422
593,Jun 18 2000,World Cup qualifier in Guinea,Guinea,Zimbabwe,1477,1512,3,0,29,-29,1506,1483,71,89,5,-8,76,81,30,0,-35
594,Jun 18 2000,World Cup qualifier in Ivory Coast,Ivory Coast,Tunisia,1573,1647,2,2,-1,1,1572,1648,60,52,0,0,60,52,20,100,26
595,Jun 18 2000,Friendly tournament in Japan,Japan,Bolivia,1671,1617,2,0,13,-13,1684,1604,42,58,1,-1,43,57,20,0,54
596,Jun 18 2000,World Cup qualifier in Libya,Libya,Cameroon,1457,1679,0,3,-23,23,1434,1702,101,37,-7,3,94,40,40,100,-122
597,Jun 18 2000,COSAFA Cup in South Africa,South Africa,Swaziland,1652,1164,2,0,2,-2,1654,1162,50,164,0,0,50,164,20,0,488
598,Jun 18 2000,European Championship in the Netherlands,Spain,Slovenia,1984,1647,2,1,6,-6,1990,1641,4,56,0,-2,4,54,50,0,337
599,Jun 18 2000,World Cup qualifier in Sudan,Sudan,Liberia,1313,1410,2,0,30,-30,1343,1380,116,121,6,-9,122,112,40,100,3
600,Jun 18 2000,European Championship in Belgium,Yugoslavia,Norway,1925,1928,1,0,25,-25,1950,1903,7,14,1,-3,8,11,50,0,-3
601,Jun 19 2000,Oceania Nations Cup in Tahiti,Australia,Cook Islands,1761,719,17,0,0,0,1761,719,24,212,0,0,24,212,20,0,1042
602,Jun 19 2000,European Championship in Belgium,Belgium,Turkey,1809,1724,0,2,-56,56,1753,1780,33,8,-7,13,26,21,50,100,185
603,Jun 19 2000,European Championship in the Netherlands,Italy,Sweden,1977,1864,2,1,17,-17,1994,1847,3,15,1,-1,4,14,50,0,113
604,Jun 19 2000,Oceania Nations Cup in Tahiti,Tahiti,New Zealand,1385,1489,0,2,-37,37,1348,1526,127,60,-8,10,119,70,50,100,-4
605,Jun 20 2000,Friendly in Madagascar,Madagascar,Mauritius,1464,1215,1,1,-8,8,1456,1223,88,149,-2,0,86,149,20,100,349
606,Jun 20 2000,European Championship in the Netherlands,Portugal,Germany,1954,1861,3,0,32,-32,1986,1829,5,21,1,-4,6,17,50,0,93
607,Jun 20 2000,European Championship in Belgium,Romania,England,1837,1912,3,2,30,-30,1867,1882,10,14,3,-2,13,12,50,0,-75
608,Jun 21 2000,European Championship in Belgium,Czechia,Denmark,1914,1842,2,0,30,-30,1944,1812,7,21,1,-3,8,18,50,0,72
609,Jun 21 2000,European Championship in the Netherlands,Netherlands,France,1999,2100,3,2,25,-25,2024,2075,3,3,0,-1,3,2,50,100,-1
610,Jun 21 2000,Oceania Nations Cup in Tahiti,New Zealand,Vanuatu,1526,1122,3,1,7,-7,1533,1115,66,171,2,0,68,171,50,0,404
611,Jun 21 2000,European Championship in the Netherlands,Norway,Slovenia,1903,1641,0,0,-16,16,1887,1657,12,46,-1,4,11,50,40,100,362
612,Jun 21 2000,Friendly in Panama,Panama,Venezuela,1410,1393,2,0,10,-10,1420,1383,93,113,5,-3,98,110,20,100,117
613,Jun 21 2000,Friendly in Paraguay,Paraguay,Costa Rica,1803,1617,1,0,3,-3,1806,1614,20,56,0,0,20,56,20,100,286
614,Jun 21 2000,Oceania Nations Cup in Tahiti,Solomon Islands,Cook Islands,1312,719,5,1,3,-3,1315,716,129,212,0,0,129,212,50,0,593
615,Jun 21 2000,European Championship in Belgium,Spain,Yugoslavia,1990,1950,4,3,22,-22,2012,1928,3,10,1,-1,4,9,50,0,40
616,Jun 23 2000,Oceania Nations Cup in Tahiti,Australia,Solomon Islands,1761,1315,6,0,8,-8,1769,1307,24,127,0,1,24,128,50,0,446
617,Jun 23 2000,Friendly in Gabon,Gabon,Congo,1418,1430,0,2,-19,19,1399,1449,112,85,-6,5,106,90,20,100,88
618,Jun 23 2000,Oceania Nations Cup in Tahiti,Tahiti,Vanuatu,1348,1115,2,3,-44,44,1304,1159,139,159,-10,6,129,165,50,100,333
619,Jun 24 2000,European Championship in Belgium,Italy,Romania,1994,1867,2,0,24,-24,2018,1843,3,15,1,-1,4,14,50,0,127
620,Jun 24 2000,Friendly in Madagascar,Madagascar,Mauritius,1456,1223,1,0,3,-3,1459,1220,84,149,1,0,85,149,20,100,333
621,Jun 24 2000,European Championship in the Netherlands,Portugal,Turkey,1986,1780,2,0,18,-18,2004,1762,6,27,0,-3,6,24,50,0,206
622,Jun 24 2000,Friendly in Uganda,Uganda,Rwanda,1355,1209,2,1,4,-4,1359,1205,114,151,2,0,116,151,20,100,246
623,Jun 25 2000,Oceania Nations Cup in Tahiti,Australia,Vanuatu,1769,1159,1,0,1,-1,1770,1158,23,165,0,0,23,165,20,0,610
624,Jun 25 2000,Friendly in Ecuador,Ecuador,Panama,1659,1420,5,0,5,-5,1664,1415,47,102,1,-2,48,100,20,100,339
625,Jun 25 2000,European Championship in Belgium,France,Spain,2075,2012,2,1,21,-21,2096,1991,0,7,1,-1,1,6,50,0,63
626,Jun 25 2000,Friendly in Gabon,Gabon,Congo,1399,1449,2,3,-11,11,1388,1460,112,80,-3,5,109,85,20,100,50
627,Jun 25 2000,Friendly in Lebanon,Lebanon,Kuwait,1387,1663,3,1,22,-22,1409,1641,97,60,6,-6,103,54,20,100,-176
628,Jun 25 2000,European Championship in the Netherlands,Netherlands,Yugoslavia,2024,1928,6,1,24,-24,2048,1904,3,9,0,0,3,9,50,100,196
629,Jun 25 2000,Oceania Nations Cup in Tahiti,New Zealand,Solomon Islands,1533,1307,2,0,16,-16,1549,1291,64,140,2,-6,66,134,50,0,226
630,Jun 28 2000,Oceania Nations Cup in Tahiti,Australia,New Zealand,1770,1549,2,0,16,-16,1786,1533,19,72,2,-3,21,69,50,0,221
631,Jun 28 2000,World Cup qualifier in Brazil,Brazil,Uruguay,2095,1744,1,1,-17,17,2078,1761,2,21,0,4,2,25,40,100,451
632,Jun 28 2000,European Championship in Belgium,France,Portugal,2096,2004,2,1,19,-19,2115,1985,1,7,0,-1,1,6,50,0,92
633,Jun 28 2000,Friendly in Libya,Libya,Ivory Coast,1434,1572,2,0,17,-17,1451,1555,85,66,5,-3,90,63,20,100,-38
634,Jun 28 2000,Oceania Nations Cup in Tahiti,Solomon Islands,Vanuatu,1291,1158,2,1,16,-16,1307,1142,122,169,6,-2,128,167,50,0,133
635,Jun 28 2000,Friendly in Tunisia,Tunisia,Algeria,1648,1532,2,2,-6,6,1642,1538,54,65,-1,2,53,67,20,100,216
636,Jun 28 2000,World Cup qualifier in Venezuela,Venezuela,Bolivia,1383,1604,4,2,40,-40,1423,1564,84,61,13,-2,97,59,40,100,-121
637,Jun 29 2000,Friendly in Barbados,Barbados,Trinidad and Tobago,1365,1597,0,0,4,-4,1369,1593,114,57,0,0,114,57,20,100,-132
638,Jun 29 2000,World Cup qualifier in Chile,Chile,Paraguay,1693,1806,3,1,31,-31,1724,1775,29,24,6,-2,35,22,40,100,-13
639,Jun 29 2000,World Cup qualifier in Colombia,Colombia,Argentina,1761,1955,1,3,-22,22,1739,1977,35,7,-5,0,30,7,40,100,-94
640,Jun 29 2000,World Cup qualifier in Ecuador,Ecuador,Peru,1664,1747,2,1,19,-19,1683,1728,42,35,3,-3,45,32,30,0,-83
641,Jun 29 2000,European Championship in the Netherlands,Netherlands,Italy,2048,2018,0,0,-9,9,2039,2027,3,4,0,0,3,4,50,100,130
642,Jun 30 2000,African Nations Cup qualifier in Djibouti,Djibouti,Burundi,891,1409,1,3,-5,5,886,1414,198,100,0,2,198,102,40,100,-418
643,Jun 30 2000,African Nations Cup qualifier in Mauritania,Mauritania,Burkina Faso,1198,1411,0,0,6,-6,1204,1405,149,111,3,-4,152,107,40,100,-113
644,Jul 1 2000,African Nations Cup qualifier in Botswana,Botswana,Madagascar,1069,1459,1,0,34,-34,1103,1425,169,106,6,-10,175,96,40,100,-290
645,Jul 1 2000,Friendly in Costa Rica,Costa Rica,Panama,1614,1415,5,1,6,-6,1620,1409,56,105,0,-2,56,103,20,100,299
646,Jul 1 2000,African Nations Cup qualifier in The Gambia,Gambia,Guinea,1301,1506,2,2,6,-6,1307,1500,123,79,4,-1,127,78,40,100,-105
647,Jul 1 2000,Friendly in the United States,Mexico,El Salvador,1835,1440,3,0,3,-3,1838,1437,15,93,0,1,15,94,20,0,395
648,Jul 1 2000,African Nations Cup qualifier in São Tomé and Príncipe,São Tomé and Príncipe,Gabon,1074,1388,1,1,11,-11,1085,1377,175,112,2,-1,177,111,30,0,-314
649,Jul 1 2000,African Nations Cup qualifier in the Seychelles,Seychelles,Zimbabwe,983,1483,0,1,-4,4,979,1487,191,81,0,0,191,81,40,100,-400
650,Jul 1 2000,African Nations Cup qualifier in Tanzania,Tanzania,Mauritius,1242,1220,0,1,-27,27,1215,1247,155,135,-6,7,149,142,40,100,122
651,Jul 1 2000,African Nations Cup qualifier in Uganda,Uganda,Malawi,1359,1318,3,1,18,-18,1377,1300,106,136,5,-5,111,131,40,100,141
652,Jul 2 2000,African Nations Cup qualifier in Benin,Benin,Namibia,1240,1336,2,0,30,-30,1270,1306,140,134,2,-5,142,129,40,100,4
653,Jul 2 2000,African Nations Cup qualifier in Cape Verde,Cape Verde,Liberia,1337,1380,1,0,17,-17,1354,1363,115,118,4,-4,119,114,30,0,-43
654,Jul 2 2000,African Nations Cup qualifier in Chad,Chad,Libya,1269,1451,3,1,37,-37,1306,1414,117,111,12,-11,129,100,40,100,-82
655,Jul 2 2000,African Nations Cup qualifier in Central African Republic,Central African Republic,DR Congo,1244,1464,1,1,7,-7,1251,1457,143,86,0,-1,143,85,40,100,-120
656,Jul 2 2000,African Nations Cup qualifier in Equatorial Guinea,Equatorial Guinea,Angola,1043,1515,0,1,-4,4,1039,1519,184,69,0,2,184,71,40,100,-372
657,Jul 2 2000,African Nations Cup qualifier in Ethiopia,Ethiopia,Zambia,1316,1511,1,0,25,-25,1341,1486,120,88,3,-7,123,81,40,100,-95
658,Jul 2 2000,European Championship in the Netherlands,France,Italy,2115,2027,2,1,19,-19,2134,2008,1,4,0,0,1,4,50,0,88
659,Jul 2 2000,Friendly in Jamaica,Jamaica,Cuba,1506,1477,1,1,-4,4,1502,1481,75,82,1,0,76,82,20,100,129
660,Jul 2 2000,African Nations Cup qualifier in Lesotho,Lesotho,Mozambique,1144,1231,1,0,19,-19,1163,1212,162,156,2,-5,164,151,30,0,-87
661,Jul 2 2000,African Nations Cup qualifier in Niger,Niger,Ivory Coast,1332,1555,0,1,-13,13,1319,1568,125,55,0,4,125,59,40,100,-123
662,Jul 2 2000,African Nations Cup qualifier in Rwanda,Rwanda,Congo,1205,1460,2,1,28,-28,1233,1432,139,101,6,-8,145,93,40,100,-155
663,Jul 2 2000,African Nations Cup qualifier in Sudan,Sudan,Eritrea,1343,1196,5,1,15,-15,1358,1181,111,164,5,-4,116,160,40,100,247
664,Jul 2 2000,African Nations Cup qualifier in Swaziland,Swaziland,Kenya,1162,1374,3,2,26,-26,1188,1348,152,127,6,-7,158,120,40,100,-112
665,Jul 2 2000,Friendly in Trinidad and Tobago,Trinidad and Tobago,St Vincent & Grenadines,1593,1300,1,2,-18,18,1575,1318,59,121,-1,5,58,126,20,100,393
666,Jul 3 2000,Friendly in Canada,Guatemala,Haiti,1499,1419,4,1,14,-14,1513,1405,70,114,4,-8,74,106,20,0,80
667,Jul 4 2000,Friendly in Rwanda,Rwanda,Uganda,1233,1377,2,0,17,-17,1250,1360,143,118,1,-4,144,114,20,100,-44
668,Jul 4 2000,Friendly in Trinidad and Tobago,Trinidad and Tobago,Cuba,1575,1481,4,1,9,-9,1584,1472,58,84,0,-1,58,83,20,100,194
669,Jul 5 2000,Friendly in Jamaica,Jamaica,Barbados,1502,1369,5,0,8,-8,1510,1361,73,114,2,-1,75,113,20,100,233
670,Jul 5 2000,Friendly in Mexico,Mexico,Venezuela,1838,1423,2,1,1,-1,1839,1422,15,98,0,-1,15,97,20,100,515
671,Jul 6 2000,Friendly in Cape Verde,Cape Verde,Angola,1354,1519,1,1,2,-2,1356,1517,119,71,0,0,119,71,20,100,-65
672,Jul 6 2000,Friendly in Malawi,Malawi,Namibia,1300,1306,1,2,-13,13,1287,1319,141,121,-4,4,137,125,20,100,94
673,Jul 7 2000,Friendly in the United States,Guatemala,El Salvador,1513,1437,1,0,8,-8,1521,1429,68,96,3,-2,71,94,20,0,76
674,Jul 8 2000,World Cup qualifier in Ghana,Ghana,Sierra Leone,1538,1357,5,0,13,-13,1551,1344,61,125,3,-4,64,121,40,100,281
675,Jul 8 2000,Friendly in Trinidad and Tobago,Trinidad and Tobago,Jamaica,1584,1510,2,4,-22,22,1562,1532,62,65,-2,5,60,70,20,100,174
676,Jul 8 2000,World Cup qualifier in Tunisia,Tunisia,Madagascar,1642,1425,1,0,6,-6,1648,1419,51,99,1,-2,52,97,40,100,317
677,Jul 8 2000,World Cup qualifier in Zambia,Zambia,Togo,1486,1409,2,0,16,-16,1502,1393,75,112,3,-5,78,107,40,100,177
678,Jul 9 2000,World Cup qualifier in Burkina Faso,Burkina Faso,Guinea,1405,1500,2,3,-20,20,1385,1520,115,67,-5,6,110,73,40,100,5
679,Jul 9 2000,World Cup qualifier in Cameroon,Cameroon,Angola,1702,1517,3,0,11,-11,1713,1506,37,83,2,-5,39,78,40,100,285
680,Jul 9 2000,Friendly in Costa Rica,Costa Rica,St Vincent & Grenadines,1620,1318,7,1,4,-4,1624,1314,54,127,1,0,55,127,20,100,402
681,Jul 9 2000,World Cup qualifier in the Dem Rep of the Congo,DR Congo,Congo,1457,1432,2,0,20,-20,1477,1412,79,108,3,-8,82,100,40,100,125
682,Jul 9 2000,World Cup qualifier in Liberia,Liberia,Nigeria,1363,1741,2,1,33,-33,1396,1708,100,53,6,-12,106,41,40,100,-278
683,Jul 9 2000,World Cup qualifier in Morocco,Morocco,Algeria,1726,1538,2,1,6,-6,1732,1532,27,70,3,-1,30,69,40,100,288
684,Jul 9 2000,World Cup qualifier in Senegal,Senegal,Egypt,1477,1670,0,0,5,-5,1482,1665,80,50,1,-2,81,48,20,0,-193
685,Jul 9 2000,World Cup qualifier in Zimbabwe,Zimbabwe,South Africa,1487,1654,0,2,-24,24,1463,1678,87,42,-3,4,84,46,40,100,-67
686,Jul 14 2000,African Nations Cup qualifier in Libya,Libya,Chad,1414,1306,3,1,14,-14,1428,1292,90,138,4,-4,94,134,40,100,208
687,Jul 15 2000,African Nations Cup qualifier in Burundi,Burundi,Djibouti,1414,886,1,0,1,-1,1415,885,99,198,0,0,99,198,20,0,528
688,Jul 15 2000,African Nations Cup qualifier in Eritrea,Eritrea,Sudan,1181,1358,2,1,24,-24,1205,1334,144,132,8,-8,152,124,40,100,-77
689,Jul 15 2000,African Nations Cup qualifier in Gabon,Gabon,São Tomé and Príncipe,1377,1085,4,1,7,-7,1384,1078,111,179,0,-1,111,178,40,100,392
690,Jul 15 2000,African Nations Cup qualifier in Kenya,Kenya,Swaziland,1348,1188,3,0,13,-13,1361,1175,109,162,5,-2,114,160,40,100,260
691,Jul 15 2000,African Nations Cup qualifier in Madagascar,Madagascar,Botswana,1419,1103,2,0,5,-5,1424,1098,93,177,2,-1,95,176,40,100,416
692,Jul 15 2000,African Nations Cup qualifier in Malawi,Malawi,Uganda,1287,1360,1,2,-22,22,1265,1382,145,110,-4,2,141,112,40,100,27
693,Jul 15 2000,African Nations Cup qualifier in Namibia,Namibia,Benin,1319,1270,8,2,25,-25,1344,1245,115,148,5,-3,120,145,40,100,149
694,Jul 15 2000,African Nations Cup qualifier in Zambia,Zambia,Ethiopia,1502,1341,2,0,11,-11,1513,1330,73,127,3,-2,76,125,40,100,261
695,Jul 16 2000,African Nations Cup qualifier in Angola,Angola,Equatorial Guinea,1506,1039,4,1,3,-3,1509,1036,75,184,2,0,77,184,30,0,467
696,Jul 16 2000,World Cup qualifier in Barbados,Barbados,Costa Rica,1361,1624,2,1,29,-29,1390,1595,106,59,4,-2,110,57,40,100,-163
697,Jul 16 2000,African Nations Cup qualifier in Burkina Faso,Burkina Faso,Mauritania,1385,1204,3,0,12,-12,1397,1192,104,161,3,-4,107,157,40,100,281
698,Jul 16 2000,World Cup qualifier in Canada,Canada,Trinidad and Tobago,1715,1562,0,2,-49,49,1666,1611,56,52,-9,4,47,56,40,100,253
699,Jul 16 2000,African Nations Cup qualifier in Congo,Congo,Rwanda,1412,1250,5,1,14,-14,1426,1236,88,147,6,-2,94,145,40,100,262
700,Jul 16 2000,African Nations Cup qualifier in the Dem Rep of the Congo,DR Congo,Central African Republic,1477,1251,2,0,8,-8,1485,1243,80,146,1,-2,81,144,40,100,326
701,Jul 16 2000,World Cup qualifier in El Salvador,El Salvador,Honduras,1429,1684,2,5,-20,20,1409,1704,111,39,-9,2,102,41,40,100,-155
702,Jul 16 2000,World Cup qualifier in Guatemala,Guatemala,United States,1521,1829,1,1,11,-11,1532,1818,68,18,2,-1,70,17,30,0,-308
703,Jul 16 2000,African Nations Cup qualifier in Guinea,Guinea,Gambia,1520,1307,2,0,8,-8,1528,1299,73,134,0,-3,73,131,40,100,313
704,Jul 16 2000,African Nations Cup qualifier in Ivory Coast,Ivory Coast,Niger,1568,1319,6,0,10,-10,1578,1309,60,126,-1,0,59,126,40,100,349
705,Jul 16 2000,African Nations Cup qualifier in Liberia,Liberia,Cape Verde,1396,1356,3,0,22,-22,1418,1334,90,128,8,-5,98,123,40,100,140
706,Jul 16 2000,African Nations Cup qualifier in Mauritius,Mauritius,Tanzania,1247,1215,3,2,13,-13,1260,1202,140,155,2,-3,142,152,40,100,132
707,Jul 16 2000,African Nations Cup qualifier in Mozambique,Mozambique,Lesotho,1212,1163,1,0,12,-12,1224,1151,147,168,2,-2,149,166,40,100,149
708,Jul 16 2000,World Cup qualifier in Panama,Panama,Mexico,1409,1839,0,1,-5,5,1404,1844,110,13,-4,1,106,14,40,100,-330
709,Jul 16 2000,World Cup qualifier in St Vincent & Grenadines,St Vincent & Grenadines,Jamaica,1314,1532,0,1,-13,13,1301,1545,133,65,-3,2,130,67,40,100,-118
710,Jul 16 2000,African Nations Cup qualifier in Zimbabwe,Zimbabwe,Seychelles,1463,979,5,0,3,-3,1466,976,84,191,0,0,84,191,30,0,484
711,Jul 18 2000,World Cup qualifier in Paraguay,Paraguay,Brazil,1775,2078,2,1,31,-31,1806,2047,18,2,2,0,20,2,40,100,-203
712,Jul 18 2000,World Cup qualifier in Uruguay,Uruguay,Venezuela,1761,1422,3,1,4,-4,1765,1418,23,97,1,0,24,97,20,0,339
713,Jul 19 2000,World Cup qualifier in Argentina,Argentina,Ecuador,1977,1683,2,0,6,-6,1983,1677,7,46,0,-1,7,45,40,100,394
714,Jul 19 2000,World Cup qualifier in Bolivia,Bolivia,Chile,1564,1724,1,0,23,-23,1587,1701,56,48,2,-7,58,41,40,100,-60
715,Jul 19 2000,World Cup qualifier in Peru,Peru,Colombia,1728,1739,0,1,-25,25,1703,1764,48,21,-8,4,40,25,40,100,89
716,Jul 22 2000,World Cup qualifier in Guatemala,Guatemala,Barbados,1532,1390,2,0,12,-12,1544,1378,66,116,2,-3,68,113,40,100,242
717,Jul 23 2000,World Cup qualifier in Costa Rica,Costa Rica,United States,1595,1818,2,1,27,-27,1622,1791,57,23,0,-3,57,20,40,100,-123
718,Jul 23 2000,World Cup qualifier in El Salvador,El Salvador,St Vincent & Grenadines,1409,1301,7,1,20,-20,1429,1281,84,146,9,-8,93,138,40,100,208
719,Jul 23 2000,World Cup qualifier in Jamaica,Jamaica,Honduras,1545,1704,3,1,35,-35,1580,1669,53,51,7,-6,60,45,40,100,-59
720,Jul 23 2000,COSAFA Cup in Lesotho,Lesotho,Angola,1151,1509,2,1,33,-33,1184,1476,152,87,7,-5,159,82,40,100,-258
721,Jul 23 2000,World Cup qualifier in Panama,Panama,Canada,1404,1666,0,0,9,-9,1413,1657,98,51,4,-2,102,49,40,100,-162
722,Jul 23 2000,World Cup qualifier in Trinidad and Tobago,Trinidad and Tobago,Mexico,1611,1844,1,0,27,-27,1638,1817,54,18,1,-2,55,16,40,100,-133
723,Jul 25 2000,World Cup qualifier in Ecuador,Ecuador,Colombia,1677,1764,0,0,-1,1,1676,1765,44,23,0,1,44,24,30,100,13
724,Jul 25 2000,World Cup qualifier in Venezuela,Venezuela,Chile,1418,1701,0,2,-16,16,1402,1717,114,28,-8,6,106,34,40,100,-183
725,Jul 26 2000,World Cup qualifier in Brazil,Brazil,Argentina,2047,1983,3,1,17,-17,2064,1966,2,7,0,0,2,7,40,100,164
726,Jul 26 2000,Friendly tournament in Bulgaria,Bulgaria,Azerbaijan,1665,1288,2,1,2,-2,1667,1286,47,135,0,0,47,135,20,0,377
727,Jul 26 2000,World Cup qualifier in Uruguay,Uruguay,Peru,1765,1703,0,0,-9,9,1756,1712,28,36,-2,2,26,38,40,100,162
728,Jul 27 2000,World Cup qualifier in Bolivia,Bolivia,Paraguay,1587,1806,0,0,7,-7,1594,1799,58,19,0,0,58,19,40,100,-119
729,Jul 27 2000,Friendly in Iceland,Iceland,Malta,1585,1233,5,0,3,-3,1588,1230,59,146,0,0,59,146,20,100,452
730,Jul 27 2000,Friendly tournament in Bulgaria,Macedonia,Azerbaijan,1529,1286,2,1,6,-6,1535,1280,68,141,2,-3,70,138,30,0,243
731,Jul 28 2000,Friendly in China,China,South Korea,1709,1729,0,1,-12,12,1697,1741,41,29,-1,1,40,30,20,100,80
732,Jul 29 2000,Friendly in England,India,Bangladesh,1075,1019,1,0,8,-8,1083,1011,175,187,2,0,177,187,20,0,56
733,Jul 29 2000,COSAFA Cup in South Africa,South Africa,Zimbabwe,1678,1466,0,1,-34,34,1644,1500,61,74,-9,5,52,79,40,100,312
734,Aug 5 2000,Friendly in Lebanon,Lebanon,Oman,1409,1304,3,1,7,-7,1416,1297,97,134,3,-3,100,131,20,100,205
735,Aug 6 2000,Friendly in Guyana,Guyana,Trinidad and Tobago,1067,1638,0,0,9,-9,1076,1629,178,55,2,0,180,55,20,0,-571
736,Aug 6 2000,Friendly in the United States,Haiti,El Salvador,1405,1429,2,1,11,-11,1416,1418,95,101,5,-4,100,97,20,0,-24
737,Aug 6 2000,Friendly in Malaysia,Malaysia,Myanmar,1200,1129,6,0,12,-12,1212,1117,149,172,2,-1,151,171,20,100,171
738,Aug 8 2000,Friendly in Lebanon,Lebanon,Oman,1416,1297,1,2,-16,16,1400,1313,112,121,-6,5,106,126,20,100,219
739,Aug 9 2000,Friendly in Malaysia,Malaysia,Myanmar,1212,1117,1,2,-15,15,1197,1132,159,169,-4,1,155,170,20,100,195
740,Aug 9 2000,Friendly tournament in Syria,Syria,Bahrain,1509,1347,1,0,5,-5,1514,1342,75,124,1,-3,76,121,30,100,262
741,Aug 10 2000,Friendly in Costa Rica,Costa Rica,Venezuela,1622,1402,1,5,-32,32,1590,1434,59,79,-1,13,58,92,20,100,320
742,Aug 11 2000,Friendly tournament in Syria,Jordan,Bahrain,1412,1342,2,0,18,-18,1430,1324,82,129,11,-4,93,125,30,0,70
743,Aug 11 2000,Friendly in Panama,Panama,Ecuador,1413,1676,0,0,4,-4,1417,1672,101,43,1,0,102,43,20,100,-163
744,Aug 13 2000,COSAFA Cup in Lesotho,Lesotho,Zimbabwe,1184,1500,0,3,-16,16,1168,1516,167,73,-4,3,163,76,40,100,-216
745,Aug 13 2000,Merdeka Tournament in Malaysia,Malaysia,New Zealand,1197,1533,0,0,9,-9,1206,1524,147,75,4,-2,151,73,30,100,-236
746,Aug 13 2000,Friendly tournament in Syria,Syria,Jordan,1514,1430,1,0,8,-8,1522,1422,72,103,2,-5,74,98,20,0,84
747,Aug 15 2000,Friendly in Albania,Albania,Cyprus,1456,1557,0,0,0,0,1456,1557,86,64,0,0,86,64,20,100,-1
748,Aug 15 2000,World Cup qualifier in Chile,Chile,Brazil,1717,2064,3,0,56,-56,1773,2008,16,4,9,-1,25,3,40,100,-247
749,Aug 15 2000,World Cup qualifier in Colombia,Colombia,Uruguay,1765,1756,1,0,14,-14,1779,1742,20,32,2,-3,22,29,40,100,109
750,Aug 15 2000,World Cup qualifier in Costa Rica,Costa Rica,Guatemala,1590,1544,2,1,12,-12,1602,1532,56,72,1,-2,57,70,40,100,146
751,Aug 15 2000,Merdeka Tournament in Malaysia,Malaysia,Oman,1206,1313,2,0,23,-23,1229,1290,143,140,4,-7,147,133,30,100,-7
752,Aug 15 2000,World Cup qualifier in Mexico,Mexico,Canada,1817,1657,2,0,11,-11,1828,1646,16,54,0,-3,16,51,40,100,260
753,Aug 16 2000,World Cup qualifier in Argentina,Argentina,Paraguay,1966,1799,1,1,-13,13,1953,1812,7,17,0,1,7,18,40,100,267
754,Aug 16 2000,Friendly in Bosnia and Herzegovina,Bosnia and Herzegovina,Turkey,1550,1762,2,0,20,-20,1570,1742,60,30,3,-2,63,28,20,100,-112
755,Aug 16 2000,Friendly in Bulgaria,Bulgaria,Belgium,1667,1753,1,3,-16,16,1651,1769,50,25,-2,1,48,26,20,100,14
756,Aug 16 2000,Friendly in Czechia,Czechia,Slovenia,1944,1657,0,1,-18,18,1926,1675,8,40,0,4,8,44,20,100,387
757,Aug 16 2000,World Cup qualifier in Ecuador,Ecuador,Bolivia,1672,1594,2,0,16,-16,1688,1578,43,64,0,-3,43,61,40,100,178
758,Aug 16 2000,World Cup qualifier in Estonia,Estonia,Andorra,1344,1072,1,0,4,-4,1348,1068,118,182,0,0,118,182,40,100,372
759,Aug 16 2000,Nordic Championship in the Faroe Islands,Faroe Islands,Denmark,1191,1812,0,2,-2,2,1189,1814,158,17,0,0,158,17,30,100,-521
760,Aug 16 2000,Nordic Championship in Finland,Finland,Norway,1550,1887,3,1,36,-36,1586,1851,54,13,6,-1,60,12,30,100,-237
761,Aug 16 2000,Friendly in Germany,Germany,Spain,1829,1991,4,1,21,-21,1850,1970,11,7,2,-1,13,6,20,100,-62
762,Aug 16 2000,World Cup qualifier in Honduras,Honduras,St Vincent & Grenadines,1669,1281,6,0,5,-5,1674,1276,46,141,-1,-2,45,139,40,100,488
763,Aug 16 2000,Friendly in Hungary,Hungary,Austria,1623,1693,1,1,-1,1,1622,1694,56,41,0,0,56,41,20,100,30
764,Aug 16 2000,Nordic Championship in Iceland,Iceland,Sweden,1588,1847,2,1,21,-21,1609,1826,55,19,2,-3,57,16,30,100,-159
765,Aug 16 2000,Friendly in Iran,Iran,Georgia,1749,1517,2,1,3,-3,1752,1514,26,77,1,-1,27,76,20,100,332
766,Aug 16 2000,World Cup qualifier in Jamaica,Jamaica,El Salvador,1580,1418,1,0,7,-7,1587,1411,58,107,1,-4,59,103,40,100,262
767,Aug 16 2000,Friendly in Japan,Japan,United Arab Emirates,1684,1508,3,1,5,-5,1689,1503,42,79,0,0,42,79,20,100,276
768,Aug 16 2000,Friendly in Latvia,Latvia,Belarus,1452,1372,0,1,-15,15,1437,1387,95,108,-4,3,91,111,20,100,180
769,Aug 16 2000,Friendly in Moldova,Moldova,Malta,1423,1230,1,0,3,-3,1426,1227,93,152,2,-3,95,149,20,100,293
770,Aug 16 2000,Friendly in Northern Ireland,Northern Ireland,Yugoslavia,1516,1904,1,2,-3,3,1513,1907,78,9,-1,0,77,9,20,100,-288
771,Aug 16 2000,World Cup qualifier in Peru,Peru,Venezuela,1712,1434,1,0,4,-4,1716,1430,36,92,1,0,37,92,40,100,378
772,Aug 16 2000,Friendly in Portugal,Portugal,Lithuania,1985,1448,5,1,1,-1,1986,1447,4,87,1,1,5,88,20,100,637
773,Aug 16 2000,Friendly in Romania,Romania,Poland,1843,1721,1,1,-6,6,1837,1727,14,32,0,1,14,33,20,100,222
774,Aug 16 2000,Friendly in Russia,Russia,Israel,1807,1668,1,0,4,-4,1811,1664,20,49,-1,-2,19,47,20,100,239
775,Aug 16 2000,Friendly in Slovakia,Slovakia,Croatia,1717,1903,1,1,2,-2,1719,1901,35,10,0,0,35,10,20,100,-86
776,Aug 16 2000,Friendly in Switzerland,Switzerland,Greece,1726,1776,2,2,-1,1,1725,1777,35,23,-1,0,34,23,20,100,50
777,Aug 16 2000,World Cup qualifier in Trinidad and Tobago,Trinidad and Tobago,Panama,1629,1417,6,0,12,-12,1641,1405,53,108,1,-3,54,105,40,100,312
778,Aug 16 2000,World Cup qualifier in the United States,United States,Barbados,1791,1378,7,0,4,-4,1795,1374,20,115,0,-1,20,114,20,0,413
779,Aug 17 2000,Merdeka Tournament in Malaysia,New Zealand,Oman,1524,1290,1,0,6,-6,1530,1284,71,135,1,-1,72,134,30,0,234
780,Aug 19 2000,Merdeka Tournament in Malaysia,Malaysia,New Zealand,1229,1530,0,2,-11,11,1218,1541,154,66,-4,3,150,69,30,100,-201
781,Aug 20 2000,Friendly in the United States,Honduras,Haiti,1674,1416,4,0,7,-7,1681,1409,43,105,1,-2,44,103,20,0,258
782,Aug 20 2000,African Nations Cup qualifier in Sierra Leone,Sierra Leone,Togo,1344,1393,2,0,26,-26,1370,1367,109,122,5,-7,114,115,30,0,-49
783,Aug 25 2000,Friendly in Egypt,Egypt,Kenya,1665,1361,2,1,2,-2,1667,1359,46,118,0,-1,46,117,20,100,404
784,Aug 25 2000,Friendly tournament in Vietnam,Vietnam,Sri Lanka,1282,878,2,2,-13,13,1269,891,144,197,-4,1,140,198,30,100,504
785,Aug 27 2000,Friendly in the Cayman Islands,Cayman Islands,Jamaica,1135,1587,0,6,-5,5,1130,1592,172,59,-2,0,170,59,20,100,-352
786,Aug 27 2000,COSAFA Cup in Zimbabwe,Zimbabwe,Lesotho,1516,1168,3,0,5,-5,1521,1163,75,165,0,-1,75,164,40,100,448
787,Aug 28 2000,Friendly tournament in Indonesia,Indonesia,Myanmar,1360,1132,4,1,7,-7,1367,1125,114,173,1,-2,115,171,20,0,228
788,Aug 30 2000,Friendly tournament in Indonesia,Indonesia,Taiwan,1367,1033,1,0,2,-2,1369,1031,115,185,0,0,115,185,20,100,434
789,Sep 1 2000,Friendly in Austria,Austria,Iran,1694,1752,5,1,16,-16,1710,1736,37,35,2,-4,39,31,20,100,42
790,Sep 1 2000,Friendly tournament in China,China,Thailand,1697,1496,3,1,7,-7,1704,1489,42,80,-1,0,41,80,20,0,201
791,Sep 1 2000,Friendly tournament in China,Iraq,Uzbekistan,1643,1558,2,0,17,-17,1660,1541,43,72,5,-4,48,68,30,0,85
792,Sep 1 2000,Friendly tournament in Indonesia,Myanmar,Taiwan,1125,1031,1,1,-4,4,1121,1035,171,185,0,0,171,185,30,0,94
793,Sep 2 2000,World Cup qualifier in Andorra,Andorra,Cyprus,1068,1557,2,3,-4,4,1064,1561,182,63,0,1,182,64,40,100,-389
794,Sep 2 2000,World Cup qualifier in Azerbaijan,Azerbaijan,Sweden,1280,1826,0,1,-3,3,1277,1829,136,16,0,0,136,16,40,100,-446
795,Sep 2 2000,World Cup qualifier in Belarus,Belarus,Wales,1387,1558,2,1,24,-24,1411,1534,98,76,6,-6,104,70,40,100,-71
796,Sep 2 2000,World Cup qualifier in Belgium,Belgium,Croatia,1769,1901,0,0,2,-2,1771,1899,22,10,2,0,24,10,40,100,-32
797,Sep 2 2000,World Cup qualifier in Bosnia and Herzegovina,Bosnia and Herzegovina,Spain,1570,1970,1,2,-6,6,1564,1976,63,6,0,0,63,6,40,100,-300
798,Sep 2 2000,World Cup qualifier in Bulgaria,Bulgaria,Czechia,1651,1926,0,1,-11,11,1640,1937,61,8,-6,0,55,8,40,100,-175
799,Sep 2 2000,World Cup qualifier in Chile,Chile,Colombia,1773,1779,0,1,-25,25,1748,1804,31,18,-3,2,28,20,40,100,94
800,Sep 2 2000,African Nations Cup qualifier in Egypt,Egypt,Ivory Coast,1667,1578,1,0,10,-10,1677,1568,44,63,1,-1,45,62,40,100,189
801,Sep 2 2000,World Cup qualifier in Finland,Finland,Albania,1586,1456,2,1,8,-8,1594,1448,58,90,1,-2,59,88,40,100,230
802,Sep 2 2000,Friendly in France,France,England,2134,1882,1,1,-8,8,2126,1890,1,11,0,0,1,11,20,100,352
803,Sep 2 2000,African Nations Cup qualifier in Gabon,Gabon,Morocco,1384,1732,2,0,48,-48,1432,1684,73,54,19,-11,92,43,40,100,-248
804,Sep 2 2000,World Cup qualifier in Germany,Germany,Greece,1850,1777,2,0,16,-16,1866,1761,11,29,1,-3,12,26,40,100,173
805,Sep 2 2000,World Cup qualifier in Honduras,Honduras,El Salvador,1681,1411,5,0,8,-8,1689,1403,36,116,4,-7,40,109,40,100,370
806,Sep 2 2000,World Cup q & Nordic Ch in Iceland,Iceland,Denmark,1609,1814,1,2,-14,14,1595,1828,59,17,-1,0,58,17,40,100,-105
807,Sep 2 2000,World Cup qualifier in Latvia,Latvia,Scotland,1437,1742,0,1,-9,9,1428,1751,97,27,-3,0,94,27,40,100,-205
808,Sep 2 2000,World Cup qualifier in the Netherlands,Netherlands,Ireland,2039,1774,2,2,-16,16,2023,1790,2,20,0,2,2,22,40,100,365
809,Sep 2 2000,African Nations Cup qualifier in Nigeria,Nigeria,Namibia,1708,1344,4,0,5,-5,1713,1339,30,122,5,-1,35,121,40,100,464
810,Sep 2 2000,World Cup qualifier in Norway,Norway,Armenia,1851,1391,0,0,-18,18,1833,1409,16,102,-2,3,14,105,40,100,560
811,Sep 2 2000,World Cup qualifier in Northern Ireland,Northern Ireland,Malta,1513,1227,1,0,4,-4,1517,1223,73,150,2,-1,75,149,40,100,386
812,Sep 2 2000,World Cup qualifier in Paraguay,Paraguay,Venezuela,1812,1430,3,0,4,-4,1816,1426,20,100,-1,-4,19,96,40,100,482
813,Sep 2 2000,World Cup qualifier in Switzerland,Switzerland,Russia,1725,1811,0,1,-21,21,1704,1832,42,11,-4,4,38,15,40,100,14
814,Sep 2 2000,World Cup qualifier in Turkey,Turkey,Moldova,1742,1426,2,0,5,-5,1747,1421,31,103,-2,-4,29,99,40,100,416
815,Sep 2 2000,African Nations Cup qualifier in Uganda,Uganda,Guinea,1382,1528,3,1,34,-34,1416,1494,92,83,10,-5,102,78,40,100,-46
816,Sep 2 2000,World Cup qualifier in Ukraine,Ukraine,Poland,1717,1727,1,3,-38,38,1679,1765,52,17,-8,8,44,25,40,100,90
817,Sep 2 2000,African Nations Cup qualifier in Zambia,Zambia,Madagascar,1513,1424,1,2,-30,30,1483,1454,85,75,-4,11,81,86,40,100,189
818,Sep 3 2000,African Nations Cup qualifier in Algeria,Algeria,Burkina Faso,1532,1397,1,1,-12,12,1520,1409,75,99,-2,6,73,105,40,100,235
819,Sep 3 2000,World Cup qualifier in Brazil,Brazil,Bolivia,2008,1578,5,0,4,-4,2012,1574,3,61,0,0,3,61,40,100,530
820,Sep 3 2000,African Nations Cup qualifier in Burundi,Burundi,Angola,1415,1476,0,0,-2,2,1413,1478,101,81,1,1,102,82,30,100,39
821,Sep 3 2000,Friendly tournament in China,China,Iraq,1704,1660,4,1,16,-16,1720,1644,30,54,4,-3,34,51,30,100,144
822,Sep 3 2000,African Nations Cup qualifier in Congo,Congo,South Africa,1426,1644,1,2,-13,13,1413,1657,108,46,-6,3,102,49,40,100,-118
823,Sep 3 2000,World Cup qualifier in Costa Rica,Costa Rica,Barbados,1602,1374,3,0,9,-9,1611,1365,57,119,0,-3,57,116,40,100,328
824,Sep 3 2000,World Cup qualifier in Estonia,Estonia,Portugal,1348,1986,1,3,-3,3,1345,1989,119,5,0,0,119,5,40,100,-538
825,Sep 3 2000,World Cup qualifier in the Faroe Islands,Faroe Islands,Slovenia,1189,1675,2,2,16,-16,1205,1659,146,50,6,-2,152,48,40,100,-386
826,Sep 3 2000,World Cup qualifier in Hungary,Hungary,Italy,1622,2008,2,2,14,-14,1636,1994,54,5,1,-1,55,4,40,100,-286
827,Sep 3 2000,World Cup qualifier in Israel,Israel,Liechtenstein,1664,1079,2,0,1,-1,1665,1078,47,178,0,0,47,178,20,0,585
828,Sep 3 2000,World Cup qualifier in Jamaica,Jamaica,St Vincent & Grenadines,1592,1276,2,0,5,-5,1597,1271,56,140,2,-1,58,139,40,100,416
829,Sep 3 2000,African Nations Cup qualifier in Kenya,Kenya,Tunisia,1359,1648,0,0,10,-10,1369,1638,111,58,3,-4,114,54,30,0,-289
830,Sep 3 2000,African Nations Cup qualifier in Lesotho,Lesotho,Ghana,1163,1551,3,3,14,-14,1177,1537,156,69,4,-2,160,67,40,100,-288
831,Sep 3 2000,African Nations Cup qualifier in Liberia,Liberia,Mauritius,1418,1260,4,0,14,-14,1432,1246,84,142,8,0,92,142,40,100,258
832,Sep 3 2000,World Cup qualifier in Luxembourg,Luxembourg,Yugoslavia,1183,1907,0,2,-2,2,1181,1909,159,9,0,0,159,9,40,100,-624
833,Sep 3 2000,World Cup qualifier in Mexico,Mexico,Panama,1828,1405,7,1,4,-4,1832,1401,13,112,2,-2,15,110,40,100,523
834,Sep 3 2000,World Cup qualifier in Peru,Peru,Argentina,1716,1953,1,2,-12,12,1704,1965,42,7,-4,0,38,7,40,100,-137
835,Sep 3 2000,World Cup qualifier in Romania,Romania,Lithuania,1837,1447,1,0,2,-2,1839,1445,13,91,0,-1,13,90,20,0,390
836,Sep 3 2000,World Cup qualifier in Slovakia,Slovakia,Macedonia,1719,1535,2,0,10,-10,1729,1525,33,73,0,-2,33,71,40,100,284
837,Sep 3 2000,Friendly tournament in China,Thailand,Uzbekistan,1489,1541,4,2,26,-26,1515,1515,71,83,4,-8,75,75,30,0,-52
838,Sep 3 2000,African Nations Cup qualifier in Togo,Togo,Sierra Leone,1367,1370,2,0,22,-22,1389,1348,110,122,3,-4,113,118,40,100,97
839,Sep 3 2000,World Cup qualifier in Trinidad and Tobago,Trinidad and Tobago,Canada,1641,1646,4,0,27,-27,1668,1619,37,61,8,-5,45,56,40,100,95
840,Sep 3 2000,World Cup qualifier in Uruguay,Uruguay,Ecuador,1742,1688,4,0,22,-22,1764,1666,22,50,4,-4,26,46,40,100,154
841,Sep 3 2000,World Cup qualifier in the United States,United States,Guatemala,1795,1532,1,0,4,-4,1799,1528,21,69,0,1,21,70,20,0,263
842,Sep 3 2000,African Nations Cup qualifier in Zimbabwe,Zimbabwe,DR Congo,1521,1485,3,2,13,-13,1534,1472,62,86,6,-3,68,83,30,0,36
843,Sep 7 2000,Friendly in Lebanon,Lebanon,United Arab Emirates,1400,1503,0,1,-10,10,1390,1513,111,78,0,0,111,78,20,100,-3
844,Sep 10 2000,Friendly in Lebanon,Lebanon,United Arab Emirates,1390,1513,2,2,1,-1,1391,1512,111,78,0,0,111,78,20,100,-23
845,Sep 10 2000,African Nations Cup qualifier in Libya,Libya,Sudan,1428,1334,1,0,10,-10,1438,1324,89,126,3,-2,92,124,40,100,194
846,Sep 20 2000,Friendly in the United States,Mexico,Ecuador,1832,1666,2,0,8,-8,1840,1658,11,50,2,-2,13,48,20,0,166
847,Sep 24 2000,Friendly in Qatar,Qatar,Kuwait,1542,1641,0,0,0,0,1542,1641,65,52,0,0,65,52,20,100,1
848,Sep 24 2000,Friendly in Saudi Arabia,Saudi Arabia,Syria,1650,1522,2,1,4,-4,1654,1518,50,74,0,-1,50,73,20,100,228
849,Sep 24 2000,African Nations Cup qualifier in Senegal,Senegal,Togo,1482,1389,0,0,-10,10,1472,1399,83,109,-1,2,82,111,40,100,193
850,Sep 24 2000,Friendly in Zanzibar,Zanzibar,Tanzania,1175,1202,0,1,-12,12,1163,1214,167,148,-3,3,164,151,20,100,73
851,Sep 26 2000,Friendly in Saudi Arabia,Saudi Arabia,Syria,1654,1518,3,0,7,-7,1661,1511,44,83,3,-5,47,78,20,100,236
852,Sep 27 2000,Friendly tournament in the Cayman Islands,Cayman Islands,Turks and Caicos Islands,1130,770,3,0,3,-3,1133,767,167,208,1,0,168,208,30,100,460
853,Sep 27 2000,Friendly in the United States,Mexico,Bolivia,1840,1574,1,0,4,-4,1844,1570,13,61,0,0,13,61,20,0,266
854,Sep 27 2000,Friendly in Qatar,Qatar,Iran,1542,1736,1,2,-7,7,1535,1743,69,30,-2,1,67,31,20,100,-94
855,Sep 28 2000,Friendly in Saudi Arabia,Saudi Arabia,United Arab Emirates,1661,1512,6,1,8,-8,1669,1504,43,79,2,-1,45,78,20,100,249
856,Sep 30 2000,Friendly in Kenya,Kenya,Burundi,1369,1413,1,0,8,-8,1377,1405,114,114,0,-6,114,108,20,100,56
857,Sep 30 2000,Friendly in Kuwait,Kuwait,Thailand,1641,1515,3,2,4,-4,1645,1511,50,78,1,-2,51,76,20,100,226
858,Oct 1 2000,Friendly in Kenya,Kenya,Lesotho,1377,1177,1,1,-7,7,1370,1184,114,158,0,1,114,159,20,100,300
859,Oct 2 2000,Friendly in Jordan,Jordan,Saudi Arabia,1422,1669,1,0,14,-14,1436,1655,88,55,5,-5,93,50,20,100,-147
860,Oct 2 2000,Friendly in Qatar,Qatar,Egypt,1535,1677,0,1,-9,9,1526,1686,73,40,-3,2,70,42,20,100,-42
861,Oct 3 2000,Friendly in Kenya,Kenya,Burundi,1370,1405,2,3,-12,12,1358,1417,118,94,-2,7,116,101,20,100,65
862,Oct 4 2000,Friendly tournament in the United Arab Emirates,Australia,Kuwait,1786,1645,1,0,9,-9,1795,1636,21,57,1,-3,22,54,30,0,141
863,Oct 4 2000,Friendly in France,France,Cameroon,2126,1713,1,1,-9,9,2117,1722,1,33,0,1,1,34,20,100,513
864,Oct 4 2000,Friendly tournament in the United Arab Emirates,United Arab Emirates,South Korea,1504,1741,1,1,6,-6,1510,1735,78,32,0,0,78,32,20,0,-237
865,Oct 5 2000,Friendly in Jordan,Saudi Arabia,China,1655,1720,2,0,18,-18,1673,1702,40,43,5,-4,45,39,20,0,-65
866,Oct 6 2000,World Cup qualifier in Macedonia,Macedonia,Azerbaijan,1525,1277,3,0,8,-8,1533,1269,67,142,2,-3,69,139,40,100,348
867,Oct 6 2000,Friendly in Qatar,Qatar,Thailand,1526,1511,1,1,-3,3,1523,1514,72,74,-1,1,71,75,20,100,115
868,Oct 7 2000,World Cup qualifier in Andorra,Andorra,Estonia,1064,1345,1,2,-10,10,1054,1355,184,117,-1,1,183,118,40,100,-181
869,Oct 7 2000,World Cup qualifier in Armenia,Armenia,Ukraine,1409,1679,2,3,-11,11,1398,1690,117,36,-6,4,111,40,40,100,-170
870,Oct 7 2000,World Cup qualifier in Bulgaria,Bulgaria,Malta,1640,1223,3,0,3,-3,1643,1220,54,149,-1,0,53,149,20,0,417
871,Oct 7 2000,African Nations Cup qualifier in Burkina Faso,Burkina Faso,Burundi,1409,1417,1,0,15,-15,1424,1402,87,115,9,-7,96,108,30,0,-8
872,Oct 7 2000,World Cup qualifier in Colombia,Colombia,Paraguay,1804,1816,0,2,-37,37,1767,1853,32,7,-6,6,26,13,40,100,88
873,Oct 7 2000,World Cup qualifier in Cyprus,Cyprus,Netherlands,1561,2023,0,4,-8,8,1553,2031,66,2,-1,0,65,2,40,100,-362
874,Oct 7 2000,World Cup qualifier in Czechia,Czechia,Iceland,1937,1595,4,0,5,-5,1942,1590,8,59,0,0,8,59,20,0,342
875,Oct 7 2000,World Cup qualifier in England,England,Germany,1890,1866,0,1,-27,27,1863,1893,13,10,-1,1,12,11,40,100,124
876,Oct 7 2000,World Cup qualifier in Greece,Greece,Finland,1761,1594,1,0,7,-7,1768,1587,23,60,2,0,25,60,40,100,267
877,Oct 7 2000,World Cup qualifier in Italy,Italy,Romania,1994,1839,3,0,13,-13,2007,1826,4,18,0,-2,4,16,40,100,255
878,Oct 7 2000,Friendly in Jordan,Jordan,China,1436,1702,1,1,4,-4,1440,1698,89,39,2,0,91,39,20,100,-166
879,Oct 7 2000,World Cup qualifier in Latvia,Latvia,Belgium,1428,1771,0,4,-15,15,1413,1786,103,20,-3,2,100,22,40,100,-243
880,Oct 7 2000,World Cup qualifier in Liechtenstein,Liechtenstein,Austria,1078,1710,0,1,-2,2,1076,1712,180,34,-1,1,179,35,40,100,-532
881,Oct 7 2000,World Cup qualifier in Lithuania,Lithuania,Georgia,1445,1514,0,4,-41,41,1404,1555,122,53,-16,11,106,64,40,100,31
882,Oct 7 2000,World Cup qualifier in Luxembourg,Luxembourg,Slovenia,1181,1659,1,2,-4,4,1177,1663,160,48,0,0,160,48,40,100,-378
883,Oct 7 2000,African Nations Cup qualifier in Madagascar,Madagascar,Nigeria,1454,1713,0,0,9,-9,1463,1704,84,39,1,-2,85,37,30,0,-259
884,Oct 7 2000,World Cup qualifier in Moldova,Moldova,Slovakia,1421,1729,0,1,-9,9,1412,1738,105,33,-3,0,102,33,40,100,-208
885,Oct 7 2000,World Cup qualifier in Northern Ireland,Northern Ireland,Denmark,1517,1828,1,1,11,-11,1528,1817,69,20,2,-1,71,19,30,0,-311
886,Oct 7 2000,World Cup qualifier in Poland,Poland,Belarus,1765,1411,3,1,4,-4,1769,1407,21,104,2,0,23,104,40,100,454
887,Oct 7 2000,World Cup qualifier in Portugal,Portugal,Ireland,1989,1790,1,1,-14,14,1975,1804,7,17,-1,3,6,20,40,100,299
888,Oct 7 2000,World Cup qualifier in San Marino,San Marino,Scotland,941,1751,0,2,-1,1,940,1752,193,32,0,-2,193,30,30,100,-710
889,Oct 7 2000,Friendly in Jordan,Saudi Arabia,Kazakhstan,1673,1458,1,0,4,-4,1677,1454,45,87,0,-1,45,86,20,0,215
890,Oct 7 2000,Friendly tournament in South Africa,South Africa,France,1657,2117,0,0,12,-12,1669,2105,42,1,4,0,46,1,30,100,-360
891,Oct 7 2000,Friendly tournament in the United Arab Emirates,South Korea,Australia,1735,1795,4,2,26,-26,1761,1769,24,24,4,-1,28,23,30,0,-60
892,Oct 7 2000,World Cup qualifier in Spain,Spain,Israel,1976,1665,2,0,5,-5,1981,1660,4,51,1,-2,5,49,40,100,411
893,Oct 7 2000,World Cup qualifier in Sweden,Sweden,Turkey,1829,1747,1,1,-10,10,1819,1757,19,28,-1,1,18,29,40,100,182
894,Oct 7 2000,World Cup qualifier in Switzerland,Switzerland,Faroe Islands,1704,1205,5,1,2,-2,1706,1203,35,155,1,-1,36,154,20,0,499
895,Oct 7 2000,African Nations Cup qualifier in Tunisia,Tunisia,Gabon,1638,1432,4,2,9,-9,1647,1423,49,100,2,-3,51,97,40,100,306
896,Oct 7 2000,Friendly tournament in the United Arab Emirates,United Arab Emirates,Kuwait,1510,1636,1,0,16,-16,1526,1620,68,56,5,-1,73,55,30,100,-26
897,Oct 7 2000,World Cup qualifier in Wales,Wales,Norway,1534,1833,1,1,10,-10,1544,1823,65,19,1,-2,66,17,30,0,-299
898,Oct 8 2000,African Nations Cup qualifier in Angola,Angola,Algeria,1478,1520,2,2,-3,3,1475,1523,81,73,0,1,81,74,40,100,58
899,Oct 8 2000,World Cup qualifier in Argentina,Argentina,Uruguay,1965,1764,2,1,6,-6,1971,1758,7,29,0,-1,7,28,40,100,301
900,Oct 8 2000,World Cup qualifier in Barbados,Barbados,Guatemala,1365,1528,1,3,-25,25,1340,1553,123,61,-4,5,119,66,40,100,-63
901,Oct 8 2000,World Cup qualifier in Bolivia,Bolivia,Peru,1570,1704,1,0,22,-22,1592,1682,55,51,3,-7,58,44,40,100,-34
902,Oct 8 2000,World Cup qualifier in Ecuador,Ecuador,Chile,1658,1748,1,0,19,-19,1677,1729,40,35,5,-2,45,33,30,0,-90
903,Oct 8 2000,African Nations Cup qualifier in Ghana,Ghana,Zimbabwe,1537,1534,4,1,25,-25,1562,1509,60,85,4,-8,64,77,40,100,103
904,Oct 8 2000,African Nations Cup qualifier in Guinea,Guinea,Senegal,1494,1472,1,0,13,-13,1507,1459,77,88,1,-3,78,85,40,100,122
905,Oct 8 2000,World Cup qualifier in Honduras,Honduras,Jamaica,1689,1597,1,0,10,-10,1699,1587,35,62,3,-2,38,60,40,100,192
906,Oct 8 2000,Friendly in Hong Kong,Hong Kong,Singapore,1199,1293,1,0,10,-10,1209,1283,151,137,2,-3,153,134,20,100,6
907,Oct 8 2000,African Nations Cup qualifier in Mauritius,Mauritius,Congo,1246,1413,1,2,-16,16,1230,1429,148,90,-3,5,145,95,40,100,-67
908,Oct 8 2000,World Cup qualifier in Mexico,Mexico,Trinidad and Tobago,1844,1668,7,0,15,-15,1859,1653,12,53,1,-3,13,50,40,100,276
909,Oct 8 2000,African Nations Cup qualifier in Morocco,Morocco,Kenya,1684,1358,1,0,3,-3,1687,1355,42,116,1,0,43,116,20,0,326
910,Oct 8 2000,African Nations Cup qualifier in Namibia,Namibia,Zambia,1339,1483,1,2,-17,17,1322,1500,127,80,-3,0,124,80,40,100,-44
911,Oct 8 2000,Friendly in Qatar,Qatar,Thailand,1523,1514,3,1,10,-10,1533,1504,66,81,4,-2,70,79,20,100,109
912,Oct 8 2000,World Cup qualifier in St Vincent & Grenadines,St Vincent & Grenadines,El Salvador,1271,1403,1,2,-18,18,1253,1421,144,91,-3,8,141,99,40,100,-32
913,Oct 8 2000,African Nations Cup qualifier in Sudan,Sudan,Egypt,1324,1686,0,1,-7,7,1317,1693,126,37,-1,3,125,40,40,100,-262
914,Oct 8 2000,African Nations Cup qualifier in Togo,Togo,Uganda,1399,1416,3,0,27,-27,1426,1389,82,127,14,-14,96,113,40,100,83
915,Oct 8 2000,Friendly in Uzbekistan,Uzbekistan,Turkmenistan,1515,1406,3,0,8,-8,1523,1398,72,113,2,-4,74,109,20,100,209
916,Oct 8 2000,World Cup qualifier in Venezuela,Venezuela,Brazil,1426,2012,0,6,-5,5,1421,2017,103,3,-4,0,99,3,40,100,-486
917,Oct 9 2000,World Cup qualifier in Canada,Canada,Panama,1619,1401,1,0,6,-6,1625,1395,54,112,1,-2,55,110,40,100,318
918,Oct 10 2000,African Nations Cup qualifier in the Dem Rep of the Congo,DR Congo,Lesotho,1472,1184,1,1,-16,16,1456,1200,88,153,-3,3,85,156,40,100,388
919,Oct 11 2000,World Cup qualifier in Albania,Albania,Greece,1448,1768,2,0,47,-47,1495,1721,74,45,7,-10,81,35,40,100,-220
920,Oct 11 2000,World Cup qualifier in Austria,Austria,Spain,1712,1981,1,1,9,-9,1721,1972,35,7,0,-1,35,6,40,100,-169
921,Oct 11 2000,World Cup qualifier in Azerbaijan,Azerbaijan,Turkey,1269,1757,0,1,-4,4,1265,1761,140,23,-1,3,139,26,40,100,-388
922,Oct 11 2000,World Cup qualifier in Belarus,Belarus,Armenia,1407,1398,2,1,14,-14,1421,1384,93,116,6,-4,99,112,40,100,109
923,Oct 11 2000,World Cup qualifier in Croatia,Croatia,Scotland,1899,1752,1,1,-12,12,1887,1764,12,20,-1,5,11,25,40,100,247
924,Oct 11 2000,World Cup qualifier in Denmark,Denmark,Bulgaria,1817,1643,1,1,-13,13,1804,1656,19,49,0,2,19,51,40,100,274
925,Oct 11 2000,World Cup qualifier in Finland,Finland,England,1587,1863,0,0,9,-9,1596,1854,58,14,1,-1,59,13,40,100,-176
926,Oct 11 2000,World Cup qualifier in Iceland,Iceland,Northern Ireland,1590,1528,1,0,11,-11,1601,1517,57,78,1,-3,58,75,40,100,162
927,Oct 11 2000,World Cup qualifier in Ireland,Ireland,Estonia,1804,1355,2,0,2,-2,1806,1353,16,118,2,-1,18,117,20,0,449
928,Oct 11 2000,World Cup qualifier in Israel,Israel,Bosnia and Herzegovina,1660,1564,3,1,15,-15,1675,1549,45,73,2,-5,47,68,40,100,196
929,Oct 11 2000,World Cup qualifier in Italy,Italy,Georgia,2007,1555,2,0,2,-2,2009,1553,4,65,0,0,4,65,20,0,452
930,Oct 11 2000,World Cup qualifier in Lithuania,Lithuania,Hungary,1404,1636,1,6,-25,25,1379,1661,120,44,-7,5,113,49,40,100,-132
931,Oct 11 2000,World Cup qualifier in Malta,Malta,Czechia,1220,1942,0,0,19,-19,1239,1923,139,8,5,0,144,8,40,0,-722
932,Oct 11 2000,World Cup qualifier in Moldova,Moldova,Macedonia,1412,1533,0,0,1,-1,1413,1532,103,72,0,-1,103,71,20,100,-21
933,Oct 11 2000,World Cup qualifier in the Netherlands,Netherlands,Portugal,2031,1975,0,2,-43,43,1988,2018,8,-2,-3,4,5,2,40,100,156
934,Oct 11 2000,World Cup qualifier in Norway,Norway,Ukraine,1823,1690,0,1,-32,32,1791,1722,23,25,-3,8,20,33,40,100,233
935,Oct 11 2000,World Cup qualifier in Poland,Poland,Wales,1769,1544,0,0,-15,15,1754,1559,35,60,-6,4,29,64,40,100,325
936,Oct 11 2000,World Cup qualifier in Russia,Russia,Luxembourg,1832,1177,3,0,1,-1,1833,1176,15,160,0,0,15,160,20,0,655
937,Oct 11 2000,World Cup qualifier in Slovakia,Slovakia,Sweden,1738,1819,0,0,-1,1,1737,1820,30,16,1,1,31,17,20,100,19
938,Oct 11 2000,World Cup qualifier in Slovenia,Slovenia,Switzerland,1663,1706,2,2,-3,3,1660,1709,52,38,-2,-1,50,37,40,100,57
939,Oct 11 2000,World Cup qualifier in the United States,United States,Costa Rica,1799,1611,0,0,-14,14,1785,1625,23,53,-1,2,22,55,40,100,288
940,Oct 12 2000,Asian Cup in Lebanon,Iraq,Thailand,1644,1504,2,0,23,-23,1667,1481,44,83,5,-2,49,81,50,0,140
941,Oct 12 2000,Asian Cup in Lebanon,Lebanon,Iran,1391,1743,0,4,-18,18,1373,1761,117,22,-4,4,113,26,50,100,-252
942,Oct 13 2000,Asian Cup in Lebanon,China,South Korea,1698,1761,2,2,4,-4,1702,1757,38,32,1,-3,39,29,40,0,-63
943,Oct 13 2000,Asian Cup in Lebanon,Indonesia,Kuwait,1369,1620,0,0,15,-15,1384,1605,108,57,3,0,111,57,50,0,-251
944,Oct 14 2000,Asian Cup in Lebanon,Japan,Saudi Arabia,1689,1677,4,1,42,-42,1731,1635,22,63,10,-9,32,54,50,0,12
945,Oct 14 2000,Friendly in Malaysia,Malaysia,Cambodia,1218,921,2,0,3,-3,1221,918,150,197,0,-1,150,196,20,100,397
946,Oct 14 2000,Asian Cup in Lebanon,Qatar,Uzbekistan,1533,1523,1,1,-1,1,1532,1524,70,73,0,0,70,73,40,0,10
947,Oct 15 2000,Asian Cup in Lebanon,Iran,Thailand,1761,1481,1,1,-17,17,1744,1498,34,79,-4,1,30,80,50,0,280
948,Oct 15 2000,Asian Cup in Lebanon,Lebanon,Iraq,1373,1667,2,2,13,-13,1386,1654,108,54,3,-3,111,51,50,100,-194
949,Oct 16 2000,Asian Cup in Lebanon,China,Indonesia,1702,1384,4,0,13,-13,1715,1371,36,116,2,-2,38,114,50,0,318
950,Oct 16 2000,Asian Cup in Lebanon,Kuwait,South Korea,1605,1757,1,0,35,-35,1640,1722,51,38,3,-5,54,33,50,0,-152
951,Oct 17 2000,Asian Cup in Lebanon,Japan,Uzbekistan,1731,1524,8,1,26,-26,1757,1498,25,85,3,-6,28,79,50,0,207
952,Oct 17 2000,Friendly in Malaysia,Malaysia,Cambodia,1221,918,1,1,-8,8,1213,926,154,194,-2,1,152,195,20,100,403
953,Oct 17 2000,Asian Cup in Lebanon,Qatar,Saudi Arabia,1532,1635,0,0,7,-7,1539,1628,70,55,0,0,70,55,50,0,-103
954,Oct 18 2000,Asian Cup in Lebanon,Iran,Iraq,1744,1654,1,0,19,-19,1763,1635,22,57,4,-3,26,54,50,0,90
955,Oct 18 2000,Asian Cup in Lebanon,Lebanon,Thailand,1386,1498,1,1,1,-1,1387,1497,111,81,0,-1,111,80,30,100,-12
956,Oct 19 2000,Asian Cup in Lebanon,China,Kuwait,1715,1640,0,0,-5,5,1710,1645,38,53,0,0,38,53,20,100,175
957,Oct 19 2000,Asian Cup in Lebanon,South Korea,Indonesia,1722,1371,3,0,10,-10,1732,1361,31,114,1,0,32,114,50,0,351
958,Oct 20 2000,Asian Cup in Lebanon,Japan,Qatar,1757,1539,1,1,-14,14,1743,1553,31,60,-1,5,30,65,40,100,318
959,Oct 20 2000,Asian Cup in Lebanon,Saudi Arabia,Uzbekistan,1628,1498,5,0,32,-32,1660,1466,43,87,6,-4,49,83,50,0,130
960,Oct 23 2000,Asian Cup in Lebanon,China,Qatar,1710,1553,3,1,22,-22,1732,1531,28,77,5,-6,33,71,50,0,157
961,Oct 23 2000,Friendly in Malaysia,Malaysia,Sri Lanka,1213,891,2,0,2,-2,1215,889,148,198,2,0,150,198,20,100,422
962,Oct 23 2000,Asian Cup in Lebanon,South Korea,Iran,1732,1763,2,1,27,-27,1759,1736,22,38,5,-6,27,32,50,0,-31
963,Oct 24 2000,Asian Cup in Lebanon,Japan,Iraq,1743,1635,4,1,31,-31,1774,1604,16,59,7,-2,23,57,50,0,108
964,Oct 24 2000,Asian Cup in Lebanon,Saudi Arabia,Kuwait,1660,1645,3,2,24,-24,1684,1621,39,58,5,-2,44,56,50,0,15
965,Oct 25 2000,Friendly tournament in Kenya,Kenya,Tanzania,1355,1214,3,0,10,-10,1365,1204,112,157,2,-3,114,154,30,100,241
966,Oct 25 2000,Friendly in Malaysia,Malaysia,Sri Lanka,1215,889,3,1,2,-2,1217,887,150,198,0,0,150,198,20,100,426
967,Oct 25 2000,Friendly tournament in Kenya,Uganda,Ghana,1389,1562,2,1,22,-22,1411,1540,100,75,5,-6,105,69,30,0,-173
968,Oct 25 2000,Friendly in the United States,United States,Mexico,1785,1859,2,0,14,-14,1799,1845,18,16,2,-2,20,14,20,100,26
969,Oct 26 2000,Asian Cup in Lebanon,Japan,China,1774,1732,3,2,22,-22,1796,1710,19,45,2,-6,21,39,50,0,42
970,Oct 26 2000,Asian Cup in Lebanon,Saudi Arabia,South Korea,1684,1759,2,1,30,-30,1714,1729,32,36,6,-4,38,32,50,0,-75
971,Oct 28 2000,Friendly tournament in Kenya,Kenya,Uganda,1365,1411,1,1,-2,2,1363,1413,114,101,0,2,114,103,20,100,54
972,Oct 28 2000,COMESA Cup in Zambia,Rwanda,Eritrea,1236,1205,1,0,14,-14,1250,1191,139,165,3,-6,142,159,30,0,31
973,Oct 28 2000,Friendly in Singapore,Singapore,Sri Lanka,1283,887,4,0,2,-2,1285,885,132,198,1,0,133,198,20,100,496
974,Oct 28 2000,Friendly tournament in Kenya,Tanzania,Ghana,1204,1540,3,2,26,-26,1230,1514,138,79,8,-5,146,74,30,0,-336
975,Oct 29 2000,Asian Cup in Lebanon,Japan,Saudi Arabia,1796,1714,1,0,19,-19,1815,1695,15,44,3,-3,18,41,50,0,82
976,Oct 29 2000,Friendly in Oman,Oman,Yemen,1284,1199,4,0,10,-10,1294,1189,128,162,3,-3,131,159,20,100,185
977,Oct 29 2000,Asian Cup in Lebanon,South Korea,China,1729,1710,1,0,24,-24,1753,1686,28,49,2,-5,30,44,50,0,19
978,Oct 29 2000,COMESA Cup in Zambia,Zambia,Rwanda,1500,1250,0,2,-40,40,1460,1290,90,124,-6,9,84,133,30,100,350
979,Oct 30 2000,COMESA Cup in Zambia,Rwanda,Zimbabwe,1290,1509,1,0,23,-23,1313,1486,119,82,7,-3,126,79,30,0,-219
980,Oct 31 2000,Friendly in Oman,Oman,Yemen,1294,1189,4,0,9,-9,1303,1180,128,159,2,0,130,159,20,100,205
981,Nov 1 2000,Friendly in Singapore,Singapore,Indonesia,1285,1361,1,0,9,-9,1294,1352,131,119,2,-2,133,117,20,100,24
982,Nov 5 2000,Southeast Asian Champ in Thailand,Malaysia,Vietnam,1217,1269,0,0,3,-3,1220,1266,151,139,0,0,151,139,40,0,-52
983,Nov 5 2000,Southeast Asian Champ in Thailand,Singapore,Cambodia,1294,926,1,0,4,-4,1298,922,133,195,0,0,133,195,40,0,368
984,Nov 6 2000,Southeast Asian Champ in Thailand,Indonesia,Philippines,1352,726,3,0,2,-2,1354,724,115,211,1,0,116,211,40,0,626
985,Nov 6 2000,Southeast Asian Champ in Thailand,Thailand,Myanmar,1497,1121,3,1,4,-4,1501,1117,77,171,0,0,77,171,40,100,476
986,Nov 7 2000,Southeast Asian Champ in Thailand,Malaysia,Laos,1220,964,5,0,15,-15,1235,949,141,192,5,0,146,192,40,0,256
987,Nov 7 2000,Southeast Asian Champ in Thailand,Vietnam,Cambodia,1266,922,6,0,10,-10,1276,912,137,199,1,-2,138,197,40,0,344
988,Nov 8 2000,Southeast Asian Champ in Thailand,Myanmar,Philippines,1117,724,3,0,7,-7,1124,717,171,211,0,0,171,211,40,0,393
989,Nov 9 2000,Southeast Asian Champ in Thailand,Malaysia,Cambodia,1235,912,3,2,5,-5,1240,907,144,197,1,0,145,197,40,0,323
990,Nov 9 2000,Southeast Asian Champ in Thailand,Singapore,Laos,1298,949,3,0,8,-8,1306,941,125,192,4,0,129,192,40,0,349
991,Nov 10 2000,Southeast Asian Champ in Thailand,Thailand,Indonesia,1501,1354,4,1,14,-14,1515,1340,71,120,3,-2,74,118,40,100,247
992,Nov 11 2000,Southeast Asian Champ in Thailand,Cambodia,Laos,907,941,3,0,38,-38,945,903,187,202,5,-5,192,197,40,0,-34
993,Nov 11 2000,Southeast Asian Champ in Thailand,Vietnam,Singapore,1276,1306,1,0,22,-22,1298,1284,128,143,5,-7,133,136,40,0,-30
994,Nov 12 2000,Southeast Asian Champ in Thailand,Indonesia,Myanmar,1340,1124,5,0,18,-18,1358,1106,112,175,3,-2,115,173,40,0,216
995,Nov 12 2000,Southeast Asian Champ in Thailand,Thailand,Philippines,1515,717,2,0,0,0,1515,717,74,211,0,0,74,211,20,0,798
996,Nov 12 2000,Friendly in the United Arab Emirates,United Arab Emirates,Hong Kong,1526,1209,1,1,-8,8,1518,1217,73,151,-1,1,72,152,20,100,417
997,Nov 13 2000,Southeast Asian Champ in Thailand,Malaysia,Singapore,1240,1284,1,0,23,-23,1263,1261,137,148,4,-6,141,142,40,0,-44
998,Nov 13 2000,Southeast Asian Champ in Thailand,Vietnam,Laos,1298,903,5,0,7,-7,1305,896,125,197,4,0,129,197,40,0,395
999,Nov 14 2000,Friendly in Algeria,Algeria,Bulgaria,1523,1656,1,2,-9,9,1514,1665,77,47,-3,2,74,49,20,100,-33
1000,Nov 15 2000,Friendly in Albania,Albania,Malta,1495,1239,3,0,4,-4,1499,1235,78,146,0,0,78,146,20,100,356
1001,Nov 15 2000,World Cup qualifier in Barbados,Barbados,United States,1340,1799,0,4,-8,8,1332,1807,123,21,-2,0,121,21,40,100,-359
1002,Nov 15 2000,World Cup qualifier in Bolivia,Bolivia,Uruguay,1592,1758,0,0,4,-4,1596,1754,58,28,1,0,59,28,20,0,-166
1003,Nov 15 2000,World Cup qualifier in Brazil,Brazil,Colombia,2017,1767,1,0,5,-5,2022,1762,1,25,1,0,2,25,40,100,350
1004,Nov 15 2000,World Cup qualifier in Canada,Canada,Mexico,1625,1845,0,0,7,-7,1632,1838,54,14,0,0,54,14,40,100,-120
1005,Nov 15 2000,World Cup qualifier in Chile,Chile,Argentina,1729,1971,0,2,-18,18,1711,1989,39,5,-3,1,36,6,40,100,-142
1006,Nov 15 2000,World Cup qualifier in Cyprus,Cyprus,Andorra,1553,1054,5,0,2,-2,1555,1052,64,183,0,0,64,183,20,0,499
1007,Nov 15 2000,Friendly in Denmark,Denmark,Germany,1804,1893,2,1,10,-10,1814,1883,18,12,1,-1,19,11,20,100,11
1008,Nov 15 2000,World Cup qualifier in El Salvador,El Salvador,Jamaica,1421,1587,2,0,36,-36,1457,1551,73,71,13,-5,86,66,40,100,-66
1009,Nov 15 2000,Friendly in Estonia,Estonia,Kyrgyzstan,1353,1172,1,0,3,-3,1356,1169,117,162,0,0,117,162,20,100,281
1010,Nov 15 2000,Friendly in Greece,Greece,Slovakia,1721,1737,0,2,-19,19,1702,1756,44,23,-4,4,40,27,20,100,84
1011,Nov 15 2000,World Cup qualifier in Guatemala,Guatemala,Costa Rica,1553,1625,2,1,18,-18,1571,1607,58,58,3,-2,61,56,30,0,-72
1012,Nov 15 2000,Friendly in Ireland,Ireland,Finland,1806,1596,3,0,5,-5,1811,1591,21,61,-1,-1,20,60,20,100,310
1013,Nov 15 2000,Friendly in Italy,Italy,England,2009,1854,1,0,4,-4,2013,1850,4,14,0,-1,4,13,20,100,255
1014,Nov 15 2000,Friendly in Macedonia,Macedonia,Hungary,1532,1661,0,1,-9,9,1523,1670,71,44,-1,3,70,47,20,100,-29
1015,Nov 15 2000,World Cup qualifier in Paraguay,Paraguay,Peru,1853,1682,5,1,13,-13,1866,1669,11,51,1,-3,12,48,40,100,271
1016,Nov 15 2000,Friendly in Poland,Poland,Iceland,1754,1601,1,0,4,-4,1758,1597,23,58,3,0,26,58,20,100,253
1017,Nov 15 2000,Friendly in Portugal,Portugal,Israel,2018,1675,2,1,1,-1,2019,1674,4,45,-1,1,3,46,20,100,443
1018,Nov 15 2000,Friendly in Romania,Romania,Yugoslavia,1826,1909,2,1,10,-10,1836,1899,14,9,1,0,15,9,20,100,17
1019,Nov 15 2000,World Cup qualifier in San Marino,San Marino,Latvia,940,1413,0,1,-4,4,936,1417,193,101,0,1,193,102,40,100,-373
1020,Nov 15 2000,Friendly in Scotland,Scotland,Australia,1764,1769,0,2,-19,19,1745,1788,36,22,-5,1,31,23,20,100,95
1021,Nov 15 2000,Friendly in Spain,Spain,Netherlands,1972,1988,1,2,-12,12,1960,2000,8,5,-1,0,7,5,20,100,84
1022,Nov 15 2000,World Cup qualifier in St Vincent & Grenadines,St Vincent & Grenadines,Honduras,1253,1699,0,7,-11,11,1242,1710,147,34,-2,3,145,37,40,100,-346
1023,Nov 15 2000,World Cup qualifier in Trinidad and Tobago,Trinidad and Tobago,Panama,1653,1395,1,0,5,-5,1658,1390,52,109,0,0,52,109,40,100,358
1024,Nov 15 2000,Friendly in Tunisia,Tunisia,Switzerland,1647,1709,1,1,-1,1,1646,1710,53,36,0,1,53,37,20,100,38
1025,Nov 15 2000,Friendly in Turkey,Turkey,France,1761,2105,0,4,-7,7,1754,2112,29,1,-1,0,28,1,20,100,-244
1026,Nov 15 2000,World Cup qualifier in Venezuela,Venezuela,Ecuador,1421,1677,1,2,-12,12,1409,1689,111,40,-6,3,105,43,40,100,-156
1027,Nov 16 2000,Southeast Asian Champ in Thailand,Indonesia,Vietnam,1358,1305,3,2,17,-17,1375,1288,113,141,1,-6,114,135,40,0,53
1028,Nov 16 2000,Southeast Asian Champ in Thailand,Thailand,Malaysia,1515,1263,2,0,7,-7,1522,1256,69,143,2,-1,71,142,40,100,352
1029,Nov 18 2000,Southeast Asian Champ in Thailand,Malaysia,Vietnam,1256,1288,3,0,38,-38,1294,1250,124,149,9,-7,133,142,40,0,-32
1030,Nov 18 2000,Southeast Asian Champ in Thailand,Thailand,Indonesia,1522,1375,4,1,14,-14,1536,1361,67,116,2,-1,69,115,40,100,247
1031,Nov 18 2000,CECAFA Cup in Uganda,Uganda,Ethiopia,1413,1330,2,2,-10,10,1403,1340,109,116,-3,3,106,119,40,100,183
1032,Nov 19 2000,CECAFA Cup in Uganda,Djibouti,Somalia,885,1110,0,0,11,-11,896,1099,196,178,1,-3,197,175,40,0,-225
1033,Nov 19 2000,African Nations Cup qualifier in Ivory Coast,Ivory Coast,Libya,1568,1438,2,1,8,-8,1576,1430,60,95,1,-1,61,94,40,100,230
1034,Nov 20 2000,CECAFA Cup in Uganda,Eritrea,Kenya,1191,1363,0,0,9,-9,1200,1354,152,120,3,-3,155,117,40,0,-172
1035,Nov 20 2000,CECAFA Cup in Uganda,Uganda,Burundi,1403,1402,2,1,14,-14,1417,1388,98,113,4,-3,102,110,40,100,101
1036,Nov 21 2000,CECAFA Cup in Uganda,Ethiopia,Somalia,1340,1099,2,1,8,-8,1348,1091,117,177,1,-1,118,176,40,0,241
1037,Nov 21 2000,Friendly in Oman,Oman,Bahrain,1303,1324,2,1,8,-8,1311,1316,124,127,3,-2,127,125,20,100,79
1038,Nov 22 2000,Friendly in Morocco,Morocco,Libya,1687,1430,0,0,-8,8,1679,1438,46,92,-1,1,45,93,20,100,357
1039,Nov 22 2000,CECAFA Cup in Uganda,Rwanda,Kenya,1313,1354,2,1,22,-22,1335,1332,114,127,6,-5,120,122,40,0,-41
1040,Nov 23 2000,CECAFA Cup in Uganda,Burundi,Djibouti,1388,896,4,2,3,-3,1391,893,106,199,2,-1,108,198,30,0,492
1041,Nov 23 2000,CECAFA Cup in Uganda,Uganda,Somalia,1417,1091,6,0,7,-7,1424,1084,94,176,4,0,98,176,40,100,426
1042,Nov 24 2000,World Cup qualifier in Iran,Iran,Guam,1736,661,19,0,0,0,1736,661,32,217,0,0,32,217,20,0,1075
1043,Nov 25 2000,CECAFA Cup in Uganda,Eritrea,Rwanda,1200,1335,1,1,7,-7,1207,1328,153,126,1,-3,154,123,40,0,-135
1044,Nov 25 2000,CECAFA Cup in Uganda,Ethiopia,Djibouti,1348,893,4,2,4,-4,1352,889,117,198,0,0,117,198,40,0,455
1045,Nov 26 2000,CECAFA Cup in Uganda,Burundi,Somalia,1391,1084,3,0,10,-10,1401,1074,106,186,1,-5,107,181,40,0,307
1046,Nov 26 2000,World Cup qualifier in Iran,Tajikistan,Guam,1441,661,16,0,1,-1,1442,660,91,217,0,0,91,217,20,0,780
1047,Nov 27 2000,CECAFA Cup in Uganda,Ethiopia,Burundi,1352,1401,1,0,23,-23,1375,1378,111,119,3,-6,114,113,40,0,-49
1048,Nov 27 2000,CECAFA Cup in Uganda,Uganda,Djibouti,1424,889,7,0,2,-2,1426,887,96,198,1,0,97,198,20,0,535
1049,Nov 28 2000,World Cup qualifier in Iran,Iran,Tajikistan,1736,1442,2,0,6,-6,1742,1436,32,95,0,-2,32,93,40,100,394
1050,Nov 29 2000,CECAFA Cup in Uganda,Uganda,Rwanda,1426,1328,3,1,15,-15,1441,1313,85,129,6,-3,91,126,40,100,198
1051,Dec 2 2000,CECAFA Cup in Uganda,Ethiopia,Rwanda,1375,1313,1,1,-4,4,1371,1317,114,122,0,2,114,124,20,100,162
1052,Dec 5 2000,Friendly in Algeria,Algeria,Romania,1514,1836,3,2,16,-16,1530,1820,68,17,3,-1,71,16,20,100,-222
1053,Dec 8 2000,Friendly in Algeria,Algeria,Romania,1530,1820,2,3,-5,5,1525,1825,71,16,0,0,71,16,20,100,-190
1054,Dec 10 2000,Friendly in Hong Kong,Hong Kong,Estonia,1217,1356,1,2,-9,9,1208,1365,154,113,-1,2,153,115,20,100,-39
1055,Dec 10 2000,Friendly in the United Arab Emirates,United Arab Emirates,Kazakhstan,1518,1454,5,2,10,-10,1528,1444,69,92,2,-2,71,90,20,100,164
1056,Dec 13 2000,Friendly in Greece,Greece,Yugoslavia,1702,1899,1,1,3,-3,1705,1896,38,9,1,0,39,9,20,100,-97
1057,Dec 16 2000,African Nations Cup qualifier in South Africa,South Africa,Liberia,1669,1432,2,1,5,-5,1674,1427,44,99,2,-2,46,97,40,100,337
1058,Dec 20 2000,Friendly tournament in the United States,Argentina,Mexico,1989,1838,2,0,13,-13,2002,1825,4,16,1,-1,5,15,30,0,151
1059,Dec 20 2000,Friendly in Japan,Japan,South Korea,1815,1753,1,1,-4,4,1811,1757,20,24,-1,3,19,27,20,100,162
