,date,tournament,home_team,away_team,home_team_rating,away_team_rating,home_goals,away_goals,home_team_rating_change,away_team_rating_change,home_team_new_rating,away_team_new_rating,home_team_rank,away_team_rank,home_team_rank_change,away_team_rank_change,home_team_new_rank,away_team_new_rank,k,hadv,rdiff
0,Jan 5 2013,Friendly in South Africa,Angola,Zambia,1487,1593,2,0,19,-19,1506,1574,81,73,4,-6,85,67,20,0,-106
1,Jan 5 2013,Gulf Cup in Bahrain,Bahrain,Oman,1495,1532,0,0,-4,4,1491,1536,92,78,-2,0,90,78,40,100,63
2,Jan 5 2013,Friendly in Niger,Niger,Togo,1340,1420,3,1,14,-14,1354,1406,123,110,1,-2,124,108,20,100,20
3,Jan 5 2013,Gulf Cup in Bahrain,United Arab Emirates,Qatar,1476,1477,3,1,30,-30,1506,1447,77,102,8,-5,85,97,40,0,-1
4,Jan 6 2013,Gulf Cup in Bahrain,Iraq,Saudi Arabia,1580,1506,2,0,24,-24,1604,1482,49,99,7,-7,56,92,40,0,74
5,Jan 6 2013,Gulf Cup in Bahrain,Kuwait,Yemen,1465,1265,2,0,14,-14,1479,1251,92,143,1,0,93,143,40,0,200
6,Jan 7 2013,Friendly in Qatar,Ethiopia,Tunisia,1322,1605,1,1,7,-7,1329,1598,129,65,0,-5,129,60,20,0,-283
7,Jan 8 2013,Gulf Cup in Bahrain,Bahrain,United Arab Emirates,1491,1506,1,2,-25,25,1466,1531,101,71,-6,7,95,78,40,100,85
8,Jan 8 2013,Friendly in South Africa,Morocco,Zambia,1544,1574,0,0,1,-1,1545,1573,74,67,0,0,74,67,20,0,-30
9,Jan 8 2013,Gulf Cup in Bahrain,Qatar,Oman,1447,1536,2,1,25,-25,1472,1511,89,88,4,-5,93,83,40,0,-89
10,Jan 8 2013,Friendly in South Africa,South Africa,Norway,1567,1759,0,1,-7,7,1560,1766,73,26,-2,1,71,27,20,100,-92
11,Jan 9 2013,Friendly in Portugal,Cape Verde,Nigeria,1427,1652,0,0,6,-6,1433,1646,101,50,1,0,102,50,20,0,-225
12,Jan 9 2013,Gulf Cup in Bahrain,Iraq,Kuwait,1604,1479,1,0,13,-13,1617,1466,53,96,1,-2,54,94,40,0,125
13,Jan 9 2013,Gulf Cup in Bahrain,Saudi Arabia,Yemen,1482,1251,2,0,13,-13,1495,1238,87,153,2,-5,89,148,40,0,231
14,Jan 10 2013,Friendly in South Africa,Burkina Faso,Niger,1447,1354,0,0,-3,3,1444,1357,98,124,0,0,98,124,20,0,93
15,Jan 10 2013,Friendly in the United Arab Emirates,Gabon,Tunisia,1542,1598,1,1,2,-2,1544,1596,73,60,1,0,74,60,20,0,-56
16,Jan 10 2013,Friendly in the United Arab Emirates,Ghana,Egypt,1677,1708,3,0,19,-19,1696,1689,32,44,6,-4,38,40,20,0,-31
17,Jan 10 2013,Friendly in Panama,Panama,Guatemala,1681,1548,3,0,7,-7,1688,1541,40,77,1,-2,41,75,20,100,233
18,Jan 11 2013,Gulf Cup in Bahrain,Bahrain,Qatar,1466,1472,1,0,15,-15,1481,1457,90,100,2,-4,92,96,30,0,-6
19,Jan 11 2013,Friendly in Ethiopia,Ethiopia,Tanzania,1329,1363,2,1,8,-8,1337,1355,125,128,2,-4,127,124,20,100,66
20,Jan 11 2013,Gulf Cup in Bahrain,United Arab Emirates,Oman,1531,1511,2,0,28,-28,1559,1483,68,99,5,-8,73,91,40,0,20
21,Jan 12 2013,Gulf Cup in Bahrain,Iraq,Yemen,1617,1238,2,0,6,-6,1623,1232,54,150,0,-1,54,149,40,0,379
22,Jan 12 2013,Gulf Cup in Bahrain,Kuwait,Saudi Arabia,1466,1495,1,0,22,-22,1488,1473,82,98,6,-5,88,93,40,0,-29
23,Jan 12 2013,Friendly in South Africa,Morocco,Namibia,1545,1317,2,1,4,-4,1549,1313,74,134,0,-2,74,132,20,0,228
24,Jan 12 2013,Friendly in South Africa,South Africa,Algeria,1560,1564,0,0,-3,3,1557,1567,75,68,-2,1,73,69,20,100,96
25,Jan 12 2013,Friendly in Zambia,Zambia,Norway,1573,1766,0,0,3,-3,1576,1763,63,27,2,0,65,27,20,100,-93
26,Jan 13 2013,Friendly in South Africa,Angola,Botswana,1506,1302,2,0,7,-7,1513,1295,79,139,3,-1,82,138,20,0,204
27,Jan 13 2013,Friendly in the United Arab Emirates,Ghana,Tunisia,1696,1596,4,2,11,-11,1707,1585,34,62,2,-1,36,61,20,0,100
28,Jan 13 2013,Friendly in Panama,Panama,Guatemala,1688,1541,2,0,6,-6,1694,1535,37,80,2,-2,39,78,20,100,247
29,Jan 13 2013,Friendly in Togo,Togo,Niger,1406,1357,2,1,6,-6,1412,1351,104,127,2,-2,106,125,20,100,149
30,Jan 14 2013,Friendly in the United Arab Emirates,Ivory Coast,Egypt,1837,1689,4,2,9,-9,1846,1680,17,47,0,-3,17,44,20,0,148
31,Jan 15 2013,Gulf Cup in Bahrain,Bahrain,Iraq,1481,1623,1,1,2,-2,1483,1621,88,54,2,0,90,54,30,100,-42
32,Jan 15 2013,Friendly in Lebanon,Lebanon,Gabon,1314,1544,0,0,4,-4,1318,1540,129,75,1,0,130,75,20,100,-130
33,Jan 15 2013,Gulf Cup in Bahrain,United Arab Emirates,Kuwait,1559,1488,1,0,16,-16,1575,1472,62,98,5,-5,67,93,40,0,71
34,Jan 17 2013,Friendly in South Africa,Burkina Faso,Swaziland,1444,1109,3,0,4,-4,1448,1105,98,178,0,0,98,178,20,0,335
35,Jan 18 2013,Gulf Cup in Bahrain,Bahrain,Kuwait,1483,1472,1,6,-52,52,1431,1524,116,67,-13,13,103,80,40,100,111
36,Jan 18 2013,CONCACAF Ch q & C Am Cup in Costa Rica,Costa Rica,Belize,1668,1133,1,0,1,-1,1669,1132,45,176,0,-2,45,174,20,0,535
37,Jan 18 2013,CONCACAF Ch q & C Am Cup in Costa Rica,El Salvador,Honduras,1537,1683,1,1,8,-8,1545,1675,74,46,1,-2,75,44,40,0,-146
38,Jan 18 2013,CONCACAF Ch q & C Am Cup in Costa Rica,Guatemala,Nicaragua,1535,1122,1,1,-17,17,1518,1139,86,169,-4,3,82,172,40,0,413
39,Jan 18 2013,Gulf Cup in Bahrain,United Arab Emirates,Iraq,1575,1621,2,1,23,-23,1598,1598,51,64,8,-5,59,59,40,0,-46
40,Jan 19 2013,African Nations Cup in South Africa,Angola,Morocco,1513,1549,0,0,3,-3,1516,1546,83,72,0,1,83,73,50,0,-36
41,Jan 19 2013,Friendly in Chile,Chile,Haiti,1802,1462,3,0,3,-3,1805,1459,21,94,0,0,21,94,20,100,440
42,Jan 19 2013,African Nations Cup in South Africa,South Africa,Cape Verde,1557,1433,0,0,-14,14,1543,1447,77,95,-2,3,75,98,50,100,224
43,Jan 20 2013,CONCACAF Ch q & C Am Cup in Costa Rica,Belize,Guatemala,1132,1518,0,0,16,-16,1148,1502,162,92,6,-5,168,87,40,0,-386
44,Jan 20 2013,CONCACAF Ch q & C Am Cup in Costa Rica,Costa Rica,Nicaragua,1669,1139,2,0,2,-2,1671,1137,45,174,0,-1,45,173,30,0,530
45,Jan 20 2013,African Nations Cup in South Africa,DR Congo,Ghana,1437,1707,2,2,16,-16,1453,1691,94,40,3,-2,97,38,50,0,-270
46,Jan 20 2013,CONCACAF Ch q & C Am Cup in Costa Rica,El Salvador,Panama,1545,1694,0,0,8,-8,1553,1686,72,41,1,-1,73,40,40,0,-149
47,Jan 20 2013,African Nations Cup in South Africa,Mali,Niger,1604,1351,1,0,9,-9,1613,1342,55,125,0,0,55,125,50,0,253
48,Jan 21 2013,African Nations Cup in South Africa,Burkina Faso,Nigeria,1448,1646,1,1,13,-13,1461,1633,90,50,4,0,94,50,50,0,-198
49,Jan 21 2013,African Nations Cup in South Africa,Ethiopia,Zambia,1337,1576,1,1,15,-15,1352,1561,123,76,2,-5,125,71,50,0,-239
50,Jan 22 2013,CONCACAF Ch q & C Am Cup in Costa Rica,Belize,Nicaragua,1148,1137,2,1,19,-19,1167,1118,160,179,4,-3,164,176,40,0,11
51,Jan 22 2013,CONCACAF Ch q & C Am Cup in Costa Rica,Costa Rica,Guatemala,1671,1502,1,1,-13,13,1658,1515,47,79,-1,4,46,83,40,100,269
52,Jan 22 2013,CONCACAF Ch q & C Am Cup in Costa Rica,Honduras,Panama,1675,1686,1,1,1,-1,1676,1685,44,40,0,0,44,40,40,0,-11
53,Jan 22 2013,African Nations Cup in South Africa,Ivory Coast,Togo,1846,1412,2,1,4,-4,1850,1408,15,108,1,-1,16,107,50,0,434
54,Jan 22 2013,African Nations Cup in South Africa,Tunisia,Algeria,1585,1567,1,0,24,-24,1609,1543,50,79,6,-5,56,74,50,0,18
55,Jan 23 2013,African Nations Cup in South Africa,Cape Verde,Morocco,1447,1546,1,1,7,-7,1454,1539,97,79,1,-3,98,76,50,0,-99
56,Jan 23 2013,King's Cup in Thailand,North Korea,Sweden,1575,1907,1,1,11,-11,1586,1896,59,13,4,-2,63,11,30,0,-332
57,Jan 23 2013,African Nations Cup in South Africa,South Africa,Angola,1543,1516,2,0,24,-24,1567,1492,64,94,5,-6,69,88,50,100,127
58,Jan 23 2013,King's Cup in Thailand,Thailand,Finland,1387,1631,1,3,-14,14,1373,1645,119,49,-4,1,115,50,30,100,-144
59,Jan 24 2013,African Nations Cup in South Africa,DR Congo,Niger,1453,1342,0,0,-8,8,1445,1350,99,126,0,0,99,126,30,100,211
60,Jan 24 2013,African Nations Cup in South Africa,Ghana,Mali,1691,1613,1,0,19,-19,1710,1594,30,69,4,-7,34,62,50,0,78
61,Jan 25 2013,African Nations Cup in South Africa,Burkina Faso,Ethiopia,1461,1352,4,0,33,-33,1494,1319,82,133,6,-4,88,129,50,0,109
62,Jan 25 2013,Central American Cup in Costa Rica,Costa Rica,El Salvador,1658,1553,1,0,9,-9,1667,1544,44,73,1,0,45,73,40,100,205
63,Jan 25 2013,Central American Cup in Costa Rica,Honduras,Belize,1676,1167,1,0,2,-2,1678,1165,44,164,0,0,44,164,30,0,509
64,Jan 25 2013,African Nations Cup in South Africa,Nigeria,Zambia,1633,1561,1,1,-5,5,1628,1566,51,69,0,1,51,70,20,100,172
65,Jan 25 2013,CONCACAF Ch q & C Am Cup in Costa Rica,Panama,Guatemala,1685,1515,3,1,16,-16,1701,1499,38,90,1,-4,39,86,40,0,170
66,Jan 26 2013,African Nations Cup in South Africa,Ivory Coast,Tunisia,1850,1609,3,0,17,-17,1867,1592,14,69,1,-7,15,62,50,0,241
67,Jan 26 2013,King's Cup in Thailand,Sweden,Finland,1896,1645,3,0,10,-10,1906,1635,7,50,2,0,9,50,30,0,251
68,Jan 26 2013,King's Cup in Thailand,Thailand,North Korea,1373,1586,2,2,5,-5,1378,1581,115,67,0,-2,115,65,20,0,-213
69,Jan 26 2013,African Nations Cup in South Africa,Togo,Algeria,1408,1543,2,0,51,-51,1459,1492,83,102,12,-14,95,88,50,0,-135
70,Jan 27 2013,African Nations Cup in South Africa,Cape Verde,Angola,1454,1492,2,1,28,-28,1482,1464,85,102,7,-7,92,95,50,0,-38
71,Jan 27 2013,Central American Cup in Costa Rica,Costa Rica,Honduras,1667,1678,1,0,15,-15,1682,1663,39,46,3,-1,42,45,30,0,-11
72,Jan 27 2013,Central American Cup in Costa Rica,El Salvador,Belize,1544,1165,1,0,4,-4,1548,1161,73,168,0,-2,73,166,40,0,379
73,Jan 27 2013,African Nations Cup in South Africa,South Africa,Morocco,1567,1539,2,2,-9,9,1558,1548,75,71,-3,2,72,73,50,100,128
74,Jan 28 2013,African Nations Cup in South Africa,DR Congo,Mali,1445,1594,1,1,10,-10,1455,1584,98,67,1,-3,99,64,50,0,-149
75,Jan 28 2013,African Nations Cup in South Africa,Ghana,Niger,1710,1350,3,0,10,-10,1720,1340,30,125,2,0,32,125,50,0,360
76,Jan 29 2013,African Nations Cup in South Africa,Burkina Faso,Zambia,1494,1566,0,0,5,-5,1499,1561,83,71,2,-1,85,70,50,0,-72
77,Jan 29 2013,African Nations Cup in South Africa,Nigeria,Ethiopia,1628,1319,2,0,11,-11,1639,1308,49,141,1,-6,50,135,50,0,309
78,Jan 29 2013,Friendly in the United States,United States,Canada,1770,1585,0,0,-7,7,1763,1592,26,60,0,1,26,61,20,100,285
79,Jan 30 2013,African Nations Cup in South Africa,Algeria,Ivory Coast,1492,1867,2,2,20,-20,1512,1847,74,19,7,-2,81,17,50,0,-375
80,Jan 30 2013,Friendly in Oman,Oman,China,1483,1627,1,0,11,-11,1494,1616,87,54,2,-1,89,53,20,100,-44
81,Jan 30 2013,African Nations Cup in South Africa,Togo,Tunisia,1459,1592,1,1,9,-9,1468,1583,92,67,2,-3,94,64,50,0,-133
82,Jan 31 2013,Friendly in Jordan,Jordan,Indonesia,1486,1236,5,0,5,-5,1491,1231,90,152,0,-2,90,150,20,100,350
83,Jan 31 2013,Friendly in China,North Korea,United Arab Emirates,1581,1598,1,0,10,-10,1591,1588,57,66,4,-4,61,62,20,0,-17
84,Jan 31 2013,Friendly in Qatar,Qatar,Lebanon,1457,1318,1,0,4,-4,1461,1314,96,131,1,-1,97,130,20,100,239
85,Feb 1 2013,Friendly in the United Arab Emirates,Azerbaijan,Uzbekistan,1407,1654,0,0,6,-6,1413,1648,106,49,1,0,107,49,20,0,-247
86,Feb 1 2013,Friendly in Bahrain,Bahrain,Singapore,1431,1286,3,1,6,-6,1437,1280,100,139,2,0,102,139,20,100,245
87,Feb 1 2013,Friendly in the United Arab Emirates,Iraq,Malaysia,1598,1194,3,0,3,-3,1601,1191,56,158,1,0,57,158,20,0,404
88,Feb 2 2013,African Nations Cup in South Africa,Ghana,Cape Verde,1720,1482,2,0,15,-15,1735,1467,30,98,1,-3,31,95,50,0,238
89,Feb 2 2013,African Nations Cup in South Africa,South Africa,Mali,1558,1584,1,1,-5,5,1553,1589,72,60,0,2,72,62,50,100,74
90,Feb 3 2013,African Nations Cup in South Africa,Burkina Faso,Togo,1499,1468,1,0,23,-23,1522,1445,76,107,5,-7,81,100,50,0,31
91,Feb 3 2013,African Nations Cup in South Africa,Nigeria,Ivory Coast,1639,1847,2,1,38,-38,1677,1809,40,23,5,-3,45,20,50,0,-208
92,Feb 5 2013,Friendly in France,Armenia,Luxembourg,1531,1146,1,1,-8,8,1523,1154,81,164,-2,3,79,167,20,0,385
93,Feb 5 2013,Friendly in France,Guinea,Senegal,1504,1523,1,1,1,-1,1505,1522,86,80,0,0,86,80,20,0,-19
94,Feb 6 2013,Friendly in Albania,Albania,Georgia,1510,1512,1,2,-13,13,1497,1525,92,76,-4,3,88,79,20,100,98
95,Feb 6 2013,Friendly in the United Arab Emirates,Azerbaijan,Liechtenstein,1413,1182,1,0,4,-4,1417,1178,105,164,1,-2,106,162,20,0,231
96,Feb 6 2013,Asian Cup qualifier in the United Arab Emirates,Bahrain,Yemen,1437,1232,2,0,14,-14,1451,1218,98,156,2,-4,100,152,40,0,205
97,Feb 6 2013,Friendly in Turkey,Belarus,Hungary,1595,1691,1,1,3,-3,1598,1688,53,44,3,-2,56,42,20,0,-96
98,Feb 6 2013,Friendly in Belgium,Belgium,Slovakia,1786,1602,2,1,3,-3,1789,1599,24,54,-1,1,23,55,20,100,284
99,Feb 6 2013,Friendly in Bolivia,Bolivia,Haiti,1627,1459,2,1,4,-4,1631,1455,48,97,2,0,50,97,20,100,268
100,Feb 6 2013,African Nations Cup in South Africa,Burkina Faso,Ghana,1522,1735,1,1,14,-14,1536,1721,76,37,2,-3,78,34,50,0,-213
101,Feb 6 2013,Friendly in Spain,Chile,Egypt,1805,1680,2,1,7,-7,1812,1673,19,48,1,-2,20,46,20,0,125
102,Feb 6 2013,Friendly in the United States,Colombia,Guatemala,1902,1499,4,1,3,-3,1905,1496,5,91,3,-2,8,89,20,0,403
103,Feb 6 2013,Friendly in England,Croatia,South Korea,1880,1762,4,0,13,-13,1893,1749,8,28,3,0,11,28,20,0,118
104,Feb 6 2013,Friendly in Cyprus,Cyprus,Serbia,1425,1684,1,3,-9,9,1416,1693,109,39,-2,1,107,40,20,100,-159
105,Feb 6 2013,Friendly in England,England,Brazil,1952,2061,2,1,10,-10,1962,2051,6,4,0,-1,6,3,20,100,-9
106,Feb 6 2013,Friendly in France,France,Germany,1889,2051,1,2,-8,8,1881,2059,16,1,-2,1,14,2,20,100,-62
107,Feb 6 2013,Friendly in Greece,Greece,Switzerland,1824,1831,0,0,-3,3,1821,1834,20,17,-1,0,19,17,20,100,93
108,Feb 6 2013,World Cup qualifier in Honduras,Honduras,United States,1663,1763,2,1,20,-20,1683,1743,42,34,2,-4,44,30,40,100,0
109,Feb 6 2013,Friendly in India,India,Palestine,1151,1277,2,4,-14,14,1137,1291,176,135,-4,3,172,138,20,100,-26
110,Feb 6 2013,Asian Cup qualifier in Iran,Iran,Lebanon,1656,1314,5,0,6,-6,1662,1308,45,138,2,-4,47,134,40,100,442
111,Feb 6 2013,Asian Cup qualifier in the United Arab Emirates,Iraq,Indonesia,1601,1231,1,0,4,-4,1605,1227,51,148,3,1,54,149,40,0,370
112,Feb 6 2013,Friendly in Ireland,Ireland,Poland,1729,1704,2,0,10,-10,1739,1694,30,39,1,-1,31,38,20,100,125
113,Feb 6 2013,Friendly in Israel,Israel,Finland,1616,1635,2,1,8,-8,1624,1627,53,53,0,-1,53,52,20,100,81
114,Feb 6 2013,Friendly in Japan,Japan,Latvia,1819,1509,3,0,3,-3,1822,1506,17,85,1,0,18,85,20,100,410
115,Feb 6 2013,Asian Cup qualifier in Jordan,Jordan,Singapore,1491,1280,4,0,11,-11,1502,1269,84,143,3,-2,87,141,40,100,311
116,Feb 6 2013,Friendly in Turkey,Kazakhstan,Moldova,1339,1411,3,1,18,-18,1357,1393,120,112,3,-2,123,110,20,0,-72
117,Feb 6 2013,Friendly in Tunisia,Kenya,Libya,1361,1568,3,0,27,-27,1388,1541,101,84,10,-8,111,76,20,0,-207
118,Feb 6 2013,Friendly in Macedonia,Macedonia,Denmark,1529,1776,3,0,24,-24,1553,1752,65,31,6,-4,71,27,20,100,-147
119,Feb 6 2013,Friendly in Malta,Malta,Northern Ireland,1241,1443,0,0,3,-3,1244,1440,143,103,2,-1,145,102,20,100,-102
120,Feb 6 2013,World Cup qualifier in Mexico,Mexico,Jamaica,1916,1560,0,0,-17,17,1899,1577,11,59,-2,6,9,65,40,100,456
121,Feb 6 2013,Friendly in Myanmar,Myanmar,Philippines,1002,1180,0,1,-8,8,994,1188,191,155,-1,3,190,158,20,100,-78
122,Feb 6 2013,Friendly in Nepal,Nepal,Pakistan,918,904,0,1,-13,13,905,917,202,196,-2,2,200,198,20,100,114
123,Feb 6 2013,Friendly in the Netherlands,Netherlands,Italy,1997,1911,1,1,-5,5,1992,1916,5,6,0,1,5,7,20,100,186
124,Feb 6 2013,African Nations Cup in South Africa,Nigeria,Mali,1677,1589,4,1,33,-33,1710,1556,27,78,9,-8,36,70,50,0,88
125,Feb 6 2013,Friendly in China,North Korea,Laos,1591,854,1,0,0,0,1591,854,61,208,0,0,61,208,20,0,737
126,Feb 6 2013,Asian Cup qualifier in Oman,Oman,Syria,1494,1537,1,0,17,-17,1511,1520,79,88,5,-6,84,82,30,0,-43
127,Feb 6 2013,World Cup qualifier in Panama,Panama,Costa Rica,1701,1682,2,2,-7,7,1694,1689,37,40,1,1,38,41,40,100,119
128,Feb 6 2013,Friendly in Paraguay,Paraguay,El Salvador,1719,1548,3,0,6,-6,1725,1542,33,77,0,-2,33,75,20,100,271
129,Feb 6 2013,Friendly in Portugal,Portugal,Ecuador,1903,1850,2,3,-14,14,1889,1864,16,14,-3,1,13,15,20,100,153
130,Feb 6 2013,Asian Cup qualifier in Qatar,Qatar,Malaysia,1461,1191,2,0,6,-6,1467,1185,92,162,2,-2,94,160,40,100,370
131,Feb 6 2013,Friendly in Spain,Romania,Australia,1754,1774,3,2,11,-11,1765,1763,19,25,5,0,24,25,20,0,-20
132,Feb 6 2013,Friendly in Spain,Russia,Iceland,1887,1485,2,0,3,-3,1890,1482,11,93,1,-1,12,92,20,0,402
133,Feb 6 2013,Friendly in Rwanda,Rwanda,Uganda,1371,1565,2,2,3,-3,1374,1562,116,67,0,1,116,68,20,100,-94
134,Feb 6 2013,Asian Cup qualifier in Saudi Arabia,Saudi Arabia,China,1473,1616,2,1,22,-22,1495,1594,88,65,2,-6,90,59,40,100,-43
135,Feb 6 2013,Friendly in Scotland,Scotland,Estonia,1657,1496,1,0,4,-4,1661,1492,50,94,-1,-3,49,91,20,100,261
136,Feb 6 2013,Friendly in Slovenia,Slovenia,Bosnia and Herzegovina,1601,1746,0,3,-15,15,1586,1761,69,22,-6,4,63,26,20,100,-45
137,Feb 6 2013,Friendly in Qatar,Spain,Uruguay,2150,1856,3,1,5,-5,2155,1851,1,17,0,-1,1,16,20,0,294
138,Feb 6 2013,Friendly in Sweden,Sweden,Argentina,1906,2014,2,3,-10,10,1896,2024,11,4,-1,0,10,4,20,100,-8
139,Feb 6 2013,Friendly in Tanzania,Tanzania,Cameroon,1355,1585,1,0,14,-14,1369,1571,113,70,5,-3,118,67,20,100,-130
140,Feb 6 2013,Asian Cup qualifier in Thailand,Thailand,Kuwait,1378,1524,1,3,-26,26,1352,1550,135,68,-10,5,125,73,40,100,-46
141,Feb 6 2013,Friendly in Trinidad and Tobago,Trinidad and Tobago,Peru,1437,1709,0,2,-8,8,1429,1717,106,34,-2,1,104,35,20,100,-172
142,Feb 6 2013,Friendly in Turkey,Turkey,Czechia,1702,1775,0,2,-16,16,1686,1791,48,20,-5,2,43,22,20,100,27
143,Feb 6 2013,Friendly in Spain,Ukraine,Norway,1714,1763,2,0,17,-17,1731,1746,30,32,2,-3,32,29,20,0,-49
144,Feb 6 2013,Asian Cup qualifier in Uzbekistan,Uzbekistan,Hong Kong,1648,1165,0,0,-19,19,1629,1184,52,158,-1,3,51,161,40,100,583
145,Feb 6 2013,Asian Cup qualifier in Vietnam,Vietnam,United Arab Emirates,1243,1588,1,2,-8,8,1235,1596,148,51,-1,6,147,57,40,100,-245
146,Feb 6 2013,Friendly in Wales,Wales,Austria,1580,1603,2,1,8,-8,1588,1595,58,61,4,-3,62,58,20,100,77
147,Feb 6 2013,Friendly in Zimbabwe,Zimbabwe,Botswana,1366,1295,2,1,5,-5,1371,1290,115,140,2,-1,117,139,20,100,171
148,Feb 9 2013,African Nations Cup in South Africa,Mali,Ghana,1556,1721,3,1,54,-54,1610,1667,38,58,16,-12,54,46,50,0,-165
149,Feb 9 2013,Friendly in Nepal,Nepal,Pakistan,905,917,0,1,-12,12,893,929,202,196,-1,1,201,197,20,100,88
150,Feb 10 2013,African Nations Cup in South Africa,Nigeria,Burkina Faso,1710,1536,1,0,13,-13,1723,1523,33,80,1,-1,34,79,50,0,174
151,Feb 12 2013,Friendly in the Maldives,Maldives,Pakistan,1118,929,1,1,-7,7,1111,936,178,193,-1,2,177,195,20,100,289
152,Feb 14 2013,Friendly in the Maldives,Maldives,Pakistan,1111,936,3,0,6,-6,1117,930,177,199,0,-2,177,197,20,100,275
153,Feb 27 2013,Friendly in The Gambia,Gambia,Mauritania,1335,1122,0,2,-26,26,1309,1148,135,163,-4,6,131,169,20,100,313
154,Mar 2 2013,Asian Cup & Asian Chlg Cup q in Laos,Afghanistan,Sri Lanka,914,857,1,0,17,-17,931,840,195,210,2,-2,197,208,40,0,57
155,Mar 2 2013,Friendly in The Gambia,Gambia,Mauritania,1309,1148,0,0,-6,6,1303,1154,141,165,-5,2,136,167,20,100,261
156,Mar 2 2013,Asian Cup & Asian Chlg Cup q in Myanmar,India,Taiwan,1137,874,2,1,7,-7,1144,867,171,206,1,-1,172,205,40,0,263
157,Mar 2 2013,Asian Cup & Asian Chlg Cup q in Laos,Laos,Mongolia,854,821,1,1,-7,7,847,828,206,209,1,0,207,209,40,100,133
158,Mar 2 2013,Asian Cup & Asian Chlg Cup q in Myanmar,Myanmar,Guam,994,690,5,0,7,-7,1001,683,188,221,1,-2,189,219,40,100,404
159,Mar 2 2013,Asian Cup & Asian Chlg Cup q in Nepal,Nepal,Northern Mariana Islands,893,458,6,0,4,-4,897,454,199,235,1,0,200,235,40,100,535
160,Mar 2 2013,Asian Cup & Asian Chlg Cup q in Nepal,Palestine,Bangladesh,1291,951,1,0,5,-5,1296,946,136,194,1,0,137,194,40,0,340
161,Mar 4 2013,Asian Cup & Asian Chlg Cup q in Laos,Afghanistan,Mongolia,931,828,1,0,14,-14,945,814,193,209,2,0,195,209,40,0,103
162,Mar 4 2013,Asian Cup & Asian Chlg Cup q in Myanmar,India,Guam,1144,683,4,0,5,-5,1149,678,166,223,3,-2,169,221,40,0,461
163,Mar 4 2013,Asian Cup & Asian Chlg Cup q in Laos,Laos,Sri Lanka,847,840,4,2,21,-21,868,819,203,208,2,0,205,208,40,100,107
164,Mar 4 2013,Asian Cup & Asian Chlg Cup q in Myanmar,Myanmar,Taiwan,1001,867,1,1,-12,12,989,879,193,199,-2,3,191,202,40,100,234
165,Mar 4 2013,Asian Cup & Asian Chlg Cup q in Nepal,Nepal,Bangladesh,897,946,0,2,-34,34,863,980,212,190,-6,2,206,192,40,100,51
166,Mar 4 2013,Asian Cup & Asian Chlg Cup q in Nepal,Palestine,Northern Mariana Islands,1296,454,9,0,1,-1,1297,453,137,235,0,0,137,235,30,0,842
167,Mar 6 2013,Asian Cup & Asian Chlg Cup q in Nepal,Bangladesh,Northern Mariana Islands,980,453,4,0,3,-3,983,450,192,235,0,0,192,235,30,0,527
168,Mar 6 2013,Asian Cup & Asian Chlg Cup q in Myanmar,Guam,Taiwan,678,879,3,0,53,-53,731,826,203,214,9,-6,212,208,40,0,-201
169,Mar 6 2013,Asian Cup & Asian Chlg Cup q in Laos,Laos,Afghanistan,868,945,1,1,-1,1,867,946,205,195,0,0,205,195,20,100,23
170,Mar 6 2013,Asian Cup & Asian Chlg Cup q in Myanmar,Myanmar,India,989,1149,1,0,23,-23,1012,1126,185,179,3,-5,188,174,40,100,-60
171,Mar 6 2013,Asian Cup & Asian Chlg Cup q in Nepal,Nepal,Palestine,863,1297,0,0,15,-15,878,1282,198,141,4,-2,202,139,40,100,-334
172,Mar 6 2013,Asian Cup & Asian Chlg Cup q in Laos,Sri Lanka,Mongolia,819,814,3,0,34,-34,853,780,206,211,1,-1,207,210,40,0,5
173,Mar 7 2013,Friendly in Qatar,Qatar,Egypt,1467,1673,3,1,19,-19,1486,1654,90,53,2,-4,92,49,20,100,-106
174,Mar 13 2013,Friendly in Mozambique,Mozambique,Swaziland,1335,1105,0,0,-7,7,1328,1112,127,178,0,0,127,178,20,100,330
175,Mar 17 2013,Friendly in Bahrain,Bahrain,Lebanon,1451,1308,0,0,-6,6,1445,1314,100,125,0,4,100,129,20,100,243
176,Mar 17 2013,Asian Cup & Asian Chlg Cup q in Kyrgyzstan,Kyrgyzstan,Macao,1123,629,1,0,1,-1,1124,628,175,226,0,0,175,226,20,0,494
177,Mar 17 2013,Friendly in Malaysia,Malaysia,Saudi Arabia,1185,1495,1,4,-8,8,1177,1503,164,84,-2,3,162,87,20,100,-210
178,Mar 17 2013,Friendly in Qatar,Qatar,Thailand,1486,1352,1,0,4,-4,1490,1348,92,125,0,0,92,125,20,100,234
179,Mar 17 2013,Asian Cup & Asian Chlg Cup q in Kyrgyzstan,Tajikistan,Pakistan,1246,930,1,0,6,-6,1252,924,142,200,1,-1,143,199,40,0,316
180,Mar 19 2013,Friendly in Botswana,Botswana,Malawi,1290,1367,1,0,9,-9,1299,1358,136,124,1,-2,137,122,20,100,23
181,Mar 19 2013,Asian Cup & Asian Chlg Cup q in Kyrgyzstan,Kyrgyzstan,Pakistan,1124,924,1,0,6,-6,1130,918,173,199,1,0,174,199,40,100,300
182,Mar 19 2013,Asian Cup & Asian Chlg Cup q in Kyrgyzstan,Tajikistan,Macao,1252,628,3,0,2,-2,1254,626,143,226,0,0,143,226,40,0,624
183,Mar 20 2013,Friendly in Niger,Niger,Gambia,1340,1303,1,3,-21,21,1319,1324,130,118,-2,9,128,127,20,100,137
184,Mar 20 2013,Friendly in Oman,Oman,Haiti,1511,1455,3,0,10,-10,1521,1445,80,101,2,-2,82,99,20,100,156
185,Mar 20 2013,Friendly in Rwanda,Rwanda,Libya,1374,1541,0,1,-8,8,1366,1549,122,72,-3,2,119,74,20,100,-67
186,Mar 21 2013,Friendly in Switzerland,Brazil,Italy,2051,1916,2,2,-4,4,2047,1920,3,7,0,0,3,7,20,0,135
187,Mar 21 2013,Friendly in Ecuador,Ecuador,El Salvador,1864,1542,5,0,3,-3,1867,1539,15,78,0,-1,15,77,20,100,422
188,Mar 21 2013,Friendly in Jordan,Jordan,Belarus,1502,1598,1,0,10,-10,1512,1588,80,67,4,-5,84,62,20,100,4
189,Mar 21 2013,Friendly in Kuwait,Kuwait,Palestine,1550,1282,2,1,2,-2,1552,1280,73,139,0,0,73,139,20,100,368
190,Mar 21 2013,Asian Cup & Asian Chlg Cup q in Kyrgyzstan,Kyrgyzstan,Tajikistan,1130,1254,1,0,21,-21,1151,1233,164,151,5,-4,169,147,40,100,-24
191,Mar 21 2013,Asian Cup & Asian Chlg Cup q in Kyrgyzstan,Pakistan,Macao,918,626,2,0,9,-9,927,617,199,226,0,0,199,226,40,0,292
192,Mar 22 2013,World Cup qualifier in Andorra,Andorra,Turkey,992,1686,0,2,-2,2,990,1688,191,38,0,2,191,40,40,100,-594
193,Mar 22 2013,World Cup qualifier in Argentina,Argentina,Venezuela,2024,1710,3,0,6,-6,2030,1704,4,36,0,0,4,36,40,100,414
194,Mar 22 2013,World Cup qualifier in Austria,Austria,Faroe Islands,1595,1211,6,0,5,-5,1600,1206,58,153,0,0,58,153,40,100,484
195,Mar 22 2013,Asian Cup qualifier in Bahrain,Bahrain,Qatar,1445,1490,1,0,17,-17,1462,1473,95,96,2,-2,97,94,30,0,-45
196,Mar 22 2013,World Cup qualifier in Bosnia and Herzegovina,Bosnia and Herzegovina,Greece,1761,1821,3,1,27,-27,1788,1794,22,25,2,-3,24,22,40,100,40
197,Mar 22 2013,World Cup qualifier in Bulgaria,Bulgaria,Malta,1662,1244,6,0,4,-4,1666,1240,44,148,1,-2,45,146,20,0,418
198,Mar 22 2013,Asian Cup qualifier in China,China,Iraq,1594,1605,1,0,15,-15,1609,1590,55,65,2,-5,57,60,30,0,-11
199,Mar 22 2013,World Cup qualifier in Colombia,Colombia,Bolivia,1905,1631,5,0,8,-8,1913,1623,8,54,0,-2,8,52,40,100,374
200,Mar 22 2013,World Cup qualifier in Croatia,Croatia,Serbia,1893,1693,2,0,9,-9,1902,1684,7,45,2,-3,9,42,40,100,300
201,Mar 22 2013,World Cup qualifier in Czechia,Czechia,Denmark,1791,1752,0,3,-48,48,1743,1800,40,15,-9,6,31,21,40,100,139
202,Mar 22 2013,Friendly in Egypt,Egypt,Swaziland,1654,1112,10,0,1,-1,1655,1111,47,178,1,0,48,178,20,100,642
203,Mar 22 2013,World Cup qualifier in France,France,Georgia,1881,1525,3,1,4,-4,1885,1521,10,86,2,-4,12,82,40,100,456
204,Mar 22 2013,World Cup qualifier in Honduras,Honduras,Mexico,1683,1899,2,2,6,-6,1689,1893,35,11,4,-1,39,10,20,0,-216
205,Mar 22 2013,Asian Cup qualifier in Hong Kong,Hong Kong,Vietnam,1184,1235,1,0,17,-17,1201,1218,148,156,6,-5,154,151,30,0,-51
206,Mar 22 2013,World Cup qualifier in Hungary,Hungary,Romania,1688,1765,2,2,-1,1,1687,1766,41,26,0,-1,41,25,20,100,23
207,Mar 22 2013,World Cup qualifier in Israel,Israel,Portugal,1624,1889,3,3,9,-9,1633,1880,47,15,3,-1,50,14,40,100,-165
208,Mar 22 2013,World Cup qualifier in Jamaica,Jamaica,Panama,1577,1694,1,1,1,-1,1578,1693,66,37,0,0,66,37,30,100,-17
209,Mar 22 2013,Friendly in Qatar,Japan,Canada,1822,1592,2,1,4,-4,1826,1588,18,62,0,-1,18,61,20,0,230
210,Mar 22 2013,Asian Cup qualifier in Lebanon,Lebanon,Thailand,1314,1348,5,2,28,-28,1342,1320,120,131,5,-3,125,128,40,100,66
211,Mar 22 2013,World Cup qualifier in Liechtenstein,Liechtenstein,Latvia,1178,1506,1,1,12,-12,1190,1494,157,96,2,-5,159,91,40,100,-228
212,Mar 22 2013,World Cup qualifier in Luxembourg,Luxembourg,Azerbaijan,1154,1417,0,0,9,-9,1163,1408,165,108,1,-1,166,107,40,100,-163
213,Mar 22 2013,World Cup qualifier in Macedonia,Macedonia,Belgium,1553,1789,0,2,-19,19,1534,1808,83,17,-6,3,77,20,40,100,-136
214,Mar 22 2013,Asian Cup qualifier in Malaysia,Malaysia,Yemen,1177,1218,2,1,17,-17,1194,1201,154,156,4,-2,158,154,30,0,-41
215,Mar 22 2013,World Cup qualifier in Moldova,Moldova,Montenegro,1393,1681,0,1,-10,10,1383,1691,116,32,-3,6,113,38,40,100,-188
216,Mar 22 2013,World Cup qualifier in the Netherlands,Netherlands,Estonia,1992,1492,3,0,2,-2,1994,1490,5,93,0,-1,5,92,20,0,500
217,Mar 22 2013,World Cup qualifier in New Zealand,New Zealand,New Caledonia,1576,1353,2,1,5,-5,1581,1348,63,124,2,0,65,124,40,100,323
218,Mar 22 2013,World Cup qualifier in Norway,Norway,Albania,1746,1497,0,1,-35,35,1711,1532,41,67,-6,11,35,78,40,100,349
219,Mar 22 2013,World Cup qualifier in Peru,Peru,Chile,1717,1812,1,0,20,-20,1737,1792,29,26,3,-3,32,23,40,100,5
220,Mar 22 2013,World Cup qualifier in Poland,Poland,Ukraine,1694,1731,1,3,-35,35,1659,1766,57,18,-10,7,47,25,40,100,63
221,Mar 22 2013,World Cup qualifier in San Marino,San Marino,England,883,1962,0,8,0,0,883,1962,201,6,0,0,201,6,20,0,-1079
222,Mar 22 2013,World Cup qualifier in Scotland,Scotland,Wales,1661,1588,1,2,-29,29,1632,1617,54,44,-3,9,51,53,40,100,173
223,Mar 22 2013,World Cup qualifier in Slovakia,Slovakia,Lithuania,1599,1468,1,1,-12,12,1587,1480,70,92,-7,1,63,93,40,100,231
224,Mar 22 2013,World Cup qualifier in Slovenia,Slovenia,Iceland,1586,1482,1,2,-31,31,1555,1513,76,77,-6,8,70,85,40,100,204
225,Mar 22 2013,World Cup qualifier in Spain,Spain,Finland,2155,1627,1,1,-19,19,2136,1646,1,46,0,3,1,49,40,100,628
226,Mar 22 2013,World Cup qualifier in Sweden,Sweden,Ireland,1896,1739,0,0,-13,13,1883,1752,16,27,-3,2,13,29,40,100,257
227,Mar 22 2013,World Cup qualifier in Tahiti,Tahiti,Solomon Islands,1225,1204,2,0,20,-20,1245,1184,137,169,7,-7,144,162,40,100,121
228,Mar 22 2013,Asian Cup & Asian Chlg Cup q in the Philippines,Turkmenistan,Cambodia,1369,679,7,0,2,-2,1371,677,115,221,1,0,116,221,40,0,690
229,Mar 22 2013,Asian Cup qualifier in the United Arab Emirates,United Arab Emirates,Uzbekistan,1596,1629,2,1,16,-16,1612,1613,53,57,2,-3,55,54,30,0,-33
230,Mar 22 2013,World Cup qualifier in Uruguay,Uruguay,Paraguay,1851,1725,1,1,-11,11,1840,1736,16,33,0,0,16,33,40,100,226
231,Mar 22 2013,World Cup qualifier in the United States,United States,Costa Rica,1743,1689,1,0,12,-12,1755,1677,26,46,2,-3,28,43,40,100,154
232,Mar 23 2013,World Cup qualifier in Guinea,Angola,Senegal,1464,1522,1,1,3,-3,1467,1519,94,85,1,-2,95,83,40,0,-58
233,Mar 23 2013,Friendly in Belize,Belize,Trinidad and Tobago,1161,1429,0,0,4,-4,1165,1425,163,106,2,-1,165,105,20,100,-168
234,Mar 23 2013,World Cup qualifier in Burkina Faso,Burkina Faso,Niger,1523,1319,4,0,11,-11,1534,1308,73,135,3,-3,76,132,40,100,304
235,Mar 23 2013,World Cup qualifier in Cameroon,Cameroon,Togo,1571,1445,2,1,9,-9,1580,1436,65,104,1,-2,66,102,40,100,226
236,Mar 23 2013,World Cup qualifier in Congo,Congo,Gabon,1386,1540,1,0,23,-23,1409,1517,103,93,4,-9,107,84,40,100,-54
237,Mar 23 2013,World Cup qualifier in Cyprus,Cyprus,Switzerland,1416,1834,0,0,14,-14,1430,1820,102,19,2,-1,104,18,40,100,-318
238,Mar 23 2013,Asian Cup qualifier in Indonesia,Indonesia,Saudi Arabia,1227,1503,1,2,-11,11,1216,1514,153,81,-2,4,151,85,40,100,-176
239,Mar 23 2013,World Cup qualifier in Ivory Coast,Ivory Coast,Gambia,1809,1324,3,0,2,-2,1811,1322,19,127,0,0,19,127,20,0,485
240,Mar 23 2013,World Cup qualifier in Kazakhstan,Kazakhstan,Germany,1357,2059,0,3,-2,2,1355,2061,121,2,1,0,122,2,30,100,-602
241,Mar 23 2013,World Cup qualifier in Namibia,Namibia,Malawi,1313,1358,0,1,-23,23,1290,1381,145,106,-7,8,138,114,40,100,55
242,Mar 23 2013,World Cup qualifier in Nigeria,Nigeria,Kenya,1723,1388,1,1,-17,17,1706,1405,36,108,-1,1,35,109,40,100,435
243,Mar 23 2013,World Cup qualifier in South Africa,South Africa,Central African Republic,1553,1311,2,0,7,-7,1560,1304,69,138,1,-3,70,135,40,100,342
244,Mar 23 2013,World Cup qualifier in Tunisia,Tunisia,Sierra Leone,1583,1360,2,1,5,-5,1588,1355,58,123,3,-1,61,122,40,100,323
245,Mar 24 2013,Friendly in the Dominican Republic,Dominican Republic,Haiti,1247,1445,3,1,19,-19,1266,1426,143,108,0,-4,143,104,20,100,-98
246,Mar 24 2013,World Cup qualifier in the Dem Rep of the Congo,DR Congo,Libya,1455,1549,0,0,0,0,1455,1549,96,69,1,2,97,71,20,100,6
247,Mar 24 2013,World Cup qualifier in Equatorial Guinea,Equatorial Guinea,Cape Verde,1296,1467,4,3,24,-24,1320,1443,123,103,7,-4,130,99,40,100,-71
248,Mar 24 2013,World Cup qualifier in Ethiopia,Ethiopia,Botswana,1308,1299,1,0,14,-14,1322,1285,124,140,4,-2,128,138,40,100,109
249,Mar 24 2013,World Cup qualifier in Ghana,Ghana,Sudan,1667,1379,4,0,7,-7,1674,1372,44,119,0,-2,44,117,40,100,388
250,Mar 24 2013,World Cup qualifier in Lesotho,Lesotho,Zambia,1145,1561,1,1,14,-14,1159,1547,164,75,4,-3,168,72,40,100,-316
251,Mar 24 2013,World Cup qualifier in Liberia,Liberia,Uganda,1306,1562,2,0,43,-43,1349,1519,114,94,10,-13,124,81,40,100,-156
252,Mar 24 2013,World Cup qualifier in Mozambique,Mozambique,Guinea,1328,1505,0,0,4,-4,1332,1501,128,89,-1,0,127,89,40,100,-77
253,Mar 24 2013,Asian Cup & Asian Chlg Cup q in the Philippines,Philippines,Cambodia,1188,677,8,0,3,-3,1191,674,158,225,1,-2,159,223,40,100,611
254,Mar 24 2013,World Cup qualifier in Rwanda,Rwanda,Mali,1366,1610,1,2,-12,12,1354,1622,126,50,-3,3,123,53,40,100,-144
255,Mar 24 2013,World Cup qualifier in Tanzania,Tanzania,Morocco,1369,1548,3,1,37,-37,1406,1511,99,102,10,-14,109,88,40,100,-79
256,Mar 25 2013,Friendly in Qatar,Belarus,Canada,1588,1588,2,0,15,-15,1603,1573,55,73,3,-6,58,67,20,0,0
257,Mar 25 2013,Friendly in England,Brazil,Russia,2047,1890,1,1,-4,4,2043,1894,3,9,0,1,3,10,20,0,157
258,Mar 26 2013,Friendly in Albania,Albania,Lithuania,1532,1480,4,1,10,-10,1542,1470,72,93,2,0,74,93,20,100,152
259,Mar 26 2013,World Cup qualifier in Algeria,Algeria,Benin,1512,1400,3,1,14,-14,1526,1386,72,113,7,-1,79,112,40,100,212
260,Mar 26 2013,World Cup qualifier in Armenia,Armenia,Czechia,1523,1743,0,3,-23,23,1500,1766,101,23,-12,4,89,27,40,100,-120
261,Mar 26 2013,World Cup qualifier in Australia,Australia,Oman,1763,1521,2,2,-15,15,1748,1536,33,74,-3,2,30,76,40,100,342
262,Mar 26 2013,World Cup qualifier in Azerbaijan,Azerbaijan,Portugal,1408,1880,0,2,-6,6,1402,1886,112,8,-2,3,110,11,40,100,-372
263,Mar 26 2013,World Cup qualifier in Belgium,Belgium,Macedonia,1808,1534,1,0,4,-4,1812,1530,18,82,1,-4,19,78,40,100,374
264,Mar 26 2013,World Cup qualifier in Bolivia,Bolivia,Argentina,1623,2030,1,1,14,-14,1637,2016,50,4,1,0,51,4,40,100,-307
265,Mar 26 2013,World Cup qualifier in Chile,Chile,Uruguay,1792,1840,2,0,26,-26,1818,1814,11,20,6,-2,17,18,30,0,-48
266,Mar 26 2013,World Cup qualifier in Costa Rica,Costa Rica,Jamaica,1677,1578,2,0,14,-14,1691,1564,39,68,2,-1,41,67,40,100,199
267,Mar 26 2013,World Cup qualifier in Denmark,Denmark,Bulgaria,1800,1666,1,1,-12,12,1788,1678,25,41,-2,2,23,43,40,100,234
268,Mar 26 2013,World Cup qualifier in Ecuador,Ecuador,Paraguay,1867,1736,4,1,15,-15,1882,1721,9,35,3,-1,12,34,40,100,231
269,Mar 26 2013,World Cup qualifier in Egypt,Egypt,Zimbabwe,1655,1371,2,1,4,-4,1659,1367,48,118,0,0,48,118,40,100,384
270,Mar 26 2013,World Cup qualifier in Estonia,Estonia,Andorra,1490,990,2,0,2,-2,1492,988,92,191,0,0,92,191,20,0,500
271,Mar 26 2013,World Cup qualifier in France,France,Spain,1885,2136,0,1,-12,12,1873,2148,18,1,-3,0,15,1,40,100,-151
272,Mar 26 2013,World Cup qualifier in Germany,Germany,Kazakhstan,2061,1355,4,1,1,-1,2062,1354,2,123,0,-1,2,122,20,0,706
273,Mar 26 2013,Friendly in Iraq,Iraq,Syria,1590,1520,2,1,5,-5,1595,1515,59,88,1,-4,60,84,20,100,170
274,Mar 26 2013,World Cup qualifier in Ireland,Ireland,Austria,1752,1600,2,2,-12,12,1740,1612,33,51,-2,4,31,55,40,100,252
275,Mar 26 2013,World Cup qualifier in Jordan,Jordan,Japan,1512,1826,2,1,31,-31,1543,1795,60,25,13,-4,73,21,40,100,-214
276,Mar 26 2013,Asian Cup qualifier in Kuwait,Kuwait,Iran,1552,1662,1,1,1,-1,1553,1661,70,46,0,0,70,46,40,100,-10
277,Mar 26 2013,Friendly in Luxembourg,Luxembourg,Finland,1163,1646,0,3,-3,3,1160,1649,167,51,0,-1,167,50,20,100,-383
278,Mar 26 2013,Friendly in Malaysia,Malaysia,Palestine,1194,1280,0,2,-16,16,1178,1296,164,135,-3,2,161,137,20,100,14
279,Mar 26 2013,World Cup qualifier in Malta,Malta,Italy,1240,1920,0,2,-2,2,1238,1922,144,7,1,0,145,7,30,100,-580
280,Mar 26 2013,World Cup qualifier in Mexico,Mexico,United States,1893,1755,0,0,-12,12,1881,1767,15,24,-2,2,13,26,40,100,238
281,Mar 26 2013,World Cup qualifier in Montenegro,Montenegro,England,1691,1962,1,1,9,-9,1700,1953,40,6,-1,0,39,6,40,100,-171
282,Mar 26 2013,World Cup qualifier in the Netherlands,Netherlands,Romania,1994,1766,4,0,10,-10,2004,1756,5,31,0,-3,5,28,40,100,328
283,Mar 26 2013,World Cup qualifier in New Caledonia,New Caledonia,Tahiti,1348,1245,1,0,9,-9,1357,1236,115,148,5,-2,120,146,40,100,203
284,Mar 26 2013,World Cup qualifier in Northern Ireland,Northern Ireland,Israel,1440,1633,0,2,-22,22,1418,1655,112,48,-6,1,106,49,40,100,-93
285,Mar 26 2013,World Cup qualifier in Panama,Panama,Honduras,1693,1689,2,0,21,-21,1714,1668,33,51,2,-6,35,45,40,100,104
286,Mar 26 2013,Friendly in Peru,Peru,Trinidad and Tobago,1737,1425,3,0,3,-3,1740,1422,30,105,1,0,31,105,20,100,412
287,Mar 26 2013,Asian Cup & Asian Chlg Cup q in the Philippines,Philippines,Turkmenistan,1191,1371,1,0,25,-25,1216,1346,143,132,8,-7,151,125,40,100,-80
288,Mar 26 2013,World Cup qualifier in Poland,Poland,San Marino,1659,883,5,0,1,-1,1660,882,47,201,0,0,47,201,30,0,776
289,Mar 26 2013,World Cup qualifier in Serbia,Serbia,Scotland,1684,1632,2,0,18,-18,1702,1614,34,57,4,-3,38,54,40,100,152
290,Mar 26 2013,Friendly in Slovakia,Slovakia,Sweden,1587,1883,0,0,5,-5,1592,1878,59,15,2,-1,61,14,20,100,-196
291,Mar 26 2013,World Cup qualifier in the Solomon Islands,Solomon Islands,New Zealand,1184,1581,0,2,-9,9,1175,1590,162,62,0,1,162,63,40,100,-297
292,Mar 26 2013,World Cup qualifier in South Korea,South Korea,Qatar,1749,1473,2,1,4,-4,1753,1469,28,94,1,0,29,94,40,100,376
293,Mar 26 2013,World Cup qualifier in Turkey,Turkey,Hungary,1688,1687,1,1,-6,6,1682,1693,44,39,-2,1,42,40,40,100,101
294,Mar 26 2013,World Cup qualifier in Ukraine,Ukraine,Moldova,1766,1383,2,1,2,-2,1768,1381,25,114,0,0,25,114,20,0,383
295,Mar 26 2013,World Cup qualifier in Uzbekistan,Uzbekistan,Lebanon,1613,1342,1,0,4,-4,1617,1338,51,126,2,0,53,126,40,100,371
296,Mar 26 2013,World Cup qualifier in Venezuela,Venezuela,Colombia,1704,1913,1,0,26,-26,1730,1887,30,12,3,-2,33,10,40,100,-109
297,Mar 26 2013,World Cup qualifier in Wales,Wales,Croatia,1617,1902,1,2,-10,10,1607,1912,62,7,-4,1,58,8,40,100,-185
298,Apr 6 2013,Friendly in Bolivia,Bolivia,Brazil,1637,2043,0,4,-5,5,1632,2048,51,3,0,0,51,3,20,100,-306
299,Apr 17 2013,Friendly in the United States,Mexico,Peru,1881,1740,0,0,-4,4,1877,1744,15,31,-1,0,14,31,20,0,141
300,Apr 17 2013,Friendly in Qatar,Qatar,Palestine,1469,1296,2,0,5,-5,1474,1291,92,137,1,0,93,137,20,100,273
301,Apr 21 2013,Windward Islands Champ in St Vincent & Grenadines,St Vincent & Grenadines,Saint Lucia,1197,1021,0,2,-37,37,1160,1058,174,181,-8,2,166,183,30,100,276
302,Apr 23 2013,Windward Islands Champ in St Vincent & Grenadines,Grenada,Saint Lucia,1168,1058,2,1,10,-10,1178,1048,157,183,3,0,160,183,30,0,110
303,Apr 24 2013,Friendly in Brazil,Brazil,Chile,2048,1818,2,2,-7,7,2041,1825,3,15,0,1,3,16,20,100,330
304,Apr 25 2013,Windward Islands Champ in St Vincent & Grenadines,St Vincent & Grenadines,Grenada,1160,1178,0,1,-18,18,1142,1196,180,156,-7,2,173,158,30,100,82
305,Apr 28 2013,Friendly in Zambia,Zambia,Zimbabwe,1547,1367,2,0,5,-5,1552,1362,70,120,1,-1,71,119,20,100,280
306,May 13 2013,Friendly in Libya,Libya,Mauritania,1549,1154,2,0,2,-2,1551,1152,72,168,0,0,72,168,20,100,495
307,May 22 2013,Friendly in Oman,Oman,Iran,1536,1661,3,1,16,-16,1552,1645,66,54,5,-4,71,50,20,100,-25
308,May 22 2013,Friendly in Venezuela,Venezuela,El Salvador,1730,1539,2,1,3,-3,1733,1536,33,77,0,-1,33,76,20,100,291
309,May 24 2013,Friendly in Qatar,Qatar,Latvia,1474,1494,3,1,12,-12,1486,1482,91,95,1,-2,92,93,20,100,80
310,May 25 2013,Friendly in Algeria,Algeria,Mauritania,1526,1152,1,0,1,-1,1527,1151,79,168,0,0,79,168,20,100,474
311,May 25 2013,Friendly in Ethiopia,Ethiopia,Sudan,1322,1372,2,0,13,-13,1335,1359,126,121,1,-2,127,119,20,100,50
312,May 25 2013,Friendly in Malawi,Malawi,Zimbabwe,1381,1362,1,1,-3,3,1378,1365,118,115,-2,2,116,117,20,100,119
313,May 25 2013,Friendly in Namibia,Namibia,Zambia,1290,1552,0,0,4,-4,1294,1548,136,75,1,-2,137,73,20,100,-162
314,May 27 2013,Friendly in Iraq,Iraq,Liberia,1595,1349,0,1,-18,18,1577,1367,70,110,-5,7,65,117,20,100,346
315,May 27 2013,Friendly in Jordan,Jordan,Libya,1543,1551,1,0,7,-7,1550,1544,70,76,2,-2,72,74,20,100,92
316,May 28 2013,Friendly in Canada,Canada,Costa Rica,1573,1691,0,1,-9,9,1564,1700,66,37,0,2,66,39,20,100,-18
317,May 28 2013,Friendly in Germany,Latvia,Turkey,1482,1682,3,3,5,-5,1487,1677,91,44,1,-1,92,43,20,0,-200
318,May 29 2013,Friendly in England,England,Ireland,1953,1740,1,1,-7,7,1946,1747,6,30,0,1,6,31,20,100,313
319,May 29 2013,Friendly in the United States,Germany,Ecuador,2062,1882,4,2,8,-8,2070,1874,2,16,0,-2,2,14,20,0,180
320,May 29 2013,Friendly in Qatar,Lebanon,Oman,1338,1552,1,1,5,-5,1343,1547,126,75,0,-2,126,73,20,0,-214
321,May 29 2013,Friendly in Qatar,Qatar,Azerbaijan,1486,1402,1,1,-5,5,1481,1407,93,106,0,2,93,108,20,100,184
322,May 29 2013,Friendly in the United States,United States,Belgium,1767,1812,2,4,-17,17,1750,1829,32,13,-3,3,29,16,20,100,55
323,May 30 2013,Friendly in Japan,Japan,Bulgaria,1795,1678,0,2,-23,23,1772,1701,27,36,-3,3,24,39,20,100,217
324,May 31 2013,Friendly in Italy,Italy,San Marino,1922,882,4,0,0,0,1922,882,7,201,0,0,7,201,20,0,1040
325,May 31 2013,Friendly in the United States,Mexico,Nigeria,1877,1706,2,2,-5,5,1872,1711,17,35,-2,1,15,36,20,0,171
326,May 31 2013,Friendly in Germany,Slovenia,Turkey,1555,1677,2,0,20,-20,1575,1657,63,51,3,-4,66,47,20,0,-122
327,Jun 1 2013,Friendly in Libya,Libya,Uganda,1544,1519,3,0,11,-11,1555,1508,66,93,4,-6,70,87,20,100,125
328,Jun 1 2013,Friendly in Panama,Panama,Peru,1714,1744,1,2,-12,12,1702,1756,39,22,-2,5,37,27,20,100,70
329,Jun 2 2013,Friendly in Algeria,Algeria,Burkina Faso,1527,1534,2,0,11,-11,1538,1523,73,81,3,-2,76,79,20,100,93
330,Jun 2 2013,Friendly in Brazil,Brazil,England,2041,1946,2,2,-5,5,2036,1951,3,6,0,0,3,6,20,100,195
331,Jun 2 2013,Friendly in Ireland,Ireland,Georgia,1747,1521,4,0,5,-5,1752,1516,30,84,1,-2,31,82,20,100,326
332,Jun 2 2013,Friendly in the United States,Israel,Honduras,1655,1668,2,0,16,-16,1671,1652,40,52,4,-4,44,48,20,0,-13
333,Jun 2 2013,Friendly in Lesotho,Lesotho,South Africa,1159,1560,0,2,-5,5,1154,1565,167,65,0,2,167,67,20,100,-301
334,Jun 2 2013,Friendly in Ethiopia,Sudan,Tanzania,1359,1406,0,0,1,-1,1360,1405,120,109,0,0,120,109,20,0,-47
335,Jun 2 2013,Friendly in Ukraine,Ukraine,Cameroon,1768,1580,0,0,-7,7,1761,1587,29,64,-2,0,27,64,20,100,288
336,Jun 2 2013,Friendly in the United States,United States,Germany,1750,2070,4,3,16,-16,1766,2054,20,2,5,0,25,2,20,100,-220
337,Jun 3 2013,Friendly in Estonia,Estonia,Belarus,1492,1603,0,2,-15,15,1477,1618,95,47,-2,6,93,53,20,100,-11
338,Jun 3 2013,Friendly in Sweden,Sweden,Macedonia,1878,1530,1,0,1,-1,1879,1529,12,78,0,0,12,78,20,100,448
339,Jun 4 2013,Friendly in Egypt,Egypt,Botswana,1659,1285,1,1,-9,9,1650,1294,52,135,-3,2,49,137,20,100,474
340,Jun 4 2013,Friendly in Hong Kong,Hong Kong,Philippines,1201,1216,0,1,-12,12,1189,1228,161,147,-3,2,158,149,20,100,85
341,Jun 4 2013,World Cup qualifier in Jamaica,Jamaica,Mexico,1564,1872,0,1,-9,9,1555,1881,72,9,-2,3,70,12,40,100,-208
342,Jun 4 2013,World Cup qualifier in Japan,Japan,Australia,1772,1748,1,1,-7,7,1765,1755,28,28,-2,2,26,30,40,100,124
343,Jun 4 2013,Friendly in Kazakhstan,Kazakhstan,Bulgaria,1354,1701,1,2,-4,4,1350,1705,127,35,-2,2,125,37,20,100,-247
344,Jun 4 2013,World Cup qualifier in Lebanon,Lebanon,South Korea,1343,1753,1,1,14,-14,1357,1739,116,34,5,-2,121,32,40,100,-310
345,Jun 4 2013,Friendly in Myanmar,Myanmar,Singapore,1012,1269,0,2,-9,9,1003,1278,190,141,-1,0,189,141,20,100,-157
346,Jun 4 2013,World Cup qualifier in Oman,Oman,Iraq,1547,1577,1,0,16,-16,1563,1561,62,73,6,-4,68,69,30,0,-30
347,Jun 4 2013,Friendly in Poland,Poland,Liechtenstein,1660,1190,2,0,1,-1,1661,1189,45,157,0,1,45,158,20,100,570
348,Jun 4 2013,World Cup qualifier in Qatar,Qatar,Iran,1481,1645,0,1,-16,16,1465,1661,98,40,-3,5,95,45,40,100,-64
349,Jun 4 2013,Friendly in Romania,Romania,Trinidad and Tobago,1756,1422,4,0,3,-3,1759,1419,28,105,0,0,28,105,20,100,434
350,Jun 4 2013,Friendly in Tajikistan,Tajikistan,Afghanistan,1233,946,3,2,2,-2,1235,944,147,195,0,0,147,195,20,100,387
351,Jun 5 2013,Friendly in Denmark,Denmark,Georgia,1788,1516,2,1,2,-2,1790,1514,22,84,0,-1,22,83,20,100,372
352,Jun 5 2013,Friendly in Equatorial Guinea,Equatorial Guinea,Togo,1320,1436,0,1,-10,10,1310,1446,134,98,-2,1,132,99,20,100,-16
353,Jun 5 2013,World Cup qualifier in Kenya,Kenya,Nigeria,1405,1711,0,1,-9,9,1396,1720,113,35,-2,0,111,35,40,100,-206
354,Jun 5 2013,World Cup qualifier in Malawi,Malawi,Namibia,1378,1294,0,0,-10,10,1368,1304,116,135,0,1,116,136,40,100,184
355,Jun 5 2013,Friendly in Uruguay,Uruguay,France,1814,1873,1,0,9,-9,1823,1864,17,15,1,0,18,15,20,100,41
356,Jun 6 2013,Friendly in China,China,Uzbekistan,1609,1617,1,2,-13,13,1596,1630,60,50,-1,2,59,52,20,100,92
357,Jun 6 2013,Friendly in Hungary,Hungary,Kuwait,1693,1553,1,0,4,-4,1697,1549,42,74,0,-1,42,73,20,100,240
358,Jun 7 2013,World Cup qualifier in Albania,Albania,Norway,1542,1711,1,1,4,-4,1546,1707,71,36,2,0,73,36,40,100,-69
359,Jun 7 2013,World Cup qualifier in Argentina,Argentina,Colombia,2016,1887,0,0,-12,12,2004,1899,6,8,-1,1,5,9,40,100,229
360,Jun 7 2013,World Cup qualifier in Armenia,Armenia,Malta,1500,1238,0,1,-36,36,1464,1274,101,139,-6,3,95,142,40,100,362
361,Jun 7 2013,World Cup qualifier in Austria,Austria,Sweden,1612,1879,2,1,29,-29,1641,1850,46,17,5,-2,51,15,40,100,-167
362,Jun 7 2013,World Cup qualifier in Azerbaijan,Azerbaijan,Luxembourg,1407,1160,1,1,-15,15,1392,1175,114,158,-3,4,111,162,40,100,347
363,Jun 7 2013,World Cup qualifier in Belgium,Belgium,Serbia,1829,1702,2,1,9,-9,1838,1693,18,44,-1,-3,17,41,40,100,227
364,Jun 7 2013,World Cup qualifier in Bolivia,Bolivia,Venezuela,1632,1733,1,1,0,0,1632,1733,55,33,-2,0,53,33,20,100,-1
365,Jun 7 2013,World Cup qualifier in Costa Rica,Costa Rica,Honduras,1700,1652,1,0,12,-12,1712,1640,30,56,5,-4,35,52,40,100,148
366,Jun 7 2013,World Cup qualifier in Croatia,Croatia,Scotland,1912,1614,0,1,-36,36,1876,1650,16,43,-4,6,12,49,40,100,398
367,Jun 7 2013,World Cup qualifier in Czechia,Czechia,Italy,1766,1922,0,0,3,-3,1769,1919,30,7,-3,0,27,7,40,100,-56
368,Jun 7 2013,Friendly in Estonia,Estonia,Trinidad and Tobago,1477,1419,1,0,6,-6,1483,1413,86,107,3,-1,89,106,20,100,158
369,Jun 7 2013,World Cup qualifier in Finland,Finland,Belarus,1649,1618,1,0,13,-13,1662,1605,38,64,6,-5,44,59,40,100,131
370,Jun 7 2013,World Cup qualifier in Iceland,Iceland,Slovenia,1513,1575,2,4,-33,33,1480,1608,95,49,-5,8,90,57,40,100,38
371,Jun 7 2013,Friendly in Indonesia,Indonesia,Netherlands,1216,2004,0,3,-1,1,1215,2005,152,3,0,1,152,4,20,100,-688
372,Jun 7 2013,World Cup qualifier in Ireland,Ireland,Faroe Islands,1752,1206,3,0,2,-2,1754,1204,31,154,0,0,31,154,30,0,546
373,Jun 7 2013,World Cup qualifier in Jamaica,Jamaica,United States,1555,1766,1,2,-14,14,1541,1780,80,26,-5,-1,75,25,40,100,-111
374,Jun 7 2013,Friendly in Laos,Laos,Singapore,867,1278,2,5,-5,5,862,1283,205,139,0,1,205,140,20,100,-311
375,Jun 7 2013,World Cup qualifier in Latvia,Latvia,Bosnia and Herzegovina,1487,1788,0,5,-19,19,1468,1807,91,19,0,2,91,21,40,100,-201
376,Jun 7 2013,World Cup qualifier in Libya,Libya,DR Congo,1555,1455,0,0,-10,10,1545,1465,78,89,-4,4,74,93,40,100,200
377,Jun 7 2013,World Cup qualifier in Liechtenstein,Liechtenstein,Slovakia,1189,1592,1,1,14,-14,1203,1578,152,70,3,-5,155,65,40,100,-303
378,Jun 7 2013,World Cup qualifier in Lithuania,Lithuania,Greece,1470,1794,0,1,-9,9,1461,1803,101,23,-4,-1,97,22,40,100,-224
379,Jun 7 2013,World Cup qualifier in Moldova,Moldova,Poland,1381,1661,1,1,10,-10,1391,1651,110,51,2,-3,112,48,30,0,-280
380,Jun 7 2013,World Cup qualifier in Montenegro,Montenegro,Ukraine,1700,1761,0,4,-42,42,1658,1803,52,17,-6,5,46,22,40,100,39
381,Jun 7 2013,World Cup qualifier in Panama,Panama,Mexico,1702,1881,0,0,4,-4,1706,1877,36,10,1,1,37,11,40,100,-79
382,Jun 7 2013,World Cup qualifier in Paraguay,Paraguay,Chile,1721,1825,1,2,-20,20,1701,1845,44,15,-5,1,39,16,40,100,-4
383,Jun 7 2013,World Cup qualifier in Peru,Peru,Ecuador,1756,1874,1,0,21,-21,1777,1853,23,14,3,0,26,14,40,100,-18
384,Jun 7 2013,World Cup qualifier in Portugal,Portugal,Russia,1886,1894,1,0,15,-15,1901,1879,5,11,3,-1,8,10,30,0,-8
385,Jun 7 2013,World Cup qualifier in Sudan,Sudan,Ghana,1360,1674,1,3,-14,14,1346,1688,130,41,-5,1,125,42,40,100,-214
386,Jun 8 2013,World Cup qualifier in Angola,Angola,Senegal,1467,1519,1,1,-3,3,1464,1522,96,80,-2,0,94,80,40,100,48
387,Jun 8 2013,World Cup qualifier in Botswana,Botswana,Ethiopia,1294,1335,1,2,-23,23,1271,1358,146,115,-4,6,142,121,40,100,59
388,Jun 8 2013,World Cup qualifier in Cape Verde,Cape Verde,Equatorial Guinea,1443,1310,2,1,8,-8,1451,1302,98,140,1,-4,99,136,40,100,233
389,Jun 8 2013,World Cup qualifier in Gabon,Gabon,Congo,1517,1409,0,0,-11,11,1506,1420,91,103,-5,2,86,105,40,100,208
390,Jun 8 2013,World Cup qualifier in The Gambia,Gambia,Ivory Coast,1322,1811,0,3,-7,7,1315,1818,133,20,-2,0,131,20,40,100,-389
391,Jun 8 2013,World Cup qualifier in Morocco,Morocco,Tanzania,1511,1405,2,1,9,-9,1520,1396,77,110,4,-1,81,109,40,100,206
392,Jun 8 2013,World Cup qualifier in Sierra Leone,Sierra Leone,Tunisia,1355,1588,2,2,7,-7,1362,1581,116,65,3,-1,119,64,40,100,-133
393,Jun 8 2013,World Cup qualifier in Cameroon,South Africa,Central African Republic,1565,1304,3,0,13,-13,1578,1291,64,138,1,-1,65,137,40,0,261
394,Jun 8 2013,Friendly in the United States,Spain,Haiti,2148,1426,2,1,0,0,2148,1426,1,103,0,0,1,103,20,0,722
395,Jun 8 2013,World Cup qualifier in Switzerland,Switzerland,Cyprus,1820,1430,1,0,2,-2,1822,1428,19,102,0,0,19,102,20,0,390
396,Jun 8 2013,World Cup qualifier in Uganda,Uganda,Liberia,1508,1367,1,0,8,-8,1516,1359,78,123,4,-3,82,120,40,100,241
397,Jun 8 2013,World Cup qualifier in Zambia,Zambia,Lesotho,1548,1154,4,0,4,-4,1552,1150,68,171,2,-2,70,169,20,0,394
398,Jun 9 2013,World Cup qualifier in Benin,Benin,Algeria,1386,1538,1,3,-26,26,1360,1564,125,56,-6,10,119,66,40,100,-52
399,Jun 9 2013,Friendly in Brazil,Brazil,France,2036,1864,3,0,6,-6,2042,1858,3,13,0,0,3,13,20,100,272
400,Jun 9 2013,World Cup qualifier in Guinea,Guinea,Mozambique,1501,1332,6,1,14,-14,1515,1318,79,130,4,-1,83,129,40,100,269
401,Jun 9 2013,World Cup qualifier in Mali,Mali,Rwanda,1622,1354,1,1,-16,16,1606,1370,61,106,-3,9,58,115,40,100,368
402,Jun 9 2013,World Cup qualifier in Niger,Niger,Burkina Faso,1308,1523,0,1,-14,14,1294,1537,138,75,-2,2,136,77,40,100,-115
403,Jun 9 2013,World Cup qualifier in Togo,Togo,Cameroon,1446,1587,2,0,34,-34,1480,1553,80,77,10,-7,90,70,40,100,-41
404,Jun 9 2013,World Cup qualifier in Zimbabwe,Zimbabwe,Egypt,1365,1650,2,4,-15,15,1350,1665,131,39,-7,5,124,44,40,100,-185
405,Jun 10 2013,Friendly in Switzerland,Portugal,Croatia,1901,1876,1,0,9,-9,1910,1867,8,12,0,0,8,12,20,0,25
406,Jun 11 2013,World Cup qualifier in Australia,Australia,Jordan,1755,1550,4,0,11,-11,1766,1539,24,78,3,-3,27,75,40,100,305
407,Jun 11 2013,World Cup qualifier in Belarus,Belarus,Finland,1605,1662,1,1,-2,2,1603,1664,59,47,0,-1,59,46,30,100,43
408,Jun 11 2013,World Cup qualifier in Chile,Chile,Bolivia,1845,1632,3,1,8,-8,1853,1624,14,53,1,0,15,53,40,100,313
409,Jun 11 2013,Friendly in China,China,Netherlands,1596,2005,0,2,-4,4,1592,2009,60,4,0,0,60,4,20,100,-309
410,Jun 11 2013,World Cup qualifier in Colombia,Colombia,Peru,1899,1777,2,0,13,-13,1912,1764,5,30,2,-2,7,28,40,100,222
411,Jun 11 2013,World Cup qualifier in Denmark,Denmark,Armenia,1790,1464,0,4,-69,69,1721,1533,42,61,-9,17,33,78,40,100,426
412,Jun 11 2013,World Cup qualifier in Ecuador,Ecuador,Argentina,1853,2004,1,1,3,-3,1856,2001,14,5,0,0,14,5,40,100,-51
413,Jun 11 2013,Friendly in Estonia,Estonia,Kyrgyzstan,1483,1151,1,1,-8,8,1475,1159,95,167,-3,0,92,167,20,100,432
414,Jun 11 2013,Friendly in Guatemala,Guatemala,Belize,1496,1165,0,0,-8,8,1488,1173,90,165,-1,0,89,165,20,100,431
415,Jun 11 2013,Friendly in Brazil,Haiti,Italy,1426,1919,2,2,9,-9,1435,1910,99,9,2,-1,101,8,20,0,-493
416,Jun 11 2013,World Cup qualifier in Honduras,Honduras,Jamaica,1640,1541,2,0,14,-14,1654,1527,46,82,3,-3,49,79,40,100,199
417,Jun 11 2013,World Cup qualifier in Iran,Iran,Lebanon,1661,1357,4,0,7,-7,1668,1350,42,124,2,-1,44,123,40,100,404
418,Jun 11 2013,World Cup qualifier in Qatar,Japan,Iraq,1765,1561,1,0,9,-9,1774,1552,22,71,3,-1,25,70,40,0,204
419,Jun 11 2013,World Cup qualifier in Mexico,Mexico,Costa Rica,1877,1712,0,0,-13,13,1864,1725,13,29,-1,3,12,32,40,100,265
420,Jun 11 2013,Friendly in Norway,Norway,Macedonia,1707,1529,2,0,5,-5,1712,1524,34,81,1,-1,35,80,20,100,278
421,Jun 11 2013,Friendly in Qatar,Qatar,North Korea,1465,1591,0,0,1,-1,1466,1590,95,61,-1,0,94,61,20,100,-26
422,Jun 11 2013,World Cup qualifier in South Korea,South Korea,Uzbekistan,1739,1630,1,0,9,-9,1748,1621,30,54,1,0,31,54,40,100,209
423,Jun 11 2013,Friendly in the United States,Spain,Ireland,2148,1754,2,0,3,-3,2151,1751,1,29,0,1,1,30,20,0,394
424,Jun 11 2013,World Cup qualifier in Sweden,Sweden,Faroe Islands,1850,1204,2,0,1,-1,1851,1203,17,154,-1,0,16,154,20,0,646
425,Jun 11 2013,World Cup qualifier in the United States,United States,Panama,1780,1706,2,0,16,-16,1796,1690,23,45,1,-4,24,41,40,100,174
426,Jun 11 2013,World Cup qualifier in Venezuela,Venezuela,Uruguay,1733,1823,0,1,-21,21,1712,1844,37,16,-2,1,35,17,40,100,10
427,Jun 12 2013,Friendly in Ghana,Ghana,Ivory Coast,1688,1818,2,1,11,-11,1699,1807,36,20,3,0,39,20,20,100,-30
428,Jun 12 2013,World Cup qualifier in Malawi,Malawi,Kenya,1368,1396,2,2,-4,4,1364,1400,116,107,0,1,116,108,40,100,72
429,Jun 12 2013,World Cup qualifier in Namibia,Namibia,Nigeria,1304,1720,1,1,14,-14,1318,1706,124,38,5,-2,129,36,40,100,-316
430,Jun 14 2013,Friendly in Ghana,Ghana,Ivory Coast,1699,1807,1,1,0,0,1699,1807,39,20,0,0,39,20,20,100,-8
431,Jun 14 2013,Friendly in Guatemala,Guatemala,Argentina,1488,2001,0,4,-3,3,1485,2004,89,5,0,0,89,5,20,100,-413
432,Jun 14 2013,World Cup qualifier in Libya,Libya,Togo,1545,1480,2,0,17,-17,1562,1463,64,102,5,-6,69,96,40,100,165
433,Jun 14 2013,Friendly in Moldova,Moldova,Kyrgyzstan,1391,1159,2,1,3,-3,1394,1156,110,167,1,0,111,167,20,100,332
434,Jun 15 2013,World Cup qualifier in Botswana,Botswana,Central African Republic,1271,1291,3,2,15,-15,1286,1276,132,145,5,-4,137,141,40,100,80
435,Jun 15 2013,Confederations Cup in Brazil,Brazil,Japan,2042,1774,3,0,9,-9,2051,1765,3,29,0,-2,3,27,30,0,268
436,Jun 15 2013,World Cup qualifier in Cape Verde,Cape Verde,Sierra Leone,1451,1362,1,0,10,-10,1461,1352,94,130,3,-6,97,124,40,100,189
437,Jun 15 2013,Friendly in China,China,Thailand,1592,1320,1,5,-34,34,1558,1354,78,118,-9,5,69,123,20,100,372
438,Jun 15 2013,World Cup qualifier in Congo,Congo,Burkina Faso,1420,1537,0,1,-19,19,1401,1556,109,64,-2,6,107,70,40,100,-17
439,Jun 15 2013,World Cup qualifier in Gabon,Gabon,Niger,1506,1294,4,1,10,-10,1516,1284,80,140,4,-2,84,138,40,100,312
440,Jun 15 2013,World Cup qualifier in Morocco,Morocco,Gambia,1520,1315,2,0,9,-9,1529,1306,76,136,3,-2,79,134,40,100,305
441,Jun 15 2013,World Cup qualifier in Uganda,Uganda,Angola,1516,1464,2,1,12,-12,1528,1452,77,105,3,-5,80,100,40,100,152
442,Jun 15 2013,World Cup qualifier in Zambia,Zambia,Sudan,1552,1346,1,1,-14,14,1538,1360,81,110,-5,8,76,118,40,100,306
443,Jun 16 2013,World Cup qualifier in the Dem Rep of the Congo,DR Congo,Cameroon,1465,1553,0,0,-1,1,1464,1554,94,69,0,1,94,70,30,100,12
444,Jun 16 2013,World Cup qualifier in Equatorial Guinea,Equatorial Guinea,Tunisia,1302,1581,1,1,9,-9,1311,1572,127,66,4,-2,131,64,40,100,-179
445,Jun 16 2013,World Cup qualifier in Ethiopia,Ethiopia,South Africa,1358,1578,2,1,27,-27,1385,1551,105,81,8,-9,113,72,40,100,-120
446,Jun 16 2013,World Cup qualifier in Guinea,Guinea,Zimbabwe,1515,1350,1,0,7,-7,1522,1343,83,129,1,-2,84,127,40,100,265
447,Jun 16 2013,Confederations Cup in Brazil,Italy,Mexico,1910,1864,2,1,22,-22,1932,1842,6,20,1,-4,7,16,50,0,46
448,Jun 16 2013,World Cup qualifier in Lesotho,Lesotho,Ghana,1150,1699,0,2,-4,4,1146,1703,173,37,-2,1,171,38,40,100,-449
449,Jun 16 2013,World Cup qualifier in Liberia,Liberia,Senegal,1359,1522,0,2,-25,25,1334,1547,136,65,-8,9,128,74,40,100,-63
450,Jun 16 2013,World Cup qualifier in Mali,Mali,Benin,1606,1360,2,2,-15,15,1591,1375,60,114,-1,2,59,116,40,100,346
451,Jun 16 2013,World Cup qualifier in Mozambique,Mozambique,Egypt,1318,1665,0,1,-8,8,1310,1673,135,41,-3,2,132,43,40,100,-247
452,Jun 16 2013,World Cup qualifier in Rwanda,Rwanda,Algeria,1370,1564,0,1,-15,15,1355,1579,127,59,-6,3,121,62,40,100,-94
453,Jun 16 2013,Confederations Cup in Brazil,Spain,Uruguay,2151,1844,2,1,7,-7,2158,1837,1,19,0,-1,1,18,50,0,307
454,Jun 16 2013,World Cup qualifier in Tanzania,Tanzania,Ivory Coast,1396,1807,2,4,-9,9,1387,1816,114,20,-2,0,112,20,40,100,-311
455,Jun 17 2013,Confederations Cup in Brazil,Nigeria,Tahiti,1706,1236,6,1,6,-6,1712,1230,32,150,2,-2,34,148,50,0,470
456,Jun 18 2013,World Cup qualifier in Australia,Australia,Iraq,1766,1552,1,0,6,-6,1772,1546,24,79,1,-4,25,75,40,100,314
457,Jun 18 2013,World Cup qualifier in Costa Rica,Costa Rica,Panama,1725,1690,2,0,19,-19,1744,1671,30,46,1,-2,31,44,40,100,135
458,Jun 18 2013,World Cup qualifier in Jordan,Jordan,Oman,1539,1563,1,0,16,-16,1555,1547,62,80,7,-7,69,73,30,0,-24
459,Jun 18 2013,World Cup qualifier in South Korea,South Korea,Iran,1748,1668,0,1,-30,30,1718,1698,35,35,-2,5,33,40,40,100,180
460,Jun 18 2013,World Cup qualifier in the United States,United States,Honduras,1796,1654,1,0,8,-8,1804,1646,20,53,2,-2,22,51,40,100,242
461,Jun 18 2013,World Cup qualifier in Uzbekistan,Uzbekistan,Qatar,1621,1466,5,1,14,-14,1635,1452,52,105,1,-6,53,99,40,100,255
462,Jun 19 2013,Confederations Cup in Brazil,Brazil,Mexico,2051,1842,2,0,11,-11,2062,1831,1,20,1,-2,2,18,50,100,309
463,Jun 19 2013,Confederations Cup in Brazil,Italy,Japan,1932,1765,4,3,14,-14,1946,1751,7,31,0,-2,7,29,50,0,167
464,Jun 20 2013,Confederations Cup in Brazil,Spain,Tahiti,2158,1230,10,0,1,-1,2159,1229,1,148,0,0,1,148,40,0,928
465,Jun 20 2013,Confederations Cup in Brazil,Uruguay,Nigeria,1837,1712,2,1,16,-16,1853,1696,11,48,3,-7,14,41,50,0,125
466,Jun 22 2013,Confederations Cup in Brazil,Brazil,Italy,2062,1946,4,2,17,-17,2079,1929,2,7,0,0,2,7,50,100,216
467,Jun 22 2013,Confederations Cup in Brazil,Mexico,Japan,1831,1751,2,1,19,-19,1850,1732,16,33,1,-2,17,31,50,0,80
468,Jun 22 2013,Friendly in France,Monaco,Vatican,895,700,2,0,7,-7,902,693,200,218,0,-1,200,217,20,0,195
469,Jun 23 2013,Confederations Cup in Brazil,Spain,Nigeria,2159,1696,3,0,6,-6,2165,1690,1,43,0,-1,1,42,50,0,463
470,Jun 23 2013,Confederations Cup in Brazil,Uruguay,Tahiti,1853,1229,8,0,3,-3,1856,1226,12,150,1,-1,13,149,40,0,624
471,Jun 26 2013,Confederations Cup in Brazil,Brazil,Uruguay,2079,1856,2,1,7,-7,2086,1849,2,21,0,-4,2,17,30,0,223
472,Jun 27 2013,Confederations Cup in Brazil,Italy,Spain,1929,2165,0,0,15,-15,1944,2150,7,1,0,0,7,1,50,0,-236
473,Jun 30 2013,Confederations Cup in Brazil,Brazil,Spain,2086,2150,3,0,39,-39,2125,2111,0,3,1,-1,1,2,50,100,36
474,Jun 30 2013,Confederations Cup in Brazil,Italy,Uruguay,1944,1849,2,2,-7,7,1937,1856,7,9,0,4,7,13,50,0,95
475,Jul 5 2013,Friendly in the United States,United States,Guatemala,1804,1485,6,0,3,-3,1807,1482,20,89,1,0,21,89,20,100,419
476,Jul 6 2013,Friendly in Malawi,Malawi,Mozambique,1364,1310,0,1,-14,14,1350,1324,129,126,-6,3,123,129,20,100,154
477,Jul 6 2013,COSAFA Cup in Zambia,Namibia,Mauritius,1318,1029,2,1,6,-6,1324,1023,129,185,0,0,129,185,40,0,289
478,Jul 7 2013,COSAFA Cup in Zambia,Botswana,Swaziland,1286,1111,0,0,-9,9,1277,1120,143,174,-3,2,140,176,40,0,175
479,Jul 7 2013,CONCACAF Championship in the United States,Martinique,Canada,1399,1564,1,0,36,-36,1435,1528,93,95,8,-15,101,80,50,0,-165
480,Jul 7 2013,CONCACAF Championship in the United States,Panama,Mexico,1671,1850,2,1,37,-37,1708,1813,28,23,8,-3,36,20,50,0,-179
481,Jul 8 2013,CONCACAF Championship in the United States,El Salvador,Trinidad and Tobago,1536,1413,2,2,-8,8,1528,1421,81,103,-2,2,79,105,30,100,223
482,Jul 8 2013,CONCACAF Championship in the United States,Honduras,Haiti,1646,1435,2,0,17,-17,1663,1418,43,111,4,-5,47,106,50,0,211
483,Jul 8 2013,COSAFA Cup in Zambia,Kenya,Lesotho,1400,1146,2,2,-12,12,1388,1158,113,163,-2,4,111,167,30,100,354
484,Jul 8 2013,COSAFA Cup in Zambia,Namibia,Seychelles,1324,1012,4,2,9,-9,1333,1003,129,188,0,0,129,188,40,0,312
485,Jul 9 2013,COSAFA Cup in Zambia,Botswana,Lesotho,1277,1158,3,3,-7,7,1270,1165,144,165,-2,1,142,166,40,0,119
486,Jul 9 2013,CONCACAF Championship in the United States,Costa Rica,Cuba,1744,1433,3,0,13,-13,1757,1420,28,108,1,-3,29,105,50,0,311
487,Jul 9 2013,COSAFA Cup in Zambia,Kenya,Swaziland,1388,1120,2,0,11,-11,1399,1109,107,180,2,-2,109,178,40,0,268
488,Jul 9 2013,CONCACAF Championship in the United States,United States,Belize,1807,1173,6,1,1,-1,1808,1172,21,165,0,0,21,165,20,0,634
489,Jul 10 2013,COSAFA Cup in Zambia,Mauritius,Seychelles,1023,1003,4,0,35,-35,1058,968,181,196,2,-4,183,192,40,0,20
490,Jul 11 2013,COSAFA Cup in Zambia,Botswana,Kenya,1270,1399,2,1,27,-27,1297,1372,130,123,6,-7,136,116,40,0,-129
491,Jul 11 2013,COSAFA Cup in Zambia,Lesotho,Swaziland,1165,1109,2,0,25,-25,1190,1084,152,182,7,-2,159,180,40,0,56
492,Jul 11 2013,CONCACAF Championship in the United States,Mexico,Canada,1813,1528,2,0,12,-12,1825,1516,16,89,2,-5,18,84,50,0,285
493,Jul 11 2013,CONCACAF Championship in the United States,Panama,Martinique,1708,1435,1,0,9,-9,1717,1426,32,103,2,-1,34,102,50,0,273
494,Jul 12 2013,CONCACAF Championship in the United States,Haiti,Trinidad and Tobago,1418,1421,2,0,38,-38,1456,1383,90,122,8,-9,98,113,50,0,-3
495,Jul 12 2013,CONCACAF Championship in the United States,Honduras,El Salvador,1663,1528,1,0,16,-16,1679,1512,41,97,3,-9,44,88,50,0,135
496,Jul 13 2013,CONCACAF Championship in the United States,Costa Rica,Belize,1757,1172,1,0,2,-2,1759,1170,27,166,1,0,28,166,50,0,585
497,Jul 13 2013,COSAFA Cup in Zambia,Malawi,Zimbabwe,1350,1343,1,1,0,0,1350,1343,123,127,0,0,123,127,20,0,7
498,Jul 13 2013,COSAFA Cup in Zambia,South Africa,Namibia,1551,1333,2,1,9,-9,1560,1324,62,129,4,0,66,129,40,0,218
499,Jul 13 2013,CONCACAF Championship in the United States,United States,Cuba,1808,1420,4,1,5,-5,1813,1415,21,107,0,-1,21,106,30,0,388
500,Jul 14 2013,COSAFA Cup in Zambia,Angola,Lesotho,1452,1190,1,1,-13,13,1439,1203,102,149,-1,5,101,154,40,0,262
501,Jul 14 2013,Island Games in Bermuda,Bermuda,Greenland,1187,967,3,0,10,-10,1197,957,157,195,2,-1,159,194,40,100,320
502,Jul 14 2013,CONCACAF Championship in the United States,Canada,Panama,1516,1717,0,0,13,-13,1529,1704,73,40,5,-3,78,37,50,0,-201
503,Jul 14 2013,CONCACAF Championship in the United States,Mexico,Martinique,1825,1426,3,1,7,-7,1832,1419,18,105,0,-1,18,104,50,0,399
504,Jul 14 2013,COSAFA Cup in Zambia,Zambia,Mozambique,1538,1324,3,1,8,-8,1546,1316,72,131,2,-1,74,130,40,100,314
505,Jul 15 2013,Island Games in Bermuda,Bermuda,Falkland Islands,1197,593,8,0,2,-2,1199,591,157,228,1,0,158,228,30,0,604
506,Jul 15 2013,CONCACAF Championship in the United States,El Salvador,Haiti,1512,1456,1,0,21,-21,1533,1435,66,106,11,-4,77,102,50,0,56
507,Jul 15 2013,CONCACAF Championship in the United States,Trinidad and Tobago,Honduras,1383,1679,2,0,63,-63,1446,1616,87,64,13,-10,100,54,50,0,-296
508,Jul 16 2013,COSAFA Cup in Zambia,Angola,Malawi,1439,1350,3,2,15,-15,1454,1335,97,133,2,-5,99,128,40,0,89
509,Jul 16 2013,CONCACAF Championship in the United States,Cuba,Belize,1415,1170,4,0,18,-18,1433,1152,99,170,4,-2,103,168,50,0,245
510,Jul 16 2013,COSAFA Cup in Zambia,Mozambique,Namibia,1316,1324,1,0,20,-20,1336,1304,124,141,3,-6,127,135,40,0,-8
511,Jul 16 2013,CONCACAF Championship in the United States,United States,Costa Rica,1813,1759,1,0,15,-15,1828,1744,17,32,2,-2,19,30,50,100,154
512,Jul 17 2013,Island Games in Bermuda,Greenland,Falkland Islands,957,591,9,0,11,-11,968,580,190,230,2,-1,192,229,40,0,366
513,Jul 17 2013,COSAFA Cup in Zambia,Zambia,South Africa,1546,1560,0,0,-5,5,1541,1565,78,64,-2,1,76,65,40,100,86
514,Jul 17 2013,COSAFA Cup in Zambia,Zimbabwe,Lesotho,1343,1203,2,1,12,-12,1355,1191,114,166,6,-6,120,160,40,0,140
515,Jul 18 2013,Island Games in Bermuda,Bermuda,Greenland,1199,968,1,0,5,-5,1204,963,151,196,3,-2,154,194,40,100,331
516,Jul 18 2013,COSAFA Cup in Zambia,Mozambique,Angola,1336,1454,1,0,27,-27,1363,1427,107,109,10,-5,117,104,40,0,-118
517,Jul 20 2013,CONCACAF Championship in the United States,Mexico,Trinidad and Tobago,1832,1446,1,0,5,-5,1837,1441,18,100,0,0,18,100,50,0,386
518,Jul 20 2013,CONCACAF Championship in the United States,Panama,Cuba,1704,1433,6,1,17,-17,1721,1416,27,112,5,-5,32,107,50,0,271
519,Jul 20 2013,COSAFA Cup in Zambia,South Africa,Lesotho,1565,1191,2,1,4,-4,1569,1187,65,162,0,-1,65,161,40,0,374
520,Jul 20 2013,East Asian Championship in South Korea,South Korea,Australia,1718,1772,0,0,-3,3,1715,1775,35,25,-1,0,34,25,40,100,46
521,Jul 20 2013,COSAFA Cup in Zambia,Zambia,Zimbabwe,1541,1355,2,0,10,-10,1551,1345,66,133,5,-6,71,127,40,100,286
522,Jul 21 2013,East Asian Championship in South Korea,China,Japan,1558,1732,3,3,9,-9,1567,1723,65,29,1,1,66,30,40,0,-174
523,Jul 21 2013,CONCACAF Championship in the United States,Honduras,Costa Rica,1616,1744,1,0,34,-34,1650,1710,46,42,4,-6,50,36,50,0,-128
524,Jul 21 2013,CONCACAF Championship in the United States,United States,El Salvador,1828,1533,5,1,9,-9,1837,1524,17,87,1,-5,18,82,30,0,295
525,Jul 24 2013,CONCACAF Championship in the United States,Panama,Mexico,1721,1837,2,1,33,-33,1754,1804,27,26,2,-4,29,22,50,0,-116
526,Jul 24 2013,East Asian Championship in South Korea,South Korea,China,1715,1567,0,0,-12,12,1703,1579,41,58,-4,4,37,62,40,100,248
527,Jul 24 2013,CONCACAF Championship in the United States,United States,Honduras,1837,1650,3,1,12,-12,1849,1638,16,54,1,-2,17,52,50,100,287
528,Jul 25 2013,East Asian Championship in South Korea,Japan,Australia,1723,1775,3,2,23,-23,1746,1752,31,33,0,-4,31,29,40,0,-52
529,Jul 28 2013,East Asian Championship in South Korea,China,Australia,1579,1752,4,3,29,-29,1608,1723,50,33,6,-2,56,31,40,0,-173
530,Jul 28 2013,East Asian Championship in South Korea,South Korea,Japan,1703,1746,1,2,-23,23,1680,1769,49,19,-6,6,43,25,40,100,57
531,Jul 28 2013,CONCACAF Championship in the United States,United States,Panama,1849,1754,1,0,12,-12,1861,1742,7,32,5,-2,12,30,50,100,195
532,Aug 6 2013,Friendly in Jordan,Jordan,Palestine,1555,1291,4,1,4,-4,1559,1287,67,137,1,0,68,137,20,100,364
533,Aug 9 2013,Friendly in Jordan,Jordan,Libya,1559,1562,2,1,7,-7,1566,1555,66,71,1,-2,67,69,20,100,97
534,Aug 14 2013,Friendly in Albania,Albania,Armenia,1546,1533,2,0,10,-10,1556,1523,63,87,6,-5,69,82,20,100,113
535,Aug 14 2013,Friendly in Algeria,Algeria,Guinea,1579,1522,2,2,-4,4,1575,1526,67,76,-2,4,65,80,20,100,157
536,Aug 14 2013,Friendly in Austria,Austria,Greece,1641,1803,0,2,-12,12,1629,1815,55,19,-2,2,53,21,20,100,-62
537,Aug 14 2013,Friendly in Azerbaijan,Azerbaijan,Malta,1392,1274,3,0,8,-8,1400,1266,106,142,2,0,108,142,20,100,218
538,Aug 14 2013,Friendly in Belarus,Belarus,Montenegro,1603,1658,1,1,-1,1,1602,1659,57,49,1,-1,58,48,20,100,45
539,Aug 14 2013,Friendly in Belgium,Belgium,France,1838,1858,0,0,-2,2,1836,1860,20,13,-1,0,19,13,20,100,80
540,Aug 14 2013,Friendly in Bosnia and Herzegovina,Bosnia and Herzegovina,United States,1807,1861,3,4,-11,11,1796,1872,27,8,-3,2,24,10,20,100,46
541,Aug 14 2013,Friendly in Portugal,Cape Verde,Gabon,1461,1516,1,1,2,-2,1463,1514,92,87,2,-1,94,86,20,0,-55
542,Aug 14 2013,Friendly in Denmark,Chile,Iraq,1853,1546,6,0,6,-6,1859,1540,12,79,2,-2,14,77,20,0,307
543,Aug 14 2013,Friendly in Spain,Colombia,Serbia,1912,1693,1,0,4,-4,1916,1689,8,41,0,0,8,41,20,0,219
544,Aug 14 2013,Friendly in the Dominican Republic,Dominican Republic,Costa Rica,1266,1710,0,4,-5,5,1261,1715,144,29,0,3,144,32,20,100,-344
545,Aug 14 2013,Friendly in Ecuador,Ecuador,Spain,1856,2111,0,2,-9,9,1847,2120,18,0,-2,1,16,1,20,100,-155
546,Aug 14 2013,Friendly in Egypt,Egypt,Uganda,1673,1528,3,0,7,-7,1680,1521,42,86,1,-3,43,83,20,100,245
547,Aug 14 2013,Friendly in England,England,Scotland,1951,1650,3,2,2,-2,1953,1648,6,50,0,0,6,50,20,100,401
548,Aug 14 2013,Friendly in Estonia,Estonia,Latvia,1475,1468,1,1,-3,3,1472,1471,91,92,0,0,91,92,20,100,107
549,Aug 14 2013,Friendly in Finland,Finland,Slovenia,1664,1608,2,0,9,-9,1673,1599,44,62,1,-3,45,59,20,100,156
550,Aug 14 2013,Friendly in Germany,Germany,Paraguay,2054,1701,3,3,-9,9,2045,1710,3,32,0,3,3,35,20,100,453
551,Aug 14 2013,Friendly in Hungary,Hungary,Czechia,1697,1769,1,1,-1,1,1696,1770,40,25,0,0,40,25,20,100,28
552,Aug 14 2013,Friendly in Iceland,Iceland,Faroe Islands,1480,1203,1,0,2,-2,1482,1201,88,157,1,-1,89,156,20,100,377
553,Aug 14 2013,Friendly in Indonesia,Indonesia,Philippines,1215,1228,2,0,11,-11,1226,1217,144,156,4,-4,148,152,20,100,87
554,Aug 14 2013,Friendly tournament in Italy,Italy,Argentina,1937,2004,1,2,-16,16,1921,2020,7,3,0,1,7,4,30,100,33
555,Aug 14 2013,Friendly in Japan,Japan,Uruguay,1769,1856,2,4,-16,16,1753,1872,29,6,-2,4,27,10,20,100,13
556,Aug 14 2013,Friendly in Kazakhstan,Kazakhstan,Georgia,1350,1514,1,0,12,-12,1362,1502,114,89,5,-1,119,88,20,100,-64
557,Aug 14 2013,Friendly in Libya,Libya,Central African Republic,1555,1276,0,0,-8,8,1547,1284,79,135,-5,3,74,138,20,100,379
558,Aug 14 2013,Friendly in Liechtenstein,Liechtenstein,Croatia,1203,1867,2,3,-1,1,1202,1868,155,13,0,-1,155,12,20,100,-564
559,Aug 14 2013,Friendly in Luxembourg,Luxembourg,Lithuania,1175,1461,2,1,15,-15,1190,1446,157,104,3,-4,160,100,20,100,-186
560,Aug 14 2013,Friendly in Macedonia,Macedonia,Bulgaria,1524,1705,2,0,18,-18,1542,1687,70,48,6,-6,76,42,20,100,-81
561,Aug 14 2013,Friendly in the United States,Mexico,Ivory Coast,1804,1816,4,1,18,-18,1822,1798,18,26,2,-3,20,23,20,0,-12
562,Aug 14 2013,Friendly in Moldova,Moldova,Andorra,1394,988,1,1,-9,9,1385,997,113,188,-2,1,111,189,20,100,506
563,Aug 14 2013,Friendly in Morocco,Morocco,Burkina Faso,1529,1556,1,2,-12,12,1517,1568,90,64,-6,2,84,66,20,100,73
564,Aug 14 2013,World Cup qualifier in Northern Ireland,Northern Ireland,Russia,1418,1879,1,0,36,-36,1454,1843,90,24,8,-7,98,17,40,100,-361
565,Aug 14 2013,Friendly in Poland,Poland,Denmark,1651,1721,3,2,9,-9,1660,1712,45,34,2,-1,47,33,20,100,30
566,Aug 14 2013,Friendly in Portugal,Portugal,Netherlands,1910,2009,1,1,0,0,1910,2009,9,6,0,-1,9,5,20,100,1
567,Aug 14 2013,Friendly in Romania,Romania,Slovakia,1759,1578,1,1,-7,7,1752,1585,28,62,0,1,28,63,20,100,281
568,Aug 14 2013,Friendly in Rwanda,Rwanda,Malawi,1355,1335,0,1,-13,13,1342,1348,135,122,-7,3,128,125,20,100,120
569,Aug 14 2013,Friendly in France,Senegal,Zambia,1547,1551,1,1,0,0,1547,1551,75,71,-1,0,74,71,20,0,-4
570,Aug 14 2013,Asian Cup qualifier in Singapore,Singapore,Oman,1283,1547,0,2,-17,17,1266,1564,145,63,-3,5,142,68,40,100,-164
571,Aug 14 2013,Friendly tournament in South Africa,South Africa,Nigeria,1569,1690,0,2,-21,21,1548,1711,80,26,-7,8,73,34,30,100,-21
572,Aug 14 2013,Friendly in South Korea,South Korea,Peru,1680,1764,0,0,0,0,1680,1764,43,25,0,1,43,26,20,100,16
573,Aug 14 2013,Friendly in Sweden,Sweden,Norway,1851,1712,4,2,6,-6,1857,1706,13,41,2,-4,15,37,20,100,239
574,Aug 14 2013,Friendly in Switzerland,Switzerland,Brazil,1822,2125,1,0,15,-15,1837,2110,17,3,1,-1,18,2,20,100,-203
575,Aug 14 2013,Friendly in Tajikistan,Tajikistan,India,1235,1126,3,0,8,-8,1243,1118,146,175,0,0,146,175,20,100,209
576,Aug 14 2013,Friendly in Tunisia,Tunisia,Congo,1572,1401,3,0,6,-6,1578,1395,63,110,1,-1,64,109,20,100,271
577,Aug 14 2013,Friendly in Turkey,Turkey,Ghana,1657,1703,2,2,-2,2,1655,1705,50,39,-1,-1,49,38,20,100,54
578,Aug 14 2013,Friendly in Ukraine,Ukraine,Israel,1803,1671,2,0,6,-6,1809,1665,21,47,1,-1,22,46,20,100,232
579,Aug 14 2013,Friendly in Venezuela,Venezuela,Bolivia,1712,1624,2,2,-5,5,1707,1629,39,52,-3,1,36,53,20,100,188
580,Aug 14 2013,Friendly in Wales,Wales,Ireland,1607,1751,0,0,1,-1,1608,1750,54,29,2,0,56,29,20,100,-44
581,Aug 15 2013,Asian Cup qualifier in Iran,Jordan,Syria,1566,1515,1,1,-3,3,1563,1518,69,83,-1,1,68,84,40,0,51
582,Aug 17 2013,Friendly in South Africa,South Africa,Burkina Faso,1548,1568,2,0,12,-12,1560,1556,63,72,5,-3,68,69,20,100,80
583,Aug 20 2013,Friendly in Afghanistan,Afghanistan,Pakistan,944,927,3,0,12,-12,956,915,195,199,0,0,195,199,20,100,117
584,Aug 27 2013,Friendly in Tunisia,Libya,Mali,1547,1591,1,0,11,-11,1558,1580,64,66,5,-3,69,63,20,0,-44
585,Aug 30 2013,Friendly in Tunisia,Libya,Ghana,1558,1705,1,0,14,-14,1572,1691,63,42,3,-2,66,40,20,0,-147
586,Aug 31 2013,Friendly in Botswana,Botswana,Uganda,1297,1521,1,3,-10,10,1287,1531,136,73,0,5,136,78,20,100,-124
587,Aug 31 2013,South Asian Championship in Nepal,Nepal,Bangladesh,878,983,2,0,30,-30,908,953,198,199,2,-4,200,195,40,100,-5
588,Sep 1 2013,South Asian Championship in Nepal,India,Pakistan,1118,915,1,0,9,-9,1127,906,175,201,0,-1,175,200,40,0,203
589,Sep 2 2013,South Asian Championship in Nepal,Afghanistan,Bhutan,956,542,3,0,6,-6,962,536,194,233,0,0,194,233,40,0,414
590,Sep 2 2013,South Asian Championship in Nepal,Maldives,Sri Lanka,1117,853,10,0,19,-19,1136,834,171,207,3,0,174,207,40,0,264
591,Sep 3 2013,South Asian Championship in Nepal,Bangladesh,India,953,1127,1,1,9,-9,962,1118,193,176,1,0,194,176,40,0,-174
592,Sep 3 2013,Friendly in Botswana,Botswana,Malawi,1287,1348,1,0,9,-9,1296,1339,136,131,0,-3,136,128,20,100,39
593,Sep 3 2013,South Asian Championship in Nepal,Nepal,Pakistan,908,906,1,1,-6,6,902,912,201,198,-1,1,200,199,40,100,102
594,Sep 4 2013,South Asian Championship in Nepal,Afghanistan,Sri Lanka,962,834,3,1,19,-19,981,815,188,209,3,-1,191,208,40,0,128
595,Sep 4 2013,Friendly in Equatorial Guinea,Equatorial Guinea,Libya,1311,1572,1,1,4,-4,1315,1568,131,66,0,0,131,66,20,100,-161
596,Sep 4 2013,South Asian Championship in Nepal,Maldives,Bhutan,1136,536,8,2,3,-3,1139,533,174,233,0,0,174,233,40,0,600
597,Sep 5 2013,South Asian Championship in Nepal,Nepal,India,902,1118,2,1,26,-26,928,1092,198,180,1,-2,199,178,40,100,-116
598,Sep 5 2013,South Asian Championship in Nepal,Pakistan,Bangladesh,912,962,2,1,23,-23,935,939,195,195,2,0,197,195,40,0,-50
599,Sep 5 2013,Friendly in Qatar,Qatar,Mauritius,1452,1058,3,0,2,-2,1454,1056,97,183,1,0,98,183,20,100,494
600,Sep 5 2013,Friendly tournament in Saudi Arabia,Saudi Arabia,New Zealand,1514,1590,0,1,-16,16,1498,1606,90,54,-2,3,88,57,30,100,24
601,Sep 5 2013,Friendly tournament in Saudi Arabia,Trinidad and Tobago,United Arab Emirates,1441,1612,3,3,7,-7,1448,1605,99,61,1,-3,100,58,30,0,-171
602,Sep 6 2013,South Asian Championship in Nepal,Afghanistan,Maldives,981,1139,0,0,9,-9,990,1130,191,176,0,-1,191,175,40,0,-158
603,Sep 6 2013,Friendly in Belarus,Belarus,Kyrgyzstan,1602,1156,3,1,1,-1,1603,1155,61,167,-1,0,60,167,20,100,546
604,Sep 6 2013,World Cup qualifier in Bosnia and Herzegovina,Bosnia and Herzegovina,Slovakia,1796,1585,0,1,-34,34,1762,1619,26,46,-1,8,25,54,40,100,311
605,Sep 6 2013,World Cup qualifier in Chile,Chile,Venezuela,1859,1707,3,0,13,-13,1872,1694,10,42,2,-3,12,39,40,100,252
606,Sep 6 2013,Friendly in China,China,Singapore,1608,1266,6,1,3,-3,1611,1263,55,142,0,0,55,142,20,100,442
607,Sep 6 2013,World Cup qualifier in Colombia,Colombia,Ecuador,1916,1847,1,0,11,-11,1927,1836,6,20,1,-2,7,18,40,100,169
608,Sep 6 2013,World Cup qualifier in Costa Rica,Costa Rica,United States,1715,1872,3,1,35,-35,1750,1837,22,24,5,-7,27,17,40,100,-57
609,Sep 6 2013,World Cup qualifier in Czechia,Czechia,Armenia,1770,1523,1,2,-35,35,1735,1558,33,59,-4,12,29,71,40,100,347
610,Sep 6 2013,World Cup qualifier in England,England,Moldova,1953,1385,4,0,2,-2,1955,1383,6,115,0,-2,6,113,30,0,568
611,Sep 6 2013,World Cup qualifier in Estonia,Estonia,Netherlands,1472,2009,2,2,17,-17,1489,1992,89,5,1,0,90,5,40,100,-437
612,Sep 6 2013,World Cup qualifier in Finland,Finland,Spain,1673,2120,0,2,-7,7,1666,2127,47,1,-1,0,46,1,40,100,-347
613,Sep 6 2013,World Cup qualifier in Georgia,Georgia,France,1502,1860,0,0,13,-13,1515,1847,83,17,2,-2,85,15,40,100,-258
614,Sep 6 2013,World Cup qualifier in Germany,Germany,Austria,2045,1629,3,0,3,-3,2048,1626,3,51,0,1,3,52,20,0,416
615,Sep 6 2013,World Cup qualifier in Ghana,Ghana,Zambia,1691,1551,2,1,8,-8,1699,1543,34,81,3,-4,37,77,40,100,240
616,Sep 6 2013,World Cup qualifier in Ireland,Ireland,Sweden,1750,1857,1,2,-20,20,1730,1877,31,7,-1,4,30,11,40,100,-7
617,Sep 6 2013,World Cup qualifier in Italy,Italy,Bulgaria,1921,1687,1,0,5,-5,1926,1682,9,42,-1,0,8,42,40,100,334
618,Sep 6 2013,Friendly in Japan,Japan,Guatemala,1753,1482,3,0,4,-4,1757,1478,25,95,1,-3,26,92,20,100,371
619,Sep 6 2013,World Cup qualifier in Jordan,Jordan,Uzbekistan,1563,1635,1,1,-2,2,1561,1637,68,50,0,1,68,51,40,100,28
620,Sep 6 2013,World Cup qualifier in Kazakhstan,Kazakhstan,Faroe Islands,1362,1201,2,1,7,-7,1369,1194,115,162,2,-3,117,159,40,100,261
621,Sep 6 2013,Friendly in Kuwait,Kuwait,North Korea,1549,1590,2,1,8,-8,1557,1582,70,63,2,-1,72,62,20,100,59
622,Sep 6 2013,World Cup qualifier in Latvia,Latvia,Lithuania,1471,1446,2,1,13,-13,1484,1433,90,101,1,0,91,101,40,100,125
623,Sep 6 2013,Friendly in Lebanon,Lebanon,Syria,1350,1518,2,0,18,-18,1368,1500,112,90,6,-3,118,87,20,100,-68
624,Sep 6 2013,World Cup qualifier in Liechtenstein,Liechtenstein,Greece,1202,1815,0,1,-2,2,1200,1817,157,19,-1,1,156,20,40,100,-513
625,Sep 6 2013,World Cup qualifier in Macedonia,Macedonia,Wales,1542,1608,2,1,18,-18,1560,1590,62,67,7,-6,69,61,30,0,-66
626,Sep 6 2013,World Cup qualifier in Malta,Malta,Denmark,1266,1712,1,2,-5,5,1261,1717,144,35,-1,-1,143,34,40,100,-346
627,Sep 6 2013,World Cup qualifier in Mexico,Mexico,Honduras,1822,1638,1,2,-33,33,1789,1671,26,39,-3,6,23,45,40,100,284
628,Sep 6 2013,Friendly in Myanmar,Myanmar,Hong Kong,1003,1189,0,0,2,-2,1005,1187,188,161,0,0,188,161,20,100,-86
629,Sep 6 2013,World Cup qualifier in Norway,Norway,Cyprus,1706,1428,2,0,6,-6,1712,1422,33,107,2,-2,35,105,40,100,378
630,Sep 6 2013,World Cup qualifier in Northern Ireland,Northern Ireland,Portugal,1454,1910,2,4,-7,7,1447,1917,102,9,-2,0,100,9,40,100,-356
631,Sep 6 2013,World Cup qualifier in Panama,Panama,Jamaica,1742,1527,0,0,-14,14,1728,1541,34,76,-2,2,32,78,40,100,315
632,Sep 6 2013,World Cup qualifier in Paraguay,Paraguay,Bolivia,1710,1629,4,0,20,-20,1730,1609,25,61,5,-4,30,57,40,100,181
633,Sep 6 2013,World Cup qualifier in Peru,Peru,Uruguay,1764,1872,1,2,-20,20,1744,1892,30,10,-2,0,28,10,40,100,-8
634,Sep 6 2013,World Cup qualifier in Poland,Poland,Montenegro,1660,1659,1,1,-6,6,1654,1665,53,46,-3,1,50,47,40,100,101
635,Sep 6 2013,World Cup qualifier in Romania,Romania,Hungary,1752,1696,3,0,20,-20,1772,1676,20,49,4,-5,24,44,40,100,156
636,Sep 6 2013,World Cup qualifier in Russia,Russia,Luxembourg,1843,1190,4,1,1,-1,1844,1189,15,160,1,0,16,160,20,0,653
637,Sep 6 2013,World Cup qualifier in Scotland,Scotland,Belgium,1648,1836,0,2,-23,23,1625,1859,56,9,-3,5,53,14,40,100,-88
638,Sep 6 2013,World Cup qualifier in Serbia,Serbia,Croatia,1689,1868,1,1,4,-4,1693,1864,39,14,1,-1,40,13,40,100,-79
639,Sep 6 2013,World Cup qualifier in Slovenia,Slovenia,Albania,1599,1556,1,0,12,-12,1611,1544,50,82,5,-6,55,76,40,100,143
640,Sep 6 2013,Friendly in South Korea,South Korea,Haiti,1680,1435,4,1,4,-4,1684,1431,39,102,2,0,41,102,20,100,345
641,Sep 6 2013,South Asian Championship in Nepal,Sri Lanka,Bhutan,815,533,5,2,12,-12,827,521,206,233,1,0,207,233,40,0,282
642,Sep 6 2013,World Cup qualifier in Switzerland,Switzerland,Iceland,1837,1482,4,4,-17,17,1820,1499,20,87,-1,1,19,88,40,100,455
643,Sep 6 2013,World Cup qualifier in Turkey,Turkey,Andorra,1655,997,5,0,1,-1,1656,996,49,189,0,0,49,189,20,0,658
644,Sep 6 2013,World Cup qualifier in Ukraine,Ukraine,San Marino,1809,882,9,0,0,0,1809,882,20,202,1,0,21,202,20,0,927
645,Sep 7 2013,World Cup qualifier in Angola,Angola,Liberia,1427,1334,4,1,17,-17,1444,1317,99,131,2,-1,101,130,40,100,193
646,Sep 7 2013,Friendly in Brazil,Brazil,Australia,2110,1723,6,0,2,-2,2112,1721,2,33,0,0,2,33,20,100,487
647,Sep 7 2013,World Cup qualifier in Burkina Faso,Burkina Faso,Gabon,1556,1514,1,0,12,-12,1568,1502,57,88,8,-1,65,87,40,100,142
648,Sep 7 2013,World Cup qualifier in Congo,Ethiopia,Central African Republic,1385,1284,2,1,14,-14,1399,1270,107,142,2,-2,109,140,40,0,101
649,Sep 7 2013,World Cup qualifier in The Gambia,Gambia,Tanzania,1306,1387,2,0,28,-28,1334,1359,124,134,5,-12,129,122,30,0,-81
650,Sep 7 2013,World Cup qualifier in Israel,Israel,Azerbaijan,1665,1400,1,1,-16,16,1649,1416,53,106,-3,1,50,107,40,100,365
651,Sep 7 2013,World Cup qualifier in Ivory Coast,Ivory Coast,Morocco,1798,1517,1,1,-16,16,1782,1533,24,74,-1,5,23,79,40,100,381
652,Sep 7 2013,World Cup qualifier in Niger,Niger,Congo,1284,1395,2,2,1,-1,1285,1394,138,111,0,-1,138,110,40,100,-11
653,Sep 7 2013,World Cup qualifier in Nigeria,Nigeria,Malawi,1711,1339,2,0,4,-4,1715,1335,34,128,1,0,35,128,40,100,472
654,Sep 7 2013,World Cup qualifier in Morocco,Senegal,Uganda,1547,1531,1,0,19,-19,1566,1512,61,90,7,-5,68,85,40,0,16
655,Sep 7 2013,World Cup qualifier in Sierra Leone,Sierra Leone,Equatorial Guinea,1352,1315,3,2,12,-12,1364,1303,112,139,6,-4,118,135,40,100,137
656,Sep 7 2013,World Cup qualifier in South Africa,South Africa,Botswana,1560,1296,4,1,8,-8,1568,1288,61,136,4,0,65,136,40,100,364
657,Sep 7 2013,World Cup qualifier in Tunisia,Tunisia,Cape Verde,1578,1463,0,2,-47,47,1531,1510,96,78,-16,8,80,86,40,100,215
658,Sep 8 2013,World Cup qualifier in Benin,Benin,Rwanda,1375,1342,2,0,19,-19,1394,1323,106,129,4,-1,110,128,40,100,133
659,Sep 8 2013,World Cup qualifier in Cameroon,Cameroon,Libya,1554,1568,1,0,15,-15,1569,1553,56,83,9,-9,65,74,40,100,86
660,Sep 8 2013,Friendly in Spain,Canada,Mauritania,1529,1151,0,0,-8,8,1521,1159,85,165,-2,2,83,167,20,0,378
661,Sep 8 2013,World Cup qualifier in Kenya,Kenya,Namibia,1372,1304,1,0,11,-11,1383,1293,111,136,2,-1,113,135,40,100,168
662,Sep 8 2013,South Asian Championship in Nepal,Nepal,Afghanistan,928,990,0,1,-22,22,906,1012,201,185,-1,3,200,188,40,100,38
663,Sep 8 2013,World Cup qualifier in Sudan,Sudan,Lesotho,1360,1187,1,3,-50,50,1310,1237,141,133,-10,14,131,147,40,100,273
664,Sep 8 2013,World Cup qualifier in Togo,Togo,DR Congo,1463,1464,2,1,14,-14,1477,1450,93,102,1,-4,94,98,40,100,99
665,Sep 8 2013,World Cup qualifier in Zimbabwe,Zimbabwe,Mozambique,1345,1363,1,1,-5,5,1340,1368,124,115,1,2,125,117,40,100,82
666,Sep 9 2013,South Asian Championship in Nepal,India,Maldives,1092,1130,1,0,22,-22,1114,1108,174,179,2,-2,176,177,40,0,-38
667,Sep 9 2013,Friendly in Kuwait,Kuwait,Bahrain,1557,1462,2,1,5,-5,1562,1457,67,97,3,-1,70,96,20,100,195
668,Sep 9 2013,Friendly in Qatar,Qatar,Lebanon,1454,1368,1,1,-5,5,1449,1373,101,115,-2,1,99,116,20,100,186
669,Sep 9 2013,Friendly tournament in Saudi Arabia,Saudi Arabia,Trinidad and Tobago,1498,1448,1,3,-32,32,1466,1480,100,85,-5,7,95,92,30,100,150
670,Sep 9 2013,Friendly tournament in Saudi Arabia,United Arab Emirates,New Zealand,1605,1606,2,0,23,-23,1628,1583,45,64,7,-3,52,61,30,0,-1
671,Sep 10 2013,World Cup qualifier in Algeria,Algeria,Mali,1575,1580,1,0,15,-15,1590,1565,54,69,5,-3,59,66,30,0,-5
672,Sep 10 2013,World Cup qualifier in Andorra,Andorra,Netherlands,996,1992,0,2,0,0,996,1992,190,5,0,0,190,5,20,0,-996
673,Sep 10 2013,World Cup qualifier in Armenia,Armenia,Denmark,1558,1717,0,1,-17,17,1541,1734,77,20,-2,7,75,27,40,100,-59
674,Sep 10 2013,World Cup qualifier in Austria,Austria,Ireland,1626,1730,1,0,20,-20,1646,1710,49,44,2,-7,51,37,40,100,-4
675,Sep 10 2013,World Cup qualifier in Belarus,Belarus,France,1603,1847,2,4,-18,18,1585,1865,61,13,-1,1,60,14,40,100,-144
676,Sep 10 2013,World Cup qualifier in Bolivia,Bolivia,Ecuador,1609,1836,1,1,7,-7,1616,1829,54,20,2,-1,56,19,40,100,-127
677,Sep 10 2013,Friendly in the United States,Brazil,Portugal,2112,1917,3,1,7,-7,2119,1910,2,9,0,0,2,9,20,0,195
678,Sep 10 2013,Friendly in Switzerland,Chile,Spain,1872,2127,2,2,6,-6,1878,2121,12,1,0,0,12,1,20,0,-255
679,Sep 10 2013,Friendly in China,China,Malaysia,1611,1178,2,0,1,-1,1612,1177,58,163,-1,0,57,163,20,100,533
680,Sep 10 2013,World Cup qualifier in Cyprus,Cyprus,Slovenia,1422,1611,0,2,-22,22,1400,1633,111,50,-3,3,108,53,40,100,-89
681,Sep 10 2013,World Cup qualifier in Egypt,Egypt,Guinea,1680,1526,4,2,11,-11,1691,1515,37,85,3,-2,40,83,40,100,254
682,Sep 10 2013,World Cup qualifier in the Faroe Islands,Faroe Islands,Germany,1194,2048,0,3,-1,1,1193,2049,162,3,-1,0,161,3,30,100,-754
683,Sep 10 2013,World Cup qualifier in Georgia,Georgia,Finland,1515,1666,0,1,-17,17,1498,1683,94,42,-5,2,89,44,40,100,-51
684,Sep 10 2013,World Cup qualifier in Greece,Greece,Latvia,1817,1484,1,0,3,-3,1820,1481,20,89,0,1,20,90,20,0,333
685,Sep 10 2013,World Cup qualifier in Honduras,Honduras,Panama,1671,1728,2,2,-2,2,1669,1730,49,24,-2,4,47,28,30,100,43
686,Sep 10 2013,Friendly in Hong Kong,Hong Kong,Singapore,1187,1263,1,0,9,-9,1196,1254,156,146,3,-2,159,144,20,100,24
687,Sep 10 2013,World Cup qualifier in Hungary,Hungary,Estonia,1676,1489,5,1,12,-12,1688,1477,40,96,2,-3,42,93,40,100,287
688,Sep 10 2013,World Cup qualifier in Iceland,Iceland,Albania,1499,1544,2,1,17,-17,1516,1527,75,85,7,-5,82,80,30,0,-45
689,Sep 10 2013,World Cup qualifier in Italy,Italy,Czechia,1926,1735,2,1,6,-6,1932,1729,6,29,1,0,7,29,40,100,291
690,Sep 10 2013,World Cup qualifier in Jamaica,Jamaica,Costa Rica,1541,1750,1,1,6,-6,1547,1744,69,25,4,1,73,26,40,100,-109
691,Sep 10 2013,Friendly in Japan,Japan,Ghana,1757,1699,3,1,9,-9,1766,1690,24,45,1,-4,25,41,20,100,158
692,Sep 10 2013,World Cup qualifier in Kazakhstan,Kazakhstan,Sweden,1369,1877,0,1,-3,3,1366,1880,119,11,-1,0,118,11,30,100,-408
693,Sep 10 2013,World Cup qualifier in Lithuania,Lithuania,Liechtenstein,1433,1200,2,0,8,-8,1441,1192,100,167,1,-5,101,162,40,100,333
694,Sep 10 2013,World Cup qualifier in Luxembourg,Luxembourg,Northern Ireland,1189,1447,3,2,29,-29,1218,1418,143,110,9,-5,152,105,40,100,-158
695,Sep 10 2013,World Cup qualifier in Macedonia,Macedonia,Scotland,1560,1625,1,2,-22,22,1538,1647,82,46,-5,4,77,50,40,100,35
696,Sep 10 2013,World Cup qualifier in Malta,Malta,Bulgaria,1261,1682,1,2,-5,5,1256,1687,143,44,0,-1,143,43,40,100,-321
697,Sep 10 2013,Friendly in Spain,Mauritania,Canada,1159,1521,1,0,18,-18,1177,1503,159,89,4,-3,163,86,20,0,-362
698,Sep 10 2013,Friendly in Nigeria,Nigeria,Burkina Faso,1715,1568,4,1,7,-7,1722,1561,31,72,2,-3,33,69,20,100,247
699,Sep 10 2013,World Cup qualifier in Norway,Norway,Switzerland,1712,1820,0,2,-29,29,1683,1849,52,17,-8,1,44,18,40,100,-8
700,Sep 10 2013,World Cup qualifier in Paraguay,Paraguay,Argentina,1730,2020,2,5,-18,18,1712,2038,40,4,-5,0,35,4,40,100,-190
701,Sep 10 2013,World Cup qualifier in Romania,Romania,Turkey,1772,1656,0,2,-47,47,1725,1703,40,28,-8,10,32,38,40,100,216
702,Sep 10 2013,World Cup qualifier in Russia,Russia,Israel,1844,1649,3,1,9,-9,1853,1640,18,54,-1,-2,17,52,40,100,295
703,Sep 10 2013,World Cup qualifier in San Marino,San Marino,Poland,882,1654,1,5,-2,2,880,1656,202,49,0,0,202,49,40,100,-672
704,Sep 10 2013,World Cup qualifier in Slovakia,Slovakia,Bosnia and Herzegovina,1619,1762,1,2,-18,18,1601,1780,61,21,-3,2,58,23,40,100,-43
705,Sep 10 2013,Friendly in South Africa,South Africa,Zimbabwe,1568,1340,1,2,-17,17,1551,1357,78,119,-6,3,72,122,20,100,328
706,Sep 10 2013,Friendly in South Korea,South Korea,Croatia,1684,1864,1,2,-8,8,1676,1872,51,13,-5,0,46,13,20,100,-80
707,Sep 10 2013,World Cup qualifier in Ukraine,Ukraine,England,1809,1955,0,0,3,-3,1812,1952,21,6,0,0,21,6,40,100,-46
708,Sep 10 2013,World Cup qualifier in Uruguay,Uruguay,Colombia,1892,1927,2,0,24,-24,1916,1903,6,13,2,-3,8,10,40,100,65
709,Sep 10 2013,World Cup qualifier in the United States,United States,Mexico,1837,1789,2,0,18,-18,1855,1771,15,26,1,-2,16,24,40,100,148
710,Sep 10 2013,World Cup qualifier in Uzbekistan,Uzbekistan,Jordan,1637,1561,1,1,-9,9,1628,1570,57,55,-3,8,54,63,40,100,176
711,Sep 10 2013,World Cup qualifier in Venezuela,Venezuela,Peru,1694,1744,3,2,17,-17,1711,1727,33,34,3,-3,36,31,30,0,-50
712,Sep 10 2013,World Cup qualifier in Wales,Wales,Serbia,1590,1693,0,3,-35,35,1555,1728,80,20,-10,10,70,30,40,100,-3
713,Sep 11 2013,South Asian Championship in Nepal,Afghanistan,India,1012,1114,2,0,39,-39,1051,1075,180,186,4,-5,184,181,40,0,-102
714,Sep 30 2013,Friendly in Botswana,Botswana,Burkina Faso,1288,1561,1,0,15,-15,1303,1546,132,77,2,-4,134,73,20,100,-173
715,Sep 30 2013,Friendly in Egypt,Egypt,Uganda,1691,1512,2,0,5,-5,1696,1507,40,86,0,-1,40,85,20,100,279
716,Oct 2 2013,Friendly in Egypt,Egypt,Uganda,1696,1507,3,0,6,-6,1702,1501,38,89,1,-2,39,87,20,100,289
717,Oct 5 2013,Friendly in China,United Arab Emirates,Laos,1628,862,2,0,0,0,1628,862,54,205,0,0,54,205,20,0,766
718,Oct 6 2013,Friendly in Lebanon,Iraq,Yemen,1540,1201,3,2,2,-2,1542,1199,74,157,1,0,75,157,20,0,339
719,Oct 8 2013,Friendly in Lebanon,Lebanon,Iraq,1373,1542,1,1,2,-2,1375,1540,116,77,0,-1,116,76,20,100,-69
720,Oct 9 2013,Friendly in Jordan,Jordan,Kuwait,1570,1562,1,1,-3,3,1567,1565,65,64,-1,2,64,66,20,100,108
721,Oct 9 2013,Friendly in Oman,Oman,Mauritania,1564,1177,0,0,-9,9,1555,1186,69,163,-1,0,68,163,20,100,487
722,Oct 9 2013,Friendly in Qatar,Qatar,Vietnam,1449,1218,1,2,-17,17,1432,1235,103,144,-2,4,101,148,20,100,331
723,Oct 9 2013,Friendly in China,United Arab Emirates,Malaysia,1628,1177,3,1,2,-2,1630,1175,54,165,0,-1,54,164,20,0,451
724,Oct 10 2013,Friendly in Singapore,Singapore,Laos,1254,862,1,0,1,-1,1255,861,144,205,0,0,144,205,20,100,492
725,Oct 10 2013,Friendly in Thailand,Thailand,Bahrain,1354,1457,1,0,10,-10,1364,1447,114,100,5,-2,119,98,20,100,-3
726,Oct 11 2013,World Cup qualifier in Albania,Albania,Switzerland,1527,1849,1,2,-9,9,1518,1858,84,14,-2,2,82,16,40,100,-222
727,Oct 11 2013,World Cup qualifier in Andorra,Andorra,Romania,996,1725,0,4,-2,2,994,1727,192,26,-1,3,191,29,40,100,-629
728,Oct 11 2013,World Cup qualifier in Argentina,Argentina,Peru,2038,1727,3,1,5,-5,2043,1722,4,33,0,-1,4,32,40,100,411
729,Oct 11 2013,World Cup qualifier in Armenia,Armenia,Bulgaria,1541,1687,2,1,23,-23,1564,1664,63,49,6,-3,69,46,40,100,-46
730,Oct 11 2013,World Cup qualifier in Azerbaijan,Azerbaijan,Northern Ireland,1416,1418,2,0,22,-22,1438,1396,96,111,5,-3,101,108,40,100,98
731,Oct 11 2013,World Cup qualifier in Bosnia and Herzegovina,Bosnia and Herzegovina,Liechtenstein,1780,1192,4,1,1,-1,1781,1191,25,160,-1,1,24,161,20,0,588
732,Oct 11 2013,World Cup qualifier in Colombia,Colombia,Chile,1903,1878,3,3,-7,7,1896,1885,8,10,1,1,9,11,40,100,125
733,Oct 11 2013,World Cup qualifier in Croatia,Croatia,Belgium,1872,1859,1,2,-26,26,1846,1885,25,7,-6,4,19,11,40,100,113
734,Oct 11 2013,World Cup qualifier in Denmark,Denmark,Italy,1734,1932,2,2,5,-5,1739,1927,27,7,0,0,27,7,20,0,-198
735,Oct 11 2013,World Cup qualifier in Ecuador,Ecuador,Uruguay,1829,1916,1,0,19,-19,1848,1897,17,8,1,0,18,8,30,0,-87
736,Oct 11 2013,World Cup qualifier in England,England,Montenegro,1952,1665,4,1,7,-7,1959,1658,6,48,0,0,6,48,40,100,387
737,Oct 11 2013,World Cup qualifier in Estonia,Estonia,Turkey,1477,1703,0,2,-20,20,1457,1723,97,24,-2,7,95,31,40,100,-126
738,Oct 11 2013,World Cup qualifier in the Faroe Islands,Faroe Islands,Kazakhstan,1193,1366,1,1,4,-4,1197,1362,155,124,3,-3,158,121,40,100,-73
739,Oct 11 2013,Friendly in France,France,Australia,1865,1721,6,0,8,-8,1873,1713,14,38,0,-2,14,36,20,100,244
740,Oct 11 2013,World Cup qualifier in Germany,Germany,Ireland,2049,1710,3,0,5,-5,2054,1705,3,37,0,0,3,37,40,100,439
741,Oct 11 2013,World Cup qualifier in Greece,Greece,Slovakia,1820,1601,1,0,5,-5,1825,1596,20,58,0,0,20,58,40,100,319
742,Oct 11 2013,World Cup qualifier in Honduras,Honduras,Costa Rica,1669,1744,1,0,19,-19,1688,1725,37,34,5,-4,42,30,40,100,25
743,Oct 11 2013,World Cup qualifier in Iceland,Iceland,Cyprus,1516,1400,2,0,13,-13,1529,1387,76,114,3,-3,79,111,40,100,216
744,Oct 11 2013,World Cup qualifier in Lithuania,Lithuania,Latvia,1441,1481,2,0,25,-25,1466,1456,86,102,7,-6,93,96,30,0,-40
745,Oct 11 2013,World Cup qualifier in Luxembourg,Luxembourg,Russia,1218,1853,0,4,-3,3,1215,1856,153,17,0,0,153,17,40,100,-535
746,Oct 11 2013,World Cup qualifier in Malta,Malta,Czechia,1256,1729,1,4,-7,7,1249,1736,145,27,-1,1,144,28,40,100,-373
747,Oct 11 2013,World Cup qualifier in Mexico,Mexico,Panama,1771,1730,2,1,12,-12,1783,1718,20,40,2,-6,22,34,40,100,141
748,Oct 11 2013,World Cup qualifier in Moldova,Moldova,San Marino,1383,880,3,0,2,-2,1385,878,111,202,1,0,112,202,20,0,503
749,Oct 11 2013,Friendly in Morocco,Morocco,South Africa,1533,1551,1,1,-2,2,1531,1553,76,71,1,0,77,71,20,100,82
750,Oct 11 2013,World Cup qualifier in the Netherlands,Netherlands,Hungary,1992,1688,8,1,8,-8,2000,1680,5,46,0,-2,5,44,40,100,404
751,Oct 11 2013,Friendly tournament in the Philippines,Philippines,Taiwan,1217,826,1,2,-28,28,1189,854,170,206,-8,1,162,207,30,100,491
752,Oct 11 2013,World Cup qualifier in Portugal,Portugal,Israel,1910,1640,1,1,-16,16,1894,1656,11,46,-1,3,10,49,40,100,370
753,Oct 11 2013,Friendly in Serbia,Serbia,Japan,1728,1766,2,0,12,-12,1740,1754,22,25,4,0,26,25,20,100,62
754,Oct 11 2013,World Cup qualifier in Slovenia,Slovenia,Norway,1633,1683,3,0,30,-30,1663,1653,41,56,6,-6,47,50,30,0,-50
755,Oct 11 2013,World Cup qualifier in Spain,Spain,Belarus,2121,1585,2,1,1,-1,2122,1584,1,60,0,0,1,60,20,0,536
756,Oct 11 2013,World Cup qualifier in Sweden,Sweden,Austria,1880,1646,2,1,5,-5,1885,1641,11,55,0,-2,11,53,40,100,334
757,Oct 11 2013,World Cup qualifier in Ukraine,Ukraine,Poland,1812,1656,1,0,7,-7,1819,1649,21,53,0,-2,21,51,40,100,256
758,Oct 11 2013,World Cup qualifier in the United States,United States,Jamaica,1855,1547,2,0,5,-5,1860,1542,14,78,1,-3,15,75,40,100,408
759,Oct 11 2013,World Cup qualifier in Venezuela,Venezuela,Paraguay,1711,1712,1,1,-6,6,1705,1718,38,33,-1,1,37,34,40,100,99
760,Oct 11 2013,World Cup qualifier in Wales,Wales,Macedonia,1555,1538,1,0,14,-14,1569,1524,58,83,5,-3,63,80,30,0,17
761,Oct 12 2013,World Cup qualifier in Burkina Faso,Burkina Faso,Algeria,1546,1590,3,2,17,-17,1563,1573,65,65,4,-3,69,62,30,0,-44
762,Oct 12 2013,World Cup qualifier in Ivory Coast,Ivory Coast,Senegal,1782,1566,3,1,8,-8,1790,1558,21,74,1,-4,22,70,40,100,316
763,Oct 12 2013,Friendly in South Korea,South Korea,Brazil,1676,2119,0,2,-4,4,1672,2123,45,0,0,1,45,1,20,100,-343
764,Oct 13 2013,World Cup qualifier in Ethiopia,Ethiopia,Nigeria,1399,1722,1,2,-9,9,1390,1731,113,26,-3,3,110,29,40,100,-223
765,Oct 13 2013,Friendly tournament in the Philippines,Pakistan,Taiwan,935,854,1,0,12,-12,947,842,193,207,2,0,195,207,30,0,81
766,Oct 13 2013,Asian Cup qualifier in Qatar,Qatar,Yemen,1432,1199,6,0,11,-11,1443,1188,100,168,1,-6,101,162,40,100,333
767,Oct 13 2013,World Cup qualifier in Tunisia,Tunisia,Cameroon,1531,1569,0,0,-4,4,1527,1573,81,61,-2,1,79,62,40,100,62
768,Oct 15 2013,Friendly in England,Australia,Canada,1713,1503,3,0,8,-8,1721,1495,28,93,4,-4,32,89,20,0,210
769,Oct 15 2013,World Cup qualifier in Azerbaijan,Azerbaijan,Russia,1438,1856,1,1,14,-14,1452,1842,92,17,5,0,97,17,40,100,-318
770,Oct 15 2013,Friendly in Belarus,Belarus,Japan,1584,1754,1,0,12,-12,1596,1742,55,31,2,-3,57,28,20,100,-70
771,Oct 15 2013,World Cup qualifier in Belgium,Belgium,Wales,1885,1569,1,1,-17,17,1868,1586,17,56,-3,4,14,60,40,100,416
772,Oct 15 2013,Friendly in China,Brazil,Zambia,2123,1543,2,0,1,-1,2124,1542,1,76,0,-1,1,75,20,0,580
773,Oct 15 2013,World Cup qualifier in Bulgaria,Bulgaria,Czechia,1664,1736,0,1,-22,22,1642,1758,54,22,-4,3,50,25,40,100,28
774,Oct 15 2013,World Cup qualifier in Chile,Chile,Ecuador,1885,1848,2,1,12,-12,1897,1836,9,18,1,0,10,18,40,100,137
775,Oct 15 2013,World Cup qualifier in Costa Rica,Costa Rica,Mexico,1725,1783,2,1,18,-18,1743,1765,23,25,4,-1,27,24,40,100,42
776,Oct 15 2013,World Cup qualifier in Cyprus,Cyprus,Albania,1387,1518,0,0,2,-2,1389,1516,113,78,-1,2,112,80,40,100,-31
777,Oct 15 2013,World Cup qualifier in Denmark,Denmark,Malta,1739,1249,6,0,3,-3,1742,1246,29,146,-1,-1,28,145,40,100,590
778,Oct 15 2013,World Cup qualifier in England,England,Poland,1959,1649,2,0,5,-5,1964,1644,6,47,0,2,6,49,40,100,410
779,Oct 15 2013,World Cup qualifier in the Faroe Islands,Faroe Islands,Austria,1197,1641,0,3,-8,8,1189,1649,163,43,-3,5,160,48,40,100,-344
780,Oct 15 2013,World Cup qualifier in France,France,Finland,1873,1683,3,0,11,-11,1884,1672,10,47,2,-2,12,45,40,100,290
781,Oct 15 2013,World Cup qualifier in Ghana,Ghana,Egypt,1690,1702,6,1,30,-30,1720,1672,25,51,8,-6,33,45,40,100,88
782,Oct 15 2013,World Cup qualifier in Greece,Greece,Liechtenstein,1825,1191,2,0,1,-1,1826,1190,18,158,1,1,19,159,20,0,634
783,Oct 15 2013,Asian Cup qualifier in Hong Kong,Hong Kong,United Arab Emirates,1196,1630,0,4,-10,10,1186,1640,166,50,-4,2,162,52,40,100,-334
784,Oct 15 2013,World Cup qualifier in Hungary,Hungary,Andorra,1680,994,2,0,1,-1,1681,993,42,191,1,0,43,191,20,0,686
785,Oct 15 2013,Asian Cup qualifier in Indonesia,Indonesia,China,1226,1612,1,1,14,-14,1240,1598,144,55,3,1,147,56,40,100,-286
786,Oct 15 2013,Asian Cup qualifier in Iran,Iran,Thailand,1698,1364,2,1,3,-3,1701,1361,38,122,1,-2,39,120,20,0,334
787,Oct 15 2013,World Cup qualifier in Ireland,Ireland,Kazakhstan,1705,1362,3,1,4,-4,1709,1358,33,123,2,-1,35,122,20,0,343
788,Oct 15 2013,World Cup qualifier in Israel,Israel,Northern Ireland,1656,1396,1,1,-16,16,1640,1412,55,109,-3,-1,52,108,40,100,360
789,Oct 15 2013,World Cup qualifier in Italy,Italy,Armenia,1927,1564,2,2,-17,17,1910,1581,11,58,-2,5,9,63,40,100,463
790,Oct 15 2013,World Cup qualifier in Jamaica,Jamaica,Honduras,1542,1688,2,2,3,-3,1545,1685,73,40,1,1,74,41,40,100,-46
791,Oct 15 2013,Asian Cup qualifier in Jordan,Jordan,Oman,1567,1555,0,0,-6,6,1561,1561,69,63,-2,4,67,67,40,100,112
792,Oct 15 2013,Friendly in Kyrgyzstan,Kyrgyzstan,Tajikistan,1155,1243,1,4,-18,18,1137,1261,178,140,-5,3,173,143,20,100,12
793,Oct 15 2013,World Cup qualifier in Latvia,Latvia,Slovakia,1456,1596,2,2,2,-2,1458,1594,92,60,2,-1,94,59,30,100,-40
794,Oct 15 2013,Asian Cup qualifier in Lebanon,Lebanon,Kuwait,1375,1565,1,1,5,-5,1380,1560,114,72,1,-3,115,69,20,0,-190
795,Oct 15 2013,World Cup qualifier in Lithuania,Lithuania,Bosnia and Herzegovina,1466,1781,0,1,-9,9,1457,1790,97,20,-2,2,95,22,40,100,-215
796,Oct 15 2013,Asian Cup qualifier in Malaysia,Malaysia,Bahrain,1175,1447,1,1,9,-9,1184,1438,164,107,0,-4,164,103,40,100,-172
797,Oct 15 2013,World Cup qualifier in Montenegro,Montenegro,Moldova,1658,1385,2,5,-63,63,1595,1448,68,88,-10,12,58,100,40,100,373
798,Oct 15 2013,World Cup qualifier in Norway,Norway,Iceland,1653,1529,1,1,-11,11,1642,1540,50,74,0,2,50,76,40,100,224
799,Oct 15 2013,World Cup qualifier in Panama,Panama,United States,1718,1860,2,3,-18,18,1700,1878,46,11,-6,2,40,13,40,100,-42
800,Oct 15 2013,World Cup qualifier in Paraguay,Paraguay,Colombia,1718,1896,1,2,-16,16,1702,1912,42,7,-4,1,38,8,40,100,-78
801,Oct 15 2013,World Cup qualifier in Peru,Peru,Bolivia,1722,1616,1,1,-11,11,1711,1627,35,54,-1,1,34,55,40,100,206
802,Oct 15 2013,Friendly tournament in the Philippines,Philippines,Pakistan,1189,947,3,1,6,-6,1195,941,155,195,3,0,158,195,20,0,242
803,Oct 15 2013,World Cup qualifier in Portugal,Portugal,Luxembourg,1894,1215,3,0,1,-1,1895,1214,12,153,-1,0,11,153,20,0,679
804,Oct 15 2013,World Cup qualifier in Romania,Romania,Estonia,1727,1457,2,0,6,-6,1733,1451,30,101,0,-3,30,98,40,100,370
805,Oct 15 2013,World Cup qualifier in San Marino,San Marino,Ukraine,878,1819,0,8,-1,1,877,1820,204,19,-1,1,203,20,30,100,-841
806,Oct 15 2013,Asian Cup qualifier in Jordan,Saudi Arabia,Iraq,1466,1540,2,0,36,-36,1502,1504,77,92,8,-8,85,84,40,0,-74
807,Oct 15 2013,World Cup qualifier in Scotland,Scotland,Croatia,1647,1846,2,0,38,-38,1685,1808,30,23,11,-2,41,21,40,100,-99
808,Oct 15 2013,World Cup qualifier in Serbia,Serbia,Macedonia,1740,1524,5,1,10,-10,1750,1514,26,84,0,-2,26,82,40,100,316
809,Oct 15 2013,Asian Cup qualifier in Singapore,Singapore,Syria,1255,1500,2,1,28,-28,1283,1472,135,98,4,-5,139,93,40,100,-145
810,Oct 15 2013,Friendly in South Korea,South Korea,Mali,1672,1565,3,1,7,-7,1679,1558,43,74,1,-4,44,70,20,100,207
811,Oct 15 2013,World Cup qualifier in Spain,Spain,Georgia,2122,1498,2,0,1,-1,2123,1497,2,87,0,1,2,88,20,0,624
812,Oct 15 2013,World Cup qualifier in Sweden,Sweden,Germany,1885,2054,3,5,-24,24,1861,2078,21,3,-5,0,16,3,40,100,-69
813,Oct 15 2013,World Cup qualifier in Switzerland,Switzerland,Slovenia,1858,1663,1,0,6,-6,1864,1657,14,47,1,0,15,47,40,100,295
814,Oct 15 2013,Friendly in Trinidad and Tobago,Trinidad and Tobago,New Zealand,1480,1583,0,0,0,0,1480,1583,90,62,0,-1,90,61,20,100,-3
815,Oct 15 2013,World Cup qualifier in Turkey,Turkey,Netherlands,1723,2000,0,2,-16,16,1707,2016,40,5,-4,0,36,5,40,100,-177
816,Oct 15 2013,World Cup qualifier in Uruguay,Uruguay,Argentina,1897,2043,3,2,23,-23,1920,2020,6,4,1,0,7,4,40,100,-46
817,Oct 15 2013,Asian Cup qualifier in Uzbekistan,Uzbekistan,Vietnam,1628,1235,3,1,3,-3,1631,1232,53,150,1,-1,54,149,20,0,393
818,Oct 28 2013,Friendly in Jordan,Jordan,Nigeria,1561,1731,1,0,12,-12,1573,1719,61,35,3,-2,64,33,20,100,-70
819,Nov 1 2013,Friendly in Indonesia,Indonesia,Kyrgyzstan,1240,1137,4,0,9,-9,1249,1128,143,175,2,-1,145,174,20,100,203
820,Nov 6 2013,Friendly in Qatar,Jordan,Zambia,1573,1542,1,0,9,-9,1582,1533,60,77,2,-1,62,76,20,0,31
821,Nov 8 2013,Friendly in Kuwait,Kuwait,Malaysia,1560,1184,3,0,2,-2,1562,1182,67,164,1,0,68,164,20,100,476
822,Nov 9 2013,Friendly in Bahrain,Bahrain,Lebanon,1438,1380,1,0,6,-6,1444,1374,99,117,2,-1,101,116,20,100,158
823,Nov 9 2013,Friendly in the United Arab Emirates,United Arab Emirates,Philippines,1640,1195,4,0,2,-2,1642,1193,48,158,2,0,50,158,20,100,545
824,Nov 11 2013,Friendly in Jordan,Iraq,Syria,1504,1472,2,1,9,-9,1513,1463,82,93,1,0,83,93,20,0,32
825,Nov 13 2013,World Cup qualifier in Jordan,Jordan,Uruguay,1582,1920,0,5,-16,16,1566,1936,70,7,-4,0,66,7,40,100,-238
826,Nov 13 2013,World Cup qualifier in Mexico,Mexico,New Zealand,1765,1583,5,1,12,-12,1777,1571,24,69,0,-4,24,65,40,100,282
827,Nov 14 2013,Friendly in Belgium,Belgium,Colombia,1868,1912,0,2,-17,17,1851,1929,18,8,-2,0,16,8,20,100,56
828,Nov 14 2013,Friendly tournament in Curaçao,Curaçao,Aruba,1017,964,2,0,13,-13,1030,951,184,195,2,-1,186,194,20,0,53
829,Nov 14 2013,Friendly in Egypt,Egypt,Zambia,1672,1533,2,0,6,-6,1678,1527,45,78,0,-1,45,77,20,100,239
830,Nov 14 2013,Friendly tournament in Curaçao,Suriname,Bonaire,1207,1030,2,0,12,-12,1219,1018,152,188,1,-1,153,187,30,0,177
831,Nov 15 2013,Friendly in Turkey,Albania,Belarus,1516,1596,0,0,2,-2,1518,1594,80,61,0,-2,80,59,20,0,-80
832,Nov 15 2013,Friendly in the United States,Argentina,Ecuador,2020,1836,0,0,-5,5,2015,1841,6,18,-1,0,5,18,20,0,184
833,Nov 15 2013,Asian Cup qualifier in Bahrain,Bahrain,Malaysia,1444,1182,1,0,4,-4,1448,1178,99,162,1,1,100,163,20,0,262
834,Nov 15 2013,Asian Cup qualifier in China,China,Indonesia,1598,1249,1,0,3,-3,1601,1246,58,145,-1,0,57,145,40,100,449
835,Nov 15 2013,Friendly in Czechia,Czechia,Canada,1758,1495,2,0,3,-3,1761,1492,25,91,0,-1,25,90,20,100,363
836,Nov 15 2013,Friendly in Denmark,Denmark,Norway,1742,1642,2,1,5,-5,1747,1637,26,56,1,-3,27,53,20,100,200
837,Nov 15 2013,Friendly in England,England,Chile,1964,1897,0,2,-22,22,1942,1919,6,8,0,1,6,9,20,100,167
838,Nov 15 2013,Friendly in Estonia,Estonia,Azerbaijan,1451,1452,2,1,7,-7,1458,1445,90,107,4,-5,94,102,20,100,99
839,Nov 15 2013,World Cup qualifier in Greece,Greece,Romania,1826,1733,3,1,15,-15,1841,1718,17,36,1,-3,18,33,40,100,193
840,Nov 15 2013,World Cup qualifier in Iceland,Iceland,Croatia,1540,1808,0,0,9,-9,1549,1799,69,21,3,0,72,21,40,100,-168
841,Nov 15 2013,Friendly in India,India,Philippines,1075,1193,1,1,1,-1,1076,1192,181,158,0,0,181,158,20,100,-18
842,Nov 15 2013,Friendly in Ireland,Ireland,Latvia,1709,1458,3,0,4,-4,1713,1454,35,102,0,-4,35,98,20,100,351
843,Nov 15 2013,Friendly in Italy,Italy,Germany,1910,2078,1,1,2,-2,1912,2076,11,3,-1,0,10,3,20,100,-68
844,Nov 15 2013,Friendly in Jamaica,Jamaica,Trinidad and Tobago,1545,1480,0,1,-14,14,1531,1494,76,88,-1,1,75,89,20,100,165
845,Nov 15 2013,Asian Cup qualifier in Kuwait,Kuwait,Lebanon,1562,1374,0,0,-14,14,1548,1388,78,110,-5,3,73,113,40,100,288
846,Nov 15 2013,Friendly in Tunisia,Libya,Niger,1553,1285,1,1,-6,6,1547,1291,76,136,-2,1,74,137,20,0,268
847,Nov 15 2013,Friendly in Poland,Poland,Slovakia,1644,1594,0,2,-21,21,1623,1615,61,53,-6,3,55,56,20,100,150
848,Nov 15 2013,World Cup qualifier in Portugal,Portugal,Sweden,1895,1861,1,0,13,-13,1908,1848,11,17,0,-1,11,16,40,100,134
849,Nov 15 2013,Asian Cup qualifier in the United Arab Emirates,Qatar,Yemen,1443,1188,4,1,13,-13,1456,1175,89,167,7,-3,96,164,40,0,255
850,Nov 15 2013,Friendly in the United Arab Emirates,Russia,Serbia,1842,1750,1,1,-3,3,1839,1753,23,26,-3,0,20,26,20,0,92
851,Nov 15 2013,Asian Cup qualifier in Saudi Arabia,Saudi Arabia,Iraq,1502,1513,2,1,15,-15,1517,1498,77,91,4,-4,81,87,30,0,-11
852,Nov 15 2013,Friendly in Scotland,Scotland,United States,1685,1878,0,0,3,-3,1688,1875,43,11,-1,1,42,12,20,100,-93
853,Nov 15 2013,Friendly in South Korea,South Korea,Switzerland,1679,1864,2,1,12,-12,1691,1852,38,14,3,0,41,14,20,100,-85
854,Nov 15 2013,Friendly in Swaziland,Swaziland,South Africa,1084,1553,0,3,-4,4,1080,1557,181,70,-1,1,180,71,20,100,-369
855,Nov 15 2013,Asian Cup qualifier in Iran,Syria,Singapore,1463,1283,4,0,20,-20,1483,1263,89,145,2,-3,91,142,40,0,180
856,Nov 15 2013,Asian Cup qualifier in Thailand,Thailand,Iran,1361,1701,0,3,-14,14,1347,1715,128,29,-4,5,124,34,40,100,-240
857,Nov 15 2013,Friendly in Turkey,Turkey,Northern Ireland,1707,1412,1,0,2,-2,1709,1410,38,108,-1,0,37,108,20,100,395
858,Nov 15 2013,Asian Cup qualifier in the United Arab Emirates,United Arab Emirates,Hong Kong,1642,1186,4,0,3,-3,1645,1183,48,162,1,0,49,162,20,0,456
859,Nov 15 2013,World Cup qualifier in Ukraine,Ukraine,France,1820,1884,2,0,27,-27,1847,1857,14,14,3,-1,17,13,30,0,-64
860,Nov 15 2013,Asian Cup qualifier in Vietnam,Vietnam,Uzbekistan,1232,1631,0,3,-11,11,1221,1642,155,46,-3,4,152,50,40,100,-299
861,Nov 16 2013,Friendly tournament in Curaçao,Bonaire,Aruba,1018,951,2,1,12,-12,1030,939,185,196,1,-1,186,195,30,0,67
862,Nov 16 2013,Friendly in the United States,Brazil,Honduras,2124,1685,5,0,3,-3,2127,1682,1,43,0,0,1,43,20,0,439
863,Nov 16 2013,Friendly tournament in Curaçao,Curaçao,Suriname,1030,1219,1,3,-17,17,1013,1236,190,145,-2,4,188,149,30,100,-89
864,Nov 16 2013,Friendly in Equatorial Guinea,Equatorial Guinea,Spain,1303,2123,1,2,0,0,1303,2123,134,2,0,0,134,2,20,0,-820
865,Nov 16 2013,World Cup qualifier in Morocco,Ivory Coast,Senegal,1790,1558,1,1,-12,12,1778,1570,24,63,-1,3,23,66,40,0,232
866,Nov 16 2013,Friendly in Belgium,Japan,Netherlands,1742,2016,2,2,7,-7,1749,2009,25,6,2,-1,27,5,20,0,-274
867,Nov 16 2013,Friendly in Laos,Laos,Guam,861,731,1,1,-6,6,855,737,207,212,-1,0,206,212,20,100,230
868,Nov 16 2013,World Cup qualifier in Nigeria,Nigeria,Ethiopia,1719,1390,2,0,5,-5,1724,1385,28,115,2,-2,30,113,40,100,429
869,Nov 16 2013,Friendly in Uganda,Uganda,Rwanda,1501,1323,0,0,-7,7,1494,1330,90,128,-2,0,88,128,20,100,278
870,Nov 16 2013,Friendly in Wales,Wales,Finland,1586,1672,1,1,0,0,1586,1672,60,46,0,0,60,46,20,100,14
871,Nov 17 2013,World Cup qualifier in Cameroon,Cameroon,Tunisia,1573,1527,4,1,21,-21,1594,1506,55,91,4,-7,59,84,40,100,146
872,Nov 17 2013,Friendly in Luxembourg,Luxembourg,Montenegro,1214,1595,1,4,-6,6,1208,1601,154,56,0,1,154,57,20,100,-281
873,Nov 18 2013,Friendly in the United States,Argentina,Bosnia and Herzegovina,2015,1790,2,0,6,-6,2021,1784,4,22,0,0,4,22,20,0,225
874,Nov 18 2013,Friendly in England,Italy,Nigeria,1912,1724,2,2,-5,5,1907,1729,12,30,-1,0,11,30,20,0,188
875,Nov 18 2013,Friendly in Tunisia,Libya,Benin,1547,1394,1,0,6,-6,1553,1388,70,113,2,-2,72,111,20,0,153
876,Nov 18 2013,Friendly in Moldova,Moldova,Lithuania,1448,1457,1,1,-3,3,1445,1460,102,93,-1,1,101,94,20,100,91
877,Nov 19 2013,World Cup qualifier in Algeria,Algeria,Burkina Faso,1573,1563,1,0,14,-14,1587,1549,58,78,3,-5,61,73,40,100,110
878,Nov 19 2013,Friendly in Australia,Australia,Costa Rica,1721,1743,1,0,8,-8,1729,1735,31,29,0,0,31,29,20,100,78
879,Nov 19 2013,Friendly in Austria,Austria,United States,1649,1875,1,0,13,-13,1662,1862,46,14,1,-1,47,13,20,100,-126
880,Nov 19 2013,Asian Cup qualifier in Bahrain,Bahrain,Yemen,1448,1175,2,0,6,-6,1454,1169,96,166,2,-1,98,165,40,100,373
881,Nov 19 2013,Friendly in Belgium,Belgium,Japan,1851,1749,2,3,-15,15,1836,1764,21,23,-3,2,18,25,20,100,202
882,Nov 19 2013,Friendly in Canada,Brazil,Chile,2127,1919,2,1,5,-5,2132,1914,1,11,0,-1,1,10,20,0,208
883,Nov 19 2013,Asian Cup qualifier in China,China,Saudi Arabia,1601,1517,0,0,-10,10,1591,1527,61,72,-2,4,59,76,40,100,184
884,Nov 19 2013,World Cup qualifier in Croatia,Croatia,Iceland,1799,1549,2,0,7,-7,1806,1542,21,75,0,-1,21,74,40,100,350
885,Nov 19 2013,Friendly in the United States,Ecuador,Honduras,1841,1682,2,2,-4,4,1837,1686,16,43,1,0,17,43,20,0,159
886,Nov 19 2013,World Cup qualifier in Egypt,Egypt,Ghana,1678,1720,2,1,17,-17,1695,1703,39,44,3,-6,42,38,30,0,-42
887,Nov 19 2013,Friendly in England,England,Germany,1942,2076,0,1,-9,9,1933,2085,10,3,-2,0,8,3,20,100,-34
888,Nov 19 2013,World Cup qualifier in France,France,Ukraine,1857,1847,3,0,24,-24,1881,1823,11,23,1,-3,12,20,40,100,110
889,Nov 19 2013,Friendly in Portugal,Gibraltar,Slovakia,1143,1615,0,0,9,-9,1152,1606,165,56,3,0,168,56,20,0,-472
890,Nov 19 2013,Asian Cup qualifier in Hong Kong,Hong Kong,Uzbekistan,1183,1642,0,2,-7,7,1176,1649,162,48,0,1,162,49,40,100,-359
891,Nov 19 2013,Friendly in India,India,Nepal,1076,906,2,0,5,-5,1081,901,179,202,1,-1,180,201,20,100,270
892,Nov 19 2013,Asian Cup qualifier in Indonesia,Indonesia,Iraq,1246,1498,0,2,-18,18,1228,1516,155,76,-5,5,150,81,40,100,-152
893,Nov 19 2013,Asian Cup qualifier in Kuwait,Kuwait,Thailand,1548,1347,3,1,9,-9,1557,1338,68,126,3,-1,71,125,40,100,301
894,Nov 19 2013,Friendly in Kyrgyzstan,Kyrgyzstan,Azerbaijan,1128,1445,0,0,6,-6,1134,1439,172,105,1,-2,173,103,20,100,-217
895,Nov 19 2013,Asian Cup qualifier in Lebanon,Lebanon,Iran,1388,1715,1,4,-15,15,1373,1730,121,26,-5,4,116,30,40,100,-227
896,Nov 19 2013,Friendly in Liechtenstein,Liechtenstein,Estonia,1190,1458,0,3,-10,10,1180,1468,163,91,-2,2,161,93,20,100,-168
897,Nov 19 2013,Asian Cup qualifier in Malaysia,Malaysia,Qatar,1178,1456,0,1,-11,11,1167,1467,169,92,-3,2,166,94,40,100,-178
898,Nov 19 2013,Friendly in Malta,Malta,Faroe Islands,1246,1189,3,2,6,-6,1252,1183,145,160,0,0,145,160,20,100,157
899,Nov 19 2013,Friendly in Namibia,Namibia,Mozambique,1293,1368,0,0,-1,1,1292,1369,136,117,0,0,136,117,20,100,25
900,Nov 19 2013,Friendly in the Netherlands,Netherlands,Colombia,2009,1929,0,0,-5,5,2004,1934,5,6,0,1,5,7,20,100,180
901,Nov 19 2013,Friendly in Norway,Norway,Scotland,1637,1688,0,1,-11,11,1626,1699,55,40,-1,1,54,41,20,100,49
902,Nov 19 2013,Asian Cup qualifier in Iran,Oman,Syria,1561,1483,1,0,16,-16,1577,1467,61,97,4,-3,65,94,40,0,78
903,Nov 19 2013,Friendly in Poland,Poland,Ireland,1623,1713,0,0,0,0,1623,1713,55,33,0,1,55,34,20,100,10
904,Nov 19 2013,World Cup qualifier in Romania,Romania,Greece,1718,1841,1,1,1,-1,1719,1840,33,14,0,2,33,16,20,100,-23
905,Nov 19 2013,Friendly in the United Arab Emirates,Russia,South Korea,1839,1691,2,1,6,-6,1845,1685,10,47,5,-3,15,44,20,0,148
906,Nov 19 2013,Friendly in Slovenia,Slovenia,Canada,1657,1492,1,0,4,-4,1661,1488,49,90,-1,0,48,90,20,100,265
907,Nov 19 2013,Friendly in South Africa,South Africa,Spain,1557,2123,1,0,19,-19,1576,2104,61,2,5,0,66,2,20,0,-566
908,Nov 19 2013,World Cup qualifier in Sweden,Sweden,Portugal,1848,1908,2,3,-22,22,1826,1930,22,8,-3,1,19,9,40,100,40
909,Nov 19 2013,Friendly in Tanzania,Tanzania,Zimbabwe,1359,1357,0,0,-3,3,1356,1360,126,118,-3,2,123,120,20,100,102
910,Nov 19 2013,Friendly in Trinidad and Tobago,Trinidad and Tobago,Jamaica,1494,1531,2,0,12,-12,1506,1519,82,83,3,-4,85,79,20,100,63
911,Nov 19 2013,Friendly in Turkey,Turkey,Belarus,1709,1594,2,1,4,-4,1713,1590,31,61,3,-1,34,60,20,100,215
912,Nov 19 2013,Asian Cup qualifier in the United Arab Emirates,United Arab Emirates,Vietnam,1645,1221,5,0,4,-4,1649,1217,49,153,0,0,49,153,40,100,524
913,Nov 20 2013,World Cup qualifier in New Zealand,New Zealand,Mexico,1571,1777,2,4,-21,21,1550,1798,77,20,-5,2,72,22,40,100,-106
914,Nov 20 2013,World Cup qualifier in Uruguay,Uruguay,Jordan,1936,1566,0,0,-17,17,1919,1583,12,57,-3,6,9,63,40,100,470
915,Nov 27 2013,CECAFA Cup in Kenya,Kenya,Ethiopia,1383,1385,0,0,-5,5,1378,1390,116,108,-1,2,115,110,40,100,98
916,Nov 27 2013,Friendly in the Seychelles,Seychelles,Maldives,968,1108,3,1,17,-17,985,1091,192,178,0,-1,192,177,20,100,-40
917,Nov 27 2013,CECAFA Cup in Kenya,Zanzibar,South Sudan,1309,1082,2,1,9,-9,1318,1073,126,183,3,-2,129,181,40,0,227
918,Nov 28 2013,CECAFA Cup in Kenya,Burundi,Somalia,1316,878,2,0,4,-4,1320,874,127,204,2,-1,129,203,40,0,438
919,Nov 28 2013,CECAFA Cup in Kenya,Tanzania,Zambia,1356,1527,1,1,9,-9,1365,1518,113,82,5,-3,118,79,40,0,-171
920,Nov 29 2013,Friendly in the Seychelles,Seychelles,Maldives,985,1091,2,1,10,-10,995,1081,190,179,1,-1,191,178,20,100,-6
921,Nov 29 2013,CECAFA Cup in Kenya,Sudan,Eritrea,1310,1147,3,0,20,-20,1330,1127,124,177,4,-3,128,174,40,0,163
922,Nov 29 2013,CECAFA Cup in Kenya,Uganda,Rwanda,1494,1330,1,0,11,-11,1505,1319,85,132,2,-2,87,130,40,0,164
923,Nov 30 2013,Friendly in Dominica,Dominica,Saint Lucia,1018,1048,0,1,-12,12,1006,1060,189,181,-1,2,188,183,20,100,70
924,Nov 30 2013,CECAFA Cup in Kenya,Ethiopia,Zanzibar,1390,1318,3,1,24,-24,1414,1294,106,139,2,-4,108,135,40,0,72
925,Nov 30 2013,CECAFA Cup in Kenya,Kenya,South Sudan,1378,1073,3,1,5,-5,1383,1068,113,181,1,0,114,181,40,100,405
926,Dec 1 2013,Friendly in Dominica,Dominica,Saint Lucia,1006,1060,1,0,9,-9,1015,1051,186,185,1,-1,187,184,20,100,46
927,Dec 1 2013,CECAFA Cup in Kenya,Tanzania,Somalia,1365,874,1,0,2,-2,1367,872,118,203,0,0,118,203,30,0,491
928,Dec 1 2013,CECAFA Cup in Kenya,Zambia,Burundi,1518,1320,1,0,10,-10,1528,1310,73,133,3,-2,76,131,40,0,198
929,Dec 2 2013,CECAFA Cup in Kenya,Sudan,Rwanda,1330,1319,1,0,19,-19,1349,1300,120,139,4,-5,124,134,40,0,11
930,Dec 2 2013,CECAFA Cup in Kenya,Uganda,Eritrea,1505,1127,3,0,7,-7,1512,1120,81,174,3,0,84,174,40,0,378
931,Dec 3 2013,CECAFA Cup in Kenya,Ethiopia,South Sudan,1414,1068,2,0,7,-7,1421,1061,104,183,2,-1,106,182,40,0,346
932,Dec 3 2013,CECAFA Cup in Kenya,Kenya,Zanzibar,1383,1294,2,0,15,-15,1398,1279,106,143,4,-4,110,139,40,100,189
933,Dec 4 2013,CECAFA Cup in Kenya,Tanzania,Burundi,1367,1310,1,0,17,-17,1384,1293,110,138,4,-4,114,134,40,0,57
934,Dec 4 2013,CECAFA Cup in Kenya,Zambia,Somalia,1528,872,4,0,2,-2,1530,870,76,203,0,0,76,203,40,0,656
935,Dec 5 2013,CECAFA Cup in Kenya,Rwanda,Eritrea,1300,1120,1,0,10,-10,1310,1110,127,176,3,-1,130,175,40,0,180
936,Dec 5 2013,CECAFA Cup in Kenya,Uganda,Sudan,1512,1349,1,0,11,-11,1523,1338,74,126,5,-1,79,125,40,0,163
937,Dec 7 2013,CECAFA Cup in Kenya,Kenya,Rwanda,1398,1310,1,0,10,-10,1408,1300,110,136,0,-3,110,133,40,100,188
938,Dec 7 2013,CECAFA Cup in Kenya,Tanzania,Uganda,1384,1523,2,2,8,-8,1392,1515,110,85,2,-3,112,82,40,0,-139
939,Dec 8 2013,CECAFA Cup in Kenya,Burundi,Zambia,1293,1530,0,0,12,-12,1305,1518,128,82,3,-3,131,79,40,0,-237
940,Dec 8 2013,CECAFA Cup in Kenya,Sudan,Ethiopia,1338,1421,2,0,37,-37,1375,1384,109,122,8,-8,117,114,40,0,-83
941,Dec 10 2013,CECAFA Cup in Kenya,Kenya,Tanzania,1408,1392,1,0,14,-14,1422,1378,103,123,3,-6,106,117,30,0,16
942,Dec 10 2013,CECAFA Cup in Kenya,Sudan,Zambia,1375,1518,2,1,28,-28,1403,1490,103,99,7,-10,110,89,40,0,-143
943,Dec 12 2013,CECAFA Cup in Kenya,Kenya,Sudan,1422,1403,2,0,20,-20,1442,1383,100,122,3,-6,103,116,40,100,119
944,Dec 12 2013,CECAFA Cup in Kenya,Tanzania,Zambia,1378,1490,1,1,6,-6,1384,1484,109,91,4,-1,113,90,40,0,-112
945,Dec 21 2013,Friendly in Qatar,Qatar,Bahrain,1467,1454,1,1,-3,3,1464,1457,96,96,-1,1,95,97,20,100,113
946,Dec 25 2013,West Asian Championship in Qatar,Bahrain,Oman,1457,1577,0,0,7,-7,1464,1570,95,68,1,-1,96,67,40,0,-120
947,Dec 25 2013,West Asian Championship in Qatar,Qatar,Palestine,1464,1287,1,0,7,-7,1471,1280,91,137,2,0,93,137,40,100,277
948,Dec 26 2013,West Asian Championship in Qatar,Jordan,Lebanon,1583,1373,0,0,-11,11,1572,1384,69,108,-3,5,66,113,30,100,310
949,Dec 28 2013,West Asian Championship in Qatar,Bahrain,Iraq,1464,1516,0,0,3,-3,1467,1513,94,86,1,-3,95,83,40,0,-52
950,Dec 28 2013,West Asian Championship in Qatar,Palestine,Saudi Arabia,1280,1527,0,0,12,-12,1292,1515,133,82,2,-3,135,79,40,0,-247
951,Dec 29 2013,West Asian Championship in Qatar,Kuwait,Lebanon,1557,1384,2,0,16,-16,1573,1368,62,125,4,-6,66,119,40,0,173
952,Dec 31 2013,West Asian Championship in Qatar,Iraq,Oman,1513,1570,0,0,3,-3,1516,1567,75,70,4,-1,79,69,40,0,-57
953,Dec 31 2013,West Asian Championship in Qatar,Qatar,Saudi Arabia,1471,1515,4,1,29,-29,1500,1486,81,101,6,-11,87,90,40,100,56
